83
7
34 9 0
77 28 1
61 25 1
17 87 1
54 45 1
84 53 3
36 2 6
88 65 0
34 43 6
28 75 1
60 50 7
4 76 9
68 51 2
88 51 9
64 22 6
82 38 3
85 59 3
38 64 12
45 31 0
60 75 8
67 66 21
6 19 3
89 46 23
59 69 7
26 28 11
79 71 8
81 84 6
2 30 5
26 56 14
12 85 25
37 58 8
64 25 22
43 42 18
60 62 8
30 3 8
3 42 2
80 60 5
63 40 2
47 89 18
76 81 25
8 21 34
0 72 4
1 32 36
41 80 13
87 85 9
19 25 3
5 2 29
29 22 13
63 15 8
43 65 46
52 42 33
10 38 0
5 27 40
4 43 37
29 6 51
30 88 5
54 29 38
37 0 32
54 41 55
31 80 50
28 76 17
16 75 45
53 32 40
14 52 28
23 71 68
1 8 20
9 19 21
18 10 53
39 88 16
14 72 49
37 13 0
38 43 62
44 76 55
58 16 39
33 59 56
59 25 47
59 17 52
30 15 8
38 82 71
37 60 54
87 50 69
77 10 19
60 30 30
19 36 53
26 65 40
48 6 72
26 68 31
68 25 7
69 88 8
82 36 71
16 2 31
12 49 32
44 18 38
47 68 80
79 49 30
68 30 17
11 52 64
63 56 27
71 48 6
80 4 18
17 65 67
76 74 36
75 27 51
66 14 91
41 58 55
9 57 23
69 70 52
65 55 54
2 81 87
29 14 25
55 47 19
35 4 72
67 33 54
23 28 9
54 24 38
16 17 49
35 12 123
70 34 83
44 32 106
31 38 104
56 60 96
80 19 61
66 44 25
38 40 61
65 85 118
24 73 30
24 37 112
87 61 37
39 33 25
45 65 107
9 56 54
14 59 64
42 57 96
84 63 3
62 10 101
14 84 5
81 48 51
68 60 15
75 78 115
21 82 52
34 53 47
35 40 115
10 1 74
79 84 40
69 75 30
13 38 63
14 79 91
65 72 150
85 73 6
81 45 120
23 68 47
48 20 17
33 78 66
11 26 70
42 82 41
66 6 16
70 17 70
54 3 146
86 59 165
81 25 147
13 26 150
56 51 42
63 20 155
8 46 141
61 21 104
34 88 13
9 15 68
44 0 16
52 55 74
88 30 122
12 62 87
53 3 153
15 69 95
21 27 16
32 0 172
9 2 74
66 80 50
63 38 59
50 26 177
4 81 154
36 28 192
56 30 136
63 19 10
19 42 90
75 66 115
70 14 47
71 57 55
42 56 178
45 59 106
40 88 59
69 21 134
53 14 44
2 75 121
56 52 192
79 64 72
82 86 113
11 45 148
65 12 33
75 38 83
26 48 49
20 50 72
56 17 86
20 80 43
14 81 77
3 26 93
57 4 111
41 61 139
27 66 206
32 37 125
39 89 11
0 70 128
62 73 54
72 62 52
23 59 58
42 53 121
22 0 223
57 24 138
46 56 3
34 61 119
41 26 20
19 63 76
32 82 88
43 49 1
36 62 133
39 56 55
70 59 67
12 57 38
37 36 115
72 67 39
62 20 181
58 18 240
17 31 130
67 54 210
36 79 122
88 52 116
6 21 177
56 73 183
74 27 35
9 76 158
53 66 131
53 80 131
24 85 30
52 78 68
16 25 186
80 85 257
68 48 159
60 45 85
85 41 21
42 24 96
44 67 27
68 45 237
38 74 233
47 44 257
4 28 242
23 66 24
79 28 135
35 3 101
57 31 27
60 0 205
29 44 133
21 15 230
52 82 262
43 17 157
29 65 252
48 21 238
38 66 279
18 36 159
2 21 148
38 26 124
88 87 268
27 30 78
70 38 100
61 77 289
23 48 61
16 40 124
53 45 13
49 11 241
77 70 87
32 30 193
23 14 100
62 17 226
23 78 202
57 71 233
32 85 24
88 70 101
19 81 157
71 76 60
35 25 261
43 52 286
63 29 117
2 9 100
76 30 1
50 18 34
77 75 290
30 59 54
67 32 98
61 4 107
53 75 108
88 35 113
80 3 233
58 70 70
39 86 61
25 2 262
66 75 121
88 15 5
79 81 162
72 81 293
51 29 2
89 50 303
78 67 329
73 52 83
55 38 22
60 80 296
52 44 9
75 35 249
25 31 185
71 17 56
58 57 115
65 34 183
67 31 48
87 51 149
40 8 315
48 59 213
12 45 311
56 14 139
85 12 198
73 59 255
58 73 255
8 25 215
25 54 261
80 48 312
16 36 185
34 17 245
50 39 112
37 42 156
19 11 279
3 34 172
5 28 105
77 47 170
68 33 44
88 68 117
74 67 64
24 29 87
11 62 144
18 24 127
26 86 260
58 5 301
38 58 178
60 49 363
63 77 297
51 74 292
86 48 274
56 3 311
16 76 8
40 32 134
69 65 121
55 62 232
21 40 251
72 46 294
89 63 340
28 15 305
35 88 171
81 70 234
51 73 130
88 3 115
50 1 61
60 5 361
12 67 238
44 79 361
34 45 222
15 85 128
21 68 113
81 76 167
44 38 235
79 17 25
40 73 370
44 31 87
10 20 208
15 21 138
15 5 39
80 5 313
45 40 285
48 47 290
30 16 8
76 34 92
62 13 130
62 80 186
27 22 305
64 63 371
25 13 299
82 25 227
1 77 88
81 58 338
23 21 206
4 37 117
75 13 355
21 67 103
6 58 12
29 60 347
89 25 253
13 76 147
26 15 142
16 57 172
77 51 408
35 77 61
22 72 424
75 50 132
11 48 163
40 54 372
17 10 59
82 11 347
40 13 246
40 21 68
6 88 155
71 0 97
31 72 203
50 19 281
34 62 95
72 28 336
2 32 262
32 20 402
13 58 381
26 2 307
4 15 293
89 22 186
35 80 394
89 82 413
17 27 200
67 39 13
10 8 23
81 8 212
76 5 314
24 56 128
46 13 285
69 18 359
45 21 422
23 79 342
50 40 36
49 15 175
40 22 164
35 11 403
70 32 62
31 28 435
45 0 259
23 58 253
27 64 47
39 43 283
84 76 269
56 69 403
41 0 348
77 74 279
87 84 362
1 25 334
67 81 24
6 23 238
44 61 232
18 59 424
32 78 355
86 42 269
48 80 54
49 28 374
89 34 352
73 40 353
57 44 114
12 54 33
52 50 187
27 48 460
36 22 265
82 48 351
72 49 255
72 25 452
30 28 304
73 78 296
75 52 424
57 81 147
56 22 214
30 29 490
13 24 210
15 43 327
87 73 427
8 27 40
86 77 32
49 2 432
28 34 482
11 57 433
84 51 241
82 66 300
44 1 6
3 15 38
39 16 463
70 67 142
31 24 496
80 12 476
6 38 363
75 62 173
28 39 456
65 77 182
77 44 517
72 53 335
62 86 102
75 2 180
61 85 269
55 59 324
82 56 94
20 72 382
27 43 368
29 18 144
9 0 295
76 62 195
45 17 423
74 51 73
22 21 325
1 9 476
48 14 397
57 70 412
78 33 210
57 54 82
49 16 65
20 57 421
64 86 142
70 21 427
6 35 96
69 8 344
1 86 539
9 26 293
50 87 520
43 19 239
39 30 223
32 61 171
63 48 138
14 86 502
38 21 495
63 16 409
17 61 372
82 44 478
70 58 293
26 35 365
54 0 507
31 39 231
50 13 32
67 9 257
76 60 184
67 29 203
65 44 280
87 68 306
8 3 469
74 23 372
35 78 365
66 43 21
72 36 421
69 79 68
67 82 20
80 36 485
74 65 93
71 4 17
42 73 454
44 25 3
61 13 49
36 60 251
20 70 17
71 42 474
89 45 85
71 66 402
22 82 40
9 8 569
69 55 80
50 51 306
54 60 388
63 24 588
85 29 359
84 54 34
18 17 309
50 56 82
3 13 485
3 1 354
3 69 380
28 84 37
74 49 461
24 79 240
1 15 147
3 66 193
86 17 429
33 35 445
23 84 426
80 87 160
77 4 124
63 44 511
53 56 19
9 86 359
50 38 259
21 66 439
71 18 164
26 80 179
40 71 292
12 26 105
74 66 74
28 53 521
74 85 525
60 52 386
89 74 547
15 45 525
52 67 430
62 68 553
30 54 274
75 82 467
77 42 361
81 52 517
58 9 307
8 82 358
72 70 526
24 54 40
23 87 20
46 75 92
6 5 211
88 77 40
59 31 229
51 19 541
56 8 497
65 25 87
87 19 334
53 62 33
48 3 158
33 45 109
17 8 589
46 21 611
71 6 626
8 71 20
20 73 582
28 31 597
55 44 210
1 79 493
71 16 245
12 68 658
59 8 432
32 22 196
55 3 342
34 80 535
81 71 35
8 32 551
11 39 585
66 59 162
32 17 416
79 76 157
45 49 503
37 78 297
10 22 302
79 57 235
12 34 243
8 38 472
50 16 128
82 87 613
89 28 460
80 44 642
17 41 580
61 26 532
61 79 404
73 71 108
9 39 448
48 43 690
68 75 537
56 15 88
1 74 551
87 9 121
6 69 392
43 3 311
38 24 664
59 70 480
81 21 422
53 70 223
33 12 299
80 32 401
66 16 338
50 45 534
17 23 191
72 8 237
26 14 122
52 69 471
41 74 417
17 84 608
42 80 346
17 18 259
43 50 652
41 64 194
41 22 244
43 60 91
73 55 206
23 89 277
8 61 469
57 67 369
87 64 582
17 4 425
1 62 305
72 30 92
51 77 471
0 85 161
15 17 325
79 35 202
82 55 48
34 11 357
80 71 644
12 9 706
12 48 730
35 82 586
60 34 117
10 53 624
40 26 46
23 65 55
70 31 187
74 9 280
66 27 182
9 1 741
8 75 132
13 15 383
1 71 644
84 70 228
54 70 637
26 22 575
8 78 144
15 50 352
12 75 105
8 14 183
76 32 564
29 5 351
10 50 6
3 9 620
75 68 495
33 60 606
66 51 677
9 85 355
89 88 19
55 87 224
86 82 267
31 50 83
52 4 50
68 47 262
50 47 694
86 9 60
80 52 688
43 82 686
32 81 258
53 67 294
9 3 491
41 11 271
60 19 455
38 80 97
28 13 200
25 3 709
4 34 323
23 6 647
37 3 644
41 37 587
1 64 230
2 60 285
49 24 262
13 80 519
70 46 229
8 0 479
29 50 532
60 18 366
60 42 259
81 20 630
14 70 788
20 46 687
76 23 735
66 64 112
49 47 474
23 35 97
42 89 168
82 6 356
21 56 145
5 45 288
36 53 605
57 39 24
19 88 130
89 57 486
75 15 573
18 35 563
42 15 698
37 11 449
49 75 685
77 0 621
26 88 562
78 58 739
0 16 743
68 74 514
78 16 229
62 89 111
77 30 338
45 5 621
52 22 29
81 75 793
64 14 138
57 27 83
77 38 827
22 62 618
40 55 797
71 47 686
74 33 598
10 45 672
22 66 418
74 35 716
36 55 664
89 32 684
15 48 640
44 56 337
67 59 355
41 79 563
13 19 374
84 29 648
66 37 362
22 88 478
22 19 491
11 29 651
35 55 828
44 22 73
51 84 714
16 85 408
4 80 845
31 59 431
29 30 301
31 69 544
73 10 804
56 75 162
73 2 646
52 41 844
17 56 22
4 27 452
70 33 804
34 54 501
85 57 706
77 20 860
28 74 806
72 56 129
33 54 626
71 9 432
84 57 707
59 58 183
14 2 55
27 68 784
57 22 850
50 36 720
65 51 310
0 20 93
14 44 51
58 25 859
86 55 872
50 32 639
34 2 313
89 53 451
56 18 727
69 11 108
84 66 544
0 52 304
40 75 454
18 86 259
32 48 592
49 29 237
51 43 481
15 84 408
50 70 365
18 67 737
55 40 557
40 12 747
73 8 149
50 34 114
19 57 430
45 80 819
26 9 92
65 24 854
40 60 627
46 30 797
69 73 548
5 21 625
72 16 807
9 51 710
64 18 394
38 19 201
80 78 778
66 4 240
43 72 454
22 44 692
28 87 505
78 56 450
67 24 82
45 33 639
70 11 171
64 34 410
9 65 294
33 18 133
84 68 521
59 18 623
30 12 432
67 26 544
76 56 145
47 28 736
65 26 55
43 77 820
69 28 449
61 29 691
10 58 358
44 74 475
82 45 381
69 47 575
2 8 75
2 22 746
35 56 352
56 74 900
13 23 832
15 22 823
72 37 440
3 54 639
16 4 327
2 33 213
78 76 77
46 42 13
60 65 139
53 61 904
9 87 736
9 52 881
23 55 617
50 2 954
89 47 773
27 24 443
63 31 606
69 1 725
70 72 339
71 12 680
41 2 898
19 29 792
60 32 774
36 72 70
16 22 309
34 13 851
55 8 946
79 19 49
41 16 241
10 56 620
58 68 742
86 34 94
74 17 647
13 6 601
46 8 477
85 14 685
51 60 403
20 9 319
50 48 506
17 63 358
52 23 546
31 17 647
84 1 60
11 60 202
18 58 721
51 23 712
74 79 497
58 66 467
25 60 310
12 81 569
5 15 580
41 19 437
82 80 598
4 52 945
85 67 160
48 86 95
80 37 936
32 25 996
66 48 488
40 19 190
70 10 686
32 38 918
85 82 37
89 26 686
58 89 79
21 69 114
49 79 373
25 35 43
84 3 53
38 49 697
15 16 722
89 5 851
41 33 935
0 24 103
60 44 768
60 70 545
82 77 1007
11 67 125
42 51 113
76 80 568
20 14 857
78 13 487
21 44 245
68 5 310
26 81 626
42 78 417
23 17 465
12 87 679
49 23 1027
15 86 994
19 74 641
66 73 658
65 70 677
17 29 911
81 34 44
87 37 567
11 68 770
57 56 291
77 16 534
27 32 284
18 55 388
18 79 951
68 44 753
74 12 386
62 22 448
27 17 85
9 46 53
57 13 767
71 20 673
1 19 405
61 32 388
29 21 579
28 80 129
52 48 614
65 64 926
8 58 996
70 27 234
27 31 588
89 54 393
19 64 731
45 70 290
33 76 366
1 13 40
74 59 566
77 21 584
87 21 983
15 66 241
89 78 343
11 21 1067
46 53 84
17 40 759
58 0 90
57 72 763
27 55 859
76 10 717
20 36 634
72 39 792
30 75 921
21 32 1081
67 88 809
21 78 737
44 42 704
78 63 198
26 41 727
86 41 861
40 72 261
4 79 527
80 63 49
77 58 332
60 89 259
42 72 233
61 46 261
56 10 634
29 39 256
59 42 272
85 42 784
58 69 264
70 42 601
5 64 494
66 56 979
46 14 643
37 6 908
88 17 974
22 6 652
19 6 23
20 47 1110
45 76 984
14 20 541
75 58 562
18 49 753
52 3 723
42 84 724
51 41 371
58 72 465
61 50 610
8 36 68
19 62 105
47 71 987
52 13 963
87 58 857
28 61 604
55 82 559
58 77 917
16 46 1000
53 76 848
1 75 470
39 72 471
64 0 672
21 38 459
64 41 18
79 4 713
50 25 1128
49 57 633
38 76 390
71 39 451
52 33 958
71 8 538
75 89 392
50 81 931
64 19 490
54 17 670
86 39 175
50 42 974
14 49 933
73 45 66
79 52 734
39 40 199
78 28 718
50 0 413
81 22 1119
52 35 627
26 29 683
18 0 1070
54 43 936
71 25 1170
15 24 987
30 68 538
84 44 478
24 88 1051
39 46 454
28 30 456
35 19 831
9 73 893
3 59 680
73 13 274
56 67 652
56 36 418
55 4 950
58 39 621
16 11 187
58 76 1106
80 10 481
61 89 1133
15 10 59
89 19 222
13 27 1113
5 82 791
63 9 584
34 15 653
13 82 1176
14 65 557
73 6 1161
30 53 936
67 84 146
65 49 637
6 1 1169
34 14 434
44 4 199
40 68 676
70 1 493
22 33 388
48 89 745
20 88 610
27 46 729
28 77 668
25 55 404
27 45 893
55 56 759
3 49 799
12 64 576
39 24 16
53 59 753
80 25 457
6 25 429
4 32 779
8 53 1108
35 10 764
82 19 1142
44 26 515
37 72 929
50 29 1176
31 73 817
22 65 745
89 43 930
39 0 511
0 63 702
23 88 982
69 27 856
21 20 89
76 31 66
22 17 430
52 74 808
59 65 704
45 68 704
27 35 820
73 9 786
20 22 326
79 42 367
86 4 92
79 65 1231
85 37 971
77 73 88
20 59 500
9 53 277
87 66 911
82 30 794
26 66 398
27 82 590
55 21 352
59 50 676
55 72 145
13 57 991
11 18 893
78 6 937
46 80 613
16 69 917
73 34 1243
34 72 936
27 77 199
62 25 189
13 54 959
43 70 661
37 21 348
40 44 1068
77 15 1068
19 13 677
79 15 1219
13 52 279
88 38 138
13 35 190
60 23 520
57 47 745
42 17 634
13 4 241
49 82 1058
69 52 233
79 37 950
14 42 861
24 70 1038
61 34 178
89 24 1282
74 13 780
79 61 1257
87 70 204
71 58 750
37 87 859
54 69 933
28 27 175
24 25 865
81 56 718
8 88 610
32 34 769
18 57 270
11 61 554
21 84 827
84 49 1114
88 20 1162
52 85 1242
86 24 231
0 29 711
2 89 1140
25 36 249
32 14 1200
23 73 51
31 27 1313
48 50 995
48 74 110
54 38 1027
55 69 784
57 8 1177
74 21 778
52 62 832
31 55 146
86 26 669
4 6 505
12 21 353
6 34 801
41 18 403
74 87 883
21 37 1017
28 14 648
38 16 1159
29 20 436
17 34 515
67 1 1100
53 51 1206
5 9 522
65 52 1290
24 32 875
89 38 516
21 85 724
15 20 1316
46 3 200
60 74 1016
22 84 299
78 26 1214
62 72 1205
50 60 49
38 84 200
78 57 647
75 14 1303
13 70 734
69 35 739
12 40 995
17 43 60
12 69 982
69 23 1187
44 64 301
55 67 374
3 61 583
67 78 644
80 86 1361
5 68 717
27 42 18
22 50 1332
12 50 110
8 10 999
79 23 1043
75 29 1278
64 53 1231
43 27 835
59 84 17
21 72 596
61 80 835
61 51 239
53 16 834
55 17 265
64 26 788
35 57 160
67 87 264
37 49 926
35 28 1254
26 23 1324
50 86 1270
27 44 1095
73 57 854
79 43 1268
49 81 318
89 65 638
40 17 1375
34 89 20
37 63 1319
79 29 635
64 9 998
89 17 110
3 31 443
25 34 704
87 13 1065
63 10 249
26 89 672
1 23 539
69 60 1191
29 25 146
40 53 648
21 16 363
68 59 1380
42 43 310
53 28 287
0 89 712
59 1 194
39 74 961
84 24 479
52 77 579
19 54 1184
54 66 1070
62 77 344
40 50 1097
8 31 551
28 46 12
14 82 639
40 78 384
37 10 499
35 22 955
84 38 148
38 22 999
28 62 633
87 67 389
79 58 686
81 37 382
13 72 351
81 43 138
47 81 811
19 70 1030
36 32 1172
16 24 21
60 48 1029
58 37 754
51 13 45
14 46 1067
58 15 598
30 51 698
57 52 1146
16 19 1362
13 30 740
0 3 1142
23 52 418
9 49 79
36 30 539
47 20 349
72 9 729
87 18 77
58 36 316
23 39 755
10 71 1313
23 34 1465
32 53 435
74 88 285
77 46 1459
40 23 29
60 28 1371
22 81 1339
5 88 1041
52 84 1297
35 39 1201
55 26 761
19 65 982
44 28 1346
61 11 716
23 86 500
80 46 1098
5 80 1101
65 13 442
65 33 960
69 56 751
77 54 112
6 89 808
4 44 279
11 12 1286
19 21 937
61 71 441
51 49 456
82 14 930
12 44 1005
55 58 812
52 64 1351
78 8 1045
74 55 79
5 30 845
22 51 1439
68 53 740
84 41 760
66 68 986
29 1 442
3 27 614
53 18 67
37 35 95
70 48 729
12 73 1125
65 30 1367
30 43 605
81 44 962
48 65 724
20 13 815
62 56 586
30 73 495
19 44 280
19 77 457
76 53 935
41 54 854
84 67 234
29 88 977
28 56 1311
37 64 1324
2 79 156
73 75 41
54 16 819
6 27 407
25 67 1030
48 37 388
5 61 1257
40 61 1395
0 41 782
74 57 660
64 50 836
87 49 749
59 26 820
43 35 720
39 66 562
48 40 1019
51 27 826
12 17 429
8 16 1429
77 53 765
75 67 1360
0 27 538
58 8 917
52 47 1393
42 31 276
80 45 1495
18 28 624
2 43 1055
20 39 360
87 63 316
72 14 772
61 2 337
31 61 1407
8 56 707
45 37 1129
6 67 1250
1 81 177
46 52 1314
0 22 1006
42 49 1317
51 85 1289
16 12 573
22 67 786
49 39 1575
29 38 900
74 63 516
3 68 1467
14 76 1328
68 26 611
17 16 258
22 58 1066
14 26 1182
4 10 180
28 19 550
2 85 985
8 74 292
53 11 368
28 63 1374
88 66 1270
13 14 1562
3 23 154
6 48 530
2 37 1366
34 25 628
21 11 1475
48 12 1553
19 69 416
37 12 1225
13 46 318
24 34 1160
3 57 740
0 51 217
21 12 1572
5 43 250
44 84 987
82 62 22
37 40 364
52 24 315
26 45 279
87 86 391
48 56 256
3 33 264
53 72 154
69 57 1616
56 13 199
39 53 232
27 20 794
86 0 281
12 16 1555
52 56 1160
23 57 824
24 52 306
42 36 1137
19 53 566
43 40 1167
45 3 248
59 23 216
27 6 1405
22 56 267
52 31 17
38 86 25
4 69 138
68 13 801
44 50 732
0 4 547
27 40 1463
75 26 1149
62 76 400
36 76 688
29 48 64
86 18 1450
59 77 1539
84 71 848
80 62 100
16 48 80
46 50 1544
11 33 548
41 10 701
70 57 1633
19 16 446
42 18 86
78 3 1133
67 58 339
47 39 257
73 44 1518
38 20 904
40 57 83
3 76 190
9 43 1423
16 88 408
22 77 723
54 1 823
65 79 710
72 11 28
52 46 143
72 43 1425
73 1 609
14 58 873
18 46 1488
12 53 538
3 48 1220
69 49 411
63 22 440
82 67 669
14 57 844
59 46 1593
42 63 242
27 0 1050
71 73 513
6 4 351
40 46 1095
72 74 48
28 54 224
74 75 458
27 47 690
32 67 601
32 28 293
18 21 1186
72 18 847
27 79 1297
44 2 1446
86 64 1405
2 55 1061
21 24 821
52 60 332
55 71 879
34 50 231
70 74 775
25 21 1190
68 73 833
4 33 1643
68 80 1119
85 60 427
33 13 526
21 65 531
30 78 32
8 22 115
86 15 1064
3 0 487
46 10 1685
33 15 197
52 76 1
16 30 76
25 48 961
44 77 598
17 85 1239
54 57 1480
38 45 862
65 37 1009
65 57 1709
86 65 1136
14 0 131
43 25 232
77 65 1477
87 12 993
2 28 603
26 38 604
50 44 56
1 2 1137
9 89 567
45 57 352
12 8 118
82 20 398
58 20 1014
59 32 1391
65 29 1119
36 77 804
65 11 676
25 53 1702
9 72 755
73 48 28
5 24 1159
38 27 458
1 43 1030
20 33 1087
52 79 1088
41 15 177
11 9 305
0 10 1515
5 41 55
54 59 691
66 21 632
44 48 480
21 19 566
75 87 8
80 35 755
60 73 693
53 24 1522
81 33 10
1 5 1196
35 6 1539
66 53 812
24 17 1627
44 6 1396
61 35 385
76 71 683
4 42 75
55 65 1550
3 51 1394
43 9 1556
0 23 1606
63 28 76
47 53 1028
84 2 1375
51 88 1520
57 11 1771
33 36 282
29 71 1085
15 49 196
64 39 824
37 8 292
60 6 561
70 29 1788
5 26 511
80 69 1092
75 57 1064
76 35 428
5 59 1450
66 1 320
47 33 465
46 82 786
36 21 638
37 29 386
38 34 531
70 84 1076
65 69 321
24 30 586
75 42 1351
22 64 1579
29 9 1092
81 53 1463
1 78 1611
65 50 1600
32 24 1250
44 68 275
21 0 1359
5 65 919
63 33 1808
1 52 1118
35 59 510
23 37 1071
21 53 81
21 61 398
16 32 1013
31 46 1460
71 87 1464
35 85 1529
71 67 1338
10 5 430
65 74 1263
53 49 995
12 5 519
11 1 1266
44 57 1319
55 74 444
73 72 1214
33 19 1770
40 87 825
59 2 398
36 1 24
5 8 333
25 44 1234
12 24 1543
8 51 590
45 78 39
58 24 1342
63 78 1048
57 32 1084
25 37 1400
18 9 671
80 81 261
11 46 760
0 60 1525
69 74 496
87 4 725
20 48 431
67 10 1762
56 20 809
56 76 120
57 36 622
45 1 1678
14 47 1207
74 42 1723
34 26 1734
71 69 83
13 71 374
65 68 74
73 58 305
44 34 675
87 22 469
57 64 1106
29 53 1638
76 41 207
15 31 1160
17 45 920
16 64 619
37 86 1615
19 79 734
89 15 1552
35 41 62
77 12 708
33 62 1816
57 86 333
42 77 800
57 23 108
48 64 85
18 42 781
45 74 558
67 45 691
6 50 708
55 10 333
14 21 754
44 19 298
61 23 566
43 31 956
85 26 780
74 32 428
43 26 780
0 53 1820
5 86 1567
51 68 1692
27 25 98
8 77 921
88 84 1199
13 60 1109
79 2 1343
87 41 100
88 16 874
64 5 1403
67 43 973
19 47 793
32 36 1426
42 33 1824
13 86 476
62 53 1124
84 65 714
38 18 704
86 56 1838
75 3 1768
42 55 824
42 3 795
2 88 152
48 30 1645
88 37 1247
22 71 1679
46 19 350
31 43 122
79 12 1000
45 23 1203
46 35 8
9 6 458
44 12 70
65 48 211
48 42 944
0 78 1209
40 9 48
77 41 556
50 62 1516
52 87 1802
21 51 1553
61 59 1165
35 84 378
79 85 354
9 81 861
38 85 1887
48 4 1730
51 28 707
72 86 388
4 18 1919
32 1 1821
67 15 799
85 55 129
65 38 639
6 33 636
16 0 909
17 22 265
8 63 1768
59 71 186
18 76 1258
84 43 909
59 40 869
35 1 879
88 45 836
27 19 410
23 72 184
78 61 1829
76 42 958
38 68 24
27 4 200
53 79 513
10 3 213
59 54 1835
38 59 1579
64 74 691
84 19 1606
9 42 1231
4 62 828
26 72 408
42 50 9
28 21 537
47 23 318
66 86 635
24 3 1417
15 47 671
12 15 1794
13 17 537
5 52 1569
8 9 1368
36 88 318
76 45 1593
15 54 1079
6 80 1601
10 59 1860
65 39 847
78 80 665
18 68 1856
3 36 1060
6 78 1957
62 8 1916
87 82 880
5 29 1062
43 84 1658
68 71 1301
28 60 543
81 57 1181
51 9 1153
13 28 433
82 21 1684
15 33 1125
54 12 1745
5 69 1410
79 66 818
4 55 830
23 0 1327
63 47 1790
34 38 812
20 18 498
48 81 428
42 29 513
78 18 984
51 17 104
10 27 1096
0 32 234
53 71 1115
42 10 205
64 10 580
68 1 1500
81 40 495
11 32 128
86 58 358
80 57 258
71 62 2039
44 3 1589
15 72 1037
22 42 817
57 34 21
83 68 22
83 53 74
83 37 89
83 8 52
83 50 35
83 5 10
83 31 24
83 81 3
83 14 89
83 71 63
83 87 50
83 25 32
83 24 21
83 16 80
83 55 24
83 33 66
83 85 6
83 74 38
83 79 2
83 21 30
83 7 26
3 7 73
4 7 84
5 7 48
8 7 6
10 7 48
22 7 38
24 7 50
32 7 10
33 7 60
36 7 34
37 7 23
43 7 87
45 7 25
48 7 62
49 7 58
51 7 85
52 7 65
56 7 42
62 7 14
63 7 85
64 7 29
69 7 62
71 7 31
78 7 49
