34
83
8 97 0
56 63 0
27 43 0
65 24 3
46 94 1
8 69 0
70 11 5
32 29 4
80 65 1
6 63 4
58 6 6
47 1 3
55 10 5
17 55 14
62 14 7
58 2 3
16 35 17
37 68 13
96 42 14
43 81 3
30 45 11
5 41 8
3 66 22
63 21 1
25 78 12
92 73 6
99 1 4
71 60 26
5 8 8
19 69 13
46 60 10
9 73 1
5 37 23
85 39 28
68 77 6
15 30 6
49 36 35
81 52 14
93 76 21
97 70 6
14 67 1
69 36 23
95 25 4
17 92 27
48 26 31
78 77 26
77 4 20
96 18 28
47 70 39
67 92 35
21 11 34
91 84 34
4 59 23
15 47 28
61 50 23
28 90 0
82 73 54
53 24 19
40 74 29
44 64 20
42 54 7
1 71 38
20 45 9
21 15 54
66 19 19
61 5 42
28 93 61
37 6 67
89 32 19
47 40 36
60 69 62
29 1 42
75 28 52
93 17 46
52 81 52
58 28 19
21 12 47
7 10 34
70 69 66
43 36 41
16 60 21
38 15 22
89 26 84
15 98 32
86 11 83
80 61 47
39 59 56
80 79 7
67 96 21
81 74 90
10 88 30
52 85 14
78 7 94
77 35 85
51 91 21
43 27 45
43 89 5
6 85 54
44 89 25
89 82 43
90 50 0
37 33 0
61 67 80
98 8 8
38 23 41
79 20 6
78 69 87
76 47 101
76 21 43
75 67 65
73 50 11
46 24 88
23 86 26
74 9 73
28 11 5
94 79 16
37 47 88
60 50 119
51 73 115
88 16 114
28 97 123
79 57 68
74 38 25
76 72 47
26 91 82
3 65 81
7 59 74
31 36 38
75 54 72
31 25 40
47 10 100
77 3 119
46 37 108
13 91 26
45 92 9
63 95 43
32 53 88
63 17 44
31 71 2
84 22 114
84 79 120
52 50 35
7 88 36
67 38 102
96 54 120
42 45 85
10 82 136
30 66 45
14 2 112
79 44 133
90 52 2
44 29 124
60 71 9
64 66 155
11 9 53
27 3 84
87 99 141
49 98 130
45 22 150
59 3 164
80 47 142
1 80 141
10 23 115
16 19 160
17 69 96
39 12 51
88 70 76
3 53 110
99 96 112
56 89 84
51 58 113
23 4 128
85 5 32
90 72 122
53 81 82
68 2 146
6 46 92
72 82 122
60 75 74
30 22 71
36 53 28
25 35 163
29 72 62
82 88 130
56 31 82
13 27 143
0 28 190
97 51 152
3 71 4
70 76 199
6 57 49
90 77 167
39 56 103
16 26 21
82 17 117
20 19 23
7 75 51
13 42 132
85 73 156
58 52 33
17 65 11
10 8 45
14 58 38
62 20 114
14 42 127
95 32 139
9 32 114
11 59 108
89 16 27
0 14 213
51 42 209
59 66 109
32 79 42
51 56 46
22 24 100
43 10 98
57 26 187
21 31 73
13 79 135
97 16 121
99 47 20
36 71 47
71 76 65
89 12 224
69 42 181
25 40 122
73 11 194
85 79 198
95 4 117
80 51 85
78 29 34
32 42 99
94 97 129
26 58 153
94 27 130
93 35 14
55 19 158
36 43 147
77 58 203
14 13 21
54 14 91
27 46 157
41 43 148
36 5 171
75 57 33
90 39 75
80 87 86
44 92 20
6 82 103
44 97 154
3 32 51
46 45 88
45 62 98
9 91 221
56 13 208
33 94 53
46 16 202
52 12 135
1 46 74
25 12 165
49 4 262
96 59 215
84 78 46
86 98 3
40 53 104
23 5 99
11 36 210
21 79 191
53 84 152
92 59 156
41 99 76
80 98 177
82 65 188
84 31 142
40 89 142
97 22 78
90 51 66
55 35 83
17 87 111
20 59 261
73 2 215
15 13 23
95 84 20
81 58 259
93 6 8
87 2 168
17 20 90
8 76 125
81 55 108
47 28 225
59 94 173
43 12 198
8 4 146
36 80 246
93 59 36
2 24 213
96 48 306
80 90 2
6 88 297
58 35 131
50 70 142
52 86 98
41 57 296
74 17 215
9 79 214
54 6 170
15 87 303
28 10 7
0 13 191
20 62 209
32 10 278
90 63 149
73 9 318
38 39 231
90 11 100
32 25 216
26 79 305
57 15 109
89 78 160
50 20 11
77 94 142
93 96 75
46 3 164
32 38 299
66 28 189
40 97 332
55 32 258
81 35 74
99 7 229
6 36 248
9 12 261
70 24 9
70 17 223
45 37 89
41 91 72
78 28 109
32 65 70
5 58 153
27 73 231
51 38 236
95 49 231
19 63 5
93 5 305
96 49 335
76 42 336
93 79 286
84 19 278
40 37 181
1 97 331
87 40 284
52 18 259
43 69 109
29 48 283
20 31 304
84 64 202
17 19 281
23 13 104
96 75 86
72 11 253
18 45 363
36 72 7
48 15 373
70 8 96
63 0 243
60 23 296
49 63 286
67 6 283
42 89 140
58 60 141
98 68 244
70 6 329
37 8 61
88 58 208
43 0 359
58 82 215
17 7 163
74 70 144
74 59 361
24 9 15
57 75 232
58 39 91
5 31 248
82 36 268
25 61 342
89 29 313
43 87 312
92 52 32
22 53 298
38 98 60
93 69 13
12 69 393
95 7 260
68 21 100
70 74 383
47 85 408
52 40 313
28 5 248
98 81 212
20 58 340
87 44 349
4 90 302
77 43 89
85 90 286
33 5 388
61 12 299
28 92 318
27 26 368
71 95 211
64 28 268
0 6 66
56 7 214
57 22 96
31 53 29
21 86 20
1 17 250
89 31 106
32 70 295
54 1 89
57 98 189
1 91 393
2 45 309
93 7 389
4 72 276
53 74 333
96 16 232
15 75 192
21 60 397
36 22 226
19 36 236
38 46 413
60 80 253
38 28 376
64 2 58
49 62 195
7 31 76
67 71 333
22 78 327
35 3 300
61 51 166
71 79 290
66 37 90
66 38 41
39 6 132
58 31 86
81 13 257
43 62 301
42 65 65
70 65 337
16 67 204
86 13 226
18 36 164
93 36 219
55 41 315
3 33 35
4 43 145
67 16 157
10 5 9
44 24 121
3 79 452
8 52 116
26 6 167
48 65 1
47 64 325
99 69 74
61 74 280
49 84 431
35 58 76
98 69 224
40 20 326
80 74 341
21 56 105
6 9 256
99 20 170
9 53 22
20 39 296
75 13 53
16 82 143
93 99 33
45 58 34
50 80 104
68 20 248
18 12 147
99 19 310
52 26 385
96 55 203
8 72 283
11 62 124
78 56 55
0 72 33
27 71 0
21 59 458
89 50 389
57 3 222
35 10 29
8 5 419
42 25 190
86 21 2
60 98 318
66 90 440
87 75 68
72 78 361
54 32 151
69 64 418
37 57 162
48 8 83
67 66 150
45 17 56
12 44 31
37 54 266
27 88 360
42 71 49
80 99 314
11 95 89
14 26 408
42 91 406
67 86 114
9 98 303
45 9 391
89 76 280
92 94 96
13 51 124
56 26 218
29 8 339
23 6 387
27 61 327
93 58 333
41 2 383
38 73 231
43 63 261
24 85 122
64 5 285
78 54 414
93 54 455
23 74 443
37 43 25
57 12 350
27 42 427
5 51 518
4 47 125
74 84 284
22 23 424
78 45 66
84 7 532
85 44 459
76 37 187
25 55 383
67 48 218
41 3 389
33 40 235
73 18 256
62 2 13
5 17 224
48 47 394
48 32 35
80 88 442
66 92 420
89 37 19
18 61 424
55 71 295
75 9 280
67 97 196
96 11 333
38 95 5
29 54 161
86 51 243
88 52 485
97 54 156
10 37 380
52 13 16
40 10 327
33 75 210
60 95 504
76 81 512
87 11 459
45 76 20
77 7 362
1 93 535
39 63 319
48 92 392
19 12 236
99 5 384
50 35 116
79 41 317
88 13 108
20 57 19
75 91 130
5 47 175
7 12 422
70 61 609
89 48 134
29 70 31
93 89 416
67 19 108
12 42 114
49 5 490
46 56 30
20 43 162
57 1 295
35 57 469
64 7 107
97 26 509
52 56 539
2 86 304
97 52 394
90 61 433
13 24 166
31 66 117
71 63 423
57 25 42
81 44 35
6 32 117
57 2 541
84 9 314
98 86 17
24 12 455
45 44 360
74 93 252
6 40 92
9 61 564
11 15 56
87 68 396
15 84 9
23 28 95
82 99 102
27 44 375
49 46 225
30 40 84
19 29 206
86 17 518
98 0 46
21 85 45
70 37 490
80 46 637
76 61 92
91 24 290
94 68 11
69 68 262
31 24 248
73 42 313
15 66 471
78 42 297
87 25 445
89 68 311
77 44 515
14 94 503
36 88 483
52 25 614
58 45 268
58 99 639
9 6 665
24 5 171
31 15 194
47 67 550
25 77 477
42 80 200
32 13 412
93 21 260
29 7 303
82 41 211
68 88 434
96 69 568
78 75 204
9 16 70
33 99 290
55 18 81
69 46 382
7 18 294
36 48 211
19 84 2
42 40 160
24 66 103
47 55 323
63 26 536
98 18 310
90 57 417
73 47 0
13 2 208
87 12 600
53 30 591
66 33 576
2 22 412
53 28 130
8 31 147
27 87 116
73 98 562
92 63 642
87 23 175
22 75 687
16 1 348
42 31 68
12 60 563
78 73 244
92 42 280
23 69 503
10 26 289
32 28 692
36 37 468
9 28 443
9 38 418
44 66 589
57 14 38
87 96 680
76 87 255
48 57 4
66 73 287
22 39 283
66 49 531
53 75 279
94 10 572
14 86 76
9 2 662
42 27 324
0 48 204
62 72 437
57 79 83
88 91 153
74 1 165
94 50 176
66 75 726
44 52 189
64 30 514
40 52 76
65 62 189
87 56 11
63 87 510
65 28 169
78 82 714
6 26 689
99 15 225
0 54 561
19 56 567
93 20 232
78 40 625
35 76 254
50 84 445
35 7 695
43 72 137
57 50 94
12 16 180
74 64 28
55 68 523
85 31 390
18 32 599
6 33 98
11 27 340
69 33 217
6 8 533
91 74 176
7 60 25
62 76 702
71 8 418
36 12 178
71 57 493
65 20 384
11 35 575
27 85 511
25 6 566
26 55 293
3 94 772
86 96 606
6 24 738
42 21 130
32 33 522
52 36 449
69 84 621
94 0 151
10 86 261
9 52 686
49 2 724
74 89 136
14 29 633
64 88 406
41 96 745
54 33 516
30 65 756
73 28 88
46 32 790
30 99 190
97 75 689
65 25 37
81 47 414
55 17 703
45 78 173
80 38 750
92 65 232
67 89 628
15 29 477
55 0 531
2 51 97
51 37 231
69 80 686
12 29 514
77 70 360
13 3 713
87 16 41
62 69 10
38 90 469
96 1 549
75 12 570
31 27 381
44 53 376
4 44 645
86 23 429
79 87 763
16 59 496
15 89 792
38 89 795
71 74 687
62 58 205
41 98 756
1 31 448
39 22 525
59 27 377
65 38 242
89 3 584
47 45 89
94 31 617
8 59 212
38 2 470
36 15 420
85 60 463
6 73 36
80 3 527
14 93 665
4 58 241
5 39 742
75 21 623
23 25 404
39 43 808
99 97 766
90 14 548
94 59 506
86 9 863
8 66 552
67 40 169
64 33 858
28 59 102
50 31 227
60 39 76
62 31 701
2 91 16
76 28 701
78 1 859
82 44 286
85 14 112
1 57 446
66 72 569
68 37 849
39 28 759
2 89 776
31 43 731
96 73 513
33 11 564
14 69 473
72 84 415
52 51 259
99 9 349
69 0 602
12 62 392
55 79 270
4 14 369
66 20 829
45 40 841
99 93 100
57 11 803
49 72 824
46 65 879
18 67 473
76 85 189
90 87 33
11 13 248
6 7 641
57 59 61
87 37 174
98 38 271
87 88 859
69 99 646
19 1 754
70 38 507
75 89 763
15 8 47
71 89 382
98 26 192
4 5 709
47 41 155
79 0 871
96 71 253
26 47 833
45 18 334
96 84 165
37 61 793
81 66 672
92 20 103
39 64 281
32 94 441
28 63 412
40 43 380
90 30 316
0 70 79
29 14 248
6 16 599
49 21 898
46 62 909
78 63 874
76 67 564
47 18 62
33 38 285
16 89 887
54 52 350
51 22 195
70 48 462
40 8 299
13 44 310
90 26 27
72 2 808
94 99 281
12 64 870
88 42 8
56 17 858
30 97 23
12 81 523
72 41 547
35 75 800
60 43 716
8 79 658
79 12 387
81 64 646
47 62 854
42 75 332
11 31 425
85 11 303
8 55 185
90 13 459
97 95 922
93 61 519
67 91 335
42 99 265
84 85 182
19 6 683
88 12 85
58 0 226
72 94 547
77 20 289
61 60 154
63 70 696
28 48 402
64 97 440
74 46 875
86 5 591
44 54 725
15 48 231
49 39 364
9 55 108
31 95 186
56 1 480
30 44 698
31 94 824
74 22 0
90 80 939
87 46 141
24 3 971
9 86 318
30 25 106
6 89 462
16 23 249
62 88 34
9 11 320
56 43 731
56 82 819
36 66 295
94 84 210
21 46 967
41 47 485
60 4 139
13 49 969
19 11 399
74 32 618
39 29 908
40 82 346
66 89 28
18 89 858
80 77 317
17 76 473
72 64 938
15 43 32
96 47 42
58 51 321
91 68 222
7 81 185
58 65 817
66 9 967
39 44 225
98 2 969
24 51 341
43 96 371
7 84 546
14 52 534
92 53 737
82 9 392
98 32 657
31 52 140
81 31 121
84 18 923
10 43 486
66 54 739
30 26 785
21 7 743
44 35 176
39 38 802
36 68 470
98 39 43
69 10 157
32 59 1036
92 27 1040
38 42 991
82 58 814
54 40 93
68 26 983
56 6 525
62 45 776
97 57 941
10 70 1024
70 92 250
86 59 564
69 88 359
23 99 94
82 53 465
55 15 234
2 35 448
61 54 288
1 10 272
30 88 366
10 3 202
17 48 8
23 53 493
42 26 867
59 39 332
24 38 61
70 14 467
67 62 690
5 12 445
3 96 170
88 61 55
39 2 859
1 73 1036
93 46 663
92 87 691
94 55 761
13 39 914
28 68 514
27 89 237
38 63 267
46 12 358
59 99 216
2 48 274
63 85 195
18 70 502
7 45 934
26 11 61
60 17 854
10 81 177
39 49 293
98 99 1092
74 39 657
91 17 181
19 82 673
35 27 238
5 45 608
94 45 719
37 35 216
19 57 208
80 73 882
60 53 222
31 91 706
23 91 542
3 95 877
15 80 1098
7 3 551
15 67 713
57 88 388
39 19 70
68 51 508
95 16 197
25 47 0
79 46 161
14 16 508
14 46 1026
30 93 984
73 12 344
94 23 75
67 8 867
97 32 488
11 52 726
37 32 958
6 28 910
53 66 846
86 89 409
76 32 417
72 33 164
42 82 525
61 31 168
74 88 843
73 54 383
59 84 353
37 15 898
18 94 574
52 33 1014
97 78 716
81 21 449
5 87 11
88 72 223
86 99 643
61 97 18
9 10 405
42 20 673
26 96 869
81 38 520
99 16 751
76 77 1130
71 37 19
20 18 725
77 51 237
9 75 1058
81 87 512
9 96 843
53 26 556
60 21 592
16 96 711
82 64 71
46 30 745
91 0 453
46 23 481
84 66 3
79 58 708
2 79 1105
55 50 639
82 7 661
74 31 804
60 73 752
6 49 1033
44 57 8
92 36 641
94 41 931
13 87 278
72 57 852
58 56 603
11 53 634
5 79 1088
78 47 385
91 21 224
20 12 966
4 50 445
19 85 952
22 51 335
29 33 1031
60 57 1019
1 58 58
80 58 26
17 77 899
79 51 525
40 73 1089
73 64 829
1 67 312
20 88 522
1 11 361
84 26 596
20 2 803
44 45 98
69 19 692
3 46 782
12 4 295
29 64 1018
43 46 663
25 57 905
76 39 4
0 59 249
59 43 567
85 12 1163
46 5 553
70 77 644
70 73 652
50 0 1153
68 93 987
14 60 543
54 9 813
1 79 219
43 85 252
56 51 543
91 60 662
45 82 1033
24 82 334
6 97 388
68 91 422
30 68 199
48 53 917
12 85 684
77 76 400
19 65 129
0 35 516
24 96 564
53 56 804
68 41 388
70 50 478
98 25 153
73 99 802
81 86 124
91 66 54
7 90 496
96 7 387
57 89 935
39 92 855
21 72 275
65 0 915
2 82 863
6 84 88
84 95 158
55 31 1161
21 23 1151
88 32 943
89 73 464
95 21 559
44 0 231
36 23 285
36 38 946
25 21 204
2 97 1258
0 66 810
8 32 365
44 46 1227
9 45 480
6 94 546
49 45 515
61 22 38
14 44 944
1 15 367
49 78 1239
27 93 429
43 26 876
28 74 682
15 44 230
88 84 628
1 96 147
30 14 825
91 52 1138
17 11 18
24 48 365
72 91 677
95 81 800
49 31 316
22 37 98
52 4 1070
88 9 898
90 67 1267
10 4 438
38 44 419
30 64 466
2 60 870
25 13 280
64 72 713
16 51 326
39 71 1141
60 35 257
53 35 368
39 76 1127
11 43 1296
31 28 1138
73 84 916
73 65 1119
15 33 1313
25 70 485
74 40 570
48 52 504
48 39 1169
7 5 915
5 35 1260
80 94 1219
10 71 841
61 53 970
29 9 185
28 15 272
22 3 55
51 92 849
85 66 463
62 41 255
23 78 845
27 37 1226
93 44 47
45 94 185
62 67 301
48 12 761
65 93 82
64 46 474
0 19 697
99 81 228
98 52 979
20 64 1310
65 79 1040
77 8 831
5 65 1318
65 7 1103
61 82 813
56 53 34
26 69 1099
0 92 425
53 31 1339
27 72 822
8 29 628
40 62 974
6 96 879
44 9 743
87 59 878
33 96 160
82 67 446
29 80 88
96 38 99
15 72 643
58 41 1265
27 12 667
49 58 10
3 8 568
71 65 419
92 72 603
91 95 289
39 9 338
88 89 369
36 29 406
50 32 1212
68 16 31
54 49 245
45 66 1370
94 77 589
40 9 687
44 62 303
22 49 362
26 33 155
74 56 891
77 75 4
39 90 320
27 5 231
42 13 905
23 3 625
57 76 827
26 61 643
32 19 423
79 32 800
30 43 765
73 62 1031
79 27 55
78 68 396
91 57 141
43 59 950
18 39 261
73 19 1043
92 15 798
2 42 492
94 69 729
93 29 711
68 94 908
73 95 1246
88 30 1342
62 64 1206
46 4 108
4 81 131
0 53 782
17 53 550
73 78 432
59 13 867
36 64 1136
64 58 1337
73 29 1284
20 17 74
90 59 757
51 13 730
5 93 629
10 75 1009
16 78 620
75 53 259
53 19 366
96 99 757
15 90 296
94 52 97
54 67 960
33 61 38
61 35 245
10 72 1199
12 74 16
54 60 320
53 45 550
44 3 882
42 17 676
68 43 1093
75 50 158
81 72 1387
26 37 1406
9 25 1170
36 58 631
60 5 1129
26 7 1390
99 59 719
0 75 523
63 28 954
7 37 590
12 11 210
85 30 303
12 99 38
59 57 408
89 92 1
11 72 1257
29 25 937
79 15 972
52 65 448
81 36 1430
97 6 1187
60 40 232
41 65 639
5 75 450
91 6 57
65 67 1240
22 52 229
90 32 1335
61 33 530
31 80 770
69 14 792
13 0 143
47 94 1080
82 68 1093
97 74 676
12 93 1258
46 87 165
60 31 319
5 61 418
39 0 597
29 94 802
55 69 359
33 93 375
54 81 741
38 26 1019
30 11 675
79 69 1408
97 24 399
25 98 365
4 55 125
67 84 1104
92 9 447
21 4 1340
20 14 389
29 99 887
71 99 1177
22 96 1427
10 24 3
97 56 676
1 52 1028
95 88 204
46 77 1313
69 85 173
90 60 170
45 54 397
32 71 974
0 80 143
90 16 305
95 87 1036
12 48 266
66 13 1454
48 14 408
79 99 1235
26 48 177
41 74 185
52 71 867
78 46 294
24 84 139
62 75 1465
46 72 144
77 98 933
3 11 915
11 25 1020
82 89 1080
89 91 1362
93 88 1447
65 35 1215
37 20 1338
60 3 396
1 69 1159
10 20 900
96 85 82
25 90 191
99 84 245
93 62 924
91 9 547
18 14 913
13 90 1501
95 48 1469
69 86 238
65 94 694
98 24 926
10 61 751
91 56 694
59 31 318
54 91 522
60 63 1044
62 15 361
60 2 173
3 88 33
26 27 884
37 80 166
41 14 691
10 59 1389
70 1 563
24 62 837
23 15 286
91 79 131
24 71 1064
22 66 160
14 66 433
95 52 976
20 11 163
88 53 645
55 92 600
59 37 537
0 18 1409
56 91 349
74 18 716
24 69 590
89 84 1546
7 69 749
28 35 1037
31 40 299
63 79 1535
63 45 417
87 82 1261
85 4 1308
77 64 1244
37 29 777
43 66 260
98 40 814
26 14 141
16 39 1307
60 79 547
56 67 1559
3 25 1343
47 33 1518
56 23 1258
55 98 303
13 77 1134
94 20 307
79 62 1450
91 36 1111
44 1 1270
96 91 1283
58 30 1347
57 4 264
92 82 274
26 49 223
11 56 401
97 30 548
49 10 165
44 27 1373
90 82 1417
68 28 1486
77 28 998
90 56 721
80 20 1299
85 19 1203
20 22 757
16 13 1325
88 35 1005
84 21 1581
77 97 715
69 21 854
60 27 354
98 75 1477
72 5 1254
42 67 984
48 17 1408
79 18 224
11 66 729
38 48 1021
78 24 525
48 95 1110
48 4 794
33 63 949
40 2 1457
72 50 1057
92 49 109
56 76 306
32 9 1011
98 62 520
88 51 70
70 90 432
89 88 1611
16 61 1535
59 15 1523
49 89 993
90 10 1384
48 3 1192
20 27 243
88 75 506
27 16 1145
39 31 1606
48 44 773
57 95 525
58 47 1109
23 84 1030
13 89 1017
59 82 487
53 36 546
19 68 1205
68 80 1377
3 85 192
0 11 1093
17 73 277
60 9 1140
20 46 1089
91 88 807
51 76 1459
91 15 413
69 5 112
88 43 17
79 88 833
18 86 580
55 2 1085
89 80 1522
27 65 198
11 12 1248
21 71 1069
71 10 254
77 22 1645
51 11 1049
19 48 831
77 16 1000
47 86 1635
72 15 653
29 88 441
41 66 654
82 12 1358
0 3 1464
66 51 1478
22 25 1478
95 1 484
44 30 611
13 55 1651
70 97 1185
78 32 970
25 28 900
99 66 1136
36 69 1466
7 30 556
39 25 1192
15 79 1209
0 9 1464
87 81 353
76 65 428
91 29 683
50 15 1083
0 73 1529
25 44 1262
35 56 1381
85 78 1602
44 10 543
63 43 758
73 66 739
93 0 208
38 0 1001
33 26 495
26 8 1275
64 84 1293
67 46 534
45 33 1031
51 97 261
72 14 1239
8 41 1140
85 35 554
21 29 401
51 3 881
96 44 159
23 67 1507
85 52 1724
12 98 1473
79 38 290
55 21 1653
10 39 1328
30 39 927
87 58 133
33 80 849
5 55 355
35 60 1514
8 26 553
75 69 1192
65 46 1699
16 20 691
13 50 857
33 14 1664
94 15 1538
75 44 1333
43 61 745
33 70 1659
14 88 730
48 72 1606
57 9 1181
94 61 910
87 9 363
79 49 1506
70 78 892
86 19 925
26 68 679
20 65 528
95 20 1025
77 12 170
9 46 1640
58 8 449
90 47 541
40 16 126
98 89 1194
0 4 667
69 43 1741
24 87 210
89 54 1713
87 85 1362
24 81 1495
22 87 394
55 66 366
91 4 957
50 42 1321
35 9 285
79 98 46
19 4 1549
42 4 55
11 77 1783
74 5 490
29 75 623
8 22 1286
59 86 366
35 52 1269
60 32 1598
95 61 516
84 39 208
14 80 681
37 65 1001
46 70 683
70 31 362
61 56 375
61 38 831
93 90 1490
18 46 423
90 73 1637
47 81 1345
79 60 961
42 35 41
8 81 677
18 40 1761
56 66 740
2 33 743
53 95 607
75 82 1553
69 65 1583
67 42 1057
36 8 1438
19 94 1517
42 50 713
32 75 1392
33 22 586
38 55 596
43 64 1517
80 95 368
43 49 1812
10 16 722
16 5 1004
69 95 1139
32 8 226
21 54 638
45 64 869
8 86 1450
56 12 277
80 16 714
69 3 841
10 11 1358
80 14 354
66 63 1746
4 49 1738
48 40 1521
5 72 481
4 40 1029
10 46 321
16 48 140
5 91 1598
66 85 661
52 49 43
84 74 1679
30 17 1055
95 71 1343
73 7 110
47 35 828
61 59 1026
76 80 963
99 42 31
33 16 386
18 50 1041
43 3 1612
96 36 1172
31 65 1383
32 54 1425
36 42 924
38 29 230
38 56 1550
49 0 116
14 76 1207
20 79 216
93 87 142
13 15 1048
44 23 1430
63 7 5
58 49 1037
86 87 1833
14 7 226
77 67 1739
42 68 316
15 42 687
68 97 1007
45 49 1255
51 63 421
90 31 1503
3 80 1734
13 65 156
27 1 484
79 70 1091
49 85 236
25 5 258
19 75 1143
31 73 930
59 53 1353
60 48 474
0 31 1029
30 33 800
33 4 180
84 51 729
70 20 1716
67 14 1388
78 62 343
11 1 1741
31 77 552
92 50 584
53 15 1328
42 7 882
88 2 128
36 20 1534
3 29 1543
26 29 235
61 95 741
51 5 1393
0 15 833
58 88 1498
99 46 381
67 11 1899
47 4 953
54 94 1136
92 70 277
66 47 533
89 61 832
35 80 1329
51 59 852
18 71 1415
36 51 506
87 20 662
2 27 750
1 47 19
76 78 182
47 26 809
45 36 696
92 90 1768
71 14 1706
56 46 1232
40 29 35
4 92 687
1 13 1342
62 27 633
74 10 342
69 74 1036
33 23 101
56 36 1222
35 72 1274
0 30 1416
80 4 563
29 37 41
25 42 55
21 93 1751
3 75 1687
88 65 1366
93 19 1425
9 39 500
63 33 1281
9 64 533
58 37 623
58 57 1057
6 53 300
40 60 493
77 69 156
1 55 1090
87 52 1103
41 0 537
89 66 1350
91 22 1486
82 40 175
69 28 1842
98 11 44
72 89 993
6 5 1873
51 55 3
7 98 779
54 4 1156
40 7 1064
33 72 408
37 18 1040
8 45 520
37 92 1309
9 1 525
48 85 681
25 41 1274
6 58 1227
95 3 1677
84 4 87
73 36 150
85 96 887
44 38 1100
70 84 142
25 38 625
65 78 590
32 80 1243
0 84 1871
61 1 1133
42 94 1860
78 4 352
86 8 1556
52 75 1598
40 25 391
15 0 559
95 94 1515
17 88 1026
5 33 616
39 30 792
51 77 485
3 55 311
28 19 1991
56 24 309
35 14 1188
10 25 425
84 5 460
37 91 747
41 72 1483
40 44 1651
69 49 612
42 74 1583
82 25 21
55 58 1964
85 53 1224
95 91 546
23 30 505
70 64 16
39 13 379
27 22 836
6 90 366
25 69 280
42 93 963
1 65 1615
10 55 607
55 5 1102
30 53 12
16 76 1416
6 93 339
40 90 1366
38 45 407
39 50 929
26 41 572
49 68 590
86 81 1062
72 17 1124
98 21 623
8 94 360
64 92 1315
3 70 632
56 97 260
52 89 545
27 52 610
59 85 1337
9 84 1299
11 39 1539
7 13 1846
90 28 1236
39 60 775
87 84 1458
15 39 673
57 92 1156
5 74 1113
63 92 0
38 10 564
25 22 183
92 43 613
89 94 1443
74 87 1992
97 67 672
42 49 1142
61 6 1057
84 8 398
85 7 158
86 33 535
96 40 1658
3 40 1608
88 50 1862
68 63 960
77 79 965
66 42 859
21 28 854
99 90 1144
22 81 1048
38 94 1716
42 92 294
71 48 1085
49 23 1243
59 77 1075
8 67 1393
28 98 568
26 10 2080
75 73 720
48 49 1937
18 24 1414
5 77 1032
3 93 1292
81 8 409
0 26 72
63 46 482
85 72 1761
53 91 1244
30 71 488
31 98 1949
55 65 544
51 9 1428
32 22 208
12 68 1276
81 77 1295
17 24 1115
23 35 935
73 69 325
18 52 10
63 98 1639
99 52 992
14 50 1674
79 36 2077
70 91 172
81 79 1291
47 93 167
36 74 1069
52 2 1688
21 0 900
21 88 538
85 0 1671
63 4 232
33 46 1724
29 4 1735
62 42 394
48 51 620
10 9 1982
0 90 902
66 6 803
14 81 1560
14 89 106
46 52 1373
16 28 398
78 12 108
79 25 523
97 44 1366
72 60 116
61 81 1604
11 49 376
84 1 245
95 39 1765
55 64 1905
87 78 1262
25 72 2166
19 88 960
55 40 166
27 77 1482
18 41 329
7 99 1409
54 45 1435
81 25 597
67 7 56
99 65 547
29 28 1351
7 11 2031
48 88 16
23 59 1587
20 52 920
3 90 274
71 47 136
35 46 1274
9 54 409
39 8 254
50 47 786
71 93 1051
88 60 695
1 20 729
57 43 1553
22 42 1457
89 75 1431
45 55 568
33 87 1736
87 14 501
97 43 919
47 19 680
6 39 1962
51 36 2014
20 89 96
76 4 2066
8 43 1703
37 44 252
21 75 2163
11 17 725
64 98 117
73 67 818
77 17 2178
37 89 1131
7 91 890
57 24 963
49 95 0
41 70 148
55 13 526
68 24 1662
59 11 1738
45 41 421
45 87 498
98 4 378
81 39 906
45 14 91
60 14 483
54 89 1359
51 14 1216
23 40 667
57 69 437
59 19 1849
75 78 1474
20 24 220
59 36 1458
49 97 158
64 47 815
90 74 1223
60 47 1250
74 91 810
4 37 1347
58 78 2052
48 13 319
24 55 927
72 7 1828
15 32 1027
4 18 1300
80 12 1934
84 93 954
26 28 1636
49 54 141
19 80 282
0 97 1807
52 90 1728
94 1 1279
98 27 818
53 54 326
93 22 1181
9 51 1711
75 23 1060
42 23 1472
58 16 1688
38 92 395
92 33 1659
69 30 745
14 32 1842
2 57 664
48 9 1493
38 71 2234
51 25 1943
60 58 193
33 42 406
11 98 590
87 29 416
39 11 2277
39 88 629
53 98 2268
75 61 1161
10 66 346
14 72 1415
1 22 1995
12 67 1490
57 39 1316
21 41 33
44 87 389
45 61 685
92 4 1426
21 24 138
30 81 646
67 12 1858
22 93 1870
95 65 1522
39 55 1258
12 18 1173
75 36 460
14 4 1838
66 23 1886
76 97 927
51 1 1532
47 61 681
48 86 708
6 0 1204
40 63 930
33 64 13
2 63 321
62 68 821
26 99 101
71 25 61
37 78 151
5 40 361
77 65 2159
13 85 1909
13 6 2216
13 11 1385
66 50 808
84 97 1423
59 7 601
9 87 1078
84 49 1722
0 63 1224
15 91 2150
65 44 1842
2 87 1908
38 33 1389
8 61 1807
29 53 447
71 6 1810
82 97 439
25 18 1486
50 85 1418
15 46 1627
7 21 201
91 98 2210
98 30 954
12 9 814
69 27 1732
98 87 763
40 30 974
44 11 1526
84 73 271
89 7 181
86 20 1231
89 23 1673
49 96 1976
55 99 41
18 11 1195
95 92 2305
92 96 2347
88 4 747
63 69 1349
76 1 380
44 67 2057
15 85 1132
25 16 1040
74 50 1355
23 71 2352
59 1 213
58 79 1517
91 81 2229
85 45 1608
81 37 320
55 27 841
49 69 667
86 92 529
16 99 273
68 48 301
42 15 354
4 52 580
94 14 601
16 56 1771
16 73 993
57 32 1965
93 57 1792
41 46 402
44 41 1638
13 23 1463
26 24 1129
41 23 741
50 75 1343
28 4 1403
79 68 1339
46 67 289
30 91 1912
71 85 464
67 26 746
95 79 1133
0 43 533
97 10 471
22 71 898
74 8 1932
62 99 887
58 19 1202
73 59 1973
23 39 175
22 41 2131
42 70 1234
9 82 2114
47 75 503
61 30 2358
36 4 39
64 60 1239
86 80 476
63 10 344
56 33 631
80 17 686
62 28 1279
50 29 417
52 57 1013
8 63 2352
62 49 767
76 54 841
53 8 1763
5 11 724
75 92 827
88 48 216
19 25 771
59 33 1883
33 89 1967
17 10 427
41 77 1039
81 19 612
44 80 1725
63 93 1759
39 96 634
14 0 1678
6 25 878
93 9 1560
29 62 2172
60 44 1586
31 54 636
62 93 1393
97 41 1877
72 30 545
46 41 1251
28 1 1695
65 75 788
16 40 1610
85 36 706
9 63 730
21 10 1021
88 79 193
41 37 2174
13 56 2038
70 52 2214
51 30 530
3 31 1419
23 27 2137
12 92 1283
78 71 493
23 50 275
58 87 700
41 82 917
92 13 1072
58 9 1043
73 92 360
82 57 350
5 92 1497
86 40 2081
11 20 1681
38 43 1656
99 24 1775
68 67 5
12 70 653
0 86 323
96 50 1998
44 51 2097
25 20 1846
68 25 34
71 91 249
17 91 18
75 99 105
58 66 1522
25 48 1003
96 6 1994
11 96 1570
66 94 946
63 96 2187
1 41 1220
16 98 1329
9 41 852
55 12 1621
79 66 2138
29 97 2433
98 90 1215
73 75 1988
88 22 1872
25 4 1827
85 2 1766
35 20 82
58 86 1172
86 12 2276
84 42 458
88 62 316
64 67 634
49 80 1642
85 98 1643
91 14 51
68 73 2050
40 66 248
80 45 1430
1 7 2340
49 42 1097
27 11 1302
15 18 2021
77 62 408
59 75 208
56 78 1178
72 35 2458
0 88 506
97 87 1679
62 17 1891
93 56 2058
77 53 1252
0 40 271
89 57 309
96 68 988
48 59 1409
98 63 2445
97 91 1002
33 68 1333
40 1 2315
14 1 877
4 64 2471
12 95 2199
72 71 2372
15 59 608
4 74 1699
39 16 2370
24 2 127
73 46 2499
87 27 2274
30 20 1883
87 35 2417
94 17 993
82 85 1866
46 6 2357
36 79 1390
18 51 307
77 84 1239
72 45 348
59 49 200
89 18 1689
81 28 1315
2 19 1620
64 6 1327
74 51 997
33 76 1085
95 40 56
0 2 2139
13 17 109
25 75 1709
73 51 1388
56 9 779
93 70 1422
73 8 440
17 97 191
91 87 1302
30 0 1185
13 18 1673
22 84 1927
73 85 1534
32 78 970
19 93 2140
89 55 303
53 10 697
19 2 331
30 60 1423
79 13 1104
87 53 1018
90 49 656
13 4 85
37 49 88
65 43 1082
61 69 544
10 31 1628
3 69 1316
1 33 947
86 60 1411
94 82 1809
66 14 587
55 44 2525
74 57 661
92 69 2546
10 51 1087
91 27 1862
71 20 2529
8 89 672
21 91 2596
37 45 2165
45 51 1305
51 65 848
4 79 127
8 14 1663
32 58 944
97 50 498
43 71 110
25 15 2351
41 97 445
68 36 313
24 19 508
96 15 612
6 27 1205
90 64 359
73 87 1300
15 60 1095
37 64 1223
37 69 2003
33 56 839
16 25 2061
54 39 2501
48 73 2268
76 23 1822
73 16 1988
39 10 1448
66 71 2350
71 97 2308
79 63 1205
76 55 2541
26 66 591
60 13 2488
26 86 2409
20 8 631
99 11 268
24 7 287
76 14 1202
77 59 489
0 57 227
94 72 1071
38 1 1475
71 77 1096
95 14 1113
52 15 734
91 50 2048
72 67 753
78 85 2581
16 79 1306
9 29 1288
65 1 1115
93 66 2479
74 2 808
26 95 2006
70 7 133
62 50 1288
36 63 65
65 21 1519
84 70 1918
86 29 848
63 47 579
2 30 191
26 57 748
12 49 801
19 0 1056
31 64 1331
22 70 522
51 43 2194
90 35 556
33 77 169
43 91 1230
99 51 1535
95 69 1462
9 90 28
57 27 755
90 76 1139
48 67 1847
46 97 479
0 22 1869
30 16 1403
22 64 1001
71 70 782
81 41 2517
2 23 2253
14 75 607
23 54 1130
43 20 827
91 85 1735
15 37 14
73 57 450
28 80 657
8 13 1836
37 56 904
96 87 924
14 27 1033
40 96 580
97 53 1900
96 4 2062
10 60 1454
76 9 1299
36 2 2343
75 68 852
20 32 201
77 31 2408
55 87 806
53 55 1290
49 66 1925
52 66 2287
86 28 2260
45 23 278
37 93 2608
95 56 1709
82 56 465
98 31 321
62 66 822
27 60 1110
64 9 1735
5 7 1604
27 13 973
78 96 941
85 77 1657
73 68 1804
33 66 134
49 14 2487
46 9 1597
71 16 2057
24 97 94
62 7 841
37 99 1481
50 65 2346
21 6 2568
56 72 1511
42 64 1372
40 99 609
81 11 854
46 82 467
61 84 1696
25 36 321
76 19 795
99 17 115
57 81 128
32 36 1942
47 91 2298
28 81 830
49 87 102
79 21 75
45 90 1303
43 16 1979
50 68 800
88 96 601
47 77 1776
6 92 485
87 95 2595
72 88 1595
29 40 2327
32 0 163
77 55 2721
85 71 1215
91 77 2300
74 72 2537
86 84 2092
35 28 351
82 3 2367
72 61 1687
18 29 702
5 64 373
99 44 134
50 38 2328
5 3 1916
65 37 1492
17 93 522
25 96 1626
92 5 181
73 86 2149
76 38 956
13 21 2673
99 22 2766
75 66 2183
37 74 1448
68 13 1465
92 58 1258
20 0 2115
51 80 292
77 74 1675
97 2 525
52 39 950
58 43 2581
35 43 2731
95 33 1769
30 58 1670
21 92 950
71 23 217
80 30 1874
16 54 430
30 28 2321
98 85 1101
41 16 2667
67 35 264
51 70 932
56 77 1786
33 50 636
5 23 1754
85 43 2455
86 43 1099
21 36 1524
27 95 2379
57 20 524
80 25 282
95 93 207
94 88 1981
23 68 2102
85 41 2451
41 60 2378
18 97 2034
15 45 31
42 3 2297
18 79 1044
80 39 213
55 45 1655
70 99 1186
22 30 1315
47 12 2584
50 10 2490
0 82 2526
20 55 1427
89 19 206
73 71 1772
53 94 1298
23 12 2241
72 90 1724
4 46 929
82 52 2641
75 63 2437
15 57 2226
27 15 1929
62 10 2639
28 50 2509
67 87 1989
14 95 2486
6 12 248
28 84 1446
80 31 1994
64 40 1624
56 44 735
60 6 2584
23 41 252
69 58 672
29 52 2546
37 90 1869
72 1 1393
7 27 911
89 8 2828
91 70 1109
46 81 1277
73 91 592
12 52 1265
71 67 1197
66 80 909
99 63 715
6 76 619
67 3 663
9 71 2711
46 95 262
68 0 2874
58 23 2515
3 37 1129
7 78 127
81 49 2220
50 18 2834
67 10 1409
57 77 1197
41 26 2595
10 97 2835
74 98 754
76 99 2197
3 60 2548
59 60 917
31 44 420
70 32 2303
28 33 2630
25 79 1875
91 10 2136
46 54 2659
98 5 1289
92 11 123
54 59 2548
65 69 2314
12 7 1969
24 86 531
73 38 1732
14 61 2714
67 58 234
61 21 364
78 51 1982
31 7 751
69 45 2783
88 86 1196
69 40 1719
78 49 2308
3 74 1019
95 77 1789
32 40 2749
53 46 2486
49 57 380
22 77 493
91 64 1338
33 71 785
76 57 514
28 79 439
44 79 834
20 90 2604
13 60 1790
35 36 1763
53 97 1975
27 90 2394
97 3 1725
4 66 703
28 46 1707
66 48 444
29 82 1024
93 92 593
37 23 352
13 73 127
43 7 43
18 6 1632
33 20 2294
99 62 437
74 14 1443
24 39 1830
37 59 563
30 3 1916
55 42 575
27 96 2907
8 0 2850
47 17 2030
79 7 390
72 76 1867
60 85 2356
51 2 1486
16 12 1253
30 8 1325
82 16 559
50 54 1617
22 5 309
15 86 1703
32 98 52
13 52 598
57 21 550
50 22 452
17 99 2702
46 91 2663
26 2 665
30 6 879
15 68 1402
91 47 879
55 62 900
35 0 1254
23 96 1415
27 17 2557
9 56 290
15 38 1046
35 61 519
10 12 2409
53 50 2876
30 92 2387
20 51 2195
35 63 561
30 48 779
42 10 642
22 35 2486
52 22 619
1 78 2081
27 54 637
61 28 820
82 19 118
72 46 821
38 62 1636
25 45 1740
37 63 127
25 64 1518
39 47 2357
6 48 2157
65 91 2478
70 33 350
22 47 1751
79 17 2813
50 21 1571
58 90 178
64 89 2199
67 82 2200
47 22 275
41 55 581
84 37 129
79 71 711
17 13 232
4 98 1622
64 45 363
64 32 350
81 27 2265
16 81 2689
18 66 2832
48 69 1020
46 84 1835
87 38 1835
20 36 286
57 0 2766
57 55 737
9 94 190
77 1 170
32 63 810
37 82 1439
4 68 2165
38 67 2229
25 60 1274
76 16 555
25 84 2772
86 6 1483
89 15 1255
56 28 766
0 7 53
74 41 2413
9 35 1173
9 60 92
54 16 394
32 55 1647
60 49 2026
59 21 11
8 2 2988
33 18 2083
28 72 169
0 45 2111
36 1 2296
93 63 2158
99 88 1874
90 18 1209
73 0 1090
27 82 2506
27 24 875
75 65 1104
93 94 444
71 12 2185
96 70 1023
32 11 1610
28 70 2367
43 5 2991
64 61 2641
75 31 1396
51 47 34
96 51 2787
97 21 2486
40 42 606
81 54 255
41 75 1458
11 69 2806
25 11 541
55 4 2578
69 63 2354
49 43 3063
30 10 1135
76 22 2105
56 22 1727
4 51 622
0 17 1419
98 77 1769
37 9 2363
36 89 72
54 97 1224
2 6 2241
42 66 57
33 81 394
38 61 695
6 2 1081
38 79 2781
73 23 961
10 28 1300
9 26 618
73 32 2892
37 97 2806
49 86 816
79 65 2535
23 75 1116
85 65 1522
51 45 2371
78 55 2999
42 53 1610
93 10 1792
24 67 617
9 17 2711
61 80 2060
48 30 3006
52 17 394
92 14 2619
72 63 2829
22 85 264
74 6 2997
0 91 1517
74 30 540
69 38 817
94 44 1225
62 91 1391
58 59 1222
15 77 557
35 87 1232
22 13 938
81 2 1001
19 61 2165
81 80 2668
63 27 156
84 11 2034
23 57 1720
4 45 2989
72 95 1585
8 80 1800
24 47 1023
85 56 1134
8 98 3043
25 33 2376
3 16 893
78 97 2120
86 3 1828
33 2 845
19 32 765
42 16 149
19 27 935
77 54 2960
49 47 2138
40 26 391
29 89 1786
25 91 1047
58 80 838
78 79 2047
43 74 2443
12 28 2368
16 97 694
89 79 862
54 37 2093
49 75 15
92 8 816
32 51 967
55 72 1940
89 0 1711
50 64 3089
74 12 1991
20 97 2099
24 60 1828
8 48 142
4 42 1173
29 42 2346
18 20 1313
65 52 2067
14 49 1514
40 98 2831
51 26 2322
15 20 2560
13 57 395
12 66 868
82 0 819
29 58 2293
32 91 1988
77 10 2268
50 13 1681
73 60 1692
3 81 996
91 82 2080
76 56 1457
89 30 1583
93 71 589
84 89 3101
23 45 3200
36 16 1930
94 96 127
49 40 682
63 68 651
52 31 2756
7 19 3001
4 67 971
85 24 1145
63 88 1970
32 67 553
66 27 1619
12 24 2482
47 43 246
14 20 2026
84 60 2833
2 40 430
19 89 1491
33 85 132
81 57 2200
5 46 2816
86 64 2066
62 81 737
16 18 3128
98 84 3081
98 97 578
78 58 723
9 22 1111
55 78 2084
54 0 671
19 10 1285
50 58 1528
16 36 2462
70 25 646
71 88 1052
80 9 2706
89 40 342
13 54 1394
45 52 1746
7 54 243
52 92 2082
99 78 892
31 9 2687
48 63 512
76 11 1761
15 56 1419
14 30 884
85 80 869
78 72 1624
46 51 2546
80 21 1816
43 67 1521
30 1 1291
31 14 3215
65 63 2221
80 48 180
31 12 1581
2 95 1294
50 94 2473
20 48 2431
4 11 2907
35 68 960
14 79 2881
5 14 1998
27 98 39
20 25 179
30 94 1968
63 73 2943
13 61 2714
48 93 1759
25 32 767
19 95 1875
6 80 1445
38 19 2274
10 63 310
17 96 2347
3 2 451
35 73 2761
46 88 533
5 54 404
69 50 172
84 40 2528
2 55 2507
56 99 232
17 15 1434
55 23 2070
9 21 2414
17 32 3008
0 64 3099
14 92 1111
51 69 3163
75 0 1067
76 84 3010
85 46 3056
40 55 2692
80 91 1226
64 73 2878
28 49 844
35 19 410
40 77 1190
71 98 2418
10 67 1418
50 69 1840
62 94 103
0 62 141
94 38 3172
21 63 1077
82 71 2770
48 2 2982
63 24 3311
14 25 1247
63 48 3131
25 63 1146
2 76 1176
82 74 994
50 43 1588
57 94 1640
60 45 1102
40 24 2058
86 82 2985
42 11 758
31 32 1260
54 21 2090
60 65 2472
7 43 1686
35 74 1497
26 54 2755
57 23 2962
7 65 1673
11 2 1836
43 88 471
69 72 2541
70 9 403
56 95 2929
55 96 1483
39 85 1648
69 22 2436
42 6 366
88 18 2917
60 96 2070
99 57 766
97 81 1138
88 64 2523
97 19 2148
49 7 2284
90 25 261
86 16 3020
15 35 2055
72 9 1332
91 3 595
69 6 69
92 37 1134
49 3 2457
55 29 405
15 3 2934
53 71 342
23 65 626
89 62 981
11 55 2055
43 76 2250
98 74 2561
42 85 3121
63 97 744
19 31 1131
97 20 79
44 8 1427
2 85 1540
45 2 2596
2 69 3146
14 87 17
97 8 1863
3 1 1148
36 44 3002
93 74 3148
18 0 3175
49 11 1610
64 11 1504
85 42 2204
71 1 2759
41 62 1301
7 52 756
56 52 1244
75 11 987
93 55 1364
12 37 250
2 16 1177
66 86 150
76 93 1559
57 64 2820
63 65 2209
54 76 460
0 60 2769
23 95 479
60 99 814
25 24 1305
46 69 2482
24 78 92
92 30 1599
23 26 579
14 39 3114
90 42 3023
2 10 438
65 48 2681
27 48 2486
57 60 1290
40 21 505
27 70 915
22 90 2528
50 72 3210
91 46 559
61 68 2679
32 47 1144
63 38 436
5 62 2306
87 69 2701
71 90 381
69 44 3072
3 17 3403
74 79 879
57 73 3207
45 88 2510
40 91 2095
22 95 2585
60 84 13
60 19 305
98 65 487
85 18 2594
40 13 1010
39 7 310
51 61 1974
47 65 1461
9 13 2784
9 62 3018
60 51 2560
6 3 1185
26 67 238
64 3 3185
4 88 212
67 75 163
30 4 416
97 14 2793
86 42 885
82 27 2804
65 27 1592
51 7 2489
59 62 459
97 5 2262
13 92 1510
90 1 2453
3 43 1156
80 23 341
76 49 2602
92 45 678
52 77 564
21 98 1930
9 5 2146
27 10 115
79 28 2910
87 5 620
26 20 1753
51 82 3300
79 93 285
17 71 2210
89 81 412
11 41 2469
78 15 101
11 71 53
32 6 1879
51 19 2841
54 5 2758
12 47 2685
40 85 3295
9 7 2841
87 7 1963
93 31 3121
70 2 424
92 39 1739
39 94 1875
57 45 877
65 22 1745
79 73 2906
3 84 1176
94 3 1665
38 37 838
94 78 2418
37 19 2628
13 88 355
26 87 999
84 98 2992
29 36 2026
29 68 1108
16 84 3377
6 37 616
31 92 2063
33 95 1768
24 59 766
29 84 1038
68 60 1807
23 93 884
71 56 1070
58 46 1172
12 19 159
58 74 2804
9 49 212
81 10 2270
70 53 1167
20 13 744
94 16 184
37 87 706
16 90 1919
92 97 922
3 28 2855
33 19 1208
2 13 717
64 37 58
18 90 789
56 64 2298
78 25 35
22 14 1311
7 0 2147
34 46 51
34 13 17
34 51 68
34 29 31
34 11 69
34 48 84
34 80 93
34 89 54
34 78 75
34 3 13
34 97 71
34 95 6
34 15 83
34 31 23
34 37 52
34 69 80
34 23 4
34 20 28
34 66 30
34 10 86
34 19 89
34 50 31
34 56 82
34 44 88
34 77 22
34 49 11
34 86 89
34 18 25
34 43 66
34 72 82
34 6 84
34 9 62
34 27 40
34 87 87
34 68 37
34 38 60
34 16 44
34 84 57
0 83 30
3 83 77
4 83 45
6 83 99
7 83 42
9 83 59
11 83 14
13 83 38
16 83 15
17 83 76
18 83 45
21 83 83
22 83 3
25 83 87
27 83 92
29 83 65
33 83 63
40 83 62
43 83 15
45 83 96
48 83 21
49 83 19
50 83 44
51 83 10
54 83 13
55 83 17
60 83 37
61 83 56
62 83 86
63 83 79
64 83 77
69 83 76
72 83 59
78 83 42
79 83 64
81 83 21
82 83 2
87 83 91
88 83 68
90 83 92
95 83 71
