19
11
0 1 245
0 2 155
0 3 94
0 9 220
0 12 137
0 13 40
0 14 376
0 18 425
0 21 323
0 22 332
0 24 238
0 25 378
0 26 93
0 27 372
0 28 248
0 29 438
1 0 517
1 2 412
1 3 300
1 4 506
1 5 376
1 9 50
1 10 54
1 12 564
1 13 608
1 14 294
1 15 602
1 17 294
1 18 546
1 21 563
1 23 74
1 24 428
1 26 278
1 27 590
1 28 590
1 29 118
2 1 422
2 3 216
2 4 273
2 5 395
2 6 366
2 7 466
2 8 341
2 9 463
2 10 228
2 13 354
2 14 138
2 15 576
2 16 77
2 17 430
2 18 584
2 20 138
2 21 404
2 24 579
2 25 545
2 26 349
2 27 18
2 28 22
2 29 163
3 0 337
3 1 457
3 5 174
3 7 195
3 8 36
3 10 552
3 12 496
3 13 171
3 16 342
3 17 399
3 18 90
3 21 608
3 22 108
3 23 518
3 24 599
3 25 446
3 27 286
3 28 239
3 29 290
4 0 37
4 1 288
4 2 317
4 3 54
4 5 203
4 6 525
4 9 471
4 12 392
4 13 58
4 14 404
4 15 93
4 16 504
4 17 217
4 18 418
4 20 389
4 22 23
4 23 276
4 26 289
5 0 587
5 1 410
5 2 342
5 6 526
5 7 264
5 8 426
5 10 498
5 14 431
5 15 498
5 16 368
5 17 601
5 18 323
5 20 554
5 24 58
5 25 494
5 28 513
6 0 248
6 1 100
6 2 607
6 3 408
6 4 466
6 7 369
6 12 341
6 13 585
6 16 278
6 17 439
6 18 29
6 20 248
6 22 274
6 23 150
6 24 588
6 25 75
6 28 181
6 29 581
7 0 151
7 1 372
7 3 48
7 5 475
7 6 12
7 8 1
7 10 175
7 12 394
7 14 508
7 15 69
7 17 125
7 18 350
7 20 238
7 21 367
7 22 150
7 23 68
7 24 440
7 25 106
7 26 430
7 27 594
7 28 22
7 29 403
8 0 234
8 1 492
8 2 359
8 3 41
8 5 97
8 7 277
8 10 105
8 13 502
8 14 3
8 17 482
8 18 402
8 20 12
8 22 129
8 23 435
8 24 42
8 25 487
8 28 308
8 29 169
9 0 452
9 2 307
9 3 503
9 5 302
9 6 358
9 8 412
9 10 230
9 13 82
9 14 539
9 15 203
9 16 606
9 17 228
9 20 417
9 23 186
9 24 112
9 25 447
9 26 490
9 27 512
9 28 255
9 29 177
10 0 4
10 1 593
10 3 490
10 4 27
10 7 99
10 9 70
10 12 407
10 13 326
10 14 100
10 15 198
10 17 126
10 18 560
10 20 470
10 21 162
10 23 502
10 26 24
10 28 97
10 29 92
12 0 144
12 1 161
12 4 41
12 7 478
12 9 504
12 10 50
12 14 540
12 15 383
12 16 52
12 20 207
12 23 464
12 24 213
12 25 392
12 27 567
12 29 465
13 0 318
13 4 210
13 5 110
13 7 608
13 10 309
13 12 247
13 14 533
13 15 547
13 16 217
13 17 1
13 18 211
13 21 218
13 22 2
13 23 214
13 24 215
13 26 134
13 27 601
13 28 201
13 29 595
14 0 457
14 2 320
14 5 175
14 7 487
14 8 403
14 9 592
14 12 400
14 15 375
14 16 175
14 20 79
14 22 107
14 23 439
14 24 144
14 25 178
14 26 234
14 27 539
14 28 436
14 29 128
15 0 161
15 1 386
15 3 453
15 4 136
15 5 547
15 6 421
15 7 476
15 8 204
15 9 573
15 12 71
15 13 158
15 14 414
15 16 420
15 18 231
15 20 157
15 22 443
15 23 426
15 24 521
15 25 414
15 27 296
15 28 174
15 29 242
16 0 139
16 1 362
16 2 512
16 3 315
16 4 504
16 5 91
16 6 282
16 8 326
16 9 517
16 10 551
16 12 506
16 13 566
16 14 76
16 15 439
16 17 428
16 18 555
16 21 17
16 22 552
16 25 426
16 26 116
16 27 172
16 28 436
16 29 371
17 0 230
17 1 559
17 2 263
17 4 231
17 6 373
17 7 557
17 8 296
17 9 373
17 10 282
17 13 304
17 14 161
17 16 169
17 20 283
17 21 504
17 23 400
17 24 332
17 26 342
17 27 30
17 28 515
18 1 256
18 3 319
18 5 568
18 8 108
18 9 245
18 12 148
18 13 390
18 14 527
18 15 535
18 17 240
18 20 582
18 23 386
18 25 580
18 28 68
18 29 82
20 0 292
20 2 173
20 5 483
20 6 59
20 8 569
20 9 184
20 10 325
20 14 197
20 18 485
20 21 58
20 23 396
20 24 529
20 25 452
20 26 565
20 28 410
20 29 606
21 1 107
21 2 521
21 3 608
21 6 116
21 7 283
21 8 266
21 9 148
21 10 501
21 12 189
21 13 102
21 17 33
21 20 117
21 22 192
21 23 440
21 24 447
21 26 276
21 27 20
21 28 538
21 29 431
22 1 177
22 3 93
22 10 257
22 12 282
22 14 491
22 15 486
22 16 239
22 17 408
22 20 369
22 21 495
22 23 435
22 24 246
22 25 334
22 27 499
22 28 542
23 5 540
23 7 167
23 8 90
23 10 174
23 12 341
23 13 569
23 14 156
23 15 94
23 16 199
23 17 112
23 20 123
23 22 132
23 24 428
23 25 334
23 26 271
23 29 531
24 2 400
24 3 364
24 4 268
24 7 197
24 8 431
24 9 81
24 10 340
24 12 325
24 14 471
24 15 359
24 16 297
24 20 561
24 23 351
24 26 101
24 27 528
24 28 400
24 29 590
25 0 203
25 1 64
25 2 575
25 3 65
25 4 7
25 6 351
25 8 388
25 9 110
25 10 390
25 12 599
25 13 83
25 14 9
25 15 91
25 17 461
25 18 361
25 20 153
25 22 580
25 23 413
25 24 437
25 26 422
25 27 228
25 28 426
26 1 145
26 2 444
26 4 482
26 6 428
26 9 251
26 10 489
26 12 430
26 13 573
26 14 138
26 16 364
26 17 503
26 18 42
26 20 189
26 21 396
26 22 227
26 23 479
26 25 244
26 27 551
26 28 291
27 2 186
27 3 160
27 6 259
27 7 238
27 8 10
27 10 451
27 12 605
27 13 519
27 14 100
27 16 136
27 21 481
27 22 107
27 23 514
27 24 159
27 25 402
27 26 276
27 28 277
27 29 111
28 1 226
28 2 27
28 4 565
28 5 577
28 6 418
28 7 487
28 9 555
28 10 61
28 12 484
28 13 606
28 16 458
28 18 348
28 20 245
28 21 286
28 22 508
28 24 298
28 25 82
28 26 248
28 27 275
28 29 519
29 1 373
29 2 415
29 3 594
29 4 227
29 5 475
29 6 376
29 8 370
29 10 74
29 12 79
29 13 274
29 14 467
29 16 156
29 17 380
29 18 292
29 20 140
29 21 107
29 24 591
29 25 429
29 26 507
19 0 8
19 1 5
19 2 25
19 4 25
19 9 2
19 10 3
19 12 26
19 13 9
19 15 11
19 16 18
19 17 13
19 20 27
19 22 2
19 24 5
19 25 5
19 26 28
19 27 21
19 28 0
0 11 16
1 11 9
2 11 4
4 11 16
5 11 2
6 11 18
7 11 22
8 11 18
10 11 10
12 11 27
14 11 29
15 11 15
17 11 15
20 11 13
21 11 12
26 11 29
28 11 9
