42
58
20 13 0
98 1 0
85 77 0
27 71 1
46 90 4
3 73 2
75 24 1
90 97 1
75 27 2
34 61 1
51 82 3
77 67 3
65 54 0
72 25 4
54 12 12
90 64 5
63 97 13
2 85 18
50 77 8
74 68 20
32 34 9
93 43 4
76 38 18
89 77 0
59 46 9
28 78 20
77 68 23
48 2 12
63 27 26
20 0 3
84 23 3
24 49 28
52 32 6
63 85 24
92 81 24
92 28 33
38 78 16
51 34 18
17 40 37
10 90 28
87 85 1
47 53 27
86 13 26
40 45 1
53 67 25
35 95 34
20 5 16
86 40 15
31 8 2
86 10 34
71 73 44
17 81 51
88 95 48
70 91 10
12 0 14
29 49 33
97 45 43
24 12 17
28 77 53
31 70 19
24 97 25
8 60 41
75 60 49
4 62 59
87 97 45
79 63 30
95 37 68
6 15 55
22 65 3
17 98 46
55 13 50
10 88 14
44 19 13
30 99 36
36 29 4
65 45 47
88 55 53
91 66 50
37 2 14
65 32 64
46 15 7
23 54 61
92 72 77
77 55 8
57 10 0
62 61 51
44 39 53
78 54 74
10 98 3
68 16 21
91 67 18
30 15 24
1 43 47
62 80 21
68 41 22
53 81 97
32 93 88
63 79 74
78 52 0
93 57 18
23 74 14
98 43 71
56 54 54
64 29 33
98 49 61
97 80 42
14 18 100
35 68 31
64 90 20
71 24 40
97 75 4
66 95 21
4 81 32
25 80 43
46 96 51
2 43 35
55 11 114
40 80 75
28 80 92
92 47 93
13 7 35
21 94 107
57 66 89
87 10 80
4 54 128
54 30 43
5 9 69
82 33 130
46 45 79
53 71 34
57 16 2
64 85 9
43 34 18
33 37 78
29 7 72
51 84 130
28 96 46
45 33 69
28 72 58
95 75 84
92 85 7
51 21 5
55 40 40
48 36 14
93 62 74
51 89 71
94 33 119
35 17 35
9 7 77
65 93 54
31 56 24
91 82 124
26 39 138
27 62 79
83 11 86
33 96 0
92 30 25
14 81 16
60 45 46
70 47 81
43 23 47
24 27 59
7 5 100
7 97 86
89 1 8
91 99 29
0 28 169
15 51 8
93 21 88
64 41 70
41 7 79
23 90 116
39 19 46
35 31 142
94 53 17
59 37 70
22 57 89
79 91 63
17 0 102
73 54 70
62 60 156
69 82 90
7 56 155
56 93 93
41 24 16
83 47 15
33 8 64
99 86 68
92 40 154
64 32 13
11 65 122
85 97 17
77 76 171
29 6 194
11 68 43
66 55 95
32 14 192
57 0 117
0 75 204
26 84 41
90 3 34
47 49 51
57 13 167
95 9 193
60 91 147
63 14 94
27 86 207
91 1 180
18 95 114
74 22 89
23 16 208
18 5 122
60 43 187
30 72 73
7 45 187
27 75 146
68 28 86
44 7 170
52 60 101
35 8 136
90 24 99
39 85 48
22 86 133
64 60 216
27 84 114
35 18 98
87 37 191
31 6 134
81 6 25
15 72 20
98 31 124
68 45 207
90 83 29
76 85 183
28 18 51
23 93 43
4 72 200
43 64 233
8 88 109
48 73 135
68 25 86
78 71 99
47 2 42
93 24 186
99 68 187
53 48 166
97 61 240
63 34 231
24 89 127
49 11 222
71 53 146
72 93 198
31 53 14
53 69 195
9 46 76
61 2 202
81 11 264
26 49 76
3 59 102
32 48 8
77 71 68
77 34 74
72 17 151
0 89 166
46 99 190
93 12 113
24 68 219
87 48 29
45 50 87
32 89 128
77 54 227
80 69 16
2 4 280
38 63 256
43 38 128
20 45 161
82 65 214
99 90 124
49 89 253
0 31 82
47 22 56
32 90 122
74 16 39
25 98 95
78 17 111
5 10 10
86 83 267
16 96 6
49 36 0
40 99 204
1 18 45
88 71 208
33 48 232
81 52 105
50 51 298
45 23 27
53 25 72
48 83 299
86 77 228
1 0 171
37 78 181
30 96 109
19 86 284
65 47 153
89 93 25
55 47 132
64 96 78
85 69 15
9 12 307
36 81 229
10 60 202
79 60 184
47 83 8
94 67 168
1 12 297
57 89 91
40 73 236
70 80 284
24 1 89
49 20 116
7 57 131
2 19 24
97 51 146
9 19 69
55 49 101
36 44 327
60 95 96
18 15 169
95 72 45
60 96 249
98 93 59
13 93 34
37 16 143
56 10 113
48 96 8
89 17 114
11 26 69
6 71 170
90 82 123
95 57 61
55 61 5
38 27 32
6 90 305
30 56 195
97 24 203
90 9 254
51 56 68
13 90 256
24 4 151
35 3 204
16 99 127
50 4 69
22 69 271
94 81 251
3 81 72
76 7 241
14 6 183
66 48 129
65 91 229
85 59 353
70 74 304
2 63 232
39 99 158
39 74 137
11 28 23
41 83 297
76 23 283
98 84 288
75 84 241
85 93 208
66 47 120
39 76 379
98 55 58
72 28 297
52 11 214
52 76 197
20 96 350
81 46 174
37 90 146
81 45 289
62 97 50
90 41 62
56 84 287
11 87 333
78 83 10
12 5 199
32 2 163
16 64 242
34 98 296
44 14 140
95 17 188
61 82 395
4 44 270
4 78 180
79 26 346
98 59 381
40 83 105
90 17 195
41 74 393
55 19 241
12 63 216
0 73 271
69 16 145
7 79 62
28 90 162
82 9 387
95 69 267
70 28 221
22 29 33
36 11 217
80 77 291
3 0 311
59 31 85
2 64 366
87 57 304
54 49 53
63 94 62
59 69 208
9 41 179
99 29 380
55 30 71
36 56 114
13 61 11
24 32 77
83 33 146
63 55 280
36 5 250
10 78 324
67 78 309
15 19 403
34 54 258
16 38 58
83 66 330
0 97 265
73 81 336
33 1 368
64 20 149
56 7 362
32 21 353
40 50 101
32 82 165
62 0 171
2 47 435
37 77 159
15 73 0
65 26 299
8 13 236
64 55 443
34 20 146
71 80 401
0 3 277
2 52 167
29 41 403
89 94 59
3 21 239
0 10 296
65 20 118
99 55 42
78 2 131
91 69 43
30 63 414
51 70 47
82 21 379
40 21 426
18 87 132
19 39 104
36 38 268
48 78 347
81 26 431
12 30 83
36 71 245
6 27 17
31 96 293
8 98 362
60 69 64
90 49 373
17 19 14
62 24 251
5 3 324
81 78 332
83 85 401
3 66 2
53 15 247
35 52 168
91 59 268
74 84 496
23 52 408
75 94 490
10 11 72
17 91 198
54 16 267
17 97 93
18 39 234
54 48 167
10 6 308
66 94 514
3 52 342
75 52 60
67 22 487
1 49 304
39 84 55
16 3 427
88 25 62
55 76 19
99 32 375
60 5 145
45 30 285
68 35 37
23 24 381
9 8 57
50 34 209
56 92 182
38 26 344
72 71 202
32 56 267
71 92 168
80 57 210
65 11 497
65 92 150
45 85 77
36 97 377
73 65 532
15 46 65
90 70 224
27 77 51
86 59 29
24 56 88
51 33 185
90 18 178
33 31 491
59 29 535
62 26 359
37 25 327
32 68 269
79 22 509
81 13 308
17 1 538
80 0 443
96 91 388
61 97 31
37 34 417
4 2 345
92 34 92
26 82 323
95 77 194
44 35 223
83 36 243
63 29 275
94 73 178
8 50 154
63 80 306
39 91 530
33 0 132
30 32 450
71 8 136
24 70 62
60 70 251
70 97 495
10 5 385
73 98 101
85 22 366
69 31 46
10 31 464
90 93 246
92 80 157
86 51 417
57 7 257
6 65 274
40 49 335
0 78 552
44 31 556
31 81 536
78 20 567
40 52 418
53 92 424
30 20 166
66 5 317
87 73 300
84 49 419
79 71 172
46 37 416
16 71 150
50 68 194
15 35 162
92 56 272
59 71 393
68 82 471
3 8 145
71 94 258
39 95 82
16 41 430
16 97 174
67 98 402
64 35 375
92 98 322
83 81 513
23 13 428
94 44 583
25 81 74
7 15 509
20 36 402
90 71 269
12 79 125
48 37 479
15 11 318
51 30 195
22 26 315
41 11 87
75 38 164
31 91 380
69 26 46
96 48 202
15 71 326
61 25 160
82 78 89
85 23 291
47 89 593
12 56 638
57 9 592
49 29 186
37 95 60
5 57 554
72 64 327
40 44 454
81 7 367
31 50 555
89 55 265
20 24 281
66 87 273
37 52 228
43 32 605
84 99 109
50 10 93
96 66 494
90 8 276
51 12 585
65 23 124
91 93 522
19 15 244
17 77 644
53 31 454
43 92 196
63 84 509
73 51 86
3 14 422
53 16 405
39 70 392
50 3 303
41 69 506
82 18 667
8 76 626
3 96 222
92 10 592
32 63 9
49 56 75
8 57 109
1 46 260
10 86 627
2 8 298
46 76 465
57 34 519
89 85 459
14 78 663
26 76 248
30 13 277
49 27 77
92 29 90
94 98 462
67 45 41
72 9 541
2 79 436
23 53 142
56 17 295
15 85 310
6 20 71
21 45 533
11 31 381
45 80 92
51 48 34
83 35 193
2 99 173
31 14 699
11 96 610
15 32 491
33 24 600
30 16 637
57 85 140
4 5 653
83 39 661
5 1 489
97 13 106
60 94 478
33 94 575
86 33 266
90 99 635
67 74 712
93 79 651
41 99 666
40 54 481
71 47 294
78 33 641
52 46 648
26 5 398
29 75 648
81 87 312
51 25 13
74 97 130
85 76 104
80 81 231
51 78 104
6 13 27
85 5 675
37 53 509
65 76 258
19 29 188
93 83 722
2 32 249
22 97 34
13 57 302
44 16 708
50 95 95
87 38 157
96 44 607
87 9 593
1 6 478
93 89 280
82 17 639
83 86 319
12 49 91
8 21 457
83 73 525
39 73 75
53 40 275
38 87 723
27 21 591
21 23 221
79 84 374
84 5 381
54 71 471
89 15 717
91 26 491
33 50 758
10 41 460
65 13 617
67 43 352
45 20 444
34 44 695
27 28 422
33 40 706
13 60 340
71 46 304
95 49 156
20 72 656
50 0 496
81 64 660
23 98 266
17 33 508
49 15 647
86 49 505
3 57 307
12 92 290
6 54 754
76 77 775
16 65 476
29 5 660
28 48 558
51 47 64
46 39 470
24 37 285
26 86 505
23 28 40
87 5 519
14 43 671
7 51 69
62 63 155
11 89 104
29 53 438
99 89 57
24 73 460
44 96 154
17 60 449
18 67 160
47 88 362
21 86 304
78 22 42
60 46 293
45 82 347
26 90 287
30 50 342
23 17 717
98 7 354
15 50 281
51 0 130
66 40 184
81 54 132
0 51 54
55 81 561
74 59 707
2 30 307
37 22 248
37 27 557
25 78 234
96 88 257
65 5 517
84 93 731
62 18 69
67 87 62
7 98 680
97 70 715
60 88 402
78 12 583
90 57 404
10 14 313
70 94 166
32 60 197
21 83 128
52 9 487
65 31 682
44 50 244
1 79 479
37 21 550
2 90 661
81 65 165
65 38 63
80 71 329
91 88 289
65 96 166
23 1 745
51 74 553
70 32 70
90 2 424
31 43 823
4 51 396
63 2 722
95 92 535
28 59 367
72 6 225
80 17 596
40 78 174
41 63 685
88 91 729
32 5 685
50 99 817
19 27 630
81 88 549
35 69 640
47 90 583
47 74 589
39 27 202
80 29 819
1 98 197
52 51 753
98 0 863
89 57 277
55 69 106
97 73 49
80 4 141
94 72 244
19 73 673
10 73 523
83 72 361
38 17 650
33 41 585
39 11 892
9 73 173
26 35 143
35 75 619
50 9 60
8 71 342
83 67 236
36 98 183
91 15 291
92 57 263
70 75 558
32 44 547
47 41 503
30 27 61
78 41 125
64 4 113
38 43 409
24 41 40
57 65 168
5 89 43
71 86 849
20 57 385
29 92 396
30 17 887
79 50 675
17 72 629
15 94 557
83 64 244
24 63 874
72 30 593
47 77 159
63 51 23
71 11 886
93 37 838
9 60 709
33 91 801
83 89 341
26 89 83
41 9 129
80 5 457
40 86 520
86 98 460
66 30 517
88 84 531
77 82 933
39 59 272
3 92 204
46 62 438
31 37 732
38 99 757
71 14 741
7 47 401
17 75 775
66 25 705
94 28 409
61 66 716
52 85 111
17 63 869
29 11 13
94 80 658
26 68 321
96 27 199
82 43 694
65 2 745
53 96 294
62 10 223
55 32 874
27 6 411
38 11 766
60 16 504
70 17 223
83 24 870
24 45 392
46 82 504
67 83 126
0 37 573
27 41 563
28 30 782
71 56 13
7 2 0
50 56 100
2 78 911
28 81 270
90 53 385
32 43 913
36 92 728
13 77 446
20 39 61
75 59 643
14 57 506
54 21 671
98 48 720
69 90 550
68 7 846
79 24 989
81 91 651
22 21 607
69 95 153
12 98 402
89 78 532
68 46 772
34 29 778
3 55 639
68 92 257
48 44 587
32 67 240
12 77 368
47 50 502
22 34 35
43 1 281
27 40 170
26 45 168
78 62 0
75 45 921
70 54 795
92 4 499
96 28 945
85 62 618
21 49 406
68 95 103
4 9 584
66 27 174
97 98 975
85 88 557
37 43 9
96 32 1027
64 19 476
98 76 266
67 25 640
21 36 93
45 57 45
43 30 582
62 6 137
85 40 471
33 71 120
17 88 765
51 19 990
59 50 685
78 92 697
97 68 765
53 89 897
51 26 766
31 30 264
52 34 293
50 2 556
5 91 495
69 45 243
23 37 822
11 83 893
51 40 135
3 69 530
0 99 220
11 37 1022
38 85 51
26 37 79
78 90 409
52 78 447
13 9 568
3 76 546
81 3 442
59 16 3
99 9 1025
66 70 390
35 59 255
52 14 989
62 88 1006
41 68 431
22 51 134
60 50 957
13 97 114
35 54 622
74 41 1031
26 62 98
29 70 137
57 45 630
54 39 523
84 38 84
15 80 154
25 22 608
15 87 427
60 66 1031
45 66 583
33 29 741
61 17 310
88 69 184
32 18 200
8 78 512
6 17 1075
34 26 585
8 53 370
38 14 933
31 78 788
28 79 773
0 85 1051
45 72 1063
55 2 290
88 97 309
85 96 1035
84 59 140
12 89 244
73 55 217
1 51 832
87 83 310
39 5 626
33 23 873
95 84 145
66 67 612
56 0 285
28 29 1046
90 10 3
61 92 505
63 15 1054
71 79 36
48 6 591
76 65 62
24 62 830
87 23 417
28 7 504
37 18 617
17 34 284
76 4 917
81 18 313
63 91 1012
68 69 921
5 45 1070
69 27 794
76 28 588
60 53 578
46 36 55
91 60 474
59 82 421
83 87 335
57 59 804
56 49 1136
43 57 889
52 44 893
9 38 1017
85 65 186
36 69 648
38 37 1073
23 68 151
37 83 739
40 9 751
56 31 904
15 75 910
43 84 1116
18 64 540
90 77 100
25 46 945
81 27 446
0 21 632
12 37 509
53 66 580
9 81 113
12 35 532
7 37 548
82 75 16
88 62 988
49 95 107
95 39 821
17 47 377
54 88 1079
76 10 526
74 86 862
76 14 822
21 63 281
91 17 1007
90 0 21
98 17 1086
0 33 445
44 76 484
57 82 336
56 5 667
22 93 1034
79 1 603
31 23 28
47 64 73
87 12 435
71 15 1085
93 78 365
66 71 372
40 90 472
19 12 1074
10 85 29
72 95 813
60 13 1119
93 23 959
60 19 587
67 13 412
21 18 366
20 25 477
45 79 392
17 25 767
49 61 643
95 87 1046
88 80 593
59 66 542
70 1 528
73 69 667
88 45 102
45 44 374
5 82 539
67 46 734
87 7 133
9 93 672
1 75 1205
20 61 609
85 6 658
89 60 458
17 8 255
98 80 779
84 92 544
14 97 431
94 63 964
2 0 345
92 11 414
24 46 249
9 20 582
96 90 1192
21 99 1221
36 17 585
83 99 164
40 95 1108
66 41 770
84 36 65
16 46 484
21 19 200
33 97 776
4 16 673
66 7 556
75 47 512
57 52 968
25 35 348
54 6 1034
98 12 826
32 6 714
82 45 469
47 38 277
86 90 1091
33 53 1233
33 26 1187
38 10 889
74 54 1100
68 33 793
15 77 1095
67 76 1105
50 19 962
65 86 176
96 22 74
43 99 598
55 10 980
12 83 150
54 77 986
22 0 757
51 80 291
41 26 845
79 46 625
10 37 546
39 21 747
62 93 228
65 55 643
3 51 244
27 96 1232
97 49 151
57 79 329
41 37 350
68 80 188
67 50 1079
22 19 41
47 85 551
68 50 222
81 19 820
63 13 819
8 85 76
90 50 704
22 47 1159
53 46 246
1 60 1284
76 94 465
44 69 959
83 91 377
48 8 463
19 51 1186
43 7 766
56 36 878
60 1 974
24 66 1198
35 4 339
53 17 1239
77 51 112
12 64 1254
87 63 958
31 99 967
54 28 1058
45 69 648
83 22 1019
90 38 981
36 46 15
78 11 503
64 47 496
25 55 298
13 31 864
4 65 1081
19 23 1045
50 48 975
70 13 883
68 36 735
95 30 48
28 15 303
70 10 889
50 53 841
33 86 640
1 39 937
40 24 128
52 93 332
78 74 184
8 80 30
31 26 359
83 65 903
40 61 187
77 91 1064
87 82 549
52 92 255
15 22 118
13 45 590
46 51 41
93 9 245
64 0 771
56 82 537
7 8 283
16 10 517
84 35 1137
76 62 754
64 99 596
18 19 100
5 60 998
29 72 984
88 85 765
96 15 305
65 52 146
23 70 1353
29 63 1304
13 22 846
82 10 190
5 4 169
55 80 1082
95 51 125
29 9 1120
30 12 507
63 26 722
9 63 947
9 52 640
4 52 464
61 89 939
77 13 212
68 88 529
16 2 262
81 8 57
63 11 400
28 53 7
47 14 559
16 23 233
98 15 1237
15 38 1330
46 10 413
38 22 943
46 74 1352
20 18 1326
49 85 567
95 67 570
55 86 915
59 80 1089
49 52 710
4 92 1032
15 0 1056
53 75 874
82 64 1082
38 67 997
41 47 85
14 26 1055
87 99 1094
68 29 1148
73 87 158
79 52 1224
23 64 1104
98 70 559
17 50 1055
41 16 1304
37 73 397
18 71 508
49 78 1172
50 46 559
96 86 755
55 74 523
89 34 1394
13 44 281
3 17 389
49 16 1048
32 7 279
28 4 363
97 59 989
23 87 655
10 64 689
57 35 1216
36 25 323
15 17 1415
63 40 1318
62 95 669
28 50 284
57 87 817
36 85 934
66 23 1243
9 85 1188
78 86 192
64 38 143
44 34 391
38 34 801
59 32 387
13 95 1028
88 89 519
31 18 737
67 73 557
18 28 762
10 93 1155
98 53 721
50 96 1034
51 62 987
70 66 1238
29 50 1251
39 34 521
36 52 615
38 61 334
9 54 1273
71 37 631
44 94 747
99 10 668
32 98 684
95 52 1097
25 12 545
16 80 920
65 4 1274
8 38 1310
80 25 336
19 90 84
11 88 489
77 60 723
80 37 208
92 59 838
94 62 790
35 11 1346
90 7 244
57 5 1462
63 86 853
29 55 1417
82 11 721
68 38 475
46 85 956
7 75 1172
11 84 531
75 85 129
29 94 459
84 11 1226
45 17 266
12 69 752
50 21 34
76 36 1067
69 2 396
18 77 732
74 15 1063
23 67 880
54 65 895
25 92 896
44 53 23
37 11 1032
25 66 835
77 2 980
79 48 1094
5 28 1014
23 63 1386
92 33 1041
94 5 221
21 80 347
74 4 1146
7 91 981
87 79 302
59 45 1184
80 97 983
54 60 525
87 96 498
22 50 1500
40 85 445
78 43 851
7 59 668
69 61 235
84 26 571
75 97 1097
54 0 1327
67 56 1041
66 37 1228
82 93 1050
70 84 551
79 19 545
6 98 515
73 61 1427
93 14 1087
18 79 523
73 21 1321
45 9 433
61 37 1018
37 28 1279
85 49 9
78 28 982
79 37 447
40 31 606
89 16 227
73 97 1475
35 66 910
56 79 362
5 84 839
28 92 1524
23 78 1123
37 1 1191
36 9 1283
81 80 636
1 53 1131
20 27 1096
93 71 1373
47 54 729
90 92 210
31 47 389
12 33 842
74 34 612
95 54 592
43 24 962
62 53 118
25 86 253
10 34 881
66 96 243
83 46 1468
27 12 468
10 49 568
29 27 1104
78 85 1330
31 11 1315
96 47 376
30 11 1312
94 99 279
70 52 394
20 32 675
68 55 965
88 1 295
91 44 90
95 1 1067
66 77 523
7 99 1027
27 46 750
9 97 133
60 99 351
6 80 1400
68 66 897
85 94 187
35 84 435
53 94 1054
16 27 1329
25 73 592
38 35 1590
29 10 592
0 76 142
74 21 1022
60 63 1090
90 28 186
21 47 749
85 72 156
6 72 691
44 90 1457
86 73 1123
81 72 1166
46 79 854
84 25 300
11 53 935
23 91 441
19 77 892
83 38 1570
14 35 650
93 67 1498
54 9 64
98 38 1226
20 63 439
69 40 880
23 60 265
29 64 900
47 68 303
76 53 1547
0 71 291
0 13 963
88 76 283
5 49 645
62 98 982
17 14 1480
46 67 1621
10 76 811
37 57 971
47 55 201
6 61 1141
61 16 1367
70 35 13
95 78 1376
71 77 1375
49 14 864
36 23 1526
90 14 270
72 24 296
71 61 1541
27 38 609
78 82 24
17 37 245
75 11 859
41 34 1030
26 47 831
69 10 1000
14 56 631
86 79 923
52 66 1099
55 21 388
3 49 269
74 60 646
65 57 648
18 56 253
56 66 945
79 57 1340
81 2 125
82 16 659
93 34 88
38 4 1153
23 6 807
76 3 146
10 52 220
88 82 153
29 17 1015
3 44 533
92 15 219
78 94 86
57 18 78
24 15 1459
62 29 345
91 95 1573
91 76 1190
31 89 1454
87 28 982
43 70 1056
59 43 1421
65 53 797
25 59 1184
63 23 1489
93 18 274
34 39 445
7 31 693
56 81 494
74 87 380
29 1 247
27 0 583
93 48 807
67 21 880
2 7 1046
7 6 483
4 74 1286
25 33 1008
78 73 222
7 13 1363
62 33 1408
61 4 467
41 31 819
11 41 523
73 62 1212
50 78 1230
12 71 950
41 8 1685
13 19 630
34 70 264
48 9 705
30 75 893
15 66 186
73 77 1084
93 65 325
33 93 720
3 7 433
9 22 394
54 4 1115
59 47 906
41 91 378
38 71 393
84 94 1328
29 57 1312
60 20 243
30 69 1375
1 93 1351
59 4 772
84 31 793
28 20 1025
28 62 1065
62 72 476
37 86 792
98 72 504
44 87 1454
22 63 94
76 54 193
66 61 1268
39 13 117
94 88 1034
5 93 1593
83 43 27
82 1 437
88 7 952
62 28 1014
65 43 77
21 54 75
94 21 672
5 24 378
90 69 688
30 35 450
95 22 995
6 63 1636
21 93 103
3 74 1374
72 89 100
4 22 662
80 12 1350
72 62 307
28 21 164
54 76 225
72 57 1104
32 65 157
63 20 1106
9 25 1475
89 74 1415
47 92 1371
71 6 1352
48 54 1525
39 23 303
45 6 786
70 71 1252
43 68 966
92 61 488
86 67 78
18 65 853
11 29 827
33 10 639
98 40 1300
54 5 1634
2 31 1595
85 70 787
99 61 657
57 24 1526
80 86 7
19 52 432
18 74 1337
27 90 258
15 28 90
15 74 1623
33 72 1692
94 76 197
17 62 1150
50 5 1066
17 53 1611
86 38 573
61 18 1019
11 79 1386
34 50 1152
46 27 639
0 80 453
69 43 690
56 91 82
18 53 680
85 16 119
16 74 1481
4 86 700
67 84 596
8 81 442
30 97 1755
1 7 847
77 92 90
52 75 1758
34 43 550
12 14 1577
86 48 1734
29 52 1744
49 17 1129
55 65 1557
30 10 1319
5 36 1169
73 22 1741
29 15 718
83 13 483
77 52 1394
87 46 517
47 82 432
52 36 1634
34 36 555
63 65 56
53 11 559
18 11 889
18 44 20
80 41 416
38 31 1353
47 23 937
85 28 736
87 14 1702
0 19 1078
14 59 194
96 0 561
57 49 404
80 76 709
56 75 1531
4 57 362
85 64 1732
15 44 1727
99 45 1671
47 4 518
37 54 1101
96 60 149
76 26 1456
17 93 304
48 18 1689
73 90 673
65 50 1555
21 1 153
59 92 1560
16 84 1848
20 80 1501
61 72 861
96 79 771
78 6 732
47 29 92
13 92 268
1 24 1305
14 79 874
52 56 1865
52 26 392
57 25 260
21 85 1288
75 21 199
49 31 54
65 88 784
68 64 752
29 32 570
89 41 795
74 51 1440
8 44 385
20 17 1427
56 2 453
48 16 1792
75 44 326
65 56 328
28 60 1775
92 21 1672
30 92 1624
56 24 923
86 62 174
49 10 1177
97 54 1721
23 5 130
53 57 957
68 53 492
9 76 930
87 19 655
29 18 1348
65 82 1293
45 98 721
21 43 711
21 27 964
65 90 570
74 14 417
47 69 1830
64 75 829
77 14 1114
4 7 64
93 68 578
68 86 1653
5 31 111
80 33 1222
19 31 96
39 93 814
14 84 895
25 62 1434
70 82 621
2 60 5
14 39 1356
89 12 1075
60 40 917
46 33 1802
8 6 1855
80 22 1808
43 6 1655
11 20 1651
7 90 1312
70 39 948
83 28 586
70 37 321
48 74 356
44 8 125
49 70 1085
72 22 55
21 11 1424
83 20 1096
12 15 1270
28 17 686
53 22 969
79 32 1933
26 44 1912
14 64 1211
43 22 1473
81 10 1541
72 18 977
16 40 1900
44 97 987
64 25 645
4 64 368
91 92 1058
67 39 9
30 24 120
89 0 1303
44 67 1638
46 25 169
76 51 1067
31 85 682
38 3 250
67 81 775
21 22 1165
30 89 1480
43 9 1452
71 87 1457
89 68 500
92 48 1272
74 55 1618
17 59 1524
43 73 592
86 8 1011
56 23 1063
34 55 1072
30 29 821
92 20 497
71 70 144
22 41 136
74 64 629
74 44 437
49 65 1103
99 92 1690
2 88 908
97 71 1898
35 97 1103
62 27 1545
85 61 913
10 47 1882
76 57 35
34 99 1594
45 84 720
95 96 948
30 25 45
22 46 1008
21 10 1623
53 93 377
46 83 523
76 96 1176
66 4 374
8 63 1437
86 36 1240
72 7 1716
11 43 263
44 28 1246
50 60 649
2 46 28
7 9 1522
37 19 1725
96 45 1040
56 25 1205
30 59 1843
25 87 128
22 88 1386
88 0 1379
97 64 1775
28 51 316
99 7 1550
79 96 1883
47 87 1785
34 78 1062
45 12 1941
62 52 1233
90 21 773
83 52 1589
0 74 1880
30 82 432
62 21 1587
8 89 1098
25 61 1279
43 93 740
60 25 1550
36 0 593
96 16 135
15 5 1464
79 27 1331
47 3 103
38 73 1618
17 38 2020
87 17 1220
53 55 298
13 17 1878
30 4 1426
40 46 1185
63 68 1969
73 2 590
51 9 287
93 33 664
20 6 0
30 8 1448
39 28 1856
4 84 111
84 15 1129
1 44 1618
95 73 486
10 71 1101
19 7 237
26 63 2035
15 29 831
29 65 1022
30 28 247
92 94 1539
48 19 1647
35 47 1342
0 94 554
0 25 1474
12 4 1986
57 28 1194
43 36 1180
75 0 764
86 99 1581
86 76 1650
81 56 405
21 95 2060
26 34 159
40 51 198
93 53 652
64 54 2066
48 31 788
53 95 574
53 64 1709
45 22 1530
85 32 1587
75 37 1642
4 71 1016
39 55 2092
0 26 4
22 92 736
64 65 1381
6 45 1533
53 29 1236
43 8 146
50 61 1938
32 62 1771
36 76 172
12 32 1906
38 60 553
79 43 1582
62 87 732
3 77 1243
82 46 67
99 35 2049
45 40 1480
12 19 1807
78 91 25
10 77 1065
59 35 750
5 39 461
38 53 692
44 57 1430
93 16 913
21 75 840
17 76 1507
32 73 1827
5 72 1546
31 22 1071
14 76 732
31 24 757
89 6 803
10 21 1219
22 72 536
13 88 7
86 68 1311
5 33 632
66 34 1513
34 12 817
89 5 1247
2 15 779
77 93 1661
2 81 224
97 69 1182
70 86 506
86 81 1581
27 51 1661
34 23 1310
36 91 482
59 94 77
79 47 809
44 83 1774
30 53 1623
53 90 308
95 93 856
82 84 263
7 54 1443
48 81 1277
39 80 1345
71 98 1604
59 86 563
82 2 1925
83 48 1986
86 45 607
81 16 729
86 39 1088
70 57 393
48 3 1085
22 44 2021
60 11 1269
5 19 1162
32 1 1158
83 92 384
16 34 61
30 76 512
46 68 1103
92 46 1485
4 70 1746
26 6 470
6 22 1530
2 48 714
93 44 1217
33 57 748
75 98 923
85 73 1192
29 4 438
8 51 727
60 83 1284
59 30 1532
15 8 2070
66 68 1638
67 69 537
97 44 717
77 86 1935
71 7 2167
47 78 522
13 46 1307
5 97 604
65 40 991
84 40 1222
17 71 1465
98 9 610
7 19 678
13 54 947
74 57 131
36 78 298
86 14 1495
47 94 344
35 60 170
40 84 1340
15 54 1125
23 46 658
5 18 1653
33 82 526
5 53 619
45 19 1261
61 70 1243
70 31 537
84 63 1794
12 45 1444
98 34 2140
83 15 1158
99 91 847
11 9 47
83 74 1875
61 55 1245
9 48 2186
91 46 657
12 59 204
66 17 2154
35 96 487
88 65 1272
82 20 1807
13 49 1012
7 78 1104
66 78 1809
23 51 1544
54 56 849
43 98 546
12 85 372
55 89 1680
90 44 660
28 75 790
71 85 1915
79 80 582
50 69 1909
61 84 829
57 33 317
87 67 1980
4 11 1276
78 45 910
74 3 47
6 4 492
3 1 755
11 21 2113
41 70 215
96 89 646
2 67 1948
73 92 1647
93 25 902
84 98 1932
31 41 483
62 47 808
59 72 186
20 35 1926
93 87 36
67 7 1044
1 22 1986
23 47 1114
24 29 1910
62 7 1736
75 20 760
54 99 2080
66 11 1870
90 33 1262
14 29 2135
80 55 673
20 22 759
45 87 555
12 7 1716
44 9 1732
26 30 1470
67 93 114
1 94 128
90 67 1389
45 48 469
73 26 1664
80 83 2276
24 71 1387
27 30 950
60 52 2031
75 7 164
10 9 1793
31 48 975
69 20 1242
4 43 1202
74 88 1645
32 49 1102
51 57 2209
25 31 906
75 56 1748
37 69 644
67 6 518
40 92 859
4 17 20
2 35 1494
74 12 133
36 54 920
56 41 309
91 51 1443
38 94 29
28 19 1726
62 3 1354
37 61 479
0 87 1595
11 3 2228
92 0 579
57 26 983
60 37 1431
30 39 598
77 5 501
4 95 309
74 20 2058
45 56 2307
91 96 1064
3 39 2155
77 12 809
0 23 2064
76 79 934
55 36 882
40 22 1325
31 93 419
54 57 2191
5 56 1341
16 25 953
10 20 526
12 48 1310
44 25 2190
9 16 1508
86 80 60
7 49 1560
14 91 1946
21 88 2086
71 36 1042
0 91 107
11 36 1479
74 77 74
3 23 1690
89 29 254
10 1 2299
46 34 346
26 56 1876
74 30 2256
46 88 1467
77 11 2132
63 70 1106
5 67 993
74 37 1896
44 2 1537
28 16 865
53 56 1923
92 99 877
90 48 645
80 94 1432
56 88 2296
74 53 1896
23 26 1458
80 31 1469
53 63 888
84 13 566
79 73 2106
5 48 601
28 69 497
82 69 35
19 67 51
70 29 1852
98 97 806
79 28 98
75 16 1561
56 29 1669
68 63 823
72 87 1848
87 39 187
67 10 547
77 46 849
39 3 1696
91 52 2224
86 11 1721
19 24 1174
79 85 145
2 3 720
75 74 2268
54 74 2113
8 84 240
78 57 2016
44 45 1884
66 83 1624
30 46 766
19 69 1679
18 40 725
67 54 271
49 34 1295
61 36 660
71 28 1692
50 98 1052
91 4 1367
28 61 1636
39 33 537
70 89 826
80 75 1880
25 15 313
54 62 296
82 73 637
11 76 131
1 65 2119
1 25 1495
4 94 1960
97 32 1112
38 91 1992
70 2 584
9 13 851
67 48 2157
6 97 630
46 20 2115
81 82 2413
49 35 647
36 1 1019
57 12 1008
69 62 1412
1 78 2061
77 61 171
29 96 2286
47 18 398
21 87 581
87 90 2371
27 54 493
99 31 2380
33 56 1478
32 8 1899
69 4 1121
20 38 273
3 72 526
13 79 207
96 3 270
56 96 1372
17 79 629
65 51 2294
62 41 1069
29 74 1497
73 56 366
8 90 122
96 24 32
51 85 2219
8 25 2137
64 34 929
6 49 2460
36 80 1251
26 83 1238
18 68 303
61 80 932
28 86 1589
32 66 2219
74 99 122
78 61 1895
0 96 948
99 44 1338
16 82 2327
34 92 234
20 87 1232
87 75 838
6 37 1782
56 64 1754
38 74 567
46 80 1164
99 72 1314
86 5 573
48 12 2406
63 31 502
6 92 977
94 78 167
41 36 102
67 80 2249
76 15 2087
68 1 1085
49 87 624
39 81 737
43 62 1509
82 52 1713
31 57 898
18 7 1862
83 94 91
38 16 863
56 70 1451
68 30 575
45 92 83
61 86 433
15 81 2513
38 68 1201
55 68 2129
12 54 363
11 46 1056
34 60 1845
18 78 556
25 94 1252
63 73 200
46 92 1819
26 66 1125
42 34 89
42 87 41
42 10 80
42 41 56
42 16 35
42 95 72
42 72 76
42 43 85
42 24 45
42 97 41
42 52 16
42 66 60
42 17 56
42 56 89
42 26 18
42 77 78
42 49 93
42 98 38
42 39 62
42 80 67
42 96 47
42 22 7
42 70 94
42 27 9
42 13 1
42 81 81
42 40 65
42 15 86
42 60 50
4 58 62
8 58 8
13 58 26
17 58 88
23 58 5
28 58 38
33 58 45
36 58 23
39 58 42
45 58 63
48 58 33
49 58 70
50 58 0
51 58 99
52 58 90
53 58 95
56 58 45
59 58 55
62 58 40
64 58 63
67 58 28
74 58 81
77 58 85
80 58 7
84 58 56
87 58 82
88 58 71
89 58 57
91 58 19
94 58 36
