72
5
31 60 1308
78 38 1517
53 28 8
78 28 542
76 17 875
29 10 1619
39 57 660
46 70 1371
27 35 504
21 2 802
20 6 669
23 48 937
78 16 444
34 56 1394
25 52 1349
53 34 480
40 36 765
34 74 1096
47 25 1192
13 59 5
34 36 1205
19 2 984
1 58 395
77 23 898
14 39 1454
8 42 773
55 33 1571
1 53 792
32 44 765
70 23 186
55 64 1611
30 37 790
9 51 1434
78 56 1242
12 25 280
0 27 444
30 17 228
40 27 10
23 43 1241
68 51 682
36 20 1549
76 31 1034
69 20 242
41 62 1288
56 64 988
41 35 1511
16 30 1304
52 14 967
22 23 168
38 44 840
31 47 41
37 38 1429
22 12 1184
42 58 559
38 62 845
44 70 514
25 69 483
33 46 101
59 60 1246
28 58 363
38 48 862
1 60 1293
68 61 936
49 44 526
17 2 461
7 31 1298
11 2 770
77 32 357
60 48 371
49 40 1473
40 48 754
74 61 178
59 14 315
53 19 539
50 75 1078
77 26 388
75 68 1209
50 36 529
42 61 967
45 25 863
70 57 828
11 41 1127
71 38 615
34 33 228
18 16 316
26 39 1302
68 22 1105
71 70 918
71 4 407
38 1 448
34 13 1426
74 21 440
36 51 1397
23 0 958
4 42 320
30 27 922
51 53 1127
54 50 820
54 57 307
69 38 1376
42 59 310
73 25 766
60 17 549
54 60 1440
51 7 334
17 6 890
35 36 389
59 7 223
13 22 1100
49 38 807
76 33 1509
10 37 745
45 63 438
53 62 528
8 33 660
40 4 1196
32 6 649
33 13 395
34 1 984
15 19 685
60 11 1229
19 62 666
60 55 1403
31 45 225
48 46 1059
61 79 716
75 60 1345
42 23 1360
34 11 249
0 60 135
40 28 1190
75 38 1280
71 64 241
34 0 185
52 59 1388
74 51 362
2 29 773
37 71 1321
61 76 664
25 46 1001
13 50 439
45 15 1220
42 1 397
0 61 1369
13 34 624
15 75 367
36 35 1604
24 45 671
54 51 957
30 32 678
47 9 293
42 67 255
58 23 227
75 47 963
1 24 649
43 14 649
21 65 77
46 0 223
27 37 1057
59 38 1301
55 12 232
59 67 848
55 36 835
28 42 1286
27 71 1274
45 70 1384
10 2 1132
42 78 1440
10 35 415
10 45 500
2 20 771
10 63 823
12 9 1033
73 12 900
53 48 497
4 14 64
33 76 249
20 33 113
44 65 909
4 51 682
35 20 576
59 41 424
29 35 417
16 78 268
25 21 1576
49 77 1158
58 73 942
37 41 7
20 52 165
40 32 907
35 9 237
8 73 1558
24 59 811
79 36 784
25 41 647
24 78 512
48 7 1568
37 47 1037
25 62 80
79 3 137
34 38 381
8 65 1067
38 64 1293
71 67 970
64 18 403
23 1 1490
43 59 993
64 20 241
35 6 318
67 41 1600
18 30 865
27 51 482
10 32 752
25 31 1398
35 25 945
32 56 468
46 57 962
31 37 693
51 41 58
32 19 561
69 42 1228
67 63 1082
69 67 1440
77 35 0
68 16 30
18 37 1493
71 6 421
27 54 478
70 3 1347
62 68 1388
15 34 420
71 29 1141
24 22 1374
56 52 1183
77 3 79
32 46 659
33 2 1608
25 12 1182
20 69 1213
70 79 748
11 12 1504
21 6 1053
77 54 143
16 59 940
56 18 1238
15 7 1409
77 17 554
18 10 575
79 7 882
11 57 1285
44 50 1346
42 2 207
18 26 370
11 79 615
73 20 1618
53 75 1154
61 6 153
31 78 1084
36 64 356
7 0 543
8 32 270
1 10 411
24 79 1545
55 17 927
51 2 129
28 21 371
49 39 564
70 71 1154
78 63 767
32 63 400
59 37 291
26 46 1601
75 12 414
13 68 502
2 11 1253
70 31 949
8 29 201
3 57 281
46 56 1073
48 31 829
47 0 1347
9 41 1242
28 53 1195
57 17 493
7 19 71
66 42 285
56 41 1601
28 44 787
17 33 694
63 30 1294
65 46 1397
9 69 1401
30 34 1014
43 17 686
78 6 694
75 55 173
71 60 550
31 68 1235
73 13 1142
41 11 1452
21 59 366
56 58 322
69 0 399
60 59 1261
47 56 1150
23 13 208
41 76 440
27 24 504
17 35 1356
13 11 444
14 33 640
33 55 1256
60 76 1460
74 0 918
43 0 732
51 34 555
15 45 853
37 12 1158
20 8 458
50 19 303
63 32 567
10 58 1372
41 21 786
65 9 6
9 61 305
35 12 375
0 68 1196
32 4 116
0 62 635
42 26 748
43 31 649
47 7 238
30 28 866
44 49 1053
70 65 214
14 58 1585
3 22 567
27 14 663
29 37 1242
26 2 14
37 39 1201
27 10 439
53 74 944
25 70 1227
28 7 513
10 11 635
52 0 790
15 27 465
44 73 744
39 50 349
63 50 1310
73 44 620
33 66 92
58 7 1378
68 0 262
33 23 1061
78 31 1190
76 13 283
79 32 658
22 69 412
3 9 1236
74 34 490
39 0 1095
74 77 1453
6 42 752
37 75 405
32 48 706
18 6 141
14 15 1515
10 71 778
70 75 1019
9 78 538
22 51 871
64 75 1291
3 0 1040
39 46 1090
6 52 1167
52 18 1334
42 11 1068
11 46 658
38 53 209
10 36 329
56 76 1024
58 41 264
23 18 829
68 39 731
53 77 792
18 45 300
23 53 505
1 47 628
57 2 1471
56 47 304
52 54 1393
12 37 1006
50 42 847
57 62 536
64 0 728
32 66 74
47 26 1532
38 18 661
14 1 1102
17 70 244
15 22 482
33 35 1161
71 62 1161
4 10 140
4 61 1306
12 33 123
54 27 313
30 68 553
46 6 337
50 17 463
1 70 1113
66 28 1390
78 48 419
35 73 167
14 78 1051
78 57 205
17 34 933
3 32 970
36 50 1359
62 26 1052
45 47 340
59 9 148
26 78 1226
19 34 1177
47 67 1357
10 16 100
61 2 349
36 3 966
14 22 1375
27 18 874
54 1 130
37 14 1552
3 43 957
57 50 484
58 44 1047
64 2 1498
58 42 909
25 68 17
63 62 1584
22 63 80
9 26 290
15 30 1541
16 65 387
43 4 41
66 6 942
60 79 914
22 6 879
11 77 58
63 2 820
10 13 1140
20 19 429
75 66 621
6 20 669
1 79 490
10 46 752
57 27 1222
18 59 930
71 1 913
29 75 727
64 73 1055
73 27 849
29 15 204
57 74 950
77 0 927
43 74 170
34 26 199
59 2 1122
15 67 356
35 1 1005
17 15 1511
23 12 1400
56 13 1267
37 28 858
21 48 1264
27 42 615
64 15 360
24 73 354
0 43 520
34 39 525
12 22 1486
54 19 296
22 55 612
30 3 125
16 0 109
28 29 361
2 49 156
46 17 1293
55 40 1482
1 50 137
1 25 717
37 2 1058
15 37 149
4 77 1068
78 44 968
59 12 816
1 17 280
52 30 481
25 40 1293
62 77 1006
34 40 747
28 19 671
70 67 672
75 49 1608
26 59 691
23 32 980
6 32 1424
16 34 160
69 33 32
8 18 789
70 78 540
60 53 1087
37 74 1099
60 31 158
7 76 264
26 77 100
40 18 293
3 24 444
35 71 954
61 9 1446
8 9 247
24 41 224
0 2 1274
43 38 699
47 17 1608
23 64 1452
17 16 739
64 65 619
8 44 634
37 19 1192
16 20 997
14 69 125
30 6 150
52 43 429
12 31 561
54 6 120
38 7 1421
29 26 1286
8 53 1239
24 67 1146
28 26 246
56 67 294
63 7 404
35 23 1028
71 51 1201
25 44 415
48 9 995
28 9 1524
29 19 338
7 11 54
15 49 1007
71 53 46
14 44 596
55 37 510
78 10 1305
77 68 1503
12 11 822
64 11 759
68 21 885
16 32 304
76 30 271
24 32 665
47 79 35
46 22 1158
50 52 353
11 44 1170
45 61 155
12 4 321
23 3 766
24 20 667
18 12 1470
17 14 630
4 43 292
23 40 696
74 33 304
59 61 1450
27 76 1033
77 50 890
30 7 751
16 56 108
57 61 1177
34 59 1282
66 36 1273
3 30 1209
27 50 1564
28 4 1136
58 67 442
23 7 889
77 21 1252
3 36 1045
32 10 1018
8 74 1368
39 34 1336
11 53 1197
57 47 543
62 55 537
62 58 444
57 58 1604
58 59 256
19 58 214
22 68 386
6 73 923
69 56 290
74 6 940
24 3 386
47 36 1446
28 78 1135
26 66 978
19 56 643
3 61 796
2 76 628
18 35 1348
55 21 567
35 68 569
48 77 656
44 9 1173
42 73 1555
7 10 1216
36 48 120
17 36 1101
15 53 547
50 30 1173
45 73 1145
66 23 737
74 29 377
69 53 934
45 55 1155
32 51 1
37 59 805
65 40 919
75 16 1127
45 22 424
30 60 1314
17 31 207
74 75 1451
22 42 394
53 32 1083
49 28 971
23 78 684
68 65 1426
13 9 809
10 21 1004
7 32 794
36 54 1543
23 22 818
79 4 452
40 79 166
60 45 1391
67 61 1477
24 38 531
19 39 1246
14 20 915
71 15 1488
51 44 1557
40 59 909
44 16 959
52 50 207
45 75 94
1 59 772
18 19 1155
44 69 177
12 36 1029
66 2 328
57 0 1518
22 57 1497
26 50 833
59 70 1293
31 57 1455
48 22 538
44 48 4
35 28 802
6 34 37
34 15 38
7 73 696
54 68 30
76 65 501
2 3 350
41 26 727
8 10 1296
58 69 1109
73 57 1573
76 78 1482
67 43 332
32 7 478
77 38 626
21 10 938
18 75 373
17 12 544
68 15 193
67 38 578
6 2 219
26 27 376
4 54 1259
69 8 1390
50 69 1458
66 3 211
35 55 1040
30 21 974
4 73 271
44 30 1373
68 67 1154
15 13 1271
57 76 1090
39 75 1391
57 45 488
25 39 788
12 27 210
3 74 28
66 53 1287
69 11 581
68 44 1167
78 2 527
4 66 289
16 45 489
79 67 1291
70 26 1212
7 60 474
7 74 143
56 78 1295
23 4 393
29 9 140
8 62 879
11 10 1295
2 6 1295
14 4 528
37 56 164
62 11 1564
79 22 1075
12 34 744
44 52 957
68 55 26
77 52 1345
50 12 581
10 77 885
43 56 1543
11 33 1250
58 38 776
77 42 1401
7 48 1213
45 35 911
62 78 652
58 16 1144
37 26 766
67 39 511
54 21 611
31 51 966
75 29 835
50 8 36
68 7 1125
27 45 65
50 79 319
25 57 1317
76 44 921
74 27 651
40 11 1282
1 13 178
1 20 110
33 25 164
37 27 980
9 63 346
68 63 649
31 66 1380
47 42 492
0 51 488
29 33 1039
16 22 838
24 60 495
63 17 1524
22 39 832
26 10 725
67 21 1179
46 41 117
38 9 97
65 37 1313
21 46 842
46 32 1045
20 34 1203
60 63 1437
3 19 1082
16 19 1060
68 58 1254
54 34 603
46 35 83
33 64 591
13 43 916
68 20 201
63 60 1486
51 46 641
36 52 1001
51 50 1384
8 3 1280
43 2 909
61 16 1142
67 73 5
45 14 1051
48 0 1497
3 15 1221
71 18 116
76 56 294
15 24 1311
54 2 627
11 56 836
2 75 118
29 41 209
54 29 107
46 9 584
65 78 567
16 8 664
41 17 1550
46 24 321
41 32 252
35 77 1147
30 42 1225
20 77 424
1 67 1355
52 33 9
36 16 1350
26 17 733
7 37 1300
71 59 987
1 64 362
50 13 1490
62 22 361
78 55 1270
38 79 1543
62 46 67
38 32 1229
39 79 1280
13 56 784
58 45 1506
25 13 1516
7 13 729
48 43 140
67 52 1388
15 6 367
51 55 987
74 69 103
0 29 213
71 73 381
58 10 521
25 49 597
43 35 255
42 71 1515
2 79 1481
74 56 1176
57 6 1268
48 42 1383
6 59 1618
60 34 678
13 47 726
66 58 1536
58 25 407
77 9 385
14 43 13
16 1 1284
52 9 1583
0 23 758
74 36 772
70 62 1032
14 3 626
38 15 976
49 68 267
34 78 1203
54 61 143
77 71 1614
74 41 43
74 19 78
16 40 201
63 59 1567
2 7 1283
31 9 232
34 41 271
14 76 850
4 22 5
62 39 1109
25 54 108
27 52 764
42 43 329
66 44 5
63 3 655
36 21 322
7 55 1089
27 69 1185
21 42 565
7 71 1588
64 14 655
31 28 1147
65 11 412
57 3 1259
76 10 1305
60 22 619
73 32 190
32 12 1314
39 7 810
29 73 978
23 31 537
9 64 725
22 15 65
10 27 512
6 18 1601
23 39 11
21 69 1495
2 43 1200
54 3 422
54 67 368
6 69 730
74 73 754
43 36 1536
22 60 1091
71 17 980
61 41 430
61 47 1382
21 41 296
36 33 1132
79 46 639
24 8 489
41 45 696
41 78 323
23 20 883
6 56 458
29 60 1295
12 1 617
38 22 1535
64 53 1418
66 34 383
4 23 1350
24 39 716
56 57 1313
35 76 704
26 31 332
69 44 210
59 0 633
28 18 455
65 64 1613
53 26 562
3 51 780
69 1 941
31 22 1599
36 60 181
50 45 1209
12 43 342
79 49 190
12 61 740
2 13 1616
66 76 1322
74 2 1575
22 32 1051
24 11 258
25 11 1399
46 78 1331
79 75 967
40 43 824
24 68 609
62 32 1300
60 41 587
40 33 49
23 67 666
75 6 710
21 70 1160
21 76 1020
65 15 838
63 11 402
12 62 10
70 58 1223
16 51 1585
8 1 285
40 12 237
39 4 800
43 25 466
39 16 1213
34 12 604
66 29 473
25 18 906
57 12 1302
43 27 1270
11 38 806
12 28 495
70 30 310
67 51 617
18 4 1609
42 66 630
56 28 764
49 46 182
78 22 1161
4 30 1390
4 18 1126
6 62 1225
10 20 1092
64 70 673
8 6 1241
48 18 1213
37 77 992
59 40 1375
75 44 26
58 78 727
62 73 241
48 63 1139
31 33 969
17 18 537
53 67 903
66 69 900
0 71 740
75 17 461
46 58 504
66 45 61
67 55 1492
30 77 1130
6 75 454
68 32 537
50 44 877
14 17 1011
70 43 1172
6 61 856
53 21 961
13 36 1521
67 8 1581
55 39 541
49 79 715
38 49 1142
75 20 1101
50 62 1459
37 69 699
11 61 1551
49 25 372
36 77 1508
65 10 876
66 70 1312
11 34 1014
9 77 835
62 47 834
42 57 1472
48 59 1224
50 1 221
42 54 852
15 31 1439
78 20 1330
30 76 1157
34 7 378
69 47 1037
76 41 80
55 26 508
44 10 759
29 36 380
6 67 58
3 49 1545
61 30 913
77 51 1248
6 41 118
60 40 545
55 4 404
31 36 1269
18 54 1355
8 66 780
75 31 962
74 22 267
40 77 1427
54 23 855
9 57 878
57 69 104
40 46 1174
78 18 1203
53 73 162
26 55 1114
53 25 1291
11 13 529
75 30 1344
41 77 18
16 25 232
36 59 763
61 12 962
13 2 561
2 32 696
32 34 191
21 40 701
12 42 1367
14 18 1108
19 64 1450
10 23 1145
73 6 79
54 13 758
43 58 905
74 63 1000
74 64 619
48 67 1042
7 1 69
11 37 1184
47 68 1113
79 63 1310
51 64 103
37 50 747
79 19 573
44 67 408
14 9 1350
65 51 857
16 38 81
42 37 143
23 60 1532
4 76 1304
34 19 215
58 68 448
7 27 1091
58 71 1018
18 76 1462
26 16 1064
56 33 661
19 52 1124
6 65 178
11 67 610
22 58 546
46 69 1208
35 57 112
78 33 1465
51 42 793
8 47 99
53 4 434
56 10 608
59 48 688
2 52 1190
45 29 1016
38 46 563
59 1 260
8 2 60
8 20 1298
78 51 662
75 73 1070
10 75 1549
18 70 185
44 43 377
19 45 695
69 48 743
8 60 12
48 19 775
53 16 977
25 76 1047
11 43 1570
33 79 96
63 12 397
39 58 1420
60 49 33
69 9 1433
0 7 1331
12 57 754
37 0 1370
28 37 404
68 17 853
21 37 614
59 74 1526
56 46 1371
33 6 1427
11 48 802
61 15 1430
2 73 174
44 23 1386
33 52 1001
65 39 866
20 10 1320
7 78 578
39 12 253
53 69 686
44 39 669
30 20 218
21 24 33
51 62 1200
2 47 888
0 3 646
10 69 57
74 78 657
16 10 905
45 2 847
62 59 1540
22 21 533
14 56 97
8 54 1495
46 29 207
54 0 645
51 59 1203
30 62 810
78 53 1420
48 58 1040
23 59 147
55 19 1071
15 17 864
39 77 415
62 51 1041
78 70 555
66 55 283
32 3 766
26 70 961
32 58 395
44 4 274
30 57 884
7 39 1499
46 14 1395
71 77 217
23 15 541
22 47 464
42 17 760
17 1 551
4 60 1572
69 7 409
57 52 837
51 60 467
30 26 196
73 18 759
16 14 1532
7 63 968
65 19 1414
24 70 824
32 54 1162
50 0 796
67 58 588
68 6 264
64 29 1054
1 7 599
4 32 728
2 14 1144
29 54 1597
73 47 489
68 54 365
50 55 235
17 79 110
39 31 458
9 59 271
8 28 1284
22 76 278
52 39 926
28 62 1492
55 9 1014
2 64 347
74 57 684
21 75 363
41 2 749
6 33 621
6 38 1008
2 21 1167
77 41 58
55 53 1242
78 47 1178
12 29 271
41 57 1387
38 16 428
28 40 1197
20 68 808
27 73 484
20 55 417
42 49 598
2 65 800
24 53 646
16 12 911
3 21 292
11 52 343
9 35 992
39 76 1608
15 41 1334
57 51 516
18 47 347
13 76 1446
30 44 674
30 19 337
10 18 1330
19 9 1505
29 74 281
76 21 603
75 10 1217
57 71 453
57 22 1453
43 77 960
0 42 345
44 18 1572
15 68 652
16 26 206
13 61 1230
12 75 129
41 68 1177
0 31 1237
42 53 293
44 19 1493
50 77 1397
46 1 205
52 71 632
35 49 1234
70 76 1024
7 54 364
1 30 912
42 21 32
59 73 553
32 55 1000
2 59 954
27 26 1455
13 64 307
49 6 789
68 66 1035
19 3 1579
66 56 1389
21 44 648
48 26 1327
34 73 1069
36 10 631
79 26 392
47 73 1218
32 49 682
43 53 61
40 8 355
17 7 1053
79 20 903
16 74 1231
74 24 636
65 16 1431
23 44 308
43 50 797
49 78 788
61 14 452
60 61 864
21 36 963
19 8 1595
56 19 1366
49 1 70
62 42 665
68 49 269
61 7 663
61 62 195
71 66 1234
2 25 707
27 43 491
0 33 1575
77 56 933
15 70 783
64 24 425
43 26 14
25 35 66
62 12 770
0 46 828
10 40 1069
49 63 1111
78 60 1422
51 29 1300
18 8 65
64 26 640
67 47 978
8 34 489
3 23 1217
40 14 307
34 21 1317
17 75 1100
45 37 1498
62 14 629
17 51 1565
23 46 1396
17 30 1054
18 2 816
32 22 1070
4 65 1382
53 46 805
38 65 1483
49 22 174
61 8 1254
53 43 149
56 9 562
49 0 106
74 16 252
41 46 375
37 42 1394
12 21 410
70 6 824
51 3 462
39 73 1300
44 66 1353
57 43 1294
23 61 654
36 78 148
38 51 829
77 44 1176
56 60 1366
17 73 1176
22 35 1336
10 38 327
36 58 1595
53 13 1388
63 13 426
8 30 519
9 68 964
4 15 527
23 35 1099
27 64 1138
73 28 458
47 66 1247
39 30 1332
73 8 1397
59 26 855
46 60 196
19 55 692
8 58 93
15 12 556
7 22 337
38 42 1601
4 78 836
41 55 254
27 29 605
21 17 452
57 16 812
3 67 1450
41 48 583
69 37 1463
22 9 471
53 24 1292
2 78 315
53 58 1120
76 53 187
12 50 1561
58 13 1446
73 64 1117
21 20 1450
45 65 1469
58 39 380
17 44 1527
59 68 1044
62 38 630
15 60 1273
24 57 1581
75 64 524
53 49 1391
29 21 949
66 35 421
68 40 26
19 71 1298
29 0 417
2 63 538
76 23 130
51 22 134
8 71 597
61 49 1387
51 20 1004
11 4 397
68 33 1200
66 18 211
38 55 679
52 6 866
73 39 35
7 28 454
78 74 144
71 45 1219
10 60 1271
16 77 569
43 44 396
78 29 851
76 75 471
73 43 386
16 24 681
43 28 452
54 18 977
26 76 161
61 58 451
42 35 1022
25 32 784
53 33 1222
51 0 174
39 26 778
43 33 342
21 26 1377
0 76 728
74 79 688
65 25 310
71 37 87
2 60 560
4 33 1367
58 11 1224
44 7 709
14 36 85
40 63 912
44 57 416
39 44 344
73 22 1527
63 70 1196
46 4 632
8 35 1210
52 65 1100
0 44 866
78 73 1101
12 70 1371
15 69 1281
26 56 233
55 51 1021
20 43 1064
42 8 546
61 43 424
32 75 84
43 40 951
33 41 632
46 48 548
27 61 1462
44 12 320
42 36 1036
76 36 267
19 77 91
47 16 933
6 79 1109
49 61 1058
65 0 290
21 58 705
18 1 126
34 6 64
42 22 1218
39 19 766
31 61 981
14 62 279
7 67 1346
19 57 897
34 27 1574
49 24 1214
6 76 1377
2 68 1125
63 34 619
22 78 240
75 36 1048
72 78 26
72 41 54
72 14 69
72 56 42
72 16 75
72 49 14
72 34 58
72 58 65
72 36 67
72 32 27
72 48 0
72 55 58
72 15 3
72 52 52
72 8 19
72 63 57
72 3 76
72 7 31
72 20 11
72 65 21
72 69 38
72 54 29
72 50 75
72 39 70
72 37 60
72 60 54
72 59 42
72 23 67
72 9 13
72 2 55
72 45 26
72 47 27
72 35 34
72 31 59
2 5 62
10 5 35
11 5 66
14 5 23
17 5 66
18 5 24
21 5 22
24 5 76
29 5 67
32 5 2
33 5 55
35 5 45
37 5 2
41 5 47
42 5 27
47 5 36
48 5 61
49 5 45
54 5 79
56 5 71
58 5 13
65 5 70
70 5 53
71 5 44
75 5 77
78 5 66
79 5 24
