79
52
49 57 0
75 27 1
46 33 2
33 0 2
7 96 2
17 1 2
14 45 0
90 33 4
72 15 5
45 34 8
85 90 0
5 29 2
33 65 1
24 7 11
87 43 3
8 46 10
5 20 14
41 60 12
57 8 4
45 72 9
74 4 9
69 0 2
31 21 15
34 18 17
54 99 4
85 74 12
71 46 11
51 83 6
64 39 10
86 18 12
35 75 30
17 46 25
64 0 20
49 97 0
44 41 16
29 60 28
78 57 6
8 95 30
77 78 35
49 37 29
69 6 18
53 9 13
81 85 42
6 96 1
78 83 9
94 23 19
98 73 46
37 45 35
95 64 27
30 89 14
82 96 47
42 45 46
43 98 42
71 42 15
97 83 19
9 1 42
23 32 16
36 5 26
46 32 55
8 90 35
17 50 25
44 30 38
63 40 7
80 20 67
94 83 34
82 77 51
10 15 64
76 7 8
82 87 45
38 15 10
13 41 44
92 0 44
10 78 13
56 9 22
11 59 52
85 96 11
1 8 37
87 83 8
84 56 25
3 74 79
95 43 22
47 82 10
62 84 29
10 34 26
77 90 33
8 73 79
45 7 14
82 94 52
65 85 56
65 45 85
60 90 14
50 39 73
78 3 91
60 27 66
97 4 4
84 26 40
49 36 44
11 23 31
24 80 99
20 40 53
30 54 42
11 10 91
82 84 79
17 3 57
43 8 23
95 14 52
35 22 14
26 38 57
54 44 47
14 1 45
70 75 31
78 33 32
14 56 35
86 23 103
53 60 7
45 4 19
34 97 42
21 35 94
58 80 39
14 48 17
86 34 23
74 11 73
50 9 77
54 89 3
3 18 72
22 61 71
53 80 93
0 86 64
10 87 3
17 80 113
25 46 18
34 11 83
56 91 5
8 24 26
96 26 135
56 34 60
34 43 142
28 44 60
86 31 42
38 22 108
42 62 6
87 24 23
48 99 45
13 82 54
28 85 50
86 35 79
25 50 145
44 49 38
15 33 112
29 84 95
96 34 132
98 18 45
60 43 5
43 55 75
84 38 71
43 15 101
81 11 28
9 40 56
27 93 21
42 3 162
85 83 144
77 81 34
16 61 159
3 58 97
57 35 159
58 81 71
24 47 13
53 92 75
55 92 63
40 83 152
48 21 35
87 94 175
53 50 64
39 84 167
82 17 106
62 20 110
63 55 104
98 67 153
42 47 142
87 81 24
40 47 160
19 83 182
29 98 190
69 39 128
56 98 19
26 27 95
54 63 31
64 60 151
2 35 33
28 83 168
75 53 161
82 42 8
39 26 182
24 50 65
72 54 131
45 98 25
98 60 102
61 86 178
29 37 45
18 6 108
70 73 129
23 85 97
26 76 134
41 84 67
60 61 170
75 19 95
67 59 83
38 73 143
35 94 94
94 59 211
76 65 125
87 32 108
12 38 221
40 75 194
82 78 144
54 56 92
50 46 31
82 6 2
2 68 154
20 77 125
33 67 3
17 60 135
39 75 160
16 82 161
41 14 235
98 8 73
72 85 160
24 44 162
7 3 16
44 81 105
47 63 182
47 65 192
14 81 79
73 76 214
39 85 133
53 46 150
18 15 40
40 18 161
80 94 102
2 29 193
1 20 247
36 56 55
84 93 157
19 51 20
93 12 111
96 60 8
73 9 255
42 57 143
41 25 222
78 71 239
2 11 231
2 16 83
78 31 70
29 94 28
66 39 249
7 84 125
5 56 61
40 36 124
73 64 270
17 48 92
90 44 200
59 49 119
5 55 75
45 40 196
54 88 64
83 2 215
67 74 151
13 44 174
64 13 150
43 34 131
67 26 20
13 76 126
40 91 216
12 28 187
2 76 247
6 15 106
87 55 259
32 17 180
93 23 257
2 82 262
54 40 249
0 74 77
61 48 165
35 86 263
54 43 28
31 70 145
58 60 221
9 71 165
34 74 223
75 14 207
47 6 124
3 16 43
35 19 225
14 73 111
36 4 302
21 40 235
4 13 185
31 1 285
66 61 177
89 98 93
0 21 113
68 80 268
89 18 15
33 98 290
1 0 149
89 35 40
7 22 152
0 80 144
9 86 191
66 10 60
3 75 90
13 7 249
88 4 188
28 64 306
43 97 325
21 86 101
80 46 129
86 90 64
48 32 296
97 41 224
55 96 234
80 5 333
67 71 336
67 55 206
40 77 304
80 71 146
24 43 313
84 68 246
61 69 273
13 68 314
16 78 282
81 28 27
85 70 133
69 75 137
89 1 302
78 23 192
67 30 184
6 28 19
10 21 165
84 78 202
69 63 37
32 81 187
31 71 142
61 91 154
56 22 7
37 89 314
78 53 358
38 30 255
59 28 237
0 38 319
91 28 65
63 94 256
81 5 167
38 86 219
87 26 73
3 78 295
12 53 255
7 85 210
59 72 66
48 56 157
62 22 158
3 24 170
13 28 355
17 42 363
32 36 229
84 14 76
54 94 18
87 41 259
77 64 112
28 63 98
64 26 240
81 35 39
81 94 8
24 48 125
82 27 54
70 92 201
5 26 100
75 62 188
73 20 172
20 13 123
87 10 43
19 49 194
82 25 8
20 7 381
32 43 364
58 76 174
50 81 122
3 27 320
95 83 260
67 31 63
22 97 3
45 67 150
46 85 109
20 36 80
69 60 200
64 94 307
55 4 215
80 75 3
66 57 181
37 32 408
33 1 262
45 99 131
60 70 247
47 20 359
9 85 337
65 14 33
24 83 297
82 10 274
13 4 146
23 22 74
27 2 131
43 7 100
43 40 288
83 69 30
11 58 141
86 95 349
4 1 279
94 36 184
14 51 204
18 45 163
2 97 190
89 31 250
72 3 21
25 39 417
71 31 57
53 14 426
23 7 436
48 24 369
5 51 256
24 84 63
42 60 76
1 17 187
17 34 181
49 75 217
20 58 74
64 27 208
65 44 337
95 28 95
99 62 422
0 29 434
89 20 140
4 6 348
84 48 404
22 2 228
21 44 439
25 85 352
0 82 311
19 3 236
48 98 426
50 82 43
78 59 424
69 7 431
77 35 122
27 75 246
97 95 329
23 93 455
49 1 370
30 4 180
32 35 420
57 46 457
73 3 297
3 26 290
15 44 327
73 27 240
0 89 12
93 67 107
87 84 465
78 80 37
67 7 466
16 36 314
97 86 382
54 65 155
28 1 335
59 90 194
35 93 101
0 57 110
3 91 373
29 43 494
0 71 438
76 74 361
99 5 481
91 34 271
31 36 334
15 94 176
59 57 196
98 20 482
89 4 405
20 53 92
10 5 379
75 92 394
78 73 289
26 85 420
12 26 204
14 57 332
94 58 26
89 49 222
56 25 292
41 26 161
72 75 289
81 16 414
35 80 171
41 78 387
15 74 175
93 75 484
91 90 353
22 30 7
58 48 63
35 30 20
67 94 295
20 98 358
91 45 325
36 28 103
90 71 45
93 44 413
2 89 325
96 64 283
16 18 322
63 32 388
23 57 428
99 27 215
42 32 472
77 61 221
13 70 230
70 60 111
25 81 21
88 11 328
14 72 305
73 97 431
53 42 163
1 88 126
28 81 321
50 68 206
48 17 271
67 84 37
47 53 293
87 73 342
75 33 70
56 92 362
67 34 78
22 82 457
93 63 249
7 37 286
12 18 161
90 80 372
91 9 296
8 83 433
61 78 120
5 96 330
66 34 354
30 43 468
40 15 542
97 42 285
32 34 294
40 13 354
51 96 130
30 56 447
93 15 217
64 69 423
32 88 175
9 50 131
62 11 38
92 67 358
41 13 371
4 72 61
85 78 320
72 77 573
60 51 484
29 76 381
9 89 409
76 78 246
57 18 230
19 89 114
56 68 556
37 57 237
35 18 222
33 35 507
83 96 215
85 10 175
1 53 60
18 91 534
8 55 444
20 93 155
88 27 470
1 42 237
4 23 568
18 65 246
21 37 37
92 77 594
61 35 379
76 39 602
82 63 208
59 41 2
81 2 415
54 77 541
64 90 240
35 44 544
0 23 321
99 65 567
41 6 49
57 27 377
45 13 411
85 14 69
43 21 377
81 13 9
58 32 430
15 43 459
45 3 626
36 9 7
13 25 245
83 80 370
59 34 139
1 54 214
76 84 223
51 45 195
23 42 469
11 62 128
31 5 260
86 82 281
13 6 624
13 66 210
18 13 579
67 61 193
64 38 641
74 33 616
84 81 110
19 97 564
57 40 426
95 27 118
60 49 210
12 68 596
96 9 456
76 71 534
34 92 305
33 88 69
76 32 151
47 32 73
77 38 432
82 38 440
58 42 517
34 88 203
27 89 237
33 40 35
28 6 568
22 92 124
23 1 502
53 10 210
43 86 454
85 88 301
76 1 337
6 43 441
47 43 64
85 16 186
78 62 140
16 92 416
21 9 429
85 20 360
95 13 431
44 87 90
89 25 277
43 47 459
71 70 487
32 11 435
33 81 249
83 98 607
5 60 487
73 30 328
88 85 568
5 22 533
50 11 675
40 32 163
96 38 285
1 98 123
9 16 547
12 25 57
68 51 547
71 47 361
13 43 163
93 37 378
29 58 190
21 5 672
1 47 703
53 82 259
13 0 371
96 4 322
37 60 305
95 57 295
43 24 270
16 86 54
74 94 254
31 54 607
53 16 674
35 17 450
54 41 441
78 98 541
28 50 82
66 48 25
47 30 471
43 0 629
99 13 105
7 61 373
99 2 353
27 6 575
32 7 484
94 82 197
32 92 242
87 97 632
5 57 726
14 17 20
2 71 728
81 14 290
27 97 300
8 98 64
95 86 592
26 66 478
64 80 68
98 55 589
9 96 105
93 90 25
73 87 590
61 14 385
3 84 699
59 16 183
54 23 648
8 1 300
91 50 203
87 33 329
86 77 343
51 11 364
95 91 442
24 36 215
15 61 230
37 97 108
27 83 155
6 57 49
24 85 731
85 77 453
27 51 748
12 98 191
12 49 322
1 34 615
2 77 319
89 60 599
92 19 71
45 14 769
53 23 528
76 87 541
64 5 179
99 34 653
78 11 646
11 27 261
18 41 292
28 76 78
91 6 297
50 3 626
40 69 725
78 18 524
20 51 629
78 82 605
99 93 107
12 27 634
53 11 759
96 36 297
64 25 220
5 95 304
69 18 745
99 72 142
18 0 249
64 74 195
14 16 679
88 39 566
37 44 399
35 89 765
25 42 453
97 48 654
1 15 477
51 74 485
26 36 493
34 47 563
37 4 468
63 5 73
87 12 540
33 9 708
73 56 588
83 13 363
31 62 130
66 86 472
15 90 753
68 53 56
30 51 655
71 65 442
48 42 23
4 53 453
78 61 430
2 86 619
50 21 100
3 40 77
37 47 335
90 89 822
75 8 301
66 31 741
76 60 779
75 91 553
17 95 263
34 13 446
17 47 164
7 75 408
65 3 374
88 42 675
64 83 752
46 77 258
92 94 758
71 40 544
21 81 820
39 71 113
85 86 374
99 64 403
74 54 387
11 81 69
41 51 319
42 33 597
41 39 226
73 74 292
68 6 827
27 61 364
98 82 105
70 7 146
73 68 220
94 24 576
48 7 602
3 12 567
15 24 144
93 84 725
95 61 810
89 72 853
11 67 419
22 0 57
4 66 486
91 59 454
21 29 91
39 28 614
95 56 462
70 41 669
40 90 770
29 46 137
77 97 242
45 77 234
96 20 658
40 1 691
73 32 164
2 6 623
9 24 71
0 26 199
83 21 633
56 14 739
61 94 404
99 30 392
39 81 73
29 88 182
63 57 519
54 2 84
53 74 117
80 73 199
46 43 627
5 92 222
10 63 605
33 27 222
75 80 857
43 82 390
94 65 236
40 57 452
18 27 195
91 67 673
86 7 269
78 7 456
50 63 114
33 90 349
42 26 671
42 41 507
31 89 142
94 2 765
13 2 915
98 6 887
87 14 690
3 15 866
43 13 414
54 26 880
58 88 818
51 71 890
97 12 409
55 53 699
74 22 642
39 67 424
64 65 682
97 23 47
51 43 356
81 68 761
97 6 554
0 28 210
0 98 290
19 90 434
47 44 3
64 89 907
23 24 524
85 42 865
74 43 693
83 29 380
66 73 629
53 85 138
75 30 670
61 62 511
36 91 47
74 0 893
28 72 850
46 11 609
25 84 815
42 50 887
56 12 73
67 15 666
2 10 743
95 44 729
16 54 594
54 49 643
90 68 293
60 3 245
99 55 947
66 47 903
11 17 288
28 3 704
46 17 688
3 94 198
71 3 868
93 61 535
57 54 424
34 90 795
93 70 149
59 69 369
28 51 689
58 91 519
91 82 927
69 94 814
20 28 849
9 17 519
44 32 714
68 72 301
34 57 22
48 12 67
93 50 726
12 17 698
50 73 469
99 82 52
65 82 430
74 21 458
47 71 474
82 98 210
48 88 796
93 54 488
10 26 0
39 3 741
91 24 530
38 54 773
84 46 549
35 66 935
5 82 862
39 86 46
84 55 10
16 89 614
60 66 641
58 71 97
25 61 299
86 28 599
9 75 80
62 28 332
2 92 615
98 0 683
38 36 645
25 56 818
30 80 432
35 84 502
45 82 858
47 26 650
87 72 140
75 10 171
91 7 943
23 14 143
15 54 132
31 98 40
39 47 897
97 37 317
59 84 496
65 68 343
64 66 1008
88 75 28
67 13 983
65 77 327
24 40 760
7 60 321
91 27 60
86 47 591
57 70 917
9 66 39
85 47 422
71 26 927
89 73 166
97 75 941
87 53 518
37 92 458
76 27 841
46 74 699
98 46 828
45 6 192
47 95 414
42 17 229
99 31 304
39 65 1003
43 19 492
5 18 74
81 66 1017
27 13 406
53 19 963
89 37 933
71 41 696
58 22 1029
84 49 41
87 74 232
8 40 327
31 80 219
35 0 955
35 90 216
87 57 962
21 30 69
48 31 888
36 75 540
18 31 124
57 36 178
7 44 861
23 88 276
31 94 466
6 45 996
34 68 416
61 51 256
24 62 180
75 94 125
53 88 973
24 74 805
46 22 515
73 10 685
7 15 528
3 90 676
25 75 358
87 23 591
70 10 921
12 48 645
42 54 692
42 30 219
58 98 460
0 67 449
21 47 95
47 69 552
82 90 544
30 6 270
67 42 939
77 2 987
29 89 39
76 38 285
4 98 21
54 15 624
70 54 509
48 63 64
18 78 144
53 99 625
37 9 757
25 58 719
84 66 871
68 60 21
53 58 524
84 13 57
48 82 138
70 80 376
7 89 486
57 71 1017
83 68 544
47 17 846
54 29 284
73 8 818
23 15 649
71 32 5
39 36 244
83 65 580
77 75 892
30 24 1099
46 21 146
95 40 531
30 11 1105
86 75 538
86 80 667
80 0 858
39 4 405
55 8 423
73 86 1093
66 21 323
17 44 197
63 44 894
4 3 935
20 25 597
97 35 1068
80 96 261
22 74 143
63 27 330
27 15 173
22 47 1040
99 11 1139
5 48 282
97 98 1114
96 42 94
85 63 753
96 23 125
94 88 115
73 78 54
97 58 937
72 24 386
6 23 1163
83 89 727
7 94 412
56 16 234
77 31 823
25 88 1052
80 55 383
89 97 669
70 87 99
35 72 1091
93 0 919
13 37 243
50 85 367
20 22 641
70 98 216
10 23 1004
94 78 753
77 5 725
3 39 249
80 4 60
45 69 717
81 95 681
21 0 407
56 75 549
37 66 815
43 5 667
66 35 1051
46 71 240
77 99 753
61 63 101
13 69 856
77 25 499
21 75 1170
16 6 575
99 88 643
82 15 665
95 92 698
19 31 651
75 47 666
88 99 1096
64 82 1009
46 80 171
46 7 279
99 54 479
89 86 26
20 74 56
20 42 422
26 88 178
53 56 608
76 15 414
82 45 191
77 41 770
66 8 33
11 16 722
76 47 694
84 45 468
68 77 592
85 95 1186
13 18 417
71 91 92
59 46 1111
92 9 475
86 94 1055
14 34 238
73 61 72
62 6 555
47 33 885
50 67 631
74 95 751
57 86 409
0 81 1028
41 57 493
12 5 588
32 63 353
35 7 1142
3 50 578
8 58 1110
1 27 669
4 76 953
35 11 156
0 17 1118
23 34 699
63 45 954
85 81 726
51 64 760
50 32 660
49 93 323
36 25 847
25 77 483
49 64 1026
29 92 1241
55 78 643
11 88 930
92 37 249
47 12 113
27 38 853
54 64 544
15 46 1265
88 14 725
93 62 102
5 17 1027
63 71 1113
62 74 168
44 56 504
8 31 1035
91 89 269
68 70 1121
53 2 476
93 30 60
36 81 169
64 22 251
16 31 888
58 36 148
70 83 675
76 8 308
96 77 1257
58 16 1287
49 95 1280
51 53 1206
68 36 635
66 62 806
35 8 627
64 8 223
87 51 1252
49 5 1101
57 26 410
89 5 774
40 74 736
89 46 571
78 19 238
96 80 894
26 61 314
8 23 813
20 29 327
80 6 455
70 95 6
29 57 1089
57 63 484
11 21 462
75 73 942
34 84 1271
17 71 1064
8 82 726
16 80 594
48 35 849
58 45 1188
20 47 1147
47 48 310
32 82 1063
6 21 709
46 57 488
57 91 325
68 89 42
59 29 492
51 47 405
10 95 824
38 65 1016
22 87 757
56 11 1113
98 61 1270
94 39 803
47 16 835
56 69 865
22 8 402
63 49 82
29 31 900
20 1 1290
32 37 894
18 68 997
74 96 1052
88 23 909
91 77 520
28 32 171
59 13 1094
75 78 247
15 59 218
20 48 947
68 5 975
22 51 1086
89 8 1190
34 28 967
34 22 187
59 55 1067
8 12 374
76 20 1137
41 85 446
65 66 491
95 29 139
98 88 764
49 27 702
65 0 494
35 40 420
19 44 463
34 95 355
31 56 120
5 62 1203
99 94 254
24 81 711
83 41 1314
17 23 373
33 34 1369
20 12 1208
19 95 790
14 33 383
3 17 876
40 35 882
61 59 979
83 1 1005
25 6 1160
40 8 1325
36 90 325
0 30 1150
63 42 1212
95 85 709
15 22 593
22 53 155
27 65 526
57 80 805
14 92 1056
93 20 40
99 0 839
39 95 874
42 59 962
56 33 188
43 16 675
75 55 285
62 23 1358
14 37 465
6 72 1084
0 37 928
95 77 675
67 1 960
51 0 624
45 18 91
4 50 649
98 24 1218
78 72 1007
11 64 176
35 4 444
44 82 352
53 47 48
75 5 493
53 38 1073
26 15 1203
50 69 415
93 88 800
2 49 507
44 83 319
14 42 695
80 30 1006
15 5 975
65 84 1392
24 67 897
80 38 943
74 78 451
57 21 690
95 45 175
21 8 612
1 60 199
54 51 516
93 60 915
19 8 695
90 88 603
86 22 242
14 75 556
18 54 843
6 97 32
54 96 336
66 29 1266
2 69 811
33 16 829
78 27 787
76 90 1042
26 65 873
34 24 968
27 76 1039
56 48 1026
96 7 854
20 26 1369
1 13 764
24 20 1013
53 94 850
32 5 776
56 57 291
99 32 380
11 6 847
88 2 784
97 66 1089
41 64 34
55 48 111
95 98 678
26 48 870
56 84 563
7 29 532
18 67 683
55 98 428
36 23 766
16 47 863
75 28 319
80 67 192
49 47 6
91 0 52
64 21 1296
33 57 1266
59 17 813
75 24 564
5 33 1087
80 69 1093
55 26 166
67 80 362
56 3 1217
67 19 138
30 47 797
51 85 776
58 59 1458
4 89 321
5 74 888
67 12 1048
54 86 70
30 10 1304
31 86 794
17 13 292
93 82 159
93 47 1013
8 57 100
69 4 21
63 51 1083
1 59 1311
76 48 515
47 78 467
63 90 1479
57 17 98
33 83 1336
15 84 976
28 93 1091
5 12 1106
27 99 472
33 85 1139
0 10 814
62 65 1249
3 47 527
92 32 1083
30 72 1057
91 29 393
12 4 658
41 89 361
23 48 423
72 80 845
43 36 1140
32 55 1485
16 87 430
20 99 363
43 73 1155
63 58 448
12 41 418
88 29 1205
5 11 1095
85 26 973
73 94 135
2 5 916
94 90 752
14 86 411
1 5 1302
78 2 192
42 48 41
14 8 323
81 87 147
47 42 1391
36 87 809
6 85 68
57 47 1298
1 74 749
9 36 158
68 98 1462
37 33 1369
12 23 1209
19 22 876
42 81 396
77 45 1420
50 59 320
49 15 373
56 87 1392
10 7 1065
17 76 1131
47 41 254
15 72 243
11 46 236
35 59 481
6 10 1112
44 72 4
69 49 893
27 31 235
80 57 611
41 46 899
4 84 389
30 50 1266
35 39 1028
63 95 1549
3 8 884
1 2 461
33 68 1449
37 77 1526
54 57 1560
19 78 1245
57 30 439
42 6 205
47 92 79
6 89 301
64 57 1147
93 19 1542
6 35 103
61 26 1511
41 54 243
24 27 1344
23 30 1232
71 11 629
35 77 688
86 15 631
28 43 1347
50 7 575
53 71 1517
66 70 1135
20 56 1163
77 4 846
41 27 1169
67 27 1588
85 31 1325
30 67 1083
58 5 86
7 68 104
60 6 482
50 49 190
66 89 933
66 82 379
85 58 135
81 40 407
42 97 1374
39 24 559
89 96 790
89 66 427
18 92 227
74 50 1445
63 33 1389
17 93 874
92 51 298
35 85 441
40 87 1143
4 97 650
34 44 545
47 29 556
62 25 265
45 91 1471
61 53 1213
0 3 662
35 16 1355
5 39 210
50 26 1247
39 38 1082
83 75 376
59 98 506
69 37 129
34 89 282
12 1 682
57 10 770
44 38 1110
20 55 0
71 54 813
94 98 1414
82 40 121
34 35 326
69 99 291
7 81 464
90 24 334
89 51 1263
85 44 681
71 8 1104
36 0 151
58 3 1648
47 15 695
77 43 21
70 9 1392
88 71 348
46 75 1335
98 59 1098
48 71 1524
46 49 775
73 39 1114
55 15 99
78 75 136
23 2 936
87 49 1457
55 75 743
57 90 420
58 41 664
28 62 117
39 60 1044
40 54 866
25 30 1282
94 7 130
8 64 1061
15 57 1083
35 63 820
70 86 1124
81 17 143
2 93 440
85 39 1631
16 0 1560
56 44 144
81 99 1460
84 17 273
14 93 810
12 77 954
69 89 952
40 16 208
54 20 369
84 96 1614
37 51 71
12 20 1502
14 10 1509
98 72 581
39 49 1003
75 69 1221
1 48 1563
8 94 828
61 13 522
86 64 767
96 18 1165
28 31 783
46 10 378
89 30 848
77 27 1367
35 21 1616
49 63 1542
38 48 1677
96 17 679
21 90 740
68 0 1325
74 34 1517
4 74 1675
16 21 682
88 76 1378
1 40 422
12 63 1131
68 37 592
8 0 1
62 18 1538
53 44 1113
5 32 851
55 97 772
76 31 94
89 58 1587
3 14 1627
54 0 349
36 33 1121
53 66 294
83 81 941
57 99 1322
27 78 1202
16 70 492
99 98 1002
0 48 647
2 19 385
92 18 1721
50 58 560
14 3 1150
10 31 501
19 91 1591
61 97 332
58 18 780
69 61 647
55 71 1725
86 39 769
21 57 131
9 53 734
39 17 473
36 1 821
12 85 231
17 40 917
78 20 917
36 85 1184
70 82 560
69 51 431
11 28 252
15 87 811
60 40 1310
25 32 854
61 0 1740
8 43 1661
11 36 1389
1 91 760
4 62 1460
4 12 1701
53 54 336
99 46 802
21 55 979
11 71 571
71 12 1584
39 30 1001
92 87 622
2 61 1117
31 82 1318
22 39 1102
11 25 1517
61 6 1313
78 58 35
14 90 400
93 3 529
10 17 1683
3 56 1781
9 23 1215
30 44 827
67 43 715
95 66 1525
20 73 124
37 42 1630
88 87 165
78 94 291
31 42 1402
21 94 1606
91 53 1425
74 67 1396
71 99 1309
25 51 266
11 77 1780
51 33 1395
35 12 112
88 69 31
17 96 1818
75 88 829
85 51 97
70 93 919
28 2 1101
36 63 1053
6 50 709
55 70 1282
83 42 350
54 87 750
38 47 1252
69 85 1036
40 4 664
83 50 484
88 45 420
21 26 632
86 37 50
32 8 605
84 20 1067
98 1 391
49 45 1625
53 41 1354
80 33 1249
36 19 663
2 4 935
6 46 128
70 30 1065
33 60 782
7 48 1076
17 99 109
15 69 458
65 26 1141
78 24 1840
92 26 546
83 63 70
53 32 1194
20 31 1521
60 73 922
17 26 1307
12 14 749
64 70 10
37 74 1424
61 5 1573
68 86 212
18 64 893
60 65 444
22 76 753
18 16 1447
88 9 508
5 53 1725
57 19 960
11 47 116
47 36 625
36 34 908
83 32 245
76 33 764
59 97 557
39 90 151
19 42 278
8 44 21
17 15 683
39 59 759
17 16 1877
94 6 1803
73 23 418
41 59 764
15 11 1756
33 54 1095
16 29 1011
67 77 1706
30 21 1792
63 96 1517
3 92 1288
33 26 1431
88 48 1405
85 30 1665
68 88 1832
12 75 1685
39 22 549
22 12 16
24 75 622
56 76 1136
10 20 1360
51 91 1245
7 72 1637
50 83 1537
11 57 113
75 43 1026
18 32 1289
9 98 253
4 10 503
57 42 1333
59 74 1800
91 49 1624
33 32 1721
90 38 1298
60 74 1342
72 0 1256
9 20 743
9 41 1101
78 9 751
20 32 1508
20 72 597
16 32 1093
94 16 886
17 70 1813
63 53 1321
14 53 611
75 83 1910
96 12 1519
68 96 380
37 73 1005
19 81 1804
94 45 170
7 2 1810
73 19 215
31 3 1372
96 87 1347
36 24 1719
15 78 759
61 99 958
26 50 86
96 21 483
76 24 912
0 65 364
10 76 547
30 33 1278
12 81 1436
28 21 260
10 54 797
55 89 529
71 51 1168
48 81 873
87 25 1883
40 0 575
36 21 297
38 63 1354
55 93 1592
95 22 1074
85 73 1849
27 91 1294
66 99 1585
40 76 974
12 37 1012
0 47 1919
33 37 857
13 9 1316
42 65 1183
59 80 951
13 65 1246
45 11 1588
71 83 1496
43 90 160
59 31 401
74 64 985
42 21 1298
48 89 976
38 31 65
25 14 136
21 80 1876
8 36 1897
74 35 152
7 82 1041
2 42 975
48 11 576
74 7 679
91 83 1134
6 22 842
73 29 1866
35 33 669
98 54 991
48 8 1000
10 44 1364
41 96 1692
44 84 1115
6 41 1510
74 89 1157
13 83 168
7 14 119
42 95 541
29 9 1632
51 68 1946
47 10 656
15 56 762
86 83 408
81 76 1423
5 80 1715
84 37 1632
9 12 1443
4 8 1017
83 9 1376
35 37 757
3 23 1299
70 26 177
92 83 397
20 80 1841
26 95 183
54 18 1257
36 7 1128
75 44 413
50 35 36
63 98 154
57 84 1800
27 24 1741
80 10 1832
27 50 927
84 62 1502
83 49 325
23 25 18
17 75 471
58 47 1891
83 61 629
47 86 1870
61 38 979
63 65 428
4 29 76
1 80 1854
16 55 352
67 89 1876
80 98 1507
46 55 1573
73 6 311
22 29 1645
59 39 227
21 10 1857
51 97 1908
62 42 773
78 10 1335
85 17 1677
15 73 1709
92 59 1372
26 89 2046
83 51 1829
82 71 783
20 50 405
7 46 1943
12 55 795
24 12 1407
11 92 796
22 33 76
87 75 56
48 84 191
84 7 1775
81 59 1988
37 53 995
38 64 394
91 74 347
34 67 374
2 28 726
15 49 550
10 90 103
92 82 197
13 77 1686
23 4 1239
99 17 1899
82 80 171
1 85 331
84 91 384
7 31 955
30 19 1953
86 14 1734
5 41 387
54 93 172
1 26 831
11 87 1971
44 39 1279
98 15 1674
36 94 463
8 35 647
93 27 1868
17 88 1687
40 73 153
69 25 1163
87 64 522
61 67 1498
61 39 1800
77 19 36
75 34 2023
55 62 64
69 32 1268
62 7 814
54 91 135
54 33 1996
83 40 498
1 87 433
72 50 638
46 98 485
12 54 187
38 27 1753
94 30 344
84 32 1815
70 90 30
33 94 1735
24 58 445
53 70 1179
23 3 1713
67 47 917
18 59 82
95 12 156
54 55 153
57 72 2116
31 10 2064
37 41 360
40 24 558
55 11 1200
69 56 265
25 22 1653
49 14 579
15 98 839
94 3 595
91 81 492
1 3 1053
61 74 883
56 70 1280
53 51 1682
51 15 185
20 78 754
85 45 2138
5 0 1250
49 38 1186
63 70 958
62 59 1935
21 88 356
51 73 1408
56 59 289
83 85 179
73 80 1136
13 3 759
16 19 656
81 48 210
75 50 1723
34 91 650
94 37 1817
97 29 1709
96 63 967
36 71 2009
57 98 916
43 91 1078
2 22 2147
14 31 1826
89 16 1888
76 68 1173
75 16 1318
87 0 554
16 9 1287
77 80 670
38 57 1165
75 22 269
34 58 1155
31 58 2133
3 70 1268
2 37 626
86 70 312
21 70 992
7 16 116
46 47 1474
16 26 1111
47 96 1750
49 40 1599
98 38 696
71 80 488
97 18 2110
94 93 1192
94 68 806
71 5 1018
14 97 1572
29 17 414
51 40 875
72 67 280
35 62 297
71 34 342
81 43 953
25 12 213
69 95 761
10 14 382
36 70 575
1 93 14
90 43 79
74 23 1037
82 47 356
77 47 701
60 78 173
67 96 1317
15 37 2111
38 21 247
69 35 41
55 23 29
2 91 843
94 4 1782
16 57 1527
40 66 615
90 3 146
55 88 1959
73 93 602
21 92 1934
90 72 390
83 67 886
58 85 293
35 10 1404
4 9 1622
87 48 426
70 24 682
57 97 387
50 16 1984
6 26 1630
10 73 1435
30 26 2205
93 68 965
83 66 1535
98 37 172
27 47 1945
19 50 590
94 62 319
0 53 1656
72 88 1269
14 46 1108
6 82 1205
40 46 1959
51 67 425
54 46 1116
93 40 95
69 9 1760
47 90 1941
97 20 1675
0 27 306
63 64 1114
76 19 1520
44 11 2184
92 69 292
18 21 310
97 31 2066
30 29 275
0 24 1819
78 39 501
65 57 1968
64 72 1565
30 28 1130
15 80 1903
70 23 791
44 4 216
47 60 1205
22 43 696
74 48 1389
62 43 179
67 4 789
83 90 1364
4 18 2248
35 65 2113
94 55 979
23 70 525
6 13 259
90 51 60
39 13 140
27 82 267
1 22 119
1 96 416
77 24 885
35 76 1920
2 60 97
11 15 1525
6 67 984
99 21 707
36 6 902
70 27 283
12 44 1987
37 80 1460
35 47 1896
49 81 1703
64 92 480
82 75 1075
71 17 1478
64 67 901
46 2 1929
55 68 1092
84 5 1512
80 11 1743
49 56 328
80 12 741
53 90 770
34 16 1250
47 97 2176
30 83 939
9 56 1357
11 86 2129
5 83 1272
17 91 790
58 11 631
35 70 867
60 29 1637
54 78 2185
7 45 2144
36 11 789
90 48 519
22 19 1226
28 89 1739
42 31 2113
16 50 266
74 3 2219
33 53 987
55 22 2076
72 71 1583
5 97 721
63 91 1470
85 59 220
73 42 1943
67 24 1906
42 46 51
26 80 1307
2 23 744
81 12 1591
71 25 726
56 40 2321
99 58 868
12 93 288
56 37 1267
0 87 2095
87 13 934
33 19 707
16 23 1835
66 67 179
61 24 808
68 59 748
37 69 296
39 40 2125
42 75 241
75 20 187
77 8 310
3 6 1100
84 4 1056
90 61 1145
29 16 2353
85 7 2371
40 5 744
32 65 1096
73 15 141
31 64 1073
4 87 1348
49 54 2193
34 5 945
35 67 1576
43 30 839
67 82 2042
77 14 123
34 17 689
91 58 646
78 64 127
7 17 932
99 12 2301
68 62 341
78 30 807
9 11 1964
41 82 880
22 65 2303
87 67 1312
10 36 777
94 87 1810
89 24 294
61 58 2116
28 11 1675
98 75 1049
46 44 1808
34 65 1469
47 18 1689
69 59 1388
82 41 1928
75 23 377
29 69 605
53 62 250
87 82 1599
98 45 1803
6 63 119
83 25 1454
17 21 710
31 47 2124
99 40 917
45 22 1903
89 78 2154
5 23 738
18 89 278
53 1 781
89 9 122
74 65 1064
41 31 797
8 67 840
40 68 1414
90 59 2339
26 20 779
87 1 330
68 33 246
24 18 2161
62 92 1950
83 28 1158
5 4 110
25 29 924
10 2 357
70 35 1776
64 43 1966
99 37 250
30 85 1204
77 29 1412
16 20 1428
0 58 269
91 60 1678
39 8 1922
46 25 233
11 19 448
53 3 3
11 68 346
60 39 198
39 37 536
6 75 364
53 28 899
5 67 258
7 93 187
19 94 2066
18 84 800
11 98 477
76 93 126
98 94 1805
77 28 905
57 53 502
25 48 1820
93 11 236
20 43 2455
93 5 2341
51 55 735
64 6 2441
4 78 1035
75 85 1042
63 41 1327
15 18 1804
31 20 1774
71 59 1926
68 25 677
32 67 1941
78 56 540
9 69 2409
69 3 2076
44 86 1416
11 85 760
65 59 2318
76 10 462
13 31 1900
16 4 2241
17 85 2368
98 39 544
89 90 172
39 89 2359
41 4 1668
49 76 1599
7 99 1671
69 73 1990
58 74 71
34 45 720
36 41 1675
56 26 1122
17 45 1830
83 35 523
36 77 2022
22 78 1506
23 8 631
36 93 868
98 99 1360
31 81 515
4 82 117
1 77 808
84 89 1328
95 36 1546
31 73 25
63 38 2104
60 1 399
12 64 646
36 68 183
3 41 167
43 12 710
74 72 289
53 97 1197
59 25 1744
70 11 1654
4 5 2376
47 2 1966
20 64 749
24 86 466
60 15 2315
16 88 1646
37 94 54
7 92 1449
7 8 1030
48 59 2288
73 43 540
62 0 1079
7 34 2130
75 65 830
49 21 110
65 74 1028
46 88 2188
15 50 1554
5 69 820
84 12 2239
19 2 933
9 83 2314
23 13 1149
14 69 1011
63 89 1811
83 26 1809
39 64 23
88 81 740
41 23 601
99 22 2466
93 45 573
59 44 871
64 17 133
11 51 2412
65 60 1879
67 32 2429
77 10 485
61 17 296
81 98 1094
78 29 2296
81 24 2464
68 34 1745
75 82 2255
11 32 1973
34 26 782
80 31 2389
34 59 402
33 75 2278
42 10 1956
59 7 594
24 28 776
41 21 360
89 22 2550
41 35 1450
12 30 1478
57 22 145
33 18 994
62 67 1826
1 12 86
50 28 975
84 41 1547
42 64 1465
18 77 1100
22 16 826
54 14 2430
56 13 1031
29 80 1000
51 69 144
36 61 2429
39 18 298
18 11 1096
57 4 1448
87 80 1006
87 7 179
30 88 2444
63 74 1163
26 70 2195
40 21 1629
25 49 838
48 69 2166
82 99 1223
48 76 858
51 16 2436
71 2 405
0 50 829
8 13 1579
99 74 2337
98 96 2455
7 69 460
72 96 1307
59 6 238
9 37 1130
67 83 1494
68 10 2541
60 71 2151
87 29 1776
94 29 84
84 54 993
71 84 726
98 50 1352
14 26 2089
64 75 332
92 30 1278
97 47 919
58 28 1340
2 70 324
93 46 1865
89 69 2230
87 30 1959
26 78 856
4 93 108
68 85 2055
0 25 1710
26 74 730
90 50 581
48 43 447
53 37 1133
99 63 305
89 14 1692
80 82 2406
98 53 2457
73 85 2356
62 81 2392
20 65 648
16 17 1168
77 7 2427
49 91 1507
37 11 1765
81 51 1652
2 95 1915
46 66 117
18 2 42
30 98 79
66 26 2039
86 63 1932
87 21 2056
66 85 1430
46 83 1679
13 30 124
95 51 1902
10 40 161
87 6 1332
92 31 1376
74 56 1035
0 83 1638
49 83 2641
81 75 1949
36 96 889
56 41 1584
33 78 443
51 27 1312
82 69 1439
44 31 110
9 59 2567
97 65 2445
17 20 1167
11 95 173
40 33 219
10 99 2287
54 83 181
9 55 10
61 82 1906
97 54 2625
42 4 2592
12 83 1717
14 65 1605
40 88 2136
27 21 2330
49 6 2369
6 24 2063
39 72 1354
38 25 2206
9 46 2394
53 39 1509
42 15 2591
7 30 494
17 38 2084
68 41 129
64 87 2660
94 92 981
51 84 1840
64 63 52
3 0 2441
44 29 984
31 85 679
28 16 2451
91 20 2202
75 71 440
98 81 2530
0 76 1582
67 99 202
83 64 1772
96 41 2502
53 24 1568
4 81 96
9 22 973
45 10 2136
22 63 774
37 98 739
26 68 116
63 81 932
25 44 45
55 90 196
83 20 2573
93 1 2695
65 97 948
75 35 1999
97 36 1781
72 4 1908
39 66 577
76 5 2551
32 98 377
30 5 357
54 17 2531
3 85 276
70 5 1587
3 20 767
96 2 2547
75 57 318
6 29 1234
85 27 1187
19 54 1948
18 74 1658
83 15 549
59 99 827
67 28 1879
81 4 425
99 41 171
47 94 1803
58 34 1690
33 91 1570
0 51 2571
28 92 517
22 17 1780
55 40 1525
9 49 1507
36 43 1161
38 14 1183
31 19 2749
46 73 810
66 22 1958
82 76 2134
3 95 1603
67 23 2654
42 87 798
23 81 36
70 68 809
61 29 2267
76 11 2497
66 50 796
13 61 375
39 23 1639
56 35 2642
16 91 456
27 20 1832
37 31 1594
10 39 1215
77 94 2050
97 53 1604
88 25 2230
97 57 1320
86 16 1923
58 73 389
85 82 70
50 42 2786
18 69 2731
13 48 1161
46 58 1988
1 4 1374
26 92 919
74 71 2153
60 53 1723
35 5 1375
15 25 2622
74 1 1911
71 64 1388
2 74 2137
88 77 2309
51 3 689
18 8 1059
27 49 2141
35 78 2770
48 37 2567
72 53 1925
45 80 337
31 4 1919
30 64 764
55 77 2121
67 70 2522
49 51 511
1 32 1750
84 23 2243
24 73 674
21 85 1581
68 31 1459
93 8 176
56 95 1421
56 8 666
57 20 2662
88 65 769
47 87 640
9 67 2621
18 70 1486
28 68 1014
9 3 474
48 78 482
67 51 1656
67 18 2198
32 97 622
40 34 1812
66 59 957
95 76 2508
55 0 977
4 43 2090
17 0 1272
50 86 863
82 73 25
92 1 1693
40 60 1756
62 48 1914
15 28 821
72 55 1088
39 98 2785
70 37 454
49 71 2273
29 78 718
85 89 2397
43 85 2463
74 12 57
97 78 1478
2 84 679
49 32 717
11 80 1539
70 59 1184
5 85 1981
97 49 352
9 0 656
4 24 601
24 1 1532
60 47 1287
4 22 2226
7 95 1824
69 33 914
45 9 624
96 8 1204
75 86 2337
59 94 2404
90 29 1345
56 54 1225
53 69 1229
4 49 160
22 4 2179
60 81 2146
34 8 981
69 2 1302
55 85 1477
25 9 413
32 33 587
57 55 529
88 31 1981
45 68 2370
56 47 2663
88 58 290
20 8 2789
46 64 363
51 37 921
73 48 827
40 61 2625
53 64 2087
16 77 810
30 71 2322
71 33 2468
90 35 2247
37 10 1200
19 63 2079
61 25 450
90 37 1399
68 27 613
1 66 1772
59 38 701
84 0 1418
17 62 2677
45 24 2849
20 91 2085
42 11 18
22 38 2668
95 73 1104
25 95 511
61 87 2222
26 13 1317
45 75 1504
49 2 1753
96 90 2669
60 58 851
19 56 756
12 31 141
24 51 76
19 46 2608
20 49 1483
66 96 1787
21 16 2150
4 26 1633
91 43 1601
33 30 206
77 37 1835
3 87 2531
58 1 65
48 86 1689
92 38 340
58 14 294
44 46 891
2 20 510
77 68 1870
75 41 1519
10 12 1068
13 49 1146
38 61 1755
89 48 594
75 72 2386
13 75 2038
44 34 2719
23 17 347
10 81 107
74 51 1990
28 60 2406
13 47 104
8 65 113
74 91 1296
37 50 1457
30 91 520
49 23 1140
42 0 286
42 23 2277
34 51 288
47 75 2259
83 97 1962
10 41 2738
29 59 2873
92 75 1318
16 7 372
0 61 226
46 69 2127
44 47 1798
80 29 1245
90 17 1613
62 5 1210
6 78 1998
81 8 2898
78 99 2125
17 65 1952
64 24 1383
92 61 2299
18 90 1893
70 1 2098
28 96 2566
11 20 1841
58 89 890
45 66 22
84 19 964
89 57 2278
76 42 2136
42 25 2062
85 36 826
89 63 364
3 55 898
21 89 279
73 59 2538
56 43 2189
57 25 1087
73 0 2832
26 84 1033
30 66 1112
5 61 2140
71 23 40
75 39 819
69 28 1118
92 20 781
32 18 2070
20 59 1694
85 29 1270
74 39 1327
61 64 1945
19 20 1273
50 71 588
96 3 985
6 74 93
76 22 1292
75 59 1591
39 80 2176
96 83 39
69 27 237
43 60 3000
38 29 1572
8 99 2175
18 1 2415
0 60 2418
21 43 2361
80 41 2996
97 14 2799
71 58 2354
17 73 960
1 30 1922
9 6 1284
67 64 2962
8 45 1783
1 9 2850
51 94 1088
92 54 2024
15 32 2313
4 37 1024
40 10 438
92 53 1848
41 44 2084
69 96 2866
2 67 166
84 42 445
65 13 172
78 5 657
51 6 2841
61 45 2641
46 38 625
27 88 1626
66 68 943
62 94 2211
89 21 92
77 85 1743
65 16 1675
97 87 1209
88 0 2107
49 30 929
56 53 2353
59 53 2
92 23 1848
99 16 298
26 19 2808
95 35 2330
8 6 1379
88 61 1605
89 2 162
14 74 1566
49 53 2952
95 93 859
80 51 441
14 98 2176
88 18 1412
40 95 437
39 55 2086
35 13 1298
46 54 1605
73 45 22
63 9 2603
31 35 2322
91 96 1388
50 80 818
48 95 1944
63 62 2732
44 6 2214
50 55 626
60 96 1666
66 12 229
43 67 2128
20 45 662
56 55 189
6 59 1733
58 95 151
32 10 81
96 92 2407
8 59 2481
85 2 657
41 95 978
92 14 1688
57 94 134
40 71 2392
23 83 275
95 89 2399
30 46 3010
69 65 2268
75 58 494
48 9 2909
31 9 2958
54 76 1557
43 32 2574
27 4 2268
76 50 587
88 80 2656
18 85 846
34 85 2931
67 10 683
96 54 2585
90 86 1215
9 25 1775
94 46 1142
24 92 1122
11 69 600
66 46 643
12 67 799
32 2 2036
51 36 622
57 83 824
12 3 116
99 42 2402
64 98 1881
44 63 2185
97 46 692
28 14 1035
15 86 251
11 8 2636
90 18 14
65 75 2752
70 88 302
9 28 3105
85 98 3057
22 44 1189
38 98 2240
82 81 2786
65 22 98
80 68 496
72 82 68
36 20 32
92 27 1273
18 46 391
77 22 975
75 3 2595
36 92 3023
0 19 2743
1 51 149
43 53 2614
23 9 1620
47 38 1054
55 84 2379
64 47 722
18 63 1997
88 68 1522
65 54 2985
29 85 2812
18 87 343
26 29 1022
88 28 1784
81 67 335
5 84 1719
40 7 2633
66 30 659
60 8 2460
35 43 61
6 4 807
96 89 1296
27 94 1086
4 47 1730
62 15 540
2 94 1162
89 44 2323
4 44 1972
44 68 415
80 8 2748
21 51 586
84 30 1242
56 67 1530
13 51 499
45 32 303
31 61 2170
62 68 3013
11 65 1919
4 65 1273
46 39 2007
59 83 1200
41 36 724
92 55 1087
73 16 1876
38 23 2800
20 35 2184
56 18 2660
30 99 1966
76 14 1766
19 62 637
99 26 150
59 2 1637
29 7 83
22 59 1883
83 88 696
9 81 1425
90 26 3151
90 34 180
88 74 1207
0 73 760
45 89 3090
65 94 742
1 89 2323
69 72 1130
63 24 317
57 14 2663
44 66 27
99 84 2982
69 87 1070
9 13 1007
60 38 2961
41 22 524
14 66 245
91 32 1467
65 34 2916
74 86 1786
38 88 1210
49 84 2801
70 62 2824
10 59 1832
62 44 2629
48 65 2146
26 53 2381
89 39 430
58 6 145
64 20 1237
55 83 1051
71 66 2808
0 94 2932
65 2 820
19 76 1364
49 26 325
10 72 2064
58 26 1463
50 76 927
94 47 2499
28 84 2193
50 25 1924
37 15 981
50 41 884
24 69 1098
2 17 1210
92 4 951
88 1 405
26 5 2980
69 46 1112
71 77 1371
5 66 1514
89 91 2956
90 73 2765
57 1 84
82 19 50
72 6 1898
76 73 824
65 46 558
99 9 3177
61 41 3091
13 8 337
75 60 2113
39 82 1412
28 38 2799
3 72 2215
19 99 2570
44 99 1448
90 16 2877
84 31 454
7 70 2063
25 27 649
60 54 2151
38 1 2492
37 22 139
53 35 1142
49 12 1845
64 33 363
0 62 2648
19 47 1594
29 66 1577
18 4 667
84 80 1460
81 36 2547
96 28 1288
96 30 2826
16 56 2352
2 51 1360
45 35 566
63 30 1052
90 65 577
41 91 937
58 61 1482
51 60 1422
10 28 629
48 19 1485
26 18 2010
3 21 3202
95 30 2276
66 41 1785
70 2 2479
14 96 2763
54 66 2207
59 3 404
24 11 656
0 63 152
67 93 1780
89 71 2874
95 16 3201
67 33 3069
56 17 999
60 83 2536
24 63 858
94 77 1318
89 36 341
31 7 863
69 78 344
30 59 2046
35 32 1709
14 21 1824
48 33 2623
48 66 860
68 23 1451
36 12 1482
71 24 1998
98 32 2819
30 70 1630
15 13 340
60 98 1993
40 58 436
31 74 1616
73 7 1481
45 88 2417
16 98 274
78 81 1576
66 80 2678
4 20 355
27 19 411
35 50 772
15 41 1946
12 92 1553
72 26 2944
2 25 2786
22 36 2770
92 34 3082
28 0 2852
4 14 2305
84 53 3137
65 19 1675
31 92 53
88 95 2318
27 63 2466
32 20 2895
14 84 3339
30 86 2627
51 29 2599
34 23 1670
63 67 2936
10 47 286
86 93 2109
29 56 1710
27 36 415
71 95 368
41 63 1280
22 62 613
88 17 166
74 49 2688
47 8 3336
56 36 409
92 24 1912
97 85 1931
13 72 607
29 35 1356
70 21 2256
46 84 287
34 55 659
61 22 710
20 5 2643
32 68 1067
65 91 1071
77 46 2126
30 58 15
8 80 2161
48 28 2672
51 10 2382
21 56 954
51 19 3411
17 87 737
89 41 529
5 27 2441
89 80 455
8 68 1133
54 35 1359
40 64 749
8 14 1815
29 38 673
30 32 244
72 93 58
97 61 2585
32 53 2001
46 40 3349
72 66 2872
7 35 1976
82 11 1034
60 67 3330
72 86 2403
44 0 3408
55 60 1826
59 19 1211
95 47 280
38 3 1852
76 46 1584
71 19 1039
16 30 2879
72 87 228
55 14 712
44 17 1710
27 68 1967
21 62 3377
90 76 1649
12 86 424
16 75 1562
66 83 2702
12 0 1111
68 32 2380
98 51 2922
87 50 941
10 98 1759
93 66 3077
84 15 2169
58 7 1271
71 4 1387
90 66 1632
64 59 1482
57 66 481
25 37 2805
32 38 746
75 17 3207
65 99 2059
77 32 1799
26 17 1985
14 43 1151
33 6 2346
68 94 1659
64 40 194
83 94 650
4 38 752
12 82 2209
96 72 2011
87 90 136
19 35 891
61 34 1172
0 6 2249
3 80 1914
55 1 1866
77 40 891
41 47 2415
87 19 654
59 87 2993
86 53 509
15 60 635
13 57 1263
83 86 285
16 12 1232
75 29 2776
25 4 476
26 96 3221
10 89 1562
32 50 192
47 23 1341
69 22 1227
16 83 908
39 32 1114
11 41 2721
78 41 2419
19 75 1074
49 60 3409
33 12 1198
87 86 3400
55 47 3455
63 54 2155
93 41 213
70 77 1537
54 84 2131
65 72 80
65 78 359
8 78 2506
66 19 1594
38 12 1284
86 76 2060
35 49 2068
6 18 3458
50 48 895
55 41 2922
66 0 2442
74 87 1533
27 26 3311
64 48 1664
20 44 2875
5 78 3000
28 73 3065
19 87 413
39 42 2968
5 64 2988
8 7 3508
48 18 73
95 38 2059
7 13 464
81 83 3410
64 15 1220
94 53 1158
98 23 2074
27 40 996
21 22 1039
13 88 1224
86 54 1332
30 53 447
11 13 736
90 84 661
93 94 1694
43 45 2784
63 37 2168
92 56 3288
48 72 1436
35 24 2293
94 11 3297
19 77 2346
53 95 758
50 64 1852
40 55 2659
64 50 3402
80 25 1890
53 55 1101
51 5 1769
13 33 2410
2 54 1172
38 66 393
96 74 2789
60 0 2766
70 43 1953
7 26 1216
37 64 58
2 57 741
99 19 3462
73 77 3576
85 19 389
38 42 2541
75 21 1148
74 13 955
13 98 1904
98 30 2424
74 30 2892
62 37 385
98 13 2910
56 99 2339
94 96 2116
88 86 2366
39 76 98
36 54 689
33 39 819
34 99 2378
19 39 2781
44 70 3444
27 53 3303
14 41 1064
74 75 1143
62 14 3536
45 83 3080
27 64 2063
56 31 1068
91 22 103
87 95 3186
17 10 792
95 68 2043
56 30 2973
13 92 316
17 68 1722
88 12 1224
24 42 1533
23 58 639
49 41 3604
94 43 427
35 91 340
39 87 2240
83 5 1733
85 92 2939
75 96 494
14 30 918
46 14 340
85 40 238
97 38 3404
66 63 3491
55 51 803
22 50 3523
35 46 3056
12 16 1091
47 0 1262
72 40 2091
91 1 56
80 43 363
42 44 2426
68 56 2467
57 7 2382
70 64 2443
18 57 964
93 57 3146
6 91 1531
58 50 1370
25 96 20
70 28 1988
82 31 3288
97 80 2997
87 61 1032
19 71 2182
23 62 1568
34 20 203
7 73 456
8 92 951
66 95 1104
25 38 1663
82 0 1687
91 5 3648
66 27 271
84 25 973
99 15 2281
14 55 3269
80 53 1431
62 30 384
50 29 609
8 70 1974
82 57 2610
54 9 377
18 20 1220
58 25 1079
3 30 2611
30 8 264
99 81 815
59 20 1753
99 75 35
91 16 413
46 35 1844
30 76 2109
98 17 464
19 43 2566
26 39 390
95 42 1845
63 66 588
2 30 1531
14 11 3619
57 34 1157
90 64 3283
64 30 1102
73 75 2547
49 99 2764
0 32 2218
90 11 541
26 94 2705
83 58 1594
99 92 3333
98 92 641
82 92 1652
76 63 3643
22 23 2698
31 65 1072
6 65 2541
58 57 3368
44 21 1211
18 10 21
14 49 2594
13 78 2578
77 11 1485
95 96 1119
2 38 2051
7 57 271
44 43 3077
76 88 1454
33 73 2110
22 96 3485
38 26 2076
98 62 788
39 31 1142
78 89 1946
20 39 1775
44 14 2935
77 74 2290
55 9 3156
62 21 3435
83 8 3383
84 43 443
55 7 157
51 1 1466
23 38 3247
88 44 2145
1 18 1799
45 1 1821
43 95 3261
37 85 3425
37 46 56
82 18 1351
17 58 477
28 49 1085
78 28 1488
68 46 2237
16 72 3728
60 36 1850
32 23 2232
46 86 1080
43 54 679
35 26 1861
38 20 3385
11 83 1917
71 20 1609
31 12 1641
93 76 3053
59 96 553
13 24 3670
18 33 2105
10 70 3496
95 94 1498
77 96 2840
67 36 2285
19 58 93
42 82 1202
36 82 1751
70 89 1066
51 13 1052
49 39 2020
85 87 2884
16 71 2458
97 22 143
85 8 937
6 36 2830
10 51 1459
6 54 3212
33 49 2851
12 61 3293
7 67 3271
7 4 3613
89 34 3321
20 94 3380
9 77 2912
68 74 3233
33 48 1393
22 99 2204
61 4 3020
68 43 2600
56 81 1605
5 21 1519
4 71 3439
72 37 2162
70 18 27
33 89 2975
93 86 3269
34 70 3382
6 27 2521
0 18 1559
78 1 1897
6 39 1947
46 28 2720
98 71 2188
35 51 1587
93 55 866
41 73 1586
64 41 1652
60 20 3112
71 87 2526
59 77 2170
82 86 584
20 88 2629
16 66 2172
20 85 104
13 17 3259
35 27 999
16 24 2932
28 4 3445
74 93 1737
4 7 3153
45 42 40
9 65 1769
34 2 816
5 13 2812
73 38 2611
31 32 109
46 8 473
59 73 454
95 2 2322
34 78 3786
54 72 1152
37 7 2745
13 86 3585
90 15 772
36 67 1306
62 39 2524
25 1 2331
10 19 2258
89 95 2362
85 0 1655
35 15 1524
56 51 554
58 4 1568
88 38 2616
35 1 2246
68 76 2711
15 82 1013
55 80 1343
27 98 730
35 64 594
18 47 3146
66 45 2683
35 54 582
83 0 2284
82 58 530
4 96 178
31 60 3490
93 51 2512
99 47 564
38 76 3201
16 42 2820
78 6 606
31 43 765
36 16 840
61 93 2684
18 58 1072
48 30 3313
24 46 793
69 92 206
92 11 578
70 33 2242
23 19 2387
60 87 3729
62 78 2945
5 87 1236
65 29 2242
25 47 2272
64 44 1787
14 80 575
56 46 973
62 31 3891
94 9 2665
93 4 3259
6 77 2499
20 2 2459
87 39 2765
25 28 1903
97 9 253
13 53 191
98 11 1020
5 63 1444
56 78 1363
49 88 2048
41 80 2829
60 16 1778
56 80 3582
62 64 3141
73 99 3873
16 90 1804
31 95 68
81 58 458
50 10 517
6 12 1171
1 38 2402
55 35 2902
24 89 3132
21 48 2185
22 60 2177
63 10 2327
67 37 1650
56 74 376
89 13 328
87 92 1102
61 90 3356
15 96 3627
66 74 3431
47 3 1879
68 2 1250
25 92 2046
74 84 461
29 41 2741
38 58 3177
46 13 431
71 15 3161
86 98 2155
11 94 111
75 38 2786
88 34 1477
66 23 1903
27 30 193
95 80 68
88 84 46
66 58 2877
90 45 3204
8 97 3238
24 61 606
82 85 309
43 58 354
48 70 1822
19 11 2272
14 0 1327
14 6 1874
16 74 266
90 12 3620
15 39 3419
7 6 359
72 13 829
7 62 308
69 31 539
18 40 3498
6 14 2700
94 63 1783
61 73 650
18 72 215
41 50 3341
68 99 1402
92 42 426
59 8 2778
66 40 1550
97 33 137
19 29 107
46 59 2056
11 54 3935
23 97 463
59 88 3954
20 70 612
60 84 2805
48 40 480
54 61 3823
30 57 3786
95 17 2823
46 16 3430
38 8 3555
90 39 379
50 19 1971
9 70 120
29 10 3957
76 69 2908
32 46 1368
29 3 3189
81 26 681
31 49 2155
85 62 676
55 73 2237
41 33 2933
48 87 396
32 93 2812
21 61 1587
94 76 1698
4 77 2558
30 42 1733
0 13 1998
94 15 2620
24 41 2844
10 83 2318
64 3 3654
16 13 3057
18 26 192
82 26 223
19 57 1297
46 42 1747
86 25 1401
31 48 2454
25 83 2385
62 75 636
33 42 3605
66 18 1605
76 95 2107
68 18 1804
29 95 1510
69 36 1463
19 45 3571
88 5 2611
62 16 345
35 9 3687
40 93 1594
37 13 2503
27 12 2635
37 0 2235
14 19 3732
14 91 2062
35 20 1395
40 53 3989
26 45 2414
80 99 392
20 30 2291
44 27 2896
86 32 867
56 71 3626
28 9 2542
93 83 1615
20 9 2042
23 60 1946
77 3 2508
47 56 1842
92 72 4045
8 72 693
0 46 1866
55 49 1057
43 96 53
83 76 936
24 99 3401
65 39 704
81 23 20
74 57 1993
47 57 463
57 68 3413
59 82 1804
42 40 1165
71 88 1821
94 54 681
43 50 3702
15 38 1681
27 11 839
99 44 1160
10 75 1041
66 78 2652
47 81 1384
71 94 3594
56 90 844
50 95 882
28 19 2631
96 14 1476
93 24 3684
85 25 1732
0 39 2194
18 71 2282
44 10 551
43 56 3891
1 33 2709
38 4 123
75 68 7
58 35 2068
36 73 2938
32 15 3161
55 42 1490
16 67 271
41 74 3371
2 24 3013
64 31 3843
25 21 3588
89 7 3137
86 33 3552
22 86 911
74 68 669
35 87 1257
57 89 1047
78 69 274
83 19 3885
86 27 286
82 21 3901
13 62 1051
30 25 1980
62 85 414
33 77 3599
55 59 2252
63 26 2691
90 55 3568
29 73 3918
21 63 2142
92 98 76
89 47 2160
92 16 3813
86 40 1531
82 44 2502
25 36 3373
6 80 2264
8 4 3616
39 50 3294
20 76 4073
54 47 996
61 27 2650
8 18 2835
68 40 1737
8 33 217
72 21 1038
87 78 3288
88 35 3185
15 58 3188
7 33 2131
8 38 483
39 99 310
83 55 272
68 38 2821
96 46 991
51 18 1955
94 28 1318
10 48 1459
47 51 4081
40 25 485
41 77 2537
51 93 1159
44 40 2961
93 92 2869
58 39 2900
43 2 1394
23 75 3564
25 66 3414
37 82 4155
26 12 3712
54 13 3691
59 54 1891
62 91 1224
37 49 3259
53 29 3366
45 31 2090
56 83 1923
34 69 2596
6 56 328
63 29 2471
62 76 1407
62 9 2650
89 50 1668
60 9 3706
26 8 1065
16 3 1991
64 99 1687
50 43 2657
16 14 1689
88 13 1851
46 50 1695
69 74 1947
1 97 124
26 60 806
21 65 3406
91 95 92
34 81 3477
27 70 3869
99 50 3215
20 62 1530
20 89 1913
81 65 3944
9 14 4037
72 73 630
50 47 3073
23 44 2485
76 12 3613
95 9 2537
92 97 606
33 47 2467
83 93 2645
82 16 1761
65 64 399
86 61 106
83 46 722
59 23 1525
62 35 3154
1 39 1342
53 78 3800
35 99 773
63 47 694
2 7 1025
41 11 356
77 58 1454
82 64 2414
37 17 3323
43 57 1003
35 45 716
12 73 692
49 25 1978
35 92 2566
97 64 1226
27 41 2969
78 42 799
35 34 84
59 0 1790
28 27 1875
41 65 1682
73 84 4219
68 13 2885
18 76 1783
44 5 759
5 30 1136
81 90 2160
50 37 3215
17 30 104
71 18 4120
75 0 3030
63 7 1757
48 97 724
72 1 2588
43 62 2515
80 44 3303
81 1 1115
11 89 858
86 21 2525
9 78 430
85 28 3450
54 98 3471
17 43 2659
90 78 2871
59 15 4259
61 47 881
78 26 3927
85 60 3343
89 64 2085
18 44 3008
0 4 2205
84 99 2284
92 29 1437
69 30 4070
76 58 1912
87 69 48
1 50 2067
13 29 4068
39 12 2276
13 87 4114
84 61 2079
86 96 3805
3 86 603
27 73 1115
89 56 1988
2 50 1590
54 74 3062
23 18 3993
80 89 2722
33 55 3777
5 6 1517
54 24 1121
1 31 2339
8 96 1856
25 68 3875
74 42 1591
88 89 1957
28 74 2632
72 83 13
55 81 599
28 65 1637
87 45 1226
43 48 1431
98 80 2522
82 9 3249
49 74 966
60 59 2422
89 19 1088
39 63 566
84 6 1828
26 34 3944
14 15 3765
65 67 2683
36 97 800
74 99 682
36 32 1856
13 93 4187
29 1 2707
31 16 3954
19 72 2343
49 24 3428
46 6 2140
62 51 3013
70 58 2550
89 75 2000
29 5 3294
3 25 3638
91 48 4151
45 30 2556
73 31 2238
87 37 3855
24 64 2907
76 45 22
46 61 2959
38 9 156
82 53 183
42 5 439
65 15 2146
1 24 487
29 70 2988
15 89 2264
53 43 3195
2 44 3204
10 93 36
88 36 1492
82 30 3119
5 90 3754
86 68 1308
37 34 4144
32 28 4167
70 91 731
13 40 11
89 29 2184
43 35 3579
41 53 2387
6 76 572
53 7 2263
36 86 3383
60 24 2024
46 81 41
1 43 1409
20 21 2885
83 12 4281
96 15 1083
1 56 3560
87 27 2304
88 49 3812
62 90 1413
24 65 1030
16 60 494
48 16 3223
55 12 4258
56 24 935
93 49 847
74 15 1886
36 18 706
40 11 1755
50 74 2491
63 50 1644
57 29 2504
4 55 3433
53 27 4156
27 7 2957
48 55 4345
0 40 629
96 50 468
36 29 658
14 77 28
96 98 2109
41 99 3298
84 88 1050
34 87 587
41 15 1071
40 81 1059
64 23 2471
61 2 2223
53 13 2342
17 25 678
89 99 1924
8 37 944
50 98 2500
77 39 3802
60 22 2895
23 45 3073
74 26 1547
27 28 1152
38 70 536
36 27 3284
40 51 1625
42 86 4222
97 7 1164
88 46 3852
63 88 3279
19 67 4182
25 53 1358
34 33 2108
93 6 3204
83 44 2601
46 18 1447
76 80 2472
80 87 1349
99 97 1352
70 19 1601
32 16 1457
17 39 1248
19 30 1700
93 48 3003
14 64 1053
67 91 291
26 35 4331
86 56 1568
76 94 2855
24 33 2149
64 1 2674
77 34 2765
7 47 51
81 80 4219
42 92 438
6 34 1778
19 37 2457
85 97 2621
66 6 2402
31 67 2398
19 24 3681
15 70 1415
94 17 2598
31 15 3997
4 94 1873
0 20 1991
26 23 3569
7 54 4332
50 75 3993
41 28 2161
49 46 2687
62 8 4287
23 95 4253
2 98 3425
6 44 1659
13 89 777
4 85 1148
42 51 848
20 68 622
57 92 405
75 12 3680
18 56 2675
28 40 1836
66 64 4299
53 0 254
70 49 1731
37 67 478
33 38 3768
20 60 844
37 25 356
84 67 188
18 9 825
59 36 2805
74 8 1011
70 12 193
73 62 2305
69 54 2752
80 13 3413
1 75 904
40 41 988
66 36 3635
92 91 2563
78 76 3007
88 60 734
34 94 4038
56 27 2818
74 92 1683
22 11 2949
6 9 2601
42 96 1709
94 97 2424
9 92 2456
44 3 367
62 56 3559
78 91 3866
12 66 4346
27 17 3659
22 41 2589
43 94 870
33 59 1921
40 12 1154
27 18 1615
68 66 4350
17 72 180
11 40 3755
11 3 3766
74 28 2570
49 86 1519
29 21 1985
31 63 1610
61 65 3421
85 9 937
57 82 1383
31 25 1179
5 45 3224
63 77 3031
82 13 4034
51 25 4460
53 5 1631
26 81 4095
65 43 518
75 7 37
65 63 3564
50 78 4234
21 27 409
82 39 1414
21 18 727
86 71 3146
39 68 190
60 57 2094
81 37 724
91 51 3026
16 22 458
63 86 3390
27 16 4388
79 86 82
79 16 83
79 25 89
79 74 57
79 99 53
79 52 46
79 2 80
79 92 28
79 31 64
79 45 66
79 85 63
79 0 32
79 17 68
79 82 51
79 13 69
79 10 2
79 96 78
79 19 20
79 4 51
79 71 86
79 35 32
79 29 4
79 80 23
79 84 20
79 95 90
79 75 5
79 54 4
79 39 36
79 23 65
79 69 56
79 77 82
79 20 26
79 87 68
79 9 58
79 81 26
79 53 54
79 14 97
79 3 86
79 60 1
1 52 80
3 52 53
5 52 39
6 52 27
9 52 89
10 52 19
13 52 61
14 52 55
17 52 48
20 52 22
25 52 35
28 52 79
30 52 11
31 52 48
32 52 69
33 52 60
34 52 16
38 52 77
39 52 53
42 52 34
44 52 0
45 52 67
48 52 23
51 52 73
55 52 51
58 52 70
61 52 42
62 52 50
67 52 96
73 52 36
74 52 87
75 52 86
77 52 37
78 52 75
81 52 14
84 52 75
86 52 83
87 52 40
89 52 84
90 52 63
92 52 16
93 52 58
95 52 56
97 52 50
