40
101
42 36 126
90 91 291
19 85 1817
1 30 1239
82 35 1524
63 65 513
47 74 1587
4 53 1112
83 31 1309
20 115 1344
66 0 1144
33 76 1603
117 105 258
42 25 975
3 98 274
81 83 1331
57 64 1951
50 73 1017
12 100 24
37 59 1152
83 54 2070
48 102 588
57 9 1618
39 21 1366
79 1 143
30 56 1687
39 14 730
39 55 1284
68 115 1958
113 117 710
83 2 57
50 71 46
81 88 547
117 68 162
6 71 367
0 57 1973
17 57 1150
77 60 1198
27 12 1530
4 65 733
4 29 350
28 9 440
103 56 1702
86 73 815
0 94 761
110 56 201
19 21 1577
44 117 1148
93 106 2011
113 71 1502
63 105 880
90 99 1328
42 114 1946
103 115 1817
109 107 360
6 2 122
90 60 2092
18 75 1319
104 95 1650
78 87 1437
109 13 372
90 38 773
92 31 1072
81 59 1277
38 24 760
74 85 279
58 33 512
36 48 1819
81 52 1458
100 18 77
64 86 441
4 45 394
102 43 720
1 99 2038
46 118 1508
66 23 142
112 53 1268
49 64 76
107 45 13
93 51 447
91 22 1343
52 56 1304
112 60 1961
61 85 2065
6 90 1704
99 7 971
76 74 2144
87 79 650
98 48 983
95 37 585
102 12 400
105 41 1847
99 53 164
3 8 648
67 36 1259
26 62 44
96 100 331
36 98 1694
34 96 1826
70 82 1252
54 53 2075
105 109 1367
49 23 656
80 64 603
119 1 629
73 37 436
119 113 61
4 63 565
83 29 322
110 68 951
69 36 2005
119 48 1465
7 117 1696
64 35 735
54 108 778
70 93 343
34 105 746
44 39 274
116 19 1023
57 8 1077
114 117 1500
36 67 139
61 34 942
58 14 1199
109 63 1700
105 86 1797
113 26 395
23 73 1410
36 107 608
72 39 555
73 10 1568
92 53 1738
78 106 334
3 61 1100
41 105 1107
104 28 170
52 64 1072
83 88 463
33 6 2073
91 97 828
62 54 1779
43 72 1637
56 43 824
117 37 1401
18 21 2063
39 48 890
42 95 1029
36 104 1676
83 55 1771
92 11 1927
4 15 1466
95 98 1385
14 1 1388
6 91 655
92 86 2006
34 79 265
91 77 1602
22 37 1019
52 33 157
28 47 2038
23 30 50
58 2 1737
51 100 370
69 3 209
51 116 105
46 22 167
86 53 1980
28 89 2154
56 77 50
87 61 259
42 14 1457
38 89 2158
118 13 1661
16 68 473
16 49 411
53 29 2119
14 60 870
105 87 570
117 70 1736
52 12 1653
35 1 1648
47 20 754
75 51 561
73 27 1015
81 72 1297
4 18 892
91 67 1919
39 61 350
2 55 1198
32 74 1940
4 12 1295
39 85 193
30 27 1201
0 29 1281
114 99 1733
18 84 490
47 73 1133
30 36 18
114 68 6
55 2 981
56 71 1080
31 68 1534
94 3 2159
70 91 459
99 27 1489
53 1 1201
22 47 1000
90 111 2091
57 68 47
109 105 1691
61 19 1031
93 109 1611
23 74 1005
84 54 683
115 11 383
24 107 1984
13 98 1247
77 104 523
48 72 2025
31 26 1527
56 23 450
76 102 598
74 80 1544
41 53 300
54 111 1713
64 19 1435
117 110 2074
96 17 34
56 93 655
92 65 394
27 30 214
108 102 1268
68 7 1469
89 23 429
50 32 1577
23 68 887
98 85 1706
60 81 1978
61 10 134
77 65 795
24 58 1179
8 110 1855
106 56 1769
80 11 2071
90 36 860
56 11 482
3 26 251
54 79 542
81 24 1170
70 2 1609
69 105 1664
88 98 912
6 67 1345
69 34 1200
4 82 529
47 45 1194
82 77 1596
6 26 1218
18 34 1886
98 1 1542
56 38 1822
111 14 736
54 33 2010
48 75 1301
55 82 2036
64 114 142
81 44 777
78 93 1822
58 80 1817
67 44 1843
13 65 737
14 73 269
6 109 1051
19 81 1368
107 31 776
72 34 900
83 14 1509
5 37 1715
73 107 635
19 8 2006
32 73 506
50 76 1521
45 74 716
26 100 1746
104 63 1471
7 93 2023
50 78 1294
8 113 1731
104 76 925
41 104 1646
116 16 939
98 105 612
47 75 209
24 26 239
33 105 1789
0 44 2073
119 59 1841
50 25 1471
95 77 1787
35 23 1028
42 60 1364
26 98 1298
57 106 984
1 113 1732
51 74 1386
53 105 1965
63 97 1648
65 97 2116
59 118 2169
105 0 0
100 62 1486
81 33 1261
79 76 1253
45 82 609
18 30 1742
71 14 401
119 35 1110
111 86 2135
41 95 254
51 9 1418
18 9 1061
44 90 667
113 89 1555
64 81 1849
24 2 339
100 49 940
39 46 1610
98 3 1317
6 75 125
55 76 2125
8 118 1880
34 87 442
38 78 1427
66 35 3
115 84 995
107 110 1827
15 80 1534
16 10 1673
115 78 854
5 32 1814
2 49 1759
62 61 474
51 46 553
11 16 1056
57 36 1719
59 4 1760
10 68 882
95 50 1791
10 19 2100
35 55 1300
33 75 122
104 34 548
15 18 221
67 57 580
49 35 1267
50 114 2144
85 87 1760
87 104 719
4 85 565
7 87 42
100 102 1521
119 117 1231
46 23 462
5 36 1632
39 27 844
23 92 817
17 90 1834
90 114 1269
70 71 1928
84 15 1932
58 71 581
20 108 493
24 119 1407
106 6 1049
19 64 757
17 19 858
23 58 470
71 57 478
1 26 338
80 81 1457
42 76 1630
27 107 2141
18 33 213
79 72 2066
67 23 2130
81 77 8
79 73 264
84 10 169
31 74 181
32 119 562
87 118 768
83 53 1836
113 35 1519
52 117 2086
18 38 1113
34 112 1102
72 12 960
41 112 1540
43 114 283
73 20 1348
73 93 396
57 63 851
76 82 1554
85 51 1666
56 41 1704
80 99 725
0 70 258
21 25 2081
56 25 1167
113 80 1942
30 119 1830
56 28 481
65 113 1294
32 52 1115
93 81 1958
0 119 562
12 16 513
51 1 1628
36 97 1217
93 34 1035
92 14 1521
66 63 931
43 18 259
113 85 1617
2 3 849
20 21 627
118 70 2022
17 1 844
47 27 2171
4 25 346
42 39 1543
114 19 1334
89 39 1442
77 6 691
109 41 170
5 84 1449
64 93 286
94 1 144
34 15 1286
31 91 900
41 65 1764
51 88 1044
102 76 1793
108 32 114
56 116 1642
30 17 963
75 100 1689
73 118 410
74 109 1414
90 1 832
70 97 1598
94 102 834
38 43 135
102 28 1394
39 16 1486
43 75 1014
54 10 1231
47 28 347
6 10 2133
29 94 1728
25 38 296
8 0 664
75 43 840
8 63 193
51 20 1227
88 5 1498
103 95 1630
99 74 1866
61 83 1274
114 110 1403
10 62 851
23 22 1115
82 28 650
23 44 2119
11 38 2114
11 46 1293
25 43 1103
34 86 1861
65 108 1489
89 54 1294
111 46 1499
46 74 187
22 86 1128
63 34 1021
46 14 1389
111 114 674
96 37 803
9 76 944
7 41 893
31 67 1057
36 17 447
55 5 48
104 48 860
93 15 735
95 93 480
88 99 2060
74 111 351
52 70 1271
95 82 90
46 67 1529
34 117 1031
6 50 988
18 77 37
11 22 1809
58 89 1324
54 64 773
8 42 1950
36 99 2021
95 34 2093
13 23 121
11 48 913
34 43 1321
1 11 1922
79 21 2134
106 84 679
12 7 1865
14 117 517
0 23 789
6 110 1656
47 117 1770
56 89 2155
107 51 2151
66 89 595
45 41 1358
83 52 743
1 34 348
67 102 1281
104 92 339
82 88 278
15 50 1018
36 19 714
70 65 1018
27 81 1235
102 18 1627
102 34 226
107 83 458
31 45 947
14 63 869
115 13 1234
31 17 1770
102 100 508
104 27 761
65 111 2005
107 108 1843
9 109 1705
89 100 1958
103 16 840
58 48 1529
69 23 993
73 22 1868
0 109 362
45 61 1587
60 78 1318
43 110 1579
119 51 1944
102 63 1885
88 76 1610
44 14 1180
62 72 2128
19 33 986
88 106 1120
46 54 1397
87 41 1406
74 61 923
100 48 1008
84 106 1460
11 36 1529
81 65 135
113 76 998
32 6 291
65 57 1672
24 47 851
6 108 212
84 58 916
98 96 215
114 76 1492
85 42 21
110 98 887
59 111 1656
73 65 1165
44 69 2156
59 47 1943
114 60 1909
43 109 1385
93 18 1631
102 83 1763
21 3 1341
36 64 1155
44 16 2020
32 102 1701
74 90 833
23 114 1746
86 46 304
31 55 53
64 65 336
92 24 1059
32 87 1855
89 46 1754
46 75 1917
36 51 1864
28 13 1009
59 90 1025
9 65 1278
8 106 889
87 22 970
59 17 1320
99 17 109
54 77 147
35 97 1363
119 30 416
58 107 250
93 85 1753
50 86 973
100 5 205
114 97 1304
68 47 1388
68 51 1340
4 37 361
106 79 2024
109 83 271
61 25 1989
41 86 843
20 49 759
111 21 217
66 110 1960
71 96 351
61 7 1722
9 68 1421
87 42 1786
92 61 892
114 7 1366
6 24 489
60 53 1202
36 13 1148
92 63 1305
87 10 2013
64 39 957
9 67 1928
116 106 1495
102 29 1473
116 108 1945
49 98 583
44 63 1585
110 9 713
45 39 1186
72 112 1819
94 27 1227
7 16 1795
112 41 1657
15 108 1074
78 35 1376
118 95 1735
118 33 653
108 46 1898
98 34 1634
52 58 1772
109 66 1727
64 47 2151
113 84 1157
66 16 618
21 86 640
94 70 940
52 83 1451
17 89 1258
6 30 420
12 48 1085
0 47 1363
10 97 693
68 41 930
55 39 1490
36 30 1813
74 53 690
115 33 679
97 98 2086
62 4 210
73 58 1648
112 117 2048
13 9 873
76 30 564
44 100 2012
16 119 72
34 53 125
81 11 220
8 26 1790
38 71 525
22 119 1839
1 97 1446
106 61 1253
58 63 415
94 68 398
92 21 303
78 65 2067
106 7 1708
7 0 2046
42 88 438
42 31 720
88 62 1665
72 95 2046
23 28 226
1 20 544
34 75 871
7 29 1377
26 7 2158
35 63 312
63 57 1155
107 20 397
85 46 1118
44 84 1928
88 11 891
59 112 413
76 20 1411
110 76 1176
52 59 1603
100 93 1168
47 81 380
3 113 1921
73 6 1292
92 88 2
39 71 1277
5 34 1087
3 45 967
33 71 626
34 71 1991
49 41 1526
38 85 1905
64 76 241
44 10 1427
66 41 1046
94 33 2031
103 18 816
25 17 1210
16 20 895
116 110 1355
90 8 134
117 49 878
11 113 1409
112 93 1409
7 11 1631
43 98 634
82 31 313
64 58 191
97 67 1014
4 50 1928
67 41 1014
54 105 1523
52 14 1718
12 109 1327
64 27 1914
21 108 1483
116 100 494
73 3 1776
16 36 814
80 7 397
44 45 2030
77 9 115
99 15 1343
12 27 1190
20 28 347
73 113 1466
38 100 1437
22 70 1546
33 115 659
66 50 1217
10 27 1174
27 46 517
39 42 210
43 5 1544
69 90 1395
73 59 1206
37 104 1872
45 10 1204
37 55 1394
5 94 807
32 62 21
14 50 1510
61 91 946
49 36 1110
65 32 1403
91 58 122
77 73 1590
53 97 1923
13 29 1863
84 46 347
29 79 1129
83 20 1207
4 111 937
72 5 1468
97 111 1367
59 95 627
106 118 657
35 88 1323
2 12 1090
109 3 1341
103 113 1057
5 69 2168
44 118 160
49 2 1684
56 34 1712
1 50 528
19 48 170
107 78 1979
76 93 1635
23 67 1381
2 117 313
84 69 732
69 20 663
1 106 271
39 80 1905
13 110 1215
13 51 1407
54 76 1972
115 71 2026
51 15 963
74 43 844
34 6 1836
35 104 1330
111 37 1471
108 37 179
14 99 907
58 36 537
19 113 601
20 53 1871
30 112 1426
90 81 9
74 78 1600
39 32 914
93 32 2003
97 7 1265
51 87 39
22 82 1963
31 56 461
108 11 959
62 93 594
76 21 1217
20 13 574
67 112 2007
11 102 1444
96 9 784
119 89 116
72 66 1878
64 80 1894
2 14 745
55 34 34
22 54 543
28 75 1160
14 41 2120
56 3 794
52 45 1884
2 64 1697
80 77 1841
21 28 34
69 94 822
11 17 2051
13 55 1736
93 108 596
66 32 1482
66 13 622
45 32 295
100 14 1626
105 2 1785
24 39 316
19 32 41
114 93 64
113 67 914
70 116 57
83 119 2080
113 45 1646
22 67 1099
32 41 2085
5 2 2114
104 20 401
109 116 759
6 36 1596
84 0 20
109 48 1103
67 18 1101
26 42 691
106 9 60
37 90 139
15 117 1764
53 57 1698
26 106 1901
55 25 2125
116 58 584
41 108 664
33 95 1918
32 82 560
108 100 1460
86 97 2086
6 95 1397
21 92 1165
36 37 463
48 35 911
73 83 1012
95 108 482
35 20 822
99 89 121
96 30 694
37 30 958
85 19 18
29 86 591
84 49 592
54 96 2055
69 91 1415
87 97 1789
105 6 1878
53 43 1096
10 89 135
43 16 1407
97 14 1666
114 116 1837
85 83 1411
79 3 2
78 48 1892
20 55 1765
119 65 930
52 67 1716
95 18 474
74 36 944
57 26 860
26 4 1386
46 106 1655
55 70 1220
30 117 1582
58 28 2141
48 70 2085
24 18 1899
93 0 220
47 31 869
81 100 1090
31 88 674
46 4 1055
23 46 2019
115 48 704
52 66 166
100 104 752
52 108 1502
94 109 1601
70 18 1282
42 58 31
21 76 178
70 98 1992
12 74 81
90 20 1392
71 91 384
54 51 1499
107 19 1981
47 48 941
67 118 1131
23 107 1721
65 17 641
95 91 2115
92 50 1916
96 44 1949
61 11 1646
36 100 2088
33 18 1150
83 19 806
51 82 302
43 29 1127
37 44 599
32 43 1275
11 8 1828
17 116 2151
113 88 763
15 60 1384
13 52 2108
27 79 1036
20 109 414
110 89 1302
7 43 199
23 109 196
17 49 309
58 29 1432
54 30 1034
62 2 1862
31 109 1089
58 60 746
87 81 535
13 69 1815
71 64 226
41 0 2130
83 11 413
103 9 1192
10 0 1979
52 107 646
43 24 262
104 69 2020
115 3 1746
75 19 1968
12 82 1062
26 49 1123
24 110 96
115 110 492
107 65 895
14 61 370
7 76 289
64 5 1929
112 89 1166
31 85 2108
112 75 288
60 90 1518
116 88 1118
116 20 43
80 34 2105
12 98 1060
118 45 2135
9 50 1967
57 4 472
20 23 1630
79 107 367
80 42 1758
59 97 641
42 54 489
119 67 1815
51 14 1084
43 51 182
62 114 1794
43 34 1670
60 0 285
2 102 1960
19 44 1469
25 76 787
76 109 1286
25 90 1058
3 31 2144
99 87 128
77 108 1601
118 83 1284
24 114 1415
94 97 1265
10 113 450
67 32 1562
24 76 1555
5 110 2025
46 83 45
18 85 982
1 85 1853
53 63 538
41 62 2122
68 14 785
97 20 1428
5 25 970
43 1 1350
10 88 544
105 57 1283
8 90 694
76 59 2167
2 100 1551
108 51 348
37 11 343
16 0 1889
72 83 1757
111 54 1991
112 96 1770
15 29 1572
83 6 867
52 88 1494
83 39 2053
37 82 1753
72 50 1857
10 85 1640
34 10 253
88 86 495
28 11 1241
13 90 1112
17 110 1668
29 90 2111
107 82 741
113 44 875
56 95 1095
86 60 1169
12 118 2023
20 2 868
24 12 431
69 75 1788
97 54 291
13 112 2041
20 47 1570
114 30 1443
103 0 22
64 104 1013
56 60 561
79 30 1773
36 82 1595
65 2 802
91 9 1259
111 119 66
71 62 359
62 31 2138
13 26 1714
59 51 417
68 36 890
44 79 1827
94 0 730
26 10 2088
55 93 347
51 56 1964
81 69 123
24 36 1069
21 114 92
108 65 2107
3 0 375
70 72 931
86 111 1078
36 118 1058
75 113 772
51 41 1632
42 27 1762
100 30 1578
28 94 298
28 29 1814
95 59 771
57 80 1188
14 23 1918
106 30 1715
105 7 906
38 119 549
112 80 1492
71 34 954
3 87 710
37 14 588
107 96 104
71 66 260
79 59 675
87 109 1192
17 84 217
94 115 1020
65 8 383
23 38 674
106 78 2093
116 73 426
33 34 166
46 80 908
46 99 491
67 94 770
117 95 577
81 23 2113
64 75 1472
48 7 1126
5 53 1518
118 90 1260
1 74 1540
65 82 1729
22 80 420
111 104 1734
56 48 635
38 91 1856
109 92 472
76 2 967
35 50 501
73 85 1158
4 97 1138
20 113 242
58 69 1302
6 43 46
99 102 2112
102 14 462
36 34 1175
1 55 873
98 49 1294
113 34 1855
53 30 1211
7 118 320
117 71 272
23 63 1878
39 86 396
75 8 1600
102 21 684
100 26 342
76 85 1032
106 16 121
36 16 1269
37 49 316
52 21 1627
58 57 1217
77 10 1894
6 13 1442
26 85 2040
112 61 1596
6 111 887
14 100 470
67 47 2160
41 27 886
44 86 2157
16 73 1108
62 53 637
72 65 2063
68 24 1281
42 91 1205
10 32 1877
8 84 1156
92 44 1673
115 92 2029
8 7 614
59 50 250
100 111 67
100 88 1052
25 87 990
29 108 19
71 43 457
5 90 1460
56 24 876
23 26 1242
28 54 1773
98 44 1184
51 90 475
89 20 2170
0 77 2088
6 112 750
108 3 1680
85 79 1197
41 24 1715
68 22 799
97 29 1742
14 78 1080
24 43 1972
50 35 1139
118 106 365
36 63 2150
71 93 1052
92 95 402
102 23 1241
96 97 1225
35 99 166
113 51 1912
56 111 668
6 34 489
78 66 1580
17 23 226
97 118 62
118 110 1601
28 60 1735
31 58 1084
0 71 728
5 57 959
22 93 1223
19 106 0
23 78 1468
12 85 637
10 96 177
2 48 742
18 36 517
102 10 1736
25 70 2079
20 32 817
29 77 263
74 116 272
66 98 330
7 58 1224
51 118 871
117 55 162
33 106 1801
12 45 592
37 115 1820
96 31 1514
77 59 6
24 78 846
70 20 990
99 52 1451
96 28 1715
71 92 146
62 100 864
66 62 1713
97 87 1078
61 29 1399
50 112 1150
9 1 410
75 58 176
108 0 260
49 18 185
99 83 1259
24 74 1139
2 33 920
20 36 1905
20 69 329
69 83 1415
32 38 1724
30 79 1476
102 13 724
118 43 136
24 68 668
87 73 651
21 78 723
89 82 1785
112 108 1091
54 8 2168
59 15 1118
88 12 2114
43 76 61
3 9 1768
13 66 518
92 107 1416
54 35 854
18 0 1627
92 89 73
69 63 71
113 39 326
46 0 806
41 37 1087
30 88 1763
42 55 993
79 38 513
74 70 1526
14 18 126
2 28 257
6 69 188
84 26 1580
68 61 1713
100 54 453
29 118 1513
57 112 914
51 107 1822
55 87 1395
116 62 86
103 91 404
116 61 1596
108 44 1276
36 53 1106
52 85 1325
58 117 2124
67 106 658
33 50 42
76 14 862
6 58 1382
115 58 2010
112 42 331
37 22 465
12 57 1440
15 26 1785
5 6 490
90 21 1954
16 43 1248
83 18 1396
94 44 1516
15 66 852
119 46 388
89 111 1369
41 117 2092
96 78 1547
109 61 1080
86 64 1089
114 71 491
82 80 864
18 81 235
23 80 688
73 114 1677
87 20 1487
33 15 1043
12 108 1993
4 26 733
13 91 137
63 73 310
87 114 1669
107 67 1358
116 103 1625
119 34 1247
87 24 1060
103 85 815
17 113 1651
103 49 146
63 43 0
42 41 2069
96 29 1472
17 62 1201
2 89 1664
14 21 22
118 0 1017
103 65 962
103 26 2058
108 66 2168
28 3 244
53 32 2106
99 84 445
7 109 1986
29 84 393
96 43 35
43 13 53
42 18 1856
77 69 1271
83 4 959
45 66 385
26 43 1660
69 6 805
44 32 473
46 69 615
96 77 147
108 43 1067
70 117 1602
110 62 1748
29 1 1937
109 77 106
1 88 1416
53 3 2160
52 95 1933
53 74 772
18 93 863
105 91 1046
111 10 216
6 4 1151
73 109 653
98 72 1602
37 15 577
76 43 198
103 45 448
67 75 1889
5 45 1716
76 81 759
74 60 1674
89 53 1075
88 14 2011
6 94 1055
9 13 254
26 28 806
96 23 1770
77 63 1374
21 75 787
51 42 810
57 90 419
69 85 1771
3 35 683
62 24 1388
83 25 173
59 5 732
45 21 1892
25 5 1930
59 13 941
96 63 1297
80 0 700
33 83 107
11 79 1006
75 106 696
84 73 2170
55 43 942
49 5 878
75 32 1484
44 62 1632
61 57 750
30 51 1395
92 96 701
28 59 1729
50 60 683
9 7 935
8 69 1654
4 95 913
52 36 1901
57 117 38
29 4 386
90 30 1264
42 21 708
14 42 1679
112 71 545
108 54 340
6 100 1772
10 38 318
12 69 359
76 78 1633
29 115 2148
29 116 1302
8 37 143
93 99 1029
8 10 14
62 19 579
4 64 647
70 75 841
19 111 1571
93 36 1679
53 37 1086
84 25 170
37 57 164
59 0 713
69 76 502
46 79 1399
108 92 912
66 2 168
10 70 2165
110 10 988
24 60 726
117 12 658
48 68 617
111 98 1031
53 6 1242
37 94 1977
12 6 983
22 23 1133
71 116 35
80 92 203
116 38 976
24 46 970
53 78 1328
20 64 1085
25 8 413
110 97 1378
71 9 591
12 38 1416
5 1 1425
76 37 371
41 107 1244
20 33 444
16 1 297
62 33 500
30 72 690
46 66 842
109 102 177
53 5 876
81 32 811
107 2 918
24 56 518
17 75 530
50 61 538
118 113 632
33 17 451
83 49 1009
116 44 1861
58 90 1652
80 119 2108
52 3 1962
37 109 993
102 11 236
93 89 342
81 107 823
85 44 901
54 13 2090
1 37 405
99 65 1437
88 85 191
69 58 183
1 117 2085
32 110 194
93 42 2127
34 18 1962
0 43 1139
93 96 945
105 22 2161
25 96 588
76 27 2035
24 20 617
72 28 104
53 114 1101
6 52 764
83 76 557
27 11 1140
104 16 1544
45 77 758
16 69 2098
93 70 957
107 58 1294
116 83 1201
91 88 697
61 65 1985
35 87 2017
108 34 685
67 11 1219
102 25 388
114 109 2094
117 56 1080
66 78 440
48 51 496
93 57 256
68 3 2135
102 79 744
15 49 1620
44 52 247
114 69 1395
90 95 203
50 75 420
26 15 934
13 76 1607
0 41 667
52 38 1729
21 66 1886
20 25 1913
85 53 1653
34 78 760
35 80 862
95 79 641
49 81 1451
20 45 1918
54 55 1723
104 49 1801
75 49 1013
22 17 1980
94 42 983
1 63 2015
107 106 1788
56 1 82
31 72 2037
83 22 1351
7 17 493
28 105 387
29 8 1222
15 58 1676
13 25 930
70 67 1924
6 44 617
37 24 1886
113 10 1775
14 54 1574
5 41 563
55 117 1165
76 61 1992
76 63 742
75 96 362
109 38 1449
7 48 544
74 50 1936
106 57 361
20 63 1846
37 83 37
5 21 113
24 103 744
38 23 2145
9 15 676
92 60 768
47 18 776
68 34 1866
76 62 1648
81 84 211
66 56 2060
105 18 524
86 100 841
55 15 908
106 114 954
28 85 702
86 96 1142
28 102 944
64 13 603
107 61 1004
63 66 1962
100 51 466
20 46 921
48 63 1403
107 118 272
8 25 929
51 18 2050
100 32 1046
119 11 1059
1 118 1915
76 116 1631
73 119 55
89 116 1973
18 71 353
9 25 503
17 47 1319
98 22 892
108 59 658
41 51 1373
5 71 756
60 18 750
83 1 91
95 72 695
85 8 1768
94 38 1198
22 44 610
105 58 2108
110 94 1201
105 119 654
3 62 906
59 84 1314
24 50 1440
20 42 1677
45 87 1979
89 102 59
4 78 1421
23 111 770
8 111 8
116 27 1421
70 73 59
93 37 1732
11 49 179
60 37 1277
27 73 1986
91 43 536
75 93 2019
118 107 175
19 112 733
26 18 168
60 94 825
68 53 1860
60 24 1138
36 0 1669
27 0 47
115 69 772
118 15 413
82 36 1262
109 67 795
48 10 1722
106 11 1691
24 8 1479
73 62 395
55 57 982
80 49 47
108 33 730
43 102 1979
0 66 1036
49 103 1021
85 63 984
64 83 745
29 21 1821
55 11 1744
98 81 941
71 5 697
108 76 244
78 17 756
62 34 1537
16 25 1390
92 114 2022
86 24 612
98 111 1029
3 56 562
106 68 2026
48 19 676
27 60 651
77 47 869
92 57 1855
48 90 843
72 52 1462
82 65 1818
25 32 370
100 117 1648
55 78 1365
66 34 1489
103 92 1397
2 114 167
46 70 665
54 69 1688
117 107 408
74 52 1362
115 91 1660
21 88 1752
0 105 547
115 114 1993
23 86 1625
48 25 833
36 18 503
94 9 175
57 111 1829
84 81 1080
93 73 585
116 15 1455
16 65 199
79 68 1957
3 99 639
77 79 1933
17 85 299
106 82 1381
15 12 735
87 111 251
41 3 220
41 42 7
85 109 344
72 24 2029
104 93 1802
84 66 1400
51 33 23
54 112 1835
27 22 760
118 16 2148
14 80 430
84 115 878
20 98 1230
35 66 148
16 96 1708
83 24 5
13 24 2135
6 27 1278
48 69 938
22 118 1365
43 25 1376
76 58 225
61 63 1346
55 54 1648
22 62 84
85 48 1475
114 50 707
54 48 1772
15 56 1644
24 65 2158
74 79 238
82 96 92
64 36 968
92 52 1332
70 25 921
93 104 404
42 78 483
72 43 291
105 31 1351
78 51 283
104 57 474
108 68 1055
65 60 191
92 47 1031
83 107 125
4 94 46
82 79 2016
35 9 553
75 109 2050
62 48 431
12 47 1699
90 68 1539
47 87 1280
94 49 115
33 58 572
20 44 2138
34 41 923
102 119 1789
30 10 2064
118 71 1623
25 13 954
113 11 1061
111 32 91
27 88 1843
80 4 1540
8 103 913
69 15 1814
73 24 1008
29 58 1976
19 79 1084
48 23 362
61 35 1150
117 15 2099
29 73 331
52 106 816
12 64 808
86 12 2006
22 42 1946
21 22 1824
24 0 1506
48 93 1947
31 111 1238
80 33 1261
112 31 1085
110 35 2162
77 42 356
17 20 1730
76 5 425
87 71 1591
18 3 1407
23 7 1936
58 96 1723
87 115 703
99 119 1263
90 75 1022
0 63 1418
84 86 1275
78 79 157
68 86 2048
49 111 400
9 83 515
50 51 925
67 37 247
16 104 1405
38 42 1901
49 37 892
80 110 764
61 46 1038
79 63 262
115 60 1205
119 60 523
18 107 235
49 97 637
89 97 604
7 31 828
95 56 187
34 12 1067
77 36 1319
64 109 1546
9 99 1127
87 15 1299
107 98 2096
99 23 1579
45 91 1743
56 22 489
0 79 1836
46 52 1408
117 99 1246
80 22 2048
94 18 1263
8 75 1708
103 89 2123
90 58 1774
66 69 461
96 12 938
35 24 2063
52 39 1175
104 71 2169
32 108 1622
0 89 1179
7 19 1225
80 20 981
66 67 163
15 63 831
49 30 1224
37 43 1026
12 19 433
99 66 1752
3 85 759
49 93 125
15 62 36
56 92 2026
90 2 396
95 105 16
105 45 1041
72 71 957
20 54 557
112 2 1209
37 53 187
80 114 1571
114 12 564
8 52 916
39 43 32
112 104 1916
12 36 1191
27 96 641
39 38 1371
20 22 2010
32 42 1176
0 1 718
103 97 1212
48 26 1720
109 5 1780
3 78 1531
75 114 538
33 27 1599
118 20 1985
96 65 982
49 63 1195
41 78 1855
117 60 1768
7 27 1946
26 109 1254
117 98 44
105 34 1575
79 7 1708
113 114 159
111 18 327
27 14 1999
84 92 1130
39 47 1629
15 55 1170
100 39 1896
74 100 1634
81 8 389
86 11 758
85 31 2091
35 105 1892
67 73 1463
95 14 278
102 115 1023
96 59 2161
15 24 725
79 85 320
53 39 14
46 90 1928
91 37 810
11 76 1351
93 55 448
6 96 2101
70 5 196
93 52 310
74 44 1895
51 30 565
22 5 106
72 64 1327
1 89 1284
84 116 884
18 54 1321
80 83 282
78 15 1906
3 93 1496
4 56 1136
10 15 524
100 52 202
89 1 1160
90 119 1725
46 65 213
1 25 1947
65 115 1868
73 82 1024
81 53 197
98 52 2162
23 47 1685
26 14 1144
94 8 1953
28 27 109
96 81 1858
70 61 1072
50 14 1242
76 112 1509
56 8 917
48 62 1038
13 43 1656
41 116 1113
82 55 258
56 118 315
32 28 1761
107 23 163
85 21 1959
46 18 1423
70 39 596
108 114 198
103 54 1596
74 15 1916
57 33 1135
56 14 1566
107 89 129
24 91 745
26 104 246
19 11 1642
96 90 574
20 74 794
112 48 2043
113 17 1391
22 4 1832
63 116 122
29 39 2058
17 63 1690
32 66 361
5 60 2145
82 92 268
42 29 1620
34 2 554
29 26 1804
104 109 26
81 49 583
24 82 1045
95 24 833
89 41 1114
48 2 1098
30 66 1966
72 42 487
16 67 917
4 61 1398
66 14 1098
98 55 657
109 80 644
46 63 1936
102 111 413
74 57 1906
35 17 174
112 45 1400
112 14 1915
115 108 1
92 69 1618
109 87 985
88 42 1352
59 93 1256
44 1 353
20 103 1708
42 12 865
65 99 764
59 3 853
62 70 508
28 48 744
51 111 1610
118 50 1771
49 70 384
75 4 772
30 24 1383
41 100 1801
105 100 2050
52 31 315
22 28 537
110 53 1726
63 18 1953
96 50 2079
60 76 1537
41 113 44
63 70 1536
66 42 1398
96 46 101
17 30 938
43 23 534
73 97 1057
11 64 281
42 100 1517
44 116 2114
82 108 953
114 35 849
21 11 823
94 119 1239
34 69 912
111 103 2072
27 77 1348
48 106 1533
99 81 1236
52 102 1073
25 107 807
14 93 355
69 62 11
39 74 1113
75 26 1746
15 76 2121
77 84 564
99 69 1883
34 108 1710
109 74 398
56 90 312
60 5 2063
69 39 571
105 102 1592
13 33 1302
33 22 1133
116 33 92
88 41 1858
72 1 2131
29 63 697
97 31 184
117 44 1392
40 21 53
40 96 0
40 95 89
40 46 45
40 10 60
40 25 90
40 72 10
40 24 42
40 62 51
40 55 110
40 27 88
40 23 110
40 30 45
40 1 14
40 106 5
40 36 63
40 80 3
40 45 1
40 110 110
40 16 17
12 101 81
13 101 97
22 101 84
25 101 118
31 101 66
34 101 72
36 101 83
37 101 49
42 101 52
48 101 39
59 101 40
61 101 35
71 101 73
80 101 100
84 101 57
116 101 119
