38
63
55 11 0
54 71 0
73 75 0
75 51 0
25 18 1
13 70 0
60 33 3
73 40 4
65 68 2
33 35 5
12 32 0
40 30 1
33 48 8
24 75 9
17 59 11
30 29 6
43 4 3
4 78 5
53 17 5
44 56 6
2 10 8
18 33 3
78 55 16
59 62 14
12 60 17
47 43 11
64 39 16
5 75 7
40 59 20
44 26 7
1 44 17
16 4 28
61 27 13
42 52 10
1 42 30
74 58 17
36 27 10
59 57 30
65 60 10
47 2 22
34 64 9
33 41 2
73 62 2
73 29 36
17 4 4
7 41 3
9 7 23
7 61 41
45 48 42
30 34 37
67 71 49
54 3 43
33 75 43
60 43 35
30 40 11
61 19 25
9 1 10
65 0 27
0 53 23
56 4 33
76 23 32
11 0 12
59 3 6
17 79 53
5 51 56
50 39 41
65 53 16
6 66 57
50 21 48
8 46 47
30 72 65
46 65 39
20 39 25
23 26 68
66 67 19
60 49 21
44 78 47
0 68 49
16 65 22
23 47 13
78 65 60
61 65 59
73 3 22
40 32 61
1 41 56
18 10 7
72 43 89
6 27 70
44 52 77
56 52 74
9 2 8
8 36 16
56 29 38
2 71 81
74 16 95
30 13 15
29 4 92
77 59 27
8 17 88
74 5 23
75 44 73
1 31 78
65 7 92
75 22 98
50 65 56
0 26 40
29 51 60
49 14 67
61 41 69
12 20 90
51 53 9
16 14 94
15 58 35
3 61 46
61 29 92
45 1 83
54 34 39
27 1 26
48 68 28
1 29 56
72 69 114
50 67 73
32 11 71
51 13 5
11 51 55
51 28 103
7 36 6
9 69 112
27 8 22
45 36 33
59 19 96
45 51 114
54 23 123
27 2 16
74 45 134
77 43 34
67 18 115
26 11 39
26 28 52
15 49 122
61 77 75
53 57 26
39 24 56
59 68 146
58 72 23
30 36 27
44 30 132
19 67 97
67 29 46
4 36 114
2 6 31
41 3 102
52 45 63
76 57 24
56 55 148
6 76 144
62 65 62
10 33 116
40 79 141
34 19 164
56 30 121
10 29 68
49 31 141
79 28 63
68 75 47
76 25 151
53 71 138
54 68 98
76 29 9
0 46 82
56 68 132
11 32 60
21 42 102
1 75 138
14 16 88
53 70 178
76 68 14
16 70 50
48 51 6
17 37 171
1 2 39
29 71 28
0 9 68
60 25 27
61 50 110
78 1 20
54 30 115
70 60 50
65 21 44
10 74 122
27 73 80
55 76 9
49 43 68
47 69 200
61 15 124
79 13 86
11 18 77
9 6 115
22 15 126
37 55 79
65 76 20
5 79 205
68 67 13
5 13 108
44 25 156
54 31 28
2 41 122
62 24 23
73 14 14
44 70 184
64 35 48
56 40 63
31 39 108
34 37 209
39 26 5
61 4 14
75 50 140
5 53 172
46 37 154
76 30 201
25 7 23
74 53 16
64 27 37
48 44 193
11 74 19
6 35 52
60 4 203
47 52 194
18 41 105
2 44 175
34 79 197
28 11 226
35 72 8
33 30 29
51 15 222
64 13 191
7 60 131
20 18 80
22 18 223
45 27 119
44 17 35
74 57 19
64 53 194
41 35 130
33 59 101
22 71 155
67 20 170
54 8 222
55 15 35
61 57 63
10 8 254
6 8 157
4 29 84
19 60 86
40 37 105
7 9 0
61 79 204
8 0 241
29 31 225
25 76 220
9 17 162
40 14 246
60 41 49
42 72 57
60 78 161
4 7 223
67 59 250
53 59 141
7 75 274
75 36 169
23 72 172
78 11 106
41 20 206
14 29 100
69 39 212
21 19 232
18 74 203
78 72 116
1 4 203
79 31 243
19 9 104
29 55 67
22 70 197
26 15 231
49 37 212
44 11 145
60 0 124
16 78 1
4 55 149
27 25 196
28 58 123
62 48 291
3 31 301
66 35 304
61 12 292
37 79 279
1 76 269
39 2 247
0 34 209
35 46 266
26 32 47
12 36 113
78 5 124
78 59 36
6 73 125
16 77 306
74 32 237
0 72 241
9 50 213
52 49 223
74 7 34
67 36 15
45 37 125
46 21 199
28 44 187
42 17 320
15 16 328
36 55 149
37 16 25
3 52 145
35 43 276
49 67 228
30 20 297
76 74 305
26 21 181
68 52 204
66 31 273
76 27 100
76 31 264
42 10 297
14 37 185
75 17 197
39 51 35
57 29 312
77 13 326
20 37 240
32 35 204
53 22 98
30 33 78
39 30 196
74 65 126
23 2 270
7 15 347
64 12 26
62 67 149
2 33 278
17 18 175
50 58 224
47 12 28
11 14 290
52 79 279
33 71 210
36 70 154
57 71 180
31 74 267
1 22 316
14 15 53
35 59 368
53 28 329
2 52 319
12 26 228
31 37 378
49 50 126
70 0 12
19 76 374
1 5 184
52 58 285
48 37 75
76 51 308
71 15 230
16 7 271
0 1 122
6 52 276
2 78 3
40 4 147
30 65 296
28 39 21
13 76 202
14 27 343
32 58 337
26 47 325
73 7 40
74 17 373
68 14 198
11 65 10
6 37 20
61 73 314
17 74 126
18 26 58
62 12 125
29 43 20
46 79 187
61 72 126
67 74 268
35 15 162
31 79 218
2 74 315
17 58 151
78 27 196
44 43 218
54 10 415
43 0 26
36 54 273
46 23 172
8 27 188
27 36 12
13 1 183
41 25 5
72 11 422
7 51 277
23 44 6
40 5 193
13 75 246
18 59 423
20 9 188
74 18 101
16 52 135
3 58 54
1 14 154
43 59 62
47 24 386
49 68 390
65 32 296
74 6 38
75 78 97
59 16 184
14 59 61
37 77 421
22 14 215
35 16 133
59 11 54
18 4 334
52 32 254
42 4 160
1 47 432
71 60 388
27 48 20
31 27 245
27 69 91
50 17 333
59 22 188
66 3 411
31 59 248
70 57 164
61 31 378
17 65 461
0 74 230
29 60 105
15 66 126
64 9 266
18 25 90
53 69 316
18 64 372
59 34 407
10 25 444
76 26 249
57 74 53
68 3 388
36 5 87
49 79 445
41 66 313
73 53 395
48 53 36
45 10 99
17 60 359
33 3 427
69 50 51
33 60 414
2 39 281
66 41 256
35 22 174
31 11 306
73 47 246
6 64 164
5 52 369
78 71 410
6 26 297
66 16 283
53 0 408
12 0 281
24 60 428
50 45 398
9 18 288
64 72 228
37 15 280
42 12 70
62 64 226
60 48 121
52 28 467
67 54 496
77 29 439
25 0 198
8 33 21
28 49 275
40 52 365
15 0 468
65 33 193
75 19 354
74 29 376
40 36 386
55 57 3
20 14 398
40 18 89
19 68 324
56 69 224
45 3 517
70 77 295
59 58 391
47 16 370
75 53 348
24 5 297
74 13 107
58 4 74
69 60 467
19 65 181
13 71 242
28 1 296
1 62 95
8 12 36
8 72 512
78 33 384
2 15 149
14 73 299
40 33 118
27 79 529
36 72 310
13 67 333
21 24 35
45 24 518
39 49 99
6 10 126
36 68 249
4 44 351
69 79 278
79 16 88
23 42 343
47 48 232
14 11 456
43 37 246
12 19 127
79 70 46
72 25 395
31 20 332
67 79 362
74 56 2
3 66 265
68 62 347
12 76 206
12 68 295
5 11 249
42 15 365
34 9 98
16 20 390
57 49 283
31 57 141
2 43 560
61 14 531
70 48 41
75 2 262
67 26 353
59 17 527
55 44 5
32 8 218
15 14 207
40 45 270
30 22 473
75 41 276
29 68 456
30 62 238
59 30 190
60 62 472
77 34 540
77 3 245
67 1 501
42 0 274
10 21 587
7 34 475
78 46 24
67 0 8
52 77 225
32 33 342
8 52 388
39 48 408
57 32 529
3 25 184
69 44 426
6 53 566
47 49 20
58 71 127
67 73 161
35 69 532
78 4 354
18 29 410
17 75 53
42 33 558
60 22 111
51 36 11
44 41 556
74 48 487
31 42 219
64 23 423
56 3 498
7 50 373
46 48 317
61 52 166
57 46 127
35 53 429
18 76 518
13 15 406
16 18 282
5 27 215
28 10 193
77 11 241
61 47 0
79 34 329
48 35 147
31 71 628
53 1 144
47 35 347
50 36 4
35 60 214
7 18 301
19 13 370
4 30 380
52 10 140
72 74 297
30 48 55
43 5 614
17 3 72
32 16 113
61 9 160
66 24 71
33 25 586
45 30 384
70 62 450
3 50 409
57 50 131
59 6 3
58 21 322
53 7 211
11 69 152
35 26 101
69 1 217
73 67 156
26 46 95
64 74 102
5 7 271
42 48 643
33 9 444
9 30 61
17 49 99
61 36 232
70 39 665
52 19 95
31 8 671
77 10 19
29 9 163
54 42 324
54 19 314
7 32 295
42 68 381
18 0 567
7 40 435
72 51 554
6 79 134
10 0 637
69 17 492
32 1 667
72 58 243
70 15 321
18 79 101
3 37 207
66 49 463
7 33 597
68 18 562
43 58 80
26 56 42
33 22 138
43 70 561
70 28 136
66 30 518
53 25 208
27 59 283
70 43 61
13 56 706
22 20 282
31 54 423
9 14 120
54 76 149
24 48 337
48 26 199
29 53 604
28 41 238
15 11 229
7 68 144
7 28 199
28 0 562
76 56 151
32 43 535
47 76 101
0 10 417
46 51 303
64 10 648
56 8 258
64 14 219
24 47 541
1 61 291
23 61 543
29 37 503
41 0 44
67 22 192
53 55 463
42 30 572
17 67 186
64 15 186
4 24 73
64 4 177
34 3 264
11 9 378
17 34 695
60 3 489
48 28 593
39 53 621
39 43 124
31 68 528
5 36 678
56 32 63
53 5 250
18 77 559
64 26 142
20 40 75
40 56 302
53 77 395
4 67 641
13 33 401
41 23 374
79 42 336
21 66 456
10 20 459
27 61 222
13 25 254
40 28 414
60 1 698
34 62 337
51 57 772
24 25 742
64 50 412
18 28 573
69 61 578
70 74 709
40 72 95
53 47 645
10 79 66
61 33 661
53 11 50
31 45 659
79 0 742
22 73 437
46 50 518
6 56 360
21 22 411
34 74 69
12 3 490
77 75 733
34 44 236
43 78 387
68 32 258
10 9 477
58 61 230
76 60 495
9 29 497
77 71 648
29 10 280
27 32 193
3 10 587
22 60 533
22 52 477
15 41 17
61 22 817
72 5 246
68 21 551
68 33 611
22 44 238
23 27 471
43 74 166
60 50 392
50 2 34
71 76 294
18 53 341
47 14 618
71 42 693
25 44 687
59 44 826
68 56 264
68 46 593
31 0 413
78 70 437
30 14 584
74 66 75
5 61 831
57 24 58
4 72 794
29 28 411
26 60 606
53 61 465
47 32 425
12 1 655
50 59 575
21 13 384
36 44 426
6 4 646
4 70 226
12 11 651
19 72 47
60 34 230
74 70 374
22 53 157
21 46 660
58 20 779
75 18 477
20 30 323
73 2 394
61 64 114
20 57 176
29 12 450
75 73 320
32 23 426
10 24 214
49 62 184
68 50 467
45 65 726
30 42 286
25 46 34
17 42 33
6 59 260
41 24 764
14 78 555
17 43 389
61 66 337
31 17 746
21 3 669
50 74 856
50 8 104
56 1 278
41 43 495
75 26 534
49 44 481
34 31 369
18 19 98
19 41 241
47 50 616
9 46 351
64 5 424
59 14 305
2 14 413
4 18 571
56 64 773
17 62 736
57 9 159
75 64 264
73 20 546
55 12 813
53 29 896
0 42 7
78 62 473
54 0 447
72 75 414
29 54 115
56 71 219
65 72 687
17 32 552
57 77 841
21 39 430
28 67 437
60 74 721
32 34 363
1 8 576
48 70 593
60 59 699
10 18 440
61 75 293
29 40 324
50 1 339
54 50 928
14 54 484
5 8 324
36 43 348
49 21 221
13 26 75
45 58 111
29 30 330
62 44 756
49 77 442
55 16 400
62 1 472
59 31 613
45 55 458
0 27 392
50 29 177
28 2 745
56 21 838
77 35 58
20 47 208
39 23 150
50 56 70
16 43 559
17 52 142
19 64 191
35 45 756
42 20 781
58 13 378
55 45 280
75 76 656
0 39 349
67 72 5
13 47 832
28 46 575
62 34 56
0 65 36
26 20 380
70 18 846
53 54 391
26 51 26
7 22 567
0 36 936
2 21 896
47 79 284
45 40 951
5 39 271
71 33 620
43 33 415
0 31 85
17 68 641
23 66 414
66 64 746
46 7 520
31 55 948
26 22 335
72 61 218
70 16 904
21 68 710
13 6 60
27 67 867
65 22 17
51 62 487
41 78 830
29 75 623
1 10 14
67 41 395
15 19 20
39 42 384
9 56 105
46 77 591
41 8 670
32 54 747
39 74 321
74 54 723
25 47 502
43 3 347
77 22 722
45 64 374
3 67 626
60 77 111
48 32 390
41 48 364
8 60 761
37 2 882
5 70 255
41 15 201
58 22 676
71 17 147
54 46 886
71 77 510
8 28 802
20 62 464
39 64 707
26 0 427
69 11 234
22 16 750
27 18 427
14 0 288
14 42 212
17 14 816
73 27 575
51 61 531
36 69 684
60 39 754
39 7 2
75 10 969
59 4 163
52 31 155
54 53 310
28 57 462
0 50 410
15 26 898
65 20 507
32 15 179
61 46 567
23 14 517
70 30 136
2 25 382
11 21 527
33 56 948
16 44 309
57 3 843
73 22 673
55 65 21
40 77 876
44 76 296
5 18 871
3 77 724
14 24 803
34 75 219
68 40 202
22 47 133
46 10 282
72 2 694
34 72 790
30 26 536
75 16 43
13 62 493
28 17 964
6 16 230
66 52 1061
43 73 471
29 36 576
35 70 61
18 42 210
25 43 559
32 40 638
37 4 55
44 74 363
35 66 980
72 31 849
34 54 250
76 41 23
31 69 807
49 74 969
1 64 163
67 2 362
11 55 855
54 64 5
79 78 897
70 49 324
10 60 216
51 16 975
15 34 269
3 19 851
47 10 989
40 54 1080
58 34 481
11 61 296
28 15 426
43 77 865
73 57 648
14 70 54
3 5 1018
30 19 573
79 8 2
65 25 605
49 13 20
54 32 951
70 67 571
68 47 220
40 9 476
8 67 294
11 2 324
30 68 309
7 59 267
74 9 447
71 0 761
5 4 241
53 78 541
11 68 396
17 46 1099
42 1 495
10 26 988
46 75 1074
17 16 628
52 27 308
60 20 600
71 48 465
64 24 209
42 47 705
66 47 117
24 26 632
52 59 839
32 75 738
7 49 292
25 6 977
3 26 829
22 68 948
25 41 9
35 20 566
68 13 101
17 36 547
3 21 52
68 73 113
20 45 576
19 18 564
7 70 552
21 57 972
79 14 22
57 67 1057
43 14 634
10 6 643
76 42 32
35 32 688
64 6 506
1 20 163
6 31 295
33 74 515
4 1 348
50 16 272
62 26 939
67 75 343
33 34 1074
26 50 1093
32 5 533
61 59 268
67 21 437
26 66 129
49 69 1018
3 64 1074
30 59 305
66 56 378
43 26 606
53 36 1032
22 41 390
54 70 1091
47 39 997
75 6 115
62 45 782
5 16 1078
50 62 856
57 78 1088
51 68 413
36 34 809
61 13 949
73 16 1109
32 73 242
22 23 1027
25 31 240
30 27 581
0 35 459
68 72 494
15 48 1070
16 37 55
45 49 383
21 58 947
46 34 1071
20 8 801
19 74 156
70 2 1109
49 16 1023
53 52 723
78 44 990
41 33 20
75 35 504
44 79 1036
26 71 1213
15 8 656
30 64 752
65 46 120
73 18 1079
12 77 765
68 5 713
14 48 60
25 2 496
67 68 45
77 33 1007
28 47 1016
61 5 371
68 43 35
10 36 1229
64 52 174
36 45 642
77 45 1062
37 46 552
9 28 55
53 42 459
46 32 921
31 70 209
57 72 1164
65 4 628
1 50 702
36 25 890
67 60 449
6 40 50
39 58 1224
58 1 332
42 71 530
14 28 458
35 7 1196
29 25 223
24 32 131
49 0 366
3 22 417
16 41 173
33 51 493
10 30 1055
67 48 1206
28 77 1054
6 65 1223
54 20 750
12 7 779
5 72 1028
51 74 67
57 76 34
43 62 799
48 24 1266
6 30 1266
55 68 113
16 35 891
60 9 707
77 61 599
10 75 167
9 20 668
58 11 568
58 49 26
49 4 953
34 30 970
47 7 784
20 34 1146
14 43 660
36 20 841
12 70 999
31 50 740
29 24 628
40 78 500
10 62 466
31 33 1146
68 15 483
27 19 727
5 35 212
12 15 712
66 70 318
51 34 1075
32 27 58
3 45 462
40 60 473
48 49 713
30 15 383
1 23 1096
60 32 575
52 25 979
14 18 1285
55 18 780
16 30 1091
71 61 265
23 17 201
43 47 510
27 76 1244
76 10 1035
69 24 279
12 40 135
79 66 610
57 5 1243
9 13 783
31 72 933
45 26 1041
23 11 266
46 61 97
12 71 108
13 23 160
65 26 110
50 51 970
50 33 494
4 62 566
4 76 1166
39 68 1107
51 42 770
51 7 372
10 40 202
71 45 137
49 22 430
3 30 460
62 16 996
33 27 342
42 9 915
48 54 608
25 15 1227
27 50 767
49 19 454
15 50 513
14 68 1265
19 4 404
37 7 1318
4 25 807
47 18 1097
76 16 1225
0 79 738
34 47 739
34 4 1220
58 75 478
0 21 1251
73 19 1248
56 46 888
31 19 279
55 10 288
0 6 792
16 75 924
25 75 363
28 61 911
34 56 781
46 53 941
7 67 56
54 1 784
71 25 567
20 78 1280
16 13 944
73 32 958
45 53 47
45 16 871
19 32 317
56 5 641
14 66 689
51 65 122
24 17 1157
30 23 1250
12 67 1199
15 13 1334
46 20 541
34 27 833
51 48 356
46 27 365
8 59 986
31 21 46
30 18 516
42 53 1180
19 75 1012
12 78 148
17 40 274
62 39 70
22 62 1316
50 11 563
43 42 215
44 2 25
36 37 680
69 58 1324
17 24 212
10 72 1193
3 48 784
61 18 930
47 19 156
20 13 464
46 39 553
11 3 14
41 18 296
62 3 251
41 1 81
6 69 820
45 20 1050
66 69 830
44 73 1380
44 54 1059
6 19 900
56 33 319
22 26 1148
64 55 730
28 69 304
52 23 670
60 73 335
36 66 995
49 15 939
45 0 1215
30 16 422
0 66 890
75 65 394
55 24 1327
74 55 725
55 1 1077
20 46 1264
31 43 667
15 43 221
24 64 339
29 47 567
28 70 115
36 4 402
16 40 344
16 39 977
69 27 26
19 42 293
6 7 166
22 66 144
33 20 920
33 58 367
13 48 811
51 76 1150
0 61 758
31 62 487
47 15 979
17 73 689
46 11 1134
33 32 413
4 66 1252
35 40 619
69 47 119
53 35 478
71 14 1231
34 78 1401
3 56 1193
28 30 151
15 77 218
71 12 675
6 68 399
28 64 1138
71 69 280
69 10 597
74 40 716
29 64 167
49 54 1296
1 59 1017
56 74 383
69 45 665
2 8 1355
13 9 901
75 59 1126
36 14 647
61 6 1148
65 51 1482
22 48 1057
41 9 1349
8 54 618
59 71 28
65 58 16
66 61 1122
48 64 1419
24 37 546
24 8 1337
16 55 1341
16 19 391
13 74 597
37 72 945
0 69 1169
21 28 1229
41 57 863
48 77 1081
46 60 1307
23 4 1105
64 16 627
53 74 1268
16 1 498
22 10 906
47 20 1061
77 51 314
60 70 770
75 11 729
31 46 1054
26 43 458
54 22 370
18 35 326
51 0 163
39 70 863
58 78 929
56 65 907
49 64 1524
32 64 632
72 60 1075
23 54 256
42 58 367
23 74 1293
11 60 1045
56 22 456
76 52 390
58 18 1204
65 2 132
67 42 1517
60 30 384
14 51 1004
30 47 693
36 49 1390
56 18 1321
55 9 427
40 35 956
57 2 208
8 45 720
11 28 825
42 50 48
58 53 239
50 69 457
16 17 632
43 34 867
26 9 354
20 73 605
20 59 1435
57 53 36
28 29 538
47 30 928
44 16 935
34 68 1042
35 64 1071
13 73 602
65 11 1495
3 51 1386
71 52 543
26 29 1074
31 9 703
37 12 1438
58 68 329
44 9 265
41 34 1127
0 29 876
72 3 1533
53 10 245
11 13 1091
9 57 1508
52 15 671
24 73 995
78 16 1354
13 20 213
62 50 308
33 16 331
67 37 362
70 36 998
74 64 385
33 42 341
22 65 1409
65 64 1082
60 8 1571
15 37 261
50 61 1207
21 74 538
18 65 71
11 30 32
37 10 289
41 40 1580
12 42 726
41 31 321
14 10 1055
19 39 1524
12 13 42
27 37 827
37 43 235
11 17 298
11 7 1135
16 24 408
71 6 1612
42 56 234
64 40 1613
16 67 130
51 18 136
7 52 1333
48 71 1460
76 58 89
35 23 468
61 10 498
50 53 143
17 0 960
44 47 254
47 51 1532
66 73 1316
28 19 51
43 17 1543
40 41 616
32 78 1422
73 43 1037
22 5 52
9 75 575
22 40 1087
26 17 1453
65 14 253
0 52 1474
2 42 1400
28 54 205
78 48 429
79 7 160
42 57 324
73 39 1565
21 5 104
24 40 820
31 47 174
53 2 932
50 64 337
48 0 1614
59 74 1416
66 13 1285
74 27 1401
26 67 1509
26 58 1391
2 59 710
15 18 1542
21 14 142
0 73 75
2 73 53
57 12 429
45 11 808
39 77 995
64 28 220
43 11 901
77 72 1506
51 25 272
8 4 888
13 60 1610
54 4 297
59 60 1323
67 12 720
79 20 136
65 28 930
13 16 1479
68 8 1655
58 43 578
12 35 140
13 14 756
14 71 183
46 14 1434
29 56 503
73 31 656
48 45 627
8 11 1629
17 21 1563
29 21 698
12 57 877
57 58 1253
29 61 737
2 5 435
10 71 1364
36 56 1448
69 31 622
21 34 126
35 49 1219
41 59 848
41 68 62
37 31 470
45 66 763
23 67 242
65 43 813
14 36 1015
79 5 978
47 58 126
2 72 550
71 10 1018
24 61 761
32 4 305
4 51 1347
34 23 1614
37 28 142
26 68 771
12 72 46
57 11 922
66 45 1361
25 66 993
62 32 664
48 30 1076
41 76 625
13 29 198
58 17 513
52 72 1213
34 1 990
66 12 468
17 20 874
61 0 1104
49 6 962
45 32 1354
47 59 262
35 8 527
4 68 1151
23 28 298
4 32 225
61 70 1036
9 71 702
29 23 1156
3 41 194
59 9 1336
79 6 1302
21 71 663
26 37 980
78 64 954
34 70 1157
74 37 803
29 46 1624
45 25 1084
57 40 533
28 33 829
78 17 49
21 77 258
54 25 1693
44 65 1281
0 59 1545
54 35 1675
35 17 692
5 19 389
30 28 1756
71 79 1585
50 7 651
26 18 1512
60 52 1607
66 59 265
49 34 201
76 39 590
7 14 398
8 16 931
31 16 904
70 27 330
76 33 177
32 41 1006
36 10 1645
49 11 711
14 76 541
1 3 521
71 43 1547
3 4 247
0 62 89
1 37 1173
77 44 1536
9 55 614
39 11 1146
13 66 18
50 25 1538
8 68 1275
4 57 1598
18 49 1301
33 61 284
6 46 450
10 27 1717
27 60 1433
11 78 1026
10 43 183
72 52 1492
68 60 94
52 33 983
71 56 793
35 29 1111
0 7 1427
45 2 205
20 24 1654
13 58 644
17 33 803
27 33 130
33 77 1786
72 1 1498
79 45 679
40 47 87
29 79 1611
72 36 903
51 20 1135
68 24 1465
44 72 920
6 70 1405
10 45 320
34 5 922
17 1 1657
47 71 1181
45 54 906
46 68 1572
61 53 1692
61 78 1387
64 19 1783
29 59 608
36 30 688
27 55 394
44 15 1337
19 24 130
2 11 1474
28 40 1607
59 41 150
32 46 1687
66 6 534
66 43 537
74 30 618
3 2 455
43 41 937
26 14 298
79 61 1273
36 77 1489
49 24 1149
75 72 315
24 14 893
52 43 841
53 51 1495
8 75 1624
39 41 1574
69 21 638
71 30 1403
66 17 1068
73 64 581
20 49 1730
73 35 1795
56 42 914
10 37 1678
29 14 294
62 52 411
10 46 1368
21 1 413
29 27 1727
71 39 1288
67 46 278
75 15 16
24 22 609
12 65 525
25 36 924
23 12 753
0 54 997
32 49 408
48 76 1207
64 61 1723
9 44 1668
17 28 176
56 9 1521
62 27 1692
65 6 690
74 69 1642
77 79 1334
78 15 1494
14 56 1419
74 36 438
7 65 1842
43 6 1095
9 24 645
50 49 1453
51 64 1506
30 41 846
16 22 1640
0 11 765
77 28 1094
74 41 104
54 18 1461
31 49 338
42 59 1361
59 35 1397
5 29 479
57 18 896
67 33 874
79 36 514
75 68 245
32 65 520
46 3 532
1 45 573
42 31 815
16 45 1496
6 21 385
16 6 243
79 11 577
0 45 736
57 30 1381
74 14 811
53 49 1328
20 31 1601
68 6 1914
22 2 1745
56 72 243
37 3 1426
28 23 1173
65 79 1235
23 76 115
46 19 1284
50 30 1689
17 13 1189
37 18 1822
68 12 850
33 62 382
76 70 1212
73 24 316
9 64 1844
77 78 116
32 53 82
64 44 1841
1 55 368
71 13 310
55 58 1741
71 31 1544
0 32 53
45 17 1729
23 0 640
66 14 952
78 6 1332
4 41 727
76 7 1516
9 10 194
1 16 1751
3 23 1115
15 68 1352
40 0 631
39 13 615
77 32 920
66 77 410
55 37 1596
61 76 1046
60 40 1415
60 15 719
48 36 1949
19 34 662
29 6 556
36 40 1464
72 8 1037
41 69 1215
75 23 22
66 68 797
4 53 1780
21 0 128
10 15 348
20 54 242
70 29 341
34 52 565
71 49 989
53 58 357
31 34 1452
29 72 1536
79 49 347
40 51 1805
0 64 964
39 14 1298
17 76 1121
61 1 27
49 55 824
34 39 930
27 44 26
9 45 793
8 71 888
65 31 913
71 11 103
69 77 640
50 42 626
41 58 1007
45 23 1508
32 60 1184
40 10 224
22 13 1960
12 9 1823
9 58 784
17 11 144
43 76 954
26 77 151
75 67 166
47 70 306
10 32 437
16 31 1080
10 76 868
62 46 419
44 5 367
32 37 1341
20 16 1290
76 34 1778
28 37 1303
74 71 640
23 73 978
25 74 1164
15 36 831
52 70 768
24 50 933
67 62 1886
7 72 1595
14 52 1148
17 8 833
71 68 1218
58 8 1548
36 61 1352
57 23 1530
19 0 1848
44 3 1994
33 37 1011
1 74 882
4 47 793
1 30 636
50 5 607
62 72 1644
19 7 503
34 57 508
55 8 1383
43 56 783
49 78 1428
72 0 1004
50 71 890
47 66 1876
77 2 1176
27 40 213
55 31 863
37 65 192
67 14 894
5 43 135
52 6 645
21 40 1630
77 68 1092
65 9 273
3 16 2022
70 9 1039
14 41 613
23 1 1179
45 60 1298
20 17 212
78 12 585
4 43 477
37 58 1822
64 54 260
29 52 1755
62 36 1751
66 25 2005
49 8 1239
35 51 546
24 43 1588
76 4 1639
77 9 931
76 55 1093
53 48 1474
34 18 1828
49 30 471
34 22 1549
16 58 205
66 5 276
74 60 1850
19 53 552
39 76 1890
23 25 795
11 58 1718
34 6 226
19 26 1368
47 33 1666
11 56 286
6 49 2021
43 7 2015
14 31 1624
58 48 1778
8 65 1638
60 66 58
21 27 1705
5 3 229
48 18 1434
9 61 1966
56 39 1172
78 18 670
51 24 1398
62 42 343
71 46 1512
61 34 2107
8 39 1308
45 52 1241
52 14 862
33 15 1189
16 73 1406
7 79 2135
2 75 2010
76 64 1614
42 32 422
29 42 1155
43 69 1177
31 60 408
44 36 91
72 59 1429
74 61 1717
46 58 1647
72 67 954
11 64 1078
53 73 1112
50 4 2041
0 33 233
52 66 1597
52 2 732
65 77 1155
41 55 2081
16 74 1330
36 23 850
66 11 1179
43 23 1599
47 6 1622
60 26 2153
51 77 2035
48 22 769
7 57 2086
67 24 1025
65 61 254
64 21 204
77 25 1508
36 16 2039
41 32 600
62 29 1774
37 51 310
23 45 736
32 10 62
30 60 1746
12 48 1566
58 51 271
46 4 845
18 11 121
14 2 181
73 37 1877
58 57 1519
79 22 2059
39 1 624
69 52 1847
28 51 1959
64 3 2007
56 24 1731
26 76 1744
1 58 800
15 5 1674
65 73 2184
5 64 366
68 51 575
21 50 1031
59 54 1758
5 54 69
31 18 894
9 49 715
21 47 1990
72 26 1485
13 21 462
55 35 1314
6 57 17
45 74 470
20 36 477
69 7 589
46 28 1608
69 12 229
22 45 836
42 27 1
42 78 446
30 31 90
76 18 948
37 78 1693
31 61 21
56 28 89
60 53 1986
18 55 620
24 29 428
14 69 425
66 28 287
43 67 630
37 40 50
5 31 1301
78 35 1355
36 51 1332
68 59 1898
39 45 1567
18 9 1161
19 62 465
3 20 1850
78 31 590
1 11 856
39 35 846
24 19 1106
43 10 2197
11 31 2023
65 59 740
30 1 1143
25 68 1493
11 59 651
60 42 238
31 12 320
69 76 1515
14 30 1958
41 29 2242
72 19 1566
41 70 2117
57 20 1437
57 31 317
20 75 491
46 6 529
70 45 844
59 65 594
8 43 688
52 60 947
68 22 1556
46 78 113
2 18 134
12 55 525
57 25 1290
9 35 346
22 7 1248
75 40 344
12 75 1393
10 28 1162
70 24 1005
48 2 1001
41 53 1905
39 8 1054
40 31 1875
22 6 1940
21 72 523
18 46 1240
72 29 599
52 17 1614
26 4 1348
6 74 1030
42 49 34
32 76 2172
3 13 1412
69 20 965
21 65 828
29 70 2201
42 62 2214
23 52 233
44 66 873
16 46 42
56 62 213
48 19 871
79 12 930
17 51 762
72 34 1967
1 51 1851
50 14 2199
3 46 2170
54 39 1357
75 0 256
39 27 1055
19 12 1468
7 48 656
8 10 521
57 37 449
19 15 1933
75 66 882
31 41 1081
13 27 1690
21 33 1302
15 21 560
3 76 606
48 16 718
34 45 33
68 74 585
37 49 2191
35 27 646
5 66 2124
15 4 980
57 54 240
73 15 1474
32 6 1382
2 7 1027
35 33 434
1 67 341
18 71 296
4 17 18
41 71 1465
66 79 1960
40 19 1361
46 35 15
21 64 1166
50 72 2312
57 48 44
20 64 263
36 41 2217
62 28 339
67 11 947
23 31 646
61 67 319
27 30 66
55 34 1058
7 37 2130
34 61 710
26 35 249
2 17 1867
22 78 2121
59 36 2002
18 69 1249
72 15 88
29 76 1767
59 52 1832
65 23 393
8 2 1133
45 70 2184
17 10 1550
22 39 754
58 12 1584
66 2 2273
79 30 397
61 7 1292
79 50 888
28 73 2145
11 45 1132
0 47 1655
20 72 2200
78 49 860
42 51 749
34 76 1221
10 70 1252
24 21 1615
10 14 1139
19 48 708
27 51 1924
68 30 1900
20 48 1480
67 45 698
28 24 1572
54 28 444
5 17 1456
44 1 1810
52 21 1922
20 26 70
34 2 1776
14 9 1774
19 51 70
70 19 1772
26 75 2022
57 79 275
33 7 1945
59 48 2037
0 71 1534
73 42 1587
78 58 1577
66 27 1404
29 33 1101
77 31 1991
24 35 469
41 4 519
71 57 551
79 18 352
77 14 1847
28 4 1388
50 60 1088
20 69 2322
37 5 1493
6 50 1547
15 1 1173
19 31 1913
57 22 1714
52 36 1239
8 62 1759
26 30 497
58 9 2032
35 36 76
68 55 1175
69 48 752
70 23 2412
6 5 807
7 5 1235
75 69 651
18 32 1128
43 48 974
66 23 1058
67 34 1905
30 73 1377
47 57 785
32 9 1493
6 1 1242
49 53 429
46 31 1558
27 22 1646
62 9 2082
11 24 1401
70 25 1538
54 58 1241
14 47 1330
29 5 2007
29 1 616
46 74 2317
59 43 1961
47 22 235
56 19 2165
76 8 1598
16 32 1593
53 75 1634
28 56 1174
11 62 787
77 55 353
58 15 111
11 8 315
19 33 184
43 2 1925
25 29 1259
37 47 638
35 57 800
8 56 2420
25 3 1011
71 23 1265
62 33 2237
44 61 932
10 53 752
74 35 407
1 65 1538
17 26 20
0 40 1152
4 10 1279
0 43 68
57 27 1136
17 78 477
68 20 1322
70 53 1545
69 42 1441
16 3 2450
77 66 934
24 16 1537
65 45 1827
64 66 281
49 56 2409
6 78 1390
43 45 841
12 62 1466
4 27 837
19 46 57
69 62 2273
24 3 221
7 31 1693
56 61 16
1 13 1416
12 17 1079
73 23 2163
26 49 2482
2 55 2246
41 77 165
69 3 2180
49 2 612
44 21 582
60 57 2229
70 73 663
69 25 1409
77 15 226
75 47 2312
4 69 1715
2 46 1700
5 57 166
36 13 615
8 6 453
73 68 1264
56 17 244
2 32 646
25 37 5
14 77 2489
70 52 135
16 68 1675
62 77 773
62 68 1963
23 79 169
45 35 1098
26 36 53
37 42 289
77 20 1386
58 60 2488
17 53 2020
34 35 1561
8 55 36
13 77 985
18 51 1380
39 54 1989
62 14 454
10 58 1465
12 46 2290
57 61 2357
54 14 1676
10 56 1004
36 73 495
72 68 599
6 61 955
77 16 640
74 68 1896
46 64 806
2 40 251
35 79 2142
73 6 1160
48 11 612
69 64 1779
66 22 1916
42 28 56
56 67 847
6 25 76
44 24 1491
73 60 2150
8 9 1303
0 23 240
21 78 94
26 7 769
8 41 1260
22 58 661
41 7 1864
28 71 275
21 20 935
51 29 1293
5 34 2572
18 47 1510
9 26 1114
42 26 2336
21 29 1537
51 78 1962
40 16 1176
17 15 1851
26 62 2278
66 10 1729
58 50 1435
3 9 440
16 66 1775
36 47 1873
48 46 1360
25 28 313
46 55 2397
7 54 880
79 17 702
40 53 1931
52 76 1659
40 65 1724
57 60 2360
21 16 1988
54 44 1674
56 12 1727
56 36 2438
53 21 597
44 60 603
66 75 2423
56 0 2116
41 21 2372
55 30 70
12 37 2046
25 14 1292
6 15 654
64 60 403
12 44 558
43 50 223
78 50 2457
29 20 904
76 3 1515
19 61 1225
74 19 524
45 6 514
35 34 2347
12 28 461
52 35 2000
64 17 1972
65 35 227
73 77 657
72 13 2054
5 10 747
6 28 1911
2 79 483
46 72 1962
21 25 1789
10 17 2409
58 35 1581
4 20 1288
43 57 327
2 34 805
18 37 1870
50 34 1240
61 20 2353
54 33 1545
30 3 1293
31 3 1478
13 28 1919
64 56 582
23 70 2523
20 42 1476
16 23 988
5 12 923
52 13 1298
59 29 736
29 62 779
35 24 361
4 19 2135
50 66 1031
64 34 2446
21 61 2255
10 22 437
49 5 635
70 78 2292
17 39 748
47 17 1126
6 29 2426
0 24 2325
70 3 601
79 25 1154
3 14 43
61 45 1456
78 42 2332
73 72 589
17 48 636
32 77 1863
54 57 1821
37 32 2500
35 50 1751
70 59 219
34 46 851
59 39 495
50 40 696
52 42 13
0 49 2084
9 65 448
79 41 1671
24 62 684
71 47 1396
5 71 1914
65 17 44
73 8 126
8 78 2343
55 53 826
2 27 89
55 79 372
69 4 1367
7 13 938
21 62 1345
18 67 178
51 43 2544
75 61 2460
6 20 2182
76 24 480
51 3 316
76 46 2168
8 34 1136
61 69 128
53 19 2126
40 61 2330
44 23 1578
75 8 1330
51 2 164
51 5 1234
51 60 223
14 1 1678
22 72 702
26 40 1407
2 53 393
36 8 1936
48 6 1896
25 51 2180
77 69 2509
8 19 1953
44 40 2322
75 30 1341
36 67 2539
8 49 2203
15 55 1241
57 55 2084
32 25 2259
53 26 753
2 29 1487
55 13 2603
68 28 762
67 56 1234
18 27 45
54 56 1492
67 61 2203
37 76 2337
20 2 468
79 72 1999
34 29 475
75 55 1666
42 34 920
1 40 2483
51 4 40
59 15 725
39 78 2033
40 29 453
73 49 1442
5 45 2652
33 54 1499
62 75 2587
33 45 1947
75 52 1270
51 9 1862
6 48 964
57 73 357
47 41 2282
36 78 217
17 30 1941
66 0 2493
46 40 1480
37 50 917
7 71 1599
17 69 1658
51 19 1964
4 74 1991
65 1 54
59 23 1183
5 77 2346
14 7 1885
15 54 1525
19 52 412
17 44 1002
53 41 122
28 50 449
11 44 1059
32 57 49
9 48 1669
61 32 2186
39 21 990
66 72 69
5 40 2062
11 34 290
61 44 2504
58 52 2127
36 17 1955
15 73 1395
25 69 1340
79 73 1800
6 75 908
7 8 710
10 48 2489
44 46 1746
12 64 1546
24 12 1765
51 45 316
23 22 1856
52 7 2056
73 26 48
26 5 1612
1 79 1661
66 26 171
39 71 2194
3 12 2489
72 22 1318
55 20 726
46 13 2608
18 3 1640
62 61 2500
28 66 1864
53 33 920
8 1 1615
23 50 551
52 74 693
58 41 1739
57 6 26
65 57 1331
25 49 508
72 27 2003
67 25 1084
30 77 2618
28 14 271
66 18 1434
77 46 2476
66 57 1835
29 58 1253
16 79 484
1 24 304
44 34 1425
73 66 63
40 42 2830
10 42 837
57 26 1560
39 3 1126
79 35 1552
19 8 1853
58 73 1963
41 52 2479
16 54 1053
41 72 1780
74 33 731
21 35 462
61 62 2795
60 2 1641
75 79 289
9 74 2552
23 37 1889
17 54 1698
47 75 1207
35 39 2617
20 55 1331
19 78 1072
39 57 1922
39 36 35
37 21 1000
18 56 1247
40 68 1171
73 59 601
65 37 1733
42 14 837
62 15 895
35 71 743
37 75 1582
56 26 2117
27 12 872
10 77 141
70 8 956
75 28 2375
11 5 1597
27 17 2551
58 26 300
5 30 84
2 13 223
68 79 1790
53 6 2574
51 27 1393
51 32 1066
13 41 2094
68 37 129
12 23 623
79 10 123
64 57 1715
79 21 472
69 36 1115
3 28 782
4 6 941
44 0 1320
25 32 1374
28 42 1583
28 6 1491
30 50 1602
26 34 1180
48 73 1370
62 51 2850
14 57 2173
4 73 2838
79 4 1688
1 25 2683
4 50 639
38 59 56
38 71 12
38 51 26
38 28 35
38 29 25
38 64 60
38 47 26
38 68 73
38 34 60
38 69 24
38 77 14
38 2 38
38 40 44
38 45 47
38 73 26
38 32 7
38 31 0
38 3 38
38 23 55
38 6 25
38 13 14
38 14 8
38 20 36
38 78 77
38 67 5
38 15 78
38 27 17
38 48 66
38 12 62
1 63 56
5 63 77
6 63 30
8 63 60
9 63 39
10 63 15
11 63 1
12 63 37
14 63 74
15 63 19
17 63 58
21 63 15
23 63 5
24 63 1
27 63 48
29 63 40
33 63 7
41 63 32
42 63 1
46 63 25
48 63 77
50 63 1
52 63 8
53 63 12
54 63 6
55 63 33
57 63 26
58 63 18
59 63 10
67 63 58
69 63 79
71 63 32
72 63 5
75 63 25
76 63 40
77 63 58
79 63 49
