36
23
29 27 0
17 6 0
48 39 1
30 19 0
20 1 2
16 9 1
13 29 4
10 25 3
29 28 1
46 19 4
22 45 6
31 34 8
35 2 3
43 44 10
32 29 10
38 14 6
1 37 11
22 16 4
27 20 13
41 4 2
10 28 8
25 24 23
43 5 21
2 21 19
4 42 2
11 15 3
32 45 7
44 47 26
34 44 16
49 21 0
11 31 19
39 48 24
0 47 25
10 37 5
34 3 33
48 29 35
49 18 12
30 10 37
26 10 36
9 46 44
32 0 19
42 16 47
8 11 11
14 44 17
46 27 21
8 2 13
14 42 14
0 13 0
3 28 48
29 1 31
45 15 42
37 25 41
2 48 47
26 40 56
30 15 46
46 31 45
11 37 34
43 26 19
12 38 35
11 45 51
24 9 4
4 12 30
12 32 60
10 26 22
37 35 19
12 40 57
12 2 15
33 3 54
18 16 17
16 3 24
9 48 72
19 17 28
8 5 53
35 49 71
13 6 61
12 19 65
6 16 20
16 26 78
0 9 85
32 19 54
14 47 44
47 35 74
1 30 40
1 22 53
32 26 81
9 26 76
20 11 29
27 4 32
19 37 45
32 41 16
41 22 57
15 11 58
31 11 71
2 46 31
25 8 79
19 32 77
0 21 44
38 7 83
30 31 73
7 43 37
26 14 96
0 8 82
16 6 37
37 11 53
41 17 72
38 47 94
46 21 68
25 0 71
42 41 69
18 22 14
45 26 88
43 18 15
6 4 82
16 38 105
35 14 22
6 19 121
18 35 64
26 37 103
35 22 39
48 25 39
4 48 35
48 34 76
27 34 105
8 49 35
20 49 5
9 11 28
46 42 41
44 38 4
39 13 102
22 0 126
43 15 136
24 46 123
39 17 18
2 0 34
32 16 39
34 21 97
49 46 80
32 4 25
17 20 1
26 47 26
18 1 139
47 22 140
6 35 147
34 33 68
28 12 81
12 45 91
21 12 129
37 2 72
8 19 89
47 33 143
6 29 23
35 47 39
41 18 24
43 31 126
32 40 136
22 27 79
5 28 96
30 20 158
0 4 43
28 8 133
11 18 47
47 42 73
34 8 106
33 30 38
0 24 14
32 49 34
14 21 113
28 45 81
12 16 141
6 9 10
27 30 63
0 43 133
14 20 161
34 24 45
47 28 125
11 1 84
7 8 115
15 29 65
27 29 150
10 20 172
15 30 104
9 31 26
12 34 34
2 47 148
47 45 118
43 20 182
9 32 51
38 10 54
22 6 142
27 2 146
13 18 148
20 19 114
8 4 146
13 9 184
40 12 139
13 4 151
22 5 108
40 34 34
24 49 26
8 21 129
0 6 55
1 41 75
33 27 220
25 46 35
3 18 16
8 17 206
35 7 76
8 15 197
20 28 51
39 28 6
32 12 212
26 49 38
18 25 51
26 48 230
39 47 181
24 27 132
16 21 18
38 24 67
29 20 227
4 49 115
24 34 7
20 47 203
28 29 120
12 25 96
35 9 142
42 20 38
15 27 130
25 35 71
47 38 107
46 7 214
11 6 119
21 24 235
13 15 65
4 46 185
7 27 212
10 9 254
9 15 184
4 11 135
43 33 160
16 24 15
37 27 120
22 8 15
31 24 154
27 32 23
42 1 207
7 14 180
13 38 108
22 18 145
5 0 122
2 43 178
43 40 0
3 35 63
29 31 242
2 38 127
26 31 176
40 42 154
48 11 137
46 45 252
1 2 109
10 30 194
49 48 259
29 14 225
19 48 197
16 22 169
12 10 96
24 11 61
48 6 149
33 44 270
11 41 18
10 22 142
46 32 165
3 6 251
14 27 181
41 15 201
6 26 31
38 48 208
3 21 202
5 42 208
42 6 243
8 22 283
8 25 45
30 28 193
19 41 200
40 13 60
19 45 281
2 13 134
4 19 238
24 6 243
40 2 264
1 4 55
10 34 227
15 6 144
7 34 78
4 43 88
2 10 157
49 37 292
31 42 38
2 44 256
47 9 164
20 40 20
18 39 319
26 21 201
22 34 33
14 11 4
13 21 199
2 20 87
0 46 141
45 25 113
0 27 107
2 34 95
11 13 215
29 46 240
2 39 46
2 9 157
19 42 69
47 29 314
40 15 177
43 39 110
14 12 96
29 10 56
39 10 164
21 27 206
35 41 148
29 9 118
49 34 157
17 47 267
8 31 123
37 47 115
17 8 228
1 47 186
3 2 36
32 7 108
48 9 16
47 48 245
29 12 307
21 17 239
41 38 305
27 18 1
43 1 12
3 15 6
6 43 127
38 13 214
16 13 273
17 12 121
20 21 101
38 46 239
41 2 329
12 26 253
19 16 281
8 29 372
35 46 195
42 30 236
38 27 211
41 31 264
29 34 299
17 28 269
20 30 119
0 26 351
4 41 344
20 5 325
9 25 393
33 32 164
2 19 10
44 9 264
42 22 340
35 21 313
33 26 188
20 35 332
21 1 219
2 7 79
30 8 131
12 3 343
6 12 37
27 22 17
12 15 44
20 24 221
42 47 321
4 0 255
18 43 74
29 2 34
9 22 246
35 37 268
48 14 253
8 18 184
24 16 171
14 19 410
17 14 62
3 22 189
19 0 414
27 19 263
8 34 363
1 35 343
19 10 335
25 19 6
44 21 428
24 15 384
0 34 159
44 30 196
40 19 237
34 38 344
12 47 84
20 22 366
48 32 356
38 16 177
27 15 340
3 26 365
17 4 52
4 29 306
7 13 188
43 16 425
45 28 269
25 11 410
20 32 338
22 9 397
39 15 228
46 10 8
42 7 129
33 17 384
20 9 3
44 49 414
39 25 313
17 21 14
16 1 119
13 7 353
40 26 14
39 38 246
29 7 322
14 3 180
49 42 369
16 20 378
20 16 17
3 5 107
19 28 101
45 37 257
26 38 473
41 11 334
0 12 220
40 48 129
47 25 50
22 10 268
30 34 199
49 41 422
28 10 438
42 14 15
29 18 313
26 3 471
27 48 70
18 32 74
49 11 246
11 44 453
40 9 126
10 48 65
14 15 104
45 17 241
46 14 306
13 27 370
1 39 340
39 12 227
24 0 387
11 38 386
35 16 103
16 31 259
4 47 48
25 49 419
48 22 423
8 10 278
28 0 176
16 4 507
25 13 229
2 18 300
27 21 11
40 45 277
45 43 25
24 26 278
3 38 448
22 11 53
34 7 413
19 22 24
9 34 86
40 16 111
47 34 401
22 48 220
7 19 427
34 48 297
14 29 520
12 48 246
19 8 174
37 6 12
17 18 494
27 11 96
21 37 277
14 31 179
27 13 24
7 37 327
46 3 228
46 25 435
10 29 18
38 39 207
6 15 157
6 41 378
45 33 503
18 8 358
41 7 275
11 19 505
10 49 515
47 6 174
7 21 291
11 0 556
33 18 418
5 11 311
5 29 387
30 33 55
22 1 557
16 2 191
16 14 129
31 33 392
8 45 372
21 31 56
39 19 259
8 40 365
2 33 279
46 37 5
32 37 137
17 30 251
14 5 550
15 2 492
0 2 232
47 15 199
8 30 199
48 46 363
34 49 248
25 28 510
10 16 384
33 42 453
35 38 138
40 0 550
30 32 36
11 20 129
20 39 79
26 20 130
16 42 410
25 41 470
4 2 223
29 24 91
32 28 189
28 21 398
1 25 574
42 25 372
9 30 184
15 0 300
38 18 340
10 6 264
3 4 417
22 28 273
26 13 280
29 45 516
30 6 243
10 8 307
27 8 206
48 17 357
46 26 580
15 28 170
5 39 147
32 18 382
3 31 44
9 43 358
37 8 356
11 40 18
25 5 318
38 43 239
25 2 594
25 47 51
49 38 30
44 41 499
4 34 12
35 20 327
15 3 372
26 15 484
32 33 500
35 10 300
26 33 272
43 14 574
11 29 95
16 39 113
34 26 182
7 3 43
8 47 561
30 21 491
33 40 418
42 29 36
6 34 172
48 37 325
16 7 88
40 43 26
20 12 294
39 45 622
21 5 276
34 14 222
48 7 635
17 16 230
1 18 454
16 41 619
49 43 220
42 3 281
12 28 319
43 32 357
10 1 229
25 44 493
25 16 238
47 8 568
30 49 508
31 21 580
0 29 194
46 16 331
38 4 479
6 38 481
7 4 587
15 43 315
15 32 533
42 2 295
2 32 432
9 37 86
6 49 105
40 27 110
35 28 246
26 11 36
3 14 668
30 13 490
45 38 231
0 38 102
9 1 318
31 48 532
21 29 141
43 46 248
46 33 675
15 33 91
6 20 13
17 35 106
33 5 2
3 13 53
32 8 534
43 25 260
5 12 387
0 37 176
22 30 22
48 10 477
26 1 206
37 22 226
14 4 135
12 17 321
31 6 528
34 0 373
7 33 357
40 49 658
45 21 499
13 25 634
49 45 6
24 30 545
27 35 366
48 26 290
8 12 182
9 19 415
14 40 508
25 31 131
37 15 323
10 43 158
42 38 35
38 5 332
48 40 225
9 6 263
27 49 217
30 7 351
25 29 639
2 22 129
43 4 281
41 20 101
33 0 28
16 48 426
11 49 418
30 41 473
37 33 631
20 7 626
18 49 432
28 19 713
48 35 607
13 14 1
21 18 634
2 30 479
22 15 58
49 0 746
27 39 360
48 47 284
40 29 667
49 27 363
45 20 143
48 38 45
35 29 528
14 6 349
24 25 680
3 17 481
21 38 10
21 3 381
31 40 244
4 15 320
22 49 179
43 10 23
28 34 674
4 7 270
9 35 542
28 1 140
21 8 191
27 47 294
19 35 307
21 34 665
27 43 39
43 35 720
41 14 304
34 15 85
5 41 535
33 25 185
32 21 245
41 42 474
20 6 601
13 32 419
45 34 356
3 45 769
28 4 399
42 40 288
11 8 741
27 7 167
3 33 629
19 4 681
2 11 473
49 33 76
29 35 4
40 30 212
31 47 353
7 45 645
31 39 549
34 40 206
18 7 313
30 40 62
33 12 169
7 9 509
9 12 588
29 13 429
40 33 154
2 37 141
41 46 357
48 8 144
10 3 194
42 9 721
38 26 50
22 43 137
3 7 137
3 0 768
17 37 443
2 4 548
39 44 95
39 26 471
48 45 206
25 45 630
21 19 438
48 1 597
5 37 246
41 43 491
5 27 212
9 21 150
14 30 43
6 30 355
30 38 656
21 26 732
33 14 308
40 24 707
30 14 135
9 28 478
19 43 190
3 30 683
27 5 617
21 35 144
7 30 834
32 10 375
14 16 436
18 12 56
40 18 510
22 31 352
46 40 261
44 20 436
6 2 595
35 0 439
14 28 78
47 43 854
31 4 272
33 10 447
2 27 589
2 1 307
34 20 619
3 12 673
43 47 674
44 15 357
39 43 858
31 38 265
15 21 127
4 21 31
41 33 762
32 24 444
7 24 422
28 46 136
5 33 47
9 17 297
31 41 459
16 8 352
19 25 395
36 10 25
36 19 40
36 18 12
36 17 47
36 26 41
36 8 18
36 38 44
36 27 1
36 47 44
36 35 7
36 41 5
36 39 29
36 3 39
36 1 45
36 16 34
36 24 48
36 37 44
36 6 31
36 20 39
2 23 38
5 23 11
6 23 44
12 23 28
14 23 6
16 23 11
19 23 4
20 23 36
24 23 45
25 23 12
29 23 4
30 23 46
34 23 7
35 23 3
38 23 13
39 23 26
40 23 6
42 23 20
43 23 34
45 23 9
48 23 35
