23
38
3 17 127
7 33 5
1 32 197
21 5 36
2 12 91
2 18 229
15 9 65
5 28 147
35 15 9
14 37 73
25 26 73
20 24 22
0 17 112
21 26 120
36 6 12
33 12 206
24 5 241
32 10 12
17 27 198
34 7 167
24 25 92
31 3 94
30 8 240
33 7 6
20 22 120
4 26 64
8 36 101
3 28 154
5 8 203
25 8 164
19 12 6
32 21 115
15 28 185
25 19 146
24 32 99
7 0 151
14 26 198
6 15 25
3 32 59
13 21 212
39 33 152
2 4 25
19 1 143
4 8 124
14 33 20
14 4 232
25 10 201
10 30 171
14 6 181
4 37 71
31 27 208
28 2 118
9 19 133
16 8 179
19 3 244
34 13 3
14 31 63
4 3 214
0 16 54
34 29 167
32 9 129
36 34 138
1 15 156
37 29 198
19 35 40
26 28 43
9 35 112
11 20 77
27 37 199
6 29 159
37 15 199
34 33 157
34 9 91
27 32 26
19 24 76
33 27 186
30 13 80
32 16 173
26 31 112
1 24 52
22 27 157
3 18 132
35 32 216
30 11 62
19 22 205
9 2 79
31 20 159
36 28 97
12 35 177
28 26 18
18 28 179
0 19 201
12 37 37
28 6 66
11 18 219
39 19 39
1 37 100
22 37 13
36 22 226
37 17 80
11 15 198
15 19 209
3 19 14
16 0 87
10 35 60
36 17 65
15 17 229
5 29 27
36 14 6
2 31 203
27 11 231
11 25 57
12 15 245
4 16 105
12 31 78
36 3 166
7 27 198
32 5 68
4 24 216
25 4 234
7 35 29
14 2 161
25 27 182
18 24 147
25 22 20
7 18 139
28 9 166
4 20 80
12 19 11
3 15 59
34 36 217
36 21 78
33 37 30
24 22 129
20 28 242
31 1 126
12 8 62
6 3 43
36 20 193
39 13 34
31 39 211
3 11 64
24 20 154
33 30 60
33 3 130
0 13 179
28 11 0
36 5 96
11 17 25
20 27 132
33 9 103
36 0 205
9 21 220
16 25 91
35 8 91
8 1 56
5 12 158
37 7 168
25 29 24
15 16 74
39 10 61
16 15 120
0 6 48
36 7 222
17 1 94
11 37 230
25 9 230
32 13 72
20 13 155
33 17 182
39 20 233
26 27 151
19 27 44
7 5 217
1 33 62
21 1 230
22 1 130
39 15 245
35 10 75
27 36 191
14 0 67
22 3 32
22 28 133
22 6 235
20 18 65
14 17 104
3 20 58
7 12 72
7 15 48
11 12 105
5 22 97
8 16 80
13 22 182
33 14 39
18 4 240
15 6 83
7 14 179
2 29 154
37 21 184
26 21 158
31 33 168
30 26 144
18 13 152
20 19 167
36 12 54
37 20 28
17 28 173
27 4 104
2 17 58
9 24 18
32 26 147
16 13 124
29 24 153
34 8 114
4 11 213
18 5 60
11 24 81
26 1 155
21 12 106
30 6 187
0 9 164
26 9 87
37 32 128
27 31 151
28 3 195
5 16 203
34 16 151
33 34 167
22 34 82
3 7 205
23 37 37
23 11 32
23 18 27
23 5 35
10 38 15
33 38 39
