28
117
145 103 0
116 122 0
115 31 0
12 29 1
101 103 1
42 137 4
23 14 3
68 17 4
30 104 2
75 114 6
10 142 5
9 136 1
58 91 6
145 41 11
140 89 9
10 116 8
139 108 7
45 64 3
55 41 11
73 25 17
74 90 0
81 128 11
73 105 14
10 128 4
136 107 21
7 68 22
18 80 8
10 70 20
67 128 23
101 72 20
15 103 0
59 132 24
121 13 0
99 92 25
11 35 11
135 67 2
4 29 15
109 37 19
124 47 20
18 32 21
70 29 34
144 94 20
101 55 2
17 63 29
86 3 21
94 84 27
34 15 2
105 3 32
2 5 35
64 103 4
43 56 32
20 111 46
51 72 37
83 137 52
52 143 38
73 108 44
142 36 55
68 94 14
93 95 47
24 78 27
114 65 22
119 146 21
37 120 33
121 87 38
62 123 21
96 66 6
43 139 56
5 133 23
126 55 64
104 130 26
71 21 14
60 66 42
125 74 22
135 2 72
1 114 8
105 43 45
99 103 8
107 65 47
75 144 20
140 59 46
142 40 59
91 37 8
86 29 43
11 97 57
25 45 64
61 63 84
27 19 9
35 12 81
24 22 21
127 22 78
57 40 13
127 81 13
46 3 89
52 77 32
52 60 17
76 149 11
101 54 63
90 140 42
14 92 36
132 30 35
140 143 56
20 97 25
62 122 94
0 70 31
16 51 63
3 80 19
78 51 86
68 46 85
64 131 95
73 27 64
22 12 83
60 65 42
121 115 16
7 44 95
114 84 53
54 110 45
97 71 115
68 15 67
7 106 11
119 104 69
113 106 114
115 49 67
22 47 57
108 1 112
124 71 43
87 38 106
70 114 108
125 129 12
33 67 84
145 78 13
38 5 43
101 67 83
72 146 122
69 65 24
75 17 2
127 142 18
23 83 19
112 57 112
62 29 107
21 104 129
102 37 70
21 109 118
116 41 60
52 83 120
111 11 97
9 122 50
55 139 131
22 4 114
113 76 143
56 98 109
36 133 20
87 133 41
50 112 18
37 89 147
53 133 136
81 6 119
124 61 148
29 146 35
11 134 145
92 144 117
98 55 87
140 69 79
101 7 128
140 71 143
11 46 21
112 66 160
49 111 142
82 75 169
68 5 169
104 9 106
85 22 38
143 26 163
79 57 121
26 34 128
62 78 19
37 53 71
44 46 5
76 126 4
35 62 57
14 41 80
29 94 74
115 47 96
88 74 4
91 97 33
19 38 122
98 94 128
58 145 148
21 100 44
41 135 121
13 64 71
5 12 192
36 54 196
141 64 98
90 108 48
102 136 149
34 19 164
14 120 135
16 93 58
11 31 139
29 133 33
145 119 20
128 44 112
106 37 157
79 12 128
126 116 145
38 134 89
39 55 193
4 39 162
116 96 46
114 46 174
30 7 167
25 105 50
134 81 210
94 71 136
26 53 45
118 17 199
116 94 96
23 60 180
111 74 15
95 143 136
144 33 138
133 60 121
10 149 222
125 138 62
115 41 168
52 73 219
88 92 40
65 88 207
92 130 174
148 1 114
108 70 18
40 57 121
99 44 118
82 25 167
113 142 189
99 31 56
81 129 39
124 15 15
95 92 203
146 22 226
42 31 138
63 75 130
133 30 162
136 21 119
147 58 105
98 27 30
93 23 160
101 23 34
23 29 238
15 9 133
40 113 169
91 58 137
2 74 148
22 41 59
11 50 111
73 54 78
59 15 221
123 14 43
97 38 26
3 118 181
49 20 16
140 136 218
128 101 102
10 135 92
126 138 209
128 47 128
88 27 241
43 47 46
42 55 31
54 127 81
49 94 99
123 54 109
77 2 28
112 30 266
134 64 23
113 61 142
137 13 156
57 52 15
86 137 238
137 109 186
97 135 242
58 137 47
47 76 203
86 12 138
101 38 47
148 19 197
92 9 65
103 38 259
42 17 186
55 19 296
142 139 147
124 84 199
40 77 69
40 88 210
143 105 120
71 16 1
109 93 109
139 127 288
27 123 123
8 136 273
115 51 25
43 46 197
55 146 56
54 119 218
77 116 256
88 80 285
104 41 114
144 6 141
145 99 205
6 116 118
12 127 124
118 121 226
26 68 18
3 7 132
133 64 158
21 70 304
62 45 96
90 19 168
61 19 194
102 137 105
118 3 43
54 74 49
87 98 181
56 43 17
145 62 106
54 71 242
118 71 200
79 36 314
133 130 116
103 74 186
147 84 79
104 19 191
104 45 283
60 40 15
93 113 74
137 110 33
138 29 101
36 66 245
130 5 9
133 136 324
8 61 112
118 90 312
55 18 205
8 145 142
12 98 30
41 9 299
68 41 9
36 45 317
39 137 31
56 4 164
101 59 45
138 74 117
104 89 44
131 73 77
106 24 150
139 2 299
33 39 138
13 111 303
141 102 153
63 106 6
76 56 89
119 92 161
92 40 215
32 43 292
17 97 330
118 144 136
8 21 77
147 118 128
48 44 258
86 8 362
2 124 86
62 148 315
124 13 381
129 122 106
46 111 367
125 149 225
51 25 381
11 67 334
101 18 329
129 66 318
103 143 98
60 39 120
118 72 169
84 108 149
145 144 153
55 24 150
73 70 163
104 86 105
49 7 89
34 84 148
48 20 285
127 50 14
83 145 48
102 79 327
51 83 250
75 96 305
13 70 52
61 72 80
112 109 391
148 105 240
142 120 190
56 10 306
57 136 76
67 59 4
108 82 380
68 114 241
102 126 366
72 8 328
108 71 406
112 74 404
116 38 257
36 35 262
24 3 384
139 66 63
113 63 223
99 62 266
39 101 47
50 31 389
47 136 365
99 67 189
81 110 269
21 31 119
129 103 232
134 120 364
5 29 349
60 93 374
5 42 233
118 21 430
105 77 289
95 90 222
45 17 212
87 34 353
118 145 63
129 21 74
146 2 196
132 144 236
6 16 356
26 12 43
135 6 152
26 113 192
142 99 371
37 52 322
94 17 75
38 147 24
115 73 256
45 94 42
127 19 381
95 124 170
143 124 137
88 142 2
69 53 117
84 92 69
29 135 416
148 102 312
48 46 195
21 126 85
126 95 460
69 141 122
136 79 67
38 12 406
149 14 157
110 61 439
137 70 245
131 137 222
57 59 17
74 137 57
82 42 333
16 131 137
56 42 375
30 64 110
96 26 348
146 81 47
72 80 89
49 15 457
98 21 215
91 132 428
46 72 424
69 78 440
144 10 19
78 90 255
35 31 272
133 68 458
22 92 137
145 69 285
82 17 117
138 50 350
138 139 271
10 111 67
80 43 322
93 34 221
141 107 254
137 74 274
124 60 474
50 19 214
81 0 312
141 65 147
110 33 358
140 96 380
93 76 14
128 50 504
61 141 234
105 138 435
17 14 165
72 54 407
8 75 243
140 88 99
125 23 197
72 55 297
141 75 281
15 74 13
84 119 253
5 145 106
91 30 166
82 18 307
100 3 518
18 22 3
137 111 292
77 57 6
98 13 67
140 27 454
30 17 349
2 49 231
4 131 355
104 75 113
31 25 288
54 51 290
121 88 490
3 45 211
29 113 437
141 124 215
62 128 17
31 76 191
91 76 352
143 119 158
91 24 89
145 37 316
106 44 382
126 88 233
128 135 203
52 124 309
104 84 432
84 120 32
144 39 352
135 105 358
112 127 286
39 97 46
124 98 384
50 130 122
130 16 85
96 113 1
115 97 72
122 147 177
22 19 456
41 79 176
24 63 104
139 74 282
34 27 483
22 8 357
126 115 337
17 12 204
126 125 526
57 60 259
6 83 14
124 142 570
87 54 72
68 24 90
138 44 409
60 107 471
3 137 55
1 126 341
64 61 415
21 4 465
107 132 196
64 20 227
113 88 23
84 127 283
54 90 279
142 141 173
112 100 433
21 115 187
126 47 488
140 118 468
145 23 465
15 17 65
1 22 355
19 130 299
71 5 93
40 54 436
120 70 48
134 10 365
3 81 542
12 46 178
110 88 170
148 6 112
17 134 109
148 149 434
27 64 539
76 141 594
88 4 599
90 111 477
11 44 59
98 69 289
69 21 529
109 107 579
138 41 586
22 87 442
18 141 156
139 144 259
99 76 562
15 130 468
32 50 248
93 5 81
87 80 209
109 128 434
45 149 307
44 71 99
6 47 510
96 2 22
123 103 550
110 103 233
27 69 518
0 23 49
8 113 100
101 44 292
92 38 356
146 68 570
69 112 231
31 116 468
2 116 471
49 17 102
85 0 309
30 16 230
113 77 491
131 129 120
91 29 450
147 11 69
60 116 36
148 139 230
49 22 376
35 81 584
68 129 289
39 135 586
94 144 244
81 23 119
143 112 551
8 120 430
56 135 404
139 26 237
25 141 175
43 60 638
114 129 48
77 98 290
85 58 38
84 30 322
24 145 55
11 120 124
2 12 626
140 81 641
148 91 468
25 49 393
79 119 45
13 87 28
76 52 551
30 58 317
61 85 482
77 13 579
104 0 517
142 55 579
33 1 50
79 125 672
17 80 562
57 14 364
104 66 154
53 119 195
80 3 132
31 135 437
71 42 53
60 146 16
118 131 31
108 43 551
25 16 676
78 48 561
51 87 580
10 66 178
13 90 374
18 9 546
146 0 209
85 81 648
84 133 71
94 55 116
41 129 681
100 31 321
48 7 46
101 21 557
90 63 571
101 65 138
87 0 280
50 73 174
101 113 148
77 138 673
2 38 615
131 105 272
39 83 556
17 2 124
57 84 629
56 16 180
31 38 397
78 12 359
60 25 593
23 82 134
94 67 12
108 22 659
100 33 422
84 3 512
108 86 631
119 25 48
30 122 697
88 53 198
3 131 253
106 130 473
108 146 548
48 26 97
66 133 43
76 46 440
3 68 455
111 34 227
93 17 179
145 52 11
122 3 109
102 2 419
69 40 565
138 125 305
148 21 495
104 116 731
146 53 344
139 97 542
2 6 330
112 137 269
18 61 205
111 78 124
85 36 233
20 108 648
34 11 184
65 24 260
32 20 394
107 15 532
143 76 595
14 105 409
129 106 49
23 63 111
95 20 508
124 88 703
7 40 3
11 10 771
87 95 12
67 48 453
70 108 169
100 116 190
26 49 328
140 93 484
18 67 138
21 147 57
110 79 555
133 137 146
19 43 589
86 97 444
49 141 478
89 147 407
82 83 126
69 111 729
63 67 520
124 54 267
143 66 77
131 65 59
79 108 220
147 109 185
121 15 397
95 40 628
30 113 23
111 64 421
113 40 272
59 52 218
72 10 65
40 50 394
89 12 592
1 132 80
137 129 137
131 74 323
71 106 331
45 63 460
132 146 768
64 80 506
52 6 123
128 95 143
35 26 769
80 90 128
145 61 669
60 33 243
34 61 173
86 72 469
59 91 533
111 77 787
68 64 76
9 72 704
124 143 751
40 106 47
121 16 178
99 68 28
3 55 693
42 80 532
87 2 348
121 140 611
35 148 250
15 147 229
9 131 353
116 21 380
109 19 642
109 118 130
48 121 293
7 88 747
75 77 795
21 58 589
33 10 745
43 33 768
76 120 557
44 114 670
41 115 4
15 112 428
3 104 292
73 111 142
145 105 106
52 105 794
112 67 775
1 140 158
111 16 171
56 29 446
45 92 11
100 6 842
1 49 714
17 105 37
22 102 377
30 18 616
136 50 95
64 67 470
59 123 339
70 22 865
46 107 775
2 50 388
116 109 99
108 38 445
130 109 751
100 110 773
13 5 850
45 30 365
22 140 191
97 92 603
116 76 34
95 62 534
144 55 697
40 96 702
101 43 239
57 74 679
111 82 731
12 145 556
142 116 183
24 122 867
104 16 275
90 113 265
124 137 341
90 86 347
143 52 97
55 138 692
124 53 188
93 122 81
91 52 141
105 143 310
142 25 416
41 82 288
89 129 782
70 81 611
77 141 396
119 71 371
137 25 509
77 104 5
6 1 527
14 43 229
24 75 514
42 45 908
95 84 734
31 3 456
35 109 409
90 50 418
30 142 660
113 99 844
145 85 344
122 144 666
48 13 644
89 15 380
130 60 320
51 106 668
142 68 860
80 19 882
131 115 913
87 21 149
106 113 513
41 77 364
35 115 893
62 89 196
126 40 768
58 147 65
71 130 416
52 47 351
92 57 426
35 135 258
16 67 4
131 92 905
48 148 887
78 67 353
137 72 270
82 110 923
112 140 136
27 106 875
12 16 170
44 50 200
72 46 836
73 71 157
46 133 102
93 94 727
131 94 674
109 7 864
62 74 386
89 102 162
100 5 507
96 86 63
18 115 91
4 5 599
136 61 146
38 25 955
7 109 944
54 76 172
9 115 855
12 68 158
12 131 76
141 33 274
134 17 752
39 14 695
59 66 586
58 21 747
39 18 797
139 130 272
55 85 871
106 75 724
25 53 886
129 51 571
57 113 326
70 128 511
66 25 261
127 139 625
115 62 276
26 112 437
41 58 829
129 45 98
33 142 125
144 8 624
14 76 441
148 80 760
80 67 888
132 54 380
66 42 344
73 24 299
35 104 871
54 141 707
137 78 565
138 30 165
22 84 298
77 127 650
113 44 326
123 75 677
99 24 763
118 16 667
22 2 415
20 27 426
42 47 143
19 46 819
75 52 308
80 116 893
104 48 438
63 65 862
119 75 289
98 25 648
74 141 192
45 145 220
15 64 195
58 29 820
131 60 36
140 26 383
14 135 239
100 139 144
116 25 37
17 79 95
96 41 728
73 5 440
82 132 1019
99 15 120
83 144 1016
77 45 987
81 80 572
36 132 838
31 59 356
50 3 355
41 3 618
143 148 370
5 82 968
142 100 860
54 147 532
110 77 892
59 122 296
137 124 171
92 112 368
84 136 779
101 90 179
38 41 726
85 27 843
108 99 14
131 86 783
9 17 713
114 47 176
36 85 43
81 88 793
3 93 525
57 66 567
20 114 207
2 70 147
128 108 856
131 26 482
90 88 451
6 81 783
9 85 391
60 43 76
44 139 268
57 95 273
25 29 384
71 57 238
101 97 102
75 80 591
79 149 777
142 8 1023
131 110 692
132 46 788
13 106 626
12 82 953
18 87 530
24 2 286
115 34 988
123 144 258
139 123 817
35 45 42
10 88 826
32 75 18
101 27 260
124 131 428
57 32 9
122 148 309
124 108 1081
112 32 836
21 79 351
55 30 961
73 60 246
143 131 1091
57 46 415
51 53 787
29 93 347
106 43 284
80 71 537
54 98 227
142 3 753
141 90 584
66 77 819
69 129 1034
122 10 369
26 33 861
55 80 698
72 90 853
88 56 726
10 33 662
99 101 1080
62 19 320
13 71 661
30 95 733
122 36 874
54 2 282
107 12 1082
133 54 920
95 100 1004
1 77 399
52 119 835
35 80 397
96 98 19
116 0 354
116 127 918
118 95 623
122 79 635
74 50 720
7 52 272
43 7 830
52 106 848
113 30 851
59 42 212
84 48 793
149 34 301
109 68 1075
21 57 1067
66 120 569
116 53 90
23 71 434
3 12 902
99 18 1056
122 98 282
63 54 459
42 37 392
27 131 990
90 60 970
125 141 210
56 63 7
86 149 468
15 45 734
76 133 741
140 112 417
126 91 40
73 8 927
100 53 608
136 145 494
11 77 247
133 19 734
143 122 432
18 33 1053
14 129 322
107 13 504
69 100 317
107 43 26
52 17 627
118 141 977
106 71 248
137 33 284
70 52 773
49 95 20
107 143 542
2 19 408
80 92 504
84 80 644
128 69 83
41 48 122
21 2 185
61 125 832
48 96 375
82 15 967
12 89 618
42 69 717
25 56 159
119 88 214
91 16 839
108 109 1020
109 81 1026
8 110 251
119 128 213
53 36 634
80 130 827
103 128 920
47 87 657
60 139 109
137 96 529
6 66 164
137 2 354
149 15 793
40 86 884
106 49 400
17 107 1099
80 111 266
37 10 1122
114 38 846
134 47 739
125 106 351
32 68 19
27 61 665
67 44 1157
22 64 151
81 92 715
61 20 883
136 138 991
92 143 1130
125 115 789
94 109 962
82 143 177
136 10 691
129 44 250
77 146 278
148 113 557
33 38 46
39 50 297
118 49 74
53 135 666
77 91 516
26 72 1099
75 109 558
35 19 803
10 73 981
72 66 969
132 9 574
34 6 1157
97 134 176
76 129 131
62 102 53
17 82 247
121 100 741
3 19 745
55 56 960
12 91 1231
3 65 1182
133 55 44
63 147 1069
50 46 550
115 77 717
97 104 173
0 33 246
109 121 1065
98 96 658
2 99 739
46 39 336
73 86 1107
138 85 683
119 79 721
33 7 1108
148 78 1034
132 149 460
110 84 897
111 33 591
114 76 1212
108 42 827
93 67 937
88 61 227
104 43 864
20 105 1227
137 135 642
18 74 1240
136 51 908
131 95 1219
112 60 556
8 114 769
60 2 202
66 10 355
141 88 734
43 122 143
99 128 531
99 131 1101
127 35 118
147 113 748
125 105 837
98 14 109
46 79 172
80 51 849
45 134 852
104 17 766
62 48 170
45 101 83
129 64 889
85 92 793
21 40 1160
101 62 1138
13 19 222
49 54 871
39 41 534
101 17 934
148 39 291
17 118 1194
43 104 1129
80 5 700
65 93 541
54 1 806
91 114 17
141 29 313
132 108 1187
10 63 1230
23 47 695
1 54 956
32 138 1029
92 83 686
62 129 85
145 140 675
129 143 899
2 125 1276
145 73 1129
101 149 856
97 6 685
48 65 688
134 112 915
129 14 988
44 88 567
43 15 401
57 120 221
64 36 904
134 116 40
89 66 61
23 68 519
4 106 617
118 112 14
130 112 283
46 10 680
144 18 794
71 143 357
82 112 956
86 85 199
30 91 82
99 111 1044
89 47 833
110 85 1142
40 130 847
63 87 1080
83 50 879
127 95 1192
125 80 729
127 21 1332
83 21 492
76 16 772
5 96 13
101 34 1016
82 31 153
38 120 523
89 115 466
50 24 1197
40 33 122
44 121 889
26 85 1291
82 113 239
111 119 632
49 19 982
124 8 714
43 10 750
6 44 1182
149 132 56
48 92 741
122 116 1149
52 111 1165
9 77 76
20 56 816
64 31 1339
22 57 186
111 51 282
131 88 1043
50 138 73
42 8 1309
64 43 905
101 122 779
94 92 195
30 67 1375
32 90 599
74 127 437
8 128 1327
15 76 506
139 81 300
58 73 889
90 132 727
52 127 75
88 97 478
140 7 138
22 44 1107
95 102 172
2 71 1333
70 19 668
115 128 562
120 14 856
2 18 319
134 62 94
55 54 679
112 147 1145
76 75 306
62 145 1069
33 114 718
30 111 939
50 21 221
20 134 42
1 50 180
141 144 1389
83 135 700
109 146 722
68 8 728
57 111 1275
5 98 923
17 37 385
37 145 165
57 19 1394
79 107 358
71 17 357
37 30 11
1 62 27
90 37 1149
26 31 1109
81 83 358
72 43 749
2 8 14
20 42 583
18 53 90
85 26 1318
9 91 1183
135 112 718
25 96 693
81 111 361
41 34 1137
55 14 1429
86 45 133
45 119 341
94 104 249
105 41 270
75 86 270
12 100 1194
29 125 497
84 91 18
68 40 370
58 25 18
42 81 591
66 119 1129
122 82 1042
8 92 552
129 55 1243
90 109 646
19 111 751
74 85 508
79 46 1372
103 61 218
7 114 505
95 11 660
119 39 242
1 137 100
35 118 844
93 90 363
81 113 1351
92 137 943
79 129 923
51 73 1113
16 86 916
109 101 38
142 76 845
143 92 734
13 77 1372
100 82 90
86 65 256
110 74 200
67 130 272
32 80 901
16 59 1055
138 79 1322
86 48 561
6 20 375
136 19 539
66 79 916
27 17 189
23 78 410
5 123 175
84 118 58
16 20 1166
103 93 661
52 89 237
124 123 1271
81 108 1421
139 91 1116
134 21 735
137 5 1396
90 87 130
32 3 338
148 33 605
13 124 1213
69 113 833
95 72 829
128 119 147
75 126 194
0 40 829
112 13 240
43 51 926
17 69 1126
27 60 1450
66 32 1474
129 73 1289
30 132 1149
123 67 262
31 112 541
7 107 1430
36 111 1060
107 22 215
135 50 90
89 108 538
61 82 1193
141 54 79
111 144 1289
79 19 1290
78 137 849
99 48 1164
42 147 404
62 141 684
91 149 1261
94 60 572
69 9 297
125 126 918
14 146 612
90 6 354
60 108 896
50 64 981
121 118 126
133 49 1359
72 101 450
49 147 384
69 95 798
89 111 1144
133 25 355
73 102 614
3 16 714
82 3 1411
93 71 541
140 36 561
132 29 919
38 79 1465
51 129 376
145 96 1185
33 94 1128
107 56 1168
4 137 1181
135 72 132
62 107 483
20 122 67
50 58 196
1 58 821
134 148 22
103 75 1149
23 52 1370
71 144 694
82 2 123
83 101 1078
78 139 1033
108 102 1042
147 135 892
52 21 399
123 116 766
29 73 1059
102 67 1017
88 5 46
38 106 992
0 3 427
77 10 204
108 4 609
88 144 923
134 68 1139
11 60 1429
2 118 1522
133 100 109
67 78 257
2 25 237
141 135 1405
129 83 1259
138 82 1105
97 95 60
75 21 487
55 72 11
47 20 1052
31 17 785
128 90 784
96 101 1287
15 60 760
136 101 876
36 104 69
86 55 1015
33 128 1062
80 15 145
35 140 229
87 78 1584
35 123 158
3 135 213
25 65 148
34 21 914
144 130 647
91 107 776
91 137 590
71 34 662
144 105 277
145 139 36
66 131 583
124 45 1429
100 62 1005
108 133 603
50 149 168
1 90 860
46 141 121
45 55 770
22 61 1060
54 30 1257
70 18 58
113 14 1158
11 41 8
87 31 843
65 124 592
122 96 1084
79 47 529
65 50 556
95 101 1493
21 11 854
114 124 52
53 78 1163
18 51 1532
47 143 1045
136 149 251
94 0 154
145 108 289
30 143 1028
105 71 511
54 143 1318
77 60 103
10 59 162
71 111 309
6 110 659
110 26 74
83 33 1346
99 98 548
101 80 1408
0 48 1649
78 77 593
88 135 708
88 6 740
148 32 1501
33 15 1556
137 55 1511
22 31 709
78 52 878
64 74 1205
122 47 263
93 126 1262
133 120 1483
72 132 617
91 0 249
41 13 799
8 126 1663
25 36 1194
142 13 799
41 95 230
52 129 83
142 92 1509
70 110 1052
25 5 437
54 129 1609
41 27 1023
52 109 779
30 51 860
63 52 58
45 3 1031
10 141 1539
42 15 101
31 77 1136
149 44 972
68 127 1282
11 124 712
126 54 14
126 74 865
38 108 268
112 22 1125
136 94 1332
146 82 1490
60 114 1621
58 135 317
34 51 134
99 17 406
143 75 299
41 87 979
143 25 53
22 115 904
53 41 1670
54 46 1629
19 13 648
133 84 1712
108 119 1623
81 29 1427
57 92 1190
109 138 401
23 58 1049
123 132 992
107 94 1295
16 118 118
62 60 1258
34 108 558
116 30 183
129 58 1230
67 10 707
36 112 94
99 49 370
95 47 1669
73 19 480
129 2 140
77 128 639
143 9 224
116 18 161
52 56 635
69 62 403
84 10 309
43 54 1069
52 40 917
64 14 1586
126 68 987
110 41 790
120 31 532
131 123 1693
32 18 455
140 70 827
142 63 1651
105 59 103
69 47 254
74 10 493
128 91 1504
97 55 583
85 76 1169
110 118 622
40 34 296
15 7 1402
86 143 826
33 70 718
43 57 146
129 81 177
1 36 1264
130 119 225
66 69 1056
75 107 858
123 12 1746
126 111 1630
127 92 49
35 120 170
59 74 812
16 87 810
76 47 514
49 12 1202
70 58 695
77 96 365
95 142 1221
24 97 1368
120 91 1751
30 130 1586
43 132 1374
73 0 699
87 103 1034
57 107 311
52 135 752
69 108 441
39 54 284
21 30 916
79 100 303
138 63 1431
146 138 1217
105 78 1402
101 35 1347
115 74 1631
68 51 549
69 11 934
8 94 233
94 54 1145
97 53 411
107 115 1437
77 0 651
104 79 663
134 23 1779
48 108 1724
111 0 1680
10 147 168
141 94 362
4 125 1524
46 73 1777
51 127 527
101 68 1735
110 123 1225
126 127 1531
134 114 870
22 96 59
60 135 395
99 97 1149
148 40 1181
118 15 1303
129 142 518
65 95 1020
52 59 95
7 91 1049
8 32 302
78 121 722
120 135 384
122 77 1014
80 41 1622
126 139 1135
80 24 1383
42 3 518
11 49 487
15 61 1723
107 133 813
44 56 242
112 133 683
139 89 1424
129 33 1344
139 80 735
29 132 1699
112 34 871
116 54 980
111 42 1406
64 34 789
21 13 1390
128 59 1205
93 85 1497
68 37 671
122 115 382
47 21 1568
88 120 1855
128 17 288
105 144 1854
147 44 1710
79 55 432
120 72 1004
53 68 1777
44 100 1670
26 74 79
146 60 8
84 72 569
22 125 1176
84 143 1827
124 104 1654
146 119 23
25 109 703
102 42 477
19 133 270
13 85 858
128 22 901
52 10 1393
40 131 382
56 11 465
54 115 1844
45 103 938
77 15 892
16 116 858
144 71 1330
12 78 516
39 27 1083
115 2 293
94 45 247
7 111 851
114 106 876
109 123 1648
109 116 1199
118 11 659
48 63 732
88 148 1578
97 14 1162
53 143 515
32 62 1771
66 19 1494
104 25 1430
141 53 1325
51 97 184
97 9 717
58 0 1886
88 54 1068
30 71 1057
45 51 1009
57 55 949
63 112 311
140 34 79
128 81 251
35 6 218
132 47 493
53 17 1038
92 124 1774
52 141 1568
19 11 1895
87 17 1854
8 67 1767
73 2 1477
7 138 1335
107 53 891
72 27 1447
148 73 1818
4 141 1405
75 140 1166
45 8 1021
72 83 1339
88 30 134
140 147 1417
135 96 1591
83 116 1345
104 122 382
145 22 137
80 22 615
95 25 1933
83 48 575
99 87 1661
63 76 394
51 44 713
140 97 918
119 148 131
67 140 453
108 25 1113
114 109 371
49 104 1089
31 56 1091
107 88 1753
49 70 1354
145 8 1273
124 63 341
135 36 1266
120 50 1853
121 2 1110
58 5 1035
125 58 1202
131 128 1253
149 82 1634
0 21 636
109 36 1294
87 116 1802
54 109 1948
18 72 95
81 34 1691
58 76 1380
77 99 1404
39 88 1040
34 143 439
120 40 959
118 79 1899
54 103 492
134 137 886
91 48 1469
80 45 876
112 62 1650
1 60 1060
24 128 1306
11 144 900
34 67 161
136 9 1872
51 137 216
92 7 1221
66 90 743
66 36 578
116 55 826
72 81 739
3 23 1143
75 54 529
11 107 897
12 104 1179
72 126 1116
47 33 570
42 0 950
3 46 1586
104 129 108
21 149 709
138 92 220
99 75 687
149 24 1773
58 6 917
73 84 1556
31 63 552
109 89 1416
91 12 253
14 61 669
107 75 1307
127 55 8
41 45 506
99 4 1890
49 29 855
50 113 2003
131 80 1009
128 78 1233
34 145 1640
76 98 1029
93 49 1017
126 142 875
24 17 965
88 126 580
86 11 1825
83 30 316
15 72 777
85 41 1939
126 140 680
12 121 63
52 88 1944
79 109 794
22 106 436
109 74 895
57 25 58
108 115 226
104 106 1603
144 147 1579
5 143 1315
13 137 1302
113 38 689
78 9 1629
65 67 1713
51 96 1322
40 95 1845
88 75 790
37 122 700
18 63 145
25 75 1788
134 86 465
148 87 454
47 19 1785
48 142 949
51 124 504
31 74 885
41 111 650
111 7 1798
148 49 476
30 52 325
106 91 2057
103 120 2000
90 129 1194
144 74 477
96 52 1154
107 76 602
112 124 747
142 4 1802
20 50 302
2 133 1146
143 1 341
24 42 2051
49 62 819
7 36 1878
76 40 1610
43 148 1935
72 128 161
103 60 143
30 13 362
93 131 274
149 65 1500
112 87 2006
10 85 603
74 54 355
132 90 855
53 16 506
130 31 1121
29 79 508
15 80 1777
102 83 1198
101 46 164
26 55 1454
91 95 972
55 125 1018
12 32 694
45 35 474
88 64 1245
127 14 1673
126 128 146
118 44 1600
47 43 1839
144 101 1530
20 86 188
59 106 1731
20 143 888
87 74 389
148 134 1426
143 144 337
90 100 240
34 88 1960
143 82 863
14 69 806
9 92 1839
67 69 415
147 29 1765
87 65 1772
128 13 402
49 42 2114
32 67 528
116 131 1965
140 16 1251
24 56 1518
30 94 131
146 105 918
114 145 665
41 104 2015
57 97 1986
69 119 168
8 46 248
148 31 924
22 146 498
22 71 1204
21 36 293
136 146 232
85 83 1099
84 64 1225
98 136 1641
112 15 1
115 83 1572
62 88 733
6 143 375
13 72 760
8 5 1589
87 23 789
98 90 556
48 143 1651
30 5 1076
10 145 1659
69 57 1667
53 37 1479
2 47 929
135 139 1567
115 7 363
74 47 1925
127 77 913
46 83 1340
13 149 1181
68 19 2091
5 122 2089
98 67 1701
17 99 101
61 137 522
7 35 1447
119 12 361
66 16 553
71 65 556
9 146 282
45 65 1374
57 108 1768
118 12 223
75 138 910
18 125 1540
41 137 2037
136 140 1638
87 45 81
127 41 322
103 119 2084
39 44 631
100 42 1266
127 7 1234
72 127 491
4 51 1036
105 10 1067
64 19 858
89 8 1053
148 81 472
41 15 740
77 108 1701
48 113 548
121 90 1866
75 73 1896
113 34 131
30 25 1115
15 6 2109
9 87 1895
58 97 280
63 79 1842
95 23 1062
103 15 2
120 12 1938
49 67 1400
119 78 197
143 89 1940
9 69 913
121 79 1834
37 17 1341
149 61 1838
35 66 1580
77 8 576
48 141 897
76 132 1377
83 9 495
114 30 2180
113 72 1465
147 54 699
77 5 1186
69 137 402
1 143 1051
11 135 539
69 88 421
32 137 1188
112 71 1685
15 135 1205
14 48 1855
73 29 1109
7 14 2162
142 9 1696
11 27 1519
52 98 144
41 2 1017
141 136 1844
5 10 2155
149 125 1907
78 145 1751
11 98 1705
107 50 1804
62 93 1374
10 49 1513
66 122 2151
0 107 841
64 45 597
70 118 1618
25 47 2117
21 82 1513
43 25 319
4 71 536
93 77 1172
71 19 617
112 138 613
10 108 441
131 41 660
37 137 2206
112 86 1720
118 108 1946
149 108 2159
26 106 751
29 21 1412
136 99 1953
78 136 58
56 137 26
103 35 52
7 21 270
143 135 1188
26 52 108
103 139 1364
118 75 976
57 48 1379
139 51 1068
5 70 1418
98 142 270
62 70 864
129 78 657
146 4 552
116 35 1852
144 27 1515
0 89 492
134 7 1801
73 138 155
125 63 2268
74 73 656
106 115 1653
24 39 1361
126 131 1991
45 125 1916
49 39 1413
22 135 1564
14 106 87
144 75 2069
79 62 1782
17 34 2086
115 12 1833
20 46 1637
109 135 1149
106 63 553
4 65 391
98 128 2127
116 11 1668
62 140 1615
43 3 1992
74 126 1473
134 72 1583
2 65 1099
66 137 719
83 20 2309
31 132 705
92 98 2029
70 86 1322
135 101 217
78 97 75
48 14 1567
21 67 2005
80 46 201
30 37 1337
2 121 2264
64 96 213
6 148 731
86 51 11
63 110 1123
101 12 653
50 57 463
16 35 190
115 37 2220
5 36 1287
137 112 675
134 143 925
141 9 740
131 56 1230
68 31 1470
137 123 1156
23 113 385
109 91 1886
111 148 2316
112 113 1011
72 25 596
118 148 2321
70 1 77
134 91 991
110 141 1832
27 58 1047
113 114 1660
94 143 460
17 110 48
22 111 1674
131 54 1942
114 126 574
71 94 944
14 127 1452
133 87 186
114 62 1401
30 8 2106
46 129 1311
95 60 1251
18 13 1716
9 134 335
96 27 1326
101 47 644
112 37 47
15 115 1543
58 99 34
128 80 476
81 40 853
88 132 2346
69 44 764
101 76 34
103 142 1498
123 94 590
113 0 2165
113 83 1773
129 18 1405
92 32 1111
0 137 1957
23 11 2204
29 123 1568
43 129 1989
138 119 1546
112 56 489
137 65 433
127 125 955
16 47 980
76 57 958
9 80 718
44 2 1015
87 94 1187
27 96 2142
123 6 1781
95 128 1297
80 120 1771
125 143 1613
55 2 791
44 81 725
48 79 80
50 120 1575
45 135 291
55 108 115
14 116 2058
15 36 966
25 3 119
50 79 622
134 67 2023
109 83 1666
143 123 1775
58 30 1037
140 5 462
50 99 279
16 36 1832
91 102 730
143 47 783
58 9 2121
114 57 1100
12 23 205
58 55 212
41 0 2252
95 103 71
11 12 2204
5 39 1363
74 121 594
44 54 1076
18 78 2110
148 95 285
113 41 477
54 9 1536
106 57 1941
122 145 410
94 99 268
110 100 656
31 62 789
43 149 1453
115 79 883
99 106 103
33 103 159
84 66 986
90 48 145
141 73 1883
53 85 123
48 24 388
16 79 1410
92 106 2258
46 147 682
100 48 143
10 1 2127
54 72 254
49 120 2096
20 43 1835
46 113 458
29 1 1034
141 108 68
122 137 2043
62 147 574
41 32 1230
132 101 1940
16 120 1770
83 62 24
52 84 1501
67 148 784
80 25 206
17 140 2076
121 124 2122
60 6 330
142 133 1811
88 104 354
22 6 1023
70 49 371
121 111 1987
66 149 1701
44 105 1995
51 3 2151
39 67 307
123 70 851
124 30 1734
143 98 2328
141 48 795
149 53 1625
138 103 520
13 54 394
130 24 417
100 136 1410
110 140 816
63 140 732
140 22 1810
81 137 373
24 69 47
21 12 91
84 74 1896
40 121 50
1 86 375
146 83 628
94 108 1336
87 82 2065
86 122 1604
75 16 1830
12 132 2308
147 96 1199
95 77 2168
22 34 1059
105 19 590
40 46 2219
118 63 1092
72 113 2076
82 99 1090
124 146 2224
132 63 1702
13 35 993
46 139 1736
102 131 1773
88 122 624
115 8 24
77 90 108
99 8 81
27 120 348
125 139 1611
40 39 1958
91 96 1533
55 119 594
100 18 2317
110 32 1692
9 26 1507
23 64 1102
6 82 1737
138 126 2267
67 81 2486
143 36 2475
40 47 394
98 2 1253
11 147 903
112 82 1910
26 111 571
30 75 1847
49 18 1150
0 129 5
146 121 1847
143 27 560
70 50 571
70 132 761
138 72 321
123 49 2293
17 27 268
131 100 1820
67 142 1344
35 119 750
23 31 638
51 62 1220
114 130 2335
46 106 2250
37 69 106
45 42 2427
57 37 2527
83 138 473
99 34 1567
147 121 2381
8 139 1970
89 80 767
147 3 343
29 34 2467
7 121 2200
140 114 1176
30 110 1305
127 105 2423
22 88 1280
10 83 1403
35 39 2517
48 138 50
56 18 435
109 11 1520
67 73 428
129 34 676
119 6 2501
141 110 1077
107 145 2482
36 109 2515
121 47 2197
92 111 2263
123 107 567
41 19 912
32 109 2228
38 65 726
143 48 1007
118 92 236
43 14 20
106 64 446
91 20 1191
22 143 361
68 128 2201
1 19 1538
14 1 460
34 113 1756
85 64 59
122 15 1823
38 132 869
57 8 2354
33 18 445
91 128 987
5 128 133
122 60 256
0 10 197
74 79 2396
56 95 166
34 52 970
59 54 1528
146 67 1967
134 56 1293
72 76 2117
1 63 1964
33 99 2133
25 85 663
67 147 670
87 93 64
142 89 655
99 123 749
17 58 1030
63 32 876
7 139 1452
123 68 1186
51 77 44
15 79 1091
69 79 2289
124 73 1508
25 128 2533
106 73 406
105 80 2193
122 89 1798
47 124 1471
99 140 1617
124 50 986
81 13 1973
18 93 1439
38 45 786
49 110 2613
113 66 909
18 65 2444
65 58 902
79 20 476
34 79 1316
54 68 1857
146 140 684
73 146 1178
88 133 1896
68 25 2474
145 92 2165
96 123 1690
108 80 1045
101 6 2422
21 16 2160
23 74 362
43 85 433
52 2 1638
21 142 1157
76 140 2026
143 65 1487
131 31 145
92 24 487
12 79 1758
53 18 809
18 101 508
3 128 1144
98 86 1332
95 45 2422
137 134 430
50 74 1756
14 17 2301
50 42 1072
69 31 1334
32 77 2339
126 129 2095
55 12 79
125 43 344
68 54 2098
41 55 130
1 115 126
89 65 837
104 34 2483
43 147 2223
55 91 1285
115 45 1626
3 6 883
0 30 2504
64 54 1857
19 61 2106
54 63 1615
139 56 822
13 146 1809
133 21 251
70 126 446
60 73 470
21 61 1858
80 84 2370
105 84 1057
136 38 66
108 59 474
44 96 1321
93 22 92
13 119 821
143 84 1430
69 18 2327
38 44 1503
71 75 1226
71 107 429
76 62 543
64 62 1447
20 141 631
127 144 551
74 75 1950
36 148 299
126 81 2312
95 52 1486
132 44 2142
48 104 1717
95 29 968
83 5 429
59 84 1979
75 2 466
30 10 2115
92 88 1665
111 120 1417
60 55 376
21 43 2247
69 22 13
83 109 724
100 101 1201
46 92 1696
119 106 1296
64 39 1173
74 34 1048
33 121 2068
107 127 2043
85 129 2597
30 4 2392
74 129 135
7 22 2479
75 131 1368
135 17 2226
105 23 148
124 78 2531
118 37 1163
96 125 561
115 99 2596
62 53 1069
39 93 2164
133 26 1768
3 33 1960
10 12 2548
34 73 1368
42 32 1722
72 32 2457
30 78 1418
130 140 1482
22 138 2542
86 77 995
116 10 1870
44 0 216
134 46 23
66 101 2575
112 118 217
100 81 2171
133 1 2502
132 35 1854
141 3 2160
65 129 759
118 45 320
58 110 1715
37 51 1039
64 3 744
142 69 1430
144 95 2144
5 139 852
61 47 2219
114 42 1664
59 13 2696
146 43 2220
108 32 536
55 78 914
14 85 2675
61 106 726
108 58 38
49 21 733
116 108 1689
82 61 2605
144 52 2065
39 75 1543
98 44 205
42 41 2328
135 43 543
75 82 2109
45 6 2422
76 0 1358
51 80 2491
67 126 1717
105 55 1041
133 41 1146
35 17 254
98 46 407
9 58 1586
36 121 2378
83 86 2082
103 90 552
48 144 1324
110 87 1665
4 69 2592
51 5 1567
2 37 1282
73 122 1149
5 91 855
31 89 923
11 111 2554
23 30 599
69 3 1073
48 34 2195
8 144 2804
18 36 1131
63 111 567
8 12 2175
138 51 2564
126 29 202
107 93 2514
146 101 889
33 0 972
11 149 1049
98 75 1542
93 41 2197
1 56 1844
69 36 959
130 95 2417
128 53 806
25 54 2272
82 79 2221
138 31 964
91 99 412
19 143 751
104 146 380
100 20 645
19 142 2448
55 57 324
125 36 729
47 147 1265
2 86 1639
22 116 193
22 67 1547
102 104 1109
111 2 539
61 143 2144
63 115 2648
123 85 1066
103 118 679
91 15 91
1 145 1316
66 88 2118
109 131 1411
101 13 2165
99 26 2846
78 46 1736
21 114 651
30 24 838
16 74 1330
17 62 2763
105 133 1171
43 53 1616
46 104 608
92 29 2215
89 105 524
83 82 2153
10 105 1204
23 56 1880
128 73 949
137 32 1033
87 111 1222
57 99 1883
69 146 1874
0 19 2842
137 122 583
47 138 1217
61 34 2204
27 59 409
104 10 2760
4 90 2699
65 29 734
13 89 2398
90 30 2046
16 94 2152
16 30 1931
108 62 2644
39 35 2693
50 133 1297
4 122 794
68 111 295
9 42 1286
61 57 390
23 26 2060
65 92 329
53 44 888
84 115 588
146 118 2196
41 72 919
141 58 2858
13 98 1615
10 57 2195
149 66 1411
40 108 238
19 88 829
138 148 1970
130 107 2461
85 141 431
53 1 2245
113 95 1206
135 87 1681
56 91 1738
38 62 249
74 62 1132
71 123 575
123 33 2673
65 100 538
142 38 220
78 111 961
96 134 1936
3 26 1854
88 37 1769
48 140 1586
38 60 143
121 25 2718
64 8 949
66 24 7
114 82 1317
131 81 1207
132 62 754
96 21 2890
119 1 163
33 149 1242
112 92 1880
0 68 372
42 77 1414
119 55 601
77 106 518
67 14 2898
115 107 2484
81 39 430
54 47 1898
113 119 967
26 38 2307
29 134 546
127 4 327
142 101 2100
23 108 660
104 115 1267
127 130 114
3 145 2724
31 53 2426
142 32 1426
52 61 432
73 56 1760
135 134 1066
24 102 680
47 126 2736
71 40 1136
62 126 47
138 106 609
29 88 2664
51 76 371
81 97 634
82 12 2649
39 110 2220
67 8 360
19 25 427
67 90 590
98 116 2792
76 87 832
34 50 2922
140 113 2275
143 0 2090
19 83 205
127 147 1780
118 93 1920
46 45 2986
123 124 2869
69 50 2449
75 68 788
133 141 1175
51 29 2879
91 54 2622
128 40 1727
93 64 2299
145 87 1510
6 19 785
20 47 2397
100 111 2948
31 19 2370
69 48 193
149 36 725
69 148 2281
31 4 2959
68 96 1999
2 140 1317
111 56 1453
52 138 2100
137 9 496
35 37 2687
85 131 1112
100 60 1505
92 80 1194
100 104 1458
107 149 185
98 133 1153
60 90 1622
81 130 2118
30 125 544
22 122 1284
91 4 675
91 45 2946
60 149 142
18 49 972
64 83 316
21 84 721
126 14 2262
139 106 2718
90 11 884
50 60 1478
149 25 1115
86 4 1097
21 53 652
141 52 2228
25 100 105
46 5 2798
135 141 2924
58 86 1533
52 7 126
1 24 1752
22 91 1089
78 81 167
126 13 291
26 20 1341
129 62 3052
29 80 557
115 139 1899
146 94 1836
62 118 1450
135 33 1010
130 147 724
6 73 134
95 83 1167
19 98 60
98 22 388
127 132 645
55 75 1083
58 90 1996
94 3 2435
139 46 1076
27 118 1716
5 68 2396
102 89 196
129 145 811
4 110 2901
125 111 2354
141 137 1351
34 26 66
6 142 1375
124 126 2370
55 103 1398
72 58 1461
61 111 3006
114 15 2477
10 81 1771
60 56 2237
109 35 1225
82 102 432
129 69 357
77 37 793
75 65 2206
141 97 2066
26 50 1614
7 134 482
61 23 533
73 53 995
50 95 3062
105 125 3091
85 72 1497
80 37 695
141 76 1920
137 54 2049
141 8 2058
19 20 2160
61 77 455
19 32 2939
42 53 2259
53 77 551
124 113 2425
43 50 106
66 116 1904
86 89 1454
78 39 1916
4 86 964
83 84 2270
83 17 2518
10 122 2230
147 27 2060
41 52 3023
55 96 1986
95 140 149
16 46 2532
16 56 1269
102 13 3076
38 16 226
53 134 1097
19 100 572
22 98 2659
48 139 438
139 35 2266
21 110 1315
21 118 742
35 113 2148
99 110 314
125 69 224
64 21 271
59 119 2701
11 137 181
149 131 2938
22 120 2161
35 136 1800
15 24 91
8 22 2982
87 68 2168
64 4 1968
70 3 1945
111 101 1404
25 120 353
77 54 2212
10 17 1303
70 89 2085
76 102 1488
56 102 1432
114 112 258
41 101 61
1 39 505
18 47 711
119 47 957
104 134 2409
57 36 1654
46 93 1643
69 83 2046
45 108 2273
127 1 1873
116 97 1397
52 30 446
54 106 605
109 53 1577
24 62 3123
92 37 893
139 101 260
146 75 2450
1 2 1017
19 1 2919
136 44 1658
141 44 2637
100 131 2394
110 70 788
58 51 2897
86 14 354
82 21 415
1 108 2413
60 47 1122
144 19 2164
136 22 2399
41 63 2850
8 19 2636
9 30 2483
130 90 2521
64 10 2481
34 62 2632
8 140 656
101 111 2059
101 118 1110
86 38 1217
42 93 2295
95 17 851
146 41 2718
89 76 481
5 34 2720
32 15 1339
137 46 411
128 26 900
85 46 983
109 120 2368
125 135 2788
16 92 2970
67 146 2590
135 37 810
110 71 540
9 116 2620
79 11 2347
121 141 1294
143 45 1728
101 131 2389
116 60 251
90 127 2184
10 98 1152
27 116 1750
60 99 704
85 73 380
64 147 890
128 142 356
83 0 816
145 21 3135
5 148 1081
102 127 182
82 63 1097
101 75 1016
61 25 1983
47 52 660
70 144 3029
106 134 2298
11 52 470
40 32 2184
84 9 2087
85 112 1118
126 112 3003
18 30 2195
139 93 2445
145 63 904
4 6 930
24 38 2759
129 118 112
83 42 1455
53 62 2815
122 44 1493
96 22 755
26 27 2724
107 120 2446
121 147 2463
109 137 2771
115 50 1
74 110 375
34 104 2577
60 1 280
61 21 2727
71 8 1412
106 48 1379
58 108 570
129 22 2113
122 2 617
29 148 1894
26 78 1524
114 125 194
116 107 305
146 125 1561
134 71 1296
59 35 1176
108 7 2332
59 6 2515
59 7 622
32 69 1780
42 52 1997
89 85 1786
88 113 1271
90 42 1156
14 86 417
37 35 482
58 132 480
67 141 1072
92 146 627
77 147 2778
9 125 3242
41 114 2723
38 36 1292
147 17 1571
134 89 1705
142 137 1704
115 22 929
142 83 1929
61 97 481
93 115 297
115 85 424
92 47 384
26 13 544
119 50 1391
35 130 1748
100 67 1386
108 88 300
137 88 857
134 12 1735
4 129 2140
52 113 269
70 121 3005
143 33 3124
63 41 1537
91 133 1879
19 132 2114
26 89 1800
136 1 954
38 78 1047
35 2 353
20 12 2822
139 113 4
145 79 1871
111 54 477
146 84 927
124 116 1777
5 50 3230
57 126 3252
107 62 179
40 55 130
1 35 1552
92 61 2538
6 77 2789
90 67 481
66 126 396
39 118 825
130 3 3093
76 27 1563
52 42 1224
67 9 1004
139 137 887
29 25 2701
86 126 2529
118 80 1598
61 59 1379
115 142 2184
130 17 2181
125 68 595
116 44 2759
121 133 3122
124 17 2165
4 49 2985
133 86 3023
141 116 1016
144 67 1780
140 76 2339
7 9 137
107 7 3083
98 30 3202
45 118 1406
106 125 1304
66 65 1010
102 33 1704
141 123 3358
43 26 1053
105 108 1037
85 60 1758
32 125 3264
3 58 1317
139 98 1919
107 41 2595
129 23 2146
22 97 1299
51 105 774
75 147 487
52 92 918
72 111 2154
105 112 3282
141 19 5
110 50 2931
6 59 3121
106 88 2370
78 57 1314
114 103 1399
4 73 1300
130 30 1635
70 35 1707
143 71 529
135 48 2934
132 111 1455
103 26 1500
42 94 3075
98 120 2590
108 132 3283
45 4 169
28 109 35
28 126 3
28 117 148
28 111 42
28 58 28
28 49 63
28 81 149
28 12 137
28 118 88
28 32 74
28 87 40
28 115 137
28 95 114
28 21 127
28 149 33
28 11 116
28 9 33
28 43 65
28 132 15
28 147 138
28 72 84
28 42 38
28 25 14
28 61 146
28 120 131
10 117 80
15 117 81
25 117 62
30 117 55
33 117 127
41 117 137
45 117 58
74 117 25
75 117 67
81 117 103
82 117 24
87 117 31
90 117 30
100 117 107
101 117 105
102 117 28
105 117 54
106 117 110
110 117 123
114 117 16
119 117 34
141 117 37
143 117 125
147 117 148
