22
14
25 9 130
3 26 322
24 20 38
39 1 211
13 27 120
9 45 55
46 7 572
38 18 377
42 41 70
46 3 474
3 6 618
40 17 42
30 7 483
9 28 88
27 45 6
13 47 184
21 20 109
5 6 168
16 39 107
40 34 184
49 1 66
32 21 449
28 45 92
49 0 250
6 0 632
36 35 621
28 46 350
49 13 466
16 19 559
4 41 6
10 24 497
9 15 73
10 27 314
24 8 330
12 6 352
18 13 180
25 41 145
11 39 601
20 21 299
47 21 391
5 29 111
46 19 484
13 35 55
18 3 217
12 43 338
29 45 68
42 30 387
11 12 306
29 42 110
17 47 176
19 24 247
18 20 229
37 38 410
34 41 546
41 19 178
40 8 364
3 24 342
15 18 414
47 38 503
24 40 245
30 17 602
45 8 371
4 3 110
17 41 79
36 7 109
6 9 506
15 4 634
9 19 23
15 19 484
41 18 113
25 48 566
12 44 461
33 44 505
34 37 81
7 5 8
40 10 450
48 25 11
30 0 52
32 0 544
37 30 335
19 44 347
11 31 521
40 19 566
32 46 615
2 45 270
2 41 134
47 28 535
15 10 268
9 24 387
46 16 230
0 37 120
3 34 309
7 17 529
5 17 532
49 41 77
47 0 415
41 16 253
3 49 21
17 42 32
29 0 270
40 25 67
0 23 511
9 10 580
19 15 514
10 13 85
35 49 552
13 15 195
19 6 233
49 19 10
27 0 300
11 16 189
47 24 489
33 25 267
39 24 290
18 38 491
21 23 393
10 35 234
26 39 52
21 18 24
46 24 497
0 39 226
26 42 405
1 38 197
29 32 190
0 8 178
4 42 107
33 31 522
36 9 630
18 23 357
23 4 313
1 28 466
11 43 593
30 39 152
10 32 439
39 34 77
6 41 74
0 41 406
44 19 254
36 11 296
39 42 132
49 45 352
28 37 478
27 40 411
11 34 405
19 13 160
23 17 549
18 30 635
31 41 411
27 25 441
9 41 387
41 27 43
25 21 65
35 3 46
8 32 62
0 16 635
45 16 449
46 25 304
8 35 315
12 42 22
0 1 161
9 7 575
16 11 247
12 45 145
32 10 406
15 13 576
7 44 274
32 5 624
10 20 291
43 9 501
26 3 360
16 35 73
23 20 122
25 12 55
49 26 266
38 5 367
13 10 582
34 49 592
28 2 500
26 13 362
29 44 373
44 35 532
46 44 465
45 34 286
7 19 359
1 17 189
4 40 312
37 8 174
18 19 346
46 18 284
16 5 451
26 23 489
30 47 393
42 2 42
28 24 170
11 38 184
8 13 172
18 42 482
45 15 1
40 49 489
37 13 438
4 33 68
29 2 280
18 26 118
47 4 615
33 24 222
42 21 414
1 4 442
36 47 269
25 29 527
4 36 266
13 48 455
32 13 347
1 44 443
12 27 334
4 13 198
32 9 319
30 12 73
34 40 516
39 25 408
48 10 379
16 20 155
23 36 184
43 30 145
45 24 370
34 38 84
20 1 402
28 9 375
38 20 209
5 8 144
5 34 477
44 48 138
15 7 387
47 7 70
3 36 452
1 5 197
16 34 234
47 36 592
11 18 81
27 41 269
28 15 325
10 31 218
11 36 88
28 43 37
37 1 52
8 21 144
21 25 385
29 25 483
33 8 442
9 17 601
11 7 244
33 0 558
29 16 170
32 36 108
19 4 585
42 48 586
36 2 564
39 16 375
38 17 307
4 20 105
0 20 387
7 11 42
45 23 617
45 30 233
40 39 174
25 19 380
17 3 396
29 34 537
13 41 347
2 46 555
24 28 242
25 10 478
12 24 343
40 48 483
44 37 570
38 42 317
39 49 620
27 39 500
25 37 583
1 19 25
32 31 0
4 10 569
46 35 628
8 20 236
3 29 311
30 21 484
4 35 436
11 41 560
24 11 288
35 28 72
40 47 208
31 8 144
38 0 303
36 33 307
9 1 168
21 19 424
35 25 522
40 0 453
41 34 106
15 12 206
38 46 108
39 31 55
25 26 151
45 28 425
18 1 625
5 2 135
48 13 577
45 4 581
33 48 598
40 45 362
41 8 397
42 46 628
17 0 223
29 1 199
8 7 423
46 1 211
21 26 196
17 9 435
29 11 291
12 26 429
41 5 576
34 3 147
13 26 362
3 21 431
2 21 583
17 37 81
42 8 347
27 34 337
27 5 189
7 29 293
4 23 273
45 0 373
32 42 611
3 44 471
1 25 418
48 5 324
49 12 277
42 47 525
9 29 203
37 6 553
31 12 61
25 17 606
25 34 447
42 40 141
1 35 386
29 47 470
13 37 444
6 32 24
24 9 297
45 29 135
30 28 564
26 0 566
7 40 274
19 39 408
29 17 125
2 20 390
10 25 415
1 43 469
10 34 243
32 49 521
24 46 236
18 28 126
33 11 340
37 11 349
48 16 211
3 20 529
37 0 398
15 36 567
32 19 157
10 43 435
27 7 382
39 33 116
9 3 123
19 37 37
23 7 297
26 30 498
39 0 302
43 33 270
4 30 78
13 11 79
8 42 247
9 2 618
34 33 174
6 20 282
23 31 342
25 8 427
18 29 296
12 34 399
31 46 240
41 37 436
27 32 185
41 48 70
21 41 506
2 26 563
42 44 383
13 20 469
26 12 273
34 10 311
44 45 468
19 10 381
41 47 190
34 42 296
9 4 136
11 0 67
43 39 566
13 3 349
31 1 623
15 2 449
40 26 448
35 37 285
43 0 347
44 9 619
12 36 495
46 37 324
21 38 21
32 25 534
11 4 138
3 5 230
27 11 98
3 31 604
44 31 373
27 46 373
25 23 258
20 3 586
34 12 602
30 40 519
33 29 498
16 31 221
4 37 66
48 47 272
27 16 301
11 3 532
5 33 591
16 27 597
41 35 204
21 48 422
36 42 633
38 40 547
5 15 613
26 5 34
39 9 588
39 8 206
46 32 594
19 35 104
40 32 268
47 40 82
35 44 575
35 18 464
36 38 572
43 44 117
1 42 509
24 38 76
18 39 404
9 38 400
26 4 514
6 40 291
49 9 504
24 2 179
43 35 380
41 4 154
3 38 605
13 42 73
24 4 367
33 38 595
5 44 413
48 45 455
7 4 71
39 38 318
13 32 295
33 7 472
26 31 635
42 4 55
28 27 129
39 7 621
13 39 472
7 47 32
34 13 627
38 41 534
11 13 335
8 23 494
34 46 498
30 5 451
16 0 482
31 24 555
37 33 515
16 47 461
21 28 44
3 0 197
21 29 335
40 4 326
33 32 440
40 44 327
30 48 432
12 49 473
38 45 550
48 8 176
38 21 473
37 36 605
0 32 162
8 26 373
45 12 597
30 16 467
28 1 306
48 24 432
13 19 373
44 32 53
45 48 133
5 16 625
18 37 30
47 3 624
19 18 122
3 42 288
1 24 265
17 6 49
16 8 431
3 30 24
2 35 3
40 2 614
16 46 384
48 7 409
36 20 491
39 3 65
32 2 380
13 12 342
7 45 321
13 38 622
37 39 547
43 46 614
37 42 126
38 36 155
35 4 633
5 45 401
48 6 390
23 1 438
20 32 342
16 6 279
25 16 151
31 44 19
15 3 385
1 15 564
12 46 160
24 33 81
24 23 280
40 36 155
0 30 512
2 5 456
12 3 278
37 27 47
47 46 498
23 34 228
20 15 230
31 20 61
12 0 445
20 33 175
15 39 263
25 47 489
36 27 132
7 48 94
11 2 373
21 43 511
24 30 300
26 41 219
48 37 171
21 2 127
19 0 531
20 5 290
9 46 557
11 10 503
13 16 348
48 35 28
47 8 45
6 5 53
11 29 124
32 7 383
5 48 71
40 1 6
19 48 125
6 10 361
35 2 330
15 49 464
15 38 311
20 38 15
21 30 490
11 42 291
37 20 483
22 49 16
22 33 33
22 41 11
22 48 5
22 6 7
22 38 44
22 46 37
22 19 1
22 1 15
22 24 44
22 16 33
22 47 13
22 25 49
22 43 27
22 8 6
0 14 34
1 14 11
3 14 7
5 14 32
6 14 31
16 14 10
18 14 47
19 14 43
20 14 4
23 14 16
24 14 21
29 14 18
34 14 11
35 14 18
44 14 29
48 14 24
