19
6
16 10 0
7 31 0
1 29 0
23 18 2
14 35 0
1 30 1
1 20 3
9 25 2
10 26 1
37 39 1
21 23 4
1 39 8
4 25 2
11 30 10
1 5 8
8 0 8
37 4 1
28 37 15
14 7 4
21 17 12
31 1 16
28 24 10
11 35 6
13 33 7
20 39 14
2 36 22
38 29 10
37 2 5
20 12 7
14 24 22
8 10 30
30 35 7
0 1 5
11 3 32
7 14 5
15 12 29
12 37 34
34 33 29
4 23 9
28 9 28
0 32 27
5 3 29
2 16 23
28 13 46
10 30 47
27 30 16
1 36 6
15 34 28
15 38 45
14 4 4
33 7 9
30 1 11
22 29 26
24 38 54
39 12 12
24 39 15
38 30 55
33 12 32
27 33 20
21 2 14
39 29 14
37 11 62
13 3 13
0 22 31
11 24 18
9 12 12
2 33 55
2 9 15
30 4 56
24 32 54
2 38 10
13 8 71
36 2 61
37 18 4
36 12 19
29 1 71
17 30 66
4 8 69
14 9 35
26 18 83
35 20 67
3 4 8
29 16 21
10 21 53
32 24 89
0 36 2
11 12 33
18 23 50
36 25 40
12 10 34
17 31 72
18 31 101
15 13 60
21 28 67
34 0 84
17 3 69
34 32 46
36 26 7
5 39 101
9 37 62
39 17 18
39 10 86
36 17 111
21 10 20
35 3 6
5 2 66
24 34 81
25 38 28
38 31 29
3 16 59
1 12 46
15 18 49
15 30 40
27 10 11
37 29 34
20 0 114
12 28 27
22 10 87
4 29 49
4 10 24
15 8 39
31 10 35
12 23 72
0 14 2
12 31 91
2 1 27
27 0 138
7 15 135
26 5 144
27 25 105
7 4 125
10 29 29
23 34 29
35 37 34
23 10 144
22 13 116
29 26 38
14 22 6
34 7 115
17 1 20
17 22 29
28 31 132
21 3 125
34 2 94
7 22 159
15 39 9
8 11 9
21 38 155
5 4 28
11 27 161
11 21 7
31 33 18
12 3 59
26 0 27
35 7 59
32 39 70
2 17 133
15 7 44
15 2 126
13 29 26
8 18 65
2 4 135
12 0 178
25 27 105
4 24 166
29 32 19
22 38 47
32 11 45
8 34 46
37 13 152
31 30 29
17 8 120
29 8 41
32 3 26
39 5 127
4 5 149
12 15 102
27 37 148
14 30 199
5 13 16
24 5 93
14 3 13
10 4 174
10 14 182
2 23 163
24 22 56
25 24 67
29 12 127
4 9 142
25 33 13
13 31 15
9 22 102
11 33 218
16 3 143
27 14 34
37 32 106
18 27 39
18 16 48
8 35 102
9 24 141
36 24 134
8 20 173
35 39 45
17 20 73
21 35 208
25 14 92
20 28 76
37 17 101
12 16 43
29 3 156
32 18 204
0 23 128
16 8 26
28 18 170
21 25 136
32 23 141
35 16 154
30 12 133
12 34 211
15 5 4
1 4 190
11 18 161
9 15 155
27 26 124
29 35 226
1 32 199
34 12 117
36 23 180
38 9 220
30 2 87
8 12 26
21 12 171
13 35 110
27 32 148
30 13 57
29 0 62
5 18 250
29 34 130
35 11 222
17 33 110
37 21 242
11 15 237
21 39 98
9 1 38
20 26 102
15 14 165
27 1 5
1 22 116
13 37 164
27 18 139
32 28 262
9 27 244
27 20 42
32 36 117
37 1 226
24 36 264
13 22 236
8 1 258
7 29 122
16 24 154
11 1 272
36 33 67
14 37 49
22 31 224
23 13 277
32 35 181
11 8 214
35 1 209
20 29 111
33 29 41
9 30 175
30 29 73
33 11 46
38 26 210
38 24 100
3 18 249
12 7 244
3 26 94
39 23 43
34 16 302
21 31 140
13 36 73
33 28 91
10 34 107
28 36 244
4 32 248
34 38 84
16 20 70
28 26 286
34 36 287
9 21 200
10 8 86
0 9 124
21 4 115
22 0 137
32 1 104
9 28 210
25 2 112
17 38 332
12 33 235
34 15 318
21 20 115
29 23 71
5 9 179
30 26 119
15 33 192
26 10 272
7 1 11
22 15 268
0 29 273
2 39 162
14 31 196
16 37 59
38 7 299
33 15 54
39 30 84
39 3 183
5 16 191
16 23 313
38 15 311
23 9 272
33 34 256
16 7 100
23 1 110
12 1 170
0 38 196
20 9 308
2 20 195
33 20 369
28 32 298
31 25 34
28 23 89
8 21 82
10 35 327
21 27 340
30 17 311
38 33 148
29 39 37
8 38 234
35 25 25
33 32 321
18 28 335
5 29 223
0 13 64
7 9 176
15 23 258
16 38 257
32 14 225
22 32 100
34 30 324
8 4 355
8 15 134
25 11 131
34 1 299
3 31 233
17 29 88
28 7 156
34 5 398
1 11 242
8 33 34
18 14 234
29 17 244
3 2 313
19 33 20
19 28 34
19 21 16
19 27 22
19 0 3
19 39 4
19 14 12
19 38 4
19 11 17
19 15 12
19 34 32
19 3 21
19 35 29
19 22 5
3 6 5
7 6 25
8 6 1
17 6 10
29 6 18
36 6 36
