15
44
0 1 1974
0 2 2760
0 3 1304
0 4 1800
0 5 2475
0 8 3644
0 9 3347
0 10 38
0 11 2952
0 12 719
0 13 1889
0 14 3705
0 16 3329
0 17 4258
0 18 3631
0 19 2205
0 20 2051
0 21 334
0 22 2371
0 23 35
0 24 724
0 25 2118
0 26 674
0 27 3917
0 28 3416
0 29 3965
0 30 2566
0 31 3795
0 32 3793
0 33 2468
0 34 3106
0 36 4333
0 37 3169
0 38 3394
0 40 1874
0 42 2745
0 43 767
0 45 4252
0 46 312
0 48 1865
0 49 220
0 51 4181
0 52 948
0 53 2488
0 54 4127
0 55 3973
0 56 2027
0 57 2630
0 58 2954
0 59 1342
0 61 3811
0 63 3778
0 64 3025
0 66 1416
0 67 1911
0 68 220
1 0 228
1 2 1513
1 3 4297
1 4 1065
1 5 894
1 6 3080
1 7 2873
1 8 3753
1 9 1475
1 10 3460
1 11 881
1 12 236
1 13 2775
1 14 1619
1 17 2438
1 18 1139
1 19 2853
1 20 1718
1 21 3265
1 22 1952
1 23 2268
1 24 2732
1 25 1554
1 26 3489
1 27 413
1 29 2677
1 30 3460
1 31 3361
1 32 4203
1 35 3673
1 36 3420
1 37 3845
1 38 485
1 39 642
1 40 3932
1 42 3492
1 43 394
1 46 347
1 47 3587
1 48 1171
1 49 406
1 50 366
1 51 2290
1 52 1436
1 53 2878
1 54 551
1 55 2074
1 56 2110
1 57 1793
1 58 640
1 59 1373
1 60 3626
1 61 1750
1 62 3466
1 63 652
1 64 3679
1 65 1989
1 66 4061
1 67 56
1 68 1769
1 69 2233
2 0 3651
2 1 1239
2 3 532
2 4 3545
2 5 4322
2 6 3657
2 7 3807
2 8 4027
2 9 1831
2 10 81
2 11 773
2 12 411
2 13 593
2 14 1014
2 16 1140
2 17 4017
2 18 1767
2 19 1272
2 21 3932
2 22 4147
2 23 1030
2 24 3972
2 25 449
2 26 4225
2 27 2246
2 28 1320
2 29 3313
2 30 1341
2 31 1589
2 32 1824
2 33 3905
2 34 432
2 35 537
2 36 2512
2 37 919
2 38 2593
2 39 1867
2 40 3882
2 41 622
2 42 3745
2 43 2002
2 45 4215
2 46 3111
2 47 1876
2 48 1727
2 49 2261
2 50 295
2 51 1381
2 52 1420
2 53 1803
2 54 4197
2 55 4020
2 56 2000
2 57 2361
2 58 2619
2 59 2396
2 60 706
2 61 3609
2 63 4255
2 64 1010
2 65 4200
2 66 3477
2 67 1628
2 68 1786
2 69 3451
3 0 3132
3 1 1150
3 2 2357
3 4 4287
3 5 2022
3 6 690
3 7 2520
3 8 1103
3 9 3587
3 10 3546
3 11 4335
3 12 3027
3 13 2303
3 14 1817
3 16 1010
3 18 3296
3 19 741
3 20 2865
3 21 166
3 22 2393
3 23 1153
3 24 1960
3 25 335
3 26 2968
3 29 395
3 30 41
3 31 1778
3 32 942
3 33 3988
3 34 239
3 35 1434
3 36 1263
3 37 4206
3 38 613
3 39 2704
3 40 2372
3 41 1808
3 42 3709
3 43 731
3 45 3880
3 47 262
3 48 1718
3 49 817
3 50 4218
3 51 4073
3 52 2260
3 53 92
3 54 3595
3 55 2491
3 57 4267
3 58 1039
3 60 1103
3 62 291
3 63 3942
3 64 559
3 66 2577
3 67 787
3 68 3671
3 69 1621
4 0 1832
4 1 4266
4 3 2342
4 5 2617
4 6 2450
4 7 1166
4 8 1876
4 10 3910
4 13 2661
4 14 579
4 16 2968
4 17 2715
4 18 3350
4 19 2578
4 20 3690
4 21 3378
4 22 447
4 23 1433
4 24 3341
4 25 3075
4 26 2679
4 27 2075
4 28 4132
4 29 1949
4 30 2315
4 31 4251
4 32 362
4 33 1812
4 34 1061
4 35 4009
4 36 1061
4 37 2239
4 38 203
4 40 1882
4 41 2870
4 42 865
4 43 3507
4 45 3799
4 46 976
4 47 3969
4 48 409
4 49 2338
4 50 110
4 51 1206
4 53 1414
4 54 4167
4 55 424
4 56 2608
4 57 977
4 58 2444
4 59 3420
4 60 1281
4 61 3110
4 62 462
4 63 3638
4 64 4119
4 65 1117
4 66 2092
4 67 1916
4 68 72
5 0 4014
5 1 4116
5 3 554
5 4 2272
5 6 3400
5 7 771
5 8 1375
5 9 125
5 10 813
5 11 3269
5 12 1028
5 13 1468
5 14 4178
5 16 1565
5 17 1371
5 18 3992
5 19 2960
5 20 3979
5 21 1902
5 23 3404
5 24 3118
5 25 142
5 26 3391
5 27 924
5 28 2182
5 29 3566
5 30 2669
5 31 358
5 32 2250
5 33 1442
5 34 2570
5 35 1464
5 36 97
5 38 1129
5 39 1471
5 40 4279
5 41 3002
5 43 3130
5 45 366
5 47 3919
5 48 2709
5 49 764
5 50 2886
5 51 2326
5 52 3331
5 53 2137
5 54 2861
5 56 1658
5 57 3123
5 58 1930
5 59 4135
5 60 1425
5 61 2521
5 62 2094
5 64 4149
5 65 3953
5 66 1206
5 67 2690
6 0 2758
6 1 3965
6 2 2878
6 3 3704
6 4 3200
6 5 4023
6 7 547
6 8 1767
6 9 3555
6 10 3989
6 11 1021
6 12 2101
6 13 2063
6 14 1472
6 16 1492
6 17 892
6 18 1060
6 19 2283
6 20 1612
6 21 1231
6 22 2629
6 23 484
6 24 3268
6 25 2374
6 26 2256
6 27 1907
6 28 3403
6 29 2510
6 30 108
6 31 3829
6 32 1298
6 33 565
6 34 4262
6 35 2826
6 36 2636
6 37 2546
6 38 1826
6 39 2811
6 40 1525
6 41 3845
6 43 4109
6 45 3085
6 46 511
6 47 3160
6 48 2094
6 49 3500
6 50 3229
6 51 120
6 52 3300
6 53 1752
6 54 1070
6 55 1854
6 56 1012
6 57 421
6 58 3663
6 59 1106
6 60 2408
6 62 4150
6 65 2057
6 66 657
6 67 544
6 68 2791
6 69 958
7 0 2051
7 1 1662
7 2 539
7 3 14
7 4 2162
7 5 3333
7 6 4008
7 8 1645
7 9 33
7 10 977
7 11 2911
7 12 1936
7 13 659
7 14 3849
7 16 3224
7 17 2773
7 18 575
7 19 831
7 20 2306
7 21 1689
7 22 2696
7 23 2397
7 24 3657
7 25 416
7 26 644
7 27 2551
7 28 1434
7 29 4294
7 30 4306
7 31 1888
7 32 616
7 33 71
7 34 263
7 35 2834
7 36 1243
7 38 3499
7 39 654
7 40 2687
7 41 409
7 42 20
7 43 1016
7 45 1254
7 46 508
7 47 1947
7 48 3798
7 49 3637
7 50 3567
7 51 3365
7 52 3027
7 53 4307
7 54 3759
7 55 2736
7 57 3567
7 58 208
7 59 3266
7 60 2110
7 61 3337
7 62 3247
7 63 1203
7 64 1315
7 66 3697
7 67 4209
7 68 637
7 69 195
8 0 2512
8 1 1998
8 2 2095
8 3 3297
8 4 901
8 5 881
8 6 1394
8 7 4279
8 9 2210
8 10 4084
8 11 3850
8 12 1543
8 13 3160
8 14 1090
8 17 1243
8 19 598
8 20 1421
8 21 748
8 22 2565
8 23 2287
8 25 1339
8 26 271
8 27 4063
8 28 2107
8 29 2196
8 30 2811
8 31 512
8 32 3396
8 33 1685
8 36 4267
8 37 1360
8 39 352
8 40 557
8 41 650
8 42 3783
8 43 1226
8 45 1072
8 46 319
8 47 522
8 48 2243
8 49 2030
8 50 1269
8 53 546
8 54 362
8 55 4291
8 56 1289
8 57 2606
8 58 2187
8 59 195
8 60 1125
8 61 553
8 62 1285
8 63 1398
8 64 4202
8 67 1473
8 68 1986
8 69 2348
9 0 3747
9 1 690
9 2 125
9 3 963
9 4 492
9 5 2271
9 6 866
9 7 2274
9 10 1331
9 11 3705
9 12 4261
9 13 2208
9 16 641
9 17 3052
9 18 0
9 19 4013
9 21 2330
9 22 411
9 23 3534
9 24 2995
9 25 654
9 27 1259
9 28 160
9 29 2011
9 30 1712
9 31 1009
9 33 249
9 35 1785
9 36 964
9 37 868
9 38 2469
9 39 1679
9 40 614
9 41 239
9 42 1062
9 43 2476
9 45 4184
9 46 2822
9 47 2928
9 49 606
9 50 245
9 51 2186
9 52 1047
9 53 11
9 54 1033
9 55 2427
9 56 732
9 57 1661
9 58 1411
9 59 1717
9 60 3057
9 61 2320
9 62 741
9 63 745
9 64 996
9 65 3176
9 66 3454
9 67 376
9 68 2921
9 69 1910
10 0 3277
10 1 55
10 2 312
10 3 214
10 4 3371
10 6 27
10 7 3828
10 8 3816
10 9 779
10 11 3956
10 12 2896
10 13 1466
10 14 427
10 16 251
10 17 3181
10 18 730
10 19 1618
10 20 393
10 21 2600
10 22 442
10 23 2137
10 24 535
10 26 3738
10 27 197
10 28 3146
10 29 1188
10 30 1086
10 31 1950
10 32 1376
10 33 1039
10 34 99
10 35 575
10 36 1644
10 37 1795
10 38 1085
10 39 1416
10 40 1104
10 41 985
10 42 3347
10 43 598
10 46 4057
10 49 13
10 50 2265
10 51 1020
10 52 1108
10 53 337
10 54 1670
10 55 1680
10 56 1939
10 57 2575
10 58 2201
10 59 1268
10 60 234
10 61 1645
10 63 1624
10 64 4018
10 65 1650
10 66 2369
10 67 961
10 68 1604
10 69 2313
11 0 887
11 3 1981
11 4 2106
11 5 436
11 6 2104
11 7 2436
11 8 2417
11 9 1330
11 10 1751
11 12 1308
11 16 305
11 17 83
11 18 1215
11 19 1137
11 20 2507
11 21 3444
11 22 2532
11 23 591
11 24 1295
11 25 3646
11 26 63
11 29 55
11 30 2667
11 31 3788
11 33 3976
11 34 2357
11 35 3889
11 36 1000
11 37 642
11 39 1297
11 40 3366
11 41 1576
11 42 3990
11 43 3412
11 45 406
11 47 2382
11 48 1643
11 49 1494
11 50 3939
11 51 1304
11 52 1446
11 53 4183
11 54 626
11 56 4242
11 58 709
11 59 1993
11 60 1764
11 61 2248
11 62 648
11 63 3848
11 65 1190
11 66 3518
11 67 3469
11 68 2534
11 69 3801
12 0 4322
12 1 3592
12 4 2088
12 5 2672
12 6 4074
12 7 4339
12 9 2651
12 10 3437
12 11 33
12 13 2016
12 14 149
12 16 3842
12 18 1957
12 19 1155
12 20 2553
12 21 674
12 22 3659
12 23 1301
12 24 3855
12 26 2934
12 27 3733
12 28 2919
12 29 1981
12 30 3858
12 31 4328
12 33 3390
12 35 2443
12 36 2308
12 37 547
12 39 307
12 40 2967
12 41 2489
12 42 1830
12 43 3343
12 45 3150
12 46 36
12 47 215
12 48 3762
12 49 3967
12 51 1452
12 52 3142
12 53 984
12 54 1849
12 55 3133
12 57 2148
12 58 355
12 59 1175
12 60 1222
12 61 147
12 62 2447
12 63 1185
12 64 396
12 65 3841
12 66 1869
12 67 1213
12 68 2635
13 0 308
13 1 2300
13 2 3853
13 3 557
13 4 1062
13 5 4315
13 6 3850
13 7 2695
13 8 484
13 9 1104
13 10 590
13 11 3573
13 12 550
13 14 1614
13 16 341
13 17 3266
13 18 3110
13 19 3962
13 20 2504
13 21 1214
13 22 4199
13 23 3654
13 24 1878
13 25 1532
13 26 3128
13 27 2273
13 28 3804
13 29 904
13 30 1175
13 31 2201
13 32 3958
13 34 790
13 35 3680
13 36 1518
13 37 3345
13 38 2064
13 39 4301
13 41 190
13 46 2180
13 48 2658
13 49 4138
13 50 2548
13 51 29
13 52 3191
13 53 4332
13 54 3645
13 55 4235
13 57 303
13 58 1444
13 59 2139
13 60 4195
13 62 3144
13 63 4153
13 65 705
13 66 1353
13 68 4124
13 69 853
14 0 4164
14 1 3134
14 2 3041
14 3 2773
14 4 2249
14 5 2722
14 6 3267
14 7 2682
14 8 3891
14 9 25
14 10 603
14 11 2856
14 12 354
14 16 510
14 17 1277
14 18 3939
14 19 606
14 20 2371
14 21 3975
14 22 1741
14 23 4134
14 24 4006
14 25 3620
14 26 1495
14 27 3926
14 28 3834
14 29 3132
14 30 3642
14 31 4285
14 32 2946
14 33 2760
14 34 2124
14 35 4084
14 36 1544
14 37 3365
14 38 1900
14 39 4166
14 40 3356
14 41 1016
14 42 2360
14 43 537
14 45 3033
14 46 2636
14 47 1130
14 48 3036
14 49 334
14 50 2314
14 52 2945
14 53 2785
14 54 205
14 55 4007
14 58 3090
14 59 3531
14 60 1021
14 61 862
14 62 260
14 63 2862
14 64 2054
14 65 1119
14 66 862
14 68 1103
14 69 1277
16 0 4080
16 1 3955
16 2 3578
16 3 467
16 4 1171
16 5 680
16 6 2575
16 7 3008
16 8 351
16 9 2991
16 11 3294
16 12 245
16 13 2601
16 14 4098
16 17 3491
16 18 1149
16 21 90
16 22 968
16 23 4303
16 24 2240
16 25 2691
16 26 1717
16 27 2123
16 28 3577
16 29 2574
16 30 3738
16 31 596
16 32 3382
16 33 1482
16 34 2114
16 35 466
16 36 4085
16 37 3725
16 38 3712
16 39 686
16 40 685
16 41 3877
16 42 895
16 43 2178
16 45 2845
16 46 2903
16 47 3260
16 48 2623
16 49 1390
16 50 208
16 51 890
16 52 401
16 53 2982
16 54 1987
16 55 3664
16 56 1186
16 57 499
16 58 1766
16 59 3142
16 61 1110
16 62 2847
16 63 2007
16 64 2454
16 65 4324
16 66 1699
16 67 3972
16 68 4055
16 69 2439
17 0 472
17 1 1853
17 2 2680
17 3 3745
17 4 3176
17 5 1539
17 6 1499
17 7 1142
17 8 2451
17 9 3898
17 10 3799
17 11 2408
17 12 667
17 13 2364
17 14 3715
17 16 111
17 18 1184
17 19 1172
17 20 1355
17 21 4098
17 23 114
17 24 2355
17 25 3914
17 26 202
17 27 2471
17 28 2358
17 29 1430
17 30 251
17 31 1977
17 32 474
17 33 2426
17 34 3687
17 35 3008
17 36 1303
17 37 1517
17 38 1697
17 39 3616
17 40 3742
17 41 2420
17 42 3393
17 43 4028
17 45 3409
17 46 754
17 47 2122
17 48 2253
17 49 2970
17 51 2598
17 52 1093
17 53 2497
17 54 1245
17 55 2890
17 56 4345
17 57 3464
17 58 2925
17 59 534
17 60 34
17 61 1081
17 62 1610
17 63 3002
17 64 3072
17 65 276
17 66 2049
17 67 1565
17 68 2292
17 69 4320
18 0 2970
18 1 2440
18 2 2572
18 3 3724
18 4 3080
18 5 2375
18 6 2670
18 7 3169
18 8 2110
18 9 2979
18 10 3347
18 11 1635
18 12 45
18 13 3056
18 14 2897
18 16 1200
18 17 1061
18 19 2308
18 20 748
18 21 3692
18 22 3014
18 23 1527
18 24 814
18 26 2626
18 27 2709
18 28 3896
18 29 770
18 30 3721
18 31 2706
18 32 285
18 33 3737
18 34 885
18 35 2879
18 36 2986
18 37 4121
18 38 3051
18 39 2862
18 40 1091
18 41 1648
18 42 3043
18 43 2405
18 45 1833
18 46 1167
18 48 3753
18 49 3419
18 50 708
18 51 2437
18 52 2933
18 53 893
18 54 2848
18 55 383
18 56 2599
18 57 2670
18 58 203
18 59 3952
18 60 1837
18 61 516
18 62 2003
18 63 2887
18 64 3480
18 65 4032
18 66 1860
18 67 996
18 68 822
18 69 2942
19 0 4064
19 1 3671
19 2 1112
19 3 448
19 4 1873
19 5 1647
19 6 613
19 7 616
19 8 3609
19 9 1855
19 10 3524
19 11 2997
19 12 2697
19 13 1955
19 14 4112
19 16 1837
19 17 1487
19 18 1968
19 20 3213
19 21 1279
19 22 3104
19 23 2856
19 25 1040
19 26 2053
19 27 3318
19 28 2538
19 29 1793
19 30 834
19 31 4330
19 32 2077
19 33 678
19 34 3297
19 35 2539
19 36 3230
19 37 3807
19 38 578
19 39 1565
19 40 3357
19 41 2665
19 42 2474
19 43 1719
19 45 1929
19 46 3008
19 48 3318
19 49 4079
19 51 35
19 52 3726
19 53 53
19 55 2361
19 56 880
19 57 3364
19 58 1203
19 59 2293
19 60 1707
19 61 850
19 62 3251
19 63 3091
19 64 4295
19 65 2441
19 66 3991
19 67 1282
19 68 3061
19 69 44
20 0 3289
20 1 2936
20 2 627
20 3 1271
20 4 992
20 5 1568
20 6 3002
20 7 3088
20 8 1333
20 9 3275
20 10 4090
20 11 2495
20 12 277
20 13 3755
20 14 1831
20 16 1744
20 17 2135
20 18 4271
20 19 2123
20 22 910
20 23 4026
20 24 3803
20 25 96
20 26 1503
20 27 2877
20 28 756
20 29 4184
20 30 104
20 31 3311
20 32 3442
20 33 1579
20 34 2046
20 35 2417
20 36 1842
20 37 529
20 38 1161
20 39 1175
20 40 1535
20 41 356
20 42 1176
20 43 3585
20 45 3842
20 46 1142
20 47 2847
20 48 182
20 49 494
20 50 2665
20 51 3573
20 52 1642
20 54 3508
20 55 741
20 56 2500
20 57 464
20 58 2447
20 59 2868
20 60 1096
20 61 922
20 62 4179
20 63 3770
20 64 4174
20 65 674
20 66 2003
20 67 1000
20 68 3139
21 1 1904
21 2 2944
21 3 2913
21 4 1881
21 5 1107
21 6 3870
21 7 2279
21 8 652
21 9 73
21 10 3161
21 11 3372
21 12 341
21 13 625
21 14 3982
21 16 1273
21 17 2328
21 18 3199
21 19 2172
21 20 3268
21 22 3162
21 23 1159
21 24 2851
21 25 800
21 26 2164
21 27 1106
21 28 364
21 30 2521
21 31 2281
21 32 2887
21 33 2901
21 34 967
21 36 1256
21 37 124
21 38 3457
21 39 4037
21 40 2435
21 41 3750
21 42 1751
21 43 21
21 45 1784
21 46 2074
21 47 3353
21 49 2518
21 50 1697
21 51 2611
21 52 445
21 54 736
21 55 3153
21 56 1529
21 57 3100
21 59 4080
21 60 1750
21 61 3791
21 62 2659
21 63 3202
21 64 4221
21 66 2341
21 67 1645
21 68 523
21 69 3906
22 0 3747
22 1 4276
22 2 2296
22 3 1841
22 5 3462
22 6 258
22 7 1589
22 9 4210
22 10 2189
22 11 2533
22 12 2035
22 14 163
22 16 1767
22 17 2390
22 18 458
22 19 2090
22 21 2516
22 23 1297
22 24 1447
22 25 3595
22 26 2964
22 27 2509
22 28 2794
22 29 4153
22 30 2918
22 32 3485
22 33 4022
22 35 3975
22 36 3269
22 37 2807
22 38 480
22 40 1076
22 41 1099
22 42 1603
22 43 239
22 46 351
22 47 1068
22 48 4068
22 49 1576
22 50 2260
22 51 31
22 52 4180
22 53 29
22 54 3249
22 55 2165
22 56 3218
22 57 2714
22 58 3557
22 59 2259
22 60 26
22 61 4282
22 62 693
22 63 408
22 64 1950
22 65 2961
22 66 1665
22 67 1552
22 68 189
22 69 345
23 0 2712
23 1 2056
23 2 906
23 3 1829
23 4 931
23 5 966
23 6 3250
23 7 2337
23 8 1759
23 9 4041
23 10 2598
23 11 3795
23 12 986
23 13 4068
23 16 502
23 17 3363
23 18 2702
23 19 2113
23 20 2868
23 21 3026
23 25 1544
23 26 2447
23 27 1787
23 28 1212
23 29 477
23 30 4313
23 31 2314
23 32 2046
23 33 2545
23 34 148
23 36 3804
23 37 1597
23 38 3177
23 39 714
23 40 3111
23 41 1440
23 42 1705
23 43 3187
23 45 1213
23 46 3566
23 47 1413
23 48 2652
23 49 4265
23 50 506
23 51 1689
23 52 1870
23 53 2346
23 54 3629
23 55 1932
23 56 608
23 57 921
23 58 728
23 59 357
23 60 720
23 61 1448
23 63 4175
23 64 3551
23 65 2834
23 66 1449
23 67 3390
23 68 581
23 69 2470
24 0 355
24 1 1508
24 3 239
24 4 2907
24 5 2549
24 6 3743
24 7 571
24 8 2194
24 9 3839
24 10 2038
24 12 3170
24 13 1408
24 14 2403
24 16 640
24 17 2161
24 18 2622
24 19 1519
24 20 3140
24 21 4313
24 22 100
24 23 1592
24 25 55
24 26 3215
24 27 592
24 28 2790
24 29 428
24 30 1980
24 31 3614
24 32 3934
24 33 2882
24 34 2684
24 35 230
24 36 1320
24 37 1002
24 38 2972
24 39 3615
24 40 3189
24 41 362
24 42 507
24 43 3294
24 45 125
24 46 1749
24 47 2653
24 48 2480
24 49 538
24 50 67
24 51 1682
24 52 1965
24 53 1705
24 54 2322
24 55 2638
24 56 2201
24 57 3478
24 58 4248
24 59 2664
24 60 1920
24 61 3244
24 62 1064
24 63 638
24 64 1269
24 65 398
24 66 2088
24 67 1280
24 68 2516
24 69 156
25 0 2313
25 1 3688
25 2 501
25 3 3420
25 4 2808
25 5 937
25 6 1975
25 7 1327
25 9 2924
25 10 3587
25 11 407
25 12 3090
25 13 3854
25 14 932
25 16 336
25 17 3167
25 18 2062
25 19 2007
25 21 286
25 22 228
25 23 447
25 24 1944
25 26 191
25 27 1101
25 28 3141
25 29 2910
25 31 2337
25 32 604
25 33 2343
25 34 3763
25 35 3276
25 36 630
25 37 903
25 39 2217
25 40 1622
25 41 3319
25 42 3235
25 43 1246
25 45 253
25 46 4088
25 47 4243
25 48 3708
25 49 1301
25 50 3814
25 51 3220
25 52 4016
25 55 1673
25 56 4303
25 57 1751
25 58 2914
25 59 2812
25 60 3659
25 62 751
25 63 982
25 64 856
25 65 4133
25 66 1501
25 67 4032
25 68 3702
25 69 1333
26 1 3509
26 2 3211
26 3 3218
26 4 4038
26 5 3961
26 6 3685
26 7 241
26 8 1799
26 9 2587
26 10 2482
26 12 4103
26 13 3406
26 14 1267
26 16 2386
26 17 905
26 18 2738
26 19 2100
26 20 3542
26 21 3676
26 22 60
26 23 3538
26 24 810
26 25 3143
26 27 3579
26 28 325
26 29 365
26 30 1175
26 31 4319
26 32 774
26 33 3920
26 34 132
26 35 3443
26 37 880
26 38 2073
26 39 1955
26 40 3414
26 41 480
26 42 3891
26 43 1039
26 45 3974
26 46 2419
26 47 682
26 48 3615
26 49 633
26 51 619
26 52 3010
26 53 1238
26 54 1572
26 55 1387
26 56 3648
26 57 2442
26 58 4229
26 60 547
26 61 3544
26 62 3592
26 63 2105
26 64 686
26 66 2168
26 67 641
26 69 2414
27 0 902
27 1 2813
27 2 4069
27 4 2357
27 5 4332
27 6 3007
27 7 4031
27 8 1786
27 9 457
27 10 3473
27 11 333
27 12 1614
27 14 4017
27 16 2790
27 17 1216
27 18 1554
27 19 2032
27 20 441
27 21 2271
27 22 2880
27 23 150
27 24 261
27 28 3683
27 29 121
27 30 1467
27 32 2766
27 33 359
27 34 1008
27 35 3697
27 36 502
27 37 935
27 38 687
27 39 2540
27 40 2156
27 41 4122
27 42 3732
27 43 3729
27 46 518
27 47 272
27 48 499
27 50 1783
27 51 3516
27 52 3461
27 53 4312
27 54 1475
27 55 529
27 56 1782
27 57 2835
27 58 2350
27 59 2944
27 60 3910
27 62 1502
27 63 612
27 64 353
27 65 4065
27 66 1205
27 67 4135
27 68 3233
27 69 1076
28 0 4261
28 1 3571
28 2 2753
28 3 1001
28 4 1932
28 5 3071
28 6 1238
28 7 1776
28 8 1331
28 9 1145
28 10 273
28 11 113
28 12 1463
28 13 3972
28 14 3796
28 16 1445
28 17 3501
28 18 2338
28 19 3333
28 20 455
28 21 919
28 22 1027
28 24 3221
28 25 3920
28 26 2230
28 27 384
28 29 1771
28 30 1637
28 31 1885
28 32 4230
28 33 188
28 34 3663
28 35 2112
28 37 2464
28 38 1493
28 39 2271
28 40 3017
28 41 1006
28 42 297
28 43 3105
28 45 681
28 46 2084
28 47 3962
28 48 1151
28 49 1240
28 50 308
28 51 1203
28 52 2032
28 53 3299
28 54 3295
28 55 2441
28 56 402
28 58 219
28 59 1033
28 60 1502
28 61 3936
28 62 212
28 63 3380
28 64 2135
28 65 380
28 67 3863
28 68 100
28 69 193
29 1 268
29 2 635
29 3 989
29 4 2525
29 5 4087
29 6 1827
29 7 4195
29 8 1740
29 9 3535
29 10 2604
29 11 1897
29 12 112
29 13 276
29 14 3646
29 16 1748
29 17 495
29 18 4070
29 19 3387
29 20 714
29 21 2144
29 22 3365
29 24 2722
29 25 2061
29 27 1517
29 30 2100
29 31 2974
29 32 156
29 33 2733
29 34 2456
29 35 2575
29 36 4266
29 37 1688
29 39 2135
29 40 2134
29 43 70
29 45 423
29 47 3428
29 48 2176
29 49 2315
29 51 1410
29 53 1593
29 54 154
29 55 2725
29 56 375
29 58 2609
29 59 2161
29 60 2011
29 61 3302
29 62 1915
29 63 1356
29 64 953
29 65 344
29 66 3775
29 67 2847
29 68 1911
29 69 708
30 0 3589
30 1 1635
30 2 1359
30 3 965
30 4 1307
30 5 2633
30 6 1562
30 7 3444
30 8 735
30 9 137
30 10 3984
30 11 269
30 12 3754
30 13 3242
30 16 2951
30 17 686
30 18 399
30 19 3349
30 20 226
30 21 2150
30 22 2299
30 23 3911
30 24 1038
30 25 612
30 26 22
30 28 4285
30 29 3085
30 31 148
30 32 2959
30 33 633
30 34 2659
30 35 4247
30 36 3423
30 37 220
30 38 4125
30 39 574
30 40 247
30 41 4115
30 42 3735
30 43 3414
30 45 4125
30 46 98
30 47 2106
30 48 2136
30 49 656
30 50 3514
30 52 3010
30 53 1128
30 54 4030
30 55 2937
30 56 2919
30 58 837
30 59 1054
30 60 3790
30 61 2137
30 62 373
30 63 808
30 64 2151
30 65 511
30 66 969
30 67 2104
30 68 2364
30 69 3679
31 0 2031
31 1 2020
31 2 278
31 3 2417
31 4 1852
31 5 2689
31 6 2618
31 7 1943
31 9 224
31 10 3313
31 11 3523
31 12 4190
31 13 76
31 14 744
31 16 551
31 17 3454
31 18 475
31 19 132
31 20 2149
31 21 2166
31 22 2832
31 23 1548
31 24 2868
31 25 1717
31 26 840
31 27 3627
31 28 254
31 29 4167
31 30 1631
31 33 2928
31 34 387
31 35 1063
31 36 4321
31 37 2571
31 38 3671
31 40 1889
31 41 2029
31 42 921
31 43 2863
31 45 2729
31 46 2339
31 47 538
31 48 181
31 49 2259
31 50 414
31 51 615
31 52 2237
31 54 2031
31 55 2121
31 56 4344
31 57 3641
31 58 589
31 59 1715
31 60 834
31 61 28
31 62 187
31 63 1887
31 64 540
31 65 74
31 66 1677
31 67 4060
31 68 1247
31 69 2986
32 0 3335
32 1 755
32 2 2210
32 3 2019
32 4 2681
32 5 2948
32 6 2065
32 7 546
32 8 322
32 9 36
32 10 1770
32 11 1109
32 12 1412
32 14 1126
32 16 4336
32 17 3808
32 18 555
32 19 1129
32 20 1714
32 21 1044
32 22 690
32 23 3629
32 24 4025
32 25 3032
32 26 3779
32 27 1457
32 28 1190
32 29 2237
32 30 1930
32 31 1269
32 33 360
32 34 3154
32 35 4200
32 36 3019
32 37 1329
32 39 2238
32 40 825
32 41 309
32 42 1775
32 43 2454
32 45 4287
32 46 3803
32 47 3460
32 50 456
32 51 396
32 52 4018
32 53 3418
32 54 742
32 55 3555
32 56 107
32 57 53
32 59 824
32 61 2527
32 63 3458
32 64 2401
32 65 3099
32 66 233
32 67 2750
32 68 2102
32 69 3232
33 0 1437
33 1 3868
33 2 1110
33 3 566
33 4 1580
33 5 132
33 6 219
33 7 1380
33 8 1061
33 9 4149
33 10 378
33 12 1400
33 16 976
33 17 1613
33 18 1824
33 20 3213
33 21 3624
33 22 494
33 24 1226
33 25 2663
33 26 3497
33 27 3160
33 28 1445
33 29 1975
33 30 4034
33 31 4314
33 32 1329
33 34 1220
33 36 3343
33 37 358
33 38 1314
33 39 1297
33 40 814
33 41 2083
33 45 2299
33 46 3043
33 47 2814
33 48 1082
33 49 3443
33 50 1232
33 51 2240
33 52 3278
33 53 1356
33 54 2053
33 55 573
33 56 1129
33 58 78
33 60 3459
33 61 1936
33 62 912
33 63 987
33 64 2269
33 65 1
33 66 1294
33 67 1667
33 68 3234
33 69 2411
34 0 2013
34 1 2783
34 2 988
34 3 1900
34 4 3933
34 5 683
34 6 541
34 7 3875
34 8 3620
34 9 528
34 10 1404
34 11 2601
34 12 1851
34 13 1593
34 14 3879
34 16 4314
34 17 1540
34 18 1272
34 19 3994
34 20 1836
34 21 1661
34 22 4120
34 23 1110
34 24 3519
34 25 3558
34 26 1968
34 27 3439
34 28 1085
34 29 1838
34 30 1676
34 31 121
34 32 2310
34 33 2342
34 35 253
34 37 1233
34 38 2053
34 39 563
34 40 413
34 41 3190
34 42 4121
34 45 3250
34 46 2432
34 47 638
34 48 2377
34 49 4034
34 50 1581
34 51 3119
34 52 2954
34 53 3918
34 55 3643
34 56 958
34 57 1032
34 58 2728
34 59 4312
34 60 1001
34 61 1555
34 62 2184
34 63 3541
34 64 1829
34 65 880
34 67 2474
34 68 3698
34 69 77
35 0 2003
35 1 1144
35 2 3091
35 3 3054
35 4 2819
35 5 2339
35 6 12
35 7 598
35 8 3863
35 9 1093
35 10 4343
35 12 3078
35 13 2964
35 14 4061
35 16 680
35 17 83
35 18 3170
35 19 3609
35 20 3966
35 21 118
35 22 220
35 23 2338
35 24 1471
35 25 2321
35 26 924
35 28 3833
35 29 4189
35 30 375
35 32 924
35 33 316
35 34 2966
35 37 701
35 38 1388
35 39 1269
35 40 1407
35 41 564
35 42 1016
35 45 2188
35 46 1760
35 47 977
35 49 2950
35 50 1560
35 51 2355
35 52 3938
35 54 366
35 56 1775
35 57 3830
35 59 263
35 60 1097
35 61 4333
35 62 1758
35 63 1603
35 64 899
35 65 3491
35 66 3627
35 67 2107
35 68 2810
35 69 217
36 0 1837
36 1 4117
36 2 2535
36 3 18
36 4 462
36 5 3906
36 6 1933
36 7 3694
36 8 684
36 9 1837
36 10 2570
36 11 3875
36 12 2421
36 13 3482
36 14 3263
36 16 1170
36 17 596
36 18 2254
36 19 1584
36 20 121
36 21 870
36 22 4159
36 23 1654
36 24 2625
36 26 972
36 27 2506
36 28 2497
36 29 286
36 30 1393
36 31 3636
36 32 4263
36 33 1042
36 34 1896
36 37 1288
36 38 1215
36 39 2894
36 40 3281
36 41 2395
36 42 1669
36 43 3898
36 46 2174
36 47 4102
36 48 927
36 49 161
36 50 2545
36 51 963
36 52 3848
36 53 1025
36 54 2787
36 55 2618
36 56 514
36 57 4040
36 58 583
36 59 4233
36 60 87
36 61 508
36 62 3715
36 63 511
36 64 3397
36 66 2315
36 67 99
36 68 465
36 69 2481
37 0 3785
37 1 3260
37 2 1612
37 3 3809
37 4 941
37 5 2626
37 6 654
37 7 1428
37 8 3687
37 9 1716
37 10 3902
37 11 888
37 13 1940
37 14 145
37 16 2340
37 17 308
37 18 2521
37 19 552
37 20 1215
37 21 1320
37 22 3930
37 24 3085
37 25 2293
37 26 255
37 27 1665
37 30 392
37 31 791
37 32 3351
37 34 1496
37 35 125
37 36 3147
37 38 2278
37 39 1498
37 40 711
37 41 95
37 43 876
37 45 1395
37 46 3405
37 47 3294
37 49 330
37 50 3630
37 51 2037
37 52 1042
37 53 13
37 54 3753
37 55 3241
37 56 3096
37 57 102
37 58 2183
37 59 3647
37 60 3164
37 61 2069
37 62 3634
37 63 3604
37 64 2531
37 65 940
37 66 369
37 67 1662
37 68 456
37 69 2011
38 0 1587
38 1 1456
38 2 2295
38 3 1713
38 5 870
38 6 58
38 7 3306
38 8 534
38 9 3112
38 10 2179
38 11 3371
38 12 1878
38 13 733
38 14 4278
38 17 4338
38 18 2399
38 19 1875
38 20 3624
38 21 871
38 22 294
38 24 3124
38 25 514
38 26 2073
38 27 273
38 28 694
38 29 2292
38 30 218
38 31 1438
38 32 195
38 33 2581
38 34 975
38 35 4001
38 36 2904
38 37 649
38 39 3128
38 40 1384
38 41 2990
38 42 2287
38 43 3279
38 45 1511
38 46 2083
38 48 4170
38 49 1911
38 50 4186
38 51 1228
38 52 500
38 53 1576
38 54 265
38 56 1987
38 57 945
38 59 2257
38 60 658
38 61 2020
38 62 2945
38 63 4162
38 64 413
38 65 658
38 66 3559
38 68 1180
38 69 3805
39 0 2350
39 1 2245
39 2 188
39 3 1449
39 4 2382
39 5 1354
39 6 3551
39 7 1894
39 8 2885
39 9 3547
39 11 3108
39 12 514
39 13 2719
39 14 4002
39 16 4315
39 17 98
39 18 2026
39 19 3368
39 20 4332
39 21 784
39 22 1698
39 23 1637
39 24 993
39 25 114
39 27 1948
39 28 514
39 30 244
39 31 2337
39 32 64
39 33 3316
39 34 1024
39 35 3548
39 36 2488
39 37 2899
39 38 3017
39 40 1814
39 41 2427
39 42 3756
39 43 3206
39 45 2312
39 46 250
39 47 218
39 48 2464
39 49 733
39 50 1509
39 52 2564
39 53 2184
39 54 2557
39 55 3748
39 56 3427
39 57 1971
39 59 2201
39 60 4135
39 61 2566
39 63 715
39 64 1408
39 65 4345
39 66 2057
39 67 1242
39 68 2139
40 0 534
40 1 4100
40 2 2785
40 3 2236
40 4 1522
40 5 1787
40 6 2960
40 7 4093
40 8 1134
40 9 3162
40 11 3914
40 12 3073
40 13 1473
40 14 2601
40 16 671
40 17 1034
40 18 3507
40 20 3550
40 21 422
40 25 4328
40 27 4072
40 29 1514
40 30 4157
40 31 1658
40 32 2403
40 33 864
40 35 1004
40 36 3562
40 37 1449
40 38 389
40 39 3237
40 41 1173
40 42 2301
40 45 2149
40 46 2220
40 47 472
40 48 801
40 49 2238
40 50 222
40 51 4165
40 52 253
40 53 3249
40 54 1924
40 55 1839
40 56 1309
40 57 2215
40 58 266
40 59 2632
40 60 213
40 61 2279
40 62 1249
40 63 2553
40 64 1301
40 65 1419
40 67 177
40 68 1452
40 69 934
41 0 3392
41 2 1897
41 4 1399
41 5 637
41 6 1755
41 7 3796
41 8 4144
41 10 3540
41 12 1846
41 13 4135
41 14 914
41 16 522
41 17 360
41 18 4043
41 20 3302
41 22 1891
41 23 397
41 24 760
41 25 842
41 26 1672
41 27 2659
41 28 2753
41 29 2048
41 30 1430
41 31 1989
41 33 3072
41 34 1675
41 35 2223
41 36 1251
41 37 3390
41 38 855
41 39 267
41 40 3929
41 42 2464
41 43 3093
41 45 983
41 46 2877
41 47 3866
41 48 653
41 49 695
41 50 914
41 51 1176
41 52 4002
41 54 2953
41 55 613
41 56 4140
41 57 4251
41 58 407
41 59 3100
41 60 3237
41 62 89
41 64 3757
41 66 4221
41 67 1060
41 68 2910
42 0 3530
42 1 3733
42 2 2601
42 3 1273
42 4 2954
42 5 4143
42 6 778
42 7 3869
42 8 1882
42 9 3926
42 10 3907
42 11 634
42 12 1035
42 13 1163
42 14 2696
42 16 919
42 18 168
42 19 230
42 20 134
42 21 2797
42 22 1505
42 23 715
42 24 252
42 25 2034
42 26 2176
42 27 1196
42 28 297
42 29 4010
42 30 2561
42 31 1394
42 32 331
42 33 297
42 34 175
42 37 238
42 38 3048
42 39 1203
42 40 1960
42 41 10
42 43 2312
42 46 2601
42 47 3702
42 48 56
42 50 3018
42 51 1925
42 52 2467
42 54 4098
42 55 2038
42 56 3816
42 57 3480
42 58 3529
42 59 596
42 60 2999
42 61 1366
42 62 3768
42 63 3091
42 64 3408
42 65 1519
42 66 1019
42 67 4086
42 68 3229
42 69 1176
43 0 3960
43 1 3898
43 2 322
43 3 606
43 5 1704
43 6 1100
43 7 1726
43 8 376
43 9 327
43 10 1194
43 11 2707
43 12 482
43 13 2486
43 14 1556
43 16 4277
43 17 1221
43 18 2565
43 20 2190
43 21 2968
43 22 1972
43 23 335
43 24 1924
43 25 3008
43 26 2058
43 27 1224
43 28 2857
43 29 627
43 30 2340
43 31 3958
43 32 2807
43 33 2772
43 34 3816
43 36 4311
43 37 1965
43 39 3636
43 40 2187
43 42 1015
43 47 3110
43 48 1590
43 49 359
43 50 1835
43 51 4236
43 52 959
43 53 268
43 55 4052
43 56 275
43 57 298
43 59 2987
43 60 842
43 61 345
43 62 3977
43 64 3217
43 65 2894
43 66 977
43 67 1203
43 68 4066
43 69 1991
45 0 822
45 1 2673
45 2 1111
45 3 1050
45 4 2831
45 5 3213
45 6 1719
45 7 2615
45 8 2739
45 9 434
45 10 3311
45 11 1348
45 12 2699
45 13 763
45 14 2009
45 17 515
45 21 1977
45 22 381
45 23 2132
45 24 3833
45 25 4001
45 26 2308
45 27 112
45 28 2881
45 29 2944
45 30 550
45 31 1178
45 32 3710
45 33 1816
45 34 4053
45 35 4066
45 36 2351
45 37 143
45 38 1473
45 39 912
45 40 775
45 41 2867
45 42 2503
45 43 3480
45 47 3352
45 48 3737
45 49 3806
45 51 2402
45 52 3223
45 53 3529
45 54 3514
45 55 759
45 56 1434
45 57 3154
45 58 3884
45 59 3804
45 60 1944
45 61 1987
45 62 50
45 63 2201
45 64 1478
45 65 2010
45 66 2063
45 67 4338
45 68 753
45 69 2532
46 0 2710
46 1 824
46 2 2697
46 4 1527
46 5 3336
46 6 4091
46 7 3446
46 9 1248
46 10 4181
46 11 516
46 12 3161
46 13 773
46 14 2616
46 16 724
46 17 2781
46 18 358
46 19 1631
46 20 59
46 21 3064
46 22 4017
46 23 3984
46 24 1508
46 26 1746
46 27 863
46 28 4105
46 29 432
46 30 1278
46 31 707
46 32 2658
46 33 1665
46 34 2878
46 35 1711
46 36 1358
46 37 1034
46 38 2470
46 39 2278
46 40 1069
46 41 2018
46 42 1771
46 43 3985
46 45 3720
46 47 1998
46 48 514
46 49 4244
46 50 1954
46 51 3343
46 52 2842
46 53 2468
46 54 2686
46 55 4046
46 56 1852
46 57 2441
46 58 289
46 60 295
46 61 3470
46 64 839
46 66 859
46 67 1970
46 68 2590
46 69 2471
47 0 1526
47 1 1776
47 2 2294
47 3 3558
47 4 1997
47 5 1868
47 6 2507
47 7 813
47 8 2304
47 9 67
47 10 3453
47 12 4133
47 13 1392
47 14 2722
47 16 1580
47 17 3426
47 18 3312
47 19 2128
47 20 1441
47 22 2863
47 23 2072
47 24 3139
47 25 3867
47 26 3626
47 27 2470
47 28 1610
47 29 450
47 30 1430
47 31 3367
47 32 2650
47 33 1488
47 35 4096
47 36 3772
47 37 2601
47 38 2818
47 39 1689
47 40 780
47 41 3379
47 42 4260
47 43 2479
47 45 3654
47 46 1718
47 49 262
47 50 2702
47 51 1541
47 52 572
47 53 985
47 54 1858
47 56 489
47 57 4227
47 58 2348
47 59 3737
47 60 837
47 61 2680
47 63 753
47 64 4155
47 65 4141
47 66 3868
47 67 32
47 69 606
48 0 2636
48 1 1068
48 2 2203
48 4 4295
48 5 3686
48 6 2933
48 7 2776
48 8 2518
48 9 4055
48 11 2076
48 12 4063
48 13 973
48 14 763
48 16 3132
48 17 3187
48 18 3344
48 19 2346
48 20 632
48 21 1826
48 22 2749
48 23 3001
48 24 2115
48 25 1133
48 26 2832
48 27 2632
48 28 723
48 29 2023
48 30 3714
48 31 3999
48 32 3464
48 33 1070
48 34 2202
48 35 3118
48 36 2984
48 37 1614
48 38 2887
48 39 1959
48 40 530
48 41 3852
48 42 1456
48 43 1833
48 46 4303
48 47 4247
48 49 4084
48 50 2320
48 51 4345
48 52 791
48 54 1943
48 55 287
48 56 2362
48 57 3478
48 58 647
48 59 1894
48 60 1024
48 61 2159
48 62 1443
48 63 1982
48 64 3557
48 65 47
48 66 1759
48 67 3510
48 68 1202
48 69 550
49 0 3969
49 1 3402
49 2 896
49 3 4257
49 4 1896
49 5 173
49 6 880
49 7 1817
49 8 1258
49 9 2823
49 10 1669
49 11 445
49 12 3706
49 14 1810
49 16 3535
49 17 4175
49 18 3186
49 19 535
49 20 1790
49 21 919
49 22 4150
49 23 2409
49 25 1216
49 26 904
49 27 2512
49 28 3679
49 29 920
49 30 4214
49 31 3672
49 32 58
49 33 2321
49 34 147
49 35 1436
49 36 4122
49 37 523
49 38 2509
49 39 1308
49 40 3603
49 41 802
49 43 774
49 45 638
49 46 2136
49 47 576
49 48 3372
49 50 3807
49 53 2121
49 54 3778
49 55 3508
49 56 1178
49 57 75
49 58 2242
49 59 1409
49 60 3080
49 61 4051
49 62 1369
49 63 4028
49 64 715
49 65 1788
49 66 2104
49 67 1492
49 68 2696
49 69 3126
50 0 1849
50 1 878
50 2 2398
50 3 4052
50 4 4046
50 5 2004
50 6 3250
50 7 3982
50 8 1429
50 9 4071
50 10 3996
50 11 3573
50 12 2571
50 13 2946
50 14 1909
50 17 2110
50 18 1298
50 19 1822
50 20 2023
50 22 4096
50 23 223
50 24 3089
50 25 3205
50 26 2829
50 27 2349
50 29 1288
50 31 4103
50 34 3935
50 35 2554
50 36 2277
50 37 2076
50 38 1486
50 39 2786
50 40 1543
50 41 499
50 42 2083
50 43 2395
50 45 3251
50 46 913
50 47 1941
50 48 3748
50 49 1207
50 51 1538
50 52 3847
50 53 3992
50 54 52
50 55 1393
50 56 1031
50 57 3376
50 58 495
50 59 299
50 61 2759
50 62 4214
50 64 3694
50 65 964
50 66 1805
50 67 4085
50 68 2303
50 69 1676
51 0 3856
51 1 3798
51 2 2880
51 3 541
51 4 862
51 5 1907
51 6 609
51 7 226
51 8 2170
51 9 1594
51 10 823
51 11 1869
51 12 3069
51 13 2359
51 14 1709
51 16 4186
51 17 1438
51 18 1253
51 19 1684
51 20 2991
51 21 2821
51 22 3017
51 23 3442
51 24 850
51 25 1160
51 26 4270
51 27 185
51 28 1189
51 29 393
51 30 3951
51 31 3412
51 32 509
51 33 255
51 34 339
51 35 2796
51 36 4044
51 38 1604
51 39 2440
51 41 1820
51 42 2735
51 43 495
51 45 3074
51 46 2494
51 47 4282
51 48 187
51 49 925
51 50 1118
51 52 4199
51 53 3636
51 54 2813
51 55 4124
51 57 657
51 59 3272
51 61 3296
51 62 2871
51 63 3600
51 64 1182
51 65 2426
51 67 3253
51 68 3159
52 1 379
52 2 3281
52 4 1003
52 5 3639
52 6 3331
52 7 44
52 8 72
52 9 2356
52 10 775
52 11 3736
52 12 782
52 13 3488
52 14 2562
52 16 741
52 17 1746
52 18 1510
52 19 510
52 20 3486
52 22 1936
52 24 2962
52 26 2290
52 27 2583
52 28 2020
52 29 1726
52 30 3427
52 31 1047
52 32 2352
52 34 2564
52 35 702
52 36 319
52 37 610
52 39 1339
52 40 2873
52 41 2157
52 43 3963
52 45 1184
52 46 2600
52 47 3270
52 48 1782
52 49 3833
52 50 163
52 51 315
52 53 2034
52 54 3620
52 55 606
52 56 2393
52 57 2616
52 59 1538
52 60 619
52 62 2456
52 63 94
52 64 1765
52 65 1071
52 66 2277
52 67 2278
52 68 1523
52 69 3492
53 0 4127
53 1 1783
53 2 3435
53 4 2806
53 5 2201
53 6 1406
53 7 3887
53 8 4284
53 10 1716
53 11 2334
53 12 3250
53 13 4062
53 14 2555
53 17 889
53 18 2928
53 19 1293
53 20 376
53 21 3140
53 22 2746
53 23 421
53 24 1000
53 25 71
53 26 3962
53 27 667
53 28 771
53 29 2584
53 30 4214
53 32 3364
53 33 2526
53 34 4236
53 35 4310
53 36 3902
53 37 3910
53 38 4014
53 40 883
53 41 830
53 42 2232
53 43 4294
53 45 4197
53 46 562
53 47 3633
53 48 161
53 51 550
53 55 431
53 56 1107
53 57 2264
53 58 4214
53 59 1703
53 60 2979
53 61 3226
53 62 822
53 63 2232
53 64 1927
53 65 1856
53 66 1882
53 67 1819
53 68 2693
53 69 2972
54 0 3157
54 1 609
54 3 443
54 4 3325
54 5 539
54 6 2364
54 7 2134
54 8 2066
54 10 2744
54 11 2604
54 12 413
54 13 3406
54 14 3652
54 16 4135
54 17 2614
54 18 4107
54 19 3984
54 20 2815
54 22 3567
54 23 1126
54 25 3828
54 26 1769
54 27 2717
54 28 27
54 29 2722
54 30 1447
54 31 2918
54 32 3254
54 33 1556
54 34 3874
54 35 1209
54 36 77
54 37 950
54 38 3930
54 39 3604
54 40 1944
54 41 1935
54 42 976
54 43 2772
54 45 3742
54 46 4097
54 47 2299
54 48 3952
54 49 3171
54 50 1671
54 51 1034
54 52 2264
54 53 742
54 55 1584
54 57 1867
54 59 1388
54 60 1282
54 61 1044
54 62 3449
54 63 1618
54 66 1262
54 67 967
54 68 1948
54 69 2237
55 0 2665
55 1 3861
55 2 1692
55 3 2923
55 4 166
55 6 312
55 7 1159
55 9 3535
55 11 4130
55 12 3236
55 13 2772
55 16 956
55 17 330
55 18 1583
55 19 2876
55 20 494
55 21 2979
55 24 719
55 25 2921
55 26 4018
55 27 1461
55 28 3923
55 29 4184
55 30 2162
55 31 1416
55 32 3539
55 33 1743
55 35 435
55 36 1010
55 37 2695
55 38 129
55 39 2176
55 40 2010
55 41 1670
55 42 3756
55 43 1453
55 45 716
55 46 2025
55 47 549
55 48 3685
55 49 3513
55 50 3760
55 51 835
55 53 2491
55 54 2174
55 56 3734
55 57 870
55 58 3200
55 59 3307
55 60 3024
55 62 1360
55 63 907
55 64 867
55 65 3280
55 66 4056
55 67 1385
55 68 3805
55 69 3118
56 0 1710
56 1 982
56 2 4168
56 3 2432
56 4 1479
56 7 2817
56 8 2939
56 10 4171
56 11 3838
56 12 2723
56 13 665
56 14 1006
56 16 3764
56 17 644
56 18 2451
56 19 2945
56 20 805
56 21 735
56 22 1547
56 23 2844
56 24 1163
56 25 3971
56 26 1123
56 28 1374
56 29 3725
56 30 4078
56 31 248
56 33 2387
56 34 3699
56 35 4126
56 36 3909
56 37 2365
56 38 35
56 39 2980
56 40 4105
56 41 948
56 42 4172
56 43 2495
56 45 1304
56 47 1662
56 48 136
56 49 2581
56 50 1667
56 51 6
56 52 190
56 53 2883
56 54 1109
56 55 2962
56 57 684
56 58 2023
56 59 763
56 60 459
56 61 3227
56 62 251
56 63 2463
56 64 1658
56 66 1599
56 67 2692
56 68 4023
56 69 887
57 1 479
57 3 231
57 4 566
57 5 1925
57 6 3545
57 7 969
57 8 760
57 9 3483
57 11 2578
57 12 3498
57 13 617
57 14 2996
57 16 1409
57 17 2056
57 18 1585
57 19 3809
57 21 973
57 22 1615
57 23 384
57 24 3420
57 25 1171
57 26 3325
57 27 801
57 28 1613
57 29 1342
57 30 84
57 31 3142
57 32 3714
57 33 3319
57 34 2321
57 35 2143
57 36 1820
57 37 2021
57 38 3393
57 39 411
57 40 4060
57 41 2105
57 42 1878
57 43 3227
57 45 2793
57 46 3064
57 47 2484
57 48 3666
57 49 2770
57 50 1183
57 51 40
57 52 448
57 53 1103
57 54 2356
57 55 4280
57 56 26
57 58 2735
57 59 1646
57 60 882
57 61 3674
57 64 1167
57 65 3249
57 67 3463
57 68 1203
57 69 2963
58 0 485
58 1 1449
58 2 527
58 3 3178
58 4 1324
58 5 1212
58 6 3369
58 7 2601
58 8 5
58 9 1174
58 10 2031
58 11 2397
58 12 97
58 13 3470
58 14 453
58 16 1582
58 17 2395
58 18 58
58 19 1926
58 21 657
58 22 704
58 23 595
58 24 4079
58 25 491
58 26 3813
58 27 1588
58 28 317
58 29 4285
58 30 719
58 31 698
58 33 2495
58 34 2761
58 35 952
58 36 2979
58 37 4004
58 38 4030
58 39 4317
58 40 1418
58 41 1514
58 42 1270
58 43 822
58 45 1593
58 46 1530
58 47 3942
58 49 123
58 50 368
58 51 2596
58 52 998
58 53 1871
58 54 505
58 55 1657
58 56 4056
58 57 1
58 59 4032
58 60 3379
58 61 3806
58 62 1591
58 63 1763
58 64 1158
58 65 4117
58 66 657
58 67 1105
58 68 287
58 69 1299
59 0 1237
59 1 3379
59 2 109
59 3 4058
59 5 1423
59 6 845
59 7 2253
59 9 2163
59 10 1916
59 11 2549
59 12 1861
59 13 480
59 14 2052
59 16 1909
59 18 1190
59 19 3135
59 20 3794
59 21 4069
59 22 1217
59 23 2383
59 24 1563
59 25 634
59 26 75
59 27 45
59 28 1782
59 29 2307
59 30 2497
59 31 970
59 32 1972
59 33 1296
59 34 258
59 35 2474
59 36 2331
59 37 4184
59 38 800
59 39 675
59 40 3151
59 41 525
59 42 27
59 43 3218
59 46 2737
59 47 832
59 48 196
59 49 135
59 51 1391
59 52 106
59 54 3626
59 55 983
59 56 3445
59 57 2297
59 58 4200
59 60 384
59 61 1671
59 62 4311
59 63 1106
59 64 3581
59 65 3879
59 66 1058
59 67 925
59 68 3689
59 69 141
60 0 1450
60 2 3567
60 3 2769
60 5 2712
60 6 2355
60 7 2265
60 8 1534
60 9 1776
60 10 801
60 11 975
60 12 3859
60 13 114
60 14 3264
60 16 1049
60 17 3397
60 18 4001
60 19 1802
60 20 1319
60 21 1497
60 22 1525
60 23 3620
60 24 2922
60 25 698
60 26 985
60 27 3528
60 28 3896
60 29 3952
60 30 2373
60 32 1589
60 33 1522
60 34 580
60 35 1920
60 36 612
60 37 3753
60 39 3774
60 40 1168
60 41 4043
60 42 339
60 43 51
60 45 2925
60 46 3149
60 47 3987
60 48 818
60 49 4060
60 51 817
60 52 441
60 53 264
60 54 4295
60 55 3038
60 56 508
60 57 1041
60 58 1693
60 59 1992
60 64 1753
60 65 1511
60 66 2280
60 67 2382
60 68 3478
60 69 3287
61 0 1249
61 2 4320
61 3 2999
61 4 1431
61 5 1162
61 6 3112
61 7 4179
61 8 982
61 9 3658
61 10 1729
61 11 3611
61 12 1309
61 13 1641
61 14 534
61 16 2518
61 17 110
61 18 970
61 19 3086
61 20 814
61 21 3793
61 22 491
61 23 1653
61 24 957
61 25 2529
61 26 392
61 27 3717
61 29 2673
61 30 1274
61 32 1835
61 33 3674
61 35 689
61 36 1395
61 37 4308
61 38 4090
61 39 3493
61 40 3689
61 41 475
61 42 421
61 43 2014
61 45 799
61 46 4166
61 47 2696
61 48 1852
61 49 2124
61 50 1375
61 51 294
61 53 3949
61 55 3301
61 56 1358
61 57 3986
61 58 3641
61 59 588
61 60 3246
61 62 324
61 63 2280
61 64 454
61 65 4241
61 66 2494
61 67 225
62 0 415
62 1 2492
62 2 632
62 3 679
62 4 1962
62 5 1622
62 6 235
62 7 2201
62 8 982
62 9 545
62 10 1227
62 11 1525
62 12 60
62 13 3026
62 14 1209
62 16 2841
62 17 3010
62 18 1380
62 19 2447
62 20 4242
62 21 425
62 22 271
62 23 2955
62 25 1163
62 26 4287
62 27 618
62 28 2823
62 29 192
62 30 1240
62 31 2892
62 32 1588
62 33 2893
62 34 835
62 35 1875
62 36 3273
62 37 1833
62 38 2397
62 39 2995
62 40 1142
62 41 2489
62 42 3487
62 43 3460
62 45 4271
62 46 4154
62 47 4230
62 48 523
62 49 1252
62 50 1568
62 52 4152
62 53 2808
62 54 2821
62 55 892
62 56 633
62 57 589
62 59 516
62 61 2022
62 63 2347
62 64 535
62 65 2764
62 66 2755
62 67 3846
62 68 1736
62 69 4312
63 0 3475
63 1 3727
63 2 3136
63 3 927
63 4 3968
63 5 2295
63 6 1772
63 8 3785
63 9 1375
63 10 2595
63 11 1169
63 13 3748
63 14 1891
63 16 2351
63 17 2822
63 18 3908
63 19 4083
63 20 4003
63 21 835
63 22 4260
63 23 3757
63 24 2506
63 25 2185
63 26 4099
63 27 962
63 28 3159
63 29 1473
63 30 3297
63 31 806
63 32 3491
63 33 3519
63 34 3890
63 35 2267
63 36 4156
63 37 3545
63 38 3046
63 39 3273
63 40 1707
63 41 446
63 42 3686
63 43 330
63 45 1550
63 46 3946
63 48 749
63 49 1972
63 50 3313
63 51 2592
63 52 2553
63 54 1741
63 55 244
63 56 3723
63 57 2087
63 58 2728
63 59 3423
63 61 2896
63 62 871
63 64 2191
63 65 822
63 66 977
63 67 261
63 68 3003
64 0 829
64 1 2227
64 2 2157
64 3 2827
64 5 1878
64 6 4036
64 7 1171
64 8 574
64 9 3084
64 11 1943
64 12 3459
64 13 695
64 16 733
64 17 3393
64 18 3664
64 21 3858
64 22 1681
64 23 3133
64 24 4346
64 25 2458
64 26 3297
64 27 1992
64 28 1567
64 29 2205
64 30 157
64 31 1296
64 32 939
64 33 43
64 35 2795
64 36 1081
64 37 2310
64 38 1165
64 39 3042
64 40 3722
64 41 1185
64 42 1673
64 45 180
64 46 3305
64 47 1824
64 48 3713
64 49 1550
64 50 558
64 51 829
64 52 392
64 53 2314
64 54 3477
64 55 795
64 56 858
64 57 965
64 58 260
64 59 3699
64 60 2036
64 61 1041
64 62 3081
64 63 2671
64 65 3783
64 66 1302
64 67 2169
64 68 211
64 69 325
65 0 3530
65 2 2791
65 3 2098
65 4 2209
65 5 33
65 6 1579
65 7 1311
65 8 2865
65 9 1409
65 11 3625
65 12 3763
65 13 3988
65 14 3646
65 16 4240
65 17 3954
65 18 3919
65 19 3002
65 22 3446
65 23 1846
65 24 3044
65 25 426
65 26 3289
65 27 3019
65 28 2246
65 29 2226
65 30 3550
65 31 1644
65 32 783
65 33 3953
65 34 1146
65 35 4177
65 36 3157
65 37 1873
65 38 1062
65 39 2343
65 40 3978
65 41 240
65 42 2276
65 43 1381
65 45 902
65 47 448
65 48 1566
65 49 524
65 50 4101
65 51 1244
65 54 2798
65 56 4232
65 57 2200
65 58 257
65 59 1043
65 60 334
65 61 3083
65 62 213
65 63 1773
65 66 847
65 67 4319
65 68 355
65 69 17
66 0 3216
66 1 628
66 2 1733
66 3 2532
66 5 2323
66 6 3681
66 7 1879
66 8 944
66 9 983
66 10 1994
66 11 2694
66 13 1245
66 14 878
66 16 2602
66 17 2156
66 18 4018
66 19 855
66 20 872
66 22 3622
66 23 129
66 24 3790
66 25 1064
66 27 2781
66 28 596
66 29 1659
66 31 3353
66 32 2277
66 33 1518
66 34 2632
66 35 2296
66 36 2921
66 37 3075
66 38 1961
66 39 418
66 40 1478
66 41 208
66 42 1272
66 43 869
66 46 1646
66 47 3413
66 48 4339
66 49 2831
66 50 3886
66 51 1442
66 52 2456
66 54 935
66 56 4014
66 57 210
66 58 2447
66 59 753
66 60 2551
66 61 733
66 62 2238
66 63 2203
66 64 655
66 65 319
66 67 146
66 68 1036
66 69 191
67 0 2515
67 1 3487
67 2 856
67 3 3157
67 4 1257
67 5 1211
67 6 1391
67 8 823
67 9 1499
67 10 1473
67 11 1649
67 12 1118
67 13 4155
67 14 951
67 16 3918
67 17 133
67 18 2573
67 20 2650
67 21 561
67 22 2801
67 23 1606
67 24 52
67 25 913
67 26 3952
67 27 2213
67 28 52
67 29 3654
67 30 2561
67 31 3025
67 33 1242
67 34 4027
67 35 1590
67 36 1576
67 37 617
67 38 1119
67 41 2661
67 43 969
67 45 716
67 46 321
67 47 2550
67 48 1145
67 49 4128
67 50 3664
67 51 2313
67 52 4311
67 53 3236
67 54 220
67 55 3309
67 56 1833
67 57 2585
67 58 1162
67 59 4273
67 60 1009
67 62 3068
67 63 924
67 64 4168
67 65 1258
67 66 1712
67 68 2168
67 69 3496
68 0 3119
68 1 1150
68 2 2452
68 3 2584
68 4 4091
68 5 3872
68 6 440
68 7 1379
68 9 2347
68 10 1537
68 11 2324
68 12 60
68 14 3218
68 16 1609
68 17 2139
68 18 2212
68 19 1136
68 20 786
68 21 1970
68 22 3395
68 23 932
68 24 3256
68 25 2804
68 26 1325
68 27 2696
68 28 1678
68 29 619
68 30 3313
68 31 1457
68 32 1485
68 33 529
68 34 2414
68 35 1550
68 37 3498
68 38 2473
68 39 768
68 40 1632
68 41 3057
68 42 3637
68 43 2716
68 45 3585
68 46 4215
68 47 343
68 48 95
68 49 3893
68 50 3180
68 51 104
68 53 1280
68 54 372
68 55 1112
68 56 3002
68 57 2929
68 58 708
68 59 3319
68 60 2587
68 61 39
68 63 3872
68 64 3963
68 65 2039
68 66 3074
68 67 3909
68 69 3711
69 0 1099
69 1 1061
69 2 4247
69 3 2816
69 4 3910
69 5 1032
69 6 1198
69 7 4048
69 8 463
69 9 4054
69 10 1674
69 11 3813
69 12 1936
69 13 2584
69 14 3777
69 16 225
69 17 2192
69 18 1675
69 19 3287
69 20 3637
69 21 1368
69 22 753
69 25 1378
69 26 4014
69 27 103
69 29 1861
69 30 1004
69 31 3310
69 33 1429
69 35 1689
69 36 4202
69 37 233
69 38 4116
69 40 3807
69 41 1775
69 42 1690
69 43 710
69 45 3747
69 46 1201
69 47 1662
69 48 2775
69 49 2219
69 50 1362
69 51 1410
69 52 1100
69 53 4176
69 54 1508
69 56 1081
69 57 4199
69 59 3252
69 60 1166
69 63 884
69 65 1751
69 67 3010
69 68 2656
15 1 54
15 2 1
15 3 38
15 4 16
15 5 29
15 6 7
15 7 1
15 8 60
15 9 50
15 10 23
15 11 1
15 12 38
15 13 48
15 14 64
15 16 50
15 17 44
15 18 28
15 19 59
15 20 31
15 21 51
15 22 3
15 23 12
15 24 65
15 25 65
15 26 66
15 27 24
15 28 6
15 30 28
15 31 11
15 32 12
15 33 6
15 34 0
15 35 67
15 36 58
15 37 60
15 38 46
15 39 32
15 40 14
15 41 55
15 42 23
15 43 21
15 44 52
15 45 48
15 46 26
15 47 27
15 48 23
15 49 18
15 50 13
15 51 56
15 52 56
15 53 29
15 54 40
15 55 46
15 57 29
15 58 44
15 61 41
15 62 34
15 63 39
15 64 4
15 65 59
15 66 57
15 67 12
15 68 56
15 69 14
1 44 9
2 44 46
3 44 0
4 44 8
5 44 20
6 44 44
7 44 11
8 44 35
9 44 30
10 44 40
11 44 25
12 44 23
13 44 45
14 44 31
16 44 41
17 44 24
18 44 47
19 44 56
20 44 44
21 44 41
22 44 46
23 44 39
25 44 33
26 44 10
27 44 22
28 44 21
29 44 25
30 44 21
31 44 8
32 44 68
33 44 37
34 44 29
35 44 4
36 44 6
37 44 5
38 44 62
39 44 25
40 44 14
42 44 10
43 44 65
45 44 12
46 44 24
47 44 36
48 44 60
49 44 19
50 44 7
51 44 31
52 44 17
53 44 41
54 44 15
55 44 46
56 44 40
57 44 49
58 44 47
59 44 44
60 44 28
61 44 29
63 44 57
64 44 59
65 44 22
66 44 1
67 44 51
68 44 30
