64
44
0 2 2082
0 3 463
0 4 261
0 6 1980
0 8 1929
0 9 403
0 10 1867
0 11 1805
0 16 425
0 17 1641
0 19 257
0 21 1289
0 23 1351
0 26 745
0 27 1708
0 29 1268
0 30 200
0 32 1829
0 33 142
0 34 2272
0 37 386
0 38 167
0 39 803
0 40 1836
0 43 1955
0 45 408
0 47 2059
0 48 744
0 49 1063
0 52 1393
0 53 1294
0 54 1860
0 55 193
0 56 2149
0 57 659
0 63 63
0 67 961
0 69 1716
1 4 878
1 5 2265
1 6 1454
1 10 1743
1 11 1153
1 12 2201
1 13 1205
1 16 1559
1 17 1633
1 19 1510
1 20 1764
1 21 1303
1 22 335
1 24 140
1 25 1554
1 28 1206
1 29 1617
1 30 2197
1 31 1835
1 32 400
1 35 403
1 36 2377
1 38 2010
1 39 2214
1 42 1836
1 43 2320
1 48 697
1 54 2345
1 60 1564
1 62 144
1 63 1434
1 67 990
1 68 1905
2 0 340
2 3 528
2 6 2346
2 7 624
2 8 1708
2 10 2151
2 15 253
2 17 1661
2 18 154
2 19 1163
2 21 1462
2 22 2380
2 23 2138
2 25 513
2 26 967
2 29 761
2 30 1271
2 34 198
2 35 2111
2 36 1278
2 38 1802
2 42 1293
2 45 1762
2 47 2382
2 50 1802
2 51 2234
2 52 2137
2 53 1357
2 54 210
2 56 1850
2 57 2390
2 59 1284
2 63 460
2 65 2361
3 0 1859
3 1 2226
3 2 772
3 4 1818
3 5 534
3 6 642
3 7 1661
3 8 732
3 11 1713
3 15 476
3 21 44
3 24 1632
3 25 1820
3 27 612
3 28 743
3 29 2021
3 32 1299
3 36 296
3 37 2335
3 39 89
3 41 2353
3 46 2266
3 47 702
3 48 1242
3 49 1721
3 50 1909
3 51 1381
3 53 1953
3 56 44
3 61 1648
3 62 643
3 63 43
3 65 1481
3 69 1904
4 1 497
4 3 108
4 5 1614
4 8 159
4 9 1441
4 11 2170
4 12 753
4 14 1559
4 15 2148
4 16 1810
4 17 2009
4 20 124
4 21 1937
4 22 1803
4 27 393
4 28 1863
4 29 1564
4 33 1317
4 34 645
4 35 585
4 38 1438
4 39 870
4 40 1636
4 41 1169
4 43 2140
4 46 519
4 47 854
4 48 1099
4 49 2030
4 51 2034
4 52 1520
4 55 809
4 56 633
4 58 283
4 60 292
4 63 680
4 65 1260
4 67 2130
5 1 1767
5 3 289
5 4 393
5 6 865
5 8 2072
5 10 642
5 12 141
5 13 1097
5 14 763
5 15 1177
5 18 851
5 20 2363
5 24 2383
5 25 1222
5 26 832
5 27 709
5 28 1546
5 34 11
5 37 760
5 40 844
5 42 391
5 43 1329
5 45 638
5 46 723
5 49 1090
5 51 1461
5 53 17
5 55 2329
5 57 705
5 58 1579
5 59 1876
5 62 1310
5 63 1550
5 67 1107
5 69 1702
6 2 610
6 7 224
6 10 1269
6 12 1023
6 13 1313
6 14 164
6 15 526
6 16 1490
6 18 2250
6 21 679
6 22 1846
6 24 294
6 25 2312
6 31 1637
6 33 205
6 34 1286
6 35 1600
6 38 460
6 39 959
6 45 201
6 47 369
6 50 1686
6 51 1600
6 52 836
6 53 1178
6 56 777
6 57 2355
6 58 1217
6 60 1455
6 68 794
6 69 469
7 0 524
7 1 357
7 3 274
7 9 545
7 11 1914
7 12 2138
7 14 264
7 16 1704
7 18 1168
7 23 177
7 25 685
7 27 1128
7 29 765
7 31 2338
7 33 577
7 35 1840
7 36 1535
7 37 702
7 38 1249
7 40 501
7 41 2391
7 43 64
7 45 1751
7 46 1526
7 48 157
7 50 1012
7 53 1552
7 55 109
7 58 1039
7 60 2187
7 61 2126
7 63 1430
7 65 876
7 66 214
7 67 663
8 2 1510
8 3 2244
8 4 332
8 9 1901
8 10 1280
8 11 1858
8 13 266
8 23 2227
8 26 2104
8 27 1552
8 29 1010
8 31 2386
8 32 2057
8 35 1465
8 36 323
8 39 1248
8 41 1233
8 42 883
8 47 2388
8 48 2316
8 49 1266
8 50 1793
8 51 748
8 53 226
8 54 2120
8 55 441
8 59 1394
8 61 344
8 63 284
8 66 881
8 68 726
9 0 231
9 1 1348
9 2 1288
9 7 974
9 8 1567
9 11 353
9 13 2198
9 15 567
9 16 395
9 17 2353
9 19 1683
9 21 678
9 22 2139
9 25 696
9 27 1248
9 29 2017
9 30 621
9 35 558
9 37 463
9 42 808
9 43 1168
9 45 2030
9 47 280
9 48 1463
9 49 207
9 50 321
9 53 2272
9 54 1398
9 55 2391
9 60 1467
9 61 242
9 62 572
9 65 915
9 66 2358
9 68 1796
10 0 1797
10 1 500
10 2 671
10 3 369
10 4 1546
10 7 831
10 8 2310
10 14 1478
10 15 1762
10 16 515
10 17 2178
10 18 2368
10 19 2289
10 28 851
10 29 2260
10 32 2095
10 34 312
10 35 390
10 40 1924
10 41 461
10 50 461
10 51 537
10 54 1334
10 58 365
10 59 629
10 60 1476
10 61 1821
10 63 246
10 65 1718
10 67 1756
10 68 1410
10 69 484
11 1 1926
11 3 1418
11 6 285
11 7 2180
11 9 1298
11 10 275
11 12 1323
11 14 1629
11 17 1804
11 19 602
11 21 887
11 23 2309
11 25 2362
11 28 1429
11 29 546
11 31 166
11 34 341
11 36 2220
11 38 1699
11 39 1324
11 40 1695
11 43 21
11 45 1061
11 48 980
11 55 611
11 57 1198
11 59 670
11 62 1145
11 63 1223
11 66 58
11 69 2111
12 1 1735
12 2 265
12 3 1769
12 4 2248
12 7 555
12 8 1070
12 9 2414
12 15 557
12 17 1885
12 18 1306
12 20 799
12 21 1137
12 22 1580
12 23 2106
12 24 1888
12 26 1093
12 27 1737
12 29 2307
12 30 822
12 34 1140
12 35 1672
12 36 449
12 37 36
12 40 764
12 42 1756
12 43 1978
12 50 48
12 51 1283
12 53 30
12 54 183
12 55 412
12 57 895
12 58 2225
12 59 0
12 60 1633
12 61 108
12 63 276
12 65 1780
13 1 509
13 4 608
13 6 1588
13 7 369
13 9 1271
13 10 2129
13 11 990
13 12 763
13 16 1236
13 17 762
13 19 1735
13 21 2169
13 24 223
13 25 228
13 26 451
13 27 1691
13 28 2354
13 29 933
13 30 1553
13 33 226
13 34 977
13 35 449
13 36 1721
13 37 257
13 39 1920
13 46 825
13 50 1329
13 53 2165
13 54 892
13 57 23
13 62 1602
13 66 68
14 1 93
14 4 2324
14 6 600
14 7 797
14 9 355
14 10 2065
14 11 1909
14 13 2249
14 15 909
14 17 2287
14 19 126
14 20 1007
14 21 1398
14 24 1225
14 25 1842
14 27 1957
14 29 847
14 30 691
14 31 881
14 34 88
14 36 2144
14 37 735
14 38 2312
14 39 1907
14 41 688
14 48 448
14 50 458
14 51 2328
14 52 437
14 55 1333
14 59 1543
14 60 744
14 61 222
14 62 390
14 67 1375
14 68 1910
15 0 766
15 1 875
15 2 1770
15 3 942
15 4 686
15 12 1322
15 13 1146
15 14 584
15 16 1809
15 17 2168
15 22 489
15 23 620
15 25 28
15 26 899
15 27 78
15 31 1755
15 32 1372
15 34 941
15 35 1815
15 36 2201
15 37 225
15 39 22
15 43 384
15 45 1471
15 46 886
15 47 582
15 48 764
15 49 444
15 50 2368
15 52 2027
15 53 455
15 55 1122
15 56 2315
15 58 1229
15 59 1630
15 61 1912
15 67 1391
15 68 1486
15 69 108
16 0 78
16 1 554
16 4 2180
16 6 854
16 7 256
16 8 157
16 10 1837
16 12 2327
16 13 1193
16 14 2050
16 15 2041
16 17 1035
16 18 583
16 21 1437
16 23 1402
16 25 2065
16 26 2025
16 29 155
16 31 1919
16 32 999
16 35 514
16 36 2264
16 38 2252
16 40 1908
16 41 1
16 45 2370
16 46 821
16 53 134
16 55 236
16 57 962
16 59 1539
16 61 1436
16 62 2017
16 63 1894
17 0 51
17 4 601
17 6 1791
17 8 28
17 12 2173
17 14 66
17 15 35
17 18 490
17 19 1541
17 20 1665
17 21 2138
17 22 684
17 24 2074
17 25 599
17 27 1870
17 30 376
17 31 2283
17 32 2184
17 33 1590
17 39 107
17 40 2032
17 42 1714
17 43 1181
17 46 2221
17 47 1598
17 50 578
17 53 1652
17 55 91
17 56 2352
17 57 2206
17 58 1851
17 61 548
17 62 1256
17 63 2263
17 65 822
17 66 752
17 67 2200
17 68 404
17 69 2085
18 4 1860
18 6 250
18 10 126
18 15 896
18 20 279
18 21 2304
18 22 2019
18 23 1094
18 24 1497
18 26 840
18 33 1368
18 36 955
18 38 1778
18 41 527
18 42 1679
18 43 1536
18 46 1570
18 47 1473
18 50 389
18 51 1891
18 53 254
18 57 413
18 58 1165
18 59 266
18 60 1251
19 2 921
19 8 147
19 11 384
19 13 649
19 14 2133
19 16 2089
19 17 911
19 18 2236
19 20 2212
19 21 652
19 22 886
19 23 785
19 24 184
19 25 1530
19 26 47
19 29 1629
19 34 476
19 37 1617
19 38 45
19 40 733
19 42 1508
19 46 172
19 48 584
19 49 1421
19 51 1014
19 53 1241
19 54 1117
19 55 1621
19 59 1
19 60 1682
19 63 1001
19 65 840
19 66 1804
19 67 2299
19 68 432
20 0 227
20 1 877
20 3 290
20 7 965
20 8 1824
20 10 1103
20 12 811
20 13 1848
20 14 602
20 19 794
20 22 1711
20 25 292
20 26 590
20 30 1340
20 38 1519
20 39 368
20 41 1183
20 42 1053
20 43 1954
20 45 1236
20 46 865
20 48 942
20 52 1165
20 54 1258
20 55 142
20 57 2067
20 59 2036
20 63 622
20 67 88
20 69 1103
21 0 494
21 1 164
21 4 130
21 6 1262
21 8 842
21 9 1082
21 11 35
21 12 58
21 14 2044
21 17 167
21 18 2043
21 19 306
21 20 1111
21 24 503
21 25 2317
21 29 874
21 30 1842
21 31 338
21 32 1484
21 33 2181
21 34 808
21 38 1765
21 39 1101
21 40 2372
21 42 201
21 43 1903
21 45 952
21 46 20
21 48 2334
21 51 1419
21 52 577
21 54 1522
21 58 1918
21 60 46
21 62 436
21 63 1758
21 66 2288
22 6 1108
22 9 1152
22 10 1574
22 12 315
22 13 1724
22 15 1647
22 17 2182
22 18 301
22 19 1107
22 23 808
22 24 1766
22 25 2248
22 29 2409
22 30 828
22 32 1466
22 33 2375
22 34 2382
22 35 170
22 37 1435
22 38 1184
22 42 568
22 43 1557
22 45 2278
22 46 1542
22 50 1746
22 52 1247
22 55 295
22 56 1358
22 57 1798
22 59 1760
22 60 1625
22 61 22
22 62 1631
22 63 787
22 65 1470
22 66 224
22 67 34
22 69 585
23 2 708
23 5 1293
23 7 1016
23 8 1906
23 11 589
23 12 2269
23 14 677
23 17 1998
23 19 2250
23 20 2033
23 21 1578
23 22 1220
23 27 1259
23 29 1932
23 30 317
23 40 2132
23 41 1280
23 43 1638
23 47 2314
23 51 1836
23 53 782
23 55 149
23 60 2245
23 66 360
23 68 464
24 1 1147
24 2 2077
24 4 747
24 6 1227
24 11 398
24 12 2222
24 15 1641
24 17 1260
24 18 249
24 20 1331
24 21 1902
24 23 834
24 25 1958
24 29 586
24 32 2184
24 34 1320
24 35 93
24 36 1028
24 37 1087
24 38 1942
24 39 2057
24 40 2026
24 45 973
24 46 1687
24 50 2293
24 52 1949
24 53 606
24 56 2012
24 59 1192
24 60 1973
24 61 1826
24 62 1459
24 63 479
24 67 1637
24 68 1550
24 69 1093
25 3 116
25 5 2026
25 6 732
25 10 1042
25 11 1379
25 12 2031
25 17 378
25 18 2280
25 21 1769
25 24 1913
25 27 1522
25 28 2377
25 29 345
25 30 627
25 32 937
25 34 544
25 38 1828
25 39 672
25 40 1265
25 41 1267
25 45 1939
25 47 1177
25 50 2001
25 52 1587
25 56 1393
25 58 474
25 60 2265
25 61 838
25 62 1484
25 65 846
25 68 352
25 69 1193
26 0 271
26 2 1090
26 3 2294
26 5 961
26 8 1847
26 9 2210
26 10 828
26 13 2092
26 14 799
26 15 1481
26 20 189
26 25 175
26 27 2283
26 28 2240
26 30 1041
26 33 489
26 38 2323
26 40 604
26 41 1535
26 42 258
26 43 1107
26 47 1234
26 49 982
26 50 76
26 51 1866
26 52 1378
26 53 500
26 56 1365
26 57 1861
26 58 2050
26 59 903
26 61 256
26 65 117
26 68 1485
27 1 1862
27 2 973
27 3 1677
27 4 1926
27 8 896
27 15 2045
27 16 2132
27 17 1845
27 18 343
27 20 346
27 23 1081
27 24 810
27 25 2286
27 29 216
27 33 2000
27 35 2361
27 38 1450
27 41 1884
27 43 1961
27 45 1813
27 47 627
27 48 2189
27 52 2190
27 53 2198
27 54 838
27 60 741
27 61 89
27 66 533
27 67 546
27 68 2262
28 0 1424
28 1 1908
28 2 1155
28 3 334
28 5 414
28 6 78
28 7 677
28 9 2188
28 15 1429
28 19 709
28 20 1955
28 21 826
28 22 215
28 27 1249
28 29 2273
28 30 1933
28 31 1512
28 32 450
28 37 303
28 39 1520
28 42 102
28 45 1429
28 46 967
28 47 59
28 48 2013
28 52 613
28 55 1263
28 56 551
28 57 1722
28 58 1493
28 59 152
28 62 803
28 67 60
29 5 1600
29 8 617
29 9 1293
29 10 505
29 11 364
29 13 231
29 18 2222
29 19 721
29 20 636
29 21 447
29 22 249
29 23 1744
29 24 1875
29 26 786
29 28 2330
29 30 1850
29 34 1729
29 38 1674
29 41 1537
29 42 821
29 49 1713
29 50 424
29 51 1291
29 52 1810
29 53 1707
29 54 1779
29 55 1196
29 59 905
29 60 660
29 65 1689
29 67 800
29 69 2188
30 0 1413
30 1 1080
30 5 903
30 9 807
30 10 1743
30 14 378
30 15 2089
30 16 1420
30 18 1510
30 19 1042
30 20 521
30 24 327
30 26 2076
30 29 1105
30 31 1998
30 33 2293
30 34 1690
30 35 866
30 37 633
30 39 1624
30 41 1452
30 42 112
30 45 1497
30 46 704
30 49 1750
30 50 617
30 52 1906
30 56 872
30 57 743
30 58 314
30 61 1932
30 62 1345
30 63 978
30 67 121
30 68 439
30 69 1405
31 1 1188
31 2 941
31 4 1287
31 5 795
31 7 788
31 11 880
31 12 1436
31 16 2187
31 17 1089
31 18 978
31 21 2376
31 23 780
31 24 844
31 26 768
31 27 1707
31 28 27
31 33 685
31 34 1074
31 37 1039
31 40 214
31 45 317
31 46 1084
31 48 2178
31 49 1933
31 50 623
31 51 1690
31 54 989
31 55 423
31 58 2295
31 61 1369
31 62 500
31 65 2253
31 67 1848
31 69 1899
32 0 1873
32 4 433
32 6 161
32 7 1964
32 11 454
32 13 780
32 15 1531
32 22 1070
32 23 1030
32 25 2292
32 34 1163
32 35 179
32 38 291
32 41 875
32 43 633
32 46 1099
32 50 971
32 51 1603
32 53 1183
32 54 231
32 55 2212
32 56 641
32 62 48
32 63 370
32 67 732
33 0 784
33 1 1323
33 2 2264
33 4 1351
33 8 1903
33 10 421
33 12 1926
33 14 869
33 16 2241
33 17 831
33 18 726
33 19 1415
33 20 1706
33 21 294
33 22 196
33 24 701
33 27 1603
33 29 575
33 30 25
33 34 1752
33 38 629
33 40 520
33 41 478
33 42 2111
33 45 1475
33 48 1633
33 50 867
33 51 2093
33 53 2240
33 56 737
33 58 123
33 60 1351
33 61 1592
33 62 666
33 63 1881
33 65 746
33 66 53
33 67 1576
33 68 633
33 69 1625
34 1 546
34 2 1334
34 3 2307
34 4 1569
34 7 1560
34 9 345
34 10 1020
34 13 1806
34 14 274
34 15 2034
34 16 244
34 19 774
34 20 1718
34 22 990
34 23 2221
34 26 1351
34 27 119
34 29 553
34 30 2219
34 31 2370
34 33 2346
34 36 566
34 38 303
34 39 558
34 43 1408
34 46 1013
34 50 2323
34 51 175
34 52 872
34 56 1892
34 58 718
34 59 596
34 60 1098
34 61 1886
34 66 341
34 67 1498
34 68 1621
35 1 415
35 4 1730
35 5 1531
35 8 2088
35 10 912
35 16 1685
35 17 2208
35 20 208
35 23 422
35 25 1089
35 27 272
35 29 1768
35 30 692
35 36 221
35 40 769
35 45 108
35 46 847
35 47 1016
35 48 43
35 49 2136
35 50 957
35 51 828
35 52 1727
35 53 1227
35 56 630
35 58 1217
35 62 673
35 63 152
35 65 803
35 67 626
35 68 2114
35 69 89
36 0 2137
36 2 2336
36 3 1680
36 4 2166
36 5 2056
36 6 1155
36 7 336
36 8 2147
36 9 2059
36 13 1956
36 14 533
36 17 2231
36 19 169
36 20 448
36 22 2086
36 23 540
36 27 1034
36 28 2031
36 29 38
36 30 748
36 31 1787
36 32 1840
36 33 895
36 37 751
36 39 350
36 41 2033
36 43 502
36 47 1113
36 49 280
36 51 840
36 52 1186
36 55 44
36 56 975
36 57 815
36 58 1916
36 60 2227
36 61 1487
36 62 70
36 66 1124
36 67 1464
36 68 745
37 3 817
37 5 2262
37 7 1228
37 9 1464
37 10 2115
37 12 797
37 13 2247
37 14 1479
37 16 16
37 17 481
37 18 1013
37 20 1134
37 22 1012
37 23 1671
37 25 2219
37 27 1032
37 28 827
37 29 280
37 30 502
37 32 458
37 34 295
37 36 2131
37 38 2290
37 40 1088
37 41 606
37 42 641
37 46 93
37 49 995
37 52 1404
37 55 191
37 56 1953
37 61 104
37 62 1508
37 68 1541
38 0 429
38 1 2059
38 3 1399
38 4 957
38 6 2142
38 8 1317
38 10 302
38 13 8
38 16 1202
38 17 1445
38 20 632
38 22 1585
38 26 1350
38 27 1037
38 30 131
38 32 895
38 34 410
38 40 2186
38 41 1761
38 42 1147
38 47 332
38 49 894
38 50 579
38 51 195
38 52 1702
38 56 83
38 58 33
38 61 1551
38 62 2033
38 63 579
38 66 1142
38 67 1651
39 2 230
39 3 1898
39 5 1604
39 7 2218
39 8 2347
39 12 2105
39 16 322
39 19 567
39 22 19
39 24 101
39 26 1281
39 27 2306
39 28 722
39 29 1752
39 32 2262
39 37 1269
39 41 2334
39 43 1502
39 46 937
39 49 673
39 51 1097
39 55 416
39 56 1085
39 58 1420
39 60 1083
39 61 875
39 62 2363
40 0 389
40 1 2025
40 2 741
40 3 740
40 4 225
40 6 716
40 7 1020
40 13 2288
40 15 1368
40 17 1340
40 20 208
40 21 1829
40 22 147
40 25 735
40 28 808
40 30 2091
40 33 969
40 34 688
40 35 2000
40 36 215
40 37 1710
40 38 561
40 39 1503
40 42 2240
40 43 904
40 47 697
40 48 2006
40 49 1941
40 51 2153
40 54 1296
40 55 1410
40 56 794
40 57 2382
40 59 276
40 60 4
40 61 2301
40 66 755
40 67 1724
40 69 1262
41 0 4
41 1 2070
41 2 1817
41 5 1085
41 8 1387
41 10 937
41 12 827
41 13 806
41 15 1370
41 18 1090
41 23 724
41 26 1478
41 28 42
41 29 1096
41 30 1065
41 31 819
41 32 625
41 33 1464
41 34 775
41 36 366
41 40 2284
41 43 517
41 45 1300
41 46 1881
41 47 26
41 50 301
41 51 950
41 55 1420
41 56 734
41 62 1488
41 65 1993
41 66 86
41 67 1242
41 68 1395
41 69 1448
42 2 1237
42 5 2054
42 9 1208
42 10 1234
42 11 2189
42 12 2021
42 13 537
42 14 846
42 15 1139
42 16 2288
42 17 1123
42 22 1866
42 23 1874
42 24 921
42 25 1581
42 26 318
42 27 2409
42 29 1274
42 30 1051
42 33 493
42 36 2066
42 37 512
42 39 210
42 40 1209
42 43 1714
42 45 738
42 47 832
42 51 1278
42 52 764
42 53 35
42 57 728
42 58 1196
42 59 2318
42 60 1597
42 61 2157
42 63 1514
42 65 1048
42 66 462
42 67 1608
42 69 1874
43 0 323
43 2 2237
43 4 711
43 7 1690
43 8 1606
43 10 2081
43 12 867
43 13 455
43 16 1692
43 24 460
43 25 1605
43 27 1355
43 31 1887
43 32 2375
43 33 424
43 37 246
43 38 2277
43 39 1055
43 40 1546
43 41 703
43 48 1613
43 50 697
43 51 1322
43 54 1348
43 55 1815
43 56 797
43 57 1149
43 60 179
43 62 1543
43 63 1089
43 66 1108
43 68 43
43 69 208
45 0 2192
45 1 2101
45 3 1536
45 4 2016
45 6 939
45 8 986
45 9 204
45 12 321
45 15 537
45 16 518
45 19 2203
45 20 411
45 21 225
45 22 1557
45 23 650
45 24 1366
45 26 2060
45 27 234
45 28 1730
45 31 1455
45 34 1905
45 36 2387
45 38 1824
45 39 216
45 40 1558
45 42 838
45 49 1195
45 50 934
45 52 2347
45 55 1095
45 57 2350
45 58 2183
45 60 1706
45 61 1127
45 65 1933
45 66 1625
45 69 1797
46 0 988
46 8 2237
46 12 1036
46 13 326
46 14 248
46 15 1520
46 17 1714
46 20 2055
46 21 2158
46 22 2078
46 23 1393
46 24 591
46 25 253
46 27 595
46 31 499
46 33 1130
46 34 1964
46 36 1088
46 38 2129
46 39 94
46 40 649
46 43 2186
46 45 170
46 49 1978
46 50 2153
46 51 125
46 53 1086
46 54 635
46 57 1521
46 58 1030
46 65 1929
46 69 2399
47 0 515
47 1 1634
47 6 1780
47 7 2016
47 8 536
47 9 1611
47 11 1081
47 12 2150
47 16 1084
47 17 1483
47 18 286
47 22 1295
47 23 70
47 26 1026
47 28 792
47 33 1706
47 34 164
47 42 1793
47 50 110
47 51 1666
47 55 1922
47 60 1767
47 65 1375
47 67 1869
47 68 789
48 1 2298
48 4 1853
48 8 483
48 10 2013
48 11 1684
48 13 2274
48 14 963
48 15 482
48 16 1820
48 17 1970
48 18 169
48 20 2208
48 21 352
48 22 717
48 24 864
48 26 1001
48 27 133
48 29 2304
48 30 1798
48 33 2325
48 34 397
48 36 1177
48 38 872
48 39 1344
48 40 1005
48 42 2111
48 45 871
48 47 1223
48 50 1723
48 55 1913
48 59 299
48 60 777
48 61 1420
48 63 1197
48 66 340
48 68 1425
48 69 1255
49 0 499
49 1 1169
49 5 1257
49 6 1892
49 7 1065
49 8 414
49 9 1047
49 12 151
49 14 1234
49 15 629
49 16 2069
49 17 1821
49 18 991
49 19 1015
49 21 1285
49 22 783
49 23 528
49 27 432
49 28 2082
49 29 2005
49 30 65
49 31 1701
49 32 2336
49 33 613
49 35 1855
49 36 1789
49 39 1729
49 40 1119
49 43 2111
49 45 1663
49 46 499
49 48 294
49 50 950
49 51 929
49 52 1925
49 54 1718
49 55 2147
49 58 1358
49 61 2207
49 62 1293
49 63 551
49 66 1685
50 0 617
50 2 909
50 3 1280
50 6 2233
50 7 1677
50 9 533
50 10 135
50 11 1592
50 13 2102
50 14 973
50 15 1441
50 16 2000
50 21 862
50 22 85
50 26 1142
50 27 437
50 28 798
50 30 2390
50 32 1853
50 33 1685
50 35 2157
50 36 1660
50 42 2009
50 43 750
50 47 58
50 52 971
50 54 1384
50 55 1185
50 59 650
50 61 210
50 62 1364
50 63 2022
50 65 2162
50 67 902
50 69 1135
51 0 258
51 1 554
51 2 834
51 7 794
51 12 417
51 14 936
51 15 2130
51 16 233
51 19 435
51 21 617
51 23 1442
51 24 52
51 25 396
51 26 1891
51 30 1460
51 33 1256
51 35 1461
51 37 569
51 38 2202
51 39 2131
51 41 2383
51 42 71
51 45 1166
51 47 1630
51 49 2179
51 50 558
51 53 195
51 54 139
51 56 1840
51 57 1918
51 58 658
51 62 1775
51 63 2261
51 66 1183
51 69 1158
52 1 1913
52 3 2211
52 4 1785
52 5 1026
52 6 2379
52 7 1960
52 11 2146
52 13 684
52 14 910
52 18 81
52 19 815
52 23 1959
52 28 1837
52 31 1921
52 32 653
52 35 1880
52 37 2396
52 38 1993
52 41 145
52 43 181
52 46 1189
52 47 1231
52 48 1778
52 49 2264
52 53 190
52 54 32
52 55 2396
52 56 2184
52 57 2405
52 58 1950
52 59 864
52 63 1871
52 67 1348
52 69 111
53 0 213
53 3 564
53 4 2243
53 6 2094
53 8 2004
53 9 382
53 11 2277
53 12 20
53 16 1406
53 18 2183
53 21 73
53 24 1233
53 25 60
53 31 91
53 35 1732
53 36 403
53 37 1790
53 42 1161
53 45 1226
53 46 556
53 48 889
53 51 1554
53 55 2180
53 56 316
53 57 1179
53 60 48
53 61 2336
53 63 2227
53 65 940
53 66 261
53 68 117
54 0 1485
54 4 2341
54 5 1060
54 6 1200
54 7 2319
54 9 1191
54 10 473
54 12 1301
54 15 592
54 16 1735
54 17 1149
54 21 796
54 23 255
54 25 1927
54 26 1532
54 27 1828
54 30 51
54 31 1592
54 32 2068
54 33 2136
54 36 894
54 37 2318
54 43 968
54 47 624
54 48 154
54 49 847
54 56 72
54 57 1005
54 61 2155
54 62 1305
54 65 2211
54 66 2071
54 67 1402
54 68 2184
55 0 1176
55 1 1835
55 2 96
55 3 683
55 5 1102
55 6 1492
55 7 603
55 10 2354
55 11 1854
55 16 842
55 17 2001
55 22 2103
55 24 647
55 31 1775
55 34 787
55 36 1692
55 37 2361
55 39 1845
55 40 1200
55 46 304
55 48 1729
55 51 1343
55 52 1456
55 56 161
55 57 2131
55 58 1473
55 60 1489
55 63 1279
55 68 66
56 4 1642
56 11 2106
56 13 1394
56 15 2381
56 16 1115
56 20 1028
56 21 569
56 22 1024
56 24 1357
56 25 1029
56 26 2014
56 27 1056
56 28 1760
56 29 2362
56 31 1017
56 33 1152
56 35 61
56 38 1389
56 39 1818
56 40 47
56 43 115
56 45 2317
56 52 905
56 54 368
56 58 629
56 59 451
56 61 921
56 62 1742
56 65 2224
56 66 1798
56 67 985
56 69 712
57 1 440
57 2 1448
57 3 1281
57 4 553
57 8 1255
57 10 373
57 12 1366
57 16 269
57 17 141
57 18 217
57 20 1332
57 22 900
57 25 1350
57 26 519
57 28 797
57 29 725
57 30 1576
57 34 273
57 36 2117
57 42 806
57 47 224
57 49 1409
57 52 448
57 54 1293
57 55 2404
57 56 543
57 59 1116
57 60 2339
57 65 1259
57 66 1300
57 67 844
57 68 1856
58 2 275
58 4 407
58 5 532
58 14 2351
58 15 2154
58 16 1139
58 19 2106
58 23 388
58 25 1370
58 27 248
58 28 90
58 30 389
58 31 853
58 34 2412
58 35 550
58 38 329
58 40 763
58 41 605
58 42 501
58 52 1279
58 53 2028
58 54 1603
58 56 2216
58 61 1090
58 63 406
58 67 1399
58 68 800
58 69 1054
59 1 1168
59 4 1103
59 7 465
59 10 456
59 12 1701
59 15 317
59 16 1188
59 17 2261
59 25 1717
59 28 1773
59 29 1632
59 30 2101
59 32 31
59 34 1473
59 35 2248
59 42 257
59 45 267
59 47 2207
59 48 688
59 53 1263
59 55 1148
59 56 532
59 57 1683
59 58 1709
59 60 210
59 61 751
59 62 2202
59 67 330
59 69 2165
60 0 1314
60 1 2198
60 2 1737
60 3 2328
60 4 1609
60 5 2412
60 7 1584
60 8 2060
60 9 273
60 12 1260
60 14 779
60 16 377
60 17 1112
60 18 74
60 19 148
60 23 1662
60 26 1808
60 27 1622
60 30 1142
60 31 1332
60 34 472
60 35 614
60 36 2336
60 40 1475
60 41 1335
60 48 231
60 49 1646
60 52 1435
60 53 904
60 55 2312
60 56 252
60 61 791
60 63 2410
60 67 1580
60 68 494
61 0 687
61 1 1971
61 6 1294
61 7 1733
61 9 2112
61 10 1086
61 11 2004
61 12 1073
61 13 1640
61 17 622
61 18 2009
61 22 65
61 25 1823
61 26 1967
61 27 860
61 28 353
61 29 970
61 30 1514
61 34 1600
61 41 778
61 43 1481
61 45 2028
61 46 1998
61 47 607
61 52 2200
61 53 2105
61 55 1190
61 56 1238
61 60 2358
61 62 1414
61 63 1951
61 65 2355
61 66 96
61 68 1253
61 69 929
62 0 945
62 1 205
62 2 1521
62 3 1897
62 4 1669
62 5 1198
62 8 1091
62 9 2032
62 10 697
62 11 1356
62 15 387
62 16 1474
62 17 326
62 19 1971
62 20 620
62 22 518
62 24 282
62 25 1016
62 31 1374
62 37 1234
62 40 1081
62 41 33
62 45 870
62 46 1701
62 47 415
62 48 1957
62 50 1346
62 52 1546
62 57 1039
62 58 425
62 61 2278
62 63 1827
62 68 476
63 0 2255
63 7 825
63 8 2351
63 13 943
63 17 659
63 18 224
63 20 389
63 21 1199
63 23 745
63 25 1783
63 26 866
63 29 698
63 32 927
63 33 68
63 36 1846
63 38 682
63 40 2195
63 41 1453
63 43 1327
63 45 1766
63 46 636
63 47 2314
63 49 1225
63 50 2153
63 51 1271
63 52 1136
63 58 1887
63 59 1999
63 61 562
63 67 60
63 68 132
65 3 598
65 5 100
65 6 150
65 7 1633
65 8 517
65 10 1438
65 11 1795
65 13 513
65 14 1760
65 16 942
65 22 225
65 24 239
65 26 1195
65 28 1918
65 29 2059
65 33 2366
65 36 554
65 39 2201
65 43 2100
65 46 1151
65 47 1760
65 48 621
65 50 756
65 51 961
65 54 1421
65 56 320
65 59 2323
65 62 1663
65 67 64
65 68 2085
66 1 12
66 2 263
66 4 500
66 9 2228
66 12 955
66 14 2195
66 15 1787
66 17 442
66 19 628
66 22 130
66 24 1969
66 26 845
66 28 2244
66 29 2143
66 37 1133
66 40 2154
66 41 1046
66 42 705
66 46 1026
66 49 2084
66 50 1176
66 51 16
66 52 873
66 53 1399
66 54 2008
66 55 1110
66 56 562
66 57 1795
66 63 1360
66 65 737
66 68 944
67 2 1515
67 3 1553
67 9 1067
67 10 823
67 11 1518
67 14 1765
67 15 1737
67 17 906
67 20 1892
67 22 2389
67 25 1125
67 26 73
67 27 2254
67 31 860
67 34 2387
67 36 2396
67 38 1605
67 39 2135
67 41 1942
67 45 381
67 46 1781
67 47 582
67 50 1686
67 51 2083
67 53 1999
67 54 207
67 55 2243
67 57 667
67 58 1273
67 60 1534
67 63 1418
67 68 680
67 69 2301
68 3 1157
68 5 2066
68 6 109
68 7 2075
68 9 320
68 12 1513
68 14 2275
68 20 1040
68 23 1194
68 28 765
68 29 857
68 30 1475
68 31 1282
68 35 1420
68 36 350
68 40 692
68 42 1294
68 43 2381
68 45 1566
68 46 1128
68 48 1667
68 51 2279
68 53 672
68 54 171
68 55 1009
68 59 1493
68 60 152
68 61 1467
68 65 2347
69 0 492
69 2 319
69 7 913
69 8 2305
69 9 1669
69 14 390
69 15 66
69 23 1312
69 25 1342
69 27 24
69 30 1967
69 34 1824
69 35 1828
69 39 2255
69 40 1495
69 41 1020
69 42 1980
69 43 2413
69 45 1595
69 50 265
69 52 1442
69 59 603
69 61 2183
69 67 1601
69 68 1583
64 0 36
64 1 38
64 2 27
64 3 34
64 4 42
64 5 68
64 7 45
64 9 6
64 13 1
64 18 66
64 20 20
64 22 7
64 24 50
64 27 16
64 28 66
64 29 33
64 33 58
64 36 50
64 37 18
64 38 12
64 39 5
64 40 25
64 44 21
64 45 9
64 47 63
64 49 31
64 51 41
64 52 44
64 54 50
64 56 40
64 57 16
64 61 23
64 67 22
64 68 28
64 69 20
1 44 40
2 44 20
4 44 16
9 44 12
12 44 28
19 44 44
21 44 5
26 44 51
28 44 40
31 44 67
32 44 24
37 44 52
39 44 69
41 44 51
42 44 45
46 44 3
50 44 11
51 44 44
52 44 20
53 44 8
55 44 43
56 44 37
59 44 2
60 44 48
61 44 59
63 44 46
65 44 20
66 44 50
67 44 6
68 44 6
69 44 2
