7
51
79 45 576
29 31 2670
16 5 45
77 4 2694
34 74 1523
38 77 1870
14 72 2812
9 26 182
40 59 801
50 78 1464
57 67 2563
50 30 2902
46 56 2245
42 49 1096
16 55 1929
29 39 2035
14 42 2339
28 41 2649
6 32 127
33 50 1390
0 75 917
41 56 607
14 79 1644
56 2 1653
23 36 2831
38 52 1730
53 56 705
71 75 2000
13 6 641
9 67 558
29 25 1760
25 32 383
56 54 2351
34 40 282
62 57 1580
69 61 258
25 14 2853
68 41 1684
66 52 1369
48 17 1717
8 77 1880
17 72 467
9 39 1669
77 75 1556
24 46 1621
65 79 645
1 13 315
79 78 2060
45 34 2413
69 50 1032
2 50 1217
78 32 931
28 25 1259
42 57 832
60 47 859
0 16 1113
0 9 2752
1 15 682
24 52 1066
33 72 1030
34 67 1512
8 53 926
3 59 1832
2 4 708
38 43 1084
4 38 400
47 72 2302
65 74 2808
75 43 1343
19 52 2215
68 47 1803
69 71 488
74 13 908
2 69 96
45 16 69
14 77 1656
15 29 983
67 12 710
63 21 2737
1 4 1171
16 54 2814
13 61 2407
18 78 259
6 45 555
78 65 2054
54 40 1099
20 68 2125
27 75 2452
24 3 1910
52 5 697
48 68 1136
74 46 1402
26 58 851
66 45 1969
56 66 2200
21 9 461
54 76 1617
24 64 1830
71 8 2855
77 35 755
27 26 2217
57 70 687
16 67 946
54 8 2146
48 26 293
78 57 455
59 67 1038
66 4 2429
41 38 2063
19 36 1781
60 11 221
57 20 2410
63 50 2862
30 54 395
46 25 535
53 21 2199
25 44 1538
17 6 2627
28 66 1357
17 33 1091
30 22 2786
73 64 1867
66 41 1088
29 11 1772
11 32 2874
64 31 779
3 21 133
47 36 1078
22 15 714
59 5 1487
18 24 958
0 2 1591
18 57 1326
1 5 2878
27 62 377
12 24 1031
35 55 2507
54 73 2447
44 22 2754
0 11 2114
32 39 1136
50 16 97
8 31 242
2 22 1499
31 30 1194
64 39 346
10 26 2436
31 28 2771
41 26 2187
41 69 2260
58 11 969
11 36 1496
48 53 1445
28 31 2146
11 23 2799
71 49 2219
24 28 2028
31 75 1907
67 70 1422
28 0 1283
39 32 2026
14 1 25
74 59 2642
64 60 160
35 37 1515
20 6 850
32 41 2553
67 33 848
22 64 876
41 47 2617
59 49 2594
53 5 1381
10 36 1570
12 11 2545
41 29 304
79 67 2839
75 8 133
44 28 839
57 37 1108
50 0 1921
56 0 1532
10 21 118
54 27 249
57 76 727
26 6 1209
15 55 2880
79 23 795
19 3 654
40 46 711
72 78 293
40 79 2329
4 1 2053
20 71 1983
30 1 1806
13 17 2087
60 20 387
14 55 1097
21 30 2843
46 42 2670
45 21 808
14 30 1642
78 49 1264
9 31 1241
5 66 1537
56 17 914
10 53 877
66 31 993
1 29 1887
60 13 1086
18 48 1061
14 6 2310
75 61 2126
34 21 920
57 53 2622
53 49 2558
36 0 2717
73 0 278
56 45 545
10 74 489
0 23 1341
62 53 2123
5 26 2124
76 15 2370
62 63 638
41 49 1039
41 5 1722
57 8 2185
25 8 2588
10 3 2023
38 5 1303
61 12 137
55 65 2679
50 22 1410
12 57 2466
13 34 1040
68 44 2781
75 18 581
60 43 2219
38 47 1642
35 3 2435
64 30 2180
67 69 1392
34 73 842
53 29 989
41 25 2519
35 28 1994
19 4 688
33 67 235
12 33 1409
31 66 2155
39 75 2189
20 27 2265
11 66 78
44 4 358
78 2 2480
50 34 2188
47 23 1159
32 1 2473
70 45 787
44 59 1816
19 17 1439
44 23 2461
16 14 1425
47 28 2252
58 46 2612
10 17 277
76 5 1997
12 77 2437
44 54 183
59 50 1173
54 49 2091
68 67 2159
71 76 2540
59 16 1258
2 35 359
62 66 2811
10 62 1801
6 52 988
4 28 1681
29 67 87
64 79 549
75 65 2327
25 35 1613
55 48 2700
75 55 1209
38 16 1839
17 11 2874
73 52 1859
70 69 2789
19 78 2343
9 17 1094
61 76 2126
24 34 1610
1 32 592
2 78 711
69 29 2495
13 50 183
19 16 644
2 20 1149
47 39 2066
64 12 2176
76 27 772
26 44 2298
37 28 161
23 5 2194
76 63 397
29 57 2861
55 14 2854
1 73 1685
57 39 313
46 38 236
14 76 484
20 9 2549
11 34 2785
58 4 835
2 53 1233
54 13 1412
33 65 2883
49 22 366
59 26 1398
60 34 2828
47 73 1178
22 61 821
17 75 2028
34 78 2333
25 20 1758
49 53 2584
65 15 2772
68 11 2167
15 71 1775
53 41 1095
5 58 2207
3 54 1340
63 22 2271
4 11 2718
35 23 1885
37 65 879
23 47 961
73 53 2225
33 60 1166
33 52 1175
70 1 743
36 46 1378
54 5 2609
62 16 2405
42 14 2371
59 40 471
67 64 2324
29 18 707
78 55 1831
0 19 784
63 72 1516
38 73 2835
8 61 733
72 34 1912
17 36 1467
70 35 522
58 12 2539
44 75 1115
63 54 2903
16 13 865
4 42 1035
44 19 1358
75 17 2605
18 49 190
11 61 1265
44 27 703
31 33 1591
52 59 603
5 41 2008
24 35 1766
67 43 1893
42 67 1231
76 10 720
74 71 1122
63 56 2223
44 47 2722
61 56 1739
41 36 2844
31 17 1938
78 19 1012
1 28 1156
66 6 292
3 5 1370
34 39 1939
56 71 2770
22 71 2589
10 11 1076
13 10 2160
77 10 198
20 72 2657
71 26 1172
9 64 1244
4 55 1186
18 58 1701
69 27 1425
13 15 975
48 40 2699
40 39 2858
38 28 242
46 19 294
26 17 897
12 54 1376
54 33 2691
46 79 1294
57 6 2152
45 17 1873
76 65 2368
27 46 130
0 24 1655
75 53 2610
74 49 2196
4 9 183
50 23 351
0 34 1793
59 38 324
30 44 1899
63 11 398
11 22 2902
5 11 1430
72 61 1136
54 21 2318
2 25 1460
23 50 2594
72 5 2421
27 23 1529
22 47 2869
63 38 1178
61 55 659
78 38 1275
54 39 1089
20 28 1576
59 33 228
22 1 2862
60 49 895
6 66 794
33 36 1700
8 3 951
78 54 372
24 44 913
18 45 1120
62 20 1554
4 31 994
27 14 1272
61 10 1695
45 23 2577
52 26 2027
30 4 1914
49 65 619
21 49 1011
31 68 2013
76 26 1561
55 30 2053
46 37 2628
67 77 1999
30 52 2063
27 66 2211
36 13 238
75 26 304
10 68 1307
75 25 1739
22 30 21
59 58 2870
64 29 2509
33 5 936
48 18 1958
16 17 2203
46 62 515
70 77 248
5 2 995
31 20 199
77 14 1933
21 78 985
13 16 1376
30 66 1568
42 17 626
23 61 2673
73 38 2104
5 74 74
56 29 2475
21 26 2465
52 68 2850
20 57 552
21 70 2906
49 55 2730
31 54 1113
17 61 2674
12 67 1620
19 31 2913
60 44 2050
0 13 2849
14 18 1335
1 35 518
36 58 907
3 38 2793
72 31 2688
39 27 156
17 49 412
45 67 2685
78 59 1088
63 60 1382
42 11 1733
20 8 2183
66 0 447
57 66 1400
77 78 1756
3 76 1877
38 39 797
4 60 2146
36 73 1764
65 16 2059
71 18 966
78 43 2321
26 48 2120
73 20 2040
18 32 18
20 29 51
39 44 958
16 0 2645
18 5 137
22 42 1992
33 48 1684
55 71 2320
68 56 1067
55 10 2319
75 1 649
16 10 2700
8 25 1122
76 3 2889
70 78 2380
28 14 2879
53 77 2117
56 78 1340
71 43 25
60 17 2402
61 3 711
59 29 1936
62 10 2751
74 34 915
42 12 1592
17 23 663
8 62 343
36 15 2208
36 68 2649
28 1 1928
55 26 247
34 53 2030
14 34 1684
40 76 2308
56 15 1413
44 45 1471
41 2 2391
6 53 2432
40 15 549
56 34 2486
49 60 3
13 21 1781
17 77 836
63 62 2626
79 8 2387
53 40 677
42 22 1491
43 48 2294
55 60 1424
3 78 750
23 78 780
76 67 491
3 64 1393
12 43 363
49 9 230
39 16 2750
23 72 2880
43 25 1519
58 75 2473
11 19 47
18 77 2865
21 8 2189
32 78 276
56 4 2699
40 34 964
36 2 1055
52 20 1042
52 66 2192
64 2 670
58 38 1488
64 15 661
68 33 594
6 48 1631
2 65 413
49 66 835
5 78 1008
52 72 2281
65 41 1930
61 72 2463
29 21 2046
57 2 1976
52 73 668
34 11 526
49 31 1289
27 78 2484
20 22 2370
10 52 2542
14 21 1685
13 40 2526
9 10 1115
33 58 2426
5 76 1421
14 71 1578
66 58 1786
21 45 2710
40 19 711
34 58 1858
21 54 168
68 77 1540
45 55 1283
6 1 2400
6 2 1139
58 42 1127
61 38 57
44 65 534
34 77 2605
48 24 2675
36 77 1284
55 24 2543
56 59 1909
34 23 1053
60 29 1331
42 50 1661
73 69 1815
68 29 1401
20 5 2046
67 54 2175
48 36 1952
29 9 1240
46 1 1843
38 4 2156
15 17 1329
10 48 1705
52 2 1633
10 29 1081
43 22 1539
9 68 1043
65 6 1623
8 14 2523
37 62 530
29 4 2146
29 58 849
24 71 651
62 17 1120
71 32 1938
62 8 1968
43 44 633
38 9 160
62 50 2899
76 22 1729
25 70 37
70 6 2530
76 46 160
64 33 758
16 39 671
44 6 57
37 64 1851
79 27 75
33 69 1131
14 56 1999
46 53 1929
31 9 2654
41 77 1371
70 34 239
11 0 2438
20 56 1319
41 64 637
24 22 128
68 10 843
22 34 2187
74 77 424
77 70 1942
49 73 73
66 15 178
76 14 1321
40 12 1406
42 25 783
12 28 18
28 5 2064
12 41 2055
64 54 1983
31 10 810
40 67 2761
12 15 2675
44 29 1944
27 52 2458
54 68 117
69 39 387
4 15 2172
19 22 182
61 67 1689
60 66 240
12 79 2606
59 45 2191
17 18 1956
26 15 2364
50 69 102
32 79 789
10 24 2277
23 35 582
68 30 1795
36 57 919
44 73 2814
63 28 371
75 45 695
13 20 1697
32 43 662
5 6 1345
78 47 394
41 12 2621
62 70 1333
22 65 1021
63 73 1993
43 2 772
26 57 2076
34 9 2126
50 19 532
11 35 1051
77 60 1072
50 28 2652
6 36 2841
25 58 1050
65 8 1826
0 36 1773
49 42 253
38 58 130
36 48 1473
1 52 107
30 23 938
69 65 46
78 31 1605
24 26 2365
14 38 8
50 64 1150
12 10 2110
41 21 1031
38 40 331
25 15 1104
26 49 1836
62 19 2532
42 44 1292
13 33 161
73 6 944
25 77 2367
65 40 321
39 3 433
24 79 536
22 56 1920
61 77 2375
19 57 2307
50 66 624
16 27 1220
6 0 2563
37 30 1083
5 70 1483
24 43 1816
56 33 1526
42 10 2823
23 12 1971
24 78 2378
14 74 2202
33 14 702
34 29 63
9 56 2573
6 49 953
35 1 1102
9 69 347
25 45 670
43 12 65
74 6 287
74 5 1232
69 76 886
73 65 559
69 34 1206
18 70 1162
65 0 2522
53 30 279
34 36 2890
13 2 2581
10 4 2079
61 74 2847
70 29 1223
5 22 2433
13 45 425
18 54 2730
78 3 2485
79 50 2450
27 58 2127
41 24 563
32 20 2880
66 64 274
44 33 2460
42 73 438
75 68 1348
23 31 931
46 61 1804
65 5 1431
34 12 2875
15 54 1705
43 49 2003
15 75 1652
71 77 2214
23 32 1923
14 39 2892
61 33 1418
18 44 717
32 74 1898
14 68 2871
25 75 303
5 68 470
0 25 1973
18 22 1566
1 60 774
27 73 1409
38 48 1731
60 27 2391
14 29 1315
34 5 1060
56 53 2645
36 33 51
76 32 544
3 61 300
62 47 695
52 61 2480
21 6 2632
41 23 1465
71 39 2125
73 78 220
2 31 690
43 54 611
6 10 1768
61 17 1833
23 64 1631
23 74 2564
28 54 1344
34 59 357
52 12 2912
59 75 2254
49 28 2289
19 28 1714
18 13 2447
61 11 2724
2 28 529
50 20 1334
29 65 783
27 44 2434
76 12 1760
27 55 2644
3 13 2901
48 56 2145
74 15 840
52 78 1158
11 56 1414
35 42 1606
11 64 1030
29 46 2454
21 28 1930
3 9 2228
70 48 245
20 44 625
32 49 503
62 43 2524
17 65 60
29 27 991
59 56 2577
47 32 1971
38 30 2239
52 55 400
17 27 2571
11 65 630
21 68 224
39 18 2784
76 23 252
65 67 1646
3 18 1086
38 65 179
9 35 2856
48 13 2501
66 29 1440
57 15 1191
57 21 2252
3 27 1291
39 6 2498
6 21 921
12 71 1630
4 24 486
52 8 2268
32 27 16
42 28 671
31 71 678
40 52 1526
66 13 1479
12 26 2702
11 18 498
23 6 1243
71 21 685
67 48 1880
2 5 2254
32 14 1516
24 4 1357
39 61 2469
37 22 164
9 30 737
33 3 1794
12 23 126
50 55 2536
58 54 331
5 38 1127
23 29 2203
76 34 309
37 2 2066
32 55 329
18 59 2090
16 25 1670
8 16 819
29 32 687
21 17 2332
28 34 451
76 64 110
18 43 2114
37 56 2693
75 59 2718
53 39 1467
77 44 1370
10 35 1344
57 27 510
6 13 72
78 20 908
9 62 204
65 31 408
76 62 383
73 4 1573
56 21 2850
59 57 1385
73 46 1064
25 47 912
48 41 2184
18 47 2749
63 35 1353
64 38 2896
8 59 1704
33 46 655
74 69 1006
12 48 2266
78 15 634
67 3 44
38 26 1918
18 62 2381
56 64 2159
24 31 1938
39 64 2100
35 25 1969
57 42 614
22 63 1125
56 37 1726
62 12 933
28 38 1479
12 5 1769
73 70 1751
5 32 1111
58 62 2685
69 14 623
48 70 1852
65 76 338
78 16 2879
77 34 2203
62 49 185
32 73 229
35 56 2765
24 40 1351
10 55 1927
2 12 396
10 39 207
64 5 1500
57 11 259
52 39 2800
18 26 398
3 26 2208
4 29 1349
53 14 1904
73 22 689
2 11 582
27 64 1276
34 15 595
42 3 99
67 10 666
72 65 911
69 36 153
46 39 1090
49 2 778
37 17 1582
67 57 1580
23 20 520
26 46 438
9 32 2408
76 55 1276
65 46 2376
19 69 364
5 4 2845
63 27 625
28 36 1051
47 42 2484
21 42 1292
1 62 1876
20 49 1978
60 50 214
68 39 707
73 34 1230
71 36 892
56 10 2742
42 66 1796
35 63 49
48 10 1834
32 45 2139
63 17 642
47 20 827
77 68 1438
15 21 1275
48 57 160
55 2 1752
14 47 2267
55 64 2106
3 73 2478
22 55 1616
55 72 2038
79 6 2535
48 22 1181
10 40 722
31 40 1891
12 38 320
22 20 2801
16 79 1731
59 8 1509
76 77 1046
30 25 1813
19 61 635
52 75 97
26 28 1056
55 12 1994
39 33 2397
47 5 1775
32 34 2037
60 76 1611
73 44 2470
46 59 650
35 30 2352
56 48 11
70 55 2551
61 16 212
13 5 982
39 17 1389
1 9 2521
6 44 305
65 50 2825
41 6 2055
33 37 378
60 0 646
57 33 274
45 2 1550
28 9 1766
49 67 573
10 15 2461
67 16 1318
39 54 2765
13 24 728
22 60 1286
42 16 1775
78 44 1876
32 56 1515
71 64 797
12 0 2164
79 55 2637
23 9 610
35 52 2676
29 69 1345
31 23 1661
74 32 135
42 59 1604
20 58 36
8 70 1213
73 63 799
53 33 1246
67 34 681
11 21 1211
47 25 1136
26 76 2074
50 2 155
17 16 908
5 71 1081
76 30 546
4 2 68
55 63 2420
72 16 709
65 55 223
37 4 248
55 46 2291
73 68 941
9 13 2764
39 28 1251
67 59 1480
63 55 147
14 43 966
14 65 1487
39 31 1675
26 29 2317
6 26 23
67 18 662
27 37 1034
59 12 1970
38 25 716
35 36 101
30 75 2602
71 15 2162
15 1 2684
48 35 1512
23 26 1007
19 66 1859
62 31 2679
4 33 747
55 44 1369
21 11 1292
49 47 1521
12 59 1796
21 3 1921
35 27 2862
1 75 903
32 70 631
30 34 1014
50 15 121
20 33 1778
55 73 1375
69 32 1427
36 39 1526
72 14 374
69 41 607
2 1 1428
64 49 1079
67 76 1024
56 26 1629
65 1 1380
57 52 1677
63 0 954
74 27 1802
78 25 930
76 38 934
74 16 2650
13 11 1808
76 57 777
64 52 543
15 24 813
52 50 1259
21 16 980
57 74 1486
69 67 2252
13 78 753
59 47 2510
9 78 287
11 10 559
54 6 1042
68 34 1027
12 66 2708
71 14 1123
18 3 1641
60 25 1253
8 11 384
67 60 2
19 41 1427
5 18 186
13 57 236
59 60 2517
3 66 300
65 63 2561
76 19 982
63 53 544
49 0 613
37 16 1972
74 52 1358
1 25 2560
24 33 698
6 58 378
56 55 1481
23 76 1416
8 49 1613
53 47 2068
4 57 603
48 31 1822
35 2 2579
72 6 164
53 43 2388
46 11 1455
4 73 2844
70 5 1514
21 77 2412
15 38 285
78 75 2752
78 8 421
61 57 106
52 46 1684
52 10 184
10 13 2400
12 31 1825
52 41 2861
16 48 2705
55 25 1450
44 43 699
56 61 1902
68 70 2273
9 63 1649
22 75 1986
23 37 349
3 65 595
48 52 2632
77 76 769
4 70 10
17 29 2787
22 13 2275
14 40 2906
21 72 2466
78 60 1107
74 11 1287
33 71 554
70 25 1938
77 62 591
30 24 729
41 58 368
15 44 832
58 65 1083
43 18 804
45 76 982
25 49 1474
6 71 2485
70 61 2215
23 40 750
22 70 1137
62 61 2748
55 32 968
76 56 1793
37 60 1256
42 56 1671
55 75 270
23 38 1445
65 45 2594
29 34 2904
36 22 972
52 45 1555
79 41 1299
78 41 557
48 12 1676
29 45 1080
42 62 1567
14 33 675
38 63 35
17 50 2638
22 50 2099
53 4 1317
57 23 2160
28 10 2799
26 35 2583
19 48 1633
56 46 2409
25 73 1040
79 49 864
11 14 2459
61 47 373
32 62 856
71 1 2838
47 17 1364
31 50 2897
28 71 180
15 16 1314
29 43 953
69 17 302
27 28 646
6 35 2590
32 72 161
3 41 2115
0 78 37
66 20 1129
60 65 501
24 17 1664
45 35 493
54 30 1201
5 79 1827
8 50 2230
39 55 548
63 25 414
50 37 2886
73 71 2831
47 75 784
52 65 2316
11 42 1103
16 2 759
30 14 1784
9 73 1236
50 43 1247
57 68 42
20 69 927
0 8 1971
60 79 140
0 54 103
32 6 53
3 68 1328
0 21 1219
45 56 1437
48 66 2476
68 69 1037
24 62 332
8 44 1218
62 34 2718
19 38 2845
43 73 2561
36 74 1309
37 46 1264
31 34 2123
26 24 2541
36 28 895
24 27 2113
26 72 214
20 42 2607
59 39 212
61 52 2621
50 25 2115
9 58 1135
23 14 1638
34 42 2565
0 14 314
20 55 1897
12 68 2237
65 19 456
43 21 2283
3 52 1740
10 9 2086
58 70 63
74 55 853
19 10 1921
29 37 1966
22 14 800
16 78 2460
29 73 75
28 78 1595
62 79 631
55 70 2509
11 46 1568
3 75 1817
21 56 1192
11 16 1379
46 77 2710
27 3 1878
49 17 20
64 25 1543
27 40 1191
66 48 1560
27 43 420
30 36 1558
16 28 1534
34 19 698
6 15 1394
42 65 1649
65 66 1425
25 0 804
45 37 714
36 31 2566
54 67 611
78 23 433
24 8 92
48 27 1545
75 72 1078
9 47 2644
54 14 1333
18 15 788
52 11 1475
5 57 1778
14 52 2310
63 40 786
8 67 1592
8 23 1270
18 72 829
17 58 1317
3 33 1928
74 0 585
17 60 2805
6 16 286
10 23 108
69 26 1637
4 67 2773
1 74 1841
11 3 2821
73 23 1250
19 73 2451
18 19 773
60 78 238
11 1 811
46 60 660
63 64 875
65 18 1639
22 43 83
56 73 617
9 21 954
39 24 1922
25 22 927
74 58 1553
69 78 319
38 1 1838
28 18 1106
32 4 313
68 19 667
28 27 737
49 74 1205
18 75 2531
45 59 609
78 35 284
8 27 1438
30 50 36
36 44 1061
15 6 1175
71 6 2650
63 8 783
46 73 2110
62 21 1572
12 1 2401
38 53 2198
26 8 1901
72 63 1735
57 24 2722
25 1 1615
71 31 161
6 78 700
70 39 2679
69 24 565
9 59 655
21 35 2062
21 53 553
79 21 311
67 53 2592
27 35 1215
17 4 742
1 6 442
46 72 455
66 39 2085
67 25 2175
79 74 1963
58 63 2348
26 74 1940
50 74 1731
16 35 1516
41 19 164
5 44 2404
52 18 1812
49 62 1969
78 40 492
49 37 2584
52 17 1132
57 49 2324
31 78 1550
35 47 2881
55 78 1955
8 0 1348
6 79 2017
28 23 16
31 44 1302
40 9 522
5 67 2224
25 27 646
67 58 730
3 37 187
14 22 1344
35 50 2904
71 4 1811
72 30 1093
66 60 87
62 30 1432
61 8 1945
8 26 86
75 11 2902
25 23 2215
16 73 2419
46 54 1589
59 32 83
9 71 1771
3 30 2849
21 25 629
30 45 1613
23 17 2841
37 78 664
1 48 2825
76 73 1476
50 13 278
40 1 1110
45 54 2844
12 62 1840
34 55 667
41 44 1790
20 50 313
15 0 2582
48 38 2665
11 8 1447
68 65 1361
26 11 151
55 38 1346
53 52 212
54 46 937
76 1 2682
52 25 1903
63 13 941
45 6 1366
27 11 235
49 21 1938
52 21 2078
59 22 1816
32 29 2828
49 76 1987
54 35 721
53 25 1877
67 55 437
13 8 673
64 75 2768
3 1 2261
45 32 2654
35 18 1394
60 46 2311
8 13 2472
16 20 2242
75 20 1338
24 10 423
48 73 780
41 3 2025
13 70 335
58 79 693
13 37 1591
75 29 395
8 17 2437
20 32 1773
22 40 2610
72 70 1326
21 47 1087
52 32 503
29 8 2581
2 57 1055
12 60 334
49 46 1272
71 79 920
71 78 2441
6 27 1901
14 2 2705
72 49 2771
21 29 2817
68 21 1010
29 53 1476
21 34 2081
18 23 790
40 50 2691
42 46 1607
9 41 2708
22 44 828
8 46 920
28 50 1195
38 23 2224
30 11 2092
10 75 732
65 12 0
8 42 2082
0 46 1518
23 58 79
2 14 2708
65 56 2444
62 68 2317
74 33 2125
41 61 2361
18 12 2632
54 2 516
29 35 2131
22 9 2742
22 19 2712
34 10 1313
40 25 1137
17 31 1487
44 77 602
1 76 2061
9 5 416
66 40 810
70 44 2751
36 61 2710
23 13 1405
61 49 1707
50 61 1621
13 12 1781
61 24 2277
76 69 705
15 61 1019
24 65 2554
33 26 923
17 63 1905
16 4 2189
40 63 1703
33 12 2243
14 64 2194
19 62 1682
44 12 275
45 48 1993
68 55 1543
78 26 927
22 58 2255
34 22 968
19 46 181
48 9 1331
57 46 1765
70 59 2251
75 58 642
12 37 1630
62 37 1686
75 48 772
71 0 558
19 54 610
26 33 2761
4 21 1763
55 34 1686
64 57 249
47 46 61
25 63 841
34 56 2165
45 42 1338
59 17 1581
62 3 298
69 15 2227
78 30 2361
39 10 2321
69 72 38
26 42 192
61 23 2554
32 76 2416
77 16 942
28 32 2625
25 36 1842
58 6 1862
64 45 422
52 22 301
78 33 2860
35 20 1670
55 54 2222
52 31 2751
69 4 682
14 10 430
24 59 997
75 19 181
48 21 2380
39 76 2542
70 2 430
12 64 830
67 79 1183
75 24 1471
4 41 1356
74 21 1192
26 3 1536
9 46 103
72 54 734
13 76 659
59 19 2160
50 46 2284
1 33 1471
35 76 1221
72 9 2682
58 67 754
36 11 2478
74 9 2292
46 45 2611
37 72 2726
73 30 2810
64 56 2232
63 70 1549
16 23 1017
28 40 1196
53 61 2096
70 60 2232
36 75 2803
19 64 1803
33 75 1199
32 5 2622
55 45 1384
79 34 1486
74 64 2031
61 63 585
79 19 154
63 33 1799
32 2 434
53 26 1912
29 56 1792
24 23 1562
6 62 185
53 13 1301
72 79 1702
74 23 2557
17 43 1263
67 31 160
6 60 1810
43 63 2150
15 78 2268
66 24 259
40 71 409
59 14 2240
2 48 772
13 27 1778
0 41 672
32 3 2149
32 11 517
10 45 2159
30 0 1668
30 58 2223
56 79 1873
35 24 2892
74 39 1938
71 66 1666
42 64 1180
57 36 2723
40 78 2129
31 70 1333
13 39 877
76 13 801
28 19 1578
19 59 2893
24 70 938
20 17 951
66 70 299
41 20 296
77 12 1682
44 46 770
53 70 1279
32 12 1787
72 17 2709
74 41 1409
26 77 485
31 55 1120
76 9 1814
15 26 1353
39 79 2496
72 44 1648
34 54 2373
40 4 2873
40 66 661
46 48 349
47 50 1070
38 62 2342
74 68 2855
70 14 1100
23 59 795
75 69 2552
73 10 1739
8 4 2578
15 77 1107
38 67 849
70 21 2535
29 26 1927
39 66 339
26 62 207
15 31 1050
37 21 540
5 14 314
44 2 824
39 34 1632
18 29 2830
33 27 1076
74 26 2375
22 72 248
58 8 1905
13 64 927
4 12 1167
43 56 2312
61 68 1511
25 76 1520
77 0 445
14 31 1242
39 8 2240
17 69 2819
78 70 2583
43 50 2359
43 66 965
23 60 1727
57 31 2636
67 6 352
33 11 1371
66 10 1076
27 4 16
69 54 2691
61 60 2504
38 18 1654
16 75 1047
17 62 2335
56 1 1732
67 61 487
4 27 588
60 31 925
62 9 827
5 9 1312
78 53 2637
39 25 1909
22 38 2391
24 11 125
71 54 2097
44 69 122
62 74 1714
4 78 1927
40 56 1565
19 24 2016
39 41 2037
15 20 18
55 37 464
70 23 2047
46 58 381
32 53 1510
74 61 1305
57 73 778
27 32 2354
58 37 1164
21 64 2574
36 41 1872
47 62 2786
10 63 697
27 38 1306
9 38 1899
2 6 1592
57 29 1615
16 63 688
39 19 1272
43 19 2741
1 45 2856
19 1 515
56 38 438
36 49 2458
35 22 2057
74 3 318
42 13 753
38 79 1547
77 21 1215
37 9 1180
15 74 952
52 15 139
52 36 1211
3 8 1768
49 78 2049
74 24 2287
27 21 1386
72 0 195
69 18 494
20 45 2711
75 64 152
28 60 874
74 75 2610
30 9 1609
65 68 1274
30 73 2210
13 42 1507
56 65 846
28 29 783
78 10 278
77 42 486
67 4 407
39 72 806
27 15 494
46 57 1282
66 12 250
21 62 1796
77 13 1213
25 61 1090
76 2 2702
62 78 563
49 75 2870
5 19 293
58 19 908
79 71 1516
42 37 1239
0 70 2142
52 49 763
60 8 2490
21 33 1912
71 25 2441
17 32 1779
19 20 1971
26 18 1113
43 24 2679
26 12 432
17 44 1093
11 48 1424
57 69 1091
18 4 1462
48 37 1876
40 21 2074
24 25 550
21 37 745
52 14 704
2 30 2673
59 70 2904
11 5 1611
31 8 2268
14 23 773
64 11 958
20 62 2504
44 0 733
43 68 1629
2 74 2564
67 62 837
76 61 1864
26 21 1244
2 41 1344
56 42 795
74 60 1626
2 36 1123
71 69 2837
43 11 2582
16 76 2223
64 21 561
77 11 14
1 67 2679
30 21 2094
33 43 2251
28 33 373
36 9 2517
77 66 1454
45 1 1828
24 20 609
3 17 862
69 73 1404
13 75 70
0 28 567
46 17 1641
26 53 1524
79 32 2783
69 10 835
56 77 846
78 64 1619
66 18 477
64 67 2540
39 23 235
52 30 2741
69 21 905
38 76 1801
45 49 1988
75 60 996
39 42 92
27 54 1151
34 79 1132
14 46 358
31 5 1297
79 77 2432
12 16 2192
52 56 302
53 72 1720
73 60 878
46 44 1890
56 40 1208
60 32 1899
30 28 1982
48 30 2414
25 18 2119
58 55 2288
50 75 512
29 55 2860
43 36 2366
28 73 2229
44 48 2138
0 58 400
65 29 143
35 62 112
69 64 2175
29 72 1057
79 57 1974
30 43 108
11 69 2229
35 65 2505
64 3 1926
21 46 33
14 78 314
41 10 903
62 72 745
60 69 2824
11 45 1016
43 55 1113
19 74 2114
74 30 1453
59 76 1620
1 22 2597
33 70 1946
38 8 1822
53 2 263
67 71 2431
32 64 1814
62 27 1556
42 43 774
3 20 326
52 24 2712
12 21 602
37 61 1881
20 3 1019
35 45 385
20 31 1248
1 10 1560
19 72 1546
35 59 2069
49 58 1925
79 70 314
66 49 2729
5 64 2256
14 61 2309
6 30 283
71 56 1725
72 64 1284
37 53 2591
34 72 553
0 72 1952
77 49 443
42 24 1710
21 15 1487
29 1 943
20 64 2694
24 21 1315
2 46 2301
26 64 546
33 35 2111
41 60 67
37 50 1756
49 1 1348
13 68 2903
18 52 1213
75 54 1982
15 58 729
58 5 2885
73 37 621
47 4 1659
72 38 1067
21 43 1
26 13 1600
28 57 1378
31 12 2802
25 68 778
44 17 635
5 27 1498
54 77 2154
37 79 897
58 22 1881
70 74 1972
18 79 2491
50 63 1963
58 61 1245
76 29 2212
26 38 1643
63 47 1671
45 10 517
48 49 536
41 0 1238
71 29 883
28 77 544
27 45 2731
74 72 1594
41 40 16
10 64 617
9 72 935
59 36 2246
9 45 2900
71 45 1829
58 31 1697
52 48 483
1 61 2910
21 58 1264
16 38 2027
60 48 1894
1 43 1067
67 17 918
21 71 567
33 1 1323
42 68 2824
9 53 788
72 76 1732
55 74 2464
70 32 1855
53 68 590
50 32 2099
4 34 1666
35 79 372
23 45 2484
19 65 2447
20 43 820
41 35 1064
52 62 419
8 78 1955
27 8 2578
28 16 1766
54 50 572
23 65 456
61 19 1307
59 27 1095
70 11 1045
67 24 770
54 0 2106
66 63 2180
1 50 403
55 50 718
16 46 1528
68 62 955
8 28 120
52 44 1752
6 65 197
31 72 1608
11 74 314
26 73 101
78 5 535
8 6 1536
45 74 102
42 38 2832
36 50 1875
19 35 2346
22 41 908
58 72 1322
12 35 1401
79 73 1130
73 13 2094
8 52 341
10 79 967
35 9 1883
63 43 2720
73 77 1452
66 71 1323
72 27 1707
6 3 1124
69 16 154
63 20 1338
41 34 596
15 3 820
50 29 2712
73 2 2054
50 39 2016
9 79 1354
66 46 902
10 77 965
35 31 299
64 61 1693
74 62 2847
20 46 2518
24 63 2654
28 63 198
10 27 2312
8 9 2178
34 45 2818
16 60 1128
52 43 611
12 58 1151
74 40 1036
44 5 1229
1 26 1983
35 34 2149
17 59 2321
38 0 1507
17 34 1497
78 58 1776
22 39 1812
47 13 1867
40 14 993
0 65 859
66 55 1829
49 4 1877
73 55 2588
44 71 352
6 68 1136
35 16 533
65 27 2891
4 17 2003
39 58 2030
63 23 813
2 13 1080
35 61 505
10 47 1806
15 32 1821
77 22 2704
53 6 844
38 21 1905
20 16 1384
40 33 1118
59 2 2209
35 33 123
68 17 230
41 15 2430
67 40 1643
75 46 500
5 69 846
56 5 1201
33 18 1334
71 40 370
26 68 192
46 68 1101
16 50 2267
40 72 1217
56 30 2234
3 67 35
42 75 90
32 13 344
55 3 2286
30 49 1143
54 1 1006
40 73 800
19 27 2451
42 60 2522
27 69 2096
56 39 1560
16 29 24
52 76 655
61 30 2701
47 33 1288
49 33 2500
29 19 1676
0 4 588
12 17 2301
10 33 1920
63 48 176
30 56 844
77 58 7
30 20 184
41 22 998
43 5 290
0 68 111
58 21 63
50 1 430
79 44 1464
28 61 2283
32 69 2903
23 79 1346
4 66 505
20 24 2864
59 72 1040
68 18 406
71 63 2146
73 66 2565
29 50 2479
0 69 624
41 53 1607
23 39 2292
32 60 618
4 26 1863
29 76 2452
8 57 943
0 52 1039
24 67 1533
74 37 1762
47 67 2289
0 44 2253
68 3 692
66 61 805
41 55 2004
62 58 391
9 4 1930
57 63 2548
53 76 1508
32 59 2516
12 13 180
58 39 1963
2 10 2363
60 21 1197
17 20 354
3 62 1519
13 32 2568
9 54 1403
15 49 1263
78 9 758
39 48 1554
43 57 677
66 32 1920
24 73 294
33 31 1969
20 25 1519
70 3 2149
70 79 754
78 36 2479
10 38 827
61 37 1611
8 47 2256
33 40 985
15 18 1785
33 59 1241
3 28 221
33 10 2563
15 33 1527
65 44 1834
46 47 1584
28 56 2081
67 32 34
34 44 1086
55 21 2623
3 58 112
45 47 2777
58 47 1991
60 55 2670
38 68 2792
18 0 1773
69 35 2216
73 3 831
4 22 425
74 35 339
42 78 1391
57 10 140
60 6 1965
27 5 2091
15 37 2254
36 70 1184
14 53 2567
72 1 801
62 35 834
61 41 191
32 44 1719
10 42 1742
63 79 1742
43 14 1801
1 36 169
55 13 1358
13 43 1779
10 19 2832
50 33 2256
10 28 119
45 22 2646
8 29 633
41 74 75
19 56 894
73 67 2525
60 41 997
1 24 1064
23 43 1538
65 43 2606
27 18 1995
13 22 1970
42 52 1307
60 24 160
12 29 1735
58 28 1778
49 27 412
2 47 10
68 76 1584
8 73 258
53 12 2017
66 67 37
77 39 1264
2 49 2869
24 72 2079
63 9 1514
44 10 1343
50 17 767
6 39 15
61 59 1669
1 11 2749
62 25 1841
8 34 488
25 12 1316
37 1 2327
64 0 2713
62 24 2680
39 29 1501
40 75 2284
28 26 231
74 38 2852
27 77 1779
30 3 187
58 14 1138
53 34 1648
50 6 554
8 38 1297
26 9 1984
18 39 440
39 36 2493
50 18 1660
2 19 506
4 36 308
65 52 1132
1 79 88
29 13 1079
64 63 2769
41 45 2453
69 42 2590
77 57 670
26 19 1389
16 3 1190
11 25 1670
10 12 1510
42 76 1031
16 52 711
67 68 773
79 35 2816
36 54 2548
79 20 496
9 27 2801
15 4 2359
14 49 2828
65 71 2791
26 69 2433
79 0 1359
20 79 1271
6 76 1241
59 55 407
19 53 790
10 56 435
66 37 2289
67 0 1245
46 76 363
4 32 34
20 60 2560
59 48 1004
47 21 370
12 53 1399
20 75 1523
61 29 535
77 17 7
70 12 957
23 27 2397
22 4 521
57 79 611
25 67 1362
3 16 2784
55 6 175
48 15 2585
25 11 220
56 18 2033
66 21 305
79 30 1515
34 6 1613
58 25 371
58 16 2643
50 48 954
44 78 2831
50 49 2129
79 13 2647
23 41 2030
28 8 2071
39 74 1734
60 74 483
32 47 2220
35 14 1093
52 19 1856
63 39 611
28 39 922
76 42 2593
9 49 434
57 45 1317
78 69 2293
47 66 817
48 59 2271
22 12 535
23 48 2738
23 30 1020
77 41 1283
17 12 425
73 24 1777
8 76 287
47 14 346
58 76 1822
3 0 2186
54 71 1230
37 26 344
39 12 1527
74 45 2065
68 63 1125
75 73 1124
48 34 1512
23 8 517
53 1 1039
22 37 165
55 79 894
54 48 238
53 36 2774
27 12 2703
41 37 2727
41 52 2252
20 47 1866
76 36 1226
54 58 844
53 75 1496
26 75 2153
65 26 5
26 22 469
57 59 2771
4 23 314
32 35 1050
38 72 2605
63 31 855
38 13 16
30 57 2602
48 47 2087
62 52 1597
61 6 931
10 2 1680
59 10 1775
53 59 1672
70 53 865
6 5 2377
46 43 193
33 79 2442
67 15 971
9 3 2678
36 5 36
66 23 602
32 40 282
34 64 1336
67 46 1990
60 3 277
15 5 202
60 37 2898
65 59 1034
23 75 2802
64 71 1733
50 47 950
34 49 2746
72 69 2849
68 15 2340
8 33 1687
0 38 2887
18 71 196
72 45 1229
54 4 2753
17 70 1074
44 31 1140
37 49 1620
8 56 856
72 20 2666
1 17 2196
66 3 1246
42 8 2909
18 27 2075
55 22 1418
68 40 259
55 41 2799
17 48 892
66 43 2641
78 79 2538
43 30 2196
17 3 598
17 10 216
73 54 1095
48 60 1659
10 1 1095
16 71 1287
11 49 1655
31 76 346
22 76 2396
77 23 113
47 1 1127
19 2 2229
28 67 750
45 13 2211
56 9 370
14 19 2805
52 35 2767
67 36 2190
27 79 1219
15 11 869
8 37 944
45 73 2061
75 76 2043
15 63 730
48 65 446
33 45 1767
17 47 2130
54 65 1451
49 54 515
48 2 769
46 27 922
15 39 2063
54 20 671
22 36 1823
46 15 2565
15 36 2031
60 28 640
71 17 1158
66 62 131
40 42 731
70 52 2654
71 13 831
3 14 109
14 50 2109
20 78 1112
33 56 519
33 66 2264
60 40 2509
45 62 1405
74 18 500
2 55 293
14 63 1850
47 8 865
46 29 634
5 54 550
72 21 422
76 6 1637
78 62 662
6 63 260
43 27 835
31 53 150
66 68 426
69 56 962
20 11 69
69 68 221
19 9 2555
41 76 2439
16 72 2229
62 42 1036
25 79 1206
70 58 2078
56 20 547
18 30 2369
45 27 1730
21 12 2607
1 44 1707
55 42 427
11 27 2787
30 41 943
44 52 139
38 61 2775
45 68 1679
72 71 2424
25 3 896
43 70 1787
1 19 2743
79 60 1822
33 41 353
73 18 557
60 35 216
21 39 153
43 28 1697
56 49 2368
40 62 2676
71 61 2613
63 45 649
41 17 983
37 13 187
34 68 1005
3 35 166
63 77 2408
0 27 2636
55 19 1534
79 22 1542
65 23 2039
43 37 638
43 42 559
52 4 405
46 34 550
72 4 1765
31 39 1527
4 74 2813
14 36 326
53 50 994
68 71 2889
28 37 2534
79 72 1735
40 68 1670
13 23 479
41 28 782
29 10 2285
75 23 1882
31 19 2337
32 54 631
72 23 381
49 44 872
30 47 1771
3 55 8
62 40 2431
5 59 305
46 78 2489
14 13 1293
23 34 1663
43 72 1711
61 9 719
58 59 2627
74 50 1446
26 45 2242
37 33 2106
40 64 426
56 19 918
24 29 726
24 12 455
50 71 651
76 39 1311
29 3 1889
21 76 706
75 22 1214
30 32 2080
17 57 2401
44 42 2523
11 58 1709
3 4 243
73 41 2046
68 0 1847
65 34 1921
66 59 1995
74 31 1035
69 2 2529
17 56 738
17 26 1593
22 74 43
58 49 2771
11 78 1837
0 62 713
49 57 722
4 45 1756
44 30 760
47 69 364
20 39 2422
38 32 1395
77 32 1027
55 23 612
44 74 1537
13 67 2452
58 50 2896
43 74 2416
76 47 503
55 16 238
60 68 203
48 19 38
5 33 2118
79 38 585
28 64 1080
74 19 203
70 66 2456
44 21 2422
5 23 992
54 32 1582
48 11 621
4 18 1857
67 52 420
45 0 519
47 79 2428
14 69 2517
15 72 2273
58 24 1479
54 18 2145
4 20 1976
27 9 2152
54 72 743
44 66 1635
29 14 103
45 78 2792
66 8 1354
45 30 1106
46 20 2477
18 67 482
64 78 308
37 47 1601
64 43 710
37 74 1303
53 60 236
29 36 1286
5 37 2785
71 2 1182
39 1 2620
59 73 410
59 25 590
66 25 1647
57 71 1362
13 25 2791
13 29 1079
59 78 80
45 29 952
65 24 2912
10 66 2185
66 27 463
14 44 1959
48 58 517
79 48 2228
34 18 2327
46 64 2752
52 57 2793
68 79 2586
64 41 2281
55 47 509
4 3 26
13 18 2479
7 26 24
7 43 23
7 74 65
7 79 56
7 67 42
7 36 12
7 78 9
7 70 19
7 13 46
7 11 22
7 59 67
7 64 50
7 34 24
7 60 73
7 49 65
7 39 55
7 9 72
7 45 31
7 27 16
7 1 39
7 51 57
7 2 31
7 37 31
7 47 67
7 15 38
7 12 75
7 76 36
7 41 23
7 16 11
0 51 72
2 51 35
4 51 43
8 51 22
9 51 39
11 51 22
12 51 4
13 51 58
16 51 62
17 51 21
18 51 46
21 51 30
23 51 12
27 51 72
29 51 69
30 51 73
32 51 39
33 51 57
34 51 27
35 51 26
37 51 7
42 51 77
43 51 5
44 51 57
45 51 56
46 51 64
47 51 45
49 51 44
56 51 29
58 51 8
59 51 72
63 51 54
65 51 36
66 51 74
68 51 31
69 51 61
71 51 67
72 51 60
77 51 40
79 51 22
