53
74
43 68 2046
5 83 260
83 19 2141
64 42 1955
7 4 1076
1 7 1385
14 27 1915
61 49 729
16 78 1130
46 47 1157
17 36 1337
2 28 2827
88 56 40
4 22 1606
44 75 563
41 78 2765
69 68 1847
28 79 1798
36 18 1602
57 3 2548
21 60 527
32 71 2102
28 55 878
19 26 2221
7 5 2245
68 13 247
44 26 1237
43 71 1757
47 59 982
34 66 1571
47 8 2288
84 48 1445
82 17 157
86 4 941
12 9 811
69 64 2703
31 60 1715
0 8 168
84 68 298
5 47 2819
11 33 2431
46 64 2607
67 88 2081
1 12 128
30 62 1296
33 24 1547
67 65 2109
30 24 2568
24 26 662
7 3 1771
87 50 560
62 71 1689
47 65 2603
82 7 1242
17 40 596
1 40 760
86 69 2329
20 58 2808
33 75 537
12 62 616
13 37 365
38 72 312
30 11 92
42 59 2322
8 42 1665
83 27 203
67 16 990
79 68 1703
61 32 15
1 49 166
76 3 83
64 49 1970
47 71 930
24 82 715
60 10 2319
62 15 371
41 27 2361
8 49 1345
15 41 1112
6 0 2140
39 83 1131
37 41 383
60 25 1459
17 48 240
76 2 1749
30 9 1713
79 19 2724
73 16 512
71 49 640
67 45 2609
34 80 975
41 79 1244
68 3 2290
69 15 2579
25 39 2348
57 6 433
32 73 1372
71 67 1765
42 20 676
11 57 2863
89 36 1953
81 77 1265
76 66 967
36 3 1351
9 66 867
65 88 858
80 77 2384
75 9 2315
56 41 2379
82 0 1650
33 59 2404
6 71 1697
34 27 1395
21 43 1958
7 13 2675
61 75 1798
62 83 1505
73 72 1450
37 7 1682
33 57 2715
8 63 1936
86 62 126
55 54 2797
82 50 2513
36 57 935
29 39 227
33 88 250
45 64 590
72 26 181
78 35 1120
54 50 33
30 34 2690
85 17 651
62 14 2826
49 67 2399
87 79 275
18 9 227
17 21 1847
54 8 997
24 47 2030
68 72 271
79 37 843
79 66 1061
1 30 1937
0 73 947
42 17 2534
16 34 2748
59 15 658
70 30 1716
59 6 1564
12 46 1307
22 17 2541
81 84 1606
66 71 2115
72 24 2398
29 8 1717
77 68 1415
77 58 2227
70 41 1135
47 34 2256
28 30 657
63 66 584
32 48 854
24 71 1330
47 63 1174
27 43 2600
10 22 1260
36 1 1568
82 75 2096
83 30 1237
84 75 1457
29 61 2597
35 46 1976
19 58 1111
26 67 2057
17 75 2379
16 52 94
61 38 2270
68 26 902
25 73 779
59 49 1735
45 9 2461
66 58 837
22 67 271
69 55 2499
64 52 2216
0 11 1657
26 24 839
7 39 1848
44 65 1333
63 51 389
12 21 1587
75 16 2247
48 11 1277
8 55 271
69 60 2369
43 88 2411
36 62 102
69 32 1139
68 17 531
30 14 805
54 69 74
15 12 1035
76 35 140
51 4 2449
24 54 499
39 86 844
42 67 1562
17 43 887
11 83 398
70 55 194
30 79 2158
19 15 2268
51 61 1414
81 56 1147
48 1 706
81 46 2709
34 23 343
82 60 930
12 40 1687
25 76 831
56 75 1191
25 2 519
76 21 2479
56 16 854
68 86 2802
86 52 2640
70 61 1607
40 39 1954
21 19 589
80 17 2706
31 11 2635
7 70 1282
77 8 1065
86 46 1311
89 82 4
4 68 1237
2 56 1756
65 26 947
41 23 2565
12 65 678
51 62 2194
63 50 1845
51 64 482
14 57 2602
23 69 127
29 26 424
9 69 1217
68 29 679
26 16 129
8 7 1172
22 49 1086
41 84 88
15 35 2373
59 88 1924
30 19 2712
85 37 2624
69 21 1547
41 1 669
22 85 67
63 64 1035
64 77 1980
40 64 758
38 45 2685
11 66 102
65 58 1858
75 59 746
7 37 987
1 20 677
46 73 1427
56 27 1123
68 34 283
44 33 1283
89 9 2174
63 9 1053
73 6 440
78 34 1547
0 85 2189
7 29 2196
59 22 2266
24 16 767
48 45 1555
68 45 11
44 35 563
42 35 1143
22 13 1485
80 44 398
73 22 1017
56 9 1498
16 89 2754
11 63 2684
55 13 1148
63 21 2344
33 34 2048
55 51 2771
56 79 1456
89 13 1716
41 81 728
36 19 2377
27 80 1970
0 46 229
36 69 2241
16 21 1026
79 87 1284
89 47 1065
86 16 377
20 60 1659
68 84 1030
45 32 2439
34 47 225
1 66 2221
71 9 1919
1 13 2558
29 31 1901
22 34 927
25 26 891
54 14 1930
5 66 147
48 19 1463
38 19 2660
54 75 2346
78 63 2604
85 63 675
2 5 2033
86 80 2688
47 81 1988
49 39 2282
9 23 2530
10 46 1475
18 3 57
23 68 2753
76 5 337
49 5 1448
71 23 1891
18 77 432
17 65 577
7 24 1104
86 76 2282
22 75 1852
66 72 511
78 66 684
48 28 879
47 83 1908
55 41 1229
48 38 604
16 62 2601
44 16 1776
68 81 2772
27 59 2536
1 45 1460
49 24 1652
73 10 1549
9 85 1737
42 22 2286
70 50 1518
3 79 1886
49 80 747
85 81 1203
10 56 2416
59 64 1863
62 88 417
78 29 1600
82 4 2682
86 81 1276
27 64 2623
36 39 2064
78 39 1735
51 36 1871
77 4 1519
43 4 2497
51 3 798
44 34 275
78 18 855
82 58 859
65 85 2359
29 45 2852
39 8 1846
11 1 1535
61 4 250
44 22 1806
41 67 2483
71 50 2292
89 33 2260
44 21 1758
37 27 2783
33 37 2221
27 78 937
88 80 2111
7 50 286
54 79 2358
30 2 1204
79 2 693
6 27 2154
36 40 1746
13 8 1381
33 83 10
72 66 785
21 42 1201
83 44 1632
48 58 430
40 1 1221
14 25 1259
78 49 1575
8 58 2531
61 44 2486
42 1 2058
30 86 2599
58 57 2600
10 26 911
55 84 2795
51 5 2776
32 17 979
32 51 782
70 31 2167
83 5 1501
78 2 1967
12 26 496
16 24 1276
47 75 702
41 26 1587
1 89 684
4 67 18
34 65 2075
23 43 386
31 7 2634
6 32 2583
87 2 2616
47 85 1923
88 66 2825
26 60 1941
20 37 839
5 71 1390
89 68 2673
13 66 1785
29 11 1029
87 71 2552
85 58 1193
62 20 1166
81 47 1428
14 7 225
62 6 636
62 86 2065
86 11 2092
46 23 944
12 39 599
71 30 1908
15 48 172
54 16 1627
15 0 2120
54 19 2198
20 75 1344
78 5 2830
72 47 2610
5 4 920
75 40 326
62 24 663
43 37 1893
63 52 2145
46 25 2466
4 42 960
26 19 526
67 14 1132
21 10 736
46 9 1692
67 38 1093
37 11 818
61 43 1650
49 58 580
84 37 1917
25 0 345
4 38 225
57 60 1330
4 11 580
88 89 1329
33 51 960
66 59 2621
10 58 481
15 82 30
52 61 2739
58 89 422
67 49 1187
26 14 1255
31 80 912
45 84 2298
69 22 1848
16 28 1176
17 73 2327
64 2 1830
28 34 2750
47 12 996
64 12 579
44 51 744
1 44 2662
45 81 389
32 4 1879
35 56 1326
26 8 2652
75 1 2428
61 78 1229
1 32 630
32 81 917
4 66 359
87 66 2403
62 72 1452
58 47 2058
7 43 2610
52 80 152
69 7 1080
38 31 836
13 52 2360
41 88 2740
39 88 23
16 46 586
43 28 1116
46 24 1868
24 36 1332
26 61 652
56 68 1828
28 19 1520
6 43 1597
29 57 509
35 49 2341
52 8 1161
25 3 652
73 87 242
27 52 1038
58 13 987
8 2 205
9 59 2636
27 14 2059
76 50 673
73 15 1735
10 71 2086
77 25 1962
47 87 1807
14 59 569
14 67 839
11 26 1657
70 7 589
48 81 2162
58 50 1543
86 77 2716
82 44 2296
40 80 1474
20 35 2153
43 14 2131
71 39 1683
10 32 2685
5 38 938
63 84 2081
25 45 1203
54 7 1101
27 75 1660
78 9 1872
25 69 1881
8 47 266
71 58 1650
6 75 239
67 52 5
35 6 578
43 47 1634
87 57 2735
45 44 223
14 63 1506
46 43 449
57 66 1213
6 55 2273
14 32 26
9 41 395
4 0 464
89 86 781
20 63 1278
75 47 1543
27 16 708
27 36 819
75 5 782
19 16 1567
25 59 1966
73 31 1374
6 9 163
20 86 2803
12 86 38
32 28 1427
50 35 1167
64 17 2535
78 48 2078
65 22 1262
16 1 1751
84 38 421
57 88 2772
41 22 1089
64 71 1937
50 65 2034
32 45 959
56 67 1127
83 39 22
26 35 1441
32 80 1445
59 26 1126
62 40 1268
8 54 495
75 25 2863
2 43 2172
45 46 2809
2 10 1677
5 87 2804
47 77 1919
23 21 1671
5 43 2581
25 36 1920
16 41 2557
19 29 681
87 18 86
64 58 1969
16 26 1743
33 55 1334
50 31 254
76 49 1802
21 82 856
79 5 296
43 72 1859
43 2 878
60 24 1058
28 39 1796
37 86 706
6 29 479
31 83 2403
54 29 590
59 81 2797
15 58 1284
59 70 961
7 25 9
6 58 2509
50 27 2215
88 9 37
9 79 1374
31 8 2174
85 77 163
65 79 787
80 62 1937
58 76 684
40 49 962
58 25 912
52 71 1020
9 45 2614
4 49 1005
21 71 2616
81 89 1658
31 30 823
21 44 75
64 48 2841
28 29 2251
33 79 1807
47 13 1682
28 75 1209
23 77 2745
77 3 2373
20 78 2151
22 26 325
46 68 2225
11 28 1779
29 47 370
21 62 1488
56 50 2063
6 61 1846
3 24 2164
25 21 2415
84 55 1599
12 50 1326
59 72 2674
23 80 2119
9 72 419
62 19 1156
78 82 535
26 43 1864
32 72 2546
40 68 127
62 89 1629
23 15 1650
7 71 2275
30 51 1820
16 5 2850
77 32 112
24 38 2460
60 13 721
28 54 2360
41 37 2326
68 16 2447
13 39 2275
20 64 2584
20 62 2562
83 69 1750
81 12 1526
66 20 452
57 80 1957
36 23 311
32 62 1338
16 50 2538
11 84 310
23 29 2723
79 62 240
0 34 2586
37 25 339
69 25 1880
54 0 1546
80 72 2495
54 56 1920
76 40 2803
45 86 373
23 47 793
9 12 748
11 44 2608
77 61 2457
52 79 1706
78 37 1251
7 56 2240
15 45 2416
81 33 829
73 70 18
56 81 1470
28 84 1740
13 10 2298
18 55 2073
29 81 2311
45 14 1440
38 52 2120
35 42 1729
58 49 801
2 50 1230
50 84 1466
22 19 280
25 15 483
25 14 220
75 88 1221
58 61 1643
39 34 864
12 88 1403
17 44 2551
45 24 2089
47 28 1997
14 82 291
62 51 2315
14 77 1444
78 25 2047
44 37 2395
30 88 1588
77 89 1339
67 57 274
9 10 240
89 64 697
85 19 1748
46 54 2505
65 52 1365
28 68 2691
61 85 76
88 76 270
21 84 2622
19 39 1591
52 64 333
15 31 696
76 36 46
11 86 1929
47 30 1637
5 62 2227
51 63 1351
79 59 276
86 32 242
4 79 996
28 85 288
67 20 2071
77 49 1271
86 58 2060
39 20 2150
3 86 2837
36 64 2014
64 80 1181
33 5 2710
55 16 342
46 30 555
10 35 1712
65 1 634
28 13 2181
81 68 104
84 31 588
55 5 1091
42 6 543
28 37 987
81 32 675
14 89 312
13 69 285
82 83 1935
86 8 2787
38 41 842
59 56 1860
7 87 2140
72 0 1362
12 4 31
72 6 1165
73 25 593
6 20 158
81 62 2863
73 57 334
9 21 681
67 63 1872
6 36 1030
2 63 832
87 44 2148
8 22 1462
84 56 358
23 67 264
47 31 950
38 37 2336
50 23 1996
28 46 2204
63 30 2546
82 45 1749
23 5 854
84 29 1965
12 66 1781
60 29 489
87 11 543
10 39 2799
81 51 577
83 77 2726
58 33 399
50 38 255
20 76 1825
62 41 755
52 69 1794
4 7 1495
1 81 123
72 85 497
30 32 158
16 76 945
52 66 671
83 2 1370
16 27 1554
85 16 1578
23 19 531
46 45 1056
1 60 1552
48 51 2289
5 16 42
72 84 947
68 44 1238
38 42 2430
4 35 1982
10 31 2006
73 81 1431
8 18 1930
54 62 1066
42 15 2535
6 48 1746
83 43 1591
60 89 421
50 66 528
64 75 1682
84 88 2281
84 15 269
14 50 710
14 84 238
80 78 811
18 2 1527
30 4 416
58 15 725
67 4 1478
87 33 791
57 85 2789
66 9 1441
18 38 2401
3 2 262
84 45 1762
8 9 720
29 14 1238
11 37 1435
84 71 908
84 83 2130
16 2 905
16 47 1510
65 80 2656
9 39 1184
0 64 1191
68 38 973
63 89 2272
49 17 843
7 42 575
62 46 699
47 66 2647
10 80 1340
24 87 1506
76 37 1139
62 18 2839
30 26 2592
16 51 876
39 5 839
24 29 2420
82 42 138
58 29 1958
89 41 2682
1 70 96
89 52 1571
85 1 1947
48 40 2156
60 54 1748
83 15 302
27 87 547
75 54 2018
39 28 1093
25 7 8
3 68 1151
23 52 2433
61 48 848
51 48 2704
40 35 1523
82 5 1425
11 40 638
88 15 1901
41 4 2126
8 48 1506
60 16 2107
33 2 652
1 3 1021
6 50 2712
68 87 190
10 88 338
14 9 1645
16 81 2824
57 15 1815
23 0 855
45 60 1150
72 52 262
33 18 1698
44 64 1850
65 35 399
76 72 2817
25 11 1048
44 42 155
83 3 1245
26 34 1311
36 15 2734
70 85 2224
62 44 87
38 68 2739
13 54 2521
69 12 1573
67 34 423
52 25 2823
58 62 1710
19 13 751
18 14 782
77 22 723
77 72 853
16 65 1413
83 4 2383
62 17 2286
37 75 971
60 8 2708
1 78 1167
27 50 2352
40 71 148
22 70 620
37 20 1076
1 46 1853
37 81 1535
7 40 455
46 5 269
77 83 1076
57 18 45
57 29 1735
25 1 1938
31 13 1258
42 32 435
63 34 1214
33 8 2766
20 25 1796
21 23 532
33 20 1694
52 55 510
45 34 1242
76 84 1152
11 54 829
20 41 1162
40 25 2139
80 85 2190
39 82 2015
81 36 1151
67 60 1704
65 51 1213
68 22 933
4 39 1566
18 33 1185
31 88 802
18 67 755
27 32 924
58 30 120
86 0 2854
55 9 670
28 40 1941
28 26 845
28 43 1185
32 29 2746
11 19 1144
32 54 2468
41 9 2699
69 1 2049
25 41 1694
62 28 1028
82 27 2143
7 23 2282
57 63 2845
24 57 539
61 42 1427
75 19 1223
1 56 701
36 12 1949
52 24 409
64 66 2263
2 82 469
37 58 29
7 46 2702
12 56 1569
71 33 2049
67 3 1628
66 65 2424
64 65 2293
59 38 2253
19 54 1123
79 3 57
84 52 2135
63 87 1286
31 4 1046
42 87 1267
79 76 2658
82 57 2002
27 29 416
81 44 1184
17 58 2295
15 80 1812
16 56 1043
62 34 2473
4 51 1342
68 42 848
73 55 2231
49 11 1215
38 65 482
44 12 2818
41 60 799
35 70 1586
20 83 2310
71 5 2435
87 10 1195
11 29 2093
4 12 2646
46 31 2495
69 18 1867
46 87 1563
7 75 805
32 41 2434
83 13 2806
46 32 1048
6 40 1804
42 69 1385
35 63 892
55 69 1119
83 31 496
18 89 1252
23 86 1930
7 85 1407
66 31 513
5 80 912
29 43 988
62 50 1037
29 22 337
10 23 2254
32 21 2730
11 36 1610
3 40 883
46 65 1833
78 14 2008
24 27 1226
42 63 2000
50 9 200
57 73 578
10 55 1497
2 81 2028
59 82 886
7 76 216
49 9 1772
79 73 1634
6 72 703
15 6 504
4 63 2527
12 29 1698
51 87 666
5 54 1540
68 6 1454
25 89 1731
17 3 2701
61 30 359
41 85 15
2 51 1739
12 23 1961
85 25 965
37 62 630
16 64 683
67 36 2772
83 23 467
28 81 1511
24 33 655
43 17 1953
79 41 844
15 30 2188
26 22 2245
83 78 1570
76 64 851
17 38 2221
24 62 613
1 71 1103
6 14 608
58 43 2578
23 25 62
8 59 2079
76 10 153
89 22 1219
20 65 2324
50 61 1374
21 18 2741
50 79 394
60 84 2711
55 4 381
67 81 2425
21 75 1644
47 69 1682
51 57 1597
20 49 1186
45 56 266
6 70 1935
61 68 1054
47 10 212
65 70 1661
79 12 1389
25 57 1993
24 52 1034
24 18 2018
22 18 866
42 29 2649
69 50 2235
41 17 2473
73 44 2448
4 28 1746
16 69 226
60 77 125
69 0 928
7 79 1988
27 46 2088
5 32 2738
76 80 1557
21 32 1710
2 48 2788
44 41 1098
61 9 2274
78 12 903
82 31 738
15 43 562
46 86 1270
5 56 354
44 70 652
49 7 1759
76 23 2302
49 41 650
58 12 1510
27 65 2747
65 0 1431
41 20 915
25 80 1114
81 72 2599
3 60 2014
85 51 935
69 42 914
23 81 2021
11 62 1924
49 43 810
82 70 1327
18 64 1609
17 70 306
3 17 1551
78 15 1603
3 49 1442
89 72 1101
69 40 2207
59 43 1252
35 80 2410
59 28 842
48 73 1392
47 9 997
87 29 17
1 29 1143
66 4 2566
78 84 2215
40 47 2410
52 38 1274
67 71 442
23 50 2786
51 78 2520
84 47 1678
58 42 2364
17 7 1099
3 50 2364
89 42 1786
69 58 2793
70 64 1107
61 59 335
5 11 2100
70 16 2407
32 82 2652
52 10 1819
18 46 1717
31 55 1710
54 34 209
27 15 496
89 39 2832
80 34 1574
11 8 2257
82 33 774
58 14 2612
58 81 647
56 2 2509
63 70 1288
76 8 1909
80 87 2316
1 73 2711
5 75 1605
75 0 628
75 22 2266
42 36 1315
83 67 1050
2 67 1219
0 10 2068
40 61 1713
11 77 1312
80 40 1503
58 0 131
56 8 2758
5 3 265
24 10 913
17 0 2646
54 84 2365
14 47 1085
87 60 2670
19 7 146
85 73 2211
2 61 2679
20 15 1873
34 83 2616
89 32 240
81 50 2836
26 2 161
36 2 2063
46 34 1206
61 63 2365
75 55 1423
66 48 195
26 13 1765
71 19 2531
61 22 2205
17 52 798
89 67 822
51 81 1355
72 13 1530
58 52 143
0 81 793
51 9 677
26 15 383
43 12 380
70 43 2235
27 12 516
0 19 1105
63 4 682
78 26 1048
1 75 1984
3 6 1786
37 6 893
16 66 2487
24 45 1271
19 55 95
44 11 1153
70 89 2634
13 58 1294
39 15 1017
38 32 1086
65 12 1089
4 47 1378
39 31 1678
33 28 694
20 21 235
81 65 884
62 54 756
67 78 850
77 63 8
87 23 2784
22 5 2816
84 4 1901
19 0 703
51 77 366
62 60 2717
15 37 2553
29 23 1221
81 20 751
40 82 1519
66 10 520
38 48 2733
78 41 1333
24 43 1516
54 46 1231
51 34 1738
54 77 783
33 52 2623
87 68 1802
78 62 1716
43 40 2757
50 76 14
35 4 1059
76 25 1151
54 17 336
0 20 2193
75 60 2124
47 84 1844
56 71 1297
47 21 693
55 47 2551
31 54 1316
79 77 2053
30 41 793
13 88 2714
6 46 614
43 18 37
39 23 1593
26 5 940
34 86 1780
58 8 1393
11 32 2070
78 33 2038
88 87 1491
85 79 2002
12 44 287
40 33 2816
18 30 1011
51 37 669
31 56 2798
23 14 1064
68 28 83
83 18 2285
85 52 2289
76 13 1831
2 64 1735
48 86 1822
59 85 1912
33 82 77
59 33 173
73 67 2302
64 7 2185
85 8 2644
59 89 2268
19 4 511
3 61 172
15 25 448
5 34 881
12 35 1791
55 75 2074
71 88 1874
8 62 1101
80 6 2676
85 57 937
38 9 2785
48 83 1237
47 33 1714
5 6 2408
72 86 1270
4 84 1420
10 83 1041
20 89 361
73 46 2555
17 1 2846
71 60 143
9 73 193
38 14 2666
31 27 1751
52 13 1186
22 3 2583
27 26 1203
17 63 2031
46 26 2519
22 68 2435
70 69 120
80 11 623
15 76 1836
32 36 1712
18 35 2031
9 26 776
42 82 1957
11 6 1285
12 32 2457
67 28 2225
28 45 2323
38 26 2087
80 60 339
78 46 476
48 46 1578
72 68 859
75 63 1466
39 12 1444
45 48 1298
27 77 887
35 5 317
40 81 1735
30 20 693
19 51 1402
46 66 1898
29 84 603
86 40 1298
61 56 1265
8 76 1830
78 36 1952
31 78 580
32 57 1978
57 23 359
33 89 140
52 41 645
52 84 2092
78 19 294
85 62 159
31 42 2263
69 31 1794
49 78 2597
60 52 1246
77 31 1097
43 59 2091
78 81 2863
65 37 116
14 88 2847
30 47 619
70 33 806
85 47 338
43 80 1232
42 57 2377
11 81 390
9 1 130
1 50 2809
23 10 1713
78 54 1769
79 56 293
68 14 680
39 42 1604
3 19 2562
23 71 203
6 38 1609
3 66 221
23 56 1644
39 45 391
81 64 949
14 11 801
64 24 1892
16 68 107
29 20 2046
31 43 1649
73 59 255
52 32 2595
36 71 334
60 55 1717
59 29 1957
4 62 1646
45 18 1122
1 86 1343
75 77 138
18 5 2543
45 22 2294
62 38 1029
13 57 2300
23 63 65
0 45 1564
69 45 459
28 76 1929
71 62 2797
2 83 1109
35 1 240
66 27 1182
9 38 2618
45 75 109
75 85 1384
76 59 2727
44 89 1827
35 61 2732
22 86 2045
83 52 531
31 85 835
1 59 1473
20 46 1282
35 73 1655
71 75 833
48 31 21
64 51 1176
70 52 1050
73 3 1470
65 62 1309
59 16 1402
44 2 2524
58 40 2582
2 15 213
48 42 474
70 44 2169
22 30 2701
50 48 836
77 0 1043
79 30 1639
46 75 2779
69 29 2468
66 46 108
4 45 475
30 56 2838
78 79 1960
18 25 1664
47 26 1289
41 82 2458
48 57 2525
40 19 2156
4 32 441
79 21 1815
66 82 1595
75 43 951
37 39 595
33 56 1704
80 66 1954
26 86 860
30 50 2176
25 62 665
72 28 1577
87 65 345
75 67 1072
42 26 914
58 54 2824
33 39 2241
60 66 1621
78 3 2058
24 70 950
23 28 1433
4 64 731
22 89 1517
19 85 578
65 6 2256
65 55 1158
12 52 512
54 47 565
78 21 70
4 85 1897
41 38 1789
35 10 2315
26 47 883
3 77 1241
22 79 2088
79 52 2549
50 62 2807
23 66 495
29 0 2370
82 84 1375
36 66 300
42 23 2100
69 4 209
36 86 1310
15 10 1833
62 61 2317
62 43 2699
5 28 325
46 16 1836
29 48 1031
40 50 1298
82 52 2545
11 27 2233
19 3 1976
13 83 339
54 60 2284
81 82 1180
19 80 2095
15 62 2274
15 57 2361
0 29 1840
40 62 2289
46 67 1557
89 87 1628
15 71 2054
6 35 587
66 68 1334
16 55 2015
82 59 2611
67 84 472
35 59 2041
88 18 2781
22 84 1593
69 46 622
62 85 2688
40 13 1343
40 67 1891
47 11 2037
52 76 2189
2 16 445
48 6 1792
55 18 1227
4 78 2259
21 30 693
89 3 1513
69 89 2694
57 55 451
89 55 2551
6 28 342
36 41 1788
28 70 2347
33 6 2825
64 83 1238
44 55 677
51 12 1368
28 48 328
21 79 1505
9 27 721
64 87 1795
73 89 1210
65 21 1182
25 85 1777
25 24 2584
21 26 755
1 55 962
73 18 292
76 33 379
82 37 1350
10 63 1172
79 4 2070
3 47 27
16 49 2522
7 80 155
41 29 1786
20 50 728
56 87 2299
18 39 840
82 85 722
3 15 898
65 13 1399
52 17 2749
54 82 1624
17 30 944
59 19 2724
38 23 1403
26 17 1991
44 66 1916
55 37 742
81 31 2644
76 51 223
29 77 1228
78 31 1246
34 9 12
18 13 2837
85 18 323
20 82 736
24 67 2366
85 46 2120
78 83 798
55 67 1133
30 5 2610
27 19 2176
66 38 186
77 67 1449
70 48 27
43 67 1531
21 35 485
80 8 1769
88 67 227
79 47 2625
60 37 639
16 57 1955
57 7 1832
33 61 150
61 71 1909
80 64 42
70 28 2711
1 15 1466
52 51 957
84 42 1417
60 44 226
4 1 2648
83 56 455
0 54 188
47 16 2592
45 10 1623
39 48 2363
16 0 779
43 61 2470
33 14 2669
15 66 260
80 54 959
11 13 1031
58 6 1153
71 8 1306
40 55 2458
5 37 1160
14 1 2502
75 41 2619
15 50 1549
50 69 56
87 61 1040
33 12 647
45 72 266
39 3 435
51 83 595
21 61 2041
63 42 2202
67 17 1227
29 72 1165
35 24 1149
31 67 218
0 21 1457
29 80 2232
18 70 2474
44 31 2019
59 63 2691
77 7 1742
46 89 1585
29 34 412
58 67 1265
3 57 1551
67 77 2145
68 27 874
13 75 1509
48 50 111
28 52 855
61 14 157
25 6 1653
76 27 1340
2 85 2172
84 19 2351
14 17 1842
63 13 1335
15 60 1491
12 30 1693
88 29 195
56 18 572
57 58 2324
33 63 1451
59 0 454
61 82 2225
65 49 511
77 11 675
12 0 626
26 81 115
46 39 1477
10 48 324
43 39 419
83 8 1071
8 34 1824
2 7 540
55 52 240
28 21 2000
64 43 1794
17 81 1799
73 77 2444
89 19 2062
29 83 1984
89 24 662
30 38 635
59 45 2338
50 78 762
67 15 629
2 14 310
63 61 666
50 71 2736
87 81 1329
88 32 1473
20 18 1396
31 38 2502
5 57 2615
87 39 2037
5 68 724
62 8 890
49 66 2820
62 30 2251
4 52 2126
86 70 45
13 41 2060
30 3 1097
64 63 1099
5 31 735
18 71 2776
64 39 1745
60 69 358
56 62 295
21 80 1824
25 20 1474
81 18 599
70 4 2623
13 35 330
79 64 2642
34 20 2540
38 7 246
22 59 836
73 45 820
11 48 2138
83 41 1369
13 81 2063
47 55 1563
61 46 2047
13 21 57
17 25 656
85 75 1642
89 63 2774
27 4 1160
32 19 1519
33 73 1599
72 63 1539
75 50 609
43 3 861
73 62 738
25 23 584
10 6 2096
41 35 863
89 78 654
31 50 1876
10 62 11
49 33 280
41 69 1715
62 1 2309
72 32 1755
19 14 457
75 20 2113
19 1 1169
25 83 469
44 32 2386
34 68 1691
1 51 1021
42 18 1964
56 70 1808
7 6 2015
16 63 180
32 52 2664
17 22 1824
21 59 221
38 36 570
5 19 141
3 22 780
31 37 1680
65 34 2320
37 78 1652
21 34 2598
43 26 3
57 82 2117
44 19 2751
39 60 433
49 73 169
4 37 1159
51 55 2442
65 84 1055
48 43 147
28 89 1634
13 18 22
22 77 1791
25 87 1714
8 56 681
35 50 1046
71 16 690
49 25 1698
12 16 1172
50 34 1161
64 79 2021
41 87 2233
86 47 2206
37 84 883
42 2 2747
23 42 865
89 34 2692
5 61 2065
50 55 1529
51 82 1697
75 42 2229
80 3 471
84 0 949
18 73 509
86 34 69
41 45 669
78 87 239
67 75 771
16 54 2676
85 26 2630
77 21 1550
19 68 1969
42 85 2607
9 2 2230
81 5 182
56 1 2196
49 54 2237
89 61 2217
78 17 502
50 56 2427
9 61 1924
42 71 547
1 35 838
37 89 488
30 60 1380
80 42 2187
32 56 569
15 81 2859
82 12 195
87 21 601
24 85 920
40 15 1086
41 66 25
67 41 846
59 30 1913
87 72 1895
71 0 991
31 75 2526
44 5 1678
67 5 2159
68 37 987
40 34 2207
42 48 2313
9 44 2118
47 80 976
81 58 52
41 39 854
40 59 175
69 80 1217
2 38 286
38 83 383
50 73 2652
6 21 425
31 73 1380
46 27 45
67 79 577
17 32 2210
44 17 1828
42 60 820
32 26 302
39 44 788
85 60 1328
81 26 924
4 17 372
83 86 683
88 84 2367
61 50 1906
25 10 1515
50 39 1367
8 43 2791
48 14 199
17 71 2247
7 73 1074
68 19 1065
57 41 1493
71 25 463
35 11 2637
45 11 2815
28 36 1376
20 61 507
38 24 2411
12 33 2090
43 31 1397
16 80 2457
14 24 1319
43 63 1302
49 50 1964
50 18 2728
11 75 2497
41 62 1772
34 5 995
43 85 1206
39 51 1308
25 63 65
31 3 1819
78 8 2284
78 0 2700
72 62 308
22 64 2397
45 29 234
77 78 1671
60 88 1578
54 3 1581
16 29 951
36 61 2148
28 67 2029
82 2 950
24 75 961
24 12 2402
4 34 386
26 68 2041
69 72 497
47 58 1594
26 58 2496
38 62 1480
54 63 279
2 77 1216
15 27 1715
88 51 1738
9 31 2327
76 22 1525
69 75 2541
45 38 1641
41 0 1584
8 51 1310
75 49 1151
50 75 1574
29 42 1737
14 45 2062
27 0 1951
66 32 26
64 69 2421
80 12 1601
0 61 2345
40 16 801
56 43 1345
48 7 1861
80 9 77
65 61 2146
20 11 595
67 40 2565
66 18 126
66 1 1559
59 11 2433
55 87 2244
27 51 1852
33 84 1527
43 9 1662
82 55 1925
11 60 2146
19 77 2555
80 37 734
64 31 281
46 29 1642
6 42 1630
21 39 829
51 54 868
79 1 986
54 27 688
83 12 14
3 80 977
18 59 1461
65 36 2271
84 17 2809
36 60 1574
60 18 252
75 82 43
58 35 979
88 21 2653
66 26 1208
77 37 1814
6 68 2636
57 46 939
55 34 338
81 60 1249
54 32 387
31 1 1833
65 38 2277
19 83 1478
45 82 1792
70 87 995
3 81 2078
82 10 530
24 31 1028
9 36 1790
59 8 1714
69 11 982
33 69 1603
36 29 146
22 37 1211
42 52 715
23 33 1102
44 79 866
46 72 2476
87 49 797
72 8 1102
84 3 1116
73 5 2109
24 0 1080
4 23 460
19 84 927
46 88 2390
16 37 1046
54 36 1979
24 80 1167
7 54 1559
34 42 1408
31 22 2756
84 5 1964
89 71 2610
68 54 429
57 32 164
65 69 407
56 20 2180
61 33 1823
73 19 1883
26 25 2786
31 28 2033
89 14 1489
27 35 686
76 85 596
33 86 2448
67 68 1948
28 14 141
2 19 1239
50 82 158
24 34 1690
41 58 1783
39 7 2717
76 56 554
77 60 144
2 72 464
30 76 151
27 34 1831
61 6 967
7 52 941
79 83 1677
47 29 2773
28 16 2543
5 18 724
38 4 1490
69 78 2016
40 29 1704
72 83 469
63 1 596
4 75 795
37 40 113
49 52 2302
25 49 2096
39 43 2587
43 32 244
9 42 275
27 81 2030
35 19 1452
3 20 1880
36 38 898
72 48 1270
34 33 1671
19 42 1208
75 30 673
32 47 257
64 40 1621
84 27 390
41 80 1424
80 10 433
60 7 1933
17 23 489
47 41 1863
70 57 2702
57 30 2294
49 45 551
60 80 332
7 48 2566
25 42 1899
25 22 770
5 40 653
72 37 2108
73 60 1907
73 37 783
9 89 777
55 28 1665
64 35 1907
20 29 1921
76 82 1884
59 83 795
68 57 2401
76 88 2446
32 42 1085
71 45 621
61 84 2560
31 12 1695
32 25 2561
76 11 900
24 11 206
68 80 1162
9 0 1009
15 34 2780
29 46 873
15 13 252
50 60 1190
52 34 669
18 23 1960
28 63 586
11 58 396
21 72 1818
28 78 1671
78 13 2817
9 76 208
34 51 1396
80 45 1396
46 21 2353
21 0 214
81 73 147
22 83 2392
85 4 2617
84 72 592
9 71 1871
10 75 709
20 80 1211
51 24 2178
56 7 2074
31 61 2779
75 10 2502
46 78 2659
12 42 1258
81 40 2862
72 65 2652
48 67 842
80 79 755
42 76 1158
80 61 1782
82 22 2663
7 82 257
41 6 415
22 43 758
30 89 2610
44 63 2536
88 69 88
7 63 2743
42 45 1139
3 37 170
34 7 2783
14 81 37
77 41 2416
85 67 626
54 40 2824
67 30 2741
40 27 727
14 41 2615
4 29 1588
11 4 1662
79 71 509
26 70 1841
58 23 1708
49 71 2763
15 49 1678
10 28 393
60 46 2596
15 64 2638
77 48 428
30 13 287
73 24 371
67 62 941
82 14 1904
81 3 1282
35 51 1258
47 64 467
55 65 1867
78 85 1966
61 25 2223
81 79 1537
79 63 2278
24 63 2400
26 29 2145
55 17 1469
5 64 530
39 64 2019
32 37 861
3 8 2235
86 45 2572
78 70 174
85 88 724
44 83 2785
55 85 2018
47 32 2464
25 28 1873
21 41 133
44 36 1872
83 68 2430
69 65 523
3 39 2856
42 7 2693
29 51 673
51 33 1257
4 48 251
45 50 1800
9 34 2123
80 39 59
9 15 1890
60 32 1078
84 57 406
24 84 1545
23 34 1557
66 52 904
18 28 2543
20 72 560
85 72 1994
36 17 2178
24 76 2715
44 43 1667
64 0 1758
14 64 430
22 24 998
19 20 1187
85 42 2454
72 22 1126
4 55 2041
40 28 2208
82 81 1980
13 3 894
88 85 1964
88 2 671
89 10 1487
7 72 1178
13 33 387
87 36 1236
72 61 2337
29 60 1547
88 75 2353
62 37 150
77 55 1621
9 75 875
23 24 2059
23 38 1245
21 67 872
66 81 2799
72 16 1396
48 13 2812
22 9 861
43 48 556
0 72 477
31 57 1214
49 69 2862
31 40 2027
3 0 955
64 76 2021
42 56 2375
77 6 1923
2 27 1827
89 29 1051
56 30 1477
46 80 871
79 46 59
69 54 1362
63 56 619
5 59 1698
70 17 1732
65 27 2728
72 33 2307
58 22 2573
65 71 1000
45 36 632
79 22 2042
10 59 898
65 2 2310
3 13 2590
24 20 2052
50 43 138
60 43 656
63 10 789
14 71 1010
37 61 903
1 48 1290
62 32 836
86 66 565
21 78 84
17 72 229
37 65 2776
88 60 2758
33 62 555
28 42 1964
59 5 1833
49 68 1182
40 11 705
68 24 1823
36 11 1235
51 75 550
73 64 1836
86 38 2513
66 83 1305
2 65 2763
42 4 2476
77 52 2197
65 7 1512
2 8 635
9 24 1343
38 88 944
34 24 1429
15 17 1842
82 40 17
89 59 539
66 50 1325
10 86 581
71 87 2683
19 82 2326
84 32 2008
26 56 1030
1 11 1489
29 73 2217
3 71 275
55 77 2614
76 19 1401
44 7 159
35 7 2604
46 44 436
86 12 869
32 27 1701
78 30 1094
82 28 419
10 20 1256
67 59 1961
51 32 1691
60 45 729
49 1 1487
45 25 1840
46 17 1632
29 1 1221
66 54 2623
79 17 2574
60 15 2328
75 78 1720
6 73 2574
23 40 1533
85 45 650
39 19 373
78 61 113
69 57 924
70 60 1268
75 57 2437
32 85 1003
21 15 2610
13 16 1382
17 31 1812
12 63 2490
38 44 2809
10 54 1286
78 56 1
2 69 755
73 27 1672
39 6 487
41 71 1033
63 57 2817
33 38 531
76 30 1130
14 87 1597
80 26 1318
32 75 475
86 89 324
5 81 1880
41 31 1272
63 8 2065
70 34 14
81 45 2675
1 58 2567
4 80 799
48 21 2187
41 33 1163
77 57 2603
10 8 1763
77 56 621
41 48 319
84 6 725
64 38 2516
42 34 1537
4 14 2299
58 69 1512
50 21 2730
1 34 922
65 33 769
55 23 2559
45 76 1792
47 43 110
48 47 2772
20 16 446
59 10 2091
58 83 339
35 3 1115
51 65 427
39 33 1874
17 86 302
77 69 1056
21 87 2473
38 17 2780
45 12 309
21 64 2454
85 6 1714
83 59 1064
29 7 1246
13 86 1278
75 17 900
64 47 1473
33 23 332
1 64 1309
46 10 442
76 45 1903
65 40 653
26 49 2035
56 21 324
9 65 2598
1 31 1251
10 87 1379
56 37 2099
17 89 1752
80 23 1197
86 72 315
73 30 191
49 2 400
49 65 2524
27 66 1076
88 83 2161
70 84 2307
16 61 881
48 9 2680
9 64 880
69 62 555
37 80 2409
66 19 1871
63 20 1921
78 47 1987
19 12 676
39 56 2804
11 87 1850
60 5 1755
77 86 2712
11 46 1093
87 19 138
20 12 49
20 8 2214
4 46 601
19 34 2375
9 17 2387
83 26 58
1 25 214
1 28 2464
71 64 499
51 22 1478
22 88 2393
68 47 1441
65 89 1988
2 44 2466
42 58 963
54 20 2550
2 58 812
1 82 1193
52 28 2291
17 66 762
18 61 2850
45 85 541
35 66 2610
71 89 1777
34 38 248
5 78 1699
85 0 1404
51 17 2485
59 57 1391
57 64 1974
44 68 489
7 35 605
12 3 1081
42 28 1062
56 64 1273
63 78 1390
33 50 1319
61 15 110
49 12 2474
35 84 378
57 10 2633
48 76 2593
3 82 78
52 40 307
51 88 551
31 2 1281
43 62 852
61 41 1690
66 14 2092
34 56 1326
40 5 1284
45 52 2148
2 35 2316
33 64 1499
40 78 1033
2 86 1749
87 37 2167
52 37 781
36 55 1769
21 57 851
17 33 780
67 70 400
84 23 1809
85 68 2738
23 82 1941
42 11 118
40 22 1959
5 0 1276
56 63 1692
27 55 875
47 88 1104
83 89 235
16 79 1490
48 30 2046
16 3 319
81 14 510
77 84 1267
49 18 1153
37 77 2810
63 36 2589
80 83 2583
20 19 2695
80 68 1614
64 13 1759
39 41 719
17 37 1210
6 49 1551
9 33 363
59 87 454
32 70 508
60 21 54
29 64 1147
6 54 1499
27 89 2828
67 24 1076
8 61 1814
69 87 2797
71 35 1793
52 0 1789
59 12 198
45 39 828
63 49 2151
87 62 780
86 33 2802
31 72 800
62 21 1441
61 11 732
12 43 561
41 55 1443
18 72 1157
45 43 1010
23 55 1247
70 47 66
83 70 2735
39 37 2300
87 0 185
14 30 1811
27 5 882
80 36 120
30 1 837
85 21 243
5 84 1750
46 33 766
15 79 1427
51 66 2555
68 18 2246
4 33 2718
12 73 2664
3 35 910
48 2 1920
7 21 1031
43 57 660
18 1 2452
16 38 1303
36 44 2108
10 51 1325
0 69 1396
81 55 423
43 83 1613
0 3 162
39 2 1968
55 25 494
25 70 1021
30 49 1296
65 48 2480
50 24 1494
26 37 2387
70 88 1108
19 60 1628
7 31 405
76 63 563
40 63 1791
13 70 2268
52 19 868
6 81 946
54 61 539
48 44 1736
75 48 1431
11 20 2196
67 7 2792
18 66 266
52 45 2597
59 9 1448
37 68 684
44 23 2497
76 20 1233
57 28 1404
45 80 2631
6 44 253
84 66 1571
51 42 945
28 77 1891
8 72 2610
83 1 634
88 8 994
18 57 904
27 72 850
20 59 1045
13 72 2103
81 71 2248
66 64 1763
72 38 1442
33 77 1211
7 61 1028
6 23 1539
58 24 409
77 81 161
46 83 1256
65 77 386
41 83 112
55 10 2004
62 67 2143
18 20 90
83 50 2269
35 36 1829
24 30 771
66 55 188
57 79 1495
2 18 1129
55 30 1764
46 36 561
43 25 2380
33 30 617
35 21 1506
0 86 1195
26 30 1099
80 14 942
71 47 1573
84 58 2506
46 82 1010
15 22 247
8 89 968
32 14 793
33 48 2421
5 60 94
21 83 1373
63 85 2841
27 44 1747
5 36 199
43 73 762
89 81 1292
69 33 1145
88 62 1262
2 25 2531
88 42 1812
18 75 55
13 79 1447
17 68 2621
53 70 70
53 72 40
53 74 84
53 31 86
53 30 36
53 37 41
53 50 3
53 59 36
53 41 89
53 22 82
53 6 51
53 16 43
53 56 16
53 14 5
53 15 5
53 82 12
53 48 88
53 69 50
53 43 58
53 27 24
53 38 27
53 46 20
53 65 2
53 25 33
53 63 67
53 28 50
53 68 44
53 35 28
53 19 2
53 11 18
53 84 74
2 74 5
3 74 25
8 74 70
11 74 1
12 74 36
14 74 38
17 74 56
21 74 67
22 74 85
26 74 88
28 74 14
31 74 22
33 74 85
34 74 56
35 74 74
38 74 26
41 74 39
45 74 87
48 74 36
49 74 72
50 74 3
51 74 20
54 74 24
59 74 19
61 74 8
64 74 1
69 74 34
70 74 48
73 74 6
78 74 67
81 74 41
82 74 66
86 74 15
87 74 80
88 74 76
89 74 40
