34
39
29 23 0
29 27 0
16 15 1
47 26 1
37 17 3
23 6 2
24 36 2
33 40 7
13 1 5
1 30 8
4 46 12
45 0 8
24 49 4
13 6 5
20 11 16
45 25 14
24 20 16
16 37 14
5 43 10
42 3 15
23 46 19
45 32 14
31 3 20
35 18 3
40 48 22
5 38 9
4 14 1
42 47 19
38 10 19
16 19 30
20 49 2
26 2 8
28 37 22
3 44 35
31 28 31
11 41 29
13 26 3
33 0 39
7 46 21
47 16 18
43 26 10
5 0 8
46 45 8
0 44 37
28 38 18
3 25 28
29 44 4
31 29 13
1 16 40
30 40 49
10 35 22
44 42 11
28 27 21
26 48 2
33 15 48
33 10 17
21 7 33
6 30 13
24 27 7
35 11 53
7 12 8
4 8 42
33 46 61
31 37 54
47 20 14
6 11 40
19 18 31
37 26 34
10 5 8
4 16 43
23 31 61
33 44 17
3 19 19
46 36 1
13 29 79
30 49 78
18 17 14
49 32 41
41 21 25
45 46 39
0 14 57
26 47 20
5 36 52
43 20 6
8 43 0
22 28 90
28 47 69
7 43 33
26 22 59
21 4 77
24 41 99
44 12 46
20 30 84
10 12 40
3 46 64
3 14 13
6 23 12
19 1 39
7 23 97
16 43 90
7 29 87
37 7 88
15 25 52
35 8 68
32 45 114
43 9 22
23 33 115
22 40 70
33 17 85
23 19 86
20 28 61
17 9 78
42 2 44
48 37 13
22 30 65
31 30 117
12 26 14
24 6 124
20 5 26
29 2 122
45 5 83
24 46 26
19 3 123
0 16 38
4 32 135
29 31 33
15 48 12
13 41 34
40 28 62
30 5 38
49 42 73
12 4 102
7 40 130
46 15 78
36 9 117
45 29 99
3 13 137
29 4 92
23 0 111
43 47 91
32 22 52
46 14 16
5 31 93
4 0 140
38 11 142
18 36 74
16 11 34
37 5 25
46 42 138
8 20 21
26 5 3
2 49 96
46 30 27
48 32 111
46 24 106
3 8 9
46 22 50
24 2 107
32 49 39
46 12 23
1 3 72
45 6 69
2 46 13
16 45 28
0 26 167
27 13 147
4 40 62
0 37 71
31 32 38
4 33 26
15 33 33
0 43 158
14 4 90
48 43 163
42 46 55
23 49 66
31 35 97
45 11 90
8 14 8
29 24 21
24 4 0
31 4 178
10 38 0
8 10 183
28 26 7
18 23 110
20 46 37
28 20 21
40 30 86
45 12 113
6 48 194
12 44 94
43 40 66
46 48 15
37 44 202
29 32 129
27 47 151
43 23 190
14 36 19
27 0 216
18 41 46
47 18 32
16 7 191
25 35 97
40 47 191
15 43 53
6 26 157
36 41 8
12 47 49
38 7 11
17 37 168
25 46 150
12 29 117
41 27 2
24 10 189
26 42 69
46 31 190
13 12 220
11 26 6
28 2 168
45 35 202
5 6 28
43 1 38
26 1 110
36 17 138
25 18 23
41 46 234
19 31 199
8 23 71
31 26 73
29 18 151
7 18 140
46 13 70
13 33 19
49 38 137
37 25 90
17 48 122
20 3 11
31 6 237
42 38 161
4 49 42
15 1 90
14 13 237
40 21 8
30 20 92
44 10 150
9 19 259
7 38 39
37 22 86
8 32 235
41 29 229
1 44 241
21 24 148
48 3 78
4 48 147
26 46 214
22 36 76
30 10 130
43 5 30
28 4 139
21 35 250
28 46 7
17 2 53
36 29 185
25 12 250
30 32 274
10 29 42
21 20 230
47 1 68
4 28 68
36 6 54
24 32 181
11 20 9
26 29 291
10 23 140
42 41 212
21 43 252
7 13 201
38 23 278
24 44 75
9 33 169
25 14 108
46 27 272
43 10 34
47 8 161
17 42 147
25 36 26
38 20 241
11 42 119
19 8 81
0 45 240
6 36 207
48 5 194
12 9 316
5 11 143
19 14 229
49 11 320
22 0 233
44 23 225
31 22 53
5 23 109
7 42 294
26 40 110
14 11 255
42 9 219
45 42 92
0 49 329
40 27 88
15 24 176
2 28 267
38 14 3
23 44 85
27 25 207
42 27 203
15 47 211
2 20 248
36 30 59
26 16 180
5 37 305
10 18 189
26 45 58
3 7 241
18 44 267
44 27 216
32 19 140
32 12 202
42 40 326
15 14 143
17 26 56
2 13 242
8 5 344
35 28 40
18 10 76
28 45 297
48 8 247
44 49 293
45 28 165
46 26 104
22 5 182
7 48 23
22 24 361
47 35 49
6 3 34
10 2 20
35 22 349
43 13 159
20 35 124
9 5 279
26 24 314
34 24 47
34 1 15
34 30 18
34 26 36
34 14 26
34 4 37
34 11 31
34 22 15
34 48 21
4 39 14
8 39 4
14 39 7
28 39 47
35 39 33
36 39 23
48 39 4
