18
36
118 62 0
113 86 0
74 57 0
93 53 0
27 114 2
78 5 0
24 43 5
62 85 3
61 101 0
108 97 8
99 79 8
14 45 1
9 83 11
104 91 11
7 106 3
70 107 11
9 101 10
35 42 4
70 54 1
39 103 16
61 111 18
2 15 9
75 62 15
116 103 8
31 79 23
107 112 21
42 101 19
74 34 18
37 61 3
64 69 15
4 87 21
74 101 11
3 61 25
13 69 11
17 38 6
33 70 24
48 33 0
90 108 14
82 76 1
50 15 11
51 69 34
48 44 10
67 91 8
26 4 38
64 103 24
57 48 25
13 6 17
15 119 47
97 48 38
78 44 38
70 89 1
68 48 44
107 11 53
96 15 27
16 2 48
12 8 53
110 102 52
3 74 42
96 3 16
54 93 59
6 111 4
46 1 16
110 67 28
70 26 47
108 94 55
6 20 33
27 47 35
56 108 59
41 63 5
74 9 20
69 3 36
49 59 6
39 78 9
47 12 1
87 10 41
34 48 29
11 82 3
74 97 8
74 115 20
9 25 30
64 84 77
8 99 82
96 108 85
59 94 57
26 29 37
90 16 15
92 109 24
89 79 9
82 41 42
35 59 50
68 41 91
61 28 52
24 106 6
102 51 93
41 59 92
76 71 62
9 29 42
86 102 30
103 76 58
117 60 53
59 69 47
115 60 103
22 46 86
112 35 70
48 109 26
103 85 59
57 109 93
90 62 110
30 28 68
1 56 73
29 13 95
111 64 84
84 28 22
48 1 72
87 106 117
7 91 23
65 68 22
94 113 29
22 50 110
112 30 94
73 7 23
71 90 88
20 54 104
88 40 18
109 57 36
78 111 123
91 119 40
67 108 89
1 81 28
99 53 39
67 29 31
27 29 53
71 57 86
52 28 4
27 39 112
96 66 74
103 55 106
60 5 96
67 70 43
58 30 38
32 93 108
114 20 14
64 115 122
69 53 12
84 31 101
55 3 102
99 1 18
94 10 23
54 7 135
29 93 89
5 14 85
70 12 133
116 78 138
83 53 111
69 71 91
104 79 83
37 7 154
30 3 41
70 71 95
91 32 83
84 93 7
119 16 63
56 13 135
33 50 69
77 109 97
87 43 157
83 38 79
5 52 122
13 11 134
41 43 104
94 28 118
104 17 55
55 8 109
23 110 24
93 9 36
39 8 129
101 30 3
76 65 53
95 45 29
86 13 113
68 4 98
47 60 140
57 25 106
51 3 185
48 105 87
74 47 73
100 77 128
14 105 122
59 3 140
97 71 26
103 28 28
43 6 27
89 96 171
83 17 49
104 88 128
69 64 29
87 60 87
53 63 151
118 10 128
46 103 178
28 9 191
92 77 208
46 80 12
47 13 109
86 23 66
118 21 94
103 20 97
68 23 101
27 60 190
49 45 65
35 76 66
9 24 95
73 8 52
12 50 152
78 48 143
59 75 158
70 9 87
117 3 123
63 60 184
10 34 154
44 37 129
75 20 86
17 72 184
27 3 95
79 107 71
0 20 173
113 72 76
100 104 160
24 69 78
13 74 189
51 86 195
10 108 127
104 24 105
52 75 241
82 43 234
94 61 4
10 113 226
81 118 33
108 79 87
63 39 81
25 34 228
29 47 175
31 104 17
59 14 20
96 58 144
54 17 226
87 107 78
45 100 211
4 78 71
29 110 170
17 9 33
83 93 21
62 47 216
73 112 203
52 32 191
71 7 32
45 17 42
34 119 159
55 50 215
17 104 106
72 50 248
57 111 114
6 110 111
4 7 264
56 6 29
105 34 155
54 55 5
104 66 152
32 73 41
60 3 165
83 51 154
54 9 193
7 60 52
22 9 60
59 83 126
101 23 200
27 24 187
21 54 197
24 57 269
57 19 239
11 40 52
46 37 174
66 4 203
66 57 163
108 6 171
106 26 26
63 113 72
16 76 136
2 10 297
110 33 42
37 56 268
7 52 38
87 54 160
58 67 273
82 23 230
14 43 282
55 34 56
84 16 110
100 49 68
27 30 309
81 79 111
62 57 77
117 109 298
10 2 289
107 35 196
19 90 83
6 93 261
97 68 280
117 104 237
45 51 61
3 24 148
89 9 162
12 16 191
109 112 220
103 58 156
53 15 0
5 88 109
20 7 86
27 101 315
60 24 327
65 72 30
91 46 191
32 70 53
58 7 216
56 41 217
113 80 219
68 17 224
110 69 142
107 22 296
111 66 30
114 25 62
108 38 46
56 24 246
23 89 50
100 98 82
32 50 329
5 109 345
102 43 140
77 44 306
70 72 186
23 85 119
40 91 197
23 86 222
70 90 175
76 119 27
15 24 350
93 105 109
111 106 236
105 112 70
1 106 19
64 102 172
46 78 205
38 66 357
44 28 341
113 114 125
25 77 360
113 88 305
33 109 295
119 23 78
72 1 155
54 95 117
118 45 219
66 0 370
34 30 1
63 67 305
66 58 47
82 93 13
15 6 250
119 56 109
15 58 169
10 63 383
89 10 164
100 55 241
65 26 179
13 66 59
100 115 183
33 45 317
78 77 201
48 28 40
96 56 175
55 102 14
63 79 147
31 88 131
83 46 83
10 44 52
46 2 108
92 119 206
84 79 223
32 20 90
44 78 239
85 115 80
83 9 68
65 41 339
52 71 202
119 81 77
4 117 74
22 71 176
10 16 287
57 73 146
58 112 401
118 35 44
63 86 312
65 108 401
86 111 408
5 80 200
104 70 183
2 66 63
55 116 318
85 70 325
90 111 384
24 73 191
108 81 372
86 41 342
33 5 113
27 9 96
20 33 125
103 37 369
24 51 72
10 46 96
43 66 289
73 104 327
43 21 252
76 48 71
52 78 419
119 50 46
54 79 275
109 24 159
30 34 308
90 50 240
24 25 399
54 6 224
53 32 137
80 96 136
89 53 271
68 109 347
71 42 358
97 111 431
25 114 370
93 49 212
33 94 349
46 89 252
37 73 9
89 100 198
40 42 382
39 20 433
4 34 184
108 115 191
12 52 220
92 65 448
83 11 413
43 73 376
79 53 215
19 41 114
70 102 429
106 113 110
102 98 114
24 114 170
104 116 370
25 91 121
56 118 271
49 96 363
68 32 282
75 14 151
81 10 163
11 33 305
101 55 168
61 21 8
105 59 297
76 25 34
34 53 329
47 4 481
55 72 292
42 82 142
52 66 49
19 80 364
59 110 415
77 66 290
110 28 147
19 10 300
89 102 5
28 103 171
110 4 74
5 83 378
48 70 105
31 117 200
35 8 276
40 107 110
81 57 47
14 87 123
73 62 309
49 87 27
71 104 378
20 113 204
96 11 436
78 8 61
45 82 234
20 30 77
98 78 402
89 32 492
40 102 242
22 21 514
8 90 1
61 80 311
113 46 174
105 15 336
56 45 292
101 113 51
114 111 242
73 39 263
88 54 288
105 114 34
16 59 250
34 23 202
65 99 526
7 54 528
48 8 78
23 113 321
47 118 424
66 96 230
92 113 488
2 69 353
6 47 185
62 108 214
0 86 155
84 68 528
23 88 163
48 55 460
64 116 275
9 12 419
62 38 107
73 67 128
89 8 13
9 60 302
0 66 135
100 35 105
52 37 134
73 80 388
33 8 111
119 91 350
57 82 481
32 30 555
63 107 2
119 67 366
116 32 327
28 118 544
69 91 212
31 65 152
59 80 88
57 97 95
86 46 109
83 87 533
8 76 258
43 88 355
40 10 516
24 11 215
87 67 461
95 93 452
24 70 397
98 83 191
16 7 559
107 38 413
39 45 323
42 68 40
84 30 462
34 15 480
80 78 433
15 8 122
70 82 167
70 53 305
108 40 589
48 73 514
58 57 561
67 92 421
42 40 336
11 47 122
24 104 172
39 46 349
106 30 419
86 25 513
37 23 25
47 24 556
118 40 348
117 95 292
20 85 146
79 49 384
79 112 101
110 56 591
1 90 65
70 64 410
3 21 281
90 10 486
61 15 354
86 92 76
119 48 580
60 52 542
21 97 138
20 56 370
17 68 111
32 43 413
71 74 512
105 39 131
80 107 461
25 100 593
119 46 218
33 116 563
46 64 128
117 114 428
2 34 308
75 40 248
10 78 448
76 98 2
52 45 261
85 46 402
84 89 298
51 1 501
5 33 495
45 67 498
71 29 499
47 66 350
26 21 156
56 51 254
12 80 643
9 11 530
103 27 581
83 100 78
44 34 171
98 42 249
68 85 175
38 74 610
35 9 56
50 99 648
75 82 483
70 62 124
55 0 361
79 14 353
38 72 519
80 49 552
89 21 66
39 0 323
111 54 164
55 104 273
20 32 533
16 3 482
100 102 400
20 15 290
83 84 396
65 94 434
35 15 236
114 119 669
42 6 168
17 37 359
82 40 324
12 77 631
5 7 579
113 9 423
57 50 137
88 31 619
61 54 57
101 119 549
105 25 31
97 61 479
115 81 134
84 95 604
30 35 420
22 104 581
47 59 312
57 10 334
97 60 683
119 110 627
101 16 582
25 65 409
24 93 588
72 41 390
27 115 97
31 106 162
31 57 166
48 34 436
115 21 462
31 85 567
63 70 7
70 83 259
50 112 438
70 65 237
20 68 70
8 116 550
95 11 15
49 73 406
13 1 11
23 41 259
72 47 261
119 64 297
67 52 91
23 12 449
22 59 349
84 38 195
68 63 627
10 17 10
39 72 158
14 114 402
52 82 671
42 70 487
9 66 178
97 43 289
113 56 30
55 115 71
54 117 523
37 10 265
82 11 616
9 23 63
80 31 120
118 93 310
87 95 483
101 114 462
118 113 595
117 25 511
72 73 195
91 54 363
105 96 399
4 116 665
68 77 238
106 57 577
93 56 324
80 23 201
91 43 291
23 111 208
77 25 638
58 109 320
44 6 50
94 105 91
54 49 267
41 73 113
38 17 192
11 22 244
42 112 593
3 76 9
68 81 275
64 16 517
86 14 100
72 5 670
31 74 228
7 78 635
47 49 229
90 81 226
14 34 717
108 19 683
73 57 325
102 67 401
109 27 223
107 90 230
53 45 306
4 118 481
101 35 261
88 117 701
34 66 204
112 59 501
55 64 100
67 69 648
90 105 744
12 48 120
1 53 677
72 60 331
47 58 336
40 84 776
45 81 229
89 38 511
11 87 171
30 74 718
75 25 304
38 114 678
94 4 160
100 109 357
29 102 586
79 117 300
5 24 608
2 85 1
94 35 114
78 69 352
59 118 408
42 12 719
115 13 229
82 114 265
38 2 707
65 61 724
93 42 347
62 69 184
13 50 705
80 17 29
63 11 569
60 56 205
38 58 545
103 65 77
91 118 553
96 59 725
52 48 385
91 31 327
21 11 78
103 54 470
17 63 196
112 15 58
90 0 367
96 64 802
37 80 770
104 84 60
9 74 269
3 9 582
67 48 732
15 85 208
91 68 830
48 45 753
56 116 25
108 68 757
74 111 467
80 73 734
116 31 240
25 23 697
21 115 173
5 42 71
6 65 708
80 53 52
102 34 370
100 117 497
3 26 506
17 75 834
22 43 770
35 100 656
47 6 54
66 80 157
23 114 321
4 88 789
94 109 811
56 19 575
63 26 504
32 80 478
23 57 3
76 55 108
76 99 622
53 117 145
0 108 327
92 75 52
106 100 358
107 94 705
12 22 3
40 21 346
50 106 444
91 85 282
87 98 172
19 104 551
29 37 451
11 95 852
109 4 651
111 53 167
69 47 600
100 99 426
21 116 35
115 38 559
103 61 687
115 102 516
19 56 353
31 54 27
44 39 341
98 9 427
45 50 90
19 66 762
35 70 839
69 35 483
3 69 305
29 23 512
2 48 391
47 25 776
15 93 655
44 58 408
80 39 387
77 81 726
37 82 897
110 65 654
70 109 537
112 105 452
88 68 479
104 57 650
59 34 0
73 33 134
88 51 527
1 78 246
86 37 208
45 86 497
87 3 851
61 78 910
38 93 405
96 8 747
55 93 455
22 17 661
106 65 8
94 15 296
56 73 137
67 38 462
110 42 814
38 20 508
116 117 269
3 40 646
96 25 766
118 112 661
94 110 665
116 2 756
86 0 648
44 16 428
84 46 365
76 66 631
2 59 408
58 119 802
118 106 475
118 5 411
40 60 259
26 20 140
81 110 362
80 48 202
64 106 20
73 74 187
24 110 694
68 74 737
86 17 377
10 112 292
70 75 299
51 37 165
47 2 224
28 62 210
77 116 494
17 54 14
70 112 478
37 29 257
49 65 674
105 118 273
26 6 403
57 85 818
72 46 309
32 31 582
71 17 561
26 43 309
34 41 351
108 116 128
78 94 837
16 29 471
107 108 852
115 95 482
9 51 600
67 34 73
11 39 39
33 43 974
33 54 786
86 78 456
57 11 560
20 99 429
3 60 972
75 48 618
52 49 259
6 22 620
34 114 993
53 101 551
119 2 264
3 67 585
110 53 776
118 83 558
119 11 440
44 45 201
12 96 928
9 97 499
90 17 974
84 73 408
13 99 70
43 32 737
111 94 923
42 49 281
4 59 484
99 40 38
16 8 296
86 106 1007
29 64 457
15 41 87
105 50 486
74 112 149
78 59 599
107 59 464
59 64 1017
27 50 399
53 79 791
9 73 259
10 61 101
82 65 606
7 114 984
110 86 810
88 30 601
26 64 122
111 119 24
49 114 618
48 97 54
41 75 539
104 78 452
95 86 879
63 83 279
49 55 141
100 114 184
63 80 245
57 70 149
113 66 608
41 82 150
110 105 237
31 116 378
1 71 85
66 1 1013
8 78 803
68 2 332
26 76 515
99 67 482
75 4 940
100 53 226
57 39 625
43 98 811
62 30 494
30 25 1049
79 109 297
2 104 17
50 35 1014
65 42 306
23 93 871
86 88 749
107 33 685
52 79 1002
40 119 890
38 28 127
42 104 99
108 12 112
84 19 990
4 66 204
75 111 866
24 101 428
7 12 773
90 5 746
60 106 831
116 12 436
81 98 914
12 90 102
58 98 819
23 96 333
35 93 123
19 112 950
21 16 577
53 41 933
108 66 578
39 85 157
79 103 593
38 68 187
51 47 705
47 69 1064
89 76 41
19 9 408
70 94 613
27 52 876
44 55 567
59 65 833
39 48 1021
63 16 337
20 82 667
25 66 580
74 26 559
114 2 135
52 53 213
110 77 932
83 113 207
6 50 287
85 15 665
57 33 61
5 86 932
50 68 952
8 96 680
54 96 534
86 117 238
104 50 633
87 6 744
72 17 470
19 17 859
110 75 106
2 96 921
54 109 280
101 100 551
52 31 103
38 99 245
67 106 173
40 110 518
20 116 253
73 2 750
31 37 314
24 20 1045
13 93 876
109 106 571
43 47 1008
9 59 290
35 66 375
22 96 835
81 29 213
53 115 350
1 72 368
111 35 815
59 28 16
92 81 18
6 86 1037
56 87 1058
22 103 776
64 12 315
27 95 969
112 90 1060
90 57 446
0 2 652
93 47 917
80 43 425
52 62 1130
40 9 919
94 86 690
19 73 1153
52 23 577
68 21 691
109 33 1061
68 26 777
32 0 34
46 85 932
15 65 438
41 84 366
67 86 942
49 39 407
5 38 827
77 49 208
58 59 766
100 58 507
97 13 375
30 78 1037
98 13 877
56 63 1162
29 3 461
73 84 727
88 77 448
52 47 416
21 91 426
35 49 523
83 80 609
48 62 713
13 114 812
0 93 21
93 58 253
53 46 1058
110 12 1167
17 15 392
98 73 190
87 118 759
106 44 998
94 85 99
49 115 71
62 77 761
95 81 1173
10 101 369
20 92 785
93 87 1
21 113 1092
2 88 430
98 29 928
92 84 572
43 8 894
93 54 972
44 61 208
26 101 621
6 1 212
65 93 275
26 112 895
73 86 645
14 7 1210
109 3 281
43 33 773
64 26 81
55 99 365
90 107 172
119 68 178
70 104 1223
11 68 688
47 84 662
53 29 1033
117 70 706
4 70 95
4 14 589
119 34 229
42 69 412
70 49 478
94 74 374
23 10 695
119 84 936
42 118 2
94 43 1073
73 5 797
115 82 101
26 117 929
103 57 60
26 50 260
38 14 665
40 93 223
86 104 258
31 6 835
79 118 720
2 89 709
80 87 7
44 77 1057
53 103 981
35 40 480
114 99 749
74 1 1013
85 55 370
89 49 49
33 7 1032
115 109 706
26 33 1025
0 26 1151
54 50 1253
30 42 173
48 46 1216
57 34 1106
115 29 817
84 64 898
7 94 1223
29 7 305
71 53 1196
56 12 260
65 2 542
52 33 850
6 89 1047
13 21 572
90 114 1071
95 2 878
37 49 118
57 90 874
106 102 830
49 75 378
21 56 718
63 42 10
52 80 183
30 58 302
35 11 126
62 59 378
100 22 224
69 12 614
73 43 836
15 51 1168
56 7 83
99 33 128
78 49 432
13 70 794
21 3 181
64 44 707
111 13 496
55 76 784
19 35 981
8 37 974
28 4 701
117 51 24
60 34 1189
103 73 156
8 12 366
24 61 286
28 17 424
77 37 662
58 53 254
48 69 294
5 11 1173
117 52 969
3 97 1057
42 119 977
79 114 677
109 82 539
1 7 8
68 6 851
74 42 330
61 46 285
76 20 951
90 43 84
88 116 266
73 6 700
95 35 1113
108 35 449
50 64 1274
102 28 1165
116 108 1249
58 79 800
37 0 111
62 51 339
29 12 820
118 32 33
0 17 112
92 37 46
113 37 344
96 43 300
11 81 346
12 41 945
28 81 1334
77 118 861
14 92 170
72 44 742
85 60 239
42 29 1329
91 40 127
68 30 692
13 72 1311
31 42 624
56 35 321
31 10 955
48 56 849
111 4 856
113 118 1222
104 27 501
94 93 1183
40 92 1093
116 98 284
25 92 405
73 24 438
63 110 1324
87 32 929
54 115 352
113 31 680
22 116 60
61 72 203
30 105 549
10 45 401
50 86 160
38 45 1180
74 38 157
25 62 1067
50 17 717
57 21 1311
7 28 57
78 118 558
46 109 1048
69 90 757
62 78 922
17 51 1301
74 16 337
53 8 1246
113 34 288
63 93 1320
114 89 737
6 79 504
89 58 1340
32 86 1034
98 93 501
114 64 718
76 34 972
93 107 1211
87 38 1302
48 11 15
21 75 320
76 106 889
77 57 280
51 43 810
30 45 1024
34 10 366
119 65 48
88 109 403
50 65 158
105 75 555
74 70 1203
9 10 471
38 103 213
48 119 1135
51 114 819
87 81 64
32 15 1333
114 42 696
83 110 128
79 100 1187
79 19 308
59 58 161
81 7 875
7 26 663
6 27 64
17 47 1009
80 56 948
15 54 1192
114 106 1269
41 54 145
78 13 365
113 81 1243
119 52 1265
77 28 775
28 15 729
92 10 273
3 17 978
82 101 901
118 53 1291
27 43 1013
48 106 226
45 93 450
77 24 1117
90 25 590
61 114 1372
74 10 648
70 99 663
30 94 372
102 53 1254
78 119 196
114 23 1062
119 111 891
74 41 128
31 35 313
0 21 1042
37 2 841
60 21 1291
96 26 429
30 26 1254
115 108 917
64 99 234
98 52 1419
89 61 726
46 74 1167
33 28 1053
46 23 306
91 35 966
94 51 123
21 94 295
17 71 1095
46 34 105
96 39 1353
42 31 1452
63 8 1456
113 39 548
62 93 203
88 53 1467
7 45 414
43 22 570
23 92 1412
3 16 285
10 4 1300
79 1 1177
2 50 671
14 95 1045
34 69 10
112 33 212
7 46 1361
84 47 1313
106 39 944
52 65 375
105 98 496
4 53 1167
74 50 772
100 26 261
28 20 1112
58 84 4
111 37 474
106 46 1082
54 104 451
15 114 588
19 99 1426
73 3 455
41 45 273
107 19 76
94 26 465
102 78 623
64 117 92
104 102 963
107 25 553
99 116 856
107 37 500
70 40 1375
65 105 617
17 99 481
104 81 17
89 74 932
104 118 512
65 55 717
60 117 240
73 60 698
21 42 1064
37 92 1164
118 42 919
35 82 1289
86 29 1406
95 77 334
102 16 348
17 41 1357
64 76 24
114 21 227
74 60 210
81 107 416
87 42 611
84 96 1356
111 2 227
2 108 192
5 10 1470
80 89 234
100 91 1531
110 49 688
16 52 1545
21 100 1507
54 26 322
40 51 541
65 85 528
15 100 278
97 22 170
46 59 142
101 31 670
22 47 643
10 97 1403
55 97 244
32 89 490
34 112 129
35 32 1512
52 4 875
58 60 1431
3 2 1540
59 74 1181
26 13 1083
37 84 988
66 31 45
67 118 991
34 28 1548
29 107 976
103 53 1127
16 100 1331
58 104 82
106 60 1188
3 116 1161
110 30 1101
116 15 1122
111 114 643
60 66 63
29 75 792
26 86 1524
115 64 352
23 112 620
45 59 996
62 71 457
83 79 884
12 95 611
45 31 1186
5 2 1204
69 38 1400
78 21 822
77 105 465
65 7 749
97 32 323
32 7 849
75 56 41
60 16 830
63 30 103
113 106 479
92 62 1112
66 119 221
91 106 1037
116 14 860
22 12 276
15 112 1555
49 33 1511
82 46 1541
29 27 1455
117 107 410
39 112 1585
22 118 245
28 78 1155
9 71 912
65 109 1387
118 74 75
102 38 1461
0 73 920
105 69 264
62 65 557
43 0 186
5 95 680
33 15 1272
23 47 140
22 65 1224
50 98 1629
113 63 1191
107 21 1543
117 27 575
62 102 969
7 9 1445
10 39 535
73 32 953
71 54 581
83 70 111
83 72 1530
111 3 839
77 98 171
62 5 358
2 99 397
102 118 947
14 33 309
108 10 1190
105 48 1068
57 86 828
63 45 154
64 86 267
39 44 938
56 84 310
6 39 667
83 57 1546
62 84 32
26 72 444
79 16 1595
118 72 1198
82 25 773
0 39 301
96 109 362
0 59 1096
96 95 543
107 119 1482
0 32 87
97 20 93
43 37 355
20 65 484
96 20 243
15 73 1623
95 76 1615
38 53 910
26 12 1442
35 116 166
16 34 7
92 22 1162
66 38 837
40 65 943
93 66 1649
104 22 1327
51 93 1395
114 87 506
2 114 702
116 25 1382
86 108 192
49 32 1631
58 86 307
32 59 1138
7 32 471
107 47 717
48 82 70
114 33 436
80 34 389
86 16 674
45 2 228
12 3 1235
61 34 627
63 100 706
48 15 1317
62 39 640
19 95 967
21 24 545
7 66 1094
65 96 27
80 24 1268
66 21 1255
1 51 273
37 91 1412
73 115 1515
86 107 1600
11 59 864
12 69 1630
101 94 1568
25 75 482
73 99 334
103 42 1018
0 42 214
116 97 50
43 9 0
40 7 488
74 48 559
56 32 1442
11 41 492
2 6 1299
101 103 1691
7 96 1414
80 99 842
44 68 153
11 108 801
27 85 1262
116 3 713
67 68 339
111 21 1544
83 117 668
47 40 1296
104 106 94
46 24 1611
52 86 1368
34 43 925
80 117 417
95 96 1269
3 70 999
17 39 223
29 0 1696
117 10 960
61 88 1744
51 111 506
114 70 1291
47 112 1521
32 98 577
58 17 1340
12 98 897
76 90 90
65 86 1095
88 39 289
74 87 1252
9 98 807
25 81 1630
10 22 55
47 8 481
13 75 933
81 40 424
12 24 1228
75 8 1765
47 91 493
118 20 1709
106 50 234
13 12 614
92 58 105
0 83 1337
10 104 1027
66 71 630
22 85 1049
30 31 1187
110 19 1283
109 116 1121
104 33 1565
22 25 74
94 20 1007
75 99 1148
62 64 249
84 55 1423
40 70 1068
77 67 264
64 53 1594
16 110 1448
62 44 1771
102 59 785
55 71 333
102 58 888
34 71 674
48 52 1378
20 47 463
111 65 1595
105 90 428
15 61 1206
46 76 1602
64 51 533
69 79 1534
81 30 1469
13 42 1333
51 95 1552
73 98 1065
96 80 524
5 53 131
29 118 544
61 8 1352
31 40 767
33 67 1333
113 96 1438
27 119 871
17 80 451
43 97 274
41 17 31
16 22 501
69 45 1456
103 1 1358
85 56 1444
87 84 43
66 16 1287
51 7 1269
63 24 902
64 67 1647
11 2 168
58 73 1625
48 30 1657
76 10 1672
7 19 1210
96 9 767
29 52 1296
26 80 570
22 67 1740
20 8 180
88 66 1342
13 56 1432
70 43 535
83 99 1246
111 40 168
55 87 1312
102 0 93
9 28 1548
100 63 871
70 8 1020
1 73 238
17 55 1704
88 11 911
40 27 1726
32 54 581
111 83 1079
51 83 1102
100 103 909
51 50 1676
27 34 467
10 24 467
114 66 1860
47 71 727
28 13 1862
27 23 1013
14 23 462
107 80 85
55 80 110
106 2 1381
11 1 11
45 114 1217
62 61 515
3 91 1102
28 65 1843
85 112 529
116 72 372
92 33 835
93 113 955
10 37 378
108 0 892
60 14 1881
87 62 1100
54 64 1468
95 17 1419
115 43 1143
65 113 1000
43 31 471
28 1 1400
32 9 242
99 7 1314
105 119 1883
45 76 341
40 17 1322
52 61 1448
49 102 1588
33 82 450
64 110 1406
22 100 1841
53 34 1322
102 41 215
27 16 1109
2 8 1754
98 17 1891
26 74 122
112 79 213
6 71 401
88 76 614
107 66 1497
72 111 741
43 118 1641
42 86 1050
4 45 1893
25 16 106
111 102 4
56 68 1410
76 17 1765
93 68 593
92 7 77
59 11 389
28 8 332
24 63 86
42 37 176
39 84 199
62 95 188
84 40 527
33 111 656
111 16 440
76 4 78
44 23 1913
75 119 1061
52 39 1436
103 19 574
49 82 1530
8 94 628
49 110 955
46 60 1048
98 38 996
102 40 437
77 97 527
104 11 288
69 17 311
95 59 783
51 0 332
38 48 1493
20 50 1476
53 11 339
117 0 1420
14 21 697
110 25 652
119 55 835
99 118 738
19 69 139
98 30 1847
0 119 544
118 76 1292
42 83 1844
72 81 1475
30 83 1050
8 17 1651
99 50 1589
22 62 492
0 101 1184
69 77 1441
105 83 1849
42 74 54
105 47 281
57 17 1192
83 112 1542
91 13 1938
54 8 1204
22 13 1358
60 12 544
27 108 844
10 117 1013
27 110 1646
76 60 635
70 76 938
81 9 911
116 70 1933
44 89 1906
107 28 113
108 103 146
26 10 292
54 119 92
112 104 297
21 58 1773
31 45 374
109 97 1833
75 3 878
60 101 1842
1 75 1332
7 47 1473
85 101 1021
94 83 1774
30 61 167
33 24 618
80 20 1104
65 29 1598
27 89 317
34 64 862
95 111 1237
24 33 1237
74 79 274
104 85 234
35 72 1768
108 53 1048
59 29 1262
39 111 329
20 93 1492
67 39 837
68 102 396
64 78 849
8 70 1842
57 117 1
64 81 1400
22 110 625
40 74 1703
27 64 558
8 89 20
94 29 309
112 26 768
2 22 1289
60 10 1496
58 15 493
105 72 286
71 3 1404
74 23 1595
104 10 35
31 11 469
112 92 893
35 104 245
1 15 877
28 93 83
66 45 451
25 52 795
67 83 862
30 116 1926
78 6 765
52 77 827
23 95 1995
52 40 706
15 25 1724
47 34 301
12 70 1235
64 90 142
7 86 1321
6 80 95
3 0 838
63 78 1110
13 102 1044
71 45 1502
55 21 1281
88 105 317
40 54 2008
39 37 884
63 105 527
1 13 1484
76 86 1378
54 25 1376
28 68 1835
65 1 1427
52 43 2063
39 92 1066
65 104 1090
79 77 1523
100 51 475
14 44 953
2 70 100
75 96 983
25 115 806
67 62 1538
105 66 1922
89 81 1114
71 34 1679
15 31 988
3 86 192
64 11 1933
42 27 252
33 53 318
1 86 1031
49 28 379
83 69 1265
116 67 747
87 50 636
2 46 1173
116 89 1904
80 76 1720
26 114 463
119 22 1588
34 42 1321
31 109 1975
107 105 1047
74 71 581
0 76 2091
44 109 143
34 21 510
118 55 2013
73 0 1385
37 8 1560
99 24 1020
58 76 1667
107 89 1291
7 49 438
45 1 1256
50 32 279
10 13 206
31 19 54
78 76 1922
52 69 724
39 2 2079
49 14 1890
10 60 249
60 25 1204
66 118 1345
23 20 1338
33 106 1485
49 11 985
71 81 593
78 3 324
68 71 621
49 58 1478
53 110 1551
33 16 1970
13 20 1190
34 84 14
14 26 1374
47 57 238
51 41 1740
4 80 1479
82 102 1226
103 4 397
65 37 173
54 4 850
78 112 1308
14 108 384
112 17 932
99 69 578
76 1 1129
68 98 793
12 26 1908
111 24 246
11 77 1297
38 4 885
112 81 1348
85 109 263
5 48 1346
12 37 1653
30 89 1630
85 54 1040
42 107 1230
2 51 1615
99 34 673
113 11 1941
90 42 2107
29 11 1643
58 113 1392
60 28 1493
1 64 1688
75 42 443
84 2 1435
103 16 1375
39 56 1324
23 3 1432
57 6 888
53 30 1057
47 110 394
29 114 134
63 7 289
32 11 1668
41 26 2131
2 60 2165
40 79 1609
81 106 1100
90 87 748
98 15 2136
96 75 38
78 93 1185
11 4 481
16 119 1547
93 84 94
77 31 327
99 31 120
82 115 2099
2 29 474
77 99 267
37 13 1851
96 76 897
33 118 1111
34 95 1080
117 77 1837
16 80 651
10 79 580
63 74 1667
106 119 175
51 27 228
17 111 1813
80 75 1536
5 32 407
49 27 1770
83 41 1545
57 54 1788
113 102 355
10 89 2199
50 88 888
39 35 712
57 110 657
1 118 68
111 43 1714
77 113 1346
31 52 1021
74 49 1580
91 102 1533
103 17 1979
8 115 1498
112 52 184
28 14 2016
2 28 1088
77 34 758
15 77 185
71 89 1319
46 95 965
103 77 160
9 70 1324
14 63 264
47 100 979
13 54 143
38 35 334
70 21 1027
1 83 387
101 57 975
24 10 1281
45 56 488
80 63 957
53 17 2090
72 66 1620
83 26 542
108 4 1915
52 84 148
15 55 345
1 50 1929
84 106 2153
95 107 122
44 92 916
33 9 1767
66 9 376
58 38 803
16 115 423
81 21 627
102 12 717
95 30 756
80 86 1978
116 11 1942
23 42 1060
22 90 638
35 114 1717
70 88 1489
107 71 1974
10 29 1380
43 46 1924
104 41 1243
56 80 1994
68 59 1912
113 71 1653
71 12 221
116 4 235
57 51 2239
102 72 1823
119 41 1909
77 72 1932
39 81 1054
64 10 2022
93 52 882
41 3 2247
23 32 2107
51 97 474
33 74 943
89 73 1457
16 31 818
90 29 228
48 111 299
98 67 2001
15 90 718
79 7 2245
117 49 1778
95 10 1594
27 82 585
11 57 400
0 117 179
79 35 1512
14 32 530
27 41 1471
46 69 485
76 113 2104
22 29 1197
104 25 1306
91 7 483
99 37 655
115 3 2183
7 81 1314
26 96 1429
78 116 1091
82 39 2182
60 109 1834
6 11 2188
98 65 1852
46 13 954
51 11 1214
82 117 2268
93 13 671
1 24 482
82 69 1366
45 99 982
16 65 1070
19 8 947
50 6 652
70 73 268
97 35 147
102 39 273
0 19 1594
101 14 2042
23 38 841
90 60 134
5 75 804
97 84 2229
104 48 2254
23 62 713
13 82 216
106 79 1885
118 73 1683
65 76 1505
112 9 1592
78 53 1066
67 104 2275
34 32 2085
26 23 957
11 112 782
34 1 484
71 28 2055
117 101 1957
110 96 1853
28 7 1284
33 6 1322
82 0 42
48 74 317
61 113 1728
108 48 2007
40 115 27
5 74 1020
98 112 861
94 39 972
109 115 664
38 75 1941
11 92 1903
83 65 1995
3 23 34
59 99 1765
48 81 916
30 8 1177
96 110 992
86 61 2328
47 72 2001
49 99 1851
84 11 2233
93 55 1034
25 58 1826
31 34 351
64 80 1084
51 100 1254
80 115 2070
74 44 963
54 53 1616
109 30 430
109 20 1058
46 35 2188
111 39 1818
37 112 2113
21 37 1462
56 98 463
48 93 467
11 49 2372
23 117 1069
50 81 388
47 46 1463
77 87 1313
71 75 22
17 20 1804
88 12 402
24 14 0
38 31 2021
116 44 1079
47 20 374
43 77 2384
88 16 186
73 71 414
17 53 736
72 40 854
84 115 2109
69 112 2228
104 119 462
88 106 1677
60 29 149
73 83 603
40 109 534
41 4 854
116 82 2287
72 117 116
5 73 951
25 43 2192
79 58 293
31 24 472
64 71 2378
109 104 1376
62 22 914
94 53 739
19 34 2329
84 72 2010
64 61 188
9 79 1747
58 95 2429
58 49 311
117 16 1856
101 102 1887
61 106 108
41 102 2273
35 52 20
49 0 222
72 4 1506
94 54 470
107 68 656
13 77 361
44 54 831
73 72 1072
39 26 552
80 90 1183
30 77 164
17 48 238
21 112 1014
94 71 624
115 40 1528
6 92 1235
118 90 930
41 49 136
110 63 282
42 10 2169
108 119 253
111 72 611
100 19 1496
39 82 1739
45 7 1154
90 12 1186
101 99 2284
47 82 1940
79 102 668
108 44 1381
31 76 270
91 0 428
4 65 582
88 25 2343
70 77 2137
20 71 1832
67 89 1090
110 101 2443
113 67 2128
29 43 1470
49 23 862
110 46 950
24 16 1053
62 37 2377
103 96 845
37 94 1072
47 1 727
106 35 1577
29 105 1211
47 11 111
116 41 1122
35 103 1113
106 31 1893
114 45 355
17 69 2329
96 29 2186
20 108 1781
47 109 983
63 55 339
37 26 388
54 66 1885
66 29 2278
119 104 2254
113 77 2351
19 0 782
114 90 2078
40 95 1396
66 10 1682
33 95 2130
67 72 1051
111 6 1388
91 93 975
6 42 50
107 9 419
42 24 656
80 97 653
61 27 112
51 42 545
28 113 520
64 49 1906
62 98 1149
91 2 623
80 11 1312
90 9 675
32 6 2043
117 102 1423
34 105 854
55 109 2051
112 65 1906
119 83 1922
101 85 1534
78 102 948
31 67 815
95 4 1588
81 70 1050
68 39 128
6 98 639
7 90 547
12 4 1708
13 30 316
31 98 682
84 1 651
1 26 326
10 51 723
32 44 1528
79 27 2043
17 94 1554
5 9 635
4 102 1307
109 114 664
78 24 685
15 80 1145
84 117 673
81 54 2109
65 10 1464
41 7 1277
64 94 539
20 86 1763
105 20 2215
43 79 1678
101 59 813
83 52 1555
96 1 2087
43 15 1017
85 58 1748
24 44 1021
64 118 1713
52 99 1647
78 35 1644
42 99 400
84 119 427
42 63 2206
72 96 2169
20 51 1114
66 77 537
113 48 800
70 47 1730
96 97 8
105 70 1586
12 66 573
41 22 2290
67 85 296
75 93 2232
76 108 1228
87 52 29
38 105 1035
38 10 618
64 27 2360
71 1 2100
91 11 13
25 110 2145
39 41 548
55 66 2403
13 97 1223
103 74 66
3 111 2238
68 45 1236
50 10 1717
37 38 1689
86 72 1752
54 22 1616
41 94 113
111 90 1947
116 114 1812
117 24 949
79 37 990
51 113 1575
15 27 2114
81 56 1676
44 25 1193
22 94 93
44 71 1500
58 78 1933
8 2 2219
47 16 912
57 105 2411
87 97 1626
53 49 1461
21 83 437
52 38 1601
118 52 1702
94 11 2421
97 107 1347
50 3 1179
2 67 829
63 97 2597
21 106 1986
7 67 1737
14 0 332
92 28 2085
115 118 2021
74 51 2152
3 101 777
85 25 1960
59 66 744
67 99 1914
39 69 1725
100 85 1032
22 33 1034
96 57 961
99 21 293
87 9 2205
101 41 1047
113 50 2608
2 117 193
56 16 31
19 92 1093
99 27 2246
28 10 2334
68 51 1619
30 98 2371
98 70 597
26 98 2622
69 101 1572
26 53 1089
28 32 759
11 55 1742
21 118 686
107 23 2585
69 72 932
90 113 2491
20 4 1078
28 94 1008
45 71 1597
79 51 138
93 88 2127
13 116 814
57 96 2509
54 75 760
38 65 768
19 97 264
44 33 1223
3 93 1171
104 43 1748
38 34 2263
57 69 638
43 99 247
99 22 2578
103 44 25
15 12 2510
26 73 590
79 113 2540
104 56 2588
99 47 139
62 48 1594
113 29 1098
72 112 1836
80 25 1764
64 40 269
7 74 2359
8 42 402
9 78 731
43 105 2335
119 15 2179
92 49 175
24 9 1998
15 43 1987
0 35 2411
7 4 1363
43 55 1460
106 82 1800
48 49 1587
9 43 375
81 82 2061
91 30 1085
9 112 363
57 114 20
12 46 853
40 58 2171
3 15 61
93 95 1775
4 17 1045
85 21 24
61 23 1442
73 106 348
32 40 1886
117 106 1892
114 107 1743
34 19 908
76 8 2208
71 61 679
55 60 2693
25 10 1657
54 118 31
64 101 914
54 91 374
8 100 938
2 76 2374
105 55 390
27 90 711
71 107 456
45 42 84
72 71 2411
46 106 785
30 44 98
88 27 391
83 68 2498
11 72 2747
7 23 2355
115 101 1854
17 76 1811
74 37 913
101 65 1104
108 2 1663
16 1 304
96 23 933
71 102 361
0 99 1370
40 19 912
66 75 1699
11 70 222
20 43 2213
66 59 1900
113 20 1124
38 69 1163
30 22 1072
44 84 408
22 11 350
78 106 1277
112 8 1692
19 111 2499
73 44 688
0 56 299
83 103 328
32 13 2416
10 81 1752
71 19 2427
76 54 1830
108 56 588
67 31 1108
16 60 1255
40 16 1206
4 108 1192
79 9 494
87 34 1774
43 48 2749
12 29 1755
9 57 680
111 49 971
79 73 2302
79 82 700
85 10 1260
40 81 2601
22 117 2651
44 38 96
77 111 2055
79 25 857
56 2 373
95 41 1453
25 113 1232
114 6 1752
83 119 1289
114 80 2509
49 30 441
119 3 1525
58 74 325
55 83 2292
15 108 2644
50 102 2128
85 71 2343
110 76 514
16 87 2475
117 71 1589
81 89 1394
103 26 1600
40 33 2285
17 28 1446
49 26 491
114 30 2698
119 33 1093
77 15 2719
95 69 1019
8 92 1703
39 52 529
79 92 1548
86 71 324
88 8 1818
39 83 1549
90 51 333
77 96 415
57 65 1128
98 60 2604
113 99 507
2 113 2822
73 64 2493
109 80 1151
50 111 1421
29 4 1926
83 114 488
74 76 1181
112 89 82
103 71 1885
76 80 1300
89 46 2711
87 45 983
19 89 229
91 14 147
42 91 919
58 111 565
69 51 680
97 92 217
77 35 889
28 30 1842
73 75 337
5 113 140
113 90 171
71 66 1231
7 70 2530
39 17 715
25 2 953
9 48 1629
82 92 622
100 65 1867
25 4 2140
58 31 2096
90 79 2219
87 22 388
106 24 2057
54 62 2703
62 4 577
4 107 1687
97 101 2329
100 92 2626
93 80 639
72 2 1426
106 8 1426
55 85 815
86 15 611
99 8 2788
100 13 315
109 110 28
40 12 2035
72 118 1282
43 38 1355
38 89 2881
3 28 234
65 88 462
80 77 1288
27 100 1758
28 73 327
39 1 1708
59 2 2505
106 88 722
76 23 419
31 20 470
99 16 215
118 11 2570
55 41 482
68 9 258
16 117 1100
7 108 2726
44 76 2239
51 44 1533
66 67 1217
2 82 1026
72 110 823
100 83 441
49 85 1956
62 14 231
13 119 2409
76 59 2535
88 71 176
78 40 1136
72 78 2197
10 100 2796
13 81 2565
50 54 1777
1 44 1323
118 80 1485
65 74 1017
57 30 926
21 25 2242
102 54 2773
91 117 2157
30 1 34
78 41 1045
43 107 905
11 3 812
22 72 2432
89 82 730
57 101 1353
43 1 1381
7 24 2856
88 37 1949
34 37 1377
47 21 2938
44 11 527
52 94 782
63 56 603
84 57 1022
95 60 439
80 88 2654
37 21 323
92 110 1603
41 85 2147
104 69 1453
74 98 1623
1 61 1984
43 26 1486
73 66 2069
73 97 1306
13 55 132
57 3 2609
78 29 1097
67 51 2367
14 65 16
111 85 1929
61 41 868
33 35 2005
81 93 1555
4 1 2850
78 2 2805
23 26 305
93 78 1091
91 41 1436
98 51 2807
0 16 1762
16 95 2161
119 62 1482
22 42 1167
22 49 1522
81 96 949
5 39 1899
60 1 2067
114 10 1936
86 113 2491
82 84 677
69 59 2731
87 2 1875
61 22 2848
48 26 1072
63 90 5
78 98 691
43 23 1255
83 115 1511
11 119 242
54 40 2852
71 114 244
68 101 1670
64 30 1787
5 98 2106
111 96 2530
103 64 12
19 51 2874
70 84 2552
20 94 737
7 8 2690
69 103 1973
54 78 376
67 76 25
70 110 266
58 45 1722
24 96 2219
82 91 1157
111 74 1772
102 81 674
1 97 1723
118 94 234
43 70 1009
40 114 1540
5 105 1074
105 60 653
89 66 381
118 59 2983
109 46 2685
37 35 1224
82 103 2730
61 112 2745
29 33 2338
102 49 227
76 44 487
31 102 413
20 102 2540
38 23 1297
5 30 572
85 68 655
75 17 2990
0 74 850
6 102 2989
14 117 1052
34 35 2697
88 114 11
13 106 1281
13 109 1682
9 38 141
52 34 122
3 68 927
109 74 722
110 2 2181
95 102 2727
66 91 2779
26 68 1240
10 1 2966
27 105 823
15 20 380
109 52 2642
8 73 1728
55 95 1823
3 80 2530
117 19 2388
68 115 1102
31 29 1638
117 41 1556
20 87 1244
62 79 962
0 98 2493
58 48 2448
35 51 179
111 61 2212
103 114 628
62 68 1509
41 10 1122
88 69 2088
60 68 978
47 22 2653
48 103 55
68 110 264
80 44 2322
29 61 2658
110 84 1795
2 105 2440
60 72 2245
105 101 1836
40 31 303
28 82 2625
105 82 575
89 78 2593
101 37 2724
97 108 949
3 107 2106
22 53 178
7 119 864
31 43 2282
28 99 2344
90 78 2936
95 3 1223
55 1 1865
14 31 1320
84 50 1992
9 105 16
78 15 2218
29 34 2028
96 47 2273
11 79 3093
21 48 1204
86 26 2708
75 110 1823
21 57 3075
67 33 2174
102 65 351
115 7 2206
14 55 2904
46 73 2407
109 95 55
62 96 1404
58 50 1962
34 87 1326
85 52 1392
83 15 1395
113 44 3068
7 73 763
42 108 1587
105 44 1132
75 45 2587
112 21 846
69 42 1967
75 83 2274
71 43 578
38 50 204
99 35 609
111 56 2070
109 56 945
63 57 2889
21 107 650
43 28 1948
2 40 321
80 103 2000
49 48 1955
107 53 1712
70 5 1532
27 77 2274
23 50 3021
88 83 2809
75 63 2953
66 107 1780
54 80 2643
2 44 108
69 94 820
70 28 1078
37 39 3019
103 30 1766
19 24 1640
95 106 1152
24 3 2393
110 13 927
17 67 593
46 51 1539
103 10 1554
43 11 227
101 69 1877
6 10 2230
74 92 2453
15 3 1177
100 10 1216
9 75 2366
116 26 1629
82 33 2312
52 56 58
61 115 1041
90 96 3137
65 59 1867
87 85 2867
115 51 203
41 65 3039
94 114 2077
9 52 416
108 41 2907
70 39 2267
40 63 1365
90 70 69
105 62 1575
94 81 929
118 97 2663
56 58 2321
98 64 704
52 20 842
41 2 1069
30 79 835
48 63 1089
69 99 2332
107 16 2189
72 35 260
4 114 2377
93 15 3145
72 76 837
101 64 2495
10 114 1978
5 31 388
112 2 111
19 108 3144
50 76 2732
100 75 2198
34 17 1255
0 60 599
22 4 2992
10 105 2001
109 50 1498
52 35 973
74 102 2792
45 43 3112
41 52 3170
69 4 528
42 88 2490
80 104 909
117 45 408
56 107 1038
86 47 1435
65 63 1702
101 88 927
47 95 337
68 67 157
80 67 1418
53 44 1214
67 66 341
20 46 2887
99 76 611
9 63 1598
10 12 943
69 106 2625
34 99 64
54 38 1558
38 41 2737
23 56 1529
90 82 595
102 64 2916
51 99 2754
22 45 1876
102 19 2608
31 103 199
111 112 501
26 3 2606
65 5 1676
99 115 3029
59 16 1430
98 71 1672
44 95 564
28 2 1572
1 9 2562
61 20 2545
64 112 2337
14 116 1860
92 41 186
59 62 2213
119 100 1729
91 115 1798
40 85 813
20 35 1100
31 3 2737
33 13 2583
20 0 1293
13 27 2248
46 27 1830
9 87 1143
44 101 2877
93 91 2478
30 67 2410
56 26 1719
52 97 56
38 46 1187
33 0 1195
75 24 3204
69 65 2045
20 40 1773
59 54 2202
6 114 1529
111 32 2488
115 32 2094
103 14 596
119 73 3125
2 109 2057
81 1 3134
22 55 3115
6 83 984
7 35 1898
42 55 2990
117 15 1169
96 113 1160
1 89 1918
76 13 2692
80 111 327
32 99 1513
29 97 1067
75 100 50
93 22 2039
118 108 832
87 61 1305
60 71 1575
105 87 1005
42 35 226
51 68 267
82 66 2275
59 77 268
12 2 156
29 55 1475
14 16 2269
1 58 879
103 88 403
20 49 686
41 32 885
20 96 1342
91 19 1740
37 9 199
19 25 2094
71 92 819
62 15 2264
71 39 380
4 74 436
57 37 3105
75 69 1257
79 46 2575
77 56 1819
68 62 1355
43 72 1411
31 15 480
77 102 2608
51 71 2553
0 6 1199
38 16 2565
114 7 1801
83 42 2618
17 8 1570
66 39 1915
4 33 3092
91 23 1451
65 40 1029
108 20 1953
46 54 359
45 65 1486
82 67 1178
116 43 1243
29 8 2330
39 11 3298
118 75 2526
90 86 960
21 72 255
48 13 2136
81 27 631
51 96 2063
82 48 683
53 21 1782
102 100 37
30 21 2240
41 117 869
109 13 2645
94 37 3369
43 76 1389
50 82 1604
82 8 825
50 60 622
61 79 1297
80 93 1804
96 90 1153
119 112 3119
67 78 713
12 60 446
93 46 2494
109 39 959
117 91 895
112 101 229
87 111 1849
6 31 1881
113 103 1305
117 46 3103
75 65 2437
87 39 2412
22 52 1097
119 105 2329
110 40 725
92 66 2313
64 63 2328
60 53 1217
75 44 2375
85 34 1166
22 0 1409
48 24 591
88 100 338
90 112 1499
7 80 223
30 54 3260
53 111 2729
25 108 318
17 87 3300
31 105 1044
119 98 1436
94 89 3392
7 118 2421
107 100 963
78 97 2316
32 109 1711
52 111 3094
83 33 1970
90 21 3274
94 8 2433
47 35 483
89 88 2537
24 37 320
2 115 3241
34 47 3066
37 63 1921
95 70 2799
74 2 1280
92 80 2401
27 63 1341
40 46 2807
64 95 655
94 7 2164
43 25 199
105 91 1473
51 79 253
92 20 1409
5 85 2173
101 86 1138
32 82 2916
20 111 1430
108 21 2602
26 78 2529
50 56 564
27 7 1826
78 26 916
83 73 3214
71 33 536
86 57 1531
106 85 2932
38 9 698
102 99 3044
72 82 196
25 61 59
27 73 1401
10 42 575
16 46 26
69 87 1891
33 92 3095
51 76 2524
66 73 1336
50 7 1273
78 32 467
79 65 2214
34 70 3428
92 45 1805
35 118 994
4 20 2384
1 17 1615
92 67 1817
86 52 223
26 28 483
69 37 1956
33 27 766
84 48 3233
38 21 1429
65 103 2616
5 70 2600
4 109 2407
59 1 711
20 106 3068
78 87 2407
119 58 474
53 57 2930
105 103 2966
17 3 2427
20 21 2578
96 91 3237
10 86 1516
32 62 1118
117 72 2129
117 108 166
61 75 1411
95 105 3116
97 37 3326
62 87 1313
89 19 2579
39 117 2488
4 76 2571
108 45 513
48 12 1195
73 56 3297
46 88 1519
93 44 591
21 8 1407
67 61 865
73 25 3398
119 28 701
20 110 3293
12 94 204
106 81 3421
109 69 257
13 34 1792
30 112 200
3 112 1625
82 86 68
88 70 2483
33 71 615
71 98 358
96 19 1279
23 73 2554
107 101 2229
11 73 2706
45 35 790
74 11 656
64 8 3330
83 101 2175
7 33 2374
33 12 2036
39 94 1600
99 113 1815
114 31 977
8 16 3265
89 118 2494
69 108 2412
21 68 344
0 118 228
47 93 2538
91 5 3402
40 59 2403
21 34 3135
105 61 1148
3 83 812
58 2 638
116 59 1123
87 1 3079
77 73 1403
16 41 1104
100 6 3515
115 14 2301
70 66 1223
114 94 2308
1 8 1974
62 23 2748
50 103 865
4 31 1951
68 70 1786
63 34 959
85 102 1238
116 83 3228
56 62 2168
4 83 588
77 0 169
2 65 59
5 64 1124
73 118 3514
22 38 2587
70 38 865
81 42 1238
46 91 2608
100 81 308
104 112 3464
50 23 738
72 101 2325
28 55 1484
69 50 1525
94 12 994
30 104 963
44 115 1089
33 2 2783
95 55 2303
8 45 1956
31 95 3485
62 50 3372
105 109 2956
117 54 2907
37 55 892
14 66 478
8 10 2501
54 46 1026
107 110 1329
87 48 1504
48 72 1574
30 65 1403
9 102 1543
86 2 1135
68 119 3082
53 107 1298
97 34 1698
53 10 585
51 2 2816
87 70 1307
74 109 1563
30 40 2068
104 30 3351
65 17 435
41 20 3329
104 4 2882
5 65 3223
44 63 2943
115 49 746
82 58 2830
9 20 2179
72 11 1168
27 81 2719
82 87 484
86 98 337
109 78 1821
72 98 2990
2 27 404
68 47 673
87 12 1148
106 73 646
52 5 1048
43 13 3036
44 80 2440
33 80 3282
113 74 1486
79 66 3456
14 22 354
100 60 3531
63 73 302
84 54 1297
58 68 3420
55 47 1965
72 23 2087
0 65 977
91 72 894
52 2 716
101 15 2548
60 118 51
67 41 1902
32 107 3527
2 30 814
1 6 2025
47 104 2212
103 79 2043
86 30 910
28 112 1944
31 14 3423
22 119 1859
104 32 1683
65 31 355
11 105 1290
26 45 22
52 89 1646
12 115 2938
40 5 674
38 82 1496
13 108 3036
14 53 411
107 75 2982
49 37 2048
42 96 2510
82 75 640
64 0 797
51 40 214
10 33 320
46 71 2766
16 83 1418
7 115 2220
109 73 1661
97 23 3624
57 27 1731
45 88 2330
89 115 1445
88 86 1015
85 104 1779
75 72 1841
13 76 505
50 46 1486
35 73 2541
34 117 447
69 55 3460
83 75 1903
52 85 3662
27 32 2665
14 76 553
95 23 3239
101 8 1709
1 10 3180
44 20 2954
82 26 2411
52 119 2141
66 22 845
62 119 1073
7 110 2595
91 62 2814
72 91 3022
30 56 2170
76 117 1575
35 92 1721
84 75 1823
100 47 377
71 100 3160
29 91 2446
111 52 2388
75 11 1005
2 53 648
86 7 1190
101 6 1335
114 76 104
108 25 1202
38 115 1451
97 116 2460
105 38 1739
2 4 2387
26 39 82
94 79 440
68 111 2342
115 1 463
72 89 3133
25 54 202
44 47 72
119 69 3016
110 14 551
26 79 215
11 60 3198
45 113 579
48 91 1011
39 118 913
53 78 2715
23 91 583
8 69 2522
31 94 477
16 102 1249
98 85 2727
111 57 1937
83 89 3501
47 67 127
23 2 3439
103 59 214
66 43 2388
86 58 2710
35 37 1327
107 4 3466
104 83 1891
23 7 3094
30 114 1430
0 34 2309
29 116 3258
84 110 1410
108 106 3661
21 2 1783
73 100 2866
7 40 59
43 27 785
86 64 3049
42 93 3596
42 79 2830
28 80 971
49 17 1301
108 47 3331
83 47 3059
30 100 590
73 34 1873
115 10 84
74 24 2609
99 2 810
110 80 535
31 96 1694
33 51 2742
41 40 2888
79 4 3084
38 70 555
60 100 2014
29 15 1467
58 11 380
40 94 835
17 116 2413
48 27 763
68 76 2778
17 59 61
1 55 2659
99 43 3786
51 105 2491
4 92 1292
118 44 3734
76 104 2547
17 21 484
60 13 1656
3 87 1301
41 62 1493
46 14 2637
78 34 1102
49 100 3670
106 1 2525
59 71 2130
68 82 710
113 116 1813
103 101 1147
50 26 700
39 54 2204
19 96 2776
116 93 1802
40 39 2306
6 51 2700
83 48 2722
29 25 3721
63 71 2102
106 99 1130
64 68 877
19 20 2258
31 63 389
54 87 1774
65 38 2323
37 22 1408
114 98 964
21 92 1115
56 52 3447
5 49 533
83 28 983
2 81 3524
116 38 3386
50 49 266
51 81 2757
62 35 735
82 52 894
67 28 135
13 100 160
89 57 906
42 4 2711
107 84 2887
15 5 2884
28 92 1259
100 90 1397
95 57 895
66 114 1043
62 101 1459
13 28 2745
108 16 2143
30 91 1125
86 34 510
47 106 2001
99 63 1800
72 27 522
113 32 678
58 40 425
63 54 701
75 114 2382
23 9 1573
64 87 3173
29 14 2082
39 55 811
74 28 949
49 42 962
106 25 1839
57 80 999
83 94 367
99 110 2146
67 42 2681
90 95 422
64 79 2584
64 4 2801
16 82 2966
43 92 2522
5 92 3618
37 68 1954
93 106 2807
15 45 341
71 117 308
109 40 339
5 41 2189
49 78 2195
37 43 2061
71 10 1868
13 92 1530
11 107 2588
5 34 2848
24 29 2299
77 45 201
33 77 920
10 49 302
105 110 1789
0 28 97
31 113 3324
0 55 26
94 95 322
45 97 1078
49 19 1095
68 56 2735
94 73 3496
65 119 2394
62 27 1562
75 58 3803
43 67 1715
75 84 1449
53 119 2746
94 40 312
26 27 3679
41 1 757
32 57 1244
49 91 291
30 101 3572
119 77 3838
17 78 2209
74 84 2001
95 99 1358
92 46 3817
81 3 2089
62 24 2565
95 46 3840
37 65 3216
102 33 3134
44 110 641
39 116 2218
53 73 637
108 114 1088
23 28 2144
102 3 1218
31 5 2923
12 113 1132
98 41 741
4 84 3204
16 118 2611
80 106 1581
38 0 2823
30 92 2918
62 115 711
37 57 2046
65 48 3168
33 113 2158
16 89 1629
17 10 3200
63 96 3503
61 3 2235
96 16 3925
87 56 2174
42 113 2758
42 111 3429
117 85 2543
85 117 2679
15 82 3205
39 7 2873
87 5 1983
31 115 3067
50 67 2601
23 6 2453
98 103 1807
116 95 853
59 35 2986
51 5 214
22 28 2665
59 38 3866
38 42 2432
115 83 1613
102 6 1309
22 23 2315
117 17 2411
100 41 3360
98 7 829
81 22 2034
62 86 2774
95 8 3527
4 44 1152
20 9 3731
92 88 827
92 23 906
56 76 2076
96 32 2584
65 71 3666
45 74 424
24 40 2344
116 56 2757
49 95 3319
8 24 2011
55 77 367
97 100 1011
88 112 2127
11 63 3835
5 0 3277
87 74 3762
12 100 3824
104 21 584
104 49 1819
93 43 2488
19 4 3079
15 49 1249
94 2 2914
25 119 3006
68 91 3189
59 112 755
5 55 860
89 112 3408
69 34 795
83 49 2251
19 53 2253
14 68 3426
44 116 1296
73 108 2477
39 58 3661
12 54 818
49 29 4
70 37 2624
47 53 1904
105 14 707
65 75 4022
95 20 259
112 119 3900
53 88 1050
108 15 2952
46 16 420
42 3 653
98 37 3995
105 22 1102
89 69 1137
59 119 361
16 39 2189
103 22 2223
57 42 1882
40 73 3946
22 14 2991
37 118 3567
50 40 3603
87 14 1164
115 92 1740
34 25 640
84 33 1737
106 0 3601
62 100 87
53 114 3512
6 49 362
14 118 2119
47 75 3049
105 43 70
11 84 2501
57 38 363
14 73 297
109 79 812
75 109 4050
40 87 2236
53 65 2644
46 65 2465
105 46 2904
107 20 1233
13 89 2851
72 109 3507
39 87 422
84 83 1031
47 85 3132
92 43 46
50 13 2248
60 35 2422
100 31 2550
52 95 3388
16 84 311
37 116 966
94 119 620
78 67 2555
79 68 1565
63 62 3276
43 110 2536
58 85 385
41 13 3664
79 89 1520
102 56 2377
11 78 482
51 24 958
28 48 3227
63 44 3584
86 82 7
37 53 3804
117 119 382
21 110 3795
3 114 2213
74 65 3894
70 86 3561
54 67 689
70 32 1369
87 44 594
100 67 1199
24 92 744
108 11 3676
28 22 3058
47 114 920
99 66 1629
1 57 3859
15 7 4056
75 73 230
59 93 3644
75 2 536
57 103 3484
50 78 949
4 60 98
95 117 723
32 2 1377
28 53 3974
2 77 2173
64 119 1737
43 56 1262
47 88 139
19 7 1334
15 94 3184
6 97 2806
2 64 1519
23 82 1036
91 82 3841
4 56 3843
34 110 721
115 61 474
24 52 413
69 22 2957
104 89 2301
92 100 1789
4 111 4082
92 51 523
63 99 2366
41 25 2591
82 35 260
90 84 2359
32 117 2012
102 90 729
38 106 2383
88 99 319
101 82 701
10 31 2710
113 4 886
109 68 2771
100 108 2147
24 38 1245
42 81 143
6 4 1593
110 45 669
16 103 1878
85 100 1326
29 81 1486
25 28 2471
54 82 1818
98 6 3749
31 25 599
22 63 1763
73 101 2904
99 38 1358
5 50 1250
111 60 3502
96 44 753
84 98 3268
111 115 2500
23 53 214
119 53 1582
1 4 3089
117 22 3166
63 15 2463
56 17 1070
26 54 2581
6 99 1790
52 100 2756
38 26 2029
65 44 574
43 35 3687
96 74 1700
51 52 3407
3 96 3910
111 19 237
79 41 1445
64 105 3738
85 77 2351
99 104 1162
16 94 3459
101 33 2701
118 87 195
48 0 2082
53 92 936
75 51 3867
48 51 1115
81 94 1174
30 17 241
49 16 909
103 119 3104
56 54 1718
27 37 3230
87 96 2557
64 89 424
7 104 1922
97 95 97
12 0 168
45 87 2290
70 51 1559
17 60 3703
79 91 2237
62 111 1049
76 56 2093
79 26 4203
89 113 1034
27 46 682
89 63 2657
22 35 1118
85 93 3001
118 4 420
111 71 1848
32 74 1059
14 6 3051
15 111 176
116 69 433
61 90 2286
25 104 995
92 30 108
82 97 236
29 40 3713
83 91 3889
107 7 3452
83 25 2436
25 42 170
96 55 4081
31 53 415
72 83 556
93 64 474
5 77 1241
73 109 3079
109 25 166
98 21 1784
61 65 3140
66 35 2524
38 37 202
20 79 2992
62 49 949
32 19 3438
26 0 1004
96 61 4201
32 34 1550
22 66 283
93 23 386
90 47 443
65 97 2095
110 5 884
91 3 3857
58 105 3424
90 3 2623
113 85 188
72 24 2855
45 107 3005
0 15 3529
41 111 4103
74 39 3699
95 80 1966
79 108 1109
79 0 1971
98 106 1832
118 102 650
57 59 4141
91 75 1652
100 52 3832
119 39 3744
49 25 1498
112 55 478
0 69 3155
15 104 3565
111 9 2470
58 1 1243
107 98 2974
66 51 3526
32 5 2223
60 58 1034
101 117 3333
103 3 2226
24 50 23
0 63 3193
102 80 4089
115 33 3098
79 85 1988
118 71 3799
10 56 2472
79 21 3865
112 100 3593
22 115 1787
46 29 2322
61 14 3003
37 104 998
71 105 4043
90 23 1873
103 111 4178
93 112 1027
3 90 1788
34 106 1528
17 81 1062
46 43 1022
62 28 4177
54 97 2522
81 90 2154
104 105 1718
30 48 1495
46 114 2060
91 38 2006
21 0 728
86 39 1756
68 112 1853
28 47 1735
88 48 2729
30 68 4125
84 13 3187
74 80 1677
62 107 2914
46 25 1041
47 89 2414
99 105 1366
118 101 3261
56 48 276
68 65 3708
118 78 1459
3 103 2319
13 52 2461
77 32 2645
79 97 2698
89 7 3078
5 102 2281
101 116 307
38 83 1098
1 70 1407
19 110 597
2 49 2352
103 112 2481
113 16 3852
109 29 3319
75 89 1124
84 69 3015
6 12 427
107 2 3611
61 52 2218
63 3 770
78 86 2406
51 80 3644
3 22 1021
107 3 561
67 71 237
17 24 1263
47 15 2847
60 88 3257
44 35 3853
12 106 4316
25 5 4012
92 103 1898
42 103 1528
10 58 3680
77 4 529
21 111 172
50 117 2469
95 21 3070
42 33 4336
7 1 3446
114 60 327
10 103 311
61 47 994
100 84 1060
108 80 896
103 110 3144
59 47 1708
72 43 2226
105 42 2678
69 88 3955
107 115 1788
104 45 2832
44 108 2477
104 42 1067
82 51 3975
44 31 1788
4 96 1259
54 99 610
52 16 244
56 20 4081
75 9 409
96 48 4077
105 94 1175
31 111 3460
103 25 1310
96 54 604
64 6 1150
14 19 3870
101 3 3875
61 0 304
99 89 2191
46 45 4223
46 97 1023
2 1 1741
97 93 3714
14 56 3683
81 105 3933
16 38 1423
28 51 1351
14 69 2804
12 57 1931
16 109 4100
34 59 930
103 45 2357
23 24 1280
115 71 4193
10 73 569
89 26 535
15 1 1736
66 101 177
101 49 2243
23 58 1141
31 33 2791
99 62 2008
10 54 2798
26 9 253
101 80 4093
73 13 828
107 55 4363
114 81 2012
91 4 3511
55 98 1487
104 20 3312
44 30 2316
85 91 122
19 113 3926
73 70 1552
28 57 3358
68 53 230
77 1 1423
58 0 81
40 14 1041
66 93 704
42 84 101
69 49 3945
105 79 1363
19 116 926
85 38 3101
73 90 1335
42 5 1906
82 119 66
61 69 728
106 47 2912
55 7 4439
32 118 1023
95 103 2068
7 72 1857
95 67 226
106 9 3459
11 9 4103
104 16 2674
51 85 1207
33 26 2767
15 47 3159
114 44 2353
68 117 3537
10 52 2433
109 47 3120
73 12 3849
102 22 4392
90 59 3641
40 104 2720
50 16 155
56 5 3033
49 105 1055
4 61 2537
81 72 948
99 61 3328
27 91 4106
61 24 3105
16 79 2462
89 48 3165
71 44 4246
46 0 3849
82 32 1933
23 1 1018
91 65 1414
44 104 2116
71 49 1063
96 88 2521
51 6 2489
44 107 1006
27 96 3669
87 102 26
95 26 2383
96 10 1129
63 95 3314
102 45 799
99 117 1007
54 94 2012
47 107 4427
8 79 1442
70 87 1638
77 107 24
24 89 1060
37 74 2889
118 30 280
83 31 3807
89 62 688
78 72 1711
46 98 702
5 116 498
38 71 4136
17 92 1585
8 48 2293
17 85 1943
108 58 1037
81 37 2726
52 117 2794
49 57 1278
78 10 534
95 43 3336
89 17 2647
63 89 1330
11 19 4416
85 111 622
45 105 3659
98 8 1269
32 41 1969
32 58 1335
74 19 1641
83 39 1086
60 92 819
65 49 4282
69 57 10
116 58 649
39 64 529
99 23 3015
68 80 1509
111 69 2750
66 72 364
88 62 1010
108 93 1673
57 89 1695
66 97 2909
114 29 560
16 58 278
50 77 2835
9 72 530
57 108 1525
101 92 2941
81 26 3288
0 38 1109
25 26 393
0 24 108
112 63 2783
86 35 1184
50 44 2376
65 8 943
105 17 2673
82 44 3460
67 82 2656
78 85 1592
56 57 2214
109 21 2077
96 45 1014
64 100 3489
13 0 1236
84 111 1707
14 30 2188
31 23 1210
7 39 43
101 106 2188
27 5 4167
38 104 4564
99 73 3088
4 38 4538
62 34 1161
40 13 737
75 64 2768
62 58 1098
26 55 3514
117 53 4155
114 50 862
37 46 2938
11 17 1642
107 99 1924
4 43 4506
38 79 3517
9 81 884
54 73 1612
63 68 2215
105 92 4322
84 20 3866
73 79 2688
34 58 2734
106 103 2794
43 16 2669
68 43 2049
5 112 2627
82 19 195
75 68 2801
33 3 4324
39 14 1695
53 85 1188
64 34 785
111 92 335
42 106 1345
10 67 1399
81 109 3368
65 45 864
117 103 3791
114 55 3956
119 35 3289
78 28 3163
81 34 1312
94 46 1481
82 62 3853
102 95 1286
88 98 2240
27 61 3713
3 110 2008
14 100 1127
56 15 3598
70 96 3628
102 103 2487
92 98 4091
57 32 4547
95 68 3010
68 100 2093
75 1 1846
7 98 2220
92 61 2435
2 100 760
104 75 4222
66 27 1561
71 46 262
35 77 306
69 63 4317
43 41 2445
117 23 1103
45 115 3613
78 81 1863
97 9 3878
45 20 2363
108 113 3770
30 43 2412
85 14 4483
11 102 4230
116 55 1771
41 69 680
63 101 2777
105 93 1819
5 87 2995
24 22 3119
32 14 3284
61 6 3304
47 23 3272
30 99 4062
46 81 1142
80 82 1616
0 84 3262
119 17 1111
67 30 266
109 19 348
6 13 4633
78 19 762
6 62 1588
35 1 2084
49 97 341
28 71 3502
56 25 1241
7 113 1698
95 6 112
15 78 1193
55 42 2112
74 55 2697
50 27 281
115 70 4440
109 105 1400
61 92 61
39 50 1113
98 0 261
60 9 3974
2 7 1814
29 100 2973
69 107 971
31 48 1345
0 85 2449
50 79 4447
115 80 1536
83 44 1507
2 78 2943
29 103 3659
97 57 1615
37 24 1340
71 30 1543
69 61 2924
49 44 3254
83 37 4398
35 111 1007
66 86 2593
1 111 1707
28 70 3850
53 51 3412
52 92 576
25 82 3027
49 90 1466
4 9 3771
25 30 4673
9 13 4607
97 87 3780
29 73 679
59 92 4543
56 60 2876
73 42 662
91 116 783
113 111 4470
100 113 1474
66 42 4071
61 4 2178
119 115 1963
24 48 1111
80 54 4316
87 11 1812
114 86 1056
70 114 29
7 100 1902
84 41 1346
92 55 2859
114 68 3408
9 35 1483
17 4 504
42 105 619
69 43 4308
108 95 2033
55 73 2375
33 65 460
114 19 2823
118 47 1051
85 48 488
32 84 4447
14 59 1433
26 19 302
58 46 2971
53 24 4143
60 93 672
17 30 1329
118 49 2242
95 49 3342
1 100 5
61 64 3032
80 21 1843
23 17 1088
109 8 2602
113 59 4658
2 98 4032
63 38 3250
116 85 4352
3 81 4139
65 12 1101
110 103 2428
5 110 4097
97 99 4588
27 93 1334
89 77 1825
51 54 3301
67 46 1501
38 113 3251
70 33 3494
77 11 4423
61 93 1718
112 102 1911
5 35 4543
119 86 2735
40 106 3710
46 119 986
86 10 4362
58 71 2857
54 84 1333
59 43 3160
4 46 3683
44 8 2162
31 61 2305
43 89 1491
95 12 714
27 104 4227
9 17 1521
63 114 4181
13 94 629
60 19 1553
89 106 3816
78 114 748
95 16 2954
108 70 2581
119 99 2764
119 9 4108
44 42 2115
89 75 3653
107 103 4714
25 105 4782
93 69 787
50 89 2688
103 90 2397
37 14 83
60 27 210
19 11 1290
46 77 2970
27 118 4567
38 78 495
69 84 2297
57 74 1346
1 23 3721
95 75 3690
60 115 4001
67 49 3227
44 106 3847
66 69 1858
1 112 3977
84 108 2186
27 21 914
97 50 2062
100 40 1450
23 118 4091
118 6 935
43 94 2687
25 68 2161
27 67 2793
46 42 3759
40 6 1382
118 91 1569
17 100 2424
94 5 21
97 85 268
96 103 4512
23 81 2541
80 35 397
96 14 3843
37 101 1413
66 41 1116
119 42 4558
110 20 93
42 115 3218
0 116 921
103 78 1130
107 95 24
35 62 3150
99 84 3573
44 56 1168
77 53 654
17 113 1450
11 27 2219
12 44 2312
47 55 4571
103 98 317
105 78 157
13 118 3207
108 50 3839
95 53 4368
21 20 4694
67 37 2043
10 64 1648
74 94 3206
93 8 3035
58 5 2217
78 103 2760
27 66 3171
73 91 3356
66 84 1478
32 35 919
65 84 650
75 71 2734
15 52 705
29 28 4659
35 80 2375
14 60 2406
20 44 1362
116 27 3900
38 86 4775
12 23 134
7 58 2157
67 98 1695
63 17 112
93 59 501
105 65 2312
45 34 1490
65 22 3855
4 32 1566
30 5 1475
60 113 4257
15 14 2855
33 32 1364
57 98 1391
6 2 3106
60 80 1861
72 42 2414
48 92 2456
92 91 3686
106 80 4606
0 77 3143
9 103 73
92 26 4435
32 49 2086
67 117 3698
12 111 4899
104 109 3415
68 64 1689
86 28 3089
70 68 2810
105 54 184
4 106 1298
67 103 3559
25 59 4571
117 40 1163
86 42 2328
83 13 149
9 8 483
91 92 4149
23 37 271
109 88 968
80 32 1441
107 30 2455
13 111 1180
64 38 3291
82 85 4756
106 7 913
95 15 2139
109 7 2374
59 86 3968
6 57 932
105 40 1131
54 92 2211
71 2 1792
66 40 3675
86 76 904
15 106 3870
60 0 1215
90 85 773
111 109 2740
86 4 4665
23 100 1289
56 115 3310
56 101 4579
105 77 906
19 23 3280
15 67 4623
110 55 1340
107 58 1158
24 47 234
15 69 3095
39 22 1262
35 96 2117
83 78 4257
110 8 2243
117 112 2939
59 107 3949
4 35 4497
65 116 2300
52 24 1067
30 106 1944
99 101 162
71 56 1184
9 92 1570
67 45 2131
55 45 3673
74 35 4793
41 35 1495
83 4 1338
0 92 263
114 88 2214
22 89 4491
62 92 3947
74 7 4193
11 67 3799
67 96 2729
60 50 4522
69 93 511
119 75 2315
2 107 4666
69 40 3084
96 111 955
101 10 4327
87 80 2663
50 107 3512
45 40 149
15 39 1389
32 87 3810
105 37 2646
111 5 4983
97 3 3303
83 95 3691
72 93 3201
47 10 1373
58 33 313
75 70 2529
54 43 2167
4 94 1319
4 30 3943
97 10 416
49 106 2836
115 44 1838
114 91 2542
0 45 199
63 20 1727
41 108 2987
23 52 1524
98 80 1781
81 74 3229
51 25 2230
3 58 4078
114 85 4569
89 45 4956
22 78 3665
91 48 76
91 56 2730
6 94 242
21 87 2099
116 0 3019
74 12 1416
39 25 4446
37 89 2785
107 117 3350
24 99 111
85 114 1827
46 58 2925
19 49 719
5 56 3076
44 79 2024
110 109 2169
22 92 3418
72 94 484
118 77 2789
50 97 4645
19 87 2147
118 60 2589
39 76 4507
29 20 4826
43 95 3079
96 94 211
61 63 1863
29 9 3241
51 8 4877
51 89 2852
117 79 739
88 119 2618
22 32 3424
58 88 46
112 73 4479
79 54 3424
25 41 1623
35 97 3600
53 19 1049
65 89 886
80 68 2142
0 29 233
57 16 2972
35 64 3514
89 12 2243
18 25 32
18 47 45
18 61 54
18 107 105
18 36 33
18 112 80
18 27 108
18 98 73
18 91 43
18 3 76
18 67 36
18 15 113
18 4 71
18 102 119
18 23 92
18 101 113
18 10 57
18 30 113
18 43 77
18 69 106
18 58 1
18 48 74
18 19 0
18 103 57
18 111 93
18 96 103
18 106 46
18 51 68
18 75 85
18 22 31
18 90 23
18 49 23
18 38 27
18 20 72
18 39 18
18 99 44
18 29 96
18 70 63
18 33 112
18 54 92
18 113 57
18 57 115
18 35 117
18 95 115
2 36 115
12 36 95
13 36 10
16 36 84
17 36 14
19 36 74
20 36 17
22 36 87
24 36 64
25 36 67
26 36 30
30 36 8
31 36 23
33 36 78
35 36 47
43 36 21
44 36 62
48 36 61
51 36 68
54 36 69
55 36 26
56 36 101
60 36 44
61 36 93
62 36 6
67 36 42
70 36 76
75 36 21
76 36 31
78 36 90
80 36 115
83 36 67
86 36 70
91 36 97
94 36 18
95 36 22
98 36 15
99 36 81
104 36 39
105 36 74
111 36 85
115 36 90
116 36 90
