48
13
0 4 186
0 9 363
0 12 560
0 17 51
0 20 713
0 21 18
0 22 474
0 24 418
0 25 652
0 28 3
0 30 429
0 34 710
0 39 361
0 40 521
0 44 447
1 4 109
1 6 220
1 10 570
1 11 170
1 12 452
1 18 388
1 23 409
1 24 431
1 30 461
1 32 305
1 35 72
1 39 685
1 40 699
1 42 268
1 43 318
2 0 308
2 4 500
2 6 70
2 9 486
2 11 123
2 17 519
2 19 258
2 21 206
2 24 526
2 27 356
2 29 145
2 30 620
2 32 710
2 38 255
2 39 360
2 41 410
2 47 700
3 2 386
3 7 660
3 10 613
3 11 650
3 12 358
3 16 142
3 19 94
3 20 427
3 24 30
3 25 122
3 26 134
3 29 620
3 31 311
3 38 654
3 40 98
3 44 468
3 46 105
3 49 316
4 3 109
4 8 477
4 12 292
4 16 516
4 17 105
4 18 120
4 23 592
4 27 664
4 30 630
4 31 597
4 32 129
4 35 34
4 37 554
4 41 83
4 47 677
4 49 639
5 0 500
5 2 716
5 4 439
5 7 695
5 8 575
5 16 374
5 17 464
5 22 463
5 27 669
5 31 55
5 38 371
5 42 481
5 44 144
5 47 169
5 49 475
6 9 73
6 10 7
6 11 600
6 16 145
6 17 418
6 21 537
6 27 598
6 29 680
6 31 576
6 37 510
6 38 269
6 39 336
6 41 121
6 43 143
6 46 327
7 1 461
7 2 149
7 3 332
7 4 733
7 5 190
7 8 215
7 15 495
7 20 589
7 22 643
7 24 168
7 26 12
7 27 190
7 28 219
7 29 121
7 35 392
7 36 671
7 40 474
7 41 393
7 42 235
7 46 340
7 49 49
8 6 242
8 10 716
8 15 449
8 16 454
8 20 434
8 31 641
8 39 570
8 41 47
8 46 368
9 4 555
9 29 0
9 34 378
9 36 507
9 40 317
9 42 348
10 0 295
10 1 426
10 2 292
10 9 492
10 11 192
10 19 473
10 22 476
10 28 192
10 33 690
10 34 104
10 36 284
10 45 352
10 46 323
10 47 639
10 49 291
11 3 472
11 12 47
11 20 641
11 22 268
11 30 49
11 31 676
11 32 395
11 33 360
11 34 414
11 36 352
11 37 332
11 38 131
11 44 714
11 45 463
11 46 674
12 0 423
12 1 186
12 5 121
12 19 283
12 25 122
12 32 397
12 34 620
12 39 18
12 40 133
12 41 547
12 49 418
14 4 732
14 7 225
14 21 94
14 26 667
14 39 69
14 42 667
14 45 252
14 47 511
14 49 36
15 3 320
15 4 190
15 7 178
15 9 111
15 10 433
15 11 672
15 14 308
15 18 655
15 20 410
15 30 225
15 31 64
15 34 45
15 41 354
15 42 589
15 47 261
15 49 363
16 0 146
16 3 266
16 5 106
16 6 70
16 10 243
16 11 466
16 14 313
16 17 197
16 23 49
16 24 524
16 26 476
16 27 661
16 31 469
16 38 29
16 41 346
16 49 148
17 0 421
17 1 1
17 10 87
17 15 644
17 16 78
17 18 593
17 20 400
17 23 123
17 24 605
17 25 594
17 27 485
17 28 80
17 29 329
17 30 329
17 31 89
17 35 347
17 36 64
17 37 581
17 38 98
17 41 666
17 45 584
18 1 657
18 3 19
18 11 439
18 19 654
18 22 578
18 23 596
18 25 70
18 27 598
18 29 265
18 32 68
18 35 182
18 40 415
18 41 190
18 42 364
18 46 446
18 47 152
18 49 616
19 0 481
19 4 150
19 9 417
19 10 668
19 12 128
19 14 167
19 16 287
19 17 291
19 18 553
19 20 481
19 21 401
19 28 222
19 30 623
19 31 299
19 35 509
19 36 443
19 43 358
19 45 89
19 49 659
20 2 145
20 3 132
20 5 278
20 14 157
20 19 611
20 21 346
20 23 314
20 34 612
20 35 404
20 40 162
20 43 580
20 49 582
21 2 402
21 6 583
21 17 77
21 20 219
21 22 30
21 24 25
21 25 207
21 27 434
21 29 565
21 30 117
21 35 488
21 36 111
21 42 98
21 43 531
21 44 523
22 3 71
22 9 201
22 10 173
22 18 16
22 24 227
22 27 640
22 28 458
22 33 329
22 34 298
22 35 413
22 37 677
22 39 203
22 40 213
23 0 517
23 1 492
23 11 460
23 17 137
23 25 87
23 37 711
23 42 26
23 46 409
23 47 173
23 49 262
24 5 93
24 6 609
24 12 221
24 16 160
24 17 627
24 26 529
24 30 230
24 33 531
24 34 230
24 37 67
24 38 626
24 44 2
24 47 316
25 6 337
25 7 664
25 10 690
25 12 245
25 16 504
25 27 509
25 40 271
26 3 515
26 7 62
26 12 558
26 19 371
26 20 521
26 21 414
26 22 524
26 23 314
26 25 85
26 28 327
26 34 606
26 38 629
26 40 704
26 41 732
26 44 352
26 45 2
26 46 635
27 2 630
27 4 130
27 6 509
27 7 539
27 9 267
27 18 252
27 20 97
27 25 279
27 28 324
27 36 580
27 46 639
27 47 500
28 6 729
28 12 277
28 16 39
28 19 555
28 23 213
28 25 441
28 31 585
28 34 36
28 35 632
28 36 157
28 37 194
28 44 115
28 46 673
29 2 462
29 10 430
29 15 425
29 16 462
29 17 489
29 21 702
29 22 377
29 23 102
29 24 83
29 33 143
29 36 160
29 38 245
29 41 98
29 43 634
30 0 576
30 3 432
30 4 571
30 11 397
30 21 560
30 26 287
30 28 698
30 29 517
30 32 70
30 37 703
30 43 608
30 45 181
30 46 505
30 47 608
31 0 14
31 3 454
31 6 4
31 9 112
31 17 492
31 20 328
31 21 314
31 22 615
31 23 608
31 30 151
31 41 437
31 44 359
31 49 394
32 1 232
32 4 406
32 5 458
32 7 39
32 8 649
32 16 573
32 24 423
32 26 385
32 29 503
32 31 310
32 37 435
32 44 408
32 46 150
33 2 295
33 11 528
33 16 36
33 20 69
33 21 49
33 24 406
33 25 100
33 28 357
33 29 355
33 30 137
33 31 515
33 37 202
33 38 715
33 40 640
33 42 358
33 43 259
33 45 367
33 46 685
34 0 232
34 1 194
34 2 232
34 8 98
34 14 280
34 15 540
34 19 272
34 20 35
34 23 422
34 28 698
34 29 330
34 30 309
34 31 652
34 35 528
34 36 257
34 37 730
34 38 619
34 40 55
34 41 728
34 45 143
34 49 519
35 1 492
35 6 633
35 8 335
35 9 73
35 16 111
35 25 400
35 26 459
35 27 414
35 30 208
35 36 94
35 37 723
35 39 347
35 42 68
35 47 696
36 0 92
36 8 490
36 9 600
36 14 87
36 15 465
36 16 318
36 18 230
36 19 549
36 23 228
36 26 166
36 32 588
36 33 523
36 34 665
36 40 414
36 44 701
36 45 269
37 0 486
37 2 385
37 3 654
37 5 247
37 9 590
37 10 590
37 11 603
37 12 395
37 16 104
37 17 622
37 20 634
37 24 426
37 25 4
37 26 98
37 29 375
37 32 286
37 45 102
37 47 492
38 4 404
38 5 274
38 10 590
38 20 508
38 22 489
38 25 13
38 29 406
38 34 546
38 37 264
38 41 404
38 45 290
39 10 192
39 11 419
39 12 163
39 18 511
39 20 611
39 22 434
39 25 104
39 26 650
39 27 0
39 31 419
39 32 226
39 41 355
39 42 713
39 43 308
39 47 73
40 0 400
40 3 519
40 4 159
40 5 545
40 7 251
40 9 592
40 10 400
40 14 472
40 17 568
40 20 306
40 21 649
40 27 65
40 29 76
40 30 373
40 35 404
40 37 355
41 0 260
41 3 98
41 6 657
41 8 207
41 21 374
41 23 85
41 24 725
41 26 24
41 28 268
41 31 235
42 4 574
42 5 549
42 7 575
42 8 625
42 19 296
42 23 58
42 30 249
42 33 28
42 34 18
42 44 86
42 45 656
43 0 564
43 1 66
43 2 718
43 3 82
43 7 615
43 8 581
43 9 28
43 10 27
43 22 213
43 23 65
43 25 198
43 28 506
43 31 137
43 35 356
43 40 506
43 42 515
43 46 262
43 49 585
44 0 258
44 2 683
44 6 347
44 14 463
44 16 482
44 18 102
44 21 605
44 24 362
44 25 37
44 27 79
44 28 219
44 33 287
44 37 84
44 39 259
44 40 473
44 49 115
45 5 16
45 9 490
45 16 534
45 19 348
45 20 589
45 22 219
45 23 222
45 25 590
45 29 193
45 35 85
45 39 434
45 40 259
45 41 128
45 42 604
45 46 654
45 47 360
46 0 433
46 2 405
46 8 343
46 11 560
46 14 424
46 24 587
46 26 500
46 27 528
46 28 242
46 29 210
46 34 156
46 35 485
46 36 587
46 45 30
47 2 672
47 4 152
47 15 238
47 16 568
47 18 65
47 22 636
47 23 496
47 24 127
47 35 706
47 37 691
47 39 634
47 43 24
47 44 235
47 45 9
47 49 386
49 0 429
49 1 365
49 3 427
49 6 305
49 7 538
49 11 494
49 15 724
49 18 328
49 26 489
49 28 359
49 31 630
49 35 369
49 38 531
49 44 138
49 45 538
49 47 476
48 0 0
48 4 38
48 8 10
48 12 35
48 15 36
48 24 46
48 25 15
48 32 30
48 33 43
48 34 43
48 35 1
48 38 9
48 41 30
48 47 9
0 13 1
12 13 22
14 13 33
20 13 43
21 13 44
23 13 10
27 13 33
28 13 32
30 13 8
31 13 30
33 13 45
37 13 31
38 13 26
40 13 35
44 13 20
46 13 45
47 13 2
49 13 25
