16
0
7 3 290
14 13 281
10 3 34
17 7 291
6 22 23
25 29 57
6 19 289
15 18 128
4 3 197
14 20 257
13 24 8
26 23 317
22 20 288
22 29 171
23 6 397
24 8 138
23 19 171
19 29 138
18 7 310
25 22 148
3 15 144
3 21 30
12 19 152
6 24 102
14 9 347
24 22 320
18 14 402
8 12 60
9 21 197
11 23 160
20 10 92
22 18 397
24 18 282
27 23 242
8 4 377
15 5 186
25 2 68
14 27 402
27 1 407
25 5 273
15 12 302
29 10 314
27 10 256
25 10 302
10 6 249
5 9 281
8 14 372
27 3 393
19 27 21
10 20 394
28 17 289
17 12 95
2 11 334
20 4 22
7 14 16
17 5 89
1 27 41
12 27 69
19 9 392
4 18 350
19 14 277
28 3 240
19 20 17
27 24 219
11 13 160
11 27 384
7 10 82
15 7 345
22 15 97
15 8 47
3 24 14
14 1 60
14 21 39
20 23 256
13 21 13
29 12 50
13 15 331
21 28 136
29 2 411
6 8 141
9 29 253
20 26 387
8 2 211
19 26 316
4 12 289
6 4 237
17 26 31
11 28 175
3 18 61
18 28 334
20 18 268
20 27 396
23 12 292
7 2 228
25 23 173
24 14 416
9 1 174
23 9 166
6 28 382
10 23 178
17 20 70
29 24 152
21 12 38
12 13 119
6 25 124
14 29 228
22 1 82
13 26 243
1 3 349
3 28 412
14 6 246
28 1 299
1 15 391
12 11 30
2 28 87
11 3 238
27 20 304
6 12 80
5 20 214
24 6 85
1 17 152
6 17 35
11 4 162
29 8 155
14 7 193
1 24 41
20 2 359
28 21 39
24 3 346
18 8 72
3 9 385
19 11 105
13 29 220
17 11 235
15 26 200
9 26 263
15 28 182
18 13 255
15 10 226
25 20 222
8 17 80
2 3 403
15 25 9
8 3 111
21 8 148
29 20 282
9 13 275
27 26 55
2 21 74
20 29 364
15 19 362
21 13 252
6 18 294
20 3 140
26 11 247
23 11 179
12 6 50
3 26 368
24 10 259
21 11 383
18 25 314
5 4 1
2 7 263
22 24 329
6 3 403
2 18 151
20 14 310
3 10 209
27 21 5
10 12 88
5 26 303
17 22 273
10 11 90
18 1 406
23 29 349
1 11 166
28 10 266
15 17 364
18 20 264
9 10 151
13 7 74
7 23 398
9 23 185
12 8 131
5 17 40
27 11 386
11 1 9
1 29 318
25 28 92
28 5 343
4 22 172
29 21 140
27 25 79
11 18 219
29 7 322
14 28 395
2 6 343
7 28 265
29 28 107
26 8 356
7 1 41
21 6 405
25 18 3
3 29 334
18 21 363
1 21 32
1 5 193
22 25 217
2 20 384
25 14 10
24 23 87
21 20 221
5 8 121
23 28 210
18 4 229
18 17 319
9 8 299
19 8 379
7 4 352
8 25 266
17 19 29
6 26 108
18 12 92
9 27 122
29 11 96
18 22 357
1 20 321
5 21 240
8 7 42
20 21 75
9 15 398
11 2 174
11 7 65
5 25 191
27 14 170
8 23 213
4 15 231
18 29 360
14 23 310
24 25 412
8 11 26
17 3 78
18 24 296
28 29 96
14 15 14
21 14 132
2 9 302
28 26 120
23 18 245
27 13 181
28 27 258
13 17 140
10 4 37
27 6 246
22 2 204
15 29 3
8 6 416
28 7 381
18 26 167
4 28 301
6 2 270
9 7 357
6 7 52
28 25 37
13 4 271
21 4 79
14 25 392
19 24 321
12 25 15
9 18 214
12 20 10
17 10 206
8 13 108
26 1 134
3 27 144
25 15 26
26 13 70
19 1 348
18 10 83
23 20 225
6 29 111
21 15 186
10 13 300
5 10 98
17 9 218
27 7 283
4 10 342
26 15 235
3 22 87
28 11 16
7 8 78
14 24 144
14 18 49
22 7 38
13 20 185
11 9 9
23 14 107
15 23 49
9 20 29
12 21 107
24 2 18
19 15 67
10 29 366
22 8 241
29 9 372
12 26 314
15 4 178
28 18 209
12 4 81
4 25 312
9 28 162
18 2 81
28 9 144
27 8 93
19 4 79
1 9 388
5 11 74
11 19 91
5 2 270
24 26 213
22 6 358
25 9 350
8 1 230
9 17 120
1 10 37
24 12 280
1 2 328
10 7 3
10 21 243
26 12 314
7 12 172
14 11 250
15 22 161
17 13 69
24 1 378
3 8 298
29 15 195
28 20 322
19 23 356
9 4 346
12 14 3
21 9 411
7 22 109
11 20 69
4 8 336
25 11 188
1 6 231
2 17 60
20 6 187
22 5 141
12 17 389
13 12 233
3 17 219
29 26 242
22 4 156
17 4 227
22 19 153
28 15 250
24 29 91
2 25 18
24 5 261
8 29 315
12 23 203
20 7 386
4 11 288
16 28 27
16 11 14
16 4 5
16 23 4
16 17 6
16 5 15
16 24 29
16 6 13
16 29 4
16 22 18
16 9 18
16 10 8
16 7 12
16 26 21
16 15 18
1 0 25
2 0 0
3 0 0
5 0 27
6 0 0
9 0 18
11 0 23
12 0 22
15 0 25
17 0 18
20 0 22
22 0 18
25 0 26
28 0 24
29 0 11
