88
108
52 95 0
48 12 0
64 104 1
0 107 2
29 20 0
40 105 2
71 74 1
97 107 4
74 89 0
99 57 6
35 97 7
8 23 11
112 66 11
33 19 1
43 81 1
112 13 1
9 93 12
65 39 15
22 39 15
59 84 18
78 91 17
112 19 20
112 76 8
85 80 14
33 32 22
62 89 0
38 101 21
56 15 9
101 4 7
47 104 21
38 79 3
73 50 30
48 119 2
41 102 23
109 96 12
4 60 5
62 55 17
83 4 9
112 54 36
76 9 14
73 86 40
12 118 31
14 81 30
60 32 40
50 62 35
93 87 28
103 104 46
96 58 40
31 24 38
17 4 43
84 96 45
73 18 13
13 36 51
110 2 46
26 82 46
24 100 47
85 75 30
73 46 48
3 119 0
45 112 33
47 60 42
84 112 0
41 26 50
52 28 37
114 37 64
95 101 52
7 60 63
69 61 23
19 51 35
34 69 45
45 70 61
76 1 2
11 8 35
107 8 32
29 82 30
26 46 58
87 114 71
9 103 2
87 111 16
44 9 49
99 110 10
83 65 72
104 85 55
114 106 18
50 24 80
61 43 56
51 47 71
23 104 38
39 50 81
42 49 15
65 48 59
71 11 81
37 75 12
18 70 76
51 90 21
9 59 16
81 113 77
55 18 27
77 21 53
47 11 96
62 103 27
89 26 66
0 21 102
78 54 73
45 115 46
29 12 86
60 45 102
49 117 41
119 87 14
107 48 101
35 117 0
77 106 1
111 42 105
23 93 23
90 118 89
6 81 18
18 9 37
104 48 108
54 34 64
117 28 88
12 35 120
27 78 3
93 29 105
33 50 48
66 63 40
53 39 16
94 87 19
66 100 34
111 114 71
29 100 87
92 62 18
45 50 87
5 23 36
29 1 15
3 44 100
35 90 108
52 7 77
21 41 10
17 29 124
7 54 41
61 58 141
4 90 74
69 8 26
59 7 80
44 85 111
6 52 94
13 82 59
74 105 47
42 33 30
78 52 73
114 13 61
68 67 85
100 22 36
90 56 143
18 60 14
82 64 67
6 106 109
7 96 132
19 50 121
59 61 89
118 104 148
81 35 74
7 92 69
94 70 77
102 87 168
41 37 13
38 55 80
50 1 163
62 115 37
38 100 111
101 13 73
38 49 34
75 36 91
79 106 50
91 87 21
81 76 71
47 28 7
27 29 93
27 117 177
107 27 32
76 106 65
87 54 53
75 64 160
110 71 89
111 98 150
68 83 19
78 64 26
84 36 183
52 80 148
113 58 113
111 4 174
34 90 21
38 12 12
98 27 145
35 3 168
118 84 134
23 101 162
69 55 152
102 83 12
29 57 81
47 16 107
53 87 106
43 10 132
94 112 85
77 37 61
33 22 138
6 85 144
71 61 142
7 65 71
26 109 153
14 113 210
57 13 66
78 111 186
21 17 17
28 20 81
113 56 148
105 33 117
12 116 55
77 39 148
3 6 139
33 110 190
68 114 59
25 17 96
29 59 22
35 13 198
14 55 201
69 50 83
73 37 94
106 103 85
7 16 10
20 100 61
36 113 138
17 27 96
89 0 39
39 18 202
9 81 63
38 3 229
55 47 165
92 93 32
1 112 204
36 76 229
81 105 166
95 16 191
27 31 51
10 115 191
40 60 154
40 52 163
14 61 147
84 28 119
15 111 18
105 37 51
67 29 148
104 50 232
115 94 204
74 76 189
95 84 253
1 104 23
27 58 137
67 39 36
72 75 123
59 81 36
35 45 57
85 96 255
20 98 191
84 13 214
19 81 130
46 47 168
24 82 87
68 42 177
99 68 211
4 69 54
23 5 121
16 72 70
90 42 169
84 16 190
28 106 229
101 0 129
63 94 4
67 86 42
73 79 100
22 73 148
79 72 206
67 63 238
42 73 207
5 16 124
90 19 172
47 76 213
83 81 1
70 54 198
2 21 233
59 15 37
2 26 101
118 54 51
105 21 238
117 68 157
14 80 125
105 27 75
38 99 181
52 12 69
112 27 287
106 45 105
93 28 125
52 34 117
38 95 50
28 104 123
51 58 118
40 30 211
19 45 166
19 57 74
13 75 82
106 58 309
100 40 313
113 79 186
25 98 272
5 14 210
91 45 28
61 18 143
36 118 126
70 72 261
29 111 163
111 92 253
82 73 252
6 82 63
77 32 194
69 56 12
1 8 233
52 75 269
8 105 90
87 39 301
67 81 50
59 90 129
66 2 82
40 51 44
41 17 94
52 117 183
105 2 89
20 7 293
111 21 329
110 16 224
85 109 235
34 96 50
45 89 87
109 24 36
32 118 124
17 79 175
99 102 178
0 92 152
103 79 149
12 114 98
62 43 98
28 57 264
59 63 358
119 107 80
77 112 239
90 104 220
41 100 163
104 4 147
73 75 123
30 23 221
98 112 124
5 56 46
64 40 218
79 3 149
107 2 76
100 20 188
98 56 150
4 98 45
10 113 125
113 35 58
3 37 29
100 96 12
46 4 347
32 84 183
5 67 24
42 34 76
33 12 218
38 93 290
5 24 348
26 50 386
92 96 145
35 77 345
77 20 78
10 103 54
68 112 124
31 57 35
96 65 79
70 15 306
70 112 267
22 37 185
44 22 28
76 42 336
19 74 347
59 0 384
98 22 42
89 15 122
99 12 65
101 66 339
60 64 329
34 57 111
118 1 260
8 106 92
40 15 291
17 110 132
30 15 200
48 76 153
41 114 207
98 9 166
23 36 364
95 68 202
99 80 376
72 61 89
62 17 235
112 36 216
46 97 119
2 67 355
10 40 98
97 63 13
112 119 214
63 41 171
51 84 64
55 9 26
111 26 421
43 35 162
17 81 194
49 8 332
51 91 59
50 66 280
76 40 314
98 58 209
6 5 15
30 68 404
102 92 353
62 39 156
10 64 313
68 30 254
86 61 64
10 70 414
42 12 78
17 26 189
26 24 84
46 101 199
28 34 88
2 57 336
2 62 267
64 55 197
73 17 263
37 21 391
90 35 245
115 86 262
50 114 333
45 18 3
114 21 171
33 76 180
71 63 397
50 106 293
86 58 21
57 99 72
80 107 77
40 33 179
69 96 296
26 79 362
67 3 328
60 29 166
80 73 70
82 43 236
90 46 435
72 12 395
102 119 154
107 87 294
106 20 99
8 9 387
91 10 128
6 48 305
1 46 269
65 33 168
82 57 256
0 51 246
81 98 476
12 104 342
71 113 68
84 103 348
47 50 121
29 9 400
104 68 315
21 38 199
12 75 18
3 95 452
96 93 153
57 119 360
13 62 410
102 29 239
61 27 96
7 95 349
112 11 125
5 33 113
97 115 295
37 65 120
83 33 28
82 74 431
72 40 130
56 96 195
50 96 165
24 22 97
3 30 371
5 119 41
12 11 38
36 24 290
105 60 76
107 44 212
115 58 172
89 56 211
97 106 156
10 75 522
49 18 167
81 28 402
99 45 375
73 119 438
28 91 293
110 76 92
54 35 334
46 9 315
17 13 291
61 75 148
95 50 472
34 98 210
73 52 465
34 107 468
39 69 377
87 18 175
68 60 206
96 7 429
34 26 29
90 94 519
105 63 177
45 90 213
15 43 362
90 11 200
1 49 4
12 77 30
70 0 258
40 0 372
9 33 430
33 90 114
6 110 415
50 2 119
92 86 456
16 101 218
71 69 505
28 119 258
31 21 141
89 64 45
79 51 181
92 99 116
85 91 493
107 24 495
1 92 352
39 51 515
81 48 57
97 98 372
34 7 85
82 110 429
37 117 18
4 52 349
71 72 204
27 69 356
107 117 457
30 86 207
42 29 249
94 38 393
47 32 87
99 104 166
29 5 427
58 35 504
8 72 240
115 73 38
47 92 51
31 55 218
68 21 391
99 86 279
40 104 44
58 41 167
12 79 545
112 98 572
60 67 65
87 26 78
85 16 147
49 37 306
70 47 444
113 48 137
40 16 61
61 91 430
19 9 92
66 73 347
22 55 58
54 19 358
17 32 580
11 89 434
18 99 331
5 19 294
15 16 362
61 118 551
28 1 52
110 34 78
13 117 158
11 92 536
89 106 409
12 8 23
21 115 364
22 72 189
53 46 100
104 7 171
84 46 137
44 112 256
48 49 528
61 14 438
82 102 199
85 77 14
69 11 452
45 94 461
68 99 202
105 49 444
35 95 378
19 1 472
41 40 211
74 20 454
72 24 117
68 116 90
42 36 346
85 2 170
63 74 118
100 38 147
12 21 513
67 71 480
16 48 565
45 79 208
115 65 560
93 13 624
61 86 66
109 80 597
0 84 314
116 115 535
55 59 14
55 97 578
3 60 135
22 54 442
31 72 524
38 119 264
59 62 451
57 87 545
22 52 535
97 52 348
31 97 72
47 91 400
4 16 237
86 34 146
43 113 271
74 69 573
56 118 20
52 0 289
107 57 198
76 61 144
64 92 518
9 100 348
117 101 70
86 48 378
113 67 377
3 29 13
9 66 312
26 14 413
5 71 14
14 66 178
57 92 230
113 41 381
24 80 287
95 119 308
30 89 359
55 115 529
30 14 582
85 6 491
48 17 545
49 10 352
5 13 565
92 114 100
118 85 532
67 95 324
20 55 319
74 71 2
76 112 200
3 18 231
101 1 661
16 112 375
17 47 547
102 2 233
109 84 358
76 35 454
115 28 149
89 19 81
91 3 295
55 53 176
63 69 335
48 57 304
52 18 315
70 2 624
66 36 276
92 18 115
83 103 10
21 67 353
115 82 314
69 46 411
90 69 542
114 76 503
101 16 176
72 57 712
43 50 183
7 56 713
3 92 246
104 30 409
18 55 577
15 1 708
77 54 730
115 113 302
34 41 208
116 41 199
50 81 189
61 100 173
106 77 395
80 56 84
64 71 42
64 77 173
94 55 499
39 117 737
36 61 549
2 72 11
104 106 666
33 23 367
28 2 546
52 15 437
35 30 321
90 45 17
112 117 711
31 26 479
85 43 291
96 8 392
61 111 44
74 29 640
27 86 95
38 11 60
44 66 513
75 69 381
29 11 49
91 1 44
96 52 568
102 56 148
81 49 338
32 22 728
53 42 99
92 112 405
90 50 104
1 61 272
4 117 22
39 28 260
8 94 540
70 118 733
20 67 426
68 69 376
56 53 203
106 39 678
81 58 433
58 64 351
94 105 75
115 42 321
92 44 407
77 18 418
68 89 669
39 44 735
87 15 272
94 100 267
93 61 446
16 84 582
9 46 120
89 118 436
113 100 388
11 60 624
63 93 16
103 9 243
48 73 462
31 112 725
94 49 685
55 116 58
40 9 650
98 82 477
65 79 145
79 71 130
93 97 274
34 59 262
18 28 482
80 32 4
34 1 310
112 75 15
118 60 631
93 54 529
103 87 762
87 58 57
91 96 802
41 83 429
32 115 65
43 28 686
0 17 620
53 0 757
74 107 539
39 105 331
58 67 468
63 35 829
89 9 245
110 18 384
71 98 209
33 77 574
118 80 584
119 90 518
106 62 107
68 70 218
74 114 618
117 84 442
34 24 132
42 37 604
72 27 232
57 54 264
86 49 507
118 39 34
19 44 278
38 103 69
3 12 625
104 101 588
27 38 29
22 90 57
43 21 74
65 119 76
113 51 610
85 82 714
4 83 512
66 106 734
61 51 520
15 100 214
93 44 41
46 95 26
33 18 598
102 47 52
113 97 165
8 70 263
94 7 498
15 18 294
72 17 789
100 10 72
68 55 352
116 61 677
45 23 726
80 2 499
117 46 447
118 28 563
116 69 612
55 50 861
46 77 771
24 96 154
103 35 563
15 74 707
97 101 539
31 30 408
84 32 264
35 28 505
39 85 627
26 73 824
53 103 400
13 60 407
32 96 771
110 27 350
116 114 188
110 92 560
13 85 547
70 39 465
9 68 188
42 85 824
72 64 779
78 114 441
66 45 2
76 20 669
24 30 537
113 11 716
14 104 617
53 86 877
61 4 49
61 3 170
73 11 865
41 48 708
53 50 599
9 67 249
19 17 898
91 79 73
27 33 802
67 96 657
112 24 321
119 29 401
73 81 279
29 115 877
96 71 685
19 110 471
48 65 272
90 58 389
55 68 318
83 114 127
73 100 712
2 89 895
96 89 111
85 103 479
52 40 875
91 66 259
27 113 902
12 101 90
75 91 183
100 1 842
28 41 664
96 51 656
45 34 709
90 105 574
51 66 444
109 87 560
40 49 948
66 86 368
35 50 197
74 63 122
77 23 216
69 18 738
24 46 350
27 11 923
99 0 708
118 69 79
73 9 943
92 101 641
79 94 381
13 74 5
78 102 700
40 79 14
52 62 390
113 30 869
61 33 47
114 112 277
94 110 822
3 22 397
1 0 232
31 78 50
18 34 247
51 111 501
52 41 933
71 82 939
111 28 940
63 81 240
77 2 713
118 105 17
95 74 167
81 87 518
20 42 692
38 28 50
24 106 519
86 105 943
70 8 396
96 11 737
112 18 791
34 87 247
87 50 95
90 43 811
117 99 179
86 3 917
72 114 224
32 41 509
64 98 392
5 97 565
92 36 333
114 63 109
1 85 354
37 34 78
116 60 677
111 102 324
38 43 890
100 92 864
82 5 558
18 51 36
102 57 440
24 47 224
59 18 622
114 54 37
73 25 1008
16 83 484
8 59 942
116 87 132
34 51 383
112 35 655
85 84 182
115 76 755
31 9 1012
10 20 890
119 39 633
50 69 220
106 9 26
12 25 839
107 28 244
70 41 1002
47 37 646
113 9 393
94 17 575
64 47 542
54 91 181
79 98 657
85 12 1017
92 58 776
26 17 237
46 13 341
28 25 127
98 85 465
81 107 1036
53 57 450
6 115 570
21 36 199
82 47 28
48 13 184
69 100 252
20 17 708
11 74 311
5 94 997
20 101 250
34 63 200
73 101 522
96 23 68
57 24 211
0 42 534
16 59 454
4 17 605
6 27 952
85 18 411
10 94 903
76 48 774
93 82 295
79 26 186
34 2 910
95 106 491
83 53 714
117 40 321
48 24 675
22 9 797
43 54 1070
87 29 805
29 50 482
92 19 802
28 22 843
58 11 244
102 101 545
14 106 739
85 34 476
106 69 721
93 2 627
66 77 110
13 45 732
81 104 447
110 25 264
73 10 1076
16 117 173
27 94 460
87 19 580
55 69 478
57 60 589
29 102 749
14 72 970
80 30 1014
70 14 287
63 67 331
67 51 546
90 83 185
17 103 9
109 9 246
98 52 126
27 37 913
60 76 205
42 89 920
94 29 654
84 51 685
1 64 69
2 74 357
17 46 247
74 102 91
56 37 132
75 48 573
36 87 566
18 16 786
49 5 1121
63 34 261
35 72 369
83 85 499
90 36 123
111 62 606
21 95 103
15 6 750
18 71 736
61 94 750
105 93 1078
65 82 724
10 54 1126
16 25 800
117 20 16
82 99 167
89 43 69
45 61 326
35 1 1016
107 1 493
77 93 533
28 56 454
71 30 82
24 105 630
14 36 100
75 112 11
26 41 759
90 16 412
86 111 149
2 55 1149
34 66 127
29 65 602
101 15 999
66 57 411
116 19 587
30 91 1009
54 109 874
22 49 899
11 12 464
83 28 916
41 4 567
67 69 76
110 105 994
25 32 825
81 25 707
7 46 103
30 45 859
23 109 439
74 46 684
103 81 203
26 75 910
40 97 404
48 56 420
102 28 45
112 22 997
37 107 1004
40 92 10
18 27 46
42 8 375
101 36 472
97 77 876
8 24 168
116 117 127
17 72 596
114 57 842
38 56 209
74 72 1178
91 31 1027
72 59 1112
109 83 490
51 13 1071
107 55 944
73 69 256
7 9 801
13 107 943
31 18 718
35 111 235
25 67 989
95 99 98
1 48 79
80 74 440
118 98 736
110 33 293
52 112 985
42 19 354
54 100 83
94 96 536
20 73 273
47 3 20
55 56 642
27 34 360
41 78 502
28 6 1165
27 8 1048
60 73 679
69 90 153
34 47 849
115 118 51
14 64 477
22 75 1016
106 18 998
119 66 955
62 47 219
43 46 976
10 78 876
69 72 36
10 73 434
13 49 1032
112 94 809
6 42 87
52 59 552
16 56 1006
21 71 266
119 56 716
84 25 541
51 72 1027
28 44 88
12 49 809
46 76 450
49 25 1078
66 46 1005
42 83 544
94 98 491
112 111 767
104 63 996
19 24 171
41 14 247
103 51 819
38 10 54
58 21 1225
51 67 1241
113 53 937
82 96 699
106 24 408
118 29 272
14 56 365
106 80 628
9 60 915
38 58 235
42 1 149
52 115 127
30 111 119
90 0 464
90 107 1102
68 40 277
38 73 332
77 89 35
21 53 579
96 116 712
117 107 96
80 100 589
34 22 962
82 117 1003
41 64 296
78 106 1049
103 67 858
90 59 1244
60 39 703
52 73 288
101 111 1025
19 33 677
0 34 129
109 110 494
51 116 246
96 69 112
97 79 1155
72 31 1170
93 50 639
20 3 177
76 7 386
87 119 907
116 100 666
2 16 379
89 105 10
48 5 454
3 14 783
31 84 397
46 118 937
8 10 435
66 31 858
60 93 96
40 25 1066
25 36 365
76 46 1161
30 71 463
60 99 629
23 96 113
65 107 1159
74 45 306
85 30 874
56 11 287
30 98 845
92 1 954
5 20 85
47 46 903
79 48 556
45 93 134
8 34 862
28 70 584
24 36 1298
3 34 1231
27 63 1077
59 119 778
64 41 1262
97 90 931
27 110 698
66 21 908
47 80 22
101 62 1199
47 114 1011
17 99 211
42 48 96
30 65 337
54 81 501
57 52 870
38 62 614
15 20 1021
58 40 382
97 11 862
21 90 418
46 26 173
85 22 334
97 89 326
14 87 314
41 38 238
110 48 765
34 103 916
24 25 988
27 60 441
95 75 366
90 14 933
43 38 1213
115 8 134
3 16 568
80 106 116
40 21 1336
91 55 180
56 119 1250
67 118 881
84 52 892
104 35 1265
110 62 1194
116 30 292
109 6 713
21 72 652
102 116 380
16 115 370
40 113 787
13 41 1187
119 92 534
71 89 353
57 21 585
36 38 420
21 61 485
65 21 764
73 83 412
5 95 542
19 21 1134
107 75 664
44 2 918
23 89 1001
21 73 1284
56 77 121
61 74 1248
7 77 212
36 30 871
113 38 117
18 23 1336
98 61 648
5 36 1025
28 14 20
64 18 384
85 65 1367
109 13 306
104 16 398
64 85 787
40 116 85
46 64 543
41 15 401
1 45 1091
33 67 382
53 82 800
38 54 1186
98 65 638
30 81 677
11 49 1369
72 35 297
42 44 1348
100 53 158
83 29 566
64 46 1325
57 91 989
100 9 837
26 48 406
14 41 832
51 20 1349
51 102 1213
70 81 1096
110 36 981
10 93 735
70 64 1091
117 92 911
86 45 784
31 49 395
48 27 524
15 11 1316
118 16 1259
115 41 1430
79 30 978
34 53 941
15 35 886
80 42 311
22 70 1144
77 111 1322
60 14 650
11 102 1278
61 77 811
46 61 464
59 36 1240
114 10 1150
97 47 729
83 55 357
84 3 823
41 23 513
112 118 416
101 105 475
30 34 1031
93 80 398
112 91 1049
47 8 164
91 99 468
99 65 842
75 49 650
36 95 1041
21 32 781
68 25 1196
43 63 701
101 44 1408
32 117 1014
77 63 1344
106 54 832
79 60 1168
91 80 864
28 73 662
30 116 282
106 107 138
71 59 96
43 72 516
39 99 568
22 81 1398
103 27 673
101 47 120
28 61 1012
93 84 12
73 113 680
28 21 1451
71 96 418
96 97 114
8 95 1069
84 100 523
16 13 1467
103 97 400
91 51 421
116 98 653
82 4 1304
1 36 1066
104 119 1004
46 22 856
92 109 896
67 117 738
43 102 208
101 57 423
109 3 1322
57 41 273
5 85 1404
25 22 252
21 100 1140
91 41 72
92 9 266
102 60 1352
87 79 1485
83 46 1302
107 72 941
91 32 659
7 68 1392
60 87 1385
32 82 165
46 38 265
6 65 1169
26 113 318
98 53 1444
106 98 1213
85 26 121
70 94 924
1 37 1385
31 86 935
93 32 33
31 6 853
101 85 428
116 3 1107
117 6 1392
81 101 119
3 25 1121
26 18 923
78 92 282
64 61 141
34 6 635
31 75 576
102 93 1166
118 23 267
95 109 147
85 29 1277
77 64 1030
79 56 278
2 86 483
0 53 1338
8 71 1376
72 62 1321
20 70 750
29 34 87
23 28 254
116 65 904
14 51 299
68 20 988
16 61 1275
102 7 377
59 92 947
85 5 97
95 117 17
50 119 773
78 43 63
91 89 685
52 96 289
75 13 793
28 63 467
114 9 650
81 33 425
30 66 563
49 55 782
35 37 31
93 27 348
37 32 831
77 84 1035
15 101 202
50 22 56
32 76 474
73 118 863
69 40 843
104 67 792
114 26 361
85 52 129
100 15 787
68 0 972
19 49 881
69 114 601
39 92 1503
72 58 865
23 54 834
35 47 1143
81 73 1204
11 2 1011
17 43 102
43 52 1520
51 117 125
61 22 907
10 32 1341
25 62 653
65 8 870
32 45 293
61 55 829
72 23 918
112 56 1328
109 31 341
20 25 1543
77 46 836
105 97 1571
90 28 244
49 114 1540
68 10 1537
65 49 1236
78 80 843
49 75 774
6 72 35
0 86 1054
30 8 163
23 77 285
44 69 213
86 0 1276
68 62 637
45 51 167
94 92 1571
83 17 152
52 77 1270
85 21 829
97 6 199
118 35 190
3 31 264
95 51 554
107 45 1302
85 39 1318
77 78 1566
34 61 1288
53 49 10
112 101 714
28 69 1207
95 82 1203
78 70 903
11 116 892
17 36 1205
8 118 1563
111 5 1482
48 31 743
71 75 38
33 78 79
39 89 404
46 28 645
10 99 28
68 92 537
15 25 361
27 26 917
47 86 471
66 5 1321
97 27 775
25 119 1418
15 63 719
84 76 1136
7 36 157
112 67 76
85 7 1173
30 61 22
105 52 848
2 30 786
80 54 661
29 71 1407
97 35 627
101 60 1467
63 9 627
57 26 907
5 44 123
43 91 616
32 36 1244
82 83 926
91 90 1379
6 114 470
87 71 1455
35 91 59
4 30 64
113 62 197
25 95 108
95 0 752
84 7 917
105 75 698
72 25 686
53 28 1242
26 78 156
119 35 283
28 52 772
78 57 1524
111 64 1617
97 113 394
41 73 956
12 18 743
56 2 880
85 41 952
84 21 813
104 97 207
24 101 1643
56 57 1088
17 58 829
5 0 469
78 33 1014
48 53 363
112 45 78
101 9 1292
99 23 1469
21 110 1383
75 71 1125
65 97 1359
62 28 552
117 67 1674
13 61 1536
113 115 890
86 97 1066
80 95 1640
28 37 1604
81 26 1633
98 4 213
14 85 1707
101 114 740
14 74 1297
119 9 650
36 99 1513
117 109 655
17 44 226
6 111 170
96 22 605
64 117 896
60 106 446
34 30 701
119 6 564
39 65 630
55 77 677
55 44 784
109 90 753
27 54 385
83 23 793
65 35 737
117 66 1087
40 95 895
6 66 1436
40 73 348
57 44 1647
87 46 1256
70 18 618
65 2 806
90 68 1038
107 70 591
97 99 1228
35 102 177
85 14 671
73 29 638
104 80 741
22 86 642
0 50 263
59 71 74
68 35 1178
15 89 461
68 76 104
67 106 1345
48 105 1387
33 14 221
40 102 1143
97 22 1656
10 53 1107
8 87 1334
90 103 739
29 95 771
103 102 407
76 89 573
11 39 1237
58 91 1223
7 110 891
110 90 1062
53 15 168
86 93 397
60 119 109
86 44 817
87 36 135
106 102 1624
84 107 1446
15 116 249
65 45 1540
49 86 1347
0 104 1626
8 28 1710
79 53 1250
96 40 1705
9 39 1322
79 113 740
54 98 1658
34 114 63
68 47 386
112 6 659
30 99 271
55 67 262
62 31 1582
28 17 1116
54 80 1178
13 30 1683
39 93 498
43 103 732
20 117 1080
68 31 1402
84 73 705
111 14 112
95 38 1488
39 71 1299
30 10 707
54 97 989
75 31 1467
94 81 1507
119 46 480
15 97 584
89 17 1346
71 42 67
46 12 911
89 27 305
15 105 518
44 100 966
42 87 1220
49 99 1151
32 66 1543
28 24 1533
89 50 501
14 31 399
31 15 546
103 117 590
15 78 1496
31 94 536
107 96 1022
18 29 677
11 114 243
36 82 169
90 78 1660
83 82 1017
82 75 1385
115 21 822
85 11 1788
41 106 167
38 69 1012
100 110 185
43 70 258
25 89 1329
99 5 1098
36 109 1670
89 98 1761
109 25 1226
111 17 1317
13 39 119
23 59 1562
111 40 832
37 66 1447
32 90 1519
81 11 1459
114 69 265
35 46 83
47 17 813
35 85 422
107 59 1260
7 103 1697
59 58 957
74 115 1329
53 94 673
66 51 1162
103 37 1788
105 90 1021
119 78 334
102 107 266
18 113 1159
13 1 1510
73 54 940
83 99 1731
102 105 1857
64 27 1708
13 65 1825
77 71 275
102 95 1255
62 20 953
65 51 1607
113 103 627
29 56 1576
19 114 1079
70 26 1464
29 21 178
28 81 1178
24 117 1495
50 29 837
5 68 207
46 51 634
55 90 136
110 46 131
50 99 947
39 36 1408
23 83 1126
14 86 1227
72 19 1880
104 42 1261
50 15 601
33 20 256
39 31 1836
94 74 1452
23 107 1379
66 61 1221
47 40 1627
36 62 52
99 62 933
62 116 1129
75 118 1422
84 117 1258
3 7 146
60 22 604
116 80 361
39 52 181
38 59 645
62 56 1070
62 61 1306
84 33 984
35 6 327
13 52 38
60 8 1278
93 65 262
60 55 1919
92 55 176
105 6 1595
22 36 719
52 94 653
46 86 713
13 72 1754
90 61 1155
110 42 925
112 95 464
50 100 1883
109 79 1915
106 87 1539
8 16 824
3 112 735
22 106 803
44 33 1183
69 24 301
59 4 937
37 111 1581
118 116 296
115 25 330
36 79 78
53 9 1158
18 61 174
67 89 1616
11 55 1499
58 16 17
41 44 639
113 83 13
93 31 1432
99 18 1727
1 114 383
38 30 446
54 38 1167
72 97 1302
72 6 1419
1 38 765
36 77 1577
36 32 1507
119 74 546
111 59 1887
63 82 1032
92 105 1209
81 10 1624
59 79 311
23 64 812
117 105 601
59 46 1514
97 54 1918
113 85 409
36 51 314
54 15 78
54 61 383
110 107 1478
86 27 768
59 98 478
113 75 1061
76 6 618
116 76 44
24 54 1888
26 83 285
62 45 885
68 93 707
9 51 435
112 16 1609
79 87 1305
76 58 1779
85 71 1721
35 2 1910
9 45 1688
109 42 1487
36 10 490
91 36 218
51 55 1249
110 80 340
66 70 603
46 32 867
10 59 715
76 102 623
78 90 794
75 20 669
16 1 1392
23 63 894
6 28 1957
36 56 505
112 63 703
30 2 1173
4 68 1946
92 95 1918
31 117 329
69 74 1794
115 9 1068
67 75 647
49 13 1016
39 42 1384
1 78 307
60 54 733
32 74 974
3 59 1207
22 57 361
5 46 971
98 104 1157
1 56 1600
115 17 366
29 3 1638
102 58 1629
100 44 1614
49 107 46
47 94 298
90 12 1797
86 94 1349
118 99 942
62 77 900
5 39 1690
36 19 775
54 48 18
70 51 1755
75 116 1522
80 53 1290
76 109 1645
49 82 1623
48 35 1230
102 71 1844
80 48 912
31 93 1821
12 89 1341
25 1 977
52 48 70
36 66 1326
93 0 2006
90 18 131
44 89 48
8 51 975
119 73 1218
113 74 1448
43 77 551
74 3 1383
22 14 797
106 110 501
17 106 768
109 51 330
76 110 495
20 105 671
35 8 724
65 112 1271
79 19 1661
8 61 1332
34 29 459
55 8 207
11 52 1837
2 63 549
78 103 1003
53 52 360
84 31 1442
45 54 1726
40 109 1077
95 39 491
91 52 861
29 79 723
24 14 1628
2 87 36
97 5 555
71 100 1534
93 103 1527
15 57 1055
58 38 2085
56 48 1492
16 71 1524
26 97 1770
4 48 591
109 19 1486
15 23 1616
83 13 2017
35 110 662
91 92 1556
115 26 570
56 52 1817
63 24 399
102 20 837
100 36 429
21 118 1031
18 112 667
57 59 228
70 101 1691
114 87 701
7 24 1638
117 54 1171
80 50 1162
64 103 1559
12 26 1885
111 35 938
62 82 933
110 32 823
84 102 240
47 56 1178
32 73 1662
99 34 1610
1 117 1193
91 63 850
81 68 1629
119 28 30
75 12 1860
51 14 238
7 15 1434
65 5 561
100 117 115
95 116 681
35 81 361
60 79 296
113 0 54
28 16 951
60 71 719
5 29 1865
0 7 1424
21 105 1218
83 98 760
41 103 218
10 105 560
111 2 939
1 6 933
66 119 350
92 28 124
70 30 1889
90 17 1406
25 69 144
27 28 1678
41 94 251
21 109 181
81 100 852
20 35 1233
73 103 1941
13 68 700
71 112 28
112 103 1691
75 73 2111
8 80 62
12 95 2
88 15 78
88 74 41
88 38 56
88 42 52
88 31 14
88 75 68
88 95 50
88 94 33
88 89 53
88 13 87
88 28 35
88 64 103
88 57 22
88 85 43
13 108 61
18 108 101
25 108 62
27 108 25
31 108 109
32 108 12
38 108 8
45 108 29
57 108 37
77 108 58
82 108 107
