22
28
13 10 0
10 11 0
25 12 1
13 5 1
14 5 0
2 19 1
3 17 4
3 25 3
9 1 3
15 29 4
17 18 6
2 24 6
0 25 6
12 17 7
16 14 14
8 0 7
14 26 8
7 20 16
24 11 17
16 19 17
18 0 11
24 8 22
10 23 6
8 15 2
4 12 11
26 14 14
7 6 23
4 24 5
3 16 12
5 26 26
27 16 32
15 4 21
20 25 18
16 13 37
17 19 30
12 10 34
0 2 26
24 4 15
3 14 22
15 23 31
6 7 2
9 24 45
26 6 16
12 18 32
4 25 23
0 5 12
0 11 7
4 23 32
26 23 6
14 0 50
4 9 43
5 3 48
19 18 4
20 18 50
14 19 64
13 14 1
13 19 60
23 16 60
13 1 24
27 14 18
21 3 58
27 13 8
26 27 44
18 20 17
17 5 76
7 24 16
10 13 9
1 24 9
12 27 46
5 16 0
20 23 32
23 19 80
26 9 83
7 23 64
7 11 22
16 18 2
9 26 43
4 21 49
7 19 57
21 16 84
29 1 43
27 23 47
3 8 18
29 21 51
2 7 63
7 9 18
11 3 78
12 16 20
9 10 79
10 1 34
8 2 59
26 0 62
10 17 92
11 0 108
1 7 72
23 1 52
19 10 49
4 1 38
27 6 8
25 27 17
5 25 11
9 18 101
29 9 10
26 2 69
8 11 96
7 25 55
25 19 11
20 19 67
19 2 117
19 8 7
9 23 122
6 15 21
13 4 3
12 19 91
11 19 95
20 5 116
22 11 27
22 20 28
22 24 26
7 28 26
11 28 20
13 28 29
14 28 27
15 28 5
23 28 5
26 28 18
29 28 21
