42
37
16 112 2293
18 113 1350
85 21 1072
58 40 1386
98 44 1883
41 28 3011
41 94 2286
18 32 2618
83 82 1211
16 102 821
32 19 3214
100 48 1449
54 72 2069
83 73 2981
96 72 2061
90 66 2351
32 111 577
19 6 2236
65 12 2718
14 27 3003
35 67 1262
66 116 1944
28 13 3564
101 27 753
90 115 1993
83 23 1522
78 64 933
87 50 2341
72 78 2514
93 60 323
59 45 1942
117 45 527
19 114 695
91 0 3432
29 103 2399
25 13 1426
57 12 1414
112 51 110
25 87 49
87 13 2126
14 7 381
95 91 2614
81 29 2783
110 49 2343
2 10 889
96 110 3627
96 91 1204
15 97 73
95 106 665
48 52 173
97 88 1747
39 118 3598
32 119 3347
24 40 2134
35 74 3337
11 101 3507
78 34 279
73 23 2028
27 43 20
93 59 152
119 106 3361
44 60 1742
59 83 2244
35 45 1338
6 5 417
99 90 353
102 67 1624
2 115 467
63 31 92
65 2 810
20 111 1518
79 102 2251
8 22 1582
105 78 2702
16 61 1583
62 16 1543
64 43 2037
46 28 1537
6 54 1364
98 23 1685
30 93 587
109 116 3539
49 1 3305
56 110 3507
117 67 1172
61 59 3564
51 36 319
29 30 2850
7 77 1092
38 84 576
39 67 1089
31 79 1791
22 106 1848
89 7 3238
81 22 2911
78 117 2412
95 70 3374
61 103 1742
94 50 2160
21 49 709
69 101 546
15 51 2450
59 14 3180
92 57 2646
12 77 2771
13 45 1424
82 76 3206
111 35 574
84 85 1766
82 26 2603
14 24 865
113 46 1302
116 115 1629
96 46 600
64 26 984
81 79 1759
58 86 3147
116 95 2259
89 21 3159
38 50 498
107 87 2197
30 55 210
104 8 527
110 98 3189
74 89 829
82 7 2588
7 45 1399
30 34 2559
48 93 1203
47 35 3067
113 18 1569
72 109 163
22 99 3123
110 58 1989
0 10 726
25 2 1113
72 52 465
12 109 1699
67 10 351
39 23 1097
30 98 1573
46 39 1124
97 93 3611
112 59 3133
105 9 2212
60 83 2191
60 73 686
87 114 1563
118 4 1058
14 104 1077
90 53 2722
101 100 3125
29 4 2038
35 9 207
35 99 2859
1 28 1241
25 28 1612
12 46 3071
62 38 3349
115 46 186
5 104 1047
60 65 200
65 113 824
63 94 94
6 0 1988
29 107 2444
12 51 1345
48 69 2404
27 59 1194
78 68 277
16 53 3031
61 99 657
15 31 609
84 4 2311
63 2 1849
67 34 2958
109 55 2771
53 45 479
90 97 3183
53 32 1153
82 62 42
98 53 1664
14 1 3106
75 105 31
6 68 2354
11 91 3293
71 112 1784
104 32 2978
27 2 2956
74 27 112
33 17 105
68 116 2247
35 68 557
45 107 3411
27 85 3264
106 80 2899
4 68 1763
53 25 854
93 58 2919
15 106 3617
57 74 1903
69 40 3318
7 33 816
90 6 82
104 66 2355
81 101 2793
71 63 2625
82 94 582
43 68 275
74 61 1420
62 97 2195
22 83 1980
63 101 2468
80 55 704
30 25 360
117 96 664
7 6 3100
105 109 3115
89 64 2560
97 22 1881
118 82 3062
44 108 2451
56 61 668
16 0 185
15 47 3330
14 43 1696
107 43 560
70 97 1754
55 88 155
94 56 1989
49 108 3139
63 92 504
0 112 2706
112 79 597
22 60 684
98 33 841
40 97 900
26 53 1832
61 87 2249
78 73 1901
35 116 127
31 6 1443
56 62 633
104 0 1193
69 92 1121
25 47 780
52 8 1779
118 78 1599
41 90 2161
9 93 653
65 55 738
89 95 1085
97 70 737
57 27 2232
73 88 1233
83 32 693
116 17 3308
80 113 1663
69 6 499
83 54 1434
71 115 1309
68 91 108
31 20 400
55 74 12
111 29 2614
73 105 1144
80 115 3036
24 76 880
72 104 2829
95 85 2669
83 91 3626
115 116 899
44 91 2757
16 85 958
21 22 3403
41 106 2454
46 93 1951
25 114 522
25 65 2913
33 45 1810
90 73 609
21 78 2971
70 119 825
72 35 1069
12 60 2510
46 109 2914
83 94 2605
53 112 3214
34 92 1347
113 66 2804
46 85 319
86 73 641
18 60 2130
72 119 1778
103 35 2037
87 34 323
60 81 1188
83 19 1659
112 61 1328
86 31 195
82 60 1776
106 38 1250
103 71 2408
109 99 1932
51 86 321
105 75 1988
20 16 3395
34 81 3520
113 1 147
63 39 1957
44 34 701
20 18 870
31 18 2980
22 47 2087
22 49 1270
40 44 2062
113 27 165
69 107 3456
43 102 3388
51 17 767
49 19 848
96 71 2465
112 119 2823
32 107 646
16 70 1925
61 11 1550
66 0 523
13 41 838
92 117 1258
12 29 476
23 105 650
99 49 2478
69 83 3274
20 72 879
98 77 501
98 31 2028
118 100 3123
3 82 1046
107 44 2956
9 25 1728
24 56 2619
114 35 1887
73 69 1462
0 113 3407
88 89 1286
101 51 320
25 41 3475
19 25 3028
92 106 1050
109 43 82
76 51 413
102 34 3381
81 49 1662
96 35 1686
33 97 769
59 23 3606
88 23 1601
25 45 3204
33 53 1478
105 11 1611
75 70 704
1 82 2243
24 85 959
92 69 707
6 62 465
94 58 312
22 7 918
68 103 3582
58 50 2280
66 15 3087
86 64 3554
12 26 2269
3 43 1478
55 73 3209
109 65 3000
47 72 1752
99 63 401
89 1 788
75 30 2809
1 117 1779
39 2 622
18 59 2042
107 35 1435
90 51 532
113 109 1268
31 107 2161
82 5 651
11 21 550
45 75 2601
68 18 1836
45 112 2511
71 52 1201
109 23 2051
117 73 2281
76 30 1598
18 46 3054
1 116 1691
54 45 3295
92 10 2038
16 114 3202
79 5 1946
89 16 1475
36 119 996
94 5 2998
69 63 3112
25 48 1839
110 74 1797
61 107 1918
85 5 1385
41 35 439
19 109 989
20 94 1780
95 7 2182
89 2 1907
10 86 3051
35 70 932
73 28 2950
33 0 140
112 36 2968
49 99 3121
51 47 3316
106 14 2609
95 77 3516
8 73 1292
86 8 2483
33 69 1918
10 29 245
18 90 1110
114 4 3278
70 84 879
52 4 273
2 8 1627
27 107 271
101 20 1779
4 105 2433
115 79 3204
16 58 767
95 0 2079
24 43 3431
71 7 2778
119 107 518
32 114 3484
2 51 1110
93 82 704
32 14 446
25 8 3076
39 110 553
61 5 1620
7 18 490
115 66 1445
104 105 2012
104 6 2787
84 36 1655
82 30 1088
40 113 999
5 0 0
5 23 2564
59 68 3439
61 7 1621
69 21 1932
59 94 1819
92 0 620
18 69 2329
118 91 759
9 24 431
116 7 28
27 45 495
20 81 2320
77 65 2070
61 98 2249
14 67 2668
84 56 1149
32 9 2649
107 13 3006
8 109 1189
68 51 3174
30 63 1656
46 23 2338
18 6 2141
54 100 2397
29 83 7
66 86 396
48 92 1166
9 119 1492
83 6 2621
105 71 1961
79 47 2115
82 70 665
64 28 318
12 110 2512
110 50 503
58 17 1804
102 24 96
43 17 1161
50 107 2892
82 16 2420
52 9 139
111 4 1511
0 96 2866
61 57 2938
45 48 2411
96 6 3601
55 6 763
2 81 1078
106 117 1930
72 51 717
57 77 2087
77 111 445
69 4 1946
103 32 958
95 119 3040
81 75 394
93 75 2464
68 0 1525
58 116 1144
3 107 2155
39 29 2066
5 58 942
27 63 2552
43 1 2155
102 28 2663
18 47 1640
30 102 1060
73 26 1309
32 1 172
0 102 744
28 82 1408
14 44 2902
34 9 2668
21 116 2218
28 49 1302
36 113 3135
87 77 3164
87 71 1917
113 38 1338
85 65 895
58 19 2989
46 13 134
117 91 512
20 96 3378
109 69 2838
8 60 3503
44 5 2636
33 25 2377
30 40 2708
28 25 755
9 75 3504
9 112 1276
100 11 1239
35 90 1682
100 97 1565
28 31 844
52 48 1165
117 89 3030
19 100 382
54 96 2071
67 82 2895
11 33 2831
29 20 1808
18 44 3388
115 21 1256
65 28 1896
50 8 828
103 76 384
95 9 2017
40 66 3140
102 38 1057
84 70 3608
20 21 514
7 90 1164
17 104 826
114 26 1851
104 88 775
15 91 2836
73 109 714
97 101 356
17 31 1361
64 15 1128
69 87 974
9 115 3493
6 93 3021
38 98 1219
60 23 1301
43 97 1808
46 92 3073
46 118 3436
63 6 2051
115 34 56
25 98 317
0 2 2951
81 80 957
23 11 3078
38 94 2820
15 84 2383
108 31 2756
40 93 1681
98 105 1770
52 115 850
58 34 1167
40 61 589
77 85 814
65 84 322
111 63 2590
98 71 600
44 12 3211
57 108 1721
9 69 2328
107 105 309
30 70 1284
61 92 2637
97 113 3142
9 90 3144
8 1 58
84 20 977
65 17 2011
91 25 3056
16 119 2665
90 24 1494
35 117 518
32 57 1105
58 10 2465
98 35 2240
9 92 2105
34 50 2305
1 49 2104
80 111 3363
48 49 741
33 9 34
46 53 1658
70 2 1733
30 88 3281
87 3 3142
88 32 431
112 76 552
95 76 2640
1 27 1439
87 67 3563
59 116 929
19 40 1788
38 34 1350
116 57 2121
68 15 687
52 99 1066
43 34 1712
93 31 911
57 47 361
88 64 1031
26 40 3620
32 58 1624
100 69 492
59 51 1864
40 96 651
53 85 3318
24 75 3511
96 22 833
38 43 1178
61 60 2140
25 103 259
14 63 2599
13 31 1496
41 51 449
62 94 268
78 108 1753
82 87 3044
39 51 329
43 75 2280
71 85 1063
115 10 3570
14 17 3485
5 72 2775
116 106 609
81 1 2740
1 18 272
55 23 3055
60 52 2254
39 82 1669
27 41 643
2 32 844
111 94 1380
84 44 1592
70 90 625
112 43 25
56 43 1973
3 117 491
51 67 1437
6 20 1710
54 93 3621
25 72 3118
50 106 2941
16 103 3
15 30 2126
33 57 1865
13 25 712
74 29 1254
52 23 486
39 33 2541
13 57 1096
0 24 864
69 74 1266
93 11 3268
108 63 522
94 29 2671
85 45 425
78 15 2489
64 34 467
27 106 86
105 79 2493
18 22 3107
78 83 3069
63 35 1947
57 71 1810
11 87 946
65 74 2646
63 30 3042
66 90 3413
83 16 2677
19 38 3518
76 70 2032
100 34 2883
10 8 181
66 5 1124
5 27 1180
119 54 1545
44 81 1879
38 15 1331
111 51 2075
100 32 2203
16 109 2951
34 112 833
10 60 3215
76 58 2394
15 103 779
53 93 3246
109 61 1940
115 100 2075
36 27 1249
59 58 102
17 77 2313
29 55 1424
93 22 1161
51 93 887
77 19 2901
12 79 1162
97 110 3392
103 28 1123
74 55 3015
10 90 2089
24 100 3494
101 58 1947
13 106 344
35 118 879
91 96 1964
23 47 1513
17 107 3227
84 26 2654
85 22 2076
84 106 2965
14 30 1713
86 112 1664
23 3 2551
49 0 2867
70 99 1757
74 66 634
82 101 1315
74 68 3101
98 25 1308
41 12 3190
96 113 3468
48 80 3616
57 18 358
109 14 2918
46 11 758
79 82 2220
68 6 1159
16 80 1934
54 35 2913
78 100 906
105 69 2984
18 73 2447
80 25 2272
49 109 1046
89 114 550
39 36 1020
40 67 1873
105 106 1699
14 54 3366
13 18 1267
46 91 1892
25 101 1856
34 18 1792
5 7 1147
56 116 3219
55 95 819
51 62 1770
21 113 1398
47 11 204
58 57 10
25 50 1032
97 84 1555
16 20 1046
89 81 2746
1 0 1880
69 45 2519
16 23 29
63 98 3581
33 83 3542
80 65 2306
36 52 2523
64 54 730
26 9 203
98 103 195
90 65 811
8 79 2766
49 65 1264
86 34 1186
56 84 1130
77 73 792
24 103 248
96 30 305
102 63 2001
99 12 433
67 3 253
89 91 2651
98 60 217
96 28 1901
110 59 788
33 55 734
103 46 765
112 98 3546
90 41 258
68 59 737
21 68 3266
60 20 2013
47 19 3617
52 66 2246
95 34 2495
70 18 115
92 18 1236
83 28 395
62 88 382
108 65 2838
38 46 1905
36 91 2784
62 71 3563
41 4 2472
106 16 625
48 63 1938
30 43 2106
51 57 3091
74 80 356
82 27 2633
95 116 2761
105 50 290
40 35 2927
4 28 762
57 87 3139
100 55 3499
29 14 1499
43 67 500
20 110 1756
46 55 667
91 85 855
78 98 2464
22 51 2278
90 4 1410
104 11 3536
20 45 1859
44 27 690
69 22 3599
113 92 3620
81 110 886
110 20 801
82 95 3011
82 81 140
6 90 489
110 27 3515
27 16 2039
72 28 2129
2 62 2775
88 114 3365
17 105 74
6 116 2940
47 67 3014
99 67 255
34 14 3083
12 69 1194
9 61 309
81 82 2095
9 91 1152
61 58 2921
73 33 918
32 110 326
56 36 2121
111 19 731
11 119 1302
33 19 1769
118 116 135
112 74 1522
76 34 1711
81 87 3348
35 80 470
55 5 2720
29 57 3473
85 40 1398
25 84 2023
85 10 85
54 41 2122
38 67 2690
93 9 2001
111 28 1757
62 25 1140
60 40 3513
41 16 1939
2 61 3170
55 78 1016
62 39 3513
97 49 1176
33 3 87
21 90 1019
60 11 1712
58 12 2413
104 57 1033
21 59 237
74 20 3000
59 100 1591
95 3 3127
0 119 2600
94 20 2838
39 104 3437
11 55 111
11 82 1194
34 98 970
98 58 1390
64 9 820
88 14 3357
12 10 360
87 75 147
78 54 1155
1 41 1090
47 1 3296
13 111 2028
81 26 219
80 27 2131
104 111 2248
63 9 3004
108 75 699
84 53 1176
110 56 572
54 40 639
29 94 1701
89 96 3221
119 80 2146
85 78 627
59 74 12
15 102 1629
114 53 2261
71 18 190
10 36 3253
110 82 476
31 102 3590
91 65 1039
66 74 135
109 105 2674
16 31 3485
101 112 1384
24 88 3299
20 14 3487
75 13 1767
111 32 2859
36 117 2301
14 97 107
79 99 1344
5 25 1781
48 110 1436
1 96 3127
107 22 3266
51 9 1048
0 87 3525
30 3 296
43 3 1942
108 113 2177
59 57 2732
20 118 1066
49 59 232
49 50 3621
58 27 2388
87 64 585
46 112 1113
35 82 905
4 46 3330
119 18 393
92 58 972
16 22 1918
9 57 1027
6 85 1874
18 95 2337
113 111 1447
23 46 213
36 102 321
46 100 975
71 21 772
86 84 2391
5 117 2672
0 11 1028
107 59 1334
71 118 1377
51 110 396
68 28 235
61 62 2134
117 97 2759
35 15 1506
3 7 2390
62 46 2752
108 46 3309
96 59 2024
16 73 1084
71 105 846
106 31 3041
21 57 1570
46 88 1991
41 48 2175
89 53 393
106 75 176
101 32 2036
9 45 3546
91 83 2504
61 28 1916
76 63 3244
31 117 2334
44 74 321
38 66 754
113 100 2710
71 38 3181
115 60 2239
54 62 441
17 75 1530
54 68 1778
56 10 2713
102 59 2251
113 84 3604
4 77 735
86 92 2318
2 66 2756
66 79 3220
22 67 2519
115 2 1438
52 7 1415
62 24 836
31 34 3589
78 28 2366
92 41 3483
1 9 1520
102 1 2832
84 107 1313
55 47 1490
31 48 3199
57 92 1835
113 62 2145
20 36 2112
32 83 2705
5 43 3275
97 73 2798
19 43 1746
115 61 1976
73 6 2981
5 26 3062
116 28 3560
18 3 2605
113 20 1051
39 89 2205
50 72 1259
11 76 3626
49 88 3581
57 32 2548
102 60 2928
51 58 920
53 3 2674
49 101 1503
39 20 471
98 55 2628
2 56 2528
0 70 2483
39 45 394
2 100 2520
109 34 58
17 16 3225
11 105 2767
62 105 627
57 86 201
71 72 3557
72 55 1936
49 12 3290
87 45 1774
47 27 1108
104 17 1442
52 83 1256
63 16 2347
65 52 2667
97 108 2809
12 103 3589
80 40 1703
106 35 592
3 2 2669
86 41 1187
83 33 3409
74 3 1389
114 76 486
114 2 1409
95 32 1443
5 15 987
79 58 746
40 94 3371
85 100 500
99 76 2953
112 0 1129
27 68 3569
73 119 2448
69 104 2172
89 118 1545
10 43 1154
99 7 2710
27 48 107
78 80 3069
46 79 1120
73 1 354
59 63 3150
40 99 1824
49 58 1455
23 64 335
106 79 2510
59 44 1441
109 46 1392
15 60 567
27 49 2205
75 28 1504
93 40 3183
15 32 134
29 67 43
81 41 1753
40 70 745
62 21 1072
115 62 2140
96 95 2367
5 8 2195
21 91 1952
8 110 1181
7 63 1852
88 111 2983
50 27 1297
114 62 258
29 76 469
47 24 62
14 82 2010
11 92 40
53 66 2903
15 107 1812
64 41 1267
66 56 3162
89 48 2642
33 81 835
19 27 1403
61 36 2165
93 110 532
15 53 1304
89 59 728
1 17 1309
114 109 774
4 104 832
63 59 1595
4 39 1630
33 47 2206
68 92 2448
107 69 3079
15 14 600
107 23 2024
27 12 766
90 46 2318
33 21 1021
92 46 501
34 86 2019
30 50 362
108 44 617
32 49 1706
95 69 358
78 13 1213
85 48 1139
69 34 1590
103 33 2863
101 1 210
50 25 1163
39 71 2909
91 47 2876
113 45 2359
89 40 3013
15 115 2557
68 93 408
21 39 3290
65 67 1168
90 98 508
78 47 2726
7 78 880
92 33 936
117 114 583
88 109 1543
46 21 241
115 13 106
3 60 2178
29 88 450
53 27 391
65 83 2285
55 46 1005
45 101 2435
11 118 2861
62 96 414
9 22 933
62 106 237
115 83 2337
24 90 1048
38 1 758
117 101 1234
44 45 1553
12 97 3029
79 54 574
35 1 405
77 8 174
46 74 2612
30 59 1902
81 98 15
50 41 1476
9 109 1171
90 13 3009
8 72 1480
81 9 2675
113 106 3458
74 79 2224
60 18 1751
49 95 2566
78 53 2134
21 83 2683
4 100 3598
51 90 1022
39 91 317
57 29 2391
74 60 1557
23 89 2122
49 77 1035
113 25 2738
98 96 3141
117 41 194
117 31 2988
72 111 2249
97 13 704
40 9 2284
85 28 2758
91 79 2698
12 98 1872
79 116 1296
81 84 419
7 0 2530
48 71 3084
119 4 757
96 26 2086
25 74 2881
93 39 167
78 40 89
102 119 1273
102 77 590
101 47 336
13 26 1398
105 17 3154
116 56 674
55 33 1577
108 62 3496
74 71 1143
39 4 366
36 15 1115
66 85 155
65 114 3020
31 52 2069
76 49 3616
64 55 1384
21 103 1587
93 0 3617
98 81 2685
93 33 2714
94 73 1072
18 100 687
89 5 3431
43 15 818
69 57 1343
28 83 436
99 51 1456
73 83 3444
59 118 3538
15 112 105
103 12 1106
2 103 3092
111 113 491
74 23 2747
51 83 3347
52 27 1967
101 46 3621
117 99 962
102 69 2028
8 16 843
99 66 1538
14 95 1877
26 48 2991
67 92 1287
49 118 2975
84 77 1175
27 96 3054
63 43 1928
97 112 766
22 118 1617
87 115 3428
43 27 3302
118 2 2707
69 59 3477
105 15 2891
1 69 3111
10 1 1029
90 12 2146
44 90 2074
104 3 110
66 24 50
1 70 1441
31 15 2383
44 38 923
18 48 206
119 25 3137
75 55 1314
90 38 1779
105 92 1787
102 99 2994
58 52 1122
59 30 2126
43 25 2116
14 87 3419
2 27 3412
98 30 1971
9 28 2701
2 44 1706
7 12 1484
58 14 863
107 114 3195
98 3 2946
7 41 1681
60 54 1717
115 76 1043
38 53 2231
62 28 2850
68 113 3093
86 49 41
3 13 3554
70 55 1035
18 53 1979
21 34 703
2 78 499
25 86 1078
114 14 147
19 118 1638
99 25 452
72 2 1548
77 34 1841
27 117 437
101 8 3238
36 107 3431
14 9 1487
82 12 2702
86 38 3604
25 57 3407
70 52 1618
105 3 2764
111 61 589
111 114 3621
28 99 3105
82 73 2482
91 23 2496
15 24 2155
110 2 2925
49 8 1183
31 16 3339
116 60 943
55 43 75
12 95 2734
116 30 3291
32 46 1921
41 78 2088
7 17 32
26 1 1646
78 19 3443
35 64 879
69 95 1342
39 114 2549
31 26 2239
52 114 2074
43 44 2637
89 62 1875
6 104 430
107 116 1561
117 108 2465
78 31 240
8 105 297
15 54 1329
32 81 1452
16 68 2378
3 62 1150
79 32 3344
92 45 2856
117 103 2308
62 75 2045
20 24 429
27 57 2707
74 86 3491
118 87 3365
109 9 784
26 8 1485
90 83 348
45 12 1893
58 38 1805
118 52 409
118 9 1465
119 3 1411
61 111 1690
41 13 672
60 100 2051
113 6 1548
94 13 863
119 69 460
12 1 918
21 10 1166
7 56 185
25 22 3525
34 41 910
61 78 1013
74 25 2547
92 21 3210
118 30 1405
56 88 962
60 10 1248
81 109 1552
83 119 1070
44 96 273
71 117 2301
23 41 626
58 105 724
57 33 2909
56 45 2500
38 112 1385
102 91 831
46 67 3294
97 11 1607
119 63 291
33 63 1710
92 108 85
53 22 1371
31 17 1592
5 50 3322
90 57 3114
105 103 2211
65 107 571
27 69 2636
46 82 293
78 87 228
35 71 2748
68 58 1185
69 96 2402
22 34 1098
84 118 3626
41 119 2686
84 69 2746
7 14 1353
19 60 1602
67 24 2470
45 6 1083
76 31 3367
109 40 2583
63 57 844
107 86 822
69 82 2844
56 9 3039
119 46 1362
8 11 3506
33 56 2821
5 119 813
43 103 1228
85 119 2189
56 91 3456
15 1 3619
59 24 2091
104 58 643
86 72 2459
19 59 3416
112 35 2981
96 19 1923
23 17 1531
78 77 3443
28 3 3276
39 15 1879
62 41 2901
119 104 873
36 40 3340
23 91 2806
112 95 3240
59 77 458
62 32 2512
55 15 2484
9 32 267
103 8 2501
33 59 1297
5 9 1080
107 88 2188
95 75 3380
87 96 1512
110 4 2903
51 46 404
68 115 3282
106 23 3443
45 3 833
113 29 3399
55 72 1583
79 29 2333
1 71 2980
79 34 1369
72 29 1443
8 9 2825
40 84 1024
67 68 1670
0 105 756
20 85 2618
50 20 2713
107 31 3309
53 104 203
79 78 1340
83 7 1064
81 78 2480
19 44 1236
50 113 2632
49 69 2733
14 106 1436
78 69 2592
23 75 2915
46 95 700
39 58 804
11 28 2402
84 55 2717
94 0 1278
38 45 2594
64 98 883
108 7 2304
108 17 2678
45 41 43
6 117 1306
24 87 1687
5 13 331
13 115 3534
56 113 2745
49 30 497
43 90 2434
111 116 1187
95 92 1024
35 20 140
33 85 2362
67 13 1849
114 31 535
94 6 1695
100 29 1376
50 32 1775
89 25 3373
64 86 3079
55 63 1328
68 8 1629
30 66 506
98 66 1295
84 52 3308
99 107 116
81 58 1579
27 32 1665
44 99 962
26 27 2363
61 41 2920
10 102 651
68 4 2519
91 32 3441
21 92 2748
41 92 2620
74 12 2190
12 67 1967
52 68 2645
103 90 1958
85 44 3107
86 74 476
81 56 364
98 28 1575
84 16 559
36 110 2026
77 4 2878
58 69 1771
103 31 2385
66 34 1411
26 72 1267
27 14 194
118 117 1138
46 69 270
36 115 3583
12 83 901
74 17 990
57 36 2269
67 44 133
106 9 3207
67 104 2842
114 57 526
45 11 3349
85 94 735
105 62 171
19 23 3471
9 34 1499
23 33 318
83 43 1298
45 109 2214
8 7 3223
100 106 3270
56 30 2291
8 30 745
112 11 764
0 14 398
73 21 2756
23 59 3028
15 46 2466
38 51 200
92 80 1084
74 14 625
54 114 1045
18 94 2843
48 103 1932
84 91 1207
117 107 987
52 17 3050
87 5 1137
46 7 216
39 55 2017
32 94 1589
99 59 3343
109 35 2938
77 31 1029
43 72 579
43 109 1773
14 35 2405
80 31 38
54 8 23
63 82 1074
22 100 1929
52 15 1253
80 53 206
78 38 1082
63 105 1636
107 10 2423
86 0 163
52 1 2948
99 96 804
13 72 220
103 89 2216
107 40 50
39 87 1141
35 6 182
48 88 3547
78 25 484
101 52 296
94 53 107
45 15 145
44 48 385
13 35 2341
91 73 3560
16 24 1546
79 109 1439
108 112 2884
57 65 206
8 31 363
23 100 1409
21 41 194
105 1 3419
67 53 1771
114 86 3266
14 57 2044
106 32 1023
8 43 2519
0 82 865
8 83 1065
14 96 816
54 43 1957
66 57 895
27 51 700
21 70 1823
29 31 3528
45 19 1976
7 49 1232
56 46 1861
52 58 1516
83 2 2992
77 52 2772
86 78 55
63 26 603
94 77 3540
106 53 766
28 50 754
110 5 3320
47 41 1047
29 101 1564
46 75 1597
113 71 2297
15 98 798
93 105 1768
27 67 3543
106 111 1555
70 118 621
83 99 1291
87 101 329
72 50 1184
115 99 3177
101 90 1415
92 95 3573
82 106 615
7 19 2852
60 27 3540
36 64 791
44 118 2971
32 55 2715
81 108 3148
65 100 897
12 53 2375
69 97 122
69 41 903
57 54 2520
86 102 3434
70 89 2473
10 88 627
69 88 245
89 75 669
114 83 1332
47 77 1627
9 100 2060
83 14 440
92 114 747
21 69 468
99 60 3406
102 92 1812
11 18 401
101 106 2420
21 64 3588
110 17 1318
72 31 1879
75 11 3101
9 3 1571
26 101 3556
19 91 280
79 81 2550
32 97 2301
108 106 3442
29 38 1942
94 46 2608
52 6 580
21 51 2747
45 60 1428
11 104 2864
30 1 1857
67 73 1684
11 99 1684
113 12 2601
92 31 1699
55 57 1882
40 110 2287
63 79 1645
96 70 1953
22 25 1834
36 72 3469
73 71 233
54 84 3073
34 2 2219
16 94 1875
18 103 1141
35 66 2072
72 80 2003
98 72 17
107 113 1592
110 65 517
93 69 1169
75 90 856
39 13 2611
95 59 75
33 88 3092
47 55 2590
49 34 586
8 48 1077
55 110 2483
49 46 2340
101 63 3221
1 113 2494
1 105 475
47 118 1524
34 59 716
117 51 3424
74 81 1560
11 71 1465
90 84 660
86 101 1876
36 6 3433
110 79 2506
96 111 2689
106 115 1773
1 45 1443
15 63 3350
9 80 1905
107 49 60
36 24 658
100 58 1032
45 72 972
30 95 1215
76 21 266
61 50 1562
86 10 2905
7 116 38
96 62 1027
85 30 1276
77 17 1558
18 21 2363
102 25 1590
97 18 2625
59 16 1045
63 46 2003
64 48 1616
72 97 1837
24 0 2458
20 109 2682
88 110 2802
3 46 1280
49 84 2783
57 23 2642
119 27 2618
104 38 3236
9 117 2225
95 83 2502
38 91 2369
3 85 3582
52 33 2995
75 46 3026
38 72 2694
80 77 334
44 101 920
58 75 416
44 16 1286
71 67 233
90 114 2425
60 4 2259
48 27 1854
26 56 333
41 74 2489
1 101 3050
54 107 3141
15 21 2248
51 23 3356
31 94 3372
18 107 2124
18 1 1662
107 58 3178
103 39 3092
116 6 2589
18 14 1525
95 47 1110
9 107 1732
116 89 2543
113 60 1593
31 104 1883
50 90 1698
70 40 349
0 106 3302
113 75 2979
2 94 1350
38 25 1636
91 21 1251
35 77 689
0 22 62
4 31 526
84 87 359
118 110 3460
115 93 3264
9 15 2517
80 101 1226
87 84 3048
1 110 3274
77 45 2373
13 105 2068
71 107 973
53 62 2505
80 71 1725
108 98 813
66 12 519
29 89 2730
102 83 1420
92 118 808
82 32 1440
87 1 1323
113 39 915
109 75 2314
63 61 1376
66 91 1416
43 81 852
40 59 462
114 29 1765
90 60 3303
64 73 290
98 16 195
36 108 3140
38 77 3289
54 34 2515
26 98 3026
115 104 276
68 76 499
68 61 700
118 57 1054
19 112 719
59 32 288
11 51 2302
33 105 2178
116 117 776
66 41 1320
71 60 3357
54 27 1690
19 11 793
24 97 90
41 110 2208
20 97 2368
51 94 2094
79 0 2302
69 85 2358
98 74 3102
58 16 2292
113 40 3222
75 10 1715
48 34 1491
53 5 1732
71 24 1503
14 100 1365
52 64 2125
61 43 2984
73 59 3154
41 85 1877
62 31 2802
77 114 898
95 78 2206
44 87 1859
91 58 327
10 13 2727
43 8 485
70 115 3170
34 32 169
0 74 2390
107 95 2140
58 24 3113
75 68 1717
84 113 1190
52 91 144
58 53 165
28 118 2356
64 66 2438
80 118 3302
54 55 975
76 23 2600
43 60 75
79 41 122
119 90 169
38 111 3623
39 116 1629
32 105 337
64 58 1514
69 38 1178
89 10 723
20 32 23
113 83 466
22 18 2268
63 33 1070
110 1 1164
105 91 2011
33 93 1351
101 26 2042
54 20 1939
108 50 3376
19 13 2038
82 54 1521
6 80 680
50 67 2269
6 14 1337
100 71 1407
28 85 40
34 24 3034
10 51 2501
92 43 2276
105 114 2689
11 98 2862
73 64 877
89 12 1270
17 26 3486
39 108 1617
34 0 980
22 55 990
39 14 1064
23 40 3073
9 106 3038
117 16 1164
24 27 1483
94 82 53
44 1 584
23 34 3002
103 55 2882
71 19 2483
83 80 2986
49 17 2520
18 106 3252
24 29 1199
82 99 2924
109 54 723
27 111 3314
36 30 761
4 85 1306
28 77 2890
86 68 357
119 8 591
1 30 832
88 3 1099
83 78 1137
6 39 2830
76 7 280
23 69 63
83 74 991
10 115 1873
65 1 1998
35 103 3111
107 6 1180
57 112 2028
119 115 1950
5 63 2538
110 115 704
39 27 594
2 99 2320
36 62 3496
32 12 2265
92 81 131
19 12 2364
40 27 411
62 14 1799
99 87 2315
45 81 494
91 16 734
60 115 3527
85 34 249
65 89 1582
55 18 2676
78 11 1759
96 24 3623
63 68 3218
104 10 2867
38 10 418
9 12 1515
73 117 2927
32 112 3465
47 9 1697
99 18 2445
104 70 2220
116 27 2201
46 87 752
78 67 1908
21 80 2532
65 3 333
115 70 278
19 2 1026
106 105 1332
32 113 3352
99 100 3416
100 19 760
115 38 1754
118 90 858
6 48 1107
103 50 2431
89 77 1331
36 109 1252
111 74 223
4 43 2730
108 39 2787
75 54 3055
13 68 3280
6 78 2000
13 91 1026
89 19 2911
45 4 3493
34 65 686
70 63 2497
36 75 2217
66 55 790
23 16 3092
56 76 3178
43 63 1566
93 91 138
1 14 2944
74 49 1292
113 49 1693
38 93 1109
47 56 383
79 93 2255
40 71 2453
3 45 3338
30 52 3493
76 22 1552
28 92 2592
35 58 620
55 101 1833
2 55 1172
26 22 739
91 103 1261
55 111 353
73 34 3156
52 87 2805
78 41 440
80 36 1865
51 118 819
75 118 1440
54 5 237
50 95 2150
94 57 2381
39 86 1696
30 83 732
52 82 2344
34 31 1553
50 30 2639
113 115 564
12 11 3030
51 63 1197
103 119 1369
1 100 1559
31 44 1030
117 39 3356
28 108 956
70 111 2189
23 116 1977
61 106 1193
92 14 328
10 110 667
60 2 410
38 48 632
109 82 977
46 41 2493
41 55 97
61 55 29
27 116 3251
79 75 3168
31 10 848
14 69 1202
64 108 3550
21 31 2764
50 63 1599
16 3 1575
99 1 210
58 20 2517
67 110 2464
20 100 751
47 82 2456
90 74 2731
101 78 3283
76 101 1700
10 49 2549
76 79 2346
115 40 2567
1 95 2481
93 54 3089
118 59 2463
26 96 1780
45 7 1588
19 105 1296
89 99 2743
76 6 19
100 6 1695
27 97 2564
109 16 2547
22 97 3148
91 115 741
18 119 970
12 5 894
33 76 2011
112 53 3014
45 55 2945
84 8 1026
11 52 1346
113 68 184
33 77 877
68 5 1190
115 112 880
96 40 3205
83 45 2065
99 27 2280
0 90 223
116 101 327
101 43 128
7 36 1399
10 11 298
108 1 1993
79 70 1343
80 116 382
114 69 2826
35 39 327
14 3 2312
119 24 2292
106 98 2445
92 38 3032
71 8 2499
51 73 626
60 24 2600
49 61 1409
91 52 1831
48 116 1964
91 5 654
10 94 468
0 30 1221
99 94 2908
112 88 1245
26 65 1199
111 15 1323
113 94 2059
72 82 217
103 74 1671
63 73 3171
111 62 2802
43 19 1800
35 5 3168
61 85 1282
49 31 2885
49 96 3473
53 103 644
7 50 2116
20 79 3547
85 3 98
26 60 2379
114 112 1635
5 12 2834
66 103 2494
3 21 1926
111 45 447
65 19 3459
80 39 165
101 68 2837
92 56 3358
104 60 1994
79 15 1027
15 18 3361
118 83 865
24 67 3402
79 69 2970
91 69 2635
69 75 912
48 19 2783
5 49 2530
119 61 3052
79 44 3136
45 31 2751
30 114 3019
64 44 2750
109 107 1015
81 35 3103
30 101 2502
26 77 2965
53 43 1050
116 66 2801
96 105 438
97 119 1930
43 47 1380
96 50 434
35 19 717
14 16 2096
32 17 2115
107 28 1739
60 59 2775
44 33 2041
0 63 3230
58 82 1962
41 109 1080
60 86 3007
20 55 3447
89 104 1405
85 98 3540
12 88 77
74 5 3221
93 117 1675
26 102 2449
8 96 1548
34 30 2061
12 22 1740
52 39 147
80 32 1643
69 62 2096
0 99 2665
3 102 2656
28 86 1183
24 25 1553
46 27 2082
17 15 176
88 33 88
50 65 124
36 114 2630
19 77 3548
83 117 1298
69 28 3110
114 55 1876
19 30 2463
11 72 1453
10 107 3249
15 99 193
96 112 1424
64 5 2864
17 56 1581
13 94 2468
110 91 1661
71 103 2533
91 117 1558
118 25 2938
58 41 2410
56 12 1045
23 31 2904
47 66 884
65 66 1755
101 77 2321
0 46 137
64 8 3323
62 11 2956
62 101 1808
3 24 592
28 33 2309
20 49 2090
17 91 2039
72 11 3461
78 65 3040
92 27 2083
6 24 1238
63 29 3129
62 23 2088
70 80 3583
115 84 487
12 80 2420
95 22 1670
12 71 3610
44 63 3027
38 108 815
78 113 3465
47 7 2505
23 82 1339
113 85 3095
44 80 1670
69 12 649
4 98 1338
65 72 82
86 89 107
16 59 3623
14 45 1707
58 49 2345
100 70 3346
72 21 2068
11 6 1757
2 1 360
50 24 390
80 93 2626
108 81 2833
73 38 1847
31 41 2928
78 99 1673
63 91 1747
13 32 269
65 102 3301
105 89 1814
69 103 3235
3 36 2084
110 47 1170
116 79 2928
116 2 1629
3 108 2773
51 11 3004
119 76 1434
28 90 2674
85 31 2136
3 52 3198
73 32 2388
44 24 2584
96 74 3447
43 33 3090
75 80 2747
19 63 2546
93 73 398
89 110 778
85 23 1146
111 86 2785
7 9 2659
54 106 3042
81 89 3019
2 109 1911
118 115 2594
75 111 3104
38 80 3378
11 34 2151
89 30 1457
30 21 1962
9 50 3165
10 34 3366
63 107 1927
107 9 2182
11 107 442
112 108 1514
111 87 1707
106 84 619
72 41 976
74 39 1861
20 31 1023
92 105 879
100 114 831
117 118 3288
22 36 736
119 65 257
27 5 2451
97 38 2754
30 107 2153
24 92 430
116 47 553
1 91 291
100 96 2462
20 40 754
14 55 634
80 28 642
31 12 3513
114 115 1779
94 101 2585
47 105 379
93 68 1926
30 45 267
90 76 2417
52 38 2650
101 7 300
51 103 2557
113 110 655
86 57 2564
98 92 1072
67 86 2613
107 63 3282
62 4 1195
54 58 2770
41 27 3359
15 73 2283
105 95 3106
55 64 2423
100 103 3367
69 47 2641
116 13 1327
33 16 2668
91 78 678
106 109 1708
25 11 2202
113 2 1900
70 92 2909
3 28 3065
31 98 2499
71 9 1923
118 101 2690
22 39 1239
99 91 2105
110 60 1466
20 63 1786
108 0 1905
65 117 1804
74 116 2161
72 9 1291
63 15 3539
11 44 1264
15 87 1125
15 29 1315
51 54 2597
110 77 2996
23 97 2679
117 4 2858
75 39 2960
18 91 1006
72 84 3350
30 109 378
51 34 2943
50 16 1747
14 32 3256
20 106 2869
83 79 2759
115 33 1365
80 79 2006
57 7 611
95 100 1724
97 89 3207
111 118 2337
5 41 2690
32 35 1962
109 18 905
74 44 984
71 40 2642
70 61 2938
17 21 1703
84 15 2358
51 60 3506
109 64 1461
54 117 3509
70 68 2740
97 90 3617
98 22 3098
5 114 1402
3 92 810
65 5 2623
76 43 1329
94 27 2074
9 39 2527
66 11 868
51 20 1559
112 54 3409
44 49 3587
31 72 639
111 76 2638
99 118 1264
65 41 301
11 56 2948
82 64 285
58 0 1151
110 12 2806
29 51 3563
66 119 3275
40 6 543
32 48 1555
24 45 1771
60 110 903
72 105 1341
89 33 2717
113 119 572
63 51 410
115 80 2346
38 39 1131
95 21 485
73 17 2092
52 21 2249
82 25 1946
43 36 272
77 95 655
74 8 2311
74 52 3477
3 91 732
98 118 2884
32 31 1089
113 87 2505
93 36 23
26 31 2019
57 52 318
47 109 727
39 17 2866
81 94 1838
5 115 1421
53 109 3470
103 9 3362
27 115 1799
91 118 997
89 24 2052
75 40 411
43 20 2278
57 85 1582
49 9 1678
63 88 250
62 0 1421
81 68 1503
13 61 1606
106 50 126
5 82 2884
10 101 208
67 32 521
89 83 1472
21 99 180
110 6 2253
41 44 2645
46 33 342
22 43 2834
20 115 3230
86 76 1672
65 45 232
102 98 1622
33 91 2608
78 29 2920
48 10 3560
36 85 99
67 17 2239
61 81 3301
41 62 1057
54 46 2063
44 54 3004
11 20 1959
78 81 233
65 109 3352
119 59 2053
100 82 454
111 56 99
26 82 1227
56 67 3284
20 87 2249
76 75 2878
3 11 2470
80 68 1994
11 61 2478
64 27 440
25 29 1947
27 34 1588
100 30 2406
24 64 1276
97 107 2007
67 18 2905
4 18 418
118 65 1
24 1 39
114 23 792
38 60 2935
6 8 317
111 77 2416
39 25 343
87 7 2642
90 21 2859
48 6 2533
71 96 2297
47 70 221
41 57 1174
73 50 2245
64 11 2932
8 91 961
25 71 1013
43 93 1077
75 102 2219
84 97 1929
102 104 549
68 39 1630
36 87 1163
68 104 3103
36 76 2286
53 105 3268
65 39 2278
72 89 3379
116 84 2630
109 114 3493
113 73 1878
0 15 3288
17 86 3114
8 54 3360
16 54 959
72 69 2527
11 83 2840
82 61 2585
14 59 1484
16 86 1593
71 33 1603
51 27 2918
104 83 3051
96 78 160
64 71 161
25 60 292
45 64 191
88 103 2708
46 30 3086
103 10 2060
105 107 893
57 1 871
50 47 1334
9 13 3496
92 111 3245
104 95 3103
69 91 3303
6 47 268
104 64 2698
8 29 1768
98 102 2068
62 74 1873
78 112 3199
50 79 1634
59 46 1878
108 84 3199
62 99 371
96 69 825
7 108 1294
46 89 204
47 28 3077
67 58 3226
3 83 1721
43 62 780
91 3 1663
43 11 2395
98 13 679
86 111 3591
20 22 1902
65 111 2127
90 8 1182
0 4 3216
106 116 586
8 25 282
97 26 1746
73 58 187
51 19 3085
100 16 275
119 48 3181
12 68 3546
29 33 101
61 38 1979
81 44 1261
97 61 1752
24 20 591
26 43 1579
21 25 727
49 73 1068
104 94 674
21 13 1332
6 103 2942
61 24 658
38 30 1487
105 14 974
44 106 2692
103 68 2917
117 3 1220
59 18 2819
19 87 2719
59 65 1183
102 52 1009
1 38 1274
102 9 2484
65 90 2133
70 38 2326
103 5 1016
73 15 3203
12 9 906
5 84 2771
113 82 1384
61 90 1480
112 46 2294
73 92 903
65 115 3627
66 1 1981
73 14 2283
70 10 233
71 109 2258
23 118 1450
78 118 2719
92 44 1514
57 46 3211
112 85 795
59 20 2466
82 119 1211
99 112 1740
25 70 1466
69 35 3178
84 28 1027
115 36 629
2 60 3627
84 18 2425
24 14 2585
75 119 3022
29 111 775
14 60 2502
18 25 2224
30 116 566
99 109 886
70 71 2073
96 64 1120
7 21 117
43 16 3099
48 3 85
49 78 2754
115 85 1628
0 85 2195
64 91 948
76 106 1401
29 43 2249
62 79 68
29 10 2735
86 118 3019
65 101 3539
3 95 1118
46 48 2447
31 35 2416
63 44 2412
115 29 2587
34 115 910
96 114 3007
53 6 1396
66 20 1243
66 95 1732
0 31 2387
2 41 3353
89 45 2250
118 55 2180
26 80 1046
91 101 3058
113 55 3359
8 112 3325
5 20 360
93 116 190
109 26 2917
100 54 623
9 36 2166
36 7 976
94 98 1776
17 46 1982
19 90 1417
111 1 2424
80 72 1277
3 97 194
118 96 674
66 82 64
76 39 3218
45 16 2953
76 86 1292
76 109 6
110 24 3418
61 83 1500
102 19 1114
6 102 817
16 17 2456
49 79 1741
103 14 119
110 11 2943
14 19 2392
72 32 3203
40 17 788
46 57 3573
95 105 638
89 80 3542
21 97 35
2 33 1473
71 43 2540
10 19 263
38 47 1612
119 19 1864
117 14 728
78 62 1905
87 38 1774
44 43 2253
73 10 1602
32 69 2852
52 53 2735
45 24 293
104 72 2624
39 102 1455
64 39 830
49 3 1369
118 7 2342
27 108 3556
63 109 2634
70 67 2042
111 0 3339
69 29 1676
100 85 1152
45 43 3082
10 71 920
73 49 2523
8 68 1631
114 93 2474
76 54 1122
47 74 2469
62 87 1670
34 70 1871
29 47 3295
45 74 2110
51 95 2564
16 79 1116
57 58 179
38 6 708
93 104 1749
74 2 1587
55 19 3018
16 105 3383
77 61 1371
16 1 1901
93 56 2494
25 106 1512
99 117 394
108 9 1977
57 91 1271
0 52 1982
4 64 527
64 62 1023
29 7 1390
18 76 1665
59 8 2194
109 89 708
10 3 1044
93 99 1384
57 19 1552
70 4 3496
85 17 1859
60 5 1203
70 41 64
45 61 1705
1 33 2558
10 17 2378
61 30 293
96 54 3214
88 22 2576
112 68 516
76 11 145
47 104 2843
19 48 1014
50 88 1326
115 59 2325
102 45 2653
95 53 1425
31 82 83
32 77 1877
90 45 791
106 47 787
66 114 3578
64 72 580
21 55 2540
16 96 3347
93 34 760
114 5 345
21 24 2167
75 4 275
35 3 1096
2 84 3145
16 66 1928
41 38 1923
92 64 822
53 71 3120
59 119 449
80 50 2283
20 60 1638
1 21 2213
26 30 55
21 107 2363
101 16 4
101 14 3524
6 17 638
19 0 469
115 118 92
107 56 1289
55 113 664
106 88 3554
55 92 835
75 24 3174
52 108 1956
54 61 192
97 46 2721
119 92 678
28 11 3283
110 46 2779
22 92 3102
9 70 860
74 45 2758
118 102 1500
107 110 2538
68 102 1919
62 110 2584
75 87 94
91 89 3482
48 111 2632
70 53 2507
83 56 657
35 79 440
28 68 1101
67 111 1956
81 10 727
19 65 3419
74 77 1629
87 116 3497
27 10 558
95 30 3085
110 71 2831
28 100 629
108 25 1952
95 115 2356
24 38 1106
44 103 3299
78 88 602
93 100 1259
74 54 1964
117 86 1264
44 13 2716
83 22 54
25 118 1719
29 92 1268
16 62 3329
73 39 2823
45 46 2747
75 12 1451
60 99 2018
32 52 1638
35 115 510
52 20 2367
12 40 1295
12 16 1228
84 21 1140
1 106 489
97 111 1487
117 24 173
76 92 2348
56 72 1625
96 61 1160
45 59 3456
23 117 3244
41 81 1027
70 51 1980
18 38 3307
107 108 2212
2 85 3370
28 4 2183
107 15 321
86 104 3054
105 96 2523
40 20 3516
16 90 2600
39 113 2887
18 10 1522
102 114 549
86 35 2224
82 47 483
75 103 555
35 12 656
75 110 1984
17 76 620
118 97 1741
79 84 1564
14 36 3293
103 66 1385
25 33 1873
88 70 669
108 18 2887
113 98 2271
77 64 1034
73 55 573
96 60 223
19 18 2734
56 64 138
87 119 3035
77 20 1861
117 70 2026
36 105 826
105 68 2713
20 1 736
17 53 3413
105 80 62
53 69 2879
75 67 1413
33 40 3058
25 80 2370
118 46 1437
20 67 2271
28 73 3117
27 31 78
105 57 796
76 116 1431
47 71 2412
29 53 151
53 68 2224
48 26 3548
68 24 1803
12 74 2536
29 99 1358
112 58 2058
28 21 713
117 63 1777
104 7 3218
116 31 2882
100 65 86
58 60 539
67 100 1015
111 25 1509
49 22 968
79 55 1427
114 49 1716
27 81 931
84 100 223
111 115 826
29 52 1614
85 0 2853
65 116 941
4 34 2708
6 75 1187
68 57 2118
31 90 3297
83 61 1041
4 75 1659
70 108 409
0 81 914
47 86 1815
22 2 1661
76 33 2274
11 94 529
81 71 1603
56 28 179
100 87 3261
49 2 73
85 115 2350
49 89 2164
72 33 2052
41 91 3606
117 88 2001
71 28 2377
103 88 969
100 61 677
19 99 2303
7 64 1117
105 98 97
96 65 3464
11 89 467
82 91 3219
90 80 3430
8 50 2532
104 53 344
24 110 2885
71 86 233
61 82 1123
86 28 2532
43 107 1080
84 39 3163
62 91 1273
83 51 598
104 2 2845
75 84 1289
96 16 3082
40 55 1206
13 85 434
2 26 2271
94 1 836
118 50 919
97 41 2945
71 76 224
38 41 1727
108 56 280
34 21 287
0 97 1852
107 55 254
61 32 2116
26 17 2857
72 45 2762
3 73 254
47 80 2327
78 4 78
26 67 3303
107 75 2525
90 92 1267
28 10 1536
20 25 3399
66 112 1557
45 110 2246
118 38 3074
48 53 4
67 35 3601
109 30 840
84 72 3187
59 105 894
94 88 3554
105 19 1097
8 44 152
9 78 1392
48 73 3467
75 49 3431
80 47 315
79 25 376
97 102 3584
36 38 1464
13 66 1271
45 88 3162
65 75 3024
88 44 2068
57 107 3563
22 59 413
7 24 645
60 12 2964
11 110 136
71 92 1676
29 95 345
69 113 1294
106 1 3250
2 79 2970
118 49 1273
10 55 3483
58 83 790
115 48 134
85 108 61
49 117 2317
22 105 1223
62 61 1645
109 71 2779
48 25 1791
63 99 3059
6 95 2413
39 99 2651
85 12 3524
43 110 804
56 95 1446
103 65 2149
102 40 1439
87 61 1962
52 92 314
89 23 1991
1 61 3046
116 8 1947
96 103 1942
41 14 1003
57 105 1886
4 67 3095
106 17 2319
103 87 2084
32 64 608
113 86 2497
77 103 1585
109 98 1331
90 1 1848
110 30 3400
82 38 1357
103 6 1064
35 89 749
61 23 2600
48 35 1586
106 113 519
106 107 2556
23 53 2785
69 86 965
111 17 3278
94 16 347
83 27 2533
93 80 2443
55 105 2695
103 93 3224
107 34 1765
40 56 3493
46 114 420
79 85 2848
86 17 3427
97 65 1984
84 96 1502
58 94 2094
59 96 2719
20 35 1328
3 51 2781
30 99 821
66 87 1427
3 112 1310
10 58 493
113 79 3057
33 7 268
109 62 1828
14 93 100
82 19 2459
19 62 820
103 82 310
10 48 2741
119 82 2792
101 116 1509
116 98 1199
111 110 2547
88 99 3553
107 84 234
98 6 685
69 102 577
113 90 130
29 1 3229
25 82 441
5 111 59
82 77 1016
11 39 102
105 74 1692
33 79 931
45 67 2130
56 18 2654
40 21 912
16 39 1103
71 95 466
36 54 2999
36 13 1374
92 24 2145
19 36 3542
50 80 3185
46 84 835
75 88 2445
70 69 212
14 75 3066
46 73 349
63 90 1808
18 71 199
87 103 2285
80 66 1543
62 90 3488
8 45 369
57 83 1013
65 88 2021
25 85 2807
74 53 3379
41 83 246
119 84 2989
31 106 3581
44 56 2299
8 26 1835
118 64 1479
1 97 1675
31 100 3090
31 7 1282
96 76 670
0 108 108
56 108 474
9 46 744
40 45 2629
83 12 563
89 116 1058
88 47 2981
87 18 3225
53 18 2513
104 26 1213
65 24 1558
2 80 1802
0 76 1636
4 8 582
66 73 1842
16 91 797
24 71 126
41 99 791
34 26 2695
26 90 59
116 119 23
96 79 1478
65 73 3036
79 110 2145
95 99 3288
32 68 689
48 98 3413
32 43 3551
79 62 379
115 19 3314
77 104 1680
50 7 2716
54 71 233
63 81 2199
72 1 2972
18 56 1226
82 9 3343
108 66 286
59 64 1214
26 83 1922
89 113 1377
6 12 872
54 94 2087
32 80 2857
62 15 434
117 93 462
2 21 1320
101 75 2386
22 1 1789
51 84 1698
59 113 230
92 59 1602
88 116 2259
28 2 128
118 98 1144
17 29 888
90 78 308
3 64 3293
57 24 2441
76 88 3323
99 57 3118
100 111 3407
86 87 3586
46 34 1490
23 20 2416
54 59 3598
101 18 2985
86 39 156
51 13 2414
116 103 1785
0 58 1680
118 112 3569
102 86 727
98 24 2355
50 56 3318
27 36 1403
118 84 912
22 9 2300
48 102 700
104 34 217
77 90 392
64 52 518
43 76 1673
38 2 2450
117 92 3491
21 62 3404
62 98 353
69 71 2676
70 73 2163
4 59 1756
109 57 1285
58 73 1821
64 93 1512
44 83 2597
71 98 231
106 90 265
4 3 1687
66 93 2538
38 69 2681
104 107 982
114 48 2226
57 113 404
14 117 1364
80 48 792
51 29 1436
32 4 3357
62 53 1428
15 11 267
79 36 2013
8 21 1469
100 83 3585
4 20 776
65 79 2213
25 7 2427
106 24 973
64 4 2144
57 9 2285
18 7 250
91 90 1846
63 64 3427
8 80 1473
58 71 34
61 76 685
85 88 3008
4 116 569
40 86 1579
90 62 788
27 38 1379
28 20 1320
72 6 3548
8 90 2452
18 112 1989
0 60 2661
16 75 1883
119 9 2650
44 82 246
110 14 3441
90 69 2280
21 93 1655
112 114 3316
65 57 1777
26 103 1871
46 62 1042
78 39 1749
28 34 3573
74 62 614
55 114 3003
70 103 1511
35 41 1290
96 93 3062
43 9 1701
8 24 1289
55 2 898
3 68 2511
71 97 2683
33 46 386
52 54 3070
24 94 597
96 34 640
9 102 114
101 85 3458
52 32 2169
18 82 1146
6 40 413
23 74 203
95 107 3046
39 47 1307
23 103 3534
68 71 728
13 77 1864
94 104 1895
89 85 1048
46 59 1893
77 30 1058
92 76 2788
88 2 2987
104 29 3111
34 39 3314
65 49 34
72 8 3575
64 76 1476
88 24 3572
5 53 1992
93 70 1454
52 11 1394
97 87 2848
72 66 208
54 0 1237
111 103 144
64 103 136
11 40 3197
28 106 1152
68 20 3185
22 20 2723
38 96 1383
114 105 2841
86 18 680
76 46 536
115 24 2193
60 116 728
40 48 982
84 62 3406
21 81 3405
85 47 2733
40 74 1559
104 45 2937
34 80 302
106 67 1505
102 47 3094
67 60 2739
90 29 2668
118 53 1304
66 61 525
4 38 103
45 119 2454
48 24 3565
111 34 79
112 9 1574
96 10 78
56 90 3214
12 17 840
74 107 1239
42 57 8
42 21 57
42 114 52
42 95 105
42 80 108
42 83 17
42 65 43
42 63 71
42 4 58
42 72 30
42 71 74
42 54 13
42 81 89
42 56 86
42 43 57
42 112 15
42 92 11
42 48 71
42 16 64
42 101 76
42 111 99
42 91 116
42 9 85
42 100 0
42 29 62
42 25 101
42 52 71
2 37 20
6 37 4
7 37 74
9 37 77
15 37 24
19 37 84
44 37 106
46 37 102
49 37 67
50 37 51
51 37 111
54 37 78
58 37 107
60 37 42
63 37 57
64 37 0
72 37 24
76 37 28
78 37 28
81 37 43
82 37 77
92 37 90
95 37 72
97 37 11
102 37 34
112 37 31
