69
91
77 32 0
60 118 0
37 106 1
47 97 2
35 27 1
7 75 2
22 113 2
77 47 3
14 30 5
34 60 3
53 67 3
108 119 6
73 94 11
17 58 8
5 51 4
62 113 8
39 103 12
43 98 6
36 8 10
70 36 1
17 87 10
68 52 14
102 20 12
30 20 19
108 9 22
74 80 21
2 87 20
64 96 26
74 12 2
73 89 16
2 86 29
43 119 23
95 15 1
28 113 13
97 46 4
71 31 18
68 30 37
50 19 26
26 57 4
38 12 17
6 4 36
114 7 21
101 50 0
32 54 19
37 18 43
115 32 12
82 71 19
54 96 42
25 56 39
79 108 0
54 10 9
94 27 10
38 85 9
41 39 22
113 109 17
21 86 12
95 80 59
26 62 38
63 76 58
40 83 12
5 88 26
93 100 60
2 88 36
117 113 11
15 6 63
51 103 42
52 22 61
21 97 22
81 97 51
115 83 44
65 36 19
7 103 4
85 62 67
21 64 31
85 97 1
110 52 77
86 117 76
63 59 53
46 41 63
12 11 14
7 82 76
22 72 17
96 0 76
96 44 4
81 51 25
0 34 75
62 112 69
6 50 78
45 64 59
1 52 70
81 49 84
12 98 82
67 12 25
40 73 95
12 93 32
74 82 33
99 112 75
112 119 72
22 16 20
73 65 2
44 45 88
16 33 26
63 80 49
71 25 93
61 80 3
85 93 4
108 47 18
47 61 5
74 10 95
45 49 52
10 85 89
102 111 85
115 55 85
87 31 68
34 94 25
42 89 51
0 53 83
44 28 20
84 57 102
25 11 42
111 71 70
2 13 70
111 42 10
27 48 66
68 92 32
19 59 63
30 18 96
119 20 64
8 28 5
113 83 96
35 1 98
23 109 94
98 111 107
119 95 73
108 102 125
119 9 123
43 61 74
79 3 1
79 62 36
66 54 80
92 82 3
1 40 133
112 50 67
109 96 20
63 75 77
73 104 87
60 107 14
27 18 113
1 12 52
7 81 54
111 17 146
70 65 29
54 2 61
58 24 111
26 67 110
80 78 137
96 61 23
32 46 102
113 53 104
68 113 107
99 73 44
65 3 2
114 62 41
106 96 1
92 14 7
55 70 124
48 114 65
74 54 82
35 12 28
111 117 95
80 53 87
114 51 83
89 48 114
107 13 138
48 88 23
98 79 25
96 57 68
109 6 4
10 63 180
40 61 63
50 60 161
118 80 62
105 45 171
109 3 99
90 50 16
60 24 100
83 44 1
108 67 3
39 1 107
36 57 121
98 75 161
48 104 185
10 98 180
28 67 4
31 56 143
10 44 91
56 9 12
11 29 116
71 46 14
29 108 45
77 76 118
40 39 76
70 60 202
59 11 7
35 61 158
57 112 199
71 78 160
106 40 67
7 48 24
30 55 119
31 83 200
92 48 43
25 116 84
112 3 42
59 109 15
63 26 145
0 44 159
117 8 170
24 90 102
116 106 144
50 44 14
30 92 192
57 83 181
79 78 200
77 117 156
23 66 75
74 77 159
79 75 100
15 74 164
110 65 223
7 104 101
40 93 128
54 75 85
45 59 186
98 17 126
65 57 136
40 100 28
59 58 135
19 28 174
44 3 28
84 63 187
73 64 110
49 26 51
102 5 138
16 90 164
63 105 207
5 65 33
77 64 110
43 67 77
99 76 160
109 11 237
11 78 217
47 4 97
63 12 148
87 118 195
34 40 184
60 42 113
59 48 20
72 30 26
90 0 91
28 20 263
46 64 214
51 19 36
68 39 94
8 96 7
24 3 243
13 24 49
22 49 25
86 62 157
26 24 230
97 17 249
18 42 50
7 102 176
49 43 276
99 77 194
42 49 177
37 23 138
23 40 100
5 80 182
17 12 220
83 65 134
8 11 8
97 47 211
11 119 19
53 74 31
118 99 93
64 30 10
93 36 257
78 39 130
84 86 61
41 20 93
5 58 148
114 10 257
27 85 71
62 13 188
63 115 14
33 65 49
90 72 20
15 60 57
26 111 69
30 4 130
49 3 181
95 115 205
41 16 119
90 42 268
49 12 204
26 31 248
53 78 262
77 53 146
15 55 33
118 90 265
89 64 41
33 62 232
62 72 46
15 75 176
4 41 136
22 96 178
18 104 159
54 42 274
39 87 191
65 110 172
2 103 313
42 76 217
61 109 194
17 33 326
83 104 217
79 40 300
94 81 16
47 71 215
118 119 314
43 11 76
90 66 73
66 111 58
57 114 170
39 106 155
114 43 75
107 93 258
71 102 180
63 65 92
4 25 98
4 58 229
99 36 179
55 16 257
54 39 87
82 12 79
109 114 327
56 46 104
115 75 243
99 95 87
90 86 216
107 74 45
57 44 79
22 13 130
72 49 132
4 50 342
28 84 300
17 26 273
113 28 78
3 46 281
95 4 63
104 39 285
65 7 227
103 109 221
5 92 213
111 62 4
77 109 20
96 24 361
61 118 312
114 12 343
118 1 328
98 37 328
26 42 207
89 75 218
114 9 264
48 60 259
47 73 132
102 12 26
95 73 130
27 110 54
35 74 192
106 27 165
29 62 151
88 110 264
66 0 85
36 107 262
43 0 329
4 35 351
36 94 42
51 28 23
1 75 155
111 112 322
84 112 127
16 82 70
29 8 118
68 21 57
38 81 322
87 94 90
39 58 230
112 43 88
55 21 167
92 80 67
101 108 88
73 3 26
92 112 59
25 115 362
49 45 141
3 6 284
38 108 378
38 103 367
8 41 362
111 106 391
44 36 400
58 99 344
21 68 108
66 98 216
78 97 260
11 28 335
72 37 360
27 98 191
63 6 52
57 79 59
38 92 222
66 49 146
43 27 182
24 98 354
61 11 107
24 89 334
53 97 387
41 75 188
29 46 329
81 65 340
116 1 145
108 52 250
36 96 442
47 86 322
90 56 88
113 55 44
83 117 155
8 67 55
116 23 201
21 96 427
38 59 375
99 42 324
6 12 0
4 46 96
74 106 387
87 111 357
4 99 340
111 89 443
34 2 236
9 93 223
34 49 229
32 28 183
45 105 363
30 115 334
116 102 145
61 59 463
4 20 32
31 68 158
116 0 257
52 66 339
106 23 372
26 37 210
18 82 398
117 6 403
51 10 180
70 56 138
20 23 158
54 15 356
49 100 322
92 67 370
22 11 453
72 84 261
37 100 209
78 7 79
59 114 300
109 82 167
28 81 477
80 70 225
80 16 126
83 59 84
95 1 345
46 13 386
107 38 165
45 55 82
1 35 340
35 41 327
23 32 282
74 48 423
76 25 266
110 61 91
9 64 55
79 30 431
37 51 104
113 68 340
108 25 11
2 67 452
96 59 19
75 88 200
18 81 301
111 50 275
82 78 32
63 17 44
48 9 258
95 59 337
50 117 508
7 31 247
47 100 312
73 43 265
31 18 20
11 13 27
118 84 206
28 22 138
54 117 498
106 108 329
22 116 13
114 56 428
17 41 42
72 41 305
37 5 496
78 100 392
92 8 448
10 9 84
22 71 268
105 72 252
61 41 344
116 34 390
52 72 411
82 99 83
24 10 513
66 115 43
81 118 407
26 14 188
105 115 404
28 31 180
68 118 398
15 119 323
93 57 291
110 28 507
90 101 30
99 30 42
28 49 272
18 84 325
30 2 499
119 43 461
111 39 81
95 56 554
73 92 216
99 6 550
27 7 258
43 41 266
16 114 372
102 39 344
29 60 215
2 112 236
49 106 368
97 71 305
34 62 380
66 90 58
97 61 316
46 112 165
93 29 139
49 15 262
51 81 414
28 10 525
115 4 190
64 78 562
13 90 524
32 119 337
93 96 397
17 71 338
92 102 491
102 77 225
58 45 180
102 100 305
8 50 147
84 23 354
105 78 81
61 50 468
93 58 183
81 38 491
22 36 395
43 73 229
81 67 103
116 42 101
20 87 342
48 86 576
66 48 427
39 13 293
66 93 176
24 53 470
65 108 92
88 2 541
31 82 560
16 93 325
51 109 66
59 108 126
3 18 225
110 103 2
87 100 284
44 59 403
84 5 36
105 54 519
3 55 54
13 111 322
23 54 357
65 100 315
33 90 454
90 58 50
30 56 14
76 46 443
31 113 381
100 62 297
81 42 398
25 99 438
84 4 122
24 101 301
43 6 602
109 94 540
24 25 415
12 25 405
79 64 471
109 29 199
10 97 332
68 20 532
100 4 598
85 55 279
10 11 532
96 98 174
14 28 411
38 86 391
81 1 446
29 48 406
17 88 97
46 70 368
27 11 308
14 17 6
66 8 540
34 74 127
16 57 107
7 23 495
47 42 518
80 2 267
22 82 4
96 78 380
36 51 298
34 33 268
84 32 524
115 5 258
29 16 393
84 64 205
104 101 298
104 107 634
114 17 574
18 45 35
52 85 639
16 117 443
100 95 175
116 100 406
110 85 320
42 36 170
35 72 348
70 22 489
49 102 287
72 27 405
33 117 201
74 28 482
0 25 80
46 94 120
9 102 606
116 78 193
70 10 156
85 102 540
83 12 388
50 115 51
93 119 625
78 99 85
46 27 97
84 8 351
16 101 657
76 84 570
103 116 140
19 23 196
89 72 395
21 53 341
46 117 646
8 112 206
10 115 371
85 100 677
36 116 145
71 23 210
38 115 13
29 15 407
77 73 130
84 87 45
46 115 143
77 56 116
109 85 488
18 106 309
63 55 334
27 28 317
98 110 256
5 71 323
66 11 374
23 34 298
94 64 502
10 29 148
94 8 205
98 38 127
114 34 691
70 102 102
71 108 56
60 103 632
75 109 719
101 25 646
118 50 216
38 55 258
0 35 223
44 86 364
12 83 178
53 14 374
1 22 435
112 48 62
37 57 329
10 110 488
1 80 264
68 28 678
111 109 239
61 117 738
18 59 736
100 36 642
116 98 704
119 108 486
33 57 389
94 82 312
58 33 203
19 47 542
106 15 103
61 7 373
10 21 596
87 117 749
76 7 484
23 84 731
46 38 287
63 77 361
85 103 236
115 108 706
58 96 476
112 100 576
12 58 389
2 30 83
90 83 179
68 4 389
64 37 295
70 119 198
46 9 648
88 40 665
22 62 281
22 14 563
82 81 263
63 84 326
11 77 383
45 10 178
74 18 656
78 40 697
25 85 312
94 54 218
119 52 270
75 115 90
54 99 636
119 39 12
88 49 706
53 52 50
15 114 396
8 38 100
8 110 668
12 85 781
61 27 783
15 53 462
62 99 379
35 96 744
117 32 590
19 9 278
86 47 95
61 16 495
45 99 491
107 30 800
53 32 205
27 4 544
32 95 362
32 45 108
24 14 588
93 52 494
72 38 368
79 48 221
38 94 170
23 9 740
74 108 208
55 106 590
84 40 422
56 63 751
44 27 108
71 55 281
25 48 70
0 108 345
61 67 104
111 20 386
79 107 329
115 109 566
68 7 262
73 107 56
39 93 235
67 35 578
31 79 488
85 25 481
70 117 318
50 70 55
50 24 150
7 0 303
114 107 234
63 37 346
15 20 748
75 61 800
60 64 744
90 20 791
21 3 762
17 51 391
95 8 485
25 72 468
102 47 549
108 87 713
93 92 74
66 22 172
47 16 319
68 9 519
93 59 454
47 37 192
107 109 627
58 4 70
88 117 125
70 9 274
84 1 307
14 21 239
33 98 270
53 76 260
63 39 609
47 11 624
14 115 203
17 70 532
14 111 191
79 67 391
110 9 313
50 86 648
64 2 143
112 61 822
42 78 37
88 84 214
75 97 473
115 57 851
68 64 329
37 114 501
110 37 14
90 100 289
112 9 480
26 19 404
16 25 619
77 115 863
17 106 324
36 4 28
2 66 386
73 26 133
48 47 458
65 48 413
26 33 277
53 45 655
68 81 816
43 102 118
49 75 253
106 77 518
119 102 895
59 4 504
45 86 443
56 41 452
81 59 722
100 52 876
18 38 602
66 119 668
78 118 477
63 86 850
67 66 322
100 61 289
54 79 422
114 28 49
80 57 764
4 39 623
38 97 332
78 23 93
29 119 785
3 17 473
18 27 424
44 99 818
104 82 579
35 103 727
118 76 17
87 66 620
40 112 455
56 39 739
19 60 907
105 9 436
79 58 135
48 79 43
28 114 623
63 99 806
6 1 276
105 56 788
67 65 847
39 55 466
57 115 646
115 88 705
21 81 270
86 103 494
30 106 420
9 15 300
58 103 764
102 38 803
108 90 466
28 51 750
114 33 113
35 70 924
35 3 705
3 67 276
29 64 218
29 36 722
64 32 674
51 59 411
86 58 656
46 97 195
107 76 274
86 60 426
45 17 148
95 96 466
60 82 349
95 43 468
67 115 783
111 14 295
104 53 155
79 55 791
45 13 427
26 63 64
92 19 797
50 61 768
4 56 270
114 64 267
60 116 281
92 46 557
56 3 170
108 26 471
19 5 67
34 41 667
88 57 486
52 101 655
29 20 633
74 78 801
112 23 512
31 21 319
59 1 600
46 66 626
115 25 596
62 25 87
41 2 306
60 55 711
67 45 381
87 9 642
94 65 312
45 102 815
51 119 74
88 60 222
87 56 605
76 62 544
86 56 90
10 37 785
118 47 603
86 21 985
95 11 217
32 99 296
18 2 959
47 1 402
8 98 772
13 107 228
51 5 27
100 94 581
96 117 517
14 81 1
86 3 513
29 83 994
95 55 327
101 109 499
114 112 595
7 6 335
86 57 693
97 43 450
33 103 436
59 40 480
98 118 871
83 92 822
40 13 921
97 14 543
12 97 73
82 41 135
16 38 1010
40 30 506
21 70 444
47 0 400
8 62 993
86 9 842
55 51 430
64 117 233
50 101 871
30 71 22
31 1 59
113 64 819
2 20 110
25 94 954
15 113 56
65 13 16
73 34 384
70 3 601
44 46 106
80 52 129
41 110 180
29 66 183
89 107 354
19 104 158
94 84 469
34 21 647
86 119 1016
47 58 798
75 103 921
44 37 391
37 39 831
2 52 456
90 78 1068
34 95 639
115 116 67
58 77 820
96 83 728
35 6 52
37 28 376
41 85 375
58 98 802
84 81 47
112 45 767
88 0 773
88 7 461
108 95 377
25 62 390
52 3 382
33 59 998
25 86 602
92 56 858
89 71 96
13 12 767
26 101 145
87 80 377
104 84 878
23 38 300
103 83 251
36 59 506
12 36 644
106 50 523
70 86 978
56 27 301
42 84 279
97 75 743
52 59 956
44 89 162
33 87 3
73 17 470
14 40 731
59 44 687
80 104 99
68 76 1087
28 79 2
100 9 136
32 8 462
36 52 1088
77 80 216
24 29 963
54 24 682
84 13 315
92 104 662
35 79 403
14 20 54
87 48 597
45 54 48
109 42 414
25 84 532
42 12 1065
100 77 866
74 97 322
92 98 559
23 17 1120
99 18 664
49 104 675
18 36 13
3 47 539
77 66 822
40 0 961
84 25 754
19 2 463
56 105 314
20 30 769
106 64 617
59 33 75
50 57 670
31 110 625
39 54 370
33 4 1027
93 87 1145
108 81 527
15 107 314
8 117 930
49 42 548
56 24 236
83 72 1042
40 15 658
5 55 853
47 20 39
39 8 54
32 31 1152
114 100 468
83 29 1057
68 41 892
19 32 744
12 76 546
78 64 594
52 31 134
60 97 159
12 48 48
67 0 1113
73 95 1111
70 97 73
108 77 203
37 68 1018
24 2 387
29 90 956
5 60 726
79 89 251
20 93 679
0 1 226
59 15 342
114 57 1145
67 112 677
105 88 249
75 21 252
30 28 834
35 48 966
31 44 506
33 119 604
68 71 818
84 67 115
51 3 419
94 6 932
37 80 463
97 76 317
72 22 122
116 68 350
109 1 125
84 60 62
64 107 494
96 81 704
31 60 569
98 41 9
33 43 1125
0 31 1119
116 58 306
0 88 1104
17 114 410
19 35 250
87 59 727
74 33 231
19 57 632
60 46 26
38 51 438
82 19 19
67 42 1018
16 40 358
36 29 386
57 111 844
59 64 532
25 14 8
85 117 2
30 87 404
9 113 135
78 73 441
8 108 506
83 10 731
67 81 1229
5 26 85
12 63 256
112 88 530
15 78 1007
97 24 616
107 46 229
80 14 934
14 93 547
19 80 351
77 11 1160
83 25 1191
4 15 663
60 93 760
83 64 240
78 84 1022
16 105 220
98 80 126
119 56 766
55 20 1224
72 100 896
65 82 517
81 114 673
56 37 878
43 93 1030
43 88 303
67 43 161
19 68 354
40 52 704
11 40 496
24 65 1226
115 1 9
88 101 1169
27 106 146
16 20 689
117 68 608
112 2 652
29 81 345
58 43 1078
95 34 627
109 13 1013
64 92 279
78 16 637
34 27 336
108 3 859
99 39 1236
23 42 382
102 87 249
24 9 670
82 14 771
80 50 298
107 25 979
116 53 629
118 39 811
83 111 372
58 81 403
108 80 226
62 28 353
9 37 1174
93 5 938
87 88 260
15 36 452
40 53 524
26 21 990
89 97 13
62 96 108
85 57 560
90 112 1071
53 7 1233
6 98 794
76 78 440
26 85 946
68 109 215
83 67 1020
90 63 341
98 114 632
109 107 775
48 82 812
7 21 258
108 30 746
111 49 1041
59 5 150
78 9 773
75 5 1202
19 51 591
86 70 1031
19 37 692
96 73 131
85 112 66
0 95 921
87 27 1304
56 36 1186
111 90 417
61 81 1154
60 67 557
104 77 850
117 77 1018
23 49 1212
15 96 1115
104 71 216
45 95 0
100 105 733
114 20 528
51 106 1058
3 62 873
70 57 1003
78 38 951
45 35 1237
46 79 252
52 102 494
111 12 1247
10 42 1134
29 94 1129
6 55 729
110 15 251
70 79 919
90 37 1297
12 77 1250
66 52 160
50 30 1068
1 70 816
0 111 328
54 119 524
22 2 1020
117 24 1304
31 36 466
60 88 1111
67 26 753
42 24 571
74 98 262
75 58 932
87 106 820
90 27 33
24 56 82
47 95 642
84 48 853
1 18 143
70 31 755
113 27 951
90 11 177
63 104 125
107 11 206
88 93 197
12 114 860
51 43 1294
16 19 590
55 115 554
108 45 1178
66 32 591
100 90 952
82 24 471
83 16 1357
94 88 1142
109 51 587
42 101 397
15 63 7
55 19 1050
95 63 1151
43 115 240
57 10 331
67 82 432
67 97 1201
70 92 1009
90 80 714
6 40 1321
73 5 1049
32 64 290
102 97 1045
33 17 378
4 66 583
58 82 1045
7 19 1000
6 95 1271
117 105 368
79 115 531
20 84 137
9 59 20
15 17 861
52 113 1369
12 96 115
25 105 836
77 119 1334
80 40 490
63 7 475
97 78 516
17 103 530
99 109 609
72 73 19
73 40 694
102 10 929
115 64 959
67 75 1032
75 87 1394
103 16 13
93 77 162
3 26 182
108 116 358
56 84 802
24 48 1142
80 41 629
68 70 1233
103 56 227
6 8 791
90 61 422
108 71 765
21 0 137
110 31 1287
84 22 596
114 83 887
35 45 105
45 3 1308
8 40 1285
51 35 142
116 67 1402
109 36 1404
23 25 866
116 81 1102
93 21 1413
114 38 1222
107 70 485
19 93 315
66 92 624
30 84 726
80 7 374
68 105 1
21 31 278
24 85 508
96 21 1228
5 28 1020
98 84 1309
55 32 498
42 63 137
73 12 229
44 87 1326
17 84 129
19 117 844
117 26 547
54 112 91
54 56 308
109 77 1039
87 50 33
79 92 450
110 30 1140
8 60 464
31 106 450
55 36 195
70 98 1378
24 72 782
84 107 1304
28 27 1431
21 107 1472
98 82 961
78 28 129
47 9 1385
40 110 1035
9 56 573
97 34 1422
18 67 1268
72 71 988
35 101 73
52 1 1162
31 65 1244
10 14 530
99 28 1449
13 37 407
50 52 86
85 86 742
66 80 249
29 86 135
87 96 530
72 78 1467
80 83 181
76 22 864
30 17 901
78 24 127
113 37 583
61 49 692
2 14 141
13 88 1044
20 89 601
88 106 938
25 64 139
41 13 261
7 77 227
28 23 1009
9 79 748
114 117 98
16 7 731
0 65 993
3 24 502
80 8 1264
5 101 851
93 13 301
31 119 1386
17 2 259
113 119 1300
13 68 279
101 61 1096
85 29 1123
104 16 1128
81 58 205
0 90 1196
30 32 272
75 66 394
1 0 488
3 56 168
16 85 1210
24 67 562
41 62 92
55 90 1363
80 95 181
2 98 340
9 98 1118
92 24 1109
80 65 456
36 46 897
30 29 1171
15 65 899
115 105 1369
61 78 1248
77 33 262
26 103 1276
45 37 484
72 10 1486
66 83 489
92 10 767
56 83 1059
71 6 221
14 78 1492
43 58 528
113 13 258
110 80 515
11 6 19
84 16 1395
100 67 184
115 18 540
117 29 1546
58 37 1416
36 92 597
67 70 1092
29 54 802
15 35 782
15 111 902
79 114 1370
98 32 243
68 58 872
81 22 603
11 35 401
118 26 1516
25 60 1552
106 102 1307
74 30 450
106 6 1376
106 85 1128
3 101 1298
101 53 1565
83 115 164
3 38 1047
30 94 1571
76 70 625
67 8 1340
35 113 51
62 8 224
55 64 45
88 25 181
21 104 272
112 15 883
29 77 1298
117 7 1138
72 18 1142
0 11 1346
34 82 224
65 16 1580
22 8 1056
97 105 590
17 50 1318
76 98 479
89 26 955
102 115 1029
44 62 1075
75 67 872
15 73 625
18 24 439
35 43 985
111 63 947
41 44 208
65 55 1491
8 20 715
100 24 1
19 110 837
6 114 662
80 90 582
0 2 1107
73 2 181
55 12 966
46 93 1221
83 34 1429
89 103 52
82 116 1064
106 0 303
97 93 176
12 30 439
40 4 771
68 16 767
37 119 564
66 106 256
67 22 316
14 25 638
32 50 446
115 94 64
113 106 607
93 111 256
45 75 683
4 77 1453
73 31 760
43 49 664
34 72 955
95 105 1491
26 66 1289
110 104 436
39 37 391
0 50 929
12 35 207
56 0 715
74 32 376
23 50 900
19 58 248
22 42 374
20 72 1235
41 19 1391
77 108 1583
109 2 73
6 80 821
48 14 1050
44 5 1014
25 63 516
100 113 126
74 20 1142
15 92 55
14 0 901
47 118 738
90 99 473
77 6 429
117 115 64
28 55 1158
14 82 1042
44 15 852
105 11 1370
74 105 1082
59 2 1429
102 60 345
8 13 1696
116 99 1098
102 29 338
55 94 1220
103 18 327
23 62 1653
29 118 1436
57 11 410
45 117 1287
12 31 1409
0 10 1127
114 59 1031
118 104 190
29 78 1161
70 17 334
14 26 1660
27 60 606
35 95 202
86 101 1131
61 115 48
96 93 593
37 112 1484
63 58 176
59 47 1026
70 54 56
84 50 1437
20 104 1721
107 1 1209
115 68 1460
15 39 1189
112 16 541
30 35 788
0 49 1128
76 16 1539
67 9 304
12 3 1243
51 88 389
101 75 917
76 110 732
52 47 1093
112 6 1504
96 16 526
28 112 1552
92 86 1071
102 31 1222
17 74 1007
103 12 807
32 47 1301
98 3 632
81 80 478
32 112 1733
24 79 1398
96 68 1457
119 58 1332
31 61 550
99 8 753
26 30 345
90 76 1058
89 108 989
48 66 567
104 78 522
57 55 1600
103 82 1060
83 53 1555
37 6 1609
102 67 1338
75 119 338
78 65 1202
90 24 1764
97 87 580
8 57 1451
93 9 1002
15 34 1687
36 5 124
12 13 819
0 99 582
114 63 111
43 71 1041
70 46 1252
30 51 1406
1 30 899
110 94 282
63 33 423
117 93 212
89 90 1569
8 32 76
47 99 1688
107 106 136
92 47 1115
112 76 953
22 40 419
22 68 595
4 113 351
116 64 935
68 22 982
4 45 1168
27 118 494
43 62 1487
66 88 663
58 89 121
25 4 220
67 73 27
118 27 1494
12 109 1068
39 98 1266
75 72 1622
1 11 1653
42 13 1632
109 18 773
85 60 1390
111 41 1678
4 23 491
19 1 713
92 110 1122
37 3 520
112 87 212
57 0 1817
104 114 355
76 67 1753
42 21 588
85 63 17
54 107 497
31 90 981
107 118 1178
66 82 1374
100 20 1257
26 118 457
83 1 1724
27 92 1753
75 23 559
101 76 437
67 87 731
78 105 791
81 71 490
36 26 1363
49 44 1399
117 86 949
6 94 1610
41 56 166
62 1 35
33 37 116
84 61 1479
71 77 592
54 43 207
49 62 1007
47 117 580
118 56 1663
101 88 537
23 46 1006
11 2 1061
71 118 527
87 7 1099
53 42 754
35 64 169
25 88 1631
10 0 34
111 45 1224
29 99 173
20 73 1241
112 117 1555
15 104 732
20 9 448
102 86 1238
81 34 58
86 112 1305
119 99 1272
52 82 517
25 0 1039
43 44 408
10 114 835
72 98 887
78 49 1854
25 9 1712
118 16 1283
40 105 1130
48 4 67
16 42 1815
89 61 1781
106 75 275
53 115 1878
40 95 1785
6 36 620
98 57 1408
47 87 156
32 92 963
14 44 1477
87 21 297
14 89 406
90 105 964
65 43 204
51 116 468
7 84 245
28 42 223
10 89 1462
74 37 82
59 117 502
114 77 1405
60 18 178
43 85 150
14 114 1080
58 49 1337
21 36 283
20 47 1733
29 0 754
88 118 1155
21 93 1579
116 5 617
93 106 1269
103 22 930
37 96 1072
1 116 903
85 36 426
65 94 1608
102 26 1746
7 66 680
61 31 1508
34 6 1762
73 86 490
112 39 842
18 16 362
78 41 1255
30 118 26
100 19 716
28 59 721
11 100 953
87 74 228
39 83 416
56 48 508
35 5 1845
94 43 1816
81 88 1720
16 73 685
73 10 1453
26 13 230
5 25 433
63 71 987
109 112 528
74 39 1460
39 115 1253
27 113 490
114 104 234
12 26 802
47 65 666
63 13 1222
119 112 1286
88 109 997
40 7 1045
115 97 38
65 83 1077
101 33 689
87 81 1834
8 81 335
80 46 698
65 77 507
27 57 1029
79 88 1467
64 43 1313
102 45 4
76 80 793
93 48 1908
28 52 1301
3 111 898
93 19 596
33 94 1029
67 64 187
100 99 1657
25 18 175
100 60 133
28 88 114
6 59 1324
25 101 79
3 76 1047
1 112 814
95 57 91
94 24 822
115 17 1252
106 19 568
94 108 1130
104 41 1467
35 109 95
39 12 82
113 70 393
62 104 1123
35 85 761
76 86 989
21 2 790
35 71 1753
33 81 458
59 76 1310
29 72 1230
52 84 611
77 7 1799
92 61 1150
67 104 880
18 94 1626
10 57 1941
81 105 1074
64 51 877
32 22 1745
102 34 1864
5 30 812
51 58 62
25 46 680
0 4 1754
72 108 890
92 34 206
44 2 1299
14 22 335
22 47 1550
45 19 838
80 96 1207
50 106 466
35 28 661
14 74 1443
107 28 193
79 93 2001
67 90 91
21 87 154
100 103 1417
72 67 1978
51 85 1797
94 87 694
38 95 2027
28 104 1672
20 36 1975
95 20 1555
7 28 847
18 102 492
78 89 964
52 111 478
109 62 224
14 16 887
39 28 1496
93 64 558
75 59 1790
88 41 414
112 81 1779
108 99 1653
12 80 1672
71 107 298
16 110 619
22 46 1247
7 43 1668
16 118 1436
47 96 1095
24 39 574
55 66 1292
17 46 1683
94 100 304
66 44 1441
42 55 1573
18 71 351
119 76 64
102 49 1804
1 25 707
67 79 968
17 53 1521
70 40 1886
64 15 532
93 39 1997
85 52 783
59 16 1883
13 52 1961
60 41 1713
76 88 559
51 18 1371
61 94 1400
33 8 1650
56 90 1307
51 1 1641
63 117 1130
5 118 1601
94 33 1523
4 84 1879
15 97 1321
16 77 2041
94 106 1249
57 26 1427
90 9 1591
49 9 758
82 21 79
1 68 669
21 23 363
103 97 824
40 79 1007
87 65 1801
88 50 1681
58 64 1650
10 43 1669
104 79 672
4 61 1995
79 68 1053
1 3 716
14 83 1532
80 79 148
62 74 1525
99 48 1405
13 29 1492
4 14 1393
102 48 1239
104 94 1315
79 52 248
1 41 876
36 85 378
108 82 1250
16 8 913
93 10 390
23 100 1002
61 33 289
63 48 674
21 101 1030
42 47 1364
90 62 1402
88 56 958
71 112 484
112 33 1218
90 116 16
117 101 1989
33 50 1251
14 86 894
0 75 556
65 102 1962
14 43 213
20 16 855
117 79 994
76 66 522
3 95 1210
92 20 1662
34 107 259
18 100 2092
32 14 628
94 14 526
20 44 1540
35 29 1319
20 53 1162
33 63 653
26 96 1603
2 23 2064
110 111 600
6 54 964
18 12 1157
89 119 1023
15 28 1264
30 75 1256
39 117 1536
105 77 527
43 52 172
1 95 692
64 45 56
86 75 1568
116 46 1330
106 115 1123
26 39 309
86 53 894
53 66 897
18 90 73
14 35 2012
5 87 1599
33 115 566
110 93 129
45 46 97
96 102 1504
58 32 1496
35 9 687
9 47 1222
51 0 605
52 64 1247
103 7 324
38 88 436
5 42 925
95 33 627
62 40 198
10 61 1179
31 97 1186
6 81 1506
100 78 1245
30 79 1938
33 52 1179
17 18 2098
86 98 671
113 56 199
78 74 727
107 60 261
116 59 286
22 4 715
12 22 1774
68 14 2070
103 21 19
30 74 1310
16 28 377
28 7 1040
0 7 2070
58 14 1928
92 0 32
60 90 652
39 94 1641
89 28 1394
71 67 379
28 32 1796
62 11 2014
56 58 1422
119 54 1676
33 70 2111
62 116 1166
45 5 1659
81 2 368
47 79 1089
36 93 541
20 4 2124
68 33 1181
86 72 264
106 81 1117
24 117 614
9 49 1624
105 73 160
86 106 1413
104 20 1883
54 89 2191
43 21 274
37 48 456
25 10 971
72 101 280
21 74 489
17 22 110
86 26 777
73 96 1893
72 118 669
43 40 567
48 25 1906
48 3 1095
100 38 971
17 29 831
112 115 1246
60 23 2161
77 92 1822
36 102 541
85 99 756
105 38 1448
36 35 1934
48 35 995
74 113 1210
54 26 460
110 118 1659
101 35 1860
42 40 819
14 103 564
7 60 175
82 65 1487
45 24 48
73 115 2102
110 97 209
10 45 1055
112 14 1031
19 85 2158
8 51 386
109 66 1570
2 110 643
117 100 522
71 65 1929
101 2 2110
9 50 1392
1 86 1372
52 14 1244
86 11 850
55 37 1321
113 98 1364
57 1 940
2 49 1857
11 54 1422
84 30 1926
33 71 1419
96 84 1081
11 7 487
108 65 2066
14 39 632
25 32 1084
74 102 482
77 29 1069
114 103 1589
81 8 1404
19 52 1883
61 26 281
99 65 1253
5 3 867
20 32 63
118 52 793
68 57 715
95 74 1837
73 19 1440
43 1 1689
74 14 1042
3 117 1265
54 97 1846
3 12 1237
59 102 2046
22 59 731
33 73 2243
1 83 1860
115 93 744
113 40 481
42 43 59
60 66 1084
50 102 1497
15 83 786
30 46 2172
29 39 356
47 66 420
97 65 1355
38 24 1876
51 90 1062
1 103 740
11 14 2279
107 66 2106
47 22 83
60 86 1689
89 47 2136
44 82 699
97 26 759
2 53 2029
15 112 1154
96 10 435
46 45 2227
16 72 28
3 104 591
40 19 1391
75 70 698
27 32 1820
11 105 388
112 35 711
24 12 2224
72 90 1141
86 82 1380
117 13 315
32 109 255
1 2 874
31 10 2050
40 10 96
104 48 2101
110 109 587
55 56 243
112 84 1976
59 37 2072
83 0 980
53 72 1291
110 86 1471
115 30 1004
81 7 1519
117 73 805
94 118 644
72 107 1775
49 55 1574
37 56 1310
33 18 1984
79 95 284
20 35 253
74 47 546
116 38 2083
30 107 2321
94 92 735
86 51 111
115 85 1981
12 113 2179
0 51 1081
9 4 1104
35 46 63
99 9 1717
37 35 1984
15 48 53
7 106 2208
61 28 691
96 4 798
39 45 130
42 67 1009
103 55 1779
74 104 732
92 53 2084
18 41 2130
107 8 1050
58 114 98
111 22 2305
92 89 1832
42 5 1036
118 93 1509
79 47 1477
90 28 2195
78 80 1546
82 27 658
101 20 433
64 70 1388
53 17 1695
26 17 551
11 108 499
72 52 495
31 48 2143
37 41 1689
7 25 18
61 103 1148
82 107 949
73 84 1218
37 4 908
66 58 183
108 8 415
85 115 621
60 75 1234
62 10 340
34 16 1115
103 14 2166
50 65 411
112 5 1708
100 66 308
11 15 1464
87 11 631
2 38 2421
71 36 42
100 49 140
22 44 1949
54 3 782
64 54 268
20 118 363
6 112 24
19 38 713
103 118 1153
76 56 542
6 14 1434
42 48 1090
16 94 1387
0 92 1748
7 117 230
1 49 288
104 47 490
102 107 941
118 115 1165
60 13 1715
41 4 906
17 116 1714
28 100 1378
50 111 1929
106 36 596
1 93 616
75 86 1492
78 83 2194
10 96 2285
113 112 1524
104 50 1440
100 68 2040
56 6 639
63 51 1068
111 18 2295
105 117 169
117 82 458
94 99 2429
50 59 1938
36 87 2442
19 10 609
74 3 1118
4 63 1775
87 55 188
27 16 1964
68 13 1995
108 98 425
21 103 556
65 58 730
47 44 1485
51 113 1579
24 46 1402
87 14 133
46 58 2039
61 9 2051
50 88 1241
77 107 2377
113 62 1449
89 24 1247
49 18 215
24 55 2166
100 65 764
45 58 418
48 64 1271
59 53 444
111 35 2212
117 2 1464
50 17 1916
74 11 894
37 74 1767
103 9 1745
38 23 2338
119 73 1167
64 17 1399
58 60 1349
79 19 1490
43 114 1687
113 118 2020
60 35 1628
39 95 2032
83 108 773
14 116 380
96 35 2329
38 15 347
9 52 443
21 27 630
38 47 1222
63 8 1500
88 3 1392
24 88 2288
34 106 595
3 92 882
50 7 1923
42 92 1875
119 61 505
90 29 1397
55 18 748
54 58 2519
76 35 1745
61 23 2013
73 60 11
89 12 1606
7 96 748
59 68 400
24 35 1756
34 113 1754
87 51 638
108 76 1711
50 62 1885
103 46 107
83 94 1681
32 67 1961
117 33 2506
10 27 454
1 101 1856
92 7 1510
3 112 998
12 39 125
18 29 1620
81 6 503
35 65 2465
12 0 1087
44 94 1414
40 38 1276
45 79 1366
77 60 1734
109 30 1883
97 119 1711
64 111 607
27 81 1909
19 88 2430
13 11 408
4 85 685
58 6 1109
41 71 2440
72 31 2362
46 114 1076
99 55 455
35 60 1695
111 85 951
47 59 887
39 53 393
6 89 2404
107 51 1289
94 90 1452
45 116 1292
9 77 632
88 77 2555
21 46 2026
68 85 1077
11 53 624
104 25 1016
29 10 271
117 63 1981
88 22 906
92 106 2286
81 92 2544
53 105 2378
17 8 844
5 14 1643
114 11 2477
51 30 1508
73 68 2345
114 89 2439
105 5 1419
60 74 157
43 31 1142
5 74 69
13 58 2097
60 63 2488
75 60 886
5 115 2299
63 34 1982
31 19 955
70 47 1182
29 89 1438
16 96 814
7 37 1736
48 84 2121
6 0 1732
60 112 1781
118 23 1464
73 62 2335
70 109 189
101 38 1166
23 108 1555
58 22 627
2 82 1414
105 89 625
119 109 2225
32 70 1185
7 67 2028
28 6 2095
62 7 1251
96 17 2217
119 63 1071
115 100 1714
9 81 1444
25 26 1749
98 102 1416
110 50 2199
100 15 2034
33 40 404
3 48 2193
65 85 204
5 117 1903
74 67 1577
70 23 1977
47 10 1814
94 44 2181
78 86 2590
93 17 1426
68 94 658
10 62 2085
36 74 2212
37 0 1122
116 110 165
56 17 382
53 3 636
25 55 1334
9 2 1434
71 82 1311
39 3 246
59 23 1849
78 90 2174
113 82 865
112 64 2136
64 94 178
49 30 1462
50 75 612
54 11 2420
45 71 1450
55 74 1840
76 90 1833
114 47 1386
71 15 1395
56 107 755
58 2 2060
52 92 2420
41 51 2532
21 99 2415
85 5 1104
29 9 895
88 81 650
40 62 431
37 117 185
8 49 430
84 79 1565
27 5 340
99 113 1204
60 37 2221
78 67 1009
118 38 1512
110 92 1802
54 102 1889
33 15 2134
29 11 2256
108 70 864
57 72 1476
47 40 295
73 49 1325
100 0 818
112 101 1500
53 94 177
8 15 1436
67 19 1388
55 7 2471
3 68 1714
7 40 1087
55 13 27
16 15 1445
114 2 791
114 86 347
16 111 2430
77 104 1607
22 55 574
85 75 1900
77 37 1498
70 108 347
67 49 63
10 35 2502
45 119 574
96 55 782
75 96 676
60 71 1425
94 50 1721
105 12 2087
33 75 1599
88 39 842
13 56 237
77 84 2074
100 5 2106
62 57 548
96 77 1909
96 105 241
32 111 2155
65 42 1703
44 33 2692
28 78 2036
102 0 1171
6 107 1816
20 70 26
43 51 1212
64 13 2485
27 86 536
115 113 2665
82 119 624
89 81 2377
15 82 402
102 53 2036
93 32 2528
22 0 199
115 63 2212
90 39 768
72 93 13
42 68 758
83 95 100
116 87 2212
106 107 696
77 59 2128
107 57 1812
70 29 2638
68 42 639
93 101 2645
39 30 1032
1 21 1723
28 102 2470
111 54 1031
74 84 9
5 86 2675
2 10 1967
109 9 1000
97 88 328
64 28 2128
7 108 843
48 26 521
99 4 243
100 111 482
94 68 2040
1 66 1399
88 87 782
116 44 1622
25 112 2411
0 80 1090
51 25 812
105 3 1101
76 6 698
73 117 269
93 82 1023
57 66 1253
100 75 1527
7 118 1281
19 118 905
35 7 641
55 79 918
35 38 2141
115 61 603
75 19 938
104 119 1535
0 107 1468
117 98 1001
15 21 2368
19 4 360
86 43 1717
42 74 493
35 37 2000
35 99 895
109 118 2259
67 100 715
77 74 1089
71 56 2041
65 2 1561
10 52 1728
70 44 2507
31 76 1087
97 52 2497
103 108 2157
83 78 878
71 97 1322
62 64 1332
59 116 1071
32 74 1088
5 107 22
22 109 1166
90 41 1653
85 48 2356
70 68 1681
3 88 2214
16 97 1794
101 67 2350
8 52 928
6 111 689
119 8 440
29 38 2273
49 39 1848
2 6 382
28 9 2071
12 23 62
51 86 2416
102 85 1042
22 56 2730
24 80 2455
113 2 548
65 41 298
74 59 1973
38 71 556
72 104 664
113 66 2236
98 94 716
71 24 685
89 55 1199
19 42 1781
56 43 587
117 44 259
108 79 1905
113 54 1478
81 24 1373
13 32 1862
57 82 1381
49 46 2076
72 16 2114
118 18 2109
98 92 603
49 13 323
74 96 2747
20 12 2854
58 80 2438
21 32 2632
12 18 1610
68 25 30
10 31 95
93 97 1093
5 78 290
65 61 1074
50 78 1391
98 85 338
94 42 1623
12 8 776
99 40 1660
116 70 1373
98 42 1461
92 62 2793
62 100 681
10 32 35
12 82 2221
46 80 2664
76 18 1348
115 67 1454
29 42 2655
41 81 2748
43 99 1401
1 15 1697
2 43 985
58 73 612
109 4 2139
46 111 974
63 27 2453
70 87 1261
116 6 1333
43 116 1500
24 111 596
81 11 2859
101 105 1531
26 15 664
90 94 1843
83 70 2798
39 49 2579
43 101 493
114 45 1935
21 25 28
89 88 2327
30 22 320
8 1 535
57 14 551
26 100 2270
101 48 1834
27 109 1649
16 87 1423
40 32 108
113 67 2848
53 110 1713
28 75 2451
77 17 1737
109 81 2698
70 76 2345
4 109 1983
14 50 560
64 50 493
37 8 1060
43 53 354
12 9 1436
49 58 2056
19 25 1845
38 41 2852
4 118 1229
114 22 1565
52 25 1610
63 92 2193
65 50 710
9 14 2402
63 108 1832
98 22 886
95 81 872
40 114 1631
82 6 2019
100 1 1366
21 89 1624
24 78 2657
49 64 1403
40 54 403
26 58 106
29 13 1485
42 114 2822
61 37 1430
14 118 840
35 114 1227
99 63 1595
46 67 1389
9 24 2198
114 54 88
81 47 2823
117 47 1145
10 86 1000
68 77 535
33 105 1185
63 81 2159
12 66 2415
30 61 815
77 113 2816
87 76 353
49 22 1499
93 56 2714
20 102 254
12 10 543
21 61 13
86 74 2028
39 31 1370
26 55 1750
47 28 2182
98 108 1388
0 59 2405
6 72 1766
96 88 652
90 71 59
6 3 321
0 100 1321
99 44 2137
10 79 1358
71 43 234
8 89 703
114 14 1144
58 85 432
104 34 867
48 118 221
81 109 1423
62 23 1262
116 119 371
5 98 1442
16 70 2991
26 68 2071
95 28 1643
53 30 1599
85 3 1263
94 83 223
17 92 1177
88 18 1436
75 111 1604
11 114 1900
42 88 2587
80 89 912
66 108 1554
81 103 2987
101 7 435
47 54 1446
31 43 2719
76 115 2950
21 5 998
112 95 609
66 67 723
64 97 202
94 55 1255
23 2 2383
103 39 459
105 6 487
112 74 485
111 75 716
20 83 1165
83 80 19
111 115 1848
46 87 436
57 106 2639
0 54 624
97 49 1260
102 64 1745
57 43 2244
10 38 2526
35 102 2059
46 26 2178
35 84 535
70 89 1749
77 88 622
52 17 13
85 27 2554
77 93 1139
79 109 14
49 90 2344
79 39 2328
119 12 75
27 55 2612
82 109 375
105 76 2579
13 83 2920
51 80 2915
111 27 2862
40 46 2593
70 21 1802
50 29 587
107 97 2362
0 82 1020
26 93 1995
75 50 2431
14 55 2713
119 27 2096
76 20 1600
41 18 195
40 17 338
96 113 1342
56 114 924
63 93 1092
18 107 971
58 31 691
33 41 2476
78 107 1740
49 98 2225
14 57 1556
29 31 505
36 44 1454
97 45 1579
110 64 1184
78 75 1500
25 95 1176
71 76 1881
32 6 2388
114 13 2006
26 3 688
67 76 482
46 100 1310
65 8 1971
72 53 1
16 63 3029
64 118 2300
43 38 2050
87 112 2801
33 68 2704
88 34 138
104 3 2294
15 40 682
106 29 1678
81 44 1327
92 79 1830
10 40 2689
81 0 2085
34 81 1526
65 20 533
83 48 770
76 119 248
34 99 2657
52 70 2694
102 119 1119
107 27 2147
34 56 283
75 106 3021
36 68 233
68 50 479
13 86 2765
1 45 772
73 70 907
61 66 357
6 47 1853
29 37 1808
51 102 657
109 106 120
73 50 2559
16 47 3034
10 84 153
61 105 899
3 114 3035
51 47 1989
36 81 2638
39 77 1892
60 10 85
113 9 707
82 111 1834
3 19 111
101 0 928
71 70 194
74 2 1
32 108 2352
52 95 307
112 12 1235
24 42 1818
87 23 1821
38 29 1132
36 37 2200
84 77 784
82 0 1362
13 76 1944
41 65 1878
14 34 1269
74 61 1544
75 9 2982
59 61 1347
72 88 232
74 119 633
35 67 903
100 6 1442
53 116 964
46 75 2521
48 39 1271
70 18 2518
1 17 2577
42 17 513
106 47 2571
113 3 1037
80 29 796
81 30 2180
108 100 2289
66 29 1575
11 34 353
37 83 652
5 54 1544
79 29 671
2 35 240
11 32 845
21 62 2806
35 51 3116
82 88 1036
19 15 1362
37 111 1271
86 89 2997
65 88 1294
83 36 989
93 40 1614
76 44 2793
88 32 2076
39 59 3108
13 75 2586
18 63 429
114 96 2264
87 34 2067
36 73 2348
31 12 2878
87 105 1007
96 110 187
63 44 1663
86 29 1011
72 59 1035
12 46 1313
82 53 151
52 46 1728
89 10 3115
41 61 241
80 105 248
106 49 2555
85 58 1870
1 115 2463
55 39 1157
45 111 97
81 102 377
50 84 2044
111 79 777
71 48 183
114 46 324
114 25 1922
93 20 1650
20 114 1000
24 119 2291
100 34 1663
86 77 874
20 60 2581
101 110 1407
15 105 393
38 78 1153
113 15 484
25 66 2475
54 77 1555
96 66 1092
7 17 858
49 105 153
13 78 3090
112 108 2899
56 108 2524
11 72 155
89 17 1086
50 37 2874
52 7 1996
75 33 2832
102 58 1670
117 75 348
90 119 1325
115 110 2190
110 33 2943
112 41 1602
117 53 102
73 59 2483
115 96 1406
39 20 3181
84 11 2400
92 96 350
116 2 1735
117 42 1343
75 63 1915
109 98 1653
26 110 788
119 55 2555
111 73 5
59 88 2869
117 109 1735
4 112 302
115 19 2842
12 118 67
105 28 2636
1 114 2661
105 35 937
57 46 592
57 25 229
74 41 1483
84 72 2657
96 75 1951
59 54 210
1 84 423
114 65 621
24 68 1194
79 99 2213
81 37 225
96 60 3196
28 66 2181
44 23 668
48 108 122
49 50 3188
66 97 1649
58 65 1588
66 89 1227
21 75 3294
20 80 1448
6 82 2857
104 40 1666
68 96 1444
36 88 2516
62 15 370
28 63 221
16 52 769
7 32 1497
26 70 1247
28 29 2934
77 27 722
116 28 3190
63 28 575
22 41 1583
64 108 3228
60 80 3033
108 63 1005
36 45 1238
86 13 2356
98 61 795
11 117 1424
97 63 114
56 20 2602
75 17 2286
30 73 2333
90 55 2234
38 25 934
76 2 671
31 105 2278
104 1 2424
17 47 3067
62 5 2636
48 100 739
11 24 2823
87 86 3243
31 51 2781
27 45 1482
18 117 115
26 82 1102
49 114 1796
71 59 1709
16 92 129
7 73 108
57 4 696
68 66 2808
5 67 2831
77 55 2093
17 90 1431
71 5 3015
24 76 2538
55 57 3343
61 112 1407
113 102 1262
26 10 3301
25 47 2726
46 21 1022
115 12 1689
101 17 2
23 60 2534
74 57 1643
94 40 2379
7 86 2856
105 20 3302
96 67 821
53 64 2084
98 9 71
19 98 325
117 80 2651
76 27 2034
107 75 2689
86 48 632
81 84 2773
95 76 1983
63 5 2225
40 23 2237
5 19 1645
26 74 1427
26 108 883
105 26 3315
85 19 2440
8 45 1291
119 67 2959
1 96 1879
41 66 2305
83 6 2739
32 63 1003
96 39 2575
112 60 1845
23 67 1624
100 42 1645
99 103 1773
36 31 1484
63 61 1679
23 14 2072
98 72 915
40 82 3207
62 67 392
105 0 2481
30 11 466
32 2 747
64 76 630
97 60 2983
110 34 932
87 62 1401
34 84 2389
63 106 465
116 16 2743
105 15 290
108 42 1094
93 25 1111
88 21 1025
54 108 2908
53 25 109
115 48 962
116 56 455
106 24 591
36 105 2339
7 109 1967
29 76 2236
79 105 2122
103 4 1621
29 22 162
74 45 2364
9 20 968
20 29 2074
93 43 962
96 97 2209
81 27 1371
23 24 2477
4 114 2124
109 20 2817
16 43 1704
61 32 2345
97 40 94
15 106 285
55 95 1592
25 102 480
104 11 1929
27 101 214
112 75 1266
34 43 714
49 101 2449
53 55 1474
19 119 721
66 118 2010
38 13 3006
71 26 85
71 109 2212
11 84 873
33 9 535
35 54 670
0 60 2194
86 88 1885
117 111 3127
12 70 199
18 17 168
20 68 3225
3 49 1624
100 43 274
101 1 311
24 61 2721
33 100 1929
111 7 158
1 98 1235
93 85 3309
64 116 3474
73 79 2876
32 25 2654
106 3 3436
114 92 788
19 16 533
11 52 324
56 47 3150
56 104 3043
75 81 3293
89 58 2202
87 16 2545
46 59 1411
14 36 598
42 44 1746
75 12 2155
107 95 677
94 19 2810
23 30 598
17 32 191
40 25 907
1 48 3256
101 10 1518
38 20 3003
48 27 3447
52 18 2154
104 0 2532
102 106 2661
3 23 745
47 78 154
117 27 1564
112 28 2994
43 39 3244
105 94 3315
79 77 3216
6 46 2325
80 118 2212
21 9 3511
58 118 1505
10 90 452
11 95 2608
76 116 3195
43 59 325
106 57 3029
90 111 479
113 6 3065
45 52 1773
74 44 324
88 89 2084
109 75 3360
32 68 1521
29 51 3496
53 29 3320
87 103 2009
41 74 170
5 48 1573
42 60 733
95 79 1890
31 66 2571
96 50 531
49 5 726
100 117 750
6 2 2844
31 104 3279
5 39 1197
1 92 1821
83 106 3359
40 108 2655
117 58 3320
58 40 1780
23 93 863
80 67 499
28 0 2502
82 7 918
62 82 2341
5 116 3154
11 92 1253
100 47 1034
37 67 3075
6 52 1964
43 20 1815
42 66 1014
58 105 2561
108 38 1263
2 15 3221
40 58 3222
102 17 633
108 36 2378
52 104 3239
65 30 3278
38 11 1552
31 23 1405
63 4 529
4 80 1855
30 64 3453
111 83 1309
9 73 2180
83 79 2760
106 33 2163
81 54 2397
86 116 605
25 90 811
70 67 816
32 11 2405
99 10 3491
41 1 931
27 56 3224
52 33 675
118 58 732
21 67 269
78 82 1290
13 0 1496
11 68 1533
108 14 3092
109 99 1226
111 31 2533
31 118 165
44 38 606
46 83 942
61 65 546
44 105 2836
82 89 131
43 80 1884
31 5 3500
75 113 2881
62 22 821
53 11 3262
10 81 1765
52 116 523
66 102 2068
101 93 94
73 41 3017
119 113 2217
53 109 2813
42 73 3583
22 12 60
26 99 1949
49 81 1766
71 7 149
44 98 2253
30 16 871
93 118 1905
99 89 2158
85 6 1533
118 22 2561
97 58 3255
86 118 413
80 19 2993
99 47 467
67 17 3176
111 6 2734
103 37 919
24 11 895
72 19 2352
6 78 2479
93 83 812
27 46 33
118 3 2828
65 27 1886
41 98 356
65 116 2875
86 97 642
9 70 983
30 26 2842
83 96 612
35 16 1406
24 95 869
98 116 284
118 116 712
51 33 2556
115 98 3047
48 11 524
88 26 844
83 57 1921
58 100 1267
96 90 2730
108 103 1307
87 10 203
59 26 2577
50 95 2526
94 117 345
66 64 2505
73 103 1944
13 105 1603
0 113 469
68 34 51
118 89 753
50 36 1575
85 94 2375
74 109 3519
62 83 2190
87 77 106
66 87 804
13 108 1890
42 20 3639
99 104 1340
50 55 1639
101 84 1915
10 18 3308
56 73 321
96 119 55
65 39 718
28 24 59
116 93 923
5 16 1072
107 64 2361
100 27 1932
103 99 1461
5 106 3641
81 39 3007
14 104 2200
24 22 709
44 20 893
35 25 1305
40 33 2534
26 56 496
70 78 1159
115 38 2006
50 103 3691
71 10 3452
94 2 2663
0 38 485
86 50 1056
64 11 1374
94 16 2610
108 49 107
27 17 3351
27 83 351
83 31 976
9 48 1158
7 15 604
113 71 1414
35 36 2525
34 76 287
83 55 515
81 32 399
73 21 3242
45 34 922
26 44 836
80 75 3098
95 118 698
83 119 2758
2 37 2271
43 37 3364
48 56 1096
42 7 914
5 62 2179
53 102 1871
79 116 2360
77 44 2836
21 114 682
108 96 14
61 100 3503
84 38 2205
90 4 1236
111 8 1671
70 63 3548
96 27 558
25 53 2122
59 66 2029
14 15 1119
19 92 1709
28 92 1804
100 56 1877
45 109 1894
100 106 2812
67 80 3530
93 115 677
68 29 1967
118 97 2169
45 96 3340
106 111 2670
106 101 853
104 73 553
117 49 518
8 35 2786
109 28 2153
68 89 3089
92 17 888
117 103 208
98 8 113
38 58 700
48 70 340
36 34 2673
68 12 768
55 109 2930
89 109 1055
90 106 406
110 76 2907
109 25 942
110 106 156
11 89 291
64 106 2311
22 112 610
16 112 2477
32 114 161
59 17 3100
7 24 3285
51 83 1480
119 62 289
59 32 1781
73 18 2787
50 90 336
27 73 5
5 1 2015
44 40 2193
24 63 564
12 116 1174
117 17 3738
2 26 2599
64 52 2371
57 30 2312
95 36 1976
16 0 1481
68 100 1285
113 42 104
61 40 2481
84 94 2607
98 119 1659
89 77 272
103 8 67
107 67 2539
0 14 627
52 56 3673
29 14 1132
61 87 3133
20 81 1579
60 43 2098
22 77 1028
98 117 211
29 71 322
104 5 1373
78 18 1827
107 41 3078
58 102 3808
104 27 979
72 85 2226
62 39 174
100 2 1115
15 100 1484
54 87 1905
116 33 3368
102 43 2389
34 54 2222
27 39 628
119 97 3600
14 1 311
9 66 2126
28 71 3141
29 103 3105
113 24 1532
4 106 3337
8 56 1707
108 33 2616
101 34 1634
95 31 2977
1 102 3194
19 89 2679
97 73 909
92 42 1622
27 105 612
98 46 2886
16 75 976
42 115 3255
118 28 2484
25 82 3214
7 68 2457
5 66 1134
77 96 716
67 28 745
116 117 3076
113 33 1122
28 18 3383
54 98 3835
85 34 1712
15 24 3856
4 34 2632
101 12 1269
71 111 1264
12 86 3275
87 52 2308
45 89 3271
44 1 2113
62 16 2490
71 94 3421
3 70 3586
16 116 3129
48 83 1819
39 107 2073
63 30 1277
3 87 433
3 36 3481
71 19 263
17 3 298
53 85 2366
14 60 2116
77 103 1032
84 37 3828
43 72 1127
72 43 3383
88 14 1655
48 53 3312
50 25 3545
59 118 1982
104 109 2003
83 102 2729
21 65 2151
72 40 2229
82 70 3442
64 115 720
45 70 1056
77 31 1735
64 36 1
30 12 2412
43 57 2917
83 116 3089
32 18 1555
30 21 2985
63 23 2430
101 114 2254
41 82 910
102 30 752
94 22 496
41 37 147
58 39 872
81 89 2822
117 34 1998
71 42 3332
116 14 3434
81 33 3466
25 83 2908
111 46 659
93 61 2281
77 101 634
63 53 1893
31 112 3168
11 8 1804
115 22 770
0 63 3917
113 72 2746
18 9 1342
38 45 3283
108 92 3449
34 57 3750
71 13 681
74 58 3544
107 43 812
118 13 3869
79 17 2221
109 70 2077
21 47 3858
81 60 1781
72 105 3708
99 116 3670
63 67 3661
41 113 355
24 60 696
75 3 1291
11 23 594
101 13 3804
2 48 1024
60 15 3443
71 44 3172
119 6 2923
94 110 3337
55 77 2945
92 4 1314
84 118 3560
112 70 2007
89 92 1140
82 49 2456
118 94 3490
52 28 492
10 6 2416
54 78 383
32 78 3000
38 113 2286
87 39 516
28 11 2053
44 8 3728
12 68 3649
58 101 3173
55 9 3394
10 5 1700
76 72 2683
110 36 3250
18 98 1169
29 59 722
117 31 89
82 97 3366
77 15 3120
30 88 1967
82 43 2551
73 7 3007
8 95 2295
30 82 3622
35 56 3840
119 38 1650
50 94 3630
43 7 2462
107 16 541
1 73 3807
46 72 1104
9 41 3713
95 108 466
102 33 829
6 19 1762
99 114 559
66 39 585
87 45 3221
76 0 2509
58 66 1378
66 117 638
96 25 3403
77 81 42
108 21 2386
15 33 3969
85 106 490
115 39 2311
76 95 3442
94 20 1729
98 71 1356
90 2 1210
17 86 3383
119 82 333
39 97 773
22 18 51
31 108 3307
74 5 2295
92 109 75
0 39 1199
37 50 3514
54 38 206
21 11 1393
84 65 473
3 85 2931
0 55 249
39 105 208
82 59 3732
118 61 2803
114 68 3395
70 14 3278
48 77 3084
50 15 3043
22 52 2019
41 109 1760
64 105 2583
51 61 758
117 67 1772
36 75 3766
112 26 3031
93 67 3610
39 63 769
101 66 2977
93 51 1898
79 26 195
50 8 4
110 59 1223
118 114 2020
37 110 1349
45 74 2641
67 32 333
25 20 3935
18 34 2890
84 3 3913
72 58 1177
2 83 1210
64 26 2669
66 45 1733
56 23 59
50 87 2381
100 8 1358
101 63 3377
31 30 407
73 28 2836
48 33 3484
55 71 2317
92 84 1781
53 1 3154
85 77 3711
4 12 98
15 81 1034
98 66 2354
112 40 2975
70 25 2862
107 53 1535
62 55 1864
24 118 111
102 56 1491
51 112 493
44 11 1588
23 57 618
23 13 3916
41 35 529
26 73 3275
102 89 2532
73 85 2615
25 23 1287
68 43 3598
73 81 2189
32 49 317
106 112 9
8 42 1672
98 34 3545
105 62 1154
112 94 2306
118 113 905
62 2 4039
9 40 1260
51 53 307
72 74 967
105 103 1311
55 107 1344
33 74 365
1 27 1784
23 16 436
48 40 4117
26 5 1841
35 23 3662
18 56 3748
113 41 2661
20 57 3601
30 110 2076
13 72 1871
0 76 1844
107 21 3770
72 17 445
60 31 1265
66 105 1667
75 38 781
15 110 2825
5 20 2077
64 31 1741
41 88 1332
100 46 3344
33 12 3386
94 105 1188
65 119 512
23 72 92
113 63 1091
95 98 125
44 88 3401
42 19 557
57 5 555
119 110 3312
55 2 716
51 70 4000
88 58 3162
41 34 3847
37 63 2197
65 19 2300
37 108 2313
79 22 1864
87 119 1914
73 74 3590
51 46 144
95 40 2226
60 48 1113
36 104 2021
45 9 2372
104 81 3597
48 2 3125
40 47 162
56 65 4128
47 8 2625
48 49 501
81 55 1792
76 93 2832
112 67 1871
96 71 2962
28 64 3133
80 112 4170
117 45 2072
4 105 1247
18 68 227
72 45 421
86 59 3604
4 11 3331
88 37 4027
71 85 1019
2 72 3598
38 118 1327
70 114 131
72 57 42
72 103 1306
36 27 343
82 112 634
77 97 1205
105 65 2941
27 29 1354
22 27 3090
8 105 2061
46 61 613
95 17 690
1 38 581
22 76 696
49 109 994
77 71 1902
30 10 655
77 79 2478
39 61 521
78 37 98
65 109 3582
102 35 241
72 9 327
48 99 81
74 89 1469
79 112 1591
75 20 2011
112 97 265
10 78 2914
95 48 3033
45 104 706
117 65 625
72 76 2308
31 33 206
105 83 3093
59 87 2098
4 75 3690
12 37 3175
52 86 1746
111 65 2329
21 58 627
9 25 540
67 36 4063
99 92 4148
7 80 3743
106 68 2664
50 34 3339
97 62 3473
64 89 1599
82 8 1360
2 115 2123
11 103 2600
16 61 3823
100 29 2169
11 102 3450
62 80 1584
100 80 1109
6 60 948
68 83 2136
90 104 1171
82 35 283
103 75 2741
42 11 808
73 102 3018
112 46 2186
0 89 1720
53 4 2628
6 48 1393
110 3 1929
14 66 4200
29 41 74
16 98 3402
66 13 489
107 116 2843
1 39 1604
28 115 1102
12 110 1827
19 30 1431
112 92 3030
4 79 3993
115 87 2422
116 88 2790
49 23 295
13 15 1305
13 71 3897
31 72 1169
118 102 3396
61 74 2984
12 57 1168
48 31 1243
68 6 3673
83 13 3662
11 61 3789
13 104 2564
25 13 276
40 94 1977
83 30 1302
101 51 3466
65 87 524
103 42 2783
73 119 1874
86 40 2614
44 50 3024
78 33 3222
45 20 2716
15 94 1263
44 12 4291
105 16 3685
111 1 957
111 68 1312
97 20 2577
119 29 3875
32 20 1472
68 54 1788
102 27 2637
10 102 1147
65 59 96
74 66 1630
73 90 174
97 10 1714
103 114 914
20 66 1181
52 93 2648
115 118 3731
44 113 302
104 42 971
101 47 3765
36 50 1073
9 6 1321
116 94 3620
118 65 235
97 108 4047
98 14 672
88 12 3412
54 8 2923
51 41 1392
98 30 1455
98 44 1405
1 105 622
51 87 2282
94 59 2088
58 95 2757
18 119 637
57 17 3279
68 8 1498
36 43 1739
87 108 804
10 23 661
3 58 265
44 17 3573
104 96 4145
4 29 1170
93 33 4214
86 2 21
118 70 3221
45 90 3268
109 84 4048
76 43 3021
70 85 3666
26 80 2923
74 75 2382
26 97 1777
55 59 1807
35 116 1342
50 112 2138
98 56 689
45 60 3700
63 25 2810
14 90 2685
67 110 2094
108 68 256
72 81 3047
35 42 2480
67 99 3464
37 11 2700
42 45 2480
18 4 2892
85 76 749
24 4 2631
62 9 1236
41 38 1927
30 40 1525
7 115 38
76 26 1796
51 104 1005
101 92 375
6 45 1892
18 114 3127
18 13 4201
35 73 4193
97 39 2968
81 14 2463
94 34 3935
50 51 1231
53 24 782
63 14 1148
111 66 4060
40 50 3206
74 64 2358
83 23 2732
80 47 2565
113 114 1197
82 40 1757
35 40 1214
48 101 810
44 61 1680
56 75 2127
16 119 3673
6 62 3639
27 103 205
77 28 1538
89 70 866
73 30 1829
48 63 1278
12 38 4119
1 13 2820
54 60 2608
96 18 627
79 82 428
97 103 1276
11 4 3687
111 103 2967
5 24 3205
61 34 1263
56 55 3983
102 88 3684
43 50 3937
84 95 1067
28 5 4132
60 4 845
3 31 1410
116 108 2203
7 38 3193
2 105 3309
49 53 1076
60 108 586
50 107 3360
79 16 2488
93 66 2443
111 47 647
33 51 1346
55 27 3313
42 80 523
37 47 810
0 93 989
6 117 853
51 66 3399
119 80 3631
99 49 1703
85 98 4324
110 19 2390
52 83 65
28 110 1003
61 15 407
74 87 530
113 74 1020
36 72 86
23 4 2897
66 107 1875
0 8 2479
103 5 3273
26 8 1819
94 23 3819
80 33 2424
67 85 4232
95 68 19
61 0 1311
94 60 1105
7 50 3682
19 20 3022
24 110 1649
88 71 1045
118 14 1120
81 94 2645
64 113 3821
99 14 443
119 98 1958
48 75 2713
45 43 2281
37 113 1513
34 25 967
29 114 3815
15 98 700
75 90 1367
68 37 2312
116 84 3400
29 32 722
30 49 3964
105 86 734
57 63 3211
67 118 1314
64 3 1526
75 93 2868
85 38 4294
62 20 1100
101 68 3849
30 52 4
0 117 1774
9 78 538
32 51 2660
5 105 3691
90 22 3176
17 64 4296
102 112 514
63 0 1203
50 6 4152
71 11 2720
80 21 2525
86 76 4196
57 110 2406
102 70 2874
23 116 2109
74 111 3771
9 103 2925
24 1 904
52 119 1489
114 81 2199
104 23 183
113 8 292
50 56 3916
83 107 3224
90 44 2240
2 50 3269
43 106 858
84 100 4178
35 2 1376
17 0 2608
12 103 3984
81 87 2443
80 84 1667
83 63 1828
17 44 2517
100 92 3270
9 51 1146
88 54 268
81 72 2113
52 37 2456
88 67 218
46 47 1291
49 107 3218
72 89 3379
92 50 296
104 29 3787
70 110 758
60 45 291
18 7 1011
32 65 1476
43 18 389
6 43 4010
71 37 3690
76 30 3306
21 4 1800
57 16 1564
98 48 1109
3 7 1041
113 46 1777
102 99 3756
22 93 2612
32 53 869
50 92 827
78 13 2344
21 109 3744
31 117 4130
100 10 2014
35 117 2442
119 36 211
45 32 3390
32 79 1131
54 41 3781
102 37 3707
103 1 2841
104 98 1568
117 57 1875
95 0 2605
12 102 1986
7 26 2528
18 44 2539
104 35 4533
89 98 1698
48 93 3905
96 31 2148
5 79 419
115 3 4134
48 58 3697
38 14 2231
119 118 1752
30 37 1867
101 87 2887
98 4 3659
30 85 444
116 8 3299
117 96 3129
78 6 2401
46 78 2295
65 107 4369
75 51 4540
32 60 3357
55 52 2782
55 42 2499
113 79 1106
60 19 3891
37 40 984
13 41 4449
40 96 2491
35 50 1798
19 71 3135
96 72 564
29 68 261
26 46 3102
40 102 3472
31 9 3784
54 118 476
60 34 3159
80 71 1975
34 97 3829
61 14 301
54 52 1742
32 41 1641
54 101 253
96 92 1522
75 1 1126
4 49 3283
88 44 4482
11 65 3112
36 0 1825
90 81 1376
40 104 4208
10 70 4584
43 77 434
78 55 2225
87 12 2046
113 116 3508
74 76 3591
9 19 1176
8 16 763
29 88 446
44 111 3640
84 0 3188
24 104 1228
19 49 3623
27 77 4529
1 78 3678
92 74 1103
49 31 20
44 19 4139
90 18 3594
15 79 2311
28 40 2754
40 66 4298
13 27 4478
49 65 116
98 109 590
98 53 2358
59 56 735
53 56 2833
19 67 2914
98 77 1323
46 96 3884
66 79 2602
41 67 3635
2 47 1117
116 21 3241
93 84 309
101 115 1065
35 81 3952
11 87 3130
74 0 3981
51 36 1052
54 109 4065
58 86 642
17 85 2236
66 14 4320
80 114 537
31 45 2110
41 70 1824
8 34 3346
79 20 1015
111 48 3156
1 108 4040
46 43 972
104 67 4338
0 58 3209
95 90 318
116 96 1399
111 0 337
90 16 674
12 95 2257
8 55 2354
107 81 2614
66 86 2603
43 74 1058
8 65 3636
56 32 4017
4 82 1239
17 76 4564
7 33 1843
86 25 1221
4 10 2942
103 98 1757
97 89 4299
22 92 3314
102 76 438
87 36 583
19 61 651
88 1 938
22 43 4298
48 117 4181
23 97 2230
74 8 3241
64 61 1359
97 33 2878
78 15 4471
108 37 727
115 37 2419
87 37 4169
87 28 684
44 10 3721
14 6 820
16 76 4606
35 63 3108
28 1 2635
9 53 3704
0 119 1759
85 24 2260
9 22 1748
82 84 3661
115 44 3201
12 50 2022
99 75 2491
71 64 2410
48 116 820
63 18 790
112 22 294
66 1 3610
100 50 523
101 99 2254
27 52 4434
4 8 3210
3 61 741
60 109 2899
32 10 1243
80 87 3329
79 57 4728
15 64 576
40 8 2138
85 92 1941
13 53 2798
50 85 4046
119 78 4047
87 101 845
119 116 1393
20 0 3830
75 45 523
84 99 3634
20 34 3779
73 39 3520
54 65 1356
28 108 3464
79 96 2258
26 95 3818
43 42 1235
47 48 56
100 73 3711
84 80 129
115 72 173
27 22 455
72 75 1953
87 78 3649
100 39 2413
64 63 4005
29 50 1175
108 0 1986
111 88 3290
12 75 3558
1 59 2968
44 80 179
76 53 1683
13 55 3626
103 119 4267
96 42 4553
112 65 513
51 84 3749
52 34 1897
60 113 4406
108 12 457
11 16 1493
73 48 522
70 90 1068
96 7 67
82 98 530
92 31 864
67 89 2536
75 101 3287
95 39 2742
15 2 4677
7 89 3573
80 42 1424
89 111 788
106 39 2891
43 60 3092
15 27 303
84 39 4124
44 54 2875
86 93 2127
28 111 4004
50 32 1319
81 117 1398
36 114 4403
40 1 427
51 76 1350
21 108 4574
83 14 422
53 44 3840
59 70 578
52 21 2603
103 19 1331
37 95 2950
65 115 4576
94 30 332
94 96 3176
62 37 1511
38 74 4753
39 70 4721
92 94 2880
109 27 174
13 51 1987
70 48 3966
10 65 2892
117 119 632
107 29 1425
66 104 713
116 111 1741
79 18 3021
45 30 4452
10 2 1472
35 112 3830
68 114 166
117 116 4783
75 116 1908
59 28 1679
45 115 807
42 102 4482
60 51 3497
57 116 4406
116 12 1757
30 47 2654
92 28 4644
53 93 4555
44 63 4336
47 108 912
118 108 10
53 62 2787
5 110 2847
88 36 325
10 87 1629
37 7 1176
109 73 2210
20 45 635
22 23 39
92 26 3730
30 38 2794
42 82 2167
81 115 269
108 11 598
76 19 1830
106 17 793
50 105 1551
26 98 4827
58 17 4016
81 111 611
5 9 3343
59 39 1907
100 21 4560
38 63 57
40 35 1817
112 31 2863
115 45 2094
108 58 2426
6 34 3608
96 108 1885
89 41 3253
109 92 515
6 96 3313
105 110 1191
43 109 4003
2 93 4277
11 116 299
51 39 169
106 32 701
107 72 4489
99 46 1972
106 87 3271
12 73 839
105 53 1336
2 44 1844
98 58 4038
43 100 3833
115 52 3494
94 13 4282
117 54 2600
119 37 4327
3 45 4629
115 20 256
39 35 3775
28 15 1967
64 22 170
50 109 3403
14 106 2650
9 99 2888
108 111 809
101 83 584
6 115 43
86 18 1845
51 117 2292
96 8 4396
59 89 4376
50 27 4289
41 23 1863
33 38 4312
44 58 3206
44 71 2428
96 20 4911
95 92 1411
116 20 4925
70 53 4881
62 86 4923
89 22 4187
46 101 3276
46 42 2199
55 29 4503
38 107 4164
10 34 2977
96 111 3581
80 106 3579
110 77 933
118 29 1798
80 64 2407
48 97 2304
75 47 994
117 12 1779
104 4 4452
74 55 4201
77 105 1606
12 106 3081
55 67 3021
33 26 3507
98 5 1021
71 96 2404
99 1 4590
60 12 2344
90 31 1343
67 1 3409
73 22 2848
8 21 1743
84 73 3634
4 67 1761
57 108 4715
75 36 2697
41 114 4121
41 89 1524
103 90 1134
64 80 4878
119 68 4149
46 17 4184
103 54 580
58 0 1021
5 76 4300
100 14 4467
75 100 2781
100 31 2208
118 88 116
16 11 1795
43 103 522
4 3 4597
12 117 1353
89 114 3411
32 48 2349
108 75 2783
51 73 3017
24 15 390
67 59 1214
57 51 2632
102 40 1502
1 57 4012
81 75 4447
10 113 2022
83 37 3242
16 12 405
19 24 3648
94 26 3110
85 45 2371
79 98 2711
23 96 455
24 93 4264
5 119 4104
84 29 4235
25 111 3620
65 99 1198
49 103 2579
113 75 1298
2 107 191
8 7 4062
2 63 1008
106 93 988
94 71 1515
0 47 3058
66 27 3639
45 77 1756
9 84 3927
93 12 698
7 11 4949
86 107 2683
60 57 4208
3 54 3617
11 73 4538
84 76 4270
59 86 2593
7 35 1692
81 23 625
15 32 401
46 11 1540
30 24 4094
21 10 983
16 2 4002
41 78 3162
37 76 614
32 15 4453
75 46 544
14 2 2444
90 45 670
39 82 3027
93 74 3758
81 4 40
18 109 3004
103 65 4711
50 118 502
85 32 1164
95 88 442
2 114 3897
99 60 2334
59 51 3615
106 113 2574
25 31 2939
87 17 2637
38 114 1746
85 61 4779
59 6 2799
92 18 3808
74 88 285
17 98 9
119 59 1726
46 4 2284
55 41 4374
19 99 4846
89 45 1419
117 4 4884
102 52 969
44 81 2374
39 110 2248
14 119 1756
92 6 4103
69 93 45
69 89 48
69 22 102
69 42 119
69 81 36
69 107 3
69 32 89
69 88 78
69 59 37
69 18 5
69 117 9
69 45 113
69 57 63
69 24 58
69 78 80
69 12 70
69 76 47
69 29 103
69 13 104
69 14 33
69 55 87
69 73 103
69 6 70
69 112 105
69 16 93
69 64 83
69 10 42
69 56 89
69 71 58
69 110 85
69 96 111
69 30 91
69 52 25
69 25 18
69 115 7
69 75 119
69 105 39
69 49 2
69 54 80
69 84 54
69 60 46
69 17 36
69 91 45
69 114 22
69 15 41
69 72 86
2 91 9
4 91 54
6 91 66
8 91 113
9 91 28
11 91 76
12 91 77
13 91 108
19 91 20
20 91 14
24 91 51
25 91 83
26 91 42
30 91 80
46 91 92
47 91 98
48 91 0
50 91 25
51 91 82
53 91 53
57 91 119
70 91 101
71 91 39
72 91 88
76 91 15
78 91 102
84 91 5
85 91 83
87 91 57
93 91 56
97 91 8
99 91 13
104 91 80
105 91 69
