20
63
0 1 504
0 2 225
0 3 469
0 5 29
0 7 2420
0 8 797
0 10 2071
0 14 513
0 15 1454
0 18 445
0 21 2685
0 22 3310
0 23 1074
0 26 219
0 27 3256
0 29 1695
0 30 3167
0 32 861
0 33 893
0 35 670
0 37 1341
0 38 2920
0 40 2530
0 41 2400
0 43 1448
0 44 2771
0 45 2774
0 47 1900
0 48 719
0 49 779
0 50 1949
0 51 1074
0 52 1681
0 54 44
0 55 729
0 56 1129
0 57 1372
0 58 216
0 60 3159
0 62 3053
0 64 709
0 65 2782
0 67 2591
0 68 2885
0 69 2883
1 0 2241
1 2 2398
1 3 133
1 4 3282
1 5 1465
1 6 675
1 10 2480
1 11 2210
1 12 1101
1 15 1627
1 17 1035
1 18 484
1 24 11
1 25 1489
1 26 3099
1 28 528
1 30 2336
1 31 1619
1 32 1489
1 33 772
1 35 2961
1 36 1108
1 37 537
1 38 1039
1 39 1419
1 41 2113
1 42 479
1 43 3199
1 44 2734
1 45 742
1 46 1896
1 47 2624
1 48 3371
1 49 2362
1 50 2469
1 51 795
1 52 1354
1 53 1649
1 55 852
1 56 1954
1 57 3048
1 61 2407
1 62 1782
1 64 2030
1 65 673
1 67 1217
1 68 1831
1 69 2934
2 0 2714
2 3 2286
2 4 3244
2 5 1498
2 7 239
2 8 1807
2 9 2908
2 10 459
2 11 2647
2 12 2165
2 13 811
2 15 2811
2 16 596
2 18 2158
2 21 1183
2 22 2649
2 23 3016
2 24 3223
2 26 3007
2 27 1993
2 28 1589
2 32 1051
2 33 1806
2 34 1306
2 35 1422
2 36 311
2 37 2767
2 38 3307
2 39 1797
2 40 391
2 41 1890
2 42 121
2 45 2823
2 47 2424
2 49 1347
2 50 2514
2 52 2718
2 53 1371
2 54 1911
2 56 405
2 58 2809
2 59 2239
2 60 1036
2 61 796
2 62 3297
2 65 2034
2 66 1495
2 67 2741
3 1 3102
3 2 2011
3 4 1850
3 5 2585
3 8 175
3 9 1555
3 11 1341
3 13 2979
3 14 398
3 15 1918
3 16 1649
3 17 3290
3 18 123
3 19 1448
3 21 1806
3 22 1911
3 23 369
3 24 502
3 25 662
3 26 3136
3 27 812
3 29 796
3 30 1543
3 31 1434
3 32 2867
3 33 335
3 35 2524
3 36 2557
3 37 822
3 39 1388
3 41 2756
3 42 3296
3 45 1256
3 47 2404
3 48 388
3 50 1127
3 53 244
3 54 3327
3 55 2769
3 56 824
3 57 1814
3 58 1417
3 60 472
3 61 2427
3 62 655
3 64 937
3 65 1663
3 66 3170
3 67 535
3 69 151
4 0 2331
4 1 2978
4 2 2218
4 3 2051
4 6 1134
4 7 1807
4 8 324
4 9 789
4 10 1384
4 11 156
4 12 2315
4 13 858
4 14 1115
4 16 2202
4 18 3155
4 19 1916
4 21 114
4 22 2559
4 23 56
4 25 2490
4 26 2695
4 29 561
4 30 2119
4 31 3027
4 32 877
4 33 3235
4 34 2697
4 35 539
4 36 1079
4 39 1923
4 41 97
4 44 605
4 45 2412
4 46 1772
4 47 631
4 48 607
4 49 3300
4 50 1078
4 51 3187
4 53 1933
4 54 1557
4 55 2240
4 64 1167
4 66 3099
4 69 3
5 0 2976
5 1 2853
5 3 3308
5 6 3332
5 7 2491
5 9 785
5 11 2627
5 14 2596
5 15 2606
5 19 3172
5 22 2527
5 23 1582
5 24 2674
5 25 701
5 27 692
5 29 1919
5 30 864
5 31 313
5 33 107
5 36 81
5 37 3195
5 38 27
5 39 2144
5 41 2071
5 43 505
5 46 776
5 48 2625
5 49 1656
5 50 1095
5 52 224
5 53 1484
5 55 1015
5 56 541
5 57 2265
5 58 3233
5 59 3288
5 60 885
5 61 3308
5 62 3242
5 64 3189
5 65 2149
5 66 3324
5 67 1322
5 68 2851
5 69 2128
6 2 2307
6 3 924
6 7 1051
6 8 775
6 9 948
6 10 900
6 12 1215
6 13 2732
6 14 1912
6 15 2954
6 16 1856
6 18 3316
6 19 1418
6 21 182
6 22 1051
6 23 2638
6 24 2171
6 26 1221
6 27 865
6 28 1862
6 29 1452
6 31 2199
6 33 1057
6 35 3135
6 37 841
6 38 1059
6 39 1187
6 40 709
6 41 3062
6 42 2294
6 44 3260
6 47 1484
6 48 1172
6 49 2911
6 50 2547
6 54 1598
6 55 324
6 56 2669
6 57 3347
6 58 300
6 60 2935
6 61 1957
6 62 859
6 67 920
6 69 1327
7 0 2774
7 1 1694
7 2 2235
7 3 936
7 4 609
7 5 3041
7 8 2824
7 9 961
7 10 1553
7 11 318
7 12 2627
7 14 1027
7 15 505
7 17 1165
7 18 2125
7 19 1931
7 21 318
7 22 39
7 23 2925
7 25 747
7 26 1997
7 28 1576
7 29 384
7 31 99
7 32 99
7 33 3009
7 35 1663
7 39 2599
7 40 853
7 44 749
7 47 2246
7 49 1655
7 50 925
7 51 803
7 52 1343
7 53 2271
7 55 3135
7 56 674
7 57 3218
7 58 292
7 59 3087
7 60 2565
7 61 1008
7 64 2330
7 65 2241
7 67 204
7 69 2960
8 0 2855
8 1 2417
8 4 1655
8 5 2994
8 6 2628
8 7 819
8 9 1652
8 11 1433
8 12 800
8 13 2676
8 16 3339
8 17 2148
8 18 2399
8 19 1221
8 22 343
8 23 1896
8 24 207
8 26 2612
8 27 1125
8 28 3318
8 29 1087
8 30 518
8 31 2225
8 32 1052
8 33 172
8 34 2923
8 35 1557
8 37 2315
8 40 1873
8 42 1781
8 44 2984
8 45 713
8 46 596
8 47 1069
8 49 826
8 50 2224
8 52 1280
8 53 610
8 55 1253
8 56 477
8 57 1687
8 58 357
8 59 2017
8 60 3030
8 62 2221
8 65 1181
8 66 2086
8 68 1798
8 69 1298
9 0 3080
9 1 2952
9 3 1026
9 8 2174
9 11 2302
9 12 1880
9 13 1792
9 14 1990
9 15 2175
9 16 3146
9 17 3369
9 18 1139
9 19 2871
9 24 1858
9 25 1287
9 26 3253
9 27 3001
9 29 824
9 30 1030
9 32 1504
9 33 1161
9 37 2348
9 39 1403
9 40 1281
9 42 1115
9 44 1323
9 47 3319
9 50 2866
9 52 2113
9 53 200
9 55 3177
9 58 2537
9 59 1169
9 60 1014
9 61 1693
9 62 1064
9 65 1653
9 66 646
9 67 817
9 68 1290
9 69 1785
10 0 3116
10 1 1104
10 2 146
10 3 3124
10 4 2308
10 5 2402
10 6 3293
10 7 1291
10 8 1524
10 9 2459
10 16 1005
10 21 929
10 22 3187
10 23 2243
10 24 2705
10 25 1556
10 26 44
10 27 871
10 30 528
10 31 2063
10 32 1578
10 33 2990
10 34 868
10 35 2799
10 36 2090
10 37 2105
10 38 1899
10 39 408
10 40 284
10 41 3220
10 42 1393
10 43 165
10 44 1057
10 45 1279
10 47 2545
10 49 654
10 50 3063
10 52 2016
10 54 1938
10 55 2390
10 56 2515
10 57 3182
10 59 1185
10 60 1596
10 64 1784
10 65 2992
10 66 765
10 67 2787
10 68 2384
10 69 3084
11 0 1860
11 2 3080
11 3 1356
11 4 1788
11 5 1937
11 6 3368
11 7 296
11 10 2456
11 12 2663
11 13 368
11 15 1744
11 16 1493
11 17 3029
11 18 339
11 21 1383
11 22 2130
11 24 1762
11 25 893
11 26 3232
11 27 997
11 29 349
11 30 2101
11 31 401
11 32 444
11 33 1844
11 34 3007
11 35 1893
11 36 2883
11 37 1515
11 38 2938
11 40 1089
11 41 867
11 42 2424
11 43 2156
11 44 390
11 45 849
11 46 2228
11 47 714
11 48 2179
11 51 1638
11 52 192
11 56 1978
11 58 2473
11 59 462
11 60 2722
11 61 280
11 62 1812
11 64 1638
11 67 3287
11 68 2624
11 69 1109
12 0 1042
12 1 2474
12 2 2408
12 3 419
12 4 2989
12 6 546
12 7 1400
12 8 203
12 9 2159
12 10 502
12 13 943
12 15 2298
12 16 1877
12 17 1840
12 18 688
12 19 2982
12 21 1961
12 22 487
12 23 1017
12 24 1760
12 26 66
12 27 2148
12 28 480
12 29 1690
12 31 253
12 32 2909
12 33 1049
12 34 1091
12 35 1541
12 36 1389
12 39 2505
12 40 735
12 41 1247
12 43 55
12 45 2415
12 47 295
12 48 1577
12 49 13
12 51 863
12 52 1420
12 54 2130
12 55 1719
12 56 315
12 57 1537
12 58 1434
12 59 2670
12 60 38
12 61 2507
12 64 900
12 65 1455
12 67 2202
12 68 1171
12 69 222
13 0 2051
13 1 2244
13 3 2421
13 4 323
13 5 1340
13 7 118
13 8 2043
13 9 40
13 10 3173
13 12 76
13 14 2308
13 15 949
13 16 3120
13 17 801
13 21 2669
13 23 1318
13 25 2133
13 28 909
13 30 2925
13 31 1717
13 32 946
13 33 539
13 34 663
13 36 1697
13 37 3318
13 38 2921
13 39 979
13 40 113
13 41 881
13 42 962
13 43 3061
13 45 1588
13 46 2697
13 47 2182
13 48 2789
13 49 2804
13 50 2948
13 51 3291
13 52 664
13 53 3112
13 54 410
13 56 2750
13 57 2984
13 58 564
13 59 2980
13 60 1468
13 61 2522
13 62 1348
13 64 176
13 65 247
13 66 413
13 68 3240
14 1 321
14 2 894
14 3 1750
14 4 219
14 5 802
14 6 1619
14 8 2562
14 9 2987
14 10 169
14 12 2300
14 13 229
14 16 439
14 17 1963
14 18 1010
14 19 1225
14 21 562
14 22 2134
14 23 1561
14 25 1627
14 26 2253
14 27 3232
14 29 3079
14 30 1387
14 31 1078
14 33 2225
14 34 3342
14 35 257
14 36 1705
14 37 29
14 38 367
14 39 1283
14 41 1217
14 42 812
14 43 1450
14 44 2658
14 45 3010
14 46 744
14 47 1376
14 48 1214
14 49 1015
14 51 30
14 54 863
14 57 3172
14 58 945
14 59 2850
14 61 1906
14 62 2181
14 65 2767
14 67 2029
14 68 2521
14 69 2479
15 0 3039
15 1 81
15 2 1252
15 3 3169
15 4 1305
15 5 1022
15 7 2012
15 8 741
15 9 1998
15 10 17
15 11 780
15 12 1664
15 13 1974
15 14 1252
15 16 167
15 17 565
15 18 3284
15 19 1679
15 21 435
15 23 1462
15 24 93
15 26 1723
15 27 1064
15 28 424
15 30 1108
15 31 1279
15 32 2653
15 34 1158
15 37 2476
15 38 3172
15 41 1685
15 42 2463
15 43 636
15 44 2250
15 45 1571
15 46 3311
15 47 3281
15 48 2079
15 49 1705
15 51 438
15 52 2377
15 53 919
15 54 307
15 56 445
15 57 1161
15 59 3269
15 61 499
15 62 3291
15 64 1954
15 65 2238
15 67 2533
15 68 1977
15 69 630
16 0 86
16 1 2836
16 3 2299
16 4 2709
16 6 3157
16 10 2784
16 11 2793
16 12 444
16 13 542
16 14 3037
16 17 3005
16 18 849
16 19 2762
16 21 3377
16 22 2815
16 24 2615
16 25 1683
16 27 2389
16 28 866
16 29 2083
16 30 3345
16 31 2129
16 34 598
16 36 2292
16 38 3371
16 39 613
16 40 306
16 41 902
16 42 2214
16 43 2869
16 45 2039
16 47 2604
16 48 1434
16 49 2451
16 50 1205
16 51 1678
16 52 1297
16 54 1143
16 56 2250
16 58 2169
16 60 1994
16 61 2847
16 62 1503
16 64 122
16 66 264
16 69 543
17 0 1152
17 1 3067
17 3 1994
17 4 2646
17 6 2000
17 10 425
17 11 1514
17 13 280
17 14 144
17 15 178
17 19 2489
17 21 2425
17 23 1929
17 25 3159
17 27 2408
17 29 1408
17 31 1368
17 32 486
17 33 993
17 34 1601
17 36 322
17 37 584
17 39 923
17 40 589
17 41 2149
17 43 1402
17 45 1453
17 46 1248
17 47 630
17 49 958
17 50 3166
17 52 2172
17 53 968
17 54 1683
17 55 357
17 56 525
17 58 102
17 59 3015
17 61 1833
17 62 1186
17 64 3341
17 66 1016
17 67 1964
17 68 2349
18 0 1596
18 1 3154
18 3 864
18 4 2898
18 5 3294
18 6 654
18 7 1151
18 9 2024
18 11 3121
18 13 1200
18 14 1217
18 15 2648
18 16 1237
18 17 2372
18 19 855
18 21 3098
18 24 2589
18 26 604
18 28 1058
18 29 906
18 30 648
18 31 28
18 33 1708
18 34 3266
18 35 754
18 36 3375
18 37 3037
18 38 1258
18 39 233
18 40 1417
18 41 632
18 42 2922
18 43 1090
18 44 178
18 45 2376
18 47 3237
18 48 888
18 49 3197
18 50 378
18 52 1378
18 53 1632
18 54 1841
18 55 12
18 56 2244
18 58 44
18 60 1600
18 64 2099
18 65 3087
18 66 3043
18 67 3117
18 68 439
18 69 1669
19 0 2187
19 1 2747
19 2 1931
19 4 3217
19 5 555
19 6 1859
19 7 3055
19 8 1732
19 9 3113
19 12 664
19 14 57
19 15 1980
19 16 3307
19 17 602
19 18 1806
19 21 1794
19 23 2887
19 24 823
19 25 2355
19 26 2616
19 28 369
19 30 2489
19 31 2277
19 32 12
19 34 568
19 35 1683
19 36 1731
19 37 2498
19 39 1249
19 41 2058
19 43 1963
19 44 2958
19 46 711
19 47 1571
19 48 2196
19 49 2920
19 51 2800
19 53 423
19 56 2048
19 57 2690
19 60 1809
19 62 2620
19 65 2532
19 66 1770
19 67 2695
19 68 3
19 69 694
21 1 1074
21 3 3145
21 4 1199
21 5 220
21 6 3378
21 7 1550
21 8 2689
21 9 1377
21 10 3146
21 11 1164
21 12 985
21 13 2740
21 14 1649
21 15 3078
21 16 2476
21 17 1923
21 18 2941
21 19 2503
21 22 1840
21 23 1134
21 24 1551
21 26 1917
21 27 1366
21 30 692
21 31 755
21 32 1952
21 34 2708
21 37 716
21 38 113
21 40 1921
21 43 3240
21 44 2808
21 46 1540
21 47 2861
21 48 3241
21 51 582
21 53 449
21 54 2664
21 55 1897
21 56 2188
21 57 419
21 59 3045
21 61 151
21 64 2710
22 0 63
22 3 1653
22 4 1555
22 5 1486
22 8 876
22 10 2968
22 11 85
22 13 1356
22 14 514
22 15 3006
22 17 3146
22 18 63
22 21 1913
22 23 890
22 25 817
22 26 1830
22 28 2310
22 29 2266
22 31 1446
22 33 460
22 35 128
22 36 1900
22 37 1827
22 38 1857
22 39 2718
22 40 862
22 41 583
22 42 380
22 43 1347
22 44 2257
22 46 2546
22 48 3348
22 49 560
22 50 695
22 51 3006
22 52 3038
22 53 1410
22 54 1928
22 55 1784
22 56 2461
22 58 414
22 59 2248
22 60 2644
22 61 1001
22 65 902
22 66 1423
22 67 464
22 68 2268
22 69 3337
23 1 2803
23 2 2136
23 3 1526
23 4 1513
23 5 2265
23 6 660
23 7 2122
23 8 2885
23 9 1668
23 11 1064
23 13 2277
23 14 1451
23 16 2791
23 17 249
23 19 2729
23 21 1326
23 22 3109
23 24 2903
23 26 1592
23 29 1906
23 32 1303
23 35 2010
23 36 774
23 38 59
23 40 1789
23 41 495
23 42 2763
23 43 805
23 44 1822
23 45 730
23 46 1899
23 48 865
23 49 2677
23 51 1047
23 52 1521
23 53 601
23 54 369
23 55 1148
23 56 3279
23 57 2449
23 58 1226
23 60 2816
23 61 1721
23 62 200
23 64 3102
23 65 1112
23 66 2111
23 67 1242
23 68 2955
23 69 2075
24 2 496
24 4 3120
24 5 3170
24 6 1660
24 7 524
24 10 205
24 11 1674
24 12 2800
24 13 2472
24 17 1294
24 18 19
24 19 1045
24 23 2430
24 25 3205
24 26 2301
24 27 2252
24 28 2316
24 29 2806
24 30 3136
24 32 2138
24 34 1783
24 35 1822
24 37 801
24 38 576
24 40 291
24 43 110
24 44 2023
24 49 895
24 50 979
24 52 1438
24 53 2398
24 54 1952
24 55 58
24 56 3087
24 57 2046
24 58 2114
24 59 29
24 60 1882
24 61 3273
24 66 1272
24 67 2133
24 68 346
24 69 399
25 2 2541
25 4 1042
25 6 2628
25 7 2891
25 10 1831
25 11 1217
25 13 750
25 15 985
25 18 2226
25 19 2629
25 22 2149
25 23 135
25 27 571
25 30 2508
25 31 2015
25 33 706
25 34 880
25 35 2444
25 36 1253
25 37 3082
25 38 343
25 39 1339
25 42 145
25 43 3111
25 44 2328
25 45 576
25 46 810
25 47 1052
25 51 90
25 53 2982
25 54 576
25 56 1386
25 57 2289
25 58 3236
25 59 2144
25 61 1488
25 62 3245
25 64 360
25 66 3204
25 68 1077
25 69 2211
26 0 2306
26 2 1081
26 6 152
26 7 1976
26 8 1488
26 9 1910
26 10 2015
26 11 1377
26 12 2283
26 17 513
26 18 3174
26 24 2960
26 25 1199
26 27 255
26 28 328
26 29 1716
26 30 3175
26 31 2310
26 34 1316
26 35 1615
26 36 253
26 37 312
26 39 231
26 41 1467
26 42 1072
26 46 2952
26 47 1834
26 48 669
26 50 2422
26 51 556
26 53 2436
26 56 3262
26 57 1628
26 58 2665
26 61 2182
26 62 2707
26 64 3332
26 66 953
26 67 1240
26 68 23
26 69 1650
27 1 2659
27 2 1975
27 3 316
27 4 2729
27 6 2558
27 7 187
27 8 3212
27 9 1877
27 10 2728
27 11 2276
27 16 2447
27 17 2707
27 18 1892
27 19 1064
27 21 2846
27 23 2581
27 24 2810
27 25 2757
27 28 567
27 29 665
27 30 216
27 31 2922
27 33 1785
27 35 2464
27 39 2748
27 41 179
27 43 2433
27 44 247
27 46 2712
27 47 1310
27 48 3208
27 50 3266
27 52 351
27 54 3249
27 56 3255
27 57 1895
27 58 530
27 59 151
27 60 3176
27 61 2708
27 62 783
27 65 3249
27 67 3066
27 68 2498
27 69 266
28 0 1551
28 1 2999
28 4 838
28 6 478
28 7 2853
28 8 2655
28 9 833
28 10 1047
28 11 42
28 12 239
28 13 969
28 14 2368
28 16 2160
28 17 628
28 18 2487
28 19 2012
28 21 14
28 22 1938
28 23 2414
28 25 2552
28 29 2314
28 30 3369
28 32 1033
28 33 2950
28 34 1400
28 35 2292
28 37 2491
28 39 1331
28 41 2873
28 42 2068
28 44 908
28 46 2581
28 47 957
28 48 1400
28 49 816
28 51 263
28 52 1864
28 53 894
28 55 63
28 56 3350
28 57 2753
28 58 1960
28 60 3112
28 62 2021
28 64 2307
28 65 3196
28 66 1325
28 67 1589
28 68 1896
29 0 2673
29 1 2489
29 2 710
29 3 1296
29 4 2906
29 5 870
29 6 2032
29 8 1315
29 10 281
29 11 2546
29 12 2276
29 13 180
29 14 1275
29 17 1350
29 18 895
29 19 1751
29 22 3283
29 24 2414
29 25 2093
29 26 1260
29 27 1388
29 28 539
29 33 1095
29 34 734
29 35 89
29 36 1806
29 37 1812
29 38 152
29 41 3254
29 42 462
29 43 20
29 44 3068
29 45 570
29 47 2488
29 49 1479
29 50 2105
29 51 2148
29 53 949
29 54 2870
29 57 2357
29 59 995
29 61 1985
29 62 306
29 64 2814
29 66 3304
29 67 2689
29 68 204
30 1 3196
30 2 1601
30 3 450
30 4 702
30 5 2180
30 7 1846
30 9 2989
30 11 2647
30 13 173
30 15 1466
30 16 573
30 17 1189
30 18 2407
30 19 2344
30 23 1884
30 24 3267
30 28 2427
30 31 1550
30 32 854
30 34 2316
30 35 1834
30 36 1979
30 37 328
30 40 1956
30 42 1765
30 43 613
30 44 2172
30 46 356
30 47 2328
30 48 932
30 49 755
30 51 1467
30 52 3366
30 53 2591
30 54 3350
30 56 2523
30 57 2176
30 58 1185
30 59 647
30 60 2404
30 61 867
30 62 1697
30 64 1719
30 66 3336
30 68 976
31 0 1785
31 2 3380
31 5 991
31 7 123
31 8 821
31 9 306
31 13 2302
31 14 2493
31 15 413
31 16 562
31 17 2063
31 18 571
31 19 174
31 21 2878
31 22 90
31 23 1871
31 24 2768
31 25 2309
31 26 1683
31 28 3370
31 29 782
31 30 2930
31 32 1284
31 33 724
31 37 560
31 39 1779
31 44 2698
31 45 202
31 46 1577
31 47 2243
31 48 1970
31 49 2001
31 50 2026
31 52 1313
31 54 714
31 55 1330
31 56 789
31 57 1863
31 58 54
31 59 806
31 60 1692
31 61 927
31 62 2320
31 64 3325
31 66 3193
31 67 490
32 2 3220
32 3 2612
32 4 1145
32 5 3087
32 6 2756
32 7 2129
32 8 746
32 9 2928
32 10 2213
32 11 3064
32 13 2550
32 14 2305
32 15 2638
32 16 368
32 17 2970
32 18 1248
32 21 552
32 22 179
32 23 562
32 24 643
32 25 1558
32 27 1314
32 30 2474
32 31 471
32 33 2319
32 34 1163
32 36 2841
32 39 2315
32 40 2429
32 42 245
32 45 792
32 46 132
32 48 2081
32 49 2671
32 50 1261
32 51 2096
32 52 378
32 53 2019
32 55 2139
32 57 30
32 59 3105
32 60 1348
32 61 2662
32 62 1848
32 65 1686
32 66 2185
32 68 780
32 69 1488
33 0 2367
33 1 2566
33 2 2904
33 4 728
33 6 1596
33 7 391
33 8 612
33 9 551
33 10 2867
33 11 2474
33 12 1980
33 13 1064
33 15 3378
33 16 200
33 17 1702
33 19 464
33 21 115
33 22 1681
33 24 355
33 26 1876
33 27 1840
33 28 1812
33 29 1480
33 30 1326
33 31 2128
33 34 2744
33 35 2914
33 36 2654
33 38 81
33 39 1928
33 40 716
33 41 199
33 42 1886
33 43 1059
33 45 2497
33 46 706
33 47 1284
33 48 426
33 49 1168
33 51 2093
33 53 851
33 54 365
33 55 398
33 56 3171
33 57 1582
33 58 1477
33 59 653
33 61 767
33 64 1572
33 65 45
33 66 1573
33 68 2141
33 69 3142
34 0 766
34 1 2208
34 4 3289
34 6 3073
34 7 2606
34 9 2166
34 10 2061
34 11 143
34 12 1130
34 13 2017
34 15 1799
34 17 3101
34 18 566
34 19 1931
34 21 3375
34 22 1098
34 23 2328
34 24 2047
34 26 3089
34 28 3007
34 30 216
34 31 176
34 32 90
34 33 296
34 35 965
34 36 2000
34 37 3235
34 38 2663
34 39 606
34 40 1052
34 43 2143
34 45 220
34 46 1066
34 47 1753
34 50 329
34 51 1136
34 53 735
34 55 1007
34 56 1179
34 58 3330
34 59 667
34 60 2590
34 62 2052
34 64 228
34 65 2877
34 66 1165
34 67 703
34 69 1796
35 0 2426
35 2 1252
35 4 2718
35 6 2208
35 7 2915
35 8 472
35 9 752
35 11 549
35 12 920
35 13 3169
35 14 2294
35 15 3291
35 16 2713
35 17 2676
35 18 97
35 19 773
35 23 2279
35 24 206
35 25 1799
35 26 2162
35 27 2323
35 28 1868
35 29 1018
35 30 1625
35 31 2808
35 32 1039
35 33 427
35 36 2028
35 37 413
35 38 1133
35 40 397
35 42 630
35 43 3315
35 44 1897
35 45 3222
35 47 446
35 48 790
35 49 114
35 51 1214
35 52 1160
35 54 2193
35 55 3163
35 56 2419
35 57 1104
35 58 1801
35 59 1672
35 60 1252
35 61 2108
35 62 2580
35 65 560
35 66 2408
35 67 224
35 68 2901
35 69 902
36 0 1813
36 1 1702
36 2 2589
36 3 2497
36 4 2374
36 6 748
36 7 1885
36 8 2138
36 12 1246
36 13 433
36 14 683
36 16 2784
36 17 604
36 19 3152
36 22 3000
36 25 2600
36 26 1898
36 27 1528
36 28 2035
36 29 1379
36 30 1308
36 31 647
36 33 1801
36 34 1275
36 35 2722
36 38 753
36 40 3122
36 41 426
36 43 1430
36 44 1868
36 45 387
36 46 2257
36 47 1082
36 48 366
36 50 2944
36 51 132
36 52 2825
36 53 2350
36 54 1894
36 55 1559
36 58 2522
36 60 923
36 61 619
36 62 2175
36 66 674
36 67 2890
36 68 2349
37 1 712
37 2 1618
37 3 1093
37 7 777
37 10 108
37 11 2842
37 12 2314
37 13 1418
37 14 2597
37 15 2762
37 16 2018
37 17 2508
37 18 1355
37 21 447
37 22 2529
37 23 2541
37 24 178
37 26 3329
37 27 3110
37 28 1851
37 29 1623
37 30 3005
37 31 232
37 33 31
37 36 3121
37 38 971
37 39 1750
37 40 1914
37 41 3119
37 43 1942
37 44 494
37 45 707
37 46 2087
37 47 333
37 48 159
37 49 2766
37 50 2961
37 52 397
37 53 2910
37 54 3296
37 55 2681
37 57 2539
37 60 982
37 61 203
37 64 902
37 65 2723
37 66 3365
37 67 992
37 68 417
37 69 1926
38 0 143
38 2 17
38 4 1330
38 5 94
38 10 2348
38 12 1856
38 13 353
38 15 1989
38 16 3185
38 18 23
38 19 160
38 23 2223
38 24 2303
38 25 1540
38 27 35
38 29 1674
38 30 872
38 32 3129
38 33 3147
38 34 1175
38 35 1419
38 40 299
38 41 1377
38 42 2677
38 43 1761
38 44 340
38 45 1065
38 46 2332
38 47 58
38 48 998
38 49 138
38 51 1665
38 52 1734
38 53 1023
38 54 714
38 56 1009
38 57 3044
38 59 2076
38 60 1053
38 61 120
38 62 1679
38 64 2311
38 65 2833
38 66 3076
38 67 1578
38 69 1767
39 1 1148
39 3 930
39 4 2108
39 6 2275
39 8 1070
39 12 3016
39 15 740
39 16 2535
39 17 2651
39 18 543
39 19 1425
39 21 433
39 22 1883
39 24 1896
39 25 1807
39 26 2442
39 28 1698
39 29 2493
39 30 227
39 31 2301
39 32 2456
39 35 1188
39 37 952
39 38 1672
39 40 783
39 41 2645
39 42 1317
39 44 204
39 46 623
39 47 2519
39 48 1480
39 49 1604
39 50 2068
39 51 23
39 53 549
39 55 1732
39 58 832
39 59 2917
39 60 580
39 61 2829
39 64 173
39 65 1590
39 68 1442
40 0 1026
40 2 2491
40 4 240
40 5 264
40 6 3195
40 8 3344
40 10 3139
40 11 2112
40 12 3268
40 13 75
40 14 523
40 17 367
40 18 3277
40 21 2257
40 22 157
40 23 2843
40 24 242
40 26 1291
40 27 1835
40 28 1916
40 29 3347
40 30 2852
40 32 96
40 34 2934
40 35 1069
40 36 2210
40 37 3170
40 39 489
40 41 2790
40 43 2551
40 44 3365
40 45 784
40 46 1556
40 48 3104
40 50 584
40 51 170
40 53 2805
40 54 3156
40 55 3237
40 56 1047
40 57 752
40 58 105
40 60 684
40 61 752
40 62 4
40 64 116
40 66 28
41 0 375
41 2 1950
41 3 3301
41 4 371
41 5 568
41 6 1398
41 9 2568
41 12 2819
41 13 2858
41 14 175
41 15 18
41 16 2210
41 19 1870
41 21 2755
41 23 3206
41 25 963
41 26 2863
41 27 3129
41 28 363
41 29 727
41 30 1030
41 31 1679
41 34 3125
41 35 2028
41 38 2196
41 39 1351
41 42 903
41 45 2076
41 46 2657
41 47 913
41 48 1251
41 49 538
41 50 1754
41 51 1730
41 53 707
41 57 1380
41 60 2799
41 61 1884
41 62 1764
41 65 1687
41 67 1692
41 68 1559
42 0 2154
42 1 804
42 2 518
42 3 335
42 5 2458
42 6 396
42 7 1855
42 8 123
42 11 1510
42 13 657
42 17 3026
42 18 524
42 19 1185
42 21 92
42 22 2532
42 26 49
42 28 256
42 29 489
42 30 2267
42 32 175
42 33 2415
42 34 1263
42 35 1824
42 36 2062
42 38 93
42 40 1799
42 45 1567
42 49 1725
42 50 3261
42 52 2413
42 53 1404
42 54 2620
42 55 982
42 57 610
42 58 857
42 59 149
42 61 1676
42 62 985
42 65 1946
42 66 514
42 67 1559
42 68 49
42 69 1380
43 0 135
43 1 1705
43 2 1672
43 3 3225
43 4 455
43 5 1929
43 7 3346
43 10 1977
43 11 104
43 12 2083
43 13 385
43 14 2884
43 15 3256
43 16 3012
43 17 129
43 18 407
43 21 298
43 23 891
43 25 1081
43 26 2708
43 27 2450
43 30 2507
43 31 2508
43 32 2604
43 33 138
43 38 1264
43 39 3090
43 41 871
43 42 2551
43 44 2345
43 47 2991
43 48 195
43 49 1035
43 50 3213
43 51 1265
43 52 2820
43 53 2290
43 54 1754
43 55 2053
43 58 144
43 59 1259
43 60 2878
43 61 2011
43 64 179
43 68 1980
43 69 1565
44 0 2547
44 1 2583
44 2 1621
44 4 2234
44 5 3136
44 6 2131
44 8 3139
44 10 2518
44 12 1074
44 14 2292
44 15 3016
44 16 2564
44 18 2227
44 19 2992
44 21 2168
44 24 771
44 26 1311
44 27 2702
44 28 2450
44 29 1313
44 30 2131
44 32 1468
44 33 1367
44 35 909
44 36 2151
44 37 1622
44 38 1234
44 40 341
44 41 1012
44 42 2808
44 43 416
44 46 3330
44 48 1464
44 50 3138
44 51 587
44 52 786
44 53 1773
44 56 3045
44 57 749
44 58 1959
44 61 1012
44 64 492
44 65 1886
44 66 1251
44 67 3358
44 69 3317
45 3 3015
45 5 1746
45 6 2253
45 7 2649
45 8 3051
45 9 2082
45 10 680
45 12 984
45 13 237
45 18 150
45 23 260
45 24 102
45 25 2872
45 26 3083
45 27 624
45 30 3367
45 31 558
45 33 1954
45 39 1178
45 40 3116
45 41 111
45 43 2090
45 44 1335
45 46 221
45 47 3095
45 49 1719
45 51 3300
45 52 2711
45 53 1287
45 54 987
45 56 2606
45 58 1469
45 60 501
45 61 1027
45 62 2894
45 64 792
45 65 429
45 66 1209
45 67 1670
46 0 1581
46 1 1498
46 4 1058
46 5 53
46 6 1803
46 7 937
46 9 22
46 10 2491
46 11 725
46 12 16
46 13 1122
46 16 2246
46 17 779
46 21 1426
46 22 3262
46 23 1665
46 24 1341
46 25 838
46 26 2008
46 27 2699
46 28 363
46 29 2775
46 30 3195
46 32 1008
46 34 624
46 35 988
46 36 2111
46 37 1590
46 38 2914
46 40 2697
46 41 490
46 43 107
46 45 2598
46 48 2810
46 49 1468
46 52 2868
46 53 3210
46 55 2164
46 59 2462
46 60 1673
46 61 2031
46 66 2484
46 68 1775
47 0 2947
47 2 3213
47 3 2272
47 4 2824
47 7 1908
47 8 1515
47 9 2984
47 10 3017
47 11 2072
47 12 282
47 14 1358
47 16 3275
47 17 1541
47 18 2528
47 19 3312
47 21 2461
47 22 650
47 24 3059
47 27 2343
47 29 3335
47 30 831
47 32 2647
47 34 516
47 37 2799
47 39 3376
47 40 176
47 41 1135
47 42 3355
47 44 599
47 45 3146
47 46 1179
47 48 18
47 49 518
47 50 2517
47 51 2121
47 54 1228
47 55 1076
47 56 3112
47 57 428
47 58 2885
47 60 2064
47 61 693
47 62 3055
47 65 964
47 67 2734
47 68 2996
48 0 218
48 1 1776
48 2 3291
48 4 2597
48 6 3354
48 7 2281
48 8 910
48 9 1365
48 10 268
48 11 1061
48 12 2868
48 13 1303
48 14 980
48 17 966
48 18 2297
48 19 2472
48 21 2938
48 22 848
48 24 2418
48 25 805
48 27 3227
48 30 3122
48 32 3300
48 33 1630
48 35 1660
48 36 2971
48 37 2889
48 38 2861
48 39 1682
48 40 341
48 41 2864
48 42 187
48 43 2364
48 44 2904
48 45 1540
48 47 1528
48 50 1002
48 51 2581
48 53 3377
48 55 2925
48 56 1253
48 58 3010
48 60 2638
48 62 1795
48 64 2369
48 65 527
48 66 3299
48 67 1162
48 68 2210
48 69 772
49 0 1529
49 2 1879
49 3 174
49 5 150
49 6 1926
49 7 171
49 11 2717
49 12 712
49 15 2412
49 16 777
49 18 441
49 19 3207
49 23 2951
49 24 1158
49 26 2030
49 28 1781
49 31 125
49 32 1872
49 34 1812
49 36 1369
49 37 2678
49 38 379
49 39 1336
49 40 127
49 43 1612
49 46 3034
49 48 1525
49 50 2668
49 51 274
49 52 2003
49 53 1608
49 54 2587
49 55 2119
49 56 1241
49 57 880
49 58 3045
49 59 168
49 60 1826
49 61 3090
49 64 27
49 66 2410
49 67 2242
49 68 518
49 69 1573
50 1 932
50 3 125
50 4 1401
50 9 2840
50 11 1479
50 12 2738
50 15 3047
50 16 1792
50 17 3155
50 18 2054
50 19 2741
50 22 2745
50 23 2962
50 24 437
50 27 3001
50 28 1354
50 29 1082
50 30 1912
50 31 3205
50 33 1770
50 34 340
50 37 1819
50 38 2404
50 39 3245
50 40 528
50 41 995
50 42 2218
50 44 1706
50 46 1584
50 47 1957
50 49 2887
50 51 2157
50 52 1810
50 54 2981
50 55 1678
50 56 875
50 57 1087
50 58 3304
50 60 114
50 61 2599
50 62 3031
50 64 1180
50 65 1874
50 66 2541
50 67 274
50 68 967
50 69 1535
51 1 749
51 2 1960
51 3 1255
51 5 2268
51 7 631
51 11 2938
51 12 1804
51 13 1011
51 14 569
51 16 1773
51 17 1123
51 18 2652
51 19 1006
51 21 1855
51 22 2896
51 23 691
51 24 988
51 25 2351
51 26 328
51 27 1717
51 28 1494
51 30 2342
51 31 477
51 32 3374
51 34 1001
51 35 205
51 36 672
51 37 718
51 38 1296
51 39 1249
51 40 2598
51 41 77
51 42 674
51 43 1135
51 44 1612
51 45 1060
51 47 3205
51 48 1806
51 49 1147
51 52 292
51 53 800
51 54 2635
51 56 1407
51 58 2541
51 59 1407
51 61 1301
51 62 2910
51 64 786
51 67 1165
51 69 693
52 1 2979
52 2 1808
52 6 2268
52 7 2631
52 8 337
52 9 3219
52 13 1028
52 14 856
52 15 2739
52 17 769
52 18 178
52 19 3052
52 21 242
52 22 3054
52 24 2212
52 26 3037
52 28 1621
52 29 2629
52 30 823
52 31 1612
52 32 1309
52 33 2561
52 35 2057
52 38 599
52 39 462
52 40 2637
52 41 1370
52 42 430
52 43 1200
52 45 1831
52 46 697
52 47 1894
52 48 1545
52 49 1907
52 51 1760
52 53 2665
52 55 1928
52 56 1999
52 57 2886
52 58 504
52 59 3167
52 61 2532
52 62 2850
52 66 1706
52 67 2746
52 68 3038
53 0 2798
53 1 911
53 2 3284
53 3 1387
53 5 1087
53 6 1640
53 8 2306
53 9 1581
53 11 31
53 13 2850
53 14 1580
53 15 2241
53 16 371
53 18 241
53 21 8
53 22 1676
53 24 1831
53 25 353
53 27 511
53 28 3302
53 31 1136
53 32 2199
53 34 553
53 40 1113
53 42 1093
53 43 3058
53 44 913
53 45 2271
53 46 2689
53 48 85
53 50 2115
53 54 343
53 55 1974
53 56 2975
53 57 3228
53 59 1586
53 60 3368
53 61 2982
53 62 314
53 65 2570
53 66 1017
53 67 2793
53 69 1971
54 0 1299
54 1 2070
54 3 2352
54 4 1890
54 5 327
54 8 455
54 9 138
54 10 2950
54 12 538
54 13 662
54 14 1894
54 15 1799
54 16 2948
54 18 1982
54 21 2462
54 22 2869
54 24 133
54 25 2218
54 27 3319
54 31 959
54 32 88
54 35 711
54 37 168
54 38 3357
54 39 1826
54 41 1900
54 44 2245
54 45 1542
54 46 892
54 47 1269
54 48 841
54 49 2349
54 50 3354
54 51 2833
54 52 641
54 53 2413
54 55 2567
54 56 1413
54 57 2789
54 59 141
54 60 913
54 61 321
54 62 2591
54 64 1724
54 65 1264
54 66 2244
54 68 1646
54 69 2312
55 0 208
55 1 2565
55 2 1328
55 3 1983
55 4 2614
55 6 1709
55 7 1428
55 8 1348
55 9 2304
55 10 3115
55 11 2802
55 12 2631
55 13 183
55 14 2138
55 16 2145
55 17 2773
55 19 686
55 21 2610
55 22 2623
55 24 2550
55 26 978
55 27 976
55 29 609
55 30 187
55 31 627
55 32 2357
55 33 1640
55 36 753
55 38 2326
55 39 2232
55 40 1736
55 41 2054
55 43 256
55 44 1795
55 45 1906
55 47 227
55 48 2546
55 54 807
55 56 2080
55 57 2975
55 58 2019
55 59 749
55 61 2651
55 64 229
55 65 295
55 68 810
56 1 1697
56 2 686
56 4 891
56 5 1819
56 6 2704
56 7 2783
56 8 1227
56 9 1616
56 10 1853
56 11 2104
56 12 2555
56 13 1210
56 14 1834
56 15 457
56 17 1520
56 18 1492
56 19 706
56 21 1599
56 22 1428
56 24 801
56 25 1805
56 26 297
56 27 2532
56 28 986
56 29 753
56 30 934
56 31 2680
56 33 2534
56 34 1622
56 35 145
56 36 2618
56 37 2527
56 39 300
56 40 1340
56 41 3044
56 44 511
56 45 633
56 46 486
56 47 2485
56 48 1319
56 49 1227
56 50 2449
56 53 2285
56 54 704
56 55 1210
56 57 2565
56 58 966
56 60 515
56 61 2677
56 62 905
56 64 1439
56 65 1739
56 66 2468
56 67 3134
56 68 2470
56 69 129
57 0 1813
57 1 870
57 4 2717
57 6 2523
57 7 1118
57 10 1956
57 13 3363
57 14 2760
57 18 243
57 19 2738
57 21 1849
57 22 2481
57 23 3045
57 24 2009
57 25 1908
57 27 1645
57 28 3120
57 29 2315
57 31 2954
57 33 833
57 34 654
57 37 39
57 39 2571
57 40 681
57 41 1727
57 43 1843
57 44 3116
57 45 1864
57 47 1
57 48 3292
57 49 803
57 52 3341
57 53 250
57 54 2228
57 55 2078
57 56 2233
57 60 1316
57 61 1543
57 62 2295
57 64 1131
57 65 3113
57 66 3300
57 68 256
57 69 2344
58 3 80
58 4 385
58 5 1578
58 6 178
58 7 1344
58 10 2018
58 11 2139
58 12 443
58 13 1460
58 14 717
58 15 1416
58 16 2004
58 17 3143
58 18 569
58 21 943
58 22 2695
58 23 2904
58 24 2090
58 25 2848
58 26 3112
58 27 619
58 29 826
58 30 428
58 31 2241
58 32 2941
58 33 2174
58 35 1173
58 36 1830
58 38 2881
58 39 2978
58 41 608
58 42 625
58 43 278
58 45 166
58 46 349
58 47 2360
58 49 2737
58 50 1073
58 51 3380
58 54 1898
58 55 1847
58 56 797
58 57 811
58 59 396
58 60 1494
58 62 2339
58 64 2950
58 65 1895
58 66 3238
58 67 71
58 68 2365
59 0 1266
59 1 3161
59 3 373
59 6 396
59 9 2492
59 10 540
59 11 2871
59 12 1030
59 13 3307
59 15 2302
59 21 2152
59 22 658
59 24 1097
59 25 2253
59 26 500
59 27 413
59 29 556
59 30 422
59 31 755
59 32 2306
59 37 1095
59 38 1199
59 39 2054
59 40 520
59 42 138
59 44 13
59 46 2905
59 47 2828
59 48 743
59 49 3209
59 50 2288
59 52 2017
59 53 3279
59 55 2887
59 56 2664
59 57 876
59 58 3215
59 60 2826
59 61 1159
59 62 1139
59 67 780
59 68 622
59 69 2110
60 0 915
60 1 1564
60 2 2540
60 3 2695
60 6 1404
60 8 469
60 9 403
60 10 3121
60 13 1046
60 15 1543
60 16 2539
60 18 2098
60 21 640
60 22 1382
60 23 1325
60 26 1037
60 27 2722
60 28 3059
60 30 3128
60 31 2281
60 32 815
60 33 1550
60 34 120
60 35 163
60 36 1394
60 37 173
60 38 3185
60 39 123
60 40 837
60 41 3070
60 43 1963
60 44 1643
60 45 1213
60 47 1230
60 48 2574
60 50 1705
60 51 1176
60 52 759
60 53 1456
60 54 2201
60 56 3074
60 59 2997
60 62 244
60 65 1287
60 66 1120
60 67 702
60 68 355
60 69 3358
61 0 259
61 2 249
61 3 2316
61 5 1390
61 6 2036
61 7 949
61 9 2523
61 13 115
61 15 870
61 16 3264
61 17 3260
61 19 2118
61 22 294
61 23 2489
61 24 2071
61 25 475
61 28 950
61 30 731
61 31 2626
61 32 3228
61 33 2434
61 34 3194
61 35 3033
61 36 3276
61 37 301
61 38 1470
61 39 882
61 40 2274
61 41 3078
61 42 695
61 43 2320
61 45 2271
61 46 1617
61 47 338
61 48 1110
61 49 2537
61 50 1261
61 51 2199
61 55 876
61 56 912
61 57 1149
61 58 884
61 62 2005
61 65 3051
61 66 1303
61 67 2504
61 68 1423
61 69 2182
62 0 2409
62 1 1585
62 4 2832
62 5 880
62 6 1006
62 8 3078
62 10 2232
62 12 1068
62 13 1887
62 14 3319
62 15 2514
62 17 2673
62 18 1233
62 23 2324
62 24 1697
62 27 3142
62 30 2171
62 31 152
62 32 2307
62 34 517
62 36 3225
62 37 1750
62 38 2254
62 39 3018
62 40 1221
62 41 648
62 43 324
62 44 1138
62 45 2935
62 46 2998
62 49 237
62 52 1859
62 53 2267
62 54 2498
62 55 3276
62 56 284
62 57 1076
62 58 2684
62 60 1964
62 61 824
62 64 2286
62 65 1971
62 66 1357
62 67 377
62 68 328
64 0 2688
64 4 189
64 5 1013
64 6 258
64 7 2775
64 11 241
64 12 1725
64 13 503
64 14 1966
64 16 2565
64 17 386
64 19 3259
64 22 737
64 23 1706
64 26 2354
64 27 1299
64 29 2723
64 30 868
64 31 2041
64 34 1897
64 35 2257
64 36 531
64 37 2598
64 38 1430
64 39 236
64 40 254
64 42 3367
64 43 1836
64 44 906
64 46 2437
64 47 1135
64 49 938
64 50 226
64 52 2036
64 53 746
64 54 2800
64 57 1771
64 58 1501
64 59 1179
64 60 1044
64 61 662
64 62 3109
64 66 635
64 67 1669
64 69 1303
65 2 2584
65 4 746
65 5 2413
65 6 1976
65 7 1283
65 8 1730
65 9 2589
65 10 868
65 11 36
65 12 10
65 13 1479
65 14 162
65 15 1154
65 16 2953
65 17 680
65 19 2726
65 21 2101
65 23 2242
65 24 2106
65 25 2248
65 26 1780
65 27 2604
65 29 2352
65 31 359
65 32 1025
65 33 2948
65 34 242
65 36 3165
65 37 1811
65 39 2564
65 40 846
65 44 3287
65 46 231
65 47 490
65 48 2304
65 49 1085
65 50 1027
65 51 1007
65 52 290
65 53 3379
65 54 2626
65 56 1251
65 57 2689
65 58 805
65 59 2076
65 62 469
65 68 1733
65 69 892
66 0 652
66 4 2307
66 6 3263
66 7 73
66 8 2135
66 9 443
66 10 1503
66 11 2416
66 12 518
66 13 3151
66 14 1172
66 15 655
66 16 531
66 17 2442
66 19 1930
66 21 411
66 23 2729
66 24 476
66 25 1560
66 26 1924
66 27 1220
66 28 2104
66 29 1785
66 30 1814
66 31 2304
66 32 2984
66 33 2999
66 34 1081
66 35 3237
66 36 1923
66 37 2468
66 39 2840
66 40 1256
66 42 2578
66 43 3268
66 44 1600
66 45 2227
66 46 2188
66 47 2133
66 49 3150
66 51 1279
66 52 3091
66 53 289
66 54 3187
66 55 317
66 56 1562
66 57 2012
66 59 2501
66 60 1979
66 61 1758
66 62 2231
66 64 2413
66 67 60
66 68 303
66 69 16
67 0 2448
67 1 774
67 4 1989
67 5 2729
67 7 705
67 10 1437
67 11 1079
67 12 342
67 13 3108
67 14 329
67 16 568
67 22 2671
67 23 516
67 25 16
67 27 330
67 28 1841
67 30 1651
67 33 2889
67 34 1352
67 36 2471
67 37 2510
67 38 1690
67 39 2817
67 40 2791
67 42 560
67 44 901
67 46 2928
67 47 1418
67 50 2531
67 53 530
67 54 3241
67 57 429
67 58 1436
67 60 3007
67 61 1329
67 62 2598
67 64 1545
67 65 702
67 66 763
67 69 1779
68 0 1554
68 1 1322
68 2 366
68 3 2455
68 4 3126
68 5 3181
68 6 2094
68 8 2348
68 9 2409
68 11 834
68 12 1095
68 13 606
68 14 253
68 15 924
68 18 1093
68 19 2853
68 21 19
68 24 1004
68 25 252
68 26 1053
68 27 2186
68 28 1184
68 29 2317
68 30 2931
68 31 2199
68 32 395
68 33 616
68 34 1264
68 39 1949
68 40 964
68 41 2914
68 42 2008
68 43 276
68 44 2042
68 46 2318
68 47 3301
68 49 1967
68 50 56
68 51 2695
68 53 1786
68 54 966
68 55 2535
68 58 1687
68 59 1057
68 60 176
68 66 853
68 67 2914
68 69 1159
69 1 955
69 2 1150
69 3 2669
69 4 63
69 7 1402
69 8 3306
69 9 1377
69 10 2760
69 11 3018
69 12 2900
69 13 788
69 15 2105
69 16 526
69 17 2711
69 19 2087
69 21 884
69 22 769
69 23 1117
69 24 725
69 25 1500
69 26 2244
69 27 949
69 28 1462
69 30 2016
69 31 1775
69 32 118
69 33 81
69 34 2649
69 35 3257
69 36 616
69 37 2264
69 38 3003
69 39 434
69 41 1655
69 43 1585
69 46 106
69 47 189
69 48 28
69 49 3273
69 50 616
69 52 95
69 54 709
69 55 1836
69 56 737
69 57 1212
69 59 2418
69 60 3203
69 61 2491
69 64 750
69 65 107
69 66 1417
69 68 1862
20 0 3
20 1 51
20 2 25
20 4 9
20 6 4
20 9 44
20 10 45
20 12 5
20 14 36
20 16 5
20 18 24
20 21 49
20 22 63
20 24 24
20 25 26
20 26 61
20 27 63
20 28 9
20 29 14
20 30 28
20 31 10
20 32 16
20 34 64
20 35 27
20 37 29
20 38 46
20 39 50
20 40 38
20 41 30
20 42 31
20 43 51
20 44 36
20 45 19
20 46 33
20 47 20
20 48 3
20 49 14
20 50 38
20 51 14
20 54 58
20 55 48
20 56 41
20 57 57
20 58 33
20 59 38
20 60 69
20 61 3
20 63 14
20 66 59
20 67 35
20 68 34
20 69 57
0 63 28
1 63 8
2 63 49
4 63 68
5 63 62
8 63 11
9 63 60
10 63 36
11 63 3
12 63 24
13 63 55
14 63 10
16 63 67
17 63 18
18 63 12
19 63 42
21 63 13
22 63 16
23 63 54
24 63 68
25 63 39
28 63 7
29 63 66
30 63 29
31 63 23
32 63 57
33 63 32
35 63 26
36 63 23
37 63 13
38 63 17
40 63 55
41 63 36
43 63 18
44 63 13
45 63 54
46 63 44
49 63 34
50 63 9
52 63 27
54 63 26
56 63 53
58 63 63
60 63 5
61 63 47
66 63 48
69 63 69
