121
135
110 117 0
112 148 0
79 154 0
46 105 2
7 50 0
49 17 0
185 105 2
143 80 1
123 124 3
99 139 3
98 188 9
6 122 4
41 119 11
59 72 1
124 79 5
64 49 2
149 194 1
6 129 17
96 90 13
161 6 18
47 90 18
155 88 5
5 130 13
21 108 5
28 154 18
47 67 10
79 37 5
46 43 17
55 56 10
194 185 14
115 160 20
57 43 4
45 195 24
74 45 20
143 23 34
20 183 21
189 20 33
16 158 13
140 153 35
31 141 8
145 169 9
171 67 19
34 56 15
3 168 38
36 123 43
98 168 3
199 4 12
117 162 41
113 95 25
155 6 24
175 24 12
11 195 51
101 8 41
32 147 4
8 20 55
23 35 12
2 139 26
86 65 24
176 149 20
111 156 32
187 47 13
164 141 12
82 50 27
92 84 29
37 197 55
77 17 42
84 170 48
21 136 15
139 114 45
82 185 62
84 155 64
159 174 37
144 79 1
110 106 69
75 69 60
17 132 1
1 67 31
88 174 42
131 129 12
89 173 8
55 100 25
6 134 5
170 73 49
31 12 7
118 51 65
162 35 50
160 91 15
94 153 53
24 182 49
77 180 83
111 131 15
167 92 91
20 163 46
162 176 82
34 17 89
25 126 1
162 47 39
85 68 27
72 87 75
184 77 13
160 29 96
101 114 92
192 157 19
22 30 35
55 146 15
111 48 69
61 0 21
167 187 56
164 55 77
101 127 50
78 156 54
147 149 25
120 141 60
157 108 26
144 143 53
164 7 72
86 182 51
155 126 93
145 4 111
143 112 20
109 174 65
9 81 18
41 61 83
143 83 11
46 44 18
8 188 106
155 141 116
74 167 41
85 63 64
102 49 123
64 102 44
13 7 52
113 18 117
171 183 74
194 15 84
184 152 24
66 171 66
179 112 79
123 26 66
147 173 123
193 180 52
141 197 68
124 134 89
169 69 14
105 32 89
124 55 38
142 139 12
166 82 125
58 2 132
92 173 99
107 108 103
136 0 18
13 94 78
153 74 83
118 76 32
21 86 141
157 182 3
66 75 83
15 173 159
68 199 7
68 90 84
192 108 66
122 12 155
132 147 130
102 21 24
195 4 73
34 122 58
153 167 6
84 36 4
67 69 40
21 14 49
6 147 84
92 176 80
131 81 92
183 87 172
108 44 77
133 34 102
61 112 19
59 92 84
138 78 136
14 62 91
59 154 156
110 62 67
11 142 113
169 168 64
126 12 153
129 37 109
131 27 53
185 92 30
114 100 125
38 120 129
96 129 101
72 105 110
27 58 119
103 25 23
143 150 77
189 58 170
71 67 2
152 114 112
33 42 167
38 55 182
173 122 72
42 139 142
166 156 169
92 6 165
95 8 30
35 178 19
3 87 198
95 196 55
14 177 147
199 177 119
4 140 173
179 44 89
73 11 53
28 66 130
129 193 81
70 158 44
91 70 32
48 194 20
23 0 166
197 35 220
18 153 137
156 3 179
59 29 121
128 15 127
199 95 88
189 80 159
94 103 54
197 109 137
199 28 33
48 134 168
44 110 214
25 161 85
175 65 208
51 49 145
33 166 82
74 110 232
49 160 56
128 71 158
59 158 95
72 186 84
80 53 153
76 46 213
108 163 42
130 28 212
75 25 101
7 24 18
69 140 14
115 27 112
170 122 73
130 27 72
120 112 237
104 183 170
104 4 255
118 94 183
27 36 7
97 31 121
118 68 254
45 87 13
94 38 132
59 198 72
186 53 50
169 35 145
5 140 6
192 99 76
73 125 19
86 64 179
46 71 7
123 177 248
25 122 232
54 155 171
175 154 27
147 94 12
56 183 130
72 163 101
177 37 161
149 14 260
177 117 114
2 51 240
119 151 17
43 85 207
134 123 190
181 119 20
92 160 185
42 19 114
32 2 277
67 10 157
156 146 115
88 19 189
75 188 99
84 177 284
104 181 80
114 145 216
59 186 130
101 177 90
81 66 193
172 152 171
91 199 210
137 101 189
148 95 45
106 29 189
168 12 95
113 83 294
159 96 52
68 99 96
32 178 90
156 89 197
151 62 273
6 57 49
95 103 268
120 35 13
112 185 307
71 68 230
96 51 136
152 41 124
136 46 4
79 7 217
160 104 196
196 152 244
4 43 31
76 167 19
183 100 39
24 53 243
163 131 207
60 29 19
74 37 184
105 114 78
157 117 23
157 123 305
165 97 35
169 185 270
50 41 9
95 199 255
59 94 93
7 148 327
176 161 240
169 196 162
50 60 325
41 82 199
132 130 149
161 81 275
66 173 161
159 103 298
100 182 160
110 170 282
1 131 282
53 50 236
172 175 221
183 22 301
174 125 351
16 197 330
140 119 150
157 184 253
187 157 5
138 186 259
172 37 254
15 1 128
33 81 273
77 110 197
126 59 281
176 169 23
81 150 96
195 61 230
137 183 96
43 56 117
4 12 330
127 52 116
50 101 185
133 65 99
62 111 40
144 193 126
199 67 18
14 166 157
156 195 307
74 175 377
31 23 75
136 96 322
27 131 160
109 27 51
184 5 331
150 100 192
198 67 199
98 73 253
119 2 386
175 159 263
114 66 108
128 170 259
40 144 176
142 108 253
113 109 89
193 105 177
26 199 385
194 19 342
96 181 57
157 186 126
56 32 360
13 62 66
78 85 157
105 4 37
146 142 276
184 89 165
35 17 378
98 85 277
43 3 291
62 118 402
131 58 290
41 15 350
189 45 63
118 5 331
40 128 307
171 111 285
67 182 417
85 187 171
102 41 180
177 80 329
115 59 237
99 145 138
145 134 176
181 86 316
155 125 206
51 70 118
191 38 306
67 98 84
129 3 112
72 91 217
154 147 406
98 23 263
183 112 228
81 149 283
51 33 16
63 130 9
70 183 80
175 101 193
118 4 46
74 187 210
166 131 119
147 127 341
110 37 433
101 92 423
189 78 222
90 137 257
61 151 263
161 32 413
36 53 170
190 1 422
172 8 424
182 118 428
10 17 300
103 30 452
60 137 187
106 28 29
71 49 362
73 55 155
59 66 386
17 58 238
43 168 114
91 82 95
143 59 78
129 161 146
93 157 40
107 103 363
59 86 283
26 157 340
196 151 181
101 78 63
82 186 260
137 155 93
10 43 162
112 29 74
136 131 8
64 65 341
33 48 179
17 190 28
116 183 163
81 174 314
150 181 336
102 153 426
114 50 259
138 145 90
101 62 293
117 111 306
7 106 148
82 117 231
97 84 127
144 14 482
12 170 491
163 124 383
31 146 437
37 103 48
155 185 260
53 17 153
165 122 126
13 22 314
87 72 262
33 24 278
98 107 421
45 199 379
139 181 270
196 109 210
98 93 252
179 114 400
83 9 286
95 177 327
20 187 265
5 97 371
39 75 90
118 55 368
114 161 364
82 39 356
48 23 213
179 16 267
28 184 320
115 139 437
198 98 262
59 115 398
168 13 462
40 13 42
27 109 471
170 138 78
157 198 82
31 110 301
120 60 482
146 111 100
88 55 283
95 50 417
74 83 10
19 18 161
73 6 183
75 130 529
26 53 364
86 30 97
2 74 371
112 18 461
15 76 406
35 173 216
108 40 193
182 132 93
109 33 429
7 191 109
62 37 149
117 60 13
196 167 45
69 168 66
199 114 326
157 32 406
185 183 268
110 186 349
170 168 540
124 72 339
141 67 366
74 24 280
129 83 258
184 70 136
78 190 553
54 39 220
117 107 381
144 45 131
179 141 49
19 164 324
44 144 301
131 97 61
137 111 540
122 117 430
171 90 349
152 34 37
10 66 191
91 85 143
140 142 55
63 81 242
25 124 2
116 101 68
152 4 245
142 194 306
136 95 572
175 141 551
179 118 44
117 181 155
141 118 79
112 43 418
41 26 375
39 25 501
193 134 62
68 1 317
153 4 16
0 37 435
88 167 505
117 11 33
175 143 265
40 186 67
113 62 85
31 38 293
46 196 88
199 35 523
131 70 353
168 38 191
93 8 201
71 42 284
115 23 547
145 66 323
85 21 138
80 88 168
55 156 278
14 155 504
93 140 227
144 155 363
127 169 282
161 155 302
55 41 462
17 21 194
107 86 87
35 63 389
160 8 324
78 63 496
131 73 419
187 50 103
11 169 2
130 103 331
187 84 234
189 162 85
24 170 48
124 37 304
147 17 300
96 60 325
177 101 574
176 196 569
129 103 309
31 124 541
70 11 526
95 5 336
3 55 143
128 92 328
162 104 165
149 166 546
138 117 628
126 90 162
64 163 404
144 196 346
110 180 344
11 159 339
23 42 222
59 181 181
131 15 457
23 12 601
186 5 323
137 77 307
14 22 142
168 76 626
3 51 588
37 141 587
21 89 548
11 98 487
117 80 47
125 55 169
171 70 622
134 164 370
152 118 520
29 4 327
146 122 116
170 117 230
108 172 561
105 89 407
176 28 345
3 176 628
44 64 614
90 180 607
97 171 448
38 10 614
101 15 667
61 56 656
145 180 621
65 88 593
9 184 678
138 12 371
74 192 519
107 93 414
54 80 214
122 166 293
91 108 501
49 9 340
101 199 431
19 58 204
82 90 487
187 127 594
163 42 547
126 29 79
63 105 689
81 36 76
25 31 34
143 104 601
136 23 287
107 15 606
159 93 436
53 166 242
18 145 224
144 104 163
174 45 408
162 16 171
85 46 662
8 102 219
30 52 234
176 156 709
150 143 139
153 17 43
140 23 232
167 105 621
116 21 63
12 19 359
25 77 296
134 190 619
178 117 43
47 188 232
82 35 692
79 107 457
181 198 110
130 191 325
178 68 10
158 68 144
25 142 59
177 196 203
180 21 636
98 165 306
110 182 322
152 17 672
109 141 402
138 159 475
99 149 317
154 130 175
102 165 268
158 130 253
84 108 441
63 57 738
180 95 132
25 68 140
102 103 120
68 153 266
14 53 532
169 77 522
24 4 550
26 130 386
98 5 543
197 81 323
139 188 146
52 76 646
4 155 437
126 73 157
156 11 721
10 47 747
33 46 380
65 93 573
196 79 606
9 37 274
92 182 722
42 22 31
157 116 219
100 106 237
150 164 96
17 99 23
197 194 636
172 27 461
181 199 433
86 75 645
62 6 636
147 55 581
93 132 295
178 145 154
76 182 30
187 107 50
139 86 307
80 46 108
21 6 608
157 140 187
93 35 37
113 42 739
132 190 62
92 71 625
182 107 681
9 190 548
181 153 463
130 54 25
179 26 71
110 98 314
20 175 254
195 129 273
178 8 150
102 145 578
11 94 5
37 104 21
70 56 376
116 133 92
101 187 600
174 170 497
142 120 160
44 70 98
15 152 580
11 152 682
19 117 555
46 13 79
15 159 370
189 26 760
104 117 800
49 61 806
16 194 467
133 182 555
107 166 333
35 116 511
122 87 339
26 177 733
5 190 533
117 15 504
180 190 697
119 166 655
99 161 154
156 92 430
81 50 606
137 95 610
130 183 148
11 37 285
99 90 754
72 13 415
47 134 302
177 59 127
65 80 790
183 164 286
177 186 782
164 94 124
61 11 670
123 187 253
120 58 125
1 34 148
95 84 640
157 195 0
58 18 252
108 188 689
71 171 321
79 82 39
125 29 17
152 84 493
49 134 47
65 98 129
172 33 377
129 52 733
142 125 659
137 22 455
175 192 467
50 199 739
116 198 71
153 127 106
45 184 31
178 157 526
43 159 496
60 32 342
107 145 147
4 13 345
54 108 173
193 118 381
60 8 863
22 60 399
124 156 315
74 169 760
36 101 22
49 64 753
114 27 493
161 52 650
33 144 529
107 40 365
148 145 434
185 154 203
18 22 524
169 113 128
142 63 172
98 133 508
128 27 738
63 129 552
183 44 151
140 74 37
124 116 303
105 1 40
147 100 725
174 11 552
93 51 245
111 191 251
21 185 458
98 129 682
116 58 701
150 63 235
57 159 899
15 138 655
160 93 718
149 1 509
64 23 91
125 92 798
170 162 556
17 155 20
113 22 119
68 0 321
110 174 591
51 40 213
125 106 24
120 24 22
157 13 656
15 82 252
52 49 388
181 179 166
147 96 1
51 170 691
115 34 584
147 174 101
158 101 567
89 29 454
11 128 850
14 170 64
70 173 28
30 67 467
129 60 724
36 59 115
66 99 267
77 150 476
55 165 757
177 163 711
17 150 743
39 88 302
18 85 718
53 164 739
53 98 135
5 10 314
38 154 672
35 97 561
6 39 555
171 175 508
171 117 67
81 56 859
107 176 683
7 26 746
123 146 82
60 97 906
20 81 624
100 115 244
39 111 725
25 78 429
63 28 240
82 77 410
6 38 25
90 112 640
108 28 731
52 196 17
2 187 58
36 48 19
32 92 250
137 51 340
144 59 527
78 89 372
168 15 420
169 141 401
44 92 817
176 2 575
174 61 355
137 131 199
98 102 808
168 144 503
117 174 883
50 179 136
128 32 880
105 125 767
47 28 422
65 55 587
152 167 206
59 47 23
118 139 40
89 34 133
192 94 670
33 58 640
115 189 504
191 129 430
82 184 572
8 157 214
57 153 858
129 128 970
195 140 54
176 165 475
122 33 94
173 91 644
14 41 847
70 83 686
116 93 407
137 106 220
187 109 229
22 84 972
76 0 678
119 192 417
167 132 638
85 144 194
60 146 325
158 50 290
187 30 157
146 80 260
0 137 993
153 130 370
31 113 773
158 48 459
72 93 108
81 72 392
154 92 650
96 110 89
168 115 157
38 157 987
181 185 587
67 71 902
115 33 936
46 173 334
122 65 943
119 35 189
44 122 540
163 183 541
136 58 573
20 93 246
38 162 950
73 20 238
67 151 652
7 89 948
163 157 228
91 64 157
9 136 900
188 153 514
87 22 546
119 123 617
132 129 422
40 103 26
30 48 880
31 187 855
118 6 337
13 129 191
149 22 155
63 53 80
145 174 390
142 182 309
79 170 33
147 85 317
108 198 274
117 194 1051
39 125 1052
83 85 539
61 144 135
111 41 718
23 92 850
81 33 628
52 182 482
40 141 1031
76 4 583
85 22 881
150 132 130
27 199 175
54 43 279
93 139 176
96 92 232
105 100 856
99 180 683
125 145 807
66 17 751
122 136 608
162 53 986
69 80 638
36 167 845
107 49 113
23 145 97
161 4 104
183 124 39
190 27 427
173 168 923
141 192 278
76 102 345
93 16 200
177 129 367
41 177 423
132 0 949
14 97 719
31 118 316
109 19 391
39 77 84
105 17 1097
132 187 618
187 19 894
59 53 879
67 197 604
179 47 20
41 48 200
171 46 722
16 45 657
115 26 126
66 198 24
192 154 896
39 168 891
132 146 633
5 89 655
52 105 1043
15 8 267
96 179 357
37 39 329
198 17 247
38 13 364
116 1 757
35 145 1082
11 110 66
113 80 230
194 57 363
177 166 370
4 39 332
68 146 832
174 146 156
156 197 726
7 77 230
31 195 580
166 168 418
97 50 632
104 134 359
113 196 15
127 137 128
24 150 607
128 120 683
126 53 348
18 122 810
48 117 183
180 35 281
120 89 840
129 104 1045
60 9 364
79 197 1069
57 182 1021
93 137 993
132 181 320
72 46 837
25 81 216
159 35 987
77 71 515
130 59 766
88 49 155
73 68 547
96 67 908
16 47 588
105 199 365
180 140 1075
2 60 390
150 65 1048
7 71 596
102 105 191
152 195 866
183 176 354
22 16 673
31 145 641
75 184 702
68 181 831
16 74 553
88 24 911
25 107 39
128 75 1087
42 41 916
55 26 384
79 66 938
122 125 481
95 154 243
108 182 1048
182 186 958
44 9 731
32 161 1036
97 78 16
180 74 698
167 18 834
195 68 534
35 160 588
58 153 262
80 90 1161
191 124 53
101 23 1076
72 173 324
58 32 560
59 150 928
82 88 1135
95 10 893
171 50 666
70 126 820
50 16 816
91 83 901
176 158 669
115 65 426
0 158 69
46 98 1022
192 14 820
85 53 892
19 36 659
22 43 623
180 37 286
40 48 255
30 78 943
67 124 1002
139 45 961
110 67 442
87 109 673
75 78 1139
89 1 114
186 127 289
196 106 214
104 81 675
90 96 512
158 70 654
167 136 299
110 23 214
67 50 825
154 78 95
152 26 531
1 150 364
46 133 674
110 198 819
158 83 1006
124 76 745
26 99 690
128 84 619
71 187 18
144 125 594
109 108 402
75 4 325
21 165 146
78 44 1182
78 176 505
18 192 359
67 72 164
193 57 209
54 136 966
184 61 1178
148 3 464
71 122 315
161 128 617
89 157 629
19 111 651
138 118 588
178 75 401
170 93 350
80 8 488
170 173 960
87 175 183
198 128 163
136 138 417
129 68 675
81 197 909
127 155 885
66 63 271
69 10 237
40 3 915
101 130 1073
114 25 80
51 62 868
103 33 271
138 79 988
66 144 418
149 156 1239
50 53 415
194 23 133
47 77 848
21 154 385
192 24 1250
197 190 168
114 119 498
112 107 1262
93 58 861
151 14 182
111 159 980
155 169 45
27 70 698
64 196 774
129 186 771
83 184 54
128 145 488
78 58 476
174 179 209
72 59 938
173 196 1075
25 181 319
13 47 389
53 143 353
2 100 1232
39 123 958
195 180 880
6 30 1173
73 102 699
81 85 386
43 74 1258
61 51 448
196 166 746
7 146 831
49 170 758
85 8 184
177 103 962
78 45 1286
18 116 874
176 172 1294
112 1 1126
67 144 998
133 176 1077
35 48 552
127 50 855
36 88 442
20 145 268
72 169 140
30 4 331
158 148 92
169 24 1219
85 140 214
115 193 678
79 143 260
79 176 682
71 81 330
179 29 355
181 142 58
31 154 1280
12 9 91
49 66 707
98 183 353
86 174 578
11 50 656
164 124 1171
161 69 41
188 60 206
85 12 889
51 18 7
158 89 1267
194 119 1250
3 190 757
150 120 698
47 96 688
29 118 495
92 147 535
187 104 45
176 110 617
105 170 731
56 74 387
71 28 1129
93 155 5
138 38 411
108 155 689
68 125 385
38 151 227
174 115 459
7 82 149
97 4 430
112 52 151
78 90 482
3 196 630
46 193 977
68 44 341
64 86 476
158 26 1263
82 34 196
10 68 1159
65 147 532
89 58 1064
166 145 784
16 182 1237
149 3 8
169 167 492
6 181 682
154 159 37
149 173 110
71 3 716
120 177 217
115 120 416
24 154 958
155 5 927
145 82 342
128 171 1194
54 93 59
22 147 246
38 103 477
111 166 14
186 115 954
10 0 247
16 77 1226
13 177 1390
87 54 935
104 153 192
127 112 176
113 92 89
64 133 1070
19 161 371
74 141 1244
74 164 306
52 92 1207
53 188 1046
131 186 1399
6 137 835
130 187 841
59 173 75
181 102 1131
81 143 308
132 18 1038
70 84 775
141 172 1313
133 131 643
136 50 1184
81 93 811
165 55 950
144 65 1331
197 2 774
179 94 515
49 156 1107
8 122 368
126 106 1040
154 171 749
99 176 889
39 87 1317
78 48 186
12 88 864
193 84 1135
184 148 756
42 129 215
143 127 93
118 163 863
196 26 927
166 106 351
36 117 671
188 0 778
115 45 690
198 138 737
169 28 480
60 99 1336
17 47 1005
13 101 15
61 161 1372
103 41 786
139 65 1087
153 137 854
68 116 935
169 1 972
166 177 104
147 70 813
199 112 186
79 165 178
166 52 91
174 65 339
21 50 502
100 110 932
12 144 297
12 153 713
129 156 1301
190 98 918
174 188 290
92 36 304
155 83 752
147 108 932
192 38 1363
27 125 1374
46 68 779
182 194 533
42 101 1423
98 160 728
185 99 539
114 184 559
44 124 388
170 38 673
114 155 752
28 101 1337
120 157 888
93 164 326
154 15 892
150 0 56
134 35 416
195 132 1068
129 190 183
41 152 18
162 179 1334
163 195 19
65 85 359
94 45 436
122 165 42
96 159 888
40 50 176
165 46 639
184 68 1167
5 193 239
132 197 969
108 29 403
80 6 173
109 94 583
71 101 319
63 34 782
189 43 1456
196 39 556
184 21 453
104 55 331
195 65 130
145 177 1117
158 195 814
4 160 1097
92 81 459
9 90 99
88 134 701
149 15 275
6 80 785
144 108 1163
85 148 1055
193 1 1274
111 66 143
93 128 1072
6 73 1367
97 122 591
86 49 192
117 88 1064
159 181 153
4 62 995
150 170 198
126 76 181
14 23 501
146 157 1078
58 102 1104
152 158 1276
137 67 69
185 31 583
27 120 883
37 123 124
185 184 1101
136 192 585
123 162 1187
6 50 425
176 17 664
77 177 464
189 158 844
53 32 523
15 99 1298
6 116 92
74 2 906
75 192 1097
119 109 627
189 76 1339
191 179 752
125 20 1021
19 97 886
198 7 1079
36 139 1329
37 179 747
52 156 538
47 81 715
154 177 212
92 137 82
114 126 273
31 48 57
43 31 1527
149 158 540
63 45 94
15 43 1277
19 169 420
18 197 796
119 42 635
44 33 1103
168 198 1201
180 92 699
155 190 1540
8 27 1570
71 95 408
145 76 1360
43 151 628
66 10 431
57 174 921
96 84 850
95 147 1356
64 113 589
168 35 702
0 79 1328
37 142 686
181 5 1413
49 117 870
133 13 122
57 92 805
80 137 1018
190 86 812
2 138 280
53 128 1560
80 30 1233
113 159 1353
139 21 194
92 185 1549
46 79 907
7 105 1378
97 100 926
198 87 1269
185 120 993
192 9 635
74 182 345
94 120 515
160 161 243
158 61 827
69 191 1046
18 82 197
118 173 264
134 198 1322
180 32 854
65 78 800
199 117 358
67 173 373
109 98 541
100 192 1175
57 53 1096
157 177 52
5 168 1623
179 95 169
131 100 1174
160 101 992
173 4 1190
155 56 628
156 127 589
199 23 1539
17 174 339
184 170 1496
79 45 1516
114 84 861
67 192 1267
109 59 1428
182 100 1052
52 4 1296
78 49 942
157 3 103
105 46 657
70 45 467
27 126 1301
40 82 393
33 18 1074
57 172 1114
161 18 717
49 163 41
145 12 1197
80 167 7
120 142 864
138 30 575
24 120 784
110 52 1143
103 179 1610
105 158 348
145 130 1102
183 187 1053
4 100 528
52 140 427
171 107 214
138 31 490
169 126 1207
126 134 1007
80 57 1662
59 64 702
119 4 1099
193 146 210
108 166 605
5 74 975
97 1 1007
184 62 511
38 142 1480
113 182 265
3 40 728
145 23 490
49 100 427
161 123 971
28 145 1126
26 92 1014
104 194 237
164 153 6
144 186 800
117 89 394
156 32 451
39 0 868
41 94 716
62 87 725
65 52 28
174 102 1405
64 99 1215
46 198 27
39 93 675
10 60 282
150 89 827
86 131 795
8 44 105
43 145 458
158 1 1467
155 153 1325
191 46 442
69 154 1034
40 65 1254
81 65 747
73 67 1258
48 184 537
159 137 1340
114 104 1024
50 124 332
169 160 469
198 77 588
91 59 1081
8 77 1349
157 148 714
124 70 1299
15 122 1284
125 178 704
137 194 280
1 183 1221
194 67 1257
154 7 1527
79 55 1414
132 72 744
30 39 1341
158 31 1358
193 131 1581
27 76 590
170 127 607
62 141 1682
1 42 1210
103 64 259
102 51 1118
111 187 1509
7 3 753
145 115 197
57 27 1145
87 56 388
71 87 617
193 168 1247
161 138 412
180 185 952
115 191 1110
67 51 1082
74 88 1369
131 103 1410
102 162 193
182 12 427
162 96 1453
112 23 1331
126 163 483
150 93 1057
137 176 683
86 9 172
16 1 1453
159 149 1044
170 118 1348
80 68 189
40 47 457
125 149 1342
119 107 731
28 156 707
16 142 265
68 100 1699
178 87 1295
98 92 1450
190 117 408
2 7 1351
18 126 332
177 36 575
15 66 1639
193 114 1516
117 57 731
98 173 223
199 122 203
90 7 1561
172 114 1220
98 94 632
81 145 513
153 20 1208
150 109 1489
93 82 1643
67 185 1249
185 178 1172
18 177 1089
86 188 1078
103 54 1263
131 190 371
147 78 931
195 107 187
63 44 791
49 120 1161
0 134 1508
44 14 876
32 5 498
175 28 1772
53 104 820
27 35 997
59 112 1286
193 29 473
142 20 1141
66 113 1319
198 167 437
184 93 354
51 58 1615
39 17 353
171 14 156
9 27 1274
7 196 1294
56 10 281
48 8 1675
88 74 303
9 178 1154
168 102 524
84 52 1632
14 85 398
79 174 1467
104 145 483
160 48 702
65 152 1349
153 11 773
139 99 908
85 181 1456
43 110 151
12 191 915
33 16 492
28 37 358
29 104 1662
197 178 139
142 10 797
147 102 556
156 189 1281
62 145 1809
67 76 325
39 61 1613
23 113 68
196 16 964
176 194 650
49 116 451
193 46 1229
190 50 1836
158 79 1582
81 64 6
195 41 816
117 173 1744
43 27 626
150 110 952
12 196 247
59 145 1375
23 52 498
84 27 1229
66 81 979
11 73 1816
162 109 1835
71 24 1275
58 127 350
55 15 825
85 83 618
23 33 731
179 103 1372
29 44 198
164 179 830
147 86 438
132 93 1047
13 153 126
175 77 1423
86 130 1012
83 105 325
159 116 659
23 170 312
17 183 1583
89 111 1523
50 111 762
187 174 519
66 43 1680
58 36 327
83 153 11
195 17 165
28 6 806
106 108 1139
194 68 1754
167 190 1069
51 191 997
173 23 1141
85 7 1116
101 158 1127
84 152 1302
34 183 525
173 152 1115
48 24 1794
6 164 1357
148 13 431
141 30 99
82 113 574
169 83 1089
33 181 1545
54 118 1504
9 118 177
120 129 1714
142 109 242
86 118 1874
172 98 254
96 115 1086
24 108 446
176 67 1670
173 155 1139
58 115 1887
173 182 1236
134 54 1015
120 37 77
162 92 1275
76 163 1219
151 149 479
86 81 640
44 120 148
163 30 1259
188 43 1
68 131 1149
175 182 1610
161 131 147
57 87 143
34 54 1876
106 117 521
159 190 616
144 72 1288
167 86 682
62 115 1880
34 138 206
145 168 1041
10 44 1040
136 199 94
198 35 1845
178 155 1401
151 39 296
94 175 659
20 193 545
187 59 1541
123 106 1265
151 64 1102
101 42 1159
69 47 1455
45 14 1121
52 13 1813
15 182 1263
59 45 146
177 9 618
163 91 586
32 44 687
150 23 1246
193 187 1376
99 177 240
88 129 991
190 38 91
77 36 201
123 74 1295
143 164 1775
191 142 1245
195 175 1262
58 78 993
181 118 824
82 52 1274
110 56 1857
65 139 532
193 27 1026
178 93 992
140 4 29
119 72 782
190 183 783
145 110 1579
22 158 1648
6 136 72
94 110 195
15 174 49
83 180 1819
127 145 1022
106 1 231
140 190 99
197 9 788
78 5 1715
178 38 521
122 126 981
91 184 183
130 164 1535
124 10 508
92 187 1742
123 33 997
163 125 280
114 11 1539
8 32 200
124 165 1042
111 53 36
77 103 1656
70 113 335
182 142 195
171 22 853
40 183 1518
149 90 68
166 112 1281
93 56 830
37 157 1117
167 10 1361
102 50 1390
133 89 422
80 178 1262
1 96 1352
113 123 507
189 94 753
15 186 1285
99 31 1089
59 48 1049
42 103 1511
92 29 1362
78 193 335
181 15 1806
108 120 422
107 95 1424
118 96 1888
59 60 545
176 13 1573
155 107 735
97 182 1758
168 49 1283
94 79 1091
76 175 1794
25 166 1642
152 150 1380
182 40 1350
129 0 1168
110 132 2023
38 158 673
123 107 21
194 32 1679
70 166 658
164 190 930
128 176 43
141 123 449
62 95 1881
74 16 1810
128 28 1260
172 128 803
23 98 1504
71 103 1540
39 60 1108
124 29 1630
88 170 697
197 114 1866
195 42 726
97 61 726
171 83 1445
85 194 60
73 132 623
198 130 1913
198 115 968
32 12 1831
123 13 589
191 33 1494
8 191 729
198 172 649
169 137 1223
76 37 1863
105 126 490
150 51 1296
114 96 928
140 103 493
99 155 1775
117 169 409
99 89 1178
85 100 1085
115 6 1798
152 180 651
178 45 1250
104 91 998
157 46 1784
166 136 1336
193 125 1492
122 36 1365
55 98 367
177 140 1198
191 11 1666
155 11 1914
113 52 202
3 29 54
61 80 259
98 149 622
11 172 1844
163 101 1768
96 23 442
17 59 1950
151 56 22
53 157 1654
103 162 584
115 53 2031
57 144 244
30 19 1883
43 152 71
198 177 1447
26 138 1017
154 114 1435
47 76 1373
58 154 1022
59 62 1605
66 76 2006
38 90 384
77 142 1808
65 60 273
52 84 490
65 160 890
168 188 1729
0 91 2114
64 14 980
36 179 588
29 63 1487
142 117 1306
37 155 1161
72 70 262
32 43 1536
41 173 1057
110 93 492
157 143 1550
114 16 1982
110 82 1042
49 154 2039
19 163 570
54 159 937
56 114 264
100 149 693
2 28 108
15 164 163
16 97 333
3 103 1491
29 182 1708
82 29 2045
157 134 47
113 57 1011
68 80 377
181 42 971
190 127 747
73 187 1955
101 123 1790
72 144 359
46 156 419
31 107 933
66 31 860
5 69 2081
141 103 578
190 56 1507
123 181 1979
138 129 313
59 143 177
2 146 1529
179 145 1399
128 198 1360
128 118 2135
176 199 1706
78 110 477
152 39 506
143 111 189
38 20 1604
58 141 2097
140 130 543
88 71 1937
145 50 803
68 179 1196
152 54 342
41 140 1231
127 57 684
61 103 1141
0 179 1400
148 165 929
170 156 189
31 6 1480
125 1 499
103 20 1404
76 136 1553
133 178 1234
115 170 1253
33 149 1630
12 157 1326
53 148 471
9 38 1735
92 188 1822
4 141 1407
35 45 2188
186 158 57
138 26 712
127 61 98
56 53 588
178 101 688
15 27 2111
35 75 251
11 198 2139
80 153 86
47 60 804
151 129 925
75 20 2097
199 143 1197
170 112 823
62 90 548
85 66 381
9 157 350
49 60 1613
116 172 2046
93 36 1532
65 95 1399
37 140 678
19 140 1195
139 143 592
77 190 229
112 36 1022
10 155 2117
100 14 1371
145 181 827
163 49 837
77 146 1646
149 66 1240
45 134 2055
3 139 468
21 8 259
144 173 1838
162 156 1115
88 112 559
131 195 375
127 75 1540
21 84 1894
10 140 1213
107 130 977
89 107 1945
103 49 1319
44 153 1167
34 112 1974
65 84 1974
115 141 57
127 34 1052
102 77 2223
126 43 1309
128 184 534
44 175 173
44 100 1314
47 174 263
106 95 1277
122 7 1298
8 29 1783
7 6 1021
139 5 1922
185 88 1239
128 194 1029
120 8 1412
178 146 2180
78 11 2255
108 62 83
55 4 1095
78 138 946
30 70 1724
116 37 1553
75 148 744
67 41 1980
59 84 2093
86 89 1686
146 158 622
51 156 2215
3 5 386
67 66 408
25 136 493
56 71 616
86 198 767
37 36 760
6 16 909
27 192 548
64 105 312
155 96 292
20 27 648
146 68 510
97 175 446
120 69 1146
60 125 1475
29 105 1870
112 2 72
184 1 1731
176 8 1341
100 107 2005
21 36 500
28 86 215
131 88 1184
80 0 2231
153 174 1612
51 64 2207
128 81 895
30 50 744
40 72 1559
94 142 1987
159 158 2255
33 114 1237
173 19 1885
120 150 154
186 145 2147
61 39 2064
186 157 1943
9 57 1335
149 69 2296
139 126 685
107 139 2033
61 41 1225
90 59 463
186 180 140
187 33 1339
112 15 1503
122 2 698
96 19 5
35 147 1282
143 78 318
62 138 58
66 88 551
57 192 40
80 58 674
108 119 145
89 46 1954
18 139 1069
184 156 1627
71 157 1931
2 185 1394
13 122 1971
138 136 1975
21 146 1370
181 60 1241
189 149 24
108 128 180
154 47 1546
15 141 1574
24 60 1319
80 60 1839
48 82 1435
60 198 273
181 61 1387
27 37 108
74 144 29
101 53 1079
126 69 1157
168 2 561
74 129 339
27 194 1650
136 128 1797
110 136 1548
65 192 1448
161 167 26
73 119 303
84 166 46
69 113 1022
39 139 1885
150 131 1096
196 9 769
181 105 337
129 21 649
192 140 2322
185 77 2138
151 111 472
192 1 2076
116 63 1260
15 160 2310
30 59 2200
58 191 834
157 92 1713
148 126 293
25 141 2189
147 82 698
131 127 2106
151 66 2282
195 47 144
9 111 836
90 105 475
97 80 29
19 183 1745
27 114 121
59 183 465
95 14 2165
52 110 483
16 191 370
152 97 803
108 4 1390
43 140 1718
125 38 807
52 83 1186
153 41 1038
125 66 2181
151 170 1993
62 55 1672
30 79 2053
193 92 1092
10 109 1344
132 78 145
2 165 2073
190 171 1030
130 89 752
98 58 554
105 166 2214
158 93 618
25 128 911
35 195 1458
80 32 234
168 160 1787
14 120 1785
99 130 1755
71 140 2409
184 55 255
89 44 1583
165 73 1212
28 90 179
151 17 382
89 197 1743
15 176 2140
80 2 2311
31 63 1675
173 132 444
161 53 1524
93 116 2184
180 60 36
44 88 1747
15 129 864
101 94 1894
18 196 1334
175 49 2106
69 94 514
87 42 192
97 9 2199
177 51 2112
98 26 736
36 93 1271
159 39 990
150 26 2274
55 125 1066
105 60 1415
174 168 2053
190 14 1693
82 81 1665
172 112 2287
116 74 773
160 95 1720
101 128 259
13 59 1392
92 11 1377
123 182 891
170 160 463
180 9 2175
91 95 1894
91 140 310
188 179 2043
45 148 2116
99 65 1560
83 51 669
50 5 301
170 164 2465
181 114 807
40 17 1649
53 100 82
196 103 1262
49 103 749
146 13 1338
2 101 1001
162 183 1626
93 114 2273
60 95 2405
1 197 584
78 8 78
43 95 1766
12 81 1402
185 93 1811
176 69 1071
167 79 1062
69 179 907
37 88 2154
192 141 1338
131 51 1921
177 147 649
197 149 33
151 112 1171
161 57 1257
136 27 2424
58 111 1860
176 21 868
69 195 1995
175 125 126
156 81 1634
59 153 1503
83 68 785
104 10 2497
99 100 1729
130 57 9
50 29 1096
129 48 977
14 134 1333
150 5 1395
24 42 357
59 11 407
50 191 2349
56 27 857
149 45 1171
33 55 1101
51 150 1633
168 159 1059
112 120 1562
46 52 600
92 54 1642
43 48 2127
186 39 952
26 172 179
40 130 2198
79 39 1266
161 72 1532
152 66 879
184 22 1274
39 133 1257
79 194 2238
189 91 521
189 184 815
69 170 997
65 79 305
137 100 1671
15 167 447
75 113 1547
22 167 2088
32 3 2005
198 12 646
142 16 2185
137 169 2383
196 199 2294
65 108 1869
182 10 342
176 64 724
64 96 2522
83 113 1413
48 94 392
138 18 2073
192 109 2492
27 178 2109
15 4 2295
155 168 1569
13 116 864
101 149 1491
42 39 83
126 16 946
30 199 543
108 1 2129
198 69 2030
82 93 1001
199 175 2312
23 10 2314
176 104 1265
170 28 2050
15 25 2130
108 89 885
16 171 2010
161 143 955
151 32 2441
181 115 771
154 124 1392
165 125 2144
140 125 934
11 140 901
43 124 22
96 153 358
176 91 843
134 87 1225
42 197 2193
80 110 1598
13 12 547
30 188 2075
132 30 1816
120 30 2457
65 107 299
157 69 70
44 132 1227
182 94 1019
147 150 2406
12 132 1380
165 162 115
166 39 2421
43 194 1016
30 111 806
76 119 2208
189 72 1464
110 4 2479
9 198 224
79 97 2390
136 127 2316
146 102 934
127 141 2581
151 110 2478
102 190 836
153 185 684
104 129 2547
101 126 990
8 189 1913
66 169 1196
1 176 634
27 91 502
173 87 806
112 88 149
91 34 156
80 193 82
115 158 872
95 144 2233
191 111 1059
22 80 889
46 148 1928
175 80 2384
58 166 2492
108 23 482
127 38 1070
106 119 508
76 30 1112
35 49 1447
109 45 93
79 184 2352
97 27 381
101 87 1444
50 26 1062
169 190 1315
105 130 1480
100 37 396
78 76 1321
8 63 1050
44 5 1623
102 58 1715
183 142 2018
73 148 1373
56 148 1845
75 109 1700
139 195 1399
126 94 1930
40 147 651
129 170 1331
83 25 2652
180 50 0
46 80 348
149 36 2595
128 105 2112
38 126 407
145 133 747
164 34 415
187 48 133
170 78 2648
58 52 1323
39 198 137
163 60 1540
120 55 12
36 199 958
83 148 637
136 53 517
31 157 2524
74 119 632
196 158 317
34 97 1616
193 45 1358
29 23 547
142 100 2456
160 154 1526
142 9 1485
136 2 1304
68 67 743
164 119 858
196 46 2364
185 58 2272
73 178 1938
118 83 1229
157 190 2373
28 2 659
0 177 980
12 140 1697
108 0 2501
93 98 2103
33 189 1820
31 170 689
51 176 2558
53 142 483
126 55 1074
153 159 1753
77 97 685
24 64 791
187 116 855
114 128 897
70 148 2305
43 86 19
117 32 1064
174 13 2180
60 152 479
9 6 367
191 32 870
13 146 2467
47 125 2302
96 131 1362
38 46 880
42 76 126
29 55 2216
4 63 993
50 78 2384
113 145 650
55 131 2419
30 84 1806
113 11 416
130 116 1164
185 7 2446
142 110 1441
27 187 2471
112 57 949
52 131 486
89 28 715
192 60 2384
5 60 2172
7 78 1196
61 74 2460
170 46 2034
144 100 1585
19 73 75
159 110 1466
51 50 992
53 111 1834
175 186 1039
158 145 1311
11 146 87
94 35 1652
10 112 1473
87 74 219
94 127 2363
167 178 1111
177 19 2271
191 51 2294
192 2 1444
43 104 1298
180 93 1510
192 61 966
78 97 741
161 108 2123
133 97 2122
4 133 723
39 15 1083
142 157 337
33 112 2642
177 98 388
153 116 743
143 62 520
19 143 1912
60 127 2680
32 11 2546
56 93 2316
73 186 405
64 82 1864
35 46 1196
148 147 1864
41 49 1458
70 104 142
81 30 1160
137 34 1125
113 37 642
179 2 471
2 117 448
178 102 1769
166 45 2651
34 93 2579
122 8 477
2 27 907
180 23 2300
118 69 1360
18 97 10
7 27 2678
108 142 707
104 56 2700
179 195 1496
169 144 2195
58 66 1803
13 192 1907
165 147 1756
60 120 492
108 18 2672
180 177 675
181 76 2667
37 171 418
109 172 326
98 86 1331
109 56 604
145 107 2012
120 42 2724
62 1 1465
23 124 2623
163 123 2068
165 155 114
42 183 2241
124 46 2733
178 186 2806
181 37 1715
11 86 2293
196 155 2705
197 82 1523
8 152 1245
115 98 2533
72 39 2539
40 92 1741
81 166 1140
57 67 2385
97 120 1324
164 95 2463
133 185 1822
139 145 866
102 131 653
163 199 1000
163 109 349
23 151 1563
2 42 2207
170 133 2781
64 43 2770
76 140 1108
160 13 899
43 55 471
194 178 2655
145 197 1547
126 77 1497
52 142 593
84 188 1965
120 132 2332
6 154 2475
122 31 1975
2 76 2648
47 198 265
122 92 482
159 5 1649
187 108 398
161 77 1416
132 104 568
116 82 1117
119 198 534
69 78 2389
118 24 908
140 137 1103
126 159 923
15 116 1576
39 13 391
178 85 1185
124 21 2523
1 52 269
182 85 2065
6 74 1181
66 108 1608
150 123 1419
178 88 2564
154 29 1554
1 140 1787
177 78 1510
4 182 1544
94 6 2237
146 14 2806
82 68 1590
188 98 1506
146 7 1976
75 60 2100
159 189 2476
186 140 1649
28 120 2884
2 167 1684
170 85 2333
49 13 1593
116 136 1018
175 73 2425
4 163 1083
107 198 278
107 20 1177
127 107 2284
47 196 746
145 188 378
150 91 1858
177 179 2403
13 69 1672
42 63 680
188 107 819
28 152 1290
158 56 2361
106 158 2526
147 18 1843
90 97 2215
26 57 424
110 153 1560
113 117 527
186 66 1044
54 197 1672
102 187 839
86 48 1556
133 30 2784
168 147 729
97 177 1025
169 48 216
35 19 461
119 26 207
33 168 2378
146 43 1217
111 13 1701
43 77 171
177 54 1995
195 181 1450
61 157 1548
47 19 2428
151 173 1520
44 26 668
62 86 1549
10 166 1751
75 128 816
7 11 2877
7 190 656
24 63 1753
165 42 2792
82 165 2486
130 143 1102
115 199 2251
43 40 18
49 56 406
199 189 1892
83 129 2072
161 37 930
147 110 2900
118 110 1658
154 142 1385
101 67 1214
25 169 272
107 81 879
68 154 1816
144 56 979
29 144 255
124 26 1062
69 198 1182
148 168 11
61 152 1803
31 27 1250
123 105 1275
134 56 1766
36 5 83
112 140 637
126 65 326
143 129 59
176 101 1200
128 153 985
112 25 637
23 100 2932
139 93 674
26 109 1303
58 19 9
159 197 2518
70 120 2457
171 105 265
185 83 715
122 48 1255
104 3 175
18 131 2685
44 24 627
183 27 1573
4 41 1172
24 122 128
2 159 634
44 41 499
106 82 201
72 0 233
75 66 1750
92 23 788
98 18 2637
40 143 2665
191 193 2483
99 87 2825
112 67 1165
79 101 239
100 113 2139
78 151 2384
152 106 787
120 67 1438
115 164 36
188 18 2148
180 195 1228
178 171 1698
57 84 2345
36 15 2122
148 72 1087
96 75 1265
160 149 1501
152 154 1865
23 2 1875
145 182 1166
143 85 1813
36 105 2534
140 68 814
2 18 2807
106 85 2886
149 68 1895
177 72 1773
107 33 179
190 133 319
21 42 1450
133 37 1618
153 28 1989
6 132 1719
173 65 1845
16 91 621
105 88 1384
60 102 2996
7 150 1496
2 126 2117
159 54 202
19 8 78
7 74 230
60 67 2981
4 90 2482
45 39 2221
82 0 1967
191 41 451
176 15 2592
108 137 1758
77 105 806
8 65 2295
90 69 1225
142 163 1937
159 138 3028
113 176 2144
32 77 2106
163 146 2587
95 49 2701
181 169 2984
153 180 1136
160 190 1470
115 25 1354
19 78 1803
157 125 2653
82 161 1218
125 170 1715
50 132 725
90 162 1938
73 173 642
43 81 2583
126 3 2900
146 188 910
7 58 613
157 152 1475
123 36 1903
13 74 900
73 48 1845
76 58 1526
70 109 859
60 187 2387
175 152 1442
0 71 548
81 120 1001
183 125 530
71 151 1112
63 126 783
114 48 899
166 47 116
148 108 2770
82 172 1450
136 145 2971
72 157 386
155 75 1886
124 106 2939
28 58 2209
187 88 116
65 10 510
102 150 3054
41 131 2294
178 195 661
59 103 2854
192 42 353
193 115 2466
156 30 3083
171 92 2332
105 33 663
143 92 2437
4 33 2642
99 25 663
188 197 2712
100 69 900
47 109 2802
75 186 1633
169 41 1455
178 54 2529
199 12 2371
32 0 686
142 5 202
15 188 2127
120 68 2743
152 170 702
0 118 2956
74 131 3054
189 30 2770
24 199 1213
134 5 2547
169 170 181
197 51 826
13 183 3046
161 106 1682
11 134 1002
83 186 1156
106 55 1787
39 36 1578
124 27 2326
10 189 1216
18 14 939
20 76 914
152 68 183
25 168 2243
167 183 2204
194 90 938
130 17 180
198 146 319
134 167 2349
150 30 1177
64 183 2682
69 21 2082
166 99 2275
36 31 3062
144 16 2374
146 53 680
188 132 2851
154 36 3018
35 71 2160
56 144 2316
159 191 1319
146 114 2692
66 150 908
137 38 408
79 89 660
6 13 530
144 9 577
108 6 28
10 134 1276
148 39 1877
162 38 2528
131 56 1368
51 120 135
145 171 2033
124 45 420
189 34 1756
169 14 1638
13 181 1726
175 171 2536
31 89 1047
173 179 1122
128 1 2836
49 151 2187
115 72 452
55 85 1701
106 169 1854
55 14 2401
162 178 10
172 134 2774
128 117 2247
46 199 1508
112 123 435
150 42 1228
42 31 662
154 64 1472
44 90 757
75 123 2412
120 3 2680
156 184 946
177 88 727
72 141 1014
175 103 1289
171 188 339
179 51 1418
61 141 610
170 65 847
179 182 2867
94 189 35
107 184 2782
51 96 140
143 51 1877
95 74 259
6 23 160
27 50 1710
91 21 2847
28 164 280
64 67 2196
10 186 1727
41 80 500
92 107 2336
54 199 2473
42 71 1590
75 178 360
142 124 130
111 72 1909
20 127 2440
97 87 1024
199 3 1242
127 160 1356
39 141 2278
67 59 2875
38 165 2281
171 194 945
139 78 534
72 22 1199
99 114 2683
154 83 508
123 179 227
34 90 308
130 148 2454
132 14 670
94 152 40
77 178 1267
118 158 1679
124 146 1737
174 126 919
156 163 3227
8 151 2265
153 136 1531
78 10 3145
173 101 74
13 119 559
17 80 2809
98 134 1843
114 178 2037
125 162 701
22 1 67
14 164 1001
26 151 809
76 100 2188
193 166 915
31 81 210
12 18 2500
40 11 596
146 124 1507
180 189 167
19 45 2431
164 142 1724
64 179 211
173 79 2174
46 164 2561
122 144 3184
42 123 182
159 115 153
145 58 250
186 29 1123
95 41 432
18 178 1499
134 13 1332
155 32 1132
92 130 381
40 10 1373
13 150 283
97 41 1546
117 96 1039
6 183 515
65 185 698
96 162 2827
181 176 1427
152 12 2882
131 122 3247
174 176 2957
188 67 2551
90 57 921
58 53 38
61 116 2934
18 48 339
89 91 1371
58 162 784
143 162 2423
21 23 394
45 160 2624
150 186 1410
143 52 887
17 142 1246
186 146 1274
183 178 328
40 167 1413
196 137 3115
124 151 299
75 53 1274
76 183 471
130 58 1435
156 14 1233
65 183 1778
49 183 3099
103 195 1193
77 30 1838
187 105 2831
127 14 1884
44 165 1857
149 114 1718
109 93 150
48 198 3311
155 65 487
50 64 2464
92 132 27
61 165 2632
43 149 1856
58 56 85
189 191 1669
144 84 3110
78 92 3036
125 78 2821
176 36 3262
146 199 2878
119 97 1169
93 67 1690
27 128 2704
169 0 1775
56 69 2209
170 83 779
112 84 1398
172 35 481
157 172 1778
43 9 440
16 116 1076
37 42 669
173 43 812
25 15 1138
126 162 1593
49 80 1748
88 172 1989
57 134 2966
157 84 1296
38 23 571
0 96 2558
175 156 2074
158 146 611
188 38 1407
180 10 2308
183 127 2456
37 172 2178
109 139 2035
63 116 1199
166 89 3284
190 17 1661
199 49 2855
92 125 1896
105 82 1916
101 68 2907
42 17 2910
191 190 225
136 21 2964
82 149 1053
57 54 2433
108 168 2205
188 3 2730
160 118 2554
128 134 2463
147 20 2802
25 49 2816
38 56 324
52 65 3131
138 124 404
25 95 830
182 188 3138
68 22 1527
189 83 1655
87 86 2172
146 177 38
11 158 918
176 166 468
122 20 2547
194 162 814
116 165 164
191 48 340
7 49 2257
67 53 2312
116 152 402
80 5 1353
160 179 2375
30 152 3307
115 101 3370
167 24 863
57 18 3010
44 7 3183
111 151 731
65 182 3280
179 45 321
175 45 292
115 118 1090
151 193 3312
24 83 1706
153 24 1080
27 31 2458
91 22 164
64 39 1857
104 199 268
21 160 2880
148 141 750
193 49 3325
80 190 33
196 83 3369
130 158 131
114 44 2480
187 89 996
146 196 157
18 41 135
171 164 91
184 102 1174
94 168 1228
46 15 2142
146 191 1013
18 63 3088
189 131 937
199 52 828
167 169 563
125 117 191
140 59 219
188 185 390
170 196 427
150 48 1573
194 82 826
1 188 774
73 9 906
52 89 2708
126 27 87
69 33 2489
183 25 819
113 114 2337
168 175 1269
139 32 2115
177 26 3264
180 101 3046
111 126 2372
97 33 2987
59 101 1946
169 146 1324
93 13 238
128 29 818
11 81 3150
72 179 1148
127 13 1702
181 168 3178
22 94 2649
5 165 3079
48 17 301
24 105 1599
172 186 1771
154 123 3157
34 67 2820
74 15 1045
63 114 2012
173 80 2904
133 159 619
125 22 253
81 165 964
20 181 3448
25 186 342
87 141 1052
11 120 1303
26 125 1521
36 10 3242
70 162 226
13 162 703
125 57 1230
52 146 944
141 70 1866
120 18 1915
146 15 705
48 29 2443
61 65 1478
57 198 1540
159 90 1861
32 21 227
145 151 2014
186 167 1705
120 123 3389
75 12 2307
3 136 1382
16 42 834
190 5 3125
66 23 932
117 39 3444
109 15 1939
190 125 2265
108 97 654
157 87 578
8 142 520
166 69 693
99 3 2247
7 142 2461
192 55 597
70 150 2846
34 62 2250
122 157 55
187 57 1485
103 93 1381
62 57 927
77 59 162
38 41 2593
57 118 2270
112 197 1495
154 23 2893
19 96 3524
18 146 761
1 12 802
170 94 821
73 112 2693
74 138 324
47 101 1517
63 15 3435
123 89 1327
120 149 2279
2 156 3049
40 91 3288
149 2 2892
150 130 1487
186 194 2223
69 159 2457
59 1 3023
140 76 553
95 163 367
40 62 3390
185 48 102
199 196 3073
64 115 2715
19 181 2348
30 45 1995
26 80 2310
193 72 2803
142 34 594
51 83 3306
32 155 3483
95 153 1154
189 160 3017
72 28 3132
160 133 1959
179 41 743
159 127 3388
188 25 935
17 173 3522
65 75 55
1 16 975
3 167 1453
4 42 3188
185 11 563
127 87 2157
129 136 3436
65 176 2194
34 1 3558
182 133 2864
172 187 1525
21 33 385
189 107 3261
141 63 3389
51 154 2855
160 65 2342
91 185 2995
117 63 2025
29 183 167
27 103 1529
88 140 197
179 34 3188
181 139 1268
57 32 1981
124 114 153
12 123 436
88 85 2918
77 89 2646
3 26 2461
136 194 681
22 100 2601
52 127 3089
189 185 3254
13 164 690
101 51 848
199 165 676
76 193 2345
13 125 811
191 132 606
148 136 2597
175 99 55
196 71 1056
104 23 1920
68 70 2494
99 183 1075
166 43 1806
6 192 248
93 22 2732
191 143 643
81 11 1640
164 68 2787
154 181 3382
160 116 2303
134 151 2258
125 84 1545
180 181 1729
53 30 1851
91 12 700
127 47 1714
104 173 3492
154 52 477
19 154 2142
153 199 2234
108 112 1876
169 184 575
50 131 2282
50 140 206
92 61 3443
177 113 3026
37 120 1251
31 13 1286
21 73 316
157 71 861
149 79 3036
177 67 642
49 78 477
18 99 2048
97 18 2617
175 138 78
78 128 1184
38 147 333
150 149 1004
20 144 1751
34 78 785
180 58 2164
163 139 2549
113 7 2270
158 12 3233
117 97 2158
190 154 2976
129 120 2145
159 8 897
50 163 2295
55 83 1853
65 58 1690
88 171 2915
182 41 3090
109 151 1760
9 169 699
63 12 615
76 95 3158
194 168 2608
106 160 3417
175 145 903
110 157 1956
20 45 96
162 134 1320
92 40 2940
195 125 849
188 127 1296
175 129 390
89 117 296
60 167 3659
33 62 535
59 170 595
27 40 2567
141 115 1054
89 186 2244
17 51 3230
161 13 3546
109 122 2273
140 129 2556
21 77 828
24 102 2308
71 199 2777
19 51 500
133 179 2767
176 142 758
147 138 2717
151 44 362
79 175 1763
128 74 3648
94 158 1605
103 58 3239
147 19 97
92 195 1088
101 37 2510
20 86 3241
175 168 1520
144 71 1143
120 47 3452
39 153 1686
54 131 3059
84 39 2406
80 81 1015
86 95 2531
68 145 2946
88 14 1997
28 104 3068
90 45 2543
82 75 3533
32 51 967
187 42 1269
13 117 1144
2 52 2624
54 133 3638
134 52 3593
74 8 3599
160 122 1749
44 160 1695
143 67 1613
83 119 1203
61 76 2005
18 45 2462
50 106 643
138 122 1794
65 153 1098
47 31 2605
192 104 2279
33 185 1942
173 125 619
168 92 521
191 35 3249
154 196 1868
103 1 2703
5 185 1015
190 18 2473
114 18 3046
156 154 3249
62 110 2039
122 1 2879
59 69 3219
9 35 618
127 35 2448
77 92 1548
78 67 343
145 96 2988
145 52 334
190 2 828
173 62 1034
186 123 1201
164 24 2999
62 33 1921
162 91 1372
35 52 3032
146 183 423
146 63 1576
152 117 1487
102 91 2507
159 74 2714
13 154 1481
91 89 299
64 130 1336
113 46 3486
179 154 920
36 138 1792
57 142 93
100 153 3646
16 198 292
152 109 2665
116 158 1942
156 172 2841
123 77 3267
123 27 1419
3 108 2141
16 44 3108
5 36 1849
162 161 408
86 80 563
143 198 2865
23 109 3465
52 82 779
139 47 2611
115 112 1795
39 188 2762
111 129 3708
26 174 3589
189 89 333
57 91 1793
141 140 3323
153 77 1268
54 132 2799
104 108 1297
157 41 568
52 85 2322
20 65 2537
111 141 1078
139 150 291
119 150 1915
195 96 3088
176 105 1339
136 197 1569
155 58 938
195 52 971
89 104 2371
73 59 3255
13 139 1291
64 57 1791
192 191 1306
147 2 2891
147 107 3598
196 148 472
13 46 2658
180 196 951
123 54 221
93 193 2885
190 25 3443
57 175 2475
94 107 3780
149 171 1373
75 180 524
74 96 1210
173 29 2918
194 89 1920
80 132 2876
73 124 2224
126 78 3256
108 145 2356
4 161 962
124 102 3602
88 84 414
199 132 2411
57 7 3264
127 143 1598
34 0 1620
167 55 3642
172 116 880
29 72 32
194 10 2219
164 36 671
144 95 1830
143 26 1631
32 53 2593
151 182 2238
39 16 2418
18 164 3004
187 171 3256
173 148 1803
152 21 3770
192 189 3563
27 80 2721
184 129 2972
36 160 515
157 173 1362
90 123 1199
93 110 1264
62 184 1544
130 177 241
9 179 287
177 89 1788
187 1 1951
147 69 1268
162 32 2751
99 173 1914
12 17 2113
50 102 2191
38 168 506
104 47 2255
16 79 287
192 77 3643
92 120 2991
160 0 2849
190 118 982
198 21 1820
184 103 3806
65 164 3353
6 19 3760
161 43 1135
190 189 1804
132 39 1717
159 153 452
79 179 3267
142 89 1867
64 140 1094
61 184 2556
78 164 2654
2 133 3524
74 104 82
29 42 1643
15 171 372
73 195 2679
114 162 625
45 76 2890
115 64 3176
97 147 2118
64 158 3897
142 99 1758
93 95 163
25 146 285
197 116 1566
40 36 636
159 172 2903
98 20 2297
122 53 1131
196 54 1087
197 22 2553
1 114 1419
173 32 2016
9 50 2520
161 82 2302
106 112 811
155 42 2612
100 127 3762
11 33 294
67 77 393
170 148 2761
6 75 2277
127 190 1358
100 174 3760
137 19 2314
87 125 2918
140 14 3125
27 155 3343
165 19 2817
142 173 929
176 155 2016
116 156 2771
130 105 3123
40 162 3001
44 34 2743
140 6 334
165 120 2266
25 147 1708
157 68 118
20 198 1544
170 82 2909
64 195 995
138 7 2976
122 140 1999
84 47 2832
59 109 3212
66 100 1252
43 186 2458
20 92 943
175 128 1904
4 95 1182
94 61 1121
156 171 1341
189 44 314
104 119 630
70 51 2761
101 169 3843
36 37 1284
17 151 814
64 122 2307
59 80 642
38 94 1671
10 129 2684
98 156 2041
148 8 1372
18 73 557
104 71 3450
60 52 975
193 55 2042
26 18 2804
160 94 3909
133 140 2184
176 81 3959
143 33 951
50 138 463
138 169 1851
156 193 2275
71 110 1075
47 138 302
66 116 2872
151 27 2914
20 176 1357
113 142 2961
111 46 2838
52 17 1179
142 132 3059
87 108 1658
129 29 1555
86 46 2890
36 183 2593
75 131 1151
90 2 470
56 140 450
12 5 3752
66 182 113
61 50 1079
159 37 3928
195 83 1479
185 198 1400
46 40 2733
189 163 1055
31 133 2294
132 118 2918
41 103 3526
152 62 1026
101 29 2112
69 57 611
171 97 1654
133 61 2420
17 106 3470
157 165 3894
169 38 844
167 184 3222
199 186 2022
51 48 3861
56 18 2921
83 175 251
166 37 1964
99 21 1302
150 165 742
152 100 2585
167 42 473
99 37 1154
42 6 3194
166 22 3304
4 37 1350
30 113 1939
64 180 1252
10 15 2186
175 162 3336
88 3 1391
45 36 1210
147 106 1424
176 3 3949
110 102 2437
178 99 1470
126 47 2955
64 177 1112
159 193 824
78 75 4014
19 193 2891
84 66 568
15 119 368
180 166 3780
14 57 3940
49 130 2518
56 64 2981
92 51 1749
25 90 566
55 30 2080
161 14 3720
98 110 3846
109 47 1001
68 143 4058
163 130 3553
97 6 3858
70 74 1424
118 111 3903
116 3 1245
162 137 2302
95 85 2525
163 174 1355
175 42 2135
86 164 3071
33 92 3113
2 19 2095
81 168 177
91 174 3221
117 25 2204
103 68 2737
112 150 3973
188 71 3128
72 68 291
114 148 2997
71 53 139
147 77 2761
5 81 3020
59 81 3329
6 190 1500
109 17 3667
131 37 3726
75 72 1
13 79 1888
183 152 359
161 144 217
92 3 1393
132 53 3048
55 191 3113
123 142 1829
23 196 1593
94 171 1740
164 9 753
8 62 2831
91 69 1782
49 31 3658
153 173 3379
7 34 1585
37 81 2125
190 144 733
6 140 138
146 64 104
177 60 2850
95 190 2383
57 199 2700
191 152 349
61 191 1695
129 117 1300
141 28 2029
22 69 262
125 196 1368
122 60 1983
95 33 2724
198 6 3501
113 193 1543
6 65 1948
69 126 3443
119 194 4045
167 82 365
86 78 3896
82 72 3496
15 106 2086
154 175 2506
22 107 514
35 12 2776
65 89 1731
14 130 1095
139 117 4029
43 17 1463
11 85 1299
68 45 2062
156 50 1716
65 101 2860
85 168 353
40 27 2683
40 26 2031
79 53 3299
199 192 3462
2 131 850
26 140 3835
142 38 3837
86 96 2105
138 180 1917
166 150 1187
144 187 3792
128 127 919
60 192 54
125 23 2408
123 70 2540
183 45 2065
165 146 1913
197 57 2855
60 85 1676
165 145 2617
52 3 3622
151 8 3347
80 104 1782
79 198 1058
98 39 269
16 118 1432
17 24 557
1 74 3618
147 183 490
86 37 3821
199 43 3349
169 178 1422
171 84 2423
131 54 139
120 105 3734
35 53 1191
120 125 2387
195 183 440
153 115 103
192 95 1383
64 87 126
82 132 3263
89 142 2884
10 73 791
79 113 3194
159 81 3918
55 175 2219
42 111 1800
27 162 2454
126 63 439
58 71 2498
102 164 3560
28 69 2285
72 69 769
154 160 906
131 182 928
70 42 3176
198 73 4107
18 81 3269
141 41 2669
111 176 145
44 65 3190
27 20 3305
65 31 1807
138 164 3942
107 122 3006
23 16 3640
52 109 2306
68 118 3861
164 160 870
144 148 2681
86 123 728
166 176 2552
162 117 1357
48 110 2747
96 155 3050
139 27 2590
166 76 183
16 88 690
134 194 3288
76 92 3738
84 163 3967
35 141 1439
178 12 467
134 2 2857
184 88 112
169 138 2002
41 137 4208
118 2 110
129 16 537
77 78 373
116 30 3210
174 98 400
64 129 1669
91 101 3999
115 22 1784
99 175 3584
19 82 4105
34 188 3824
100 195 146
15 11 2256
33 196 2261
94 48 488
3 114 3403
36 3 3755
199 130 1315
100 151 703
21 118 2809
2 45 2795
197 133 2821
25 10 3108
117 98 3543
172 107 1185
19 108 765
164 90 3233
28 29 605
100 179 360
35 161 320
56 157 1599
158 131 2992
117 152 2812
109 176 883
93 63 3393
170 101 2289
81 144 1869
197 39 1016
140 136 3235
32 174 572
143 141 4047
52 116 1398
139 152 3888
189 60 3476
52 75 3171
83 17 1381
136 3 3239
83 54 2786
3 34 1660
119 169 798
142 67 2521
21 113 2095
137 25 659
152 192 3908
23 137 3629
77 29 3724
147 38 2568
33 123 1798
108 49 2370
112 31 1739
88 106 2605
70 138 4233
7 160 2980
58 83 171
199 27 3937
130 171 3505
118 186 1021
91 33 882
187 142 1894
41 165 2112
34 150 4178
90 88 1891
116 84 1772
182 53 1983
148 52 3733
100 15 2010
2 89 3266
23 132 3205
33 141 2360
123 92 1261
128 190 2852
50 96 4138
33 110 1220
105 115 319
140 100 204
154 12 1668
31 72 1625
18 88 2690
148 160 712
159 58 4276
149 26 2954
145 183 1473
129 167 3387
179 37 2883
101 74 1081
159 13 4153
0 99 3219
107 131 105
186 109 2015
164 126 481
162 88 740
171 65 1351
49 107 393
189 97 3134
186 65 2901
167 7 4287
72 120 758
130 40 3576
189 171 3282
162 13 1782
78 46 2763
30 34 1481
16 105 147
176 42 1757
18 160 1794
183 8 1826
25 63 4045
15 52 2962
177 16 2582
0 82 2175
11 166 2648
154 113 1890
110 196 3560
117 118 187
168 176 497
28 176 1432
125 81 2402
165 128 464
59 33 3771
57 56 423
130 42 94
152 64 3070
175 118 2599
193 107 792
86 175 838
114 47 4252
76 151 2666
86 79 2835
42 85 1343
28 107 1043
127 29 3159
17 31 3092
8 56 3290
162 82 3948
21 174 700
56 65 434
153 182 674
64 61 885
94 66 2830
138 4 1369
137 70 3637
116 61 4064
151 157 2214
111 148 2610
81 169 1767
100 27 2384
53 154 2580
99 150 1212
116 94 356
122 93 1267
171 3 1750
103 164 3583
103 191 2410
87 82 1661
74 130 3976
137 18 7
79 115 380
115 79 875
151 134 3691
139 183 3712
5 14 525
171 49 4012
133 107 1096
59 32 1655
145 31 3998
13 189 92
158 22 3082
50 108 1032
115 62 2103
143 95 3672
40 164 3405
115 157 1394
113 24 639
106 171 3645
24 77 4251
6 63 791
43 96 427
25 42 4005
6 11 3785
115 185 140
65 83 1057
9 117 2309
170 108 916
16 120 1773
63 104 315
53 67 293
49 51 2426
117 61 751
31 137 3584
186 122 3008
90 78 1761
96 165 2534
96 127 1205
152 134 703
138 34 3577
34 87 3719
112 26 2621
83 98 2513
52 147 3280
163 97 619
111 80 519
90 136 2695
0 126 2155
164 17 3068
34 98 2487
101 71 1723
7 162 437
183 38 2178
158 128 1255
179 57 1463
80 182 1408
15 124 2112
171 155 3861
178 33 237
150 47 2885
71 192 633
114 99 789
48 87 2346
95 45 2826
81 114 4043
9 131 642
123 40 3510
44 140 3770
93 188 270
195 19 890
198 46 3271
67 91 1139
157 27 4097
35 3 3247
131 80 3671
20 17 3179
42 3 2305
160 84 2112
35 197 3400
12 32 266
25 27 3630
25 117 3493
172 44 3009
197 42 1220
78 3 2316
159 65 925
14 89 965
117 33 1201
76 179 4257
39 173 1463
126 184 3815
169 163 2668
59 51 2171
183 181 2267
128 72 868
109 48 1247
167 74 2989
69 139 2849
94 33 2227
105 78 2391
147 54 3753
134 98 3547
20 48 846
107 56 3674
78 109 2786
44 51 794
6 170 157
94 8 1808
91 188 2204
85 9 2188
61 46 3108
167 166 55
18 188 1574
118 191 71
131 158 3177
56 194 83
25 57 3795
128 126 3073
31 33 4349
183 137 4100
199 51 4394
197 191 1037
115 122 3034
95 56 3910
36 66 3424
45 43 830
154 96 1773
163 127 2173
83 173 2680
94 60 3935
38 9 511
25 109 2621
17 40 3815
19 104 2297
49 58 2182
163 186 168
47 144 3644
182 117 3571
166 181 4163
193 175 1132
68 28 1700
166 155 2972
112 181 2602
8 35 2611
8 150 2497
73 122 4262
74 47 1976
137 150 3925
178 71 3151
122 183 2104
147 44 1143
91 96 2239
88 163 537
8 104 2179
54 60 475
170 185 530
164 165 2110
79 126 1241
115 192 1223
66 197 38
106 124 2821
139 91 1372
18 141 2246
132 171 3142
41 143 767
137 152 1641
123 30 2808
62 58 807
77 69 3395
62 77 3372
163 169 537
1 99 580
163 151 34
122 185 359
48 163 1309
58 43 265
157 138 3048
0 80 3481
110 147 4390
126 51 1636
103 24 3028
37 159 4313
198 88 4550
130 180 2613
120 49 488
177 198 1980
2 120 4115
125 118 924
159 44 1895
186 105 142
88 67 2875
37 92 1858
51 93 1907
47 44 1549
72 118 476
168 184 1507
34 31 4327
3 36 3673
96 175 890
120 173 3057
125 197 4194
2 148 558
156 82 1327
154 129 2032
191 130 2199
189 108 189
110 131 2470
199 74 1710
85 175 924
191 97 4349
30 1 296
41 125 2739
158 143 178
33 29 3368
96 36 3789
12 103 206
185 53 1168
93 24 498
46 82 4094
99 84 1571
128 136 27
155 154 2249
92 67 751
183 46 1162
187 151 220
74 92 1777
81 99 3889
157 28 3798
84 128 3856
39 59 229
161 198 304
189 54 4436
166 125 2338
133 19 2911
141 68 2973
119 0 1171
137 64 2252
12 101 3940
191 16 4399
57 165 4073
149 161 4038
175 9 1184
139 55 3183
56 150 3433
89 150 3443
107 16 1023
104 137 879
38 86 4266
82 4 4459
147 179 1387
25 4 916
186 166 4331
160 165 1163
185 30 2467
66 35 4204
95 159 1154
31 111 1771
106 94 4593
51 102 4216
134 36 601
49 95 4507
139 157 4188
196 185 994
18 115 3455
2 116 1387
173 128 598
194 118 351
119 93 420
193 143 3509
192 39 4250
191 154 4511
196 59 2391
22 14 2746
59 91 3457
122 76 2022
70 76 1243
88 65 4394
1 105 3044
52 22 4491
154 65 4556
149 142 1491
168 83 4207
44 0 1651
182 67 1438
57 1 112
49 67 3174
175 188 2273
23 148 2763
197 83 2332
141 162 3149
0 190 2478
125 15 0
67 31 3443
172 66 437
38 17 3889
91 128 2843
156 178 2108
67 133 836
93 5 3297
157 130 708
16 10 2458
64 194 1784
143 119 184
105 161 1913
18 32 1381
194 143 1884
79 187 243
110 99 3067
85 70 1075
56 175 2292
41 175 1415
49 85 3460
140 159 3704
53 161 3174
66 67 1915
159 92 676
12 67 4709
126 177 3431
12 80 1158
48 38 3220
101 54 1152
197 67 1625
11 14 399
101 6 2007
85 5 1828
45 137 3643
196 43 2132
77 46 563
89 199 867
131 36 3296
37 111 4438
107 169 1701
70 187 2092
34 119 3964
35 85 37
28 24 270
79 183 4705
162 120 3050
107 6 3332
125 25 1717
7 197 1387
35 134 1529
193 18 2882
98 72 1360
39 5 2124
113 169 2499
57 181 4017
43 130 2652
195 185 8
163 173 2580
146 172 4216
108 174 2182
11 178 629
54 19 3045
190 139 294
11 155 190
67 62 3955
58 104 3116
48 131 4273
144 150 3690
140 88 3118
167 50 3350
105 2 122
182 152 3509
102 127 711
179 43 601
118 13 2012
0 191 577
162 160 1115
128 147 2743
1 66 1648
34 194 4071
145 148 4270
106 115 4639
29 33 456
35 191 312
40 157 3737
52 68 3679
134 48 4407
127 19 2500
119 106 4195
52 162 4735
126 118 2677
150 105 1337
185 69 1077
77 107 3609
90 48 3871
116 170 1827
177 154 1849
19 113 143
109 21 2804
109 117 2228
109 53 3973
90 85 1261
129 40 3554
170 131 2402
4 181 3947
148 199 3506
128 56 4560
34 111 1359
117 26 1795
70 59 4047
32 103 4424
105 175 692
138 2 3171
28 108 3979
110 55 3838
65 189 2352
108 170 4306
8 113 4152
169 54 1779
190 152 9
143 10 962
47 53 1558
37 175 9
197 129 3410
49 94 1545
67 196 3689
49 147 2501
122 57 2851
133 170 2202
140 101 3198
133 184 2047
149 35 4658
64 68 4118
165 116 4285
138 46 78
143 55 3041
70 81 808
124 167 1226
139 130 4663
151 37 2023
175 62 1392
158 75 1271
49 14 649
145 41 2554
9 22 2328
72 34 3335
107 153 1896
184 49 733
72 149 372
183 191 1957
52 174 759
49 164 4409
100 175 4516
7 23 2268
19 157 3275
82 178 3556
95 138 1079
40 131 4664
125 167 2200
7 63 1453
4 173 629
62 11 2372
132 183 2338
161 7 1953
14 91 3719
192 86 2662
45 110 799
150 179 3156
95 169 1510
124 101 752
155 110 2059
136 184 1412
82 167 886
163 187 1231
29 99 1629
199 97 59
160 55 4419
55 166 4161
145 65 4069
141 55 749
111 75 252
51 166 4168
158 99 10
40 114 3400
50 103 4758
38 83 2913
69 112 3965
180 147 2588
79 191 2820
104 40 4788
166 175 144
190 77 3562
49 144 2219
179 116 3027
155 161 4770
98 77 2019
35 26 4034
7 172 2770
167 66 1301
63 83 3457
101 13 3275
41 71 3079
68 25 3259
70 10 2896
34 174 4019
35 16 4410
115 173 3056
60 183 2355
147 158 4879
156 53 3725
109 80 2786
177 194 2013
34 161 557
151 97 3852
141 185 3852
86 20 687
34 105 1773
92 32 1289
101 100 1174
23 18 4797
30 148 3332
185 110 1601
138 114 3097
151 183 3039
143 157 628
73 106 222
38 54 1282
95 61 3155
136 19 54
164 111 1438
20 84 574
16 89 1994
130 178 2318
134 120 4117
48 151 1462
56 125 521
84 55 1787
117 170 4052
117 56 364
44 154 2942
37 100 146
16 52 1705
33 167 4656
180 107 4408
20 87 1376
36 100 152
64 126 852
175 67 4940
22 115 1203
89 161 4521
167 153 2260
155 116 4514
32 188 1673
199 146 17
30 83 1671
183 47 3434
139 67 2429
188 9 3045
127 26 4429
84 156 3783
179 175 1777
120 44 3480
60 86 2477
84 99 2123
66 20 3187
147 58 4798
67 35 1635
176 102 765
87 80 4767
11 189 4418
98 63 4869
85 163 4417
158 129 734
55 182 851
142 62 1549
19 60 4556
45 42 3705
38 189 2072
107 66 1716
33 1 4114
127 20 571
144 2 1482
167 33 1374
131 79 481
194 191 3378
88 93 3052
116 87 3874
127 89 2352
73 51 2032
9 162 3759
52 50 4412
136 15 1434
13 100 1676
136 66 1164
142 143 1278
160 79 1022
38 118 726
181 108 3347
142 42 3761
120 124 2734
12 41 3729
191 67 2747
144 198 384
143 109 3230
0 73 796
93 69 4561
123 185 3969
30 51 4279
7 139 2811
87 192 28
118 187 3921
76 93 4223
58 25 2721
123 55 3915
70 98 2269
8 71 2801
66 117 3535
86 112 2624
105 12 1330
138 110 2266
187 6 3249
4 157 928
56 87 2218
122 24 4083
33 31 2744
157 178 3642
134 92 3455
35 149 1798
164 118 3438
124 94 1971
24 48 3510
183 133 2594
9 149 2982
67 180 22
152 136 4674
183 146 913
110 73 2366
84 144 4644
69 75 1472
29 199 3576
198 118 3680
28 97 3892
123 28 236
98 180 2853
61 9 4679
168 67 4910
34 163 2739
130 198 3104
54 98 1558
84 179 2779
151 60 472
151 144 4748
65 191 113
96 59 3660
99 41 2334
115 148 1543
156 103 1673
128 59 2691
85 155 4670
112 199 590
33 186 3397
164 50 981
117 191 245
198 38 2848
19 90 2332
97 69 3945
187 80 573
136 30 1145
75 183 4767
56 108 2273
158 28 1073
87 49 1867
174 164 4287
122 80 22
174 30 3600
122 4 4659
177 1 849
130 170 4844
80 115 2843
82 175 4914
67 118 5002
44 148 36
173 138 1674
105 184 4362
117 93 3749
161 184 1075
112 11 519
70 105 4202
113 158 506
63 138 297
141 66 2300
110 77 3299
140 112 4457
188 175 818
30 6 2263
194 111 4797
169 191 3654
182 113 3383
141 82 3879
166 67 3241
44 169 3766
2 179 4120
75 94 778
173 67 4884
34 187 3759
193 80 2575
28 27 2950
68 128 234
44 38 3240
114 82 3768
189 179 3052
70 85 1578
75 127 2852
1 55 1852
6 45 4921
27 48 26
13 186 667
8 170 1166
172 12 4219
193 129 3138
88 102 3595
7 95 2058
143 41 4269
17 131 2430
15 17 2711
72 64 5025
146 197 3880
150 52 4362
128 148 1415
175 194 4975
172 117 3387
57 4 2400
136 86 5034
38 65 3847
196 101 3414
94 172 2641
79 157 1987
100 86 1912
181 1 3295
175 74 2158
146 151 78
188 87 1902
140 180 4725
45 127 347
182 98 4831
120 74 3640
167 28 4334
174 46 2969
63 181 737
97 42 2522
61 78 1752
139 165 4995
141 77 2819
4 170 4415
35 47 1021
62 198 1894
10 144 424
93 175 278
131 178 1687
198 61 2664
180 164 3348
94 88 231
60 94 2862
112 73 127
29 106 4211
118 35 2578
31 123 72
28 193 5068
78 172 1875
116 125 1767
94 138 4521
196 122 3724
193 38 1162
162 62 4293
29 68 2351
147 161 2761
8 129 3376
199 11 124
119 66 4855
39 49 681
73 46 2052
50 130 4385
23 25 4168
115 197 2480
46 89 1003
8 33 3115
151 88 932
15 85 3806
131 146 4596
65 7 2716
6 151 1059
70 107 1282
51 182 2415
106 191 4012
88 176 3819
33 134 2383
141 23 1178
68 168 1845
85 134 2666
181 154 2919
160 80 587
176 41 632
95 131 4284
98 122 3070
166 3 4432
192 179 4307
58 150 2444
146 38 4235
78 159 428
60 56 3490
116 128 3051
47 97 459
101 140 2580
122 101 1738
193 50 1946
3 149 2184
67 107 4294
118 179 5200
104 163 3467
58 74 3919
29 166 2531
133 188 2128
60 151 5116
13 73 4761
68 192 2438
129 79 1031
56 138 2420
110 30 3428
1 2 752
75 40 477
29 3 1273
174 32 1021
112 19 3265
155 160 798
166 103 4293
190 41 2584
87 69 3246
161 25 710
149 31 945
104 49 1398
117 123 1737
90 31 1487
52 74 1467
35 151 4379
87 114 53
138 99 2184
10 119 1167
10 98 2372
188 58 2358
70 69 2010
12 161 2625
27 140 4568
110 178 1835
182 126 2624
31 165 1258
198 10 1369
179 64 4068
180 169 848
152 184 4760
87 147 4543
45 66 3043
199 2 3138
144 69 4643
0 22 4883
133 70 1381
53 79 751
93 196 810
144 4 2600
4 144 2899
66 14 3746
139 134 3202
149 104 695
19 23 541
27 49 3812
0 81 1529
168 16 4173
62 169 3542
77 20 4116
55 48 683
145 71 3303
19 42 4859
80 143 1012
62 142 2214
9 194 1028
166 8 1507
40 174 1230
66 152 4456
91 148 394
14 96 3307
72 9 5003
145 124 2498
82 17 3721
63 144 5279
28 168 3263
26 104 3888
127 23 2478
106 198 2815
172 125 1035
51 104 2648
9 112 2979
110 141 2274
123 99 1949
185 3 3825
109 175 4164
57 61 201
3 146 3542
37 114 2565
186 19 4165
82 79 7
56 44 699
70 28 4833
187 92 511
28 55 3600
2 38 3255
103 72 820
103 95 3633
23 182 180
118 66 3103
100 3 2866
5 27 3214
71 34 3141
129 76 367
14 144 3245
198 178 562
150 45 4504
36 170 2736
123 78 258
154 188 3969
49 53 1699
40 137 4786
190 116 270
63 75 396
45 4 335
173 97 3630
41 134 4364
86 77 1295
128 195 3796
39 52 2579
23 167 616
88 131 1167
79 85 5092
13 185 3992
64 153 3240
101 7 2091
70 125 5150
89 4 5316
151 120 568
179 83 769
43 156 786
123 7 2376
87 197 1089
112 93 2153
51 74 3289
156 73 4495
62 125 3271
98 175 4252
56 13 3933
72 161 3439
3 85 264
102 14 1921
137 187 5017
79 51 2669
148 42 3988
141 54 633
97 56 3335
187 184 2847
29 117 3
160 129 872
167 30 1642
183 175 1620
96 160 2543
66 138 2368
197 180 2374
46 120 5148
88 124 4200
18 50 2616
97 95 3198
77 55 5016
155 3 688
17 73 2799
72 132 5337
52 134 2836
118 146 2298
196 3 4356
176 89 633
11 129 2142
133 7 2840
102 159 2320
12 113 4046
199 83 288
38 139 4940
134 79 4225
65 157 4108
17 114 3138
187 182 423
156 183 4883
11 196 2207
27 52 4827
50 116 2981
109 160 729
156 42 1656
39 56 3172
89 185 605
64 47 4217
66 12 2907
26 55 1011
123 158 3495
71 26 657
94 112 549
87 32 1501
22 111 1808
174 134 732
29 10 3100
115 147 2815
163 133 1732
68 5 1975
164 110 4533
151 71 498
15 78 4348
7 126 2388
105 111 5086
157 160 915
176 11 5416
112 86 786
69 32 4165
22 181 3657
6 117 3421
96 70 4644
30 169 5420
104 103 5293
100 196 2745
65 68 251
194 99 4704
98 158 4531
28 169 4347
47 180 2409
155 81 2187
185 182 1509
118 75 554
42 137 2810
107 24 1438
155 127 2373
124 145 2823
139 36 160
143 110 2449
87 106 2292
1 118 3917
153 29 1508
168 94 4283
63 70 4701
83 86 3862
180 29 1695
85 49 4144
42 150 3842
197 175 3620
53 59 3851
46 30 4778
84 123 379
151 179 158
131 76 2813
38 16 4853
166 170 1555
45 190 3386
199 138 4651
145 84 2023
68 69 742
60 113 2285
113 74 246
18 143 2588
42 191 995
164 113 1236
12 76 3418
197 139 5343
146 131 256
102 149 1175
91 10 1770
192 46 835
173 198 3354
3 147 4035
54 180 607
42 27 2021
64 26 2374
148 33 1309
42 48 1535
120 94 5003
120 196 1519
145 94 1142
178 59 4904
101 47 3127
177 42 920
153 178 2681
195 117 4934
80 109 2251
171 99 4773
148 99 238
179 113 118
71 170 2550
25 89 4107
111 21 398
28 147 2783
67 20 2892
89 147 3285
193 86 21
188 32 4421
18 19 3737
184 157 394
22 54 1498
51 141 2753
144 20 3150
196 145 2782
118 0 2609
64 154 3248
154 43 1419
48 139 1364
76 32 5040
97 164 4677
26 146 3095
62 26 1338
158 20 966
107 38 3676
171 4 3253
150 3 1891
117 136 5169
166 19 1921
98 54 649
173 73 218
6 69 711
102 179 861
25 189 4800
191 188 5099
35 150 4420
144 32 1750
73 39 5052
15 184 4423
79 102 3699
195 95 3067
15 97 2169
28 118 2727
36 83 2210
133 23 2982
68 122 1997
78 181 634
115 92 2291
21 187 5081
33 128 2447
197 8 1396
102 10 2421
67 159 2826
60 19 491
57 69 3008
195 156 4048
6 138 4019
171 77 2218
50 1 4593
69 44 3834
167 23 1171
76 170 4373
3 144 3280
194 166 1262
148 89 4390
70 1 2888
122 86 1048
24 123 2263
25 86 432
86 3 4422
88 25 3944
20 18 2577
182 87 3097
193 22 5047
42 30 1471
191 115 4604
160 147 4868
28 124 5390
91 40 2082
154 199 3679
42 92 2734
113 79 1484
63 115 634
55 42 965
80 52 5448
29 82 148
55 61 3519
21 181 718
34 14 2841
159 108 3948
15 172 158
20 83 3996
131 116 4761
108 81 3944
137 180 690
23 160 4046
37 174 839
136 76 827
175 184 3836
26 8 5339
165 4 3701
54 40 1644
198 104 3486
8 179 1024
57 80 1003
154 50 2509
161 112 3349
82 41 802
82 197 589
93 18 3283
154 61 4969
42 148 3370
167 20 482
193 130 3983
179 12 2339
127 60 1529
22 127 677
163 13 5116
116 8 3815
126 75 2158
123 17 5216
100 138 1028
74 190 4478
96 133 3775
41 172 1801
150 84 3291
13 143 1512
115 84 1769
163 172 3438
36 85 1208
128 179 4824
1 170 5383
115 167 3970
82 9 5462
164 92 4143
56 103 1507
187 161 3855
105 189 1492
77 174 3609
131 17 4396
94 41 2499
10 32 5191
184 52 349
59 63 1777
188 104 5441
48 164 2194
172 65 1984
40 66 5197
160 197 1772
25 58 20
27 137 4961
88 77 1575
92 129 3535
30 49 5307
75 133 3104
61 136 4328
58 55 568
131 34 4627
36 7 4670
195 197 5093
185 133 4357
27 193 289
96 176 571
145 129 4810
115 68 1284
23 197 5249
82 21 1835
150 46 4468
136 52 3172
34 23 269
193 78 3671
92 114 2614
22 75 5380
167 177 764
77 1 1084
119 148 3056
130 64 2217
98 138 5588
37 182 1277
199 125 525
127 167 3192
164 1 1314
20 6 3668
108 73 4228
161 139 1009
66 199 2510
55 130 4255
46 94 3340
60 87 3219
15 74 506
120 155 140
83 171 293
43 172 4234
73 40 2305
126 180 4768
1 112 889
3 169 1550
180 66 3276
177 34 3146
153 30 28
27 38 1680
140 81 3543
38 74 4750
151 58 579
172 195 3042
60 118 301
86 185 5418
11 18 3387
81 111 659
46 85 643
188 128 5427
138 62 4733
190 99 673
46 111 4376
6 108 3335
31 61 3596
37 169 2145
183 23 5607
126 22 3283
82 60 3628
191 86 4545
50 89 1593
175 79 3347
170 158 1779
84 77 1092
195 56 862
17 43 1204
83 144 5541
191 19 501
194 5 4548
109 64 1943
130 106 2187
69 176 1372
36 193 3371
57 183 4588
76 72 2009
51 2 629
127 58 2981
74 103 5466
145 137 5417
25 44 3162
169 150 1116
3 197 3742
35 61 932
33 100 3513
186 88 779
9 156 1652
88 183 2259
101 117 5748
145 125 5097
198 78 469
36 182 4233
92 7 2038
89 113 4824
79 83 1406
112 38 302
90 95 1827
104 63 4730
93 187 3020
160 88 2427
104 18 3795
98 197 4475
164 130 2794
38 199 2467
163 107 3687
30 3 609
10 11 1534
129 22 4772
70 39 808
10 117 3287
118 10 3925
66 60 5233
199 105 1891
51 56 2872
34 37 2169
164 81 2122
58 34 25
82 67 4463
56 16 3893
92 79 378
167 12 3806
66 24 4705
175 34 1151
70 133 3757
15 110 1632
64 173 2242
103 85 969
155 174 2197
17 159 1161
140 82 5656
71 126 1065
148 103 2999
63 5 2348
175 117 4096
41 58 5386
68 62 1153
73 104 401
89 143 1070
30 174 5292
94 17 865
189 46 3233
91 15 2329
184 48 1334
138 126 1491
89 68 2827
164 146 2902
17 113 1427
120 13 4443
130 10 5296
177 84 4224
137 127 2961
25 178 1626
114 103 3623
73 196 1138
9 72 2039
33 191 2014
35 165 5272
116 42 4404
174 28 5642
107 60 5187
157 6 878
113 115 1563
44 75 998
20 11 4033
112 21 2950
67 92 5602
18 10 3307
170 32 4094
138 33 5578
17 19 2449
66 160 5595
33 194 1744
83 46 2418
82 155 5713
14 133 3351
128 79 3697
191 165 1904
114 86 4964
62 60 5633
68 101 3264
58 138 5254
7 1 5359
132 170 1668
78 30 562
199 103 937
132 10 1706
189 136 4441
43 199 2592
143 90 2647
126 137 2357
178 81 4757
158 103 5286
141 157 4178
112 195 4877
78 189 3371
86 54 4421
8 13 1056
67 27 5276
145 10 2682
96 34 5030
140 12 4681
10 110 185
127 197 1250
26 32 2815
24 84 3607
81 45 749
53 198 3710
116 86 4626
2 75 5593
106 43 5758
168 75 3913
191 74 1404
189 95 5402
70 165 2526
166 10 5481
115 93 448
30 0 4135
172 164 5715
122 175 4623
30 175 3207
186 193 1465
133 190 1767
100 124 4817
35 86 3447
71 190 2884
100 12 3884
103 11 667
27 90 720
46 53 2464
190 184 3318
66 157 449
7 107 1912
191 50 5036
149 80 533
55 119 2537
84 167 3051
173 55 3631
103 46 222
172 144 4582
37 41 3065
191 157 402
90 122 3452
0 116 1439
2 191 933
196 157 66
169 58 234
143 74 5676
132 123 5403
172 168 3942
165 12 1006
185 95 5270
101 161 5371
156 37 4526
143 114 2407
1 192 1827
20 61 2854
167 58 4835
151 70 2165
127 153 3079
92 56 3489
2 172 198
190 7 2420
199 197 1915
40 148 4943
108 45 2225
155 0 2516
14 93 4685
6 144 586
159 38 5418
133 27 1519
0 139 2108
125 143 1130
49 177 5002
144 116 3551
29 130 5914
187 51 5506
193 19 1612
190 83 5086
103 181 4585
192 76 5014
193 150 2122
13 128 5258
136 105 4860
184 125 2438
22 136 1877
190 0 5102
70 21 4944
14 156 1053
58 89 3725
136 45 1000
53 93 4479
113 17 5101
86 117 577
128 188 3154
188 178 721
74 70 1051
97 66 5200
77 40 2066
11 31 1934
133 41 5850
53 31 3396
58 189 5891
44 116 3387
185 51 5332
122 74 1463
47 193 5813
33 140 5750
64 66 2504
6 2 2032
27 181 1708
48 183 3876
96 106 2672
39 130 1603
23 157 3544
102 154 1998
69 109 1617
159 123 3930
185 60 5729
196 82 4535
76 12 4433
0 149 3668
108 48 1451
84 193 65
191 145 611
158 40 268
152 162 3074
24 76 2839
80 197 5111
70 122 1859
16 125 243
144 6 5656
197 147 2595
100 66 3140
59 191 1032
17 56 5719
32 82 2278
68 166 1062
157 107 2999
199 68 1755
84 133 5940
145 59 4864
66 3 260
30 129 4155
89 168 5085
138 172 2062
45 141 1556
33 82 2527
131 155 706
61 34 67
125 91 2681
65 40 5733
32 186 3533
43 132 1889
158 193 5765
191 158 2381
95 7 5436
100 76 4887
148 154 419
36 130 271
121 2 96
121 190 18
121 107 190
121 0 38
121 178 105
121 123 189
121 91 77
121 64 22
121 141 98
121 34 42
121 98 19
121 60 131
121 51 0
121 12 102
121 93 26
121 114 53
121 197 132
121 21 160
121 78 187
121 90 177
121 15 96
121 122 9
121 49 12
121 41 25
121 87 115
121 127 94
121 75 79
121 145 151
121 3 189
121 39 137
121 19 105
121 113 163
5 135 49
11 135 190
28 135 25
31 135 73
32 135 101
41 135 25
56 135 129
62 135 115
66 135 23
70 135 156
74 135 177
77 135 14
91 135 77
99 135 129
107 135 88
112 135 135
124 135 185
125 135 35
132 135 80
141 135 83
142 135 61
148 135 64
173 135 88
179 135 130
199 135 87
