16
22
41 36 0
2 15 0
1 32 0
31 19 2
18 30 1
18 10 0
9 18 1
49 21 6
40 13 4
1 41 1
3 14 1
34 48 1
28 21 10
10 48 9
46 18 5
25 37 10
32 0 7
27 40 15
7 48 13
30 14 5
28 10 12
27 6 5
25 20 13
32 49 14
19 20 7
17 44 10
46 6 0
32 30 9
37 11 10
49 20 21
0 10 3
15 48 29
26 45 23
25 6 2
27 33 21
36 33 24
10 3 2
37 13 1
47 33 3
7 3 22
32 43 11
1 45 7
41 10 43
30 23 40
29 14 32
44 11 13
39 21 19
20 42 33
35 18 49
45 28 13
32 35 26
49 8 8
9 24 27
46 33 50
34 6 26
21 2 23
13 21 38
4 21 36
18 13 15
46 1 1
3 8 19
24 49 55
30 31 16
18 40 26
12 34 34
7 26 11
45 4 29
48 29 17
49 33 56
47 8 2
45 7 57
5 15 64
10 21 50
24 28 60
7 49 38
36 6 39
40 25 11
45 48 18
43 38 21
45 35 74
30 9 73
47 44 34
14 17 63
31 2 83
7 23 55
42 49 13
28 46 73
14 26 25
47 5 8
3 37 34
14 10 30
14 38 20
4 7 94
48 46 35
41 21 1
35 23 35
7 28 21
45 2 82
17 42 30
11 0 61
37 15 76
33 29 99
40 27 84
36 25 40
21 0 14
13 47 13
38 12 29
7 42 81
17 39 25
4 39 83
8 30 61
27 13 5
13 39 68
5 23 38
20 38 28
24 37 20
21 11 50
19 44 37
36 32 19
38 34 5
28 36 43
38 29 53
20 35 78
11 23 98
45 6 65
11 26 62
34 18 14
43 10 74
11 25 14
3 48 73
21 48 1
42 37 131
1 34 91
10 27 87
43 31 61
26 39 130
1 7 70
12 21 40
47 37 21
40 46 63
10 26 49
1 5 79
26 7 98
44 0 46
27 21 38
29 45 98
45 12 144
19 1 10
40 28 127
43 26 130
39 32 43
43 49 156
27 29 131
12 9 104
34 49 131
24 39 16
40 42 36
36 27 110
31 20 0
42 32 74
17 33 159
21 40 100
17 47 136
28 24 117
29 5 23
6 44 12
12 28 1
5 39 167
27 32 17
18 25 139
12 23 47
3 27 172
34 30 168
11 44 145
8 11 150
1 8 19
26 0 23
5 1 178
36 15 147
44 49 137
6 47 106
27 12 11
14 8 74
13 18 153
9 41 135
35 44 6
28 38 166
21 25 49
31 38 17
8 45 115
1 3 198
19 34 71
32 15 105
23 41 191
31 0 7
23 47 193
39 13 13
27 1 148
27 37 123
0 9 106
18 38 92
36 28 117
0 37 128
28 25 25
25 24 127
33 23 3
19 2 157
25 49 87
38 48 49
26 36 37
3 47 62
39 18 67
9 29 41
24 25 107
9 38 51
24 4 220
5 45 27
23 20 108
19 3 22
31 47 61
38 20 127
26 44 94
24 3 164
13 1 22
0 21 59
21 7 77
23 17 189
6 1 115
36 47 224
49 29 144
14 30 226
33 38 177
49 44 166
19 26 67
24 31 125
8 44 146
29 25 51
17 2 91
3 10 86
3 24 64
35 40 146
28 48 83
3 17 191
27 38 166
39 38 152
33 5 163
6 33 209
39 47 33
5 9 184
29 10 99
8 6 33
38 43 131
6 11 111
8 19 177
27 28 57
49 47 154
0 43 110
42 20 45
1 38 44
12 8 191
20 23 178
42 46 130
19 15 181
34 23 97
23 40 212
43 19 67
45 42 2
49 13 88
4 19 130
41 3 42
13 5 18
13 31 74
2 48 126
34 0 115
25 45 3
41 39 110
5 13 22
20 39 190
28 44 28
42 43 75
4 0 138
37 34 55
12 3 1
11 19 181
20 43 268
3 42 22
37 40 274
14 21 236
23 31 147
12 36 186
25 12 209
30 7 225
28 20 2
3 15 246
19 21 41
37 23 5
25 38 212
1 46 155
44 34 226
2 13 127
29 6 297
26 10 165
23 27 92
10 18 210
36 42 279
39 23 168
2 32 120
9 20 116
49 19 312
4 30 87
0 26 229
35 4 197
7 21 58
37 0 298
35 30 324
8 10 230
15 45 288
18 8 20
15 26 86
47 29 75
32 2 181
29 49 191
30 13 207
8 15 59
24 12 81
12 4 241
34 11 154
36 29 282
5 2 174
38 30 233
7 38 128
40 12 1
4 41 33
14 18 257
24 7 255
36 2 172
14 4 173
3 23 72
21 10 349
39 34 255
26 35 165
32 33 118
11 29 162
5 10 111
9 1 90
10 31 172
4 27 152
9 48 100
28 37 167
9 2 244
7 18 61
48 14 60
49 9 314
10 19 166
26 46 321
10 14 35
39 25 246
29 27 181
9 10 46
38 1 337
49 11 32
43 6 279
28 49 264
37 44 167
21 34 225
8 4 179
14 37 205
8 24 205
44 17 228
20 1 157
12 46 86
33 47 254
21 30 275
49 5 33
5 28 359
17 25 189
44 4 231
40 29 306
10 29 129
18 37 39
39 33 80
45 8 9
35 46 142
35 38 133
28 39 45
40 23 172
3 33 331
35 34 130
44 18 403
43 29 409
41 48 394
48 11 138
34 32 260
17 48 145
17 32 315
5 20 146
45 20 356
6 0 147
44 47 371
4 46 161
34 13 327
47 43 427
13 40 328
3 49 6
4 2 411
23 7 176
38 0 396
37 5 87
36 45 175
12 2 363
19 37 299
47 49 341
38 32 140
31 6 93
46 37 302
48 18 72
17 35 224
7 33 241
37 35 138
29 26 119
49 18 244
36 0 46
34 7 444
23 5 20
1 11 95
15 9 385
32 9 360
2 44 51
7 25 232
33 40 6
45 25 295
40 39 47
6 4 227
45 38 247
0 28 264
5 35 431
18 11 121
10 37 5
27 8 194
0 20 359
30 20 216
34 31 383
33 14 440
5 38 450
41 30 186
20 34 38
12 40 396
1 40 341
20 37 408
2 49 18
15 10 241
33 21 214
18 2 421
19 33 205
39 42 45
42 25 400
9 35 259
13 41 55
37 36 74
6 42 297
30 36 289
18 3 138
44 21 396
40 6 246
20 28 69
47 15 398
9 34 477
32 44 147
14 42 39
29 36 116
48 24 428
2 47 11
11 36 102
43 2 242
48 8 277
32 42 275
7 2 377
34 25 164
44 38 165
33 15 194
14 49 372
33 30 287
28 3 258
48 6 237
33 10 323
36 11 314
31 30 375
7 14 450
41 34 163
47 32 277
12 27 48
0 18 409
46 32 157
25 3 254
49 26 103
28 43 112
21 5 28
20 44 40
1 9 352
18 20 125
34 4 70
28 26 284
38 15 388
19 31 227
48 3 93
41 43 479
24 43 511
48 42 89
37 31 195
28 30 213
48 34 483
0 8 121
23 2 165
13 33 329
19 25 484
40 44 289
36 17 2
19 40 513
12 31 466
30 39 133
46 43 186
45 37 453
21 44 179
4 38 390
13 44 11
41 35 15
19 35 71
25 11 469
39 24 287
6 14 344
14 27 368
1 29 296
25 19 168
2 0 393
17 46 112
38 47 436
44 2 136
32 14 211
19 38 387
47 41 167
48 10 349
5 43 95
1 18 473
24 35 559
46 2 60
21 43 273
32 17 279
11 4 303
4 3 418
33 24 425
42 1 380
8 29 501
17 9 276
45 14 331
11 13 444
5 47 501
2 34 14
19 28 297
43 46 356
5 14 297
38 41 415
34 40 586
20 19 168
47 39 272
15 21 511
31 15 543
4 13 497
42 18 557
17 19 248
25 15 491
15 24 550
9 7 413
3 6 568
18 31 201
23 38 494
2 8 265
37 32 413
38 46 222
34 19 598
29 38 507
4 6 343
31 12 347
41 0 545
3 7 422
34 38 358
5 0 523
25 43 236
4 40 232
35 36 284
8 26 362
31 42 95
33 45 199
46 39 369
25 42 2
45 1 110
41 31 552
34 47 479
8 36 318
12 0 419
44 31 123
34 17 362
17 34 219
40 2 202
12 13 40
24 0 576
29 4 481
10 41 251
11 2 578
11 37 517
19 8 270
28 11 465
20 25 74
40 17 311
33 49 489
46 8 41
11 47 543
48 47 639
43 48 50
27 43 499
12 38 140
42 48 404
34 8 1
49 36 534
37 41 363
7 40 115
29 8 441
37 39 371
33 2 610
0 29 563
21 20 113
5 44 443
3 31 517
0 45 234
47 19 156
17 36 433
13 19 4
40 3 510
28 0 330
49 0 532
40 10 277
26 6 328
45 40 166
25 46 14
42 31 13
30 19 398
47 3 302
11 15 459
20 7 110
32 28 606
47 7 411
21 18 150
30 28 2
7 47 292
48 43 317
2 31 642
32 7 391
35 32 290
47 26 148
21 42 397
23 25 245
9 45 366
1 4 443
41 40 501
33 8 93
13 32 202
46 38 630
44 48 72
37 26 141
43 36 703
11 49 326
29 24 454
3 1 550
30 6 346
6 13 394
7 35 402
48 40 546
31 41 523
33 42 9
12 32 673
12 25 601
44 14 588
49 48 507
19 27 592
0 14 220
15 8 283
39 27 457
18 19 22
33 6 124
49 2 260
5 40 58
42 40 279
18 23 70
9 31 712
20 48 585
20 36 716
6 35 720
37 25 189
0 1 646
37 43 627
32 11 46
23 19 612
3 2 133
6 25 271
11 45 10
30 43 251
25 39 547
21 38 669
29 46 581
41 9 665
13 20 542
23 39 267
27 48 537
40 38 124
6 41 691
9 11 737
26 48 408
17 18 547
9 14 622
13 49 66
46 11 615
21 1 535
23 44 528
44 43 578
0 4 149
14 48 322
7 45 645
4 29 734
15 11 235
42 3 757
44 20 319
23 32 246
9 27 578
49 32 282
0 34 426
6 24 388
49 37 140
31 11 25
41 4 117
20 21 398
8 20 740
33 46 142
48 23 298
44 30 133
45 26 69
5 24 400
0 7 566
8 12 292
43 41 36
8 18 787
27 17 604
5 27 465
17 8 772
11 14 358
29 37 794
42 11 151
25 2 227
6 17 182
1 36 198
41 46 690
27 2 380
10 1 377
6 29 624
2 37 501
12 30 460
15 20 550
26 20 430
48 25 460
28 17 149
23 26 709
42 5 335
14 39 148
28 32 590
0 17 490
8 34 503
11 1 763
21 37 791
31 49 723
39 30 90
17 5 521
2 36 441
20 32 753
40 34 835
14 40 588
13 46 181
48 32 33
46 14 804
46 48 451
5 29 400
32 38 326
47 30 397
39 17 107
8 28 37
7 31 504
0 15 262
25 10 362
23 0 36
35 10 416
48 36 368
3 4 503
35 27 253
35 7 200
4 31 641
25 35 489
12 39 144
37 47 643
32 45 274
4 5 419
1 33 430
3 0 239
8 46 453
6 19 219
46 41 1
5 8 159
2 42 626
26 14 112
38 4 420
23 30 666
37 42 840
9 3 119
30 29 323
31 46 94
21 9 246
19 17 544
19 12 146
11 31 121
36 20 461
36 7 254
17 24 523
23 6 369
26 1 810
27 7 13
23 48 291
13 17 834
4 37 737
28 34 505
7 11 111
18 45 786
48 27 800
20 30 244
36 31 168
13 25 791
13 15 140
39 45 408
28 14 197
18 28 356
26 42 107
34 27 378
15 4 521
19 10 453
48 35 115
28 1 503
32 1 447
31 14 356
4 10 622
40 7 64
32 4 614
49 34 918
34 33 75
46 47 299
40 8 523
2 6 565
31 1 183
38 42 901
5 48 528
19 0 348
1 30 504
32 24 877
4 48 844
25 18 123
28 31 844
1 44 744
46 4 913
28 33 476
5 3 140
3 29 820
19 23 720
39 46 707
19 30 689
31 24 260
26 12 312
5 7 162
18 42 516
2 5 82
41 11 602
39 5 366
40 18 242
37 20 677
26 37 200
42 10 31
13 37 210
15 2 67
24 26 334
39 15 893
49 7 587
6 48 326
40 20 157
10 24 38
38 35 859
23 13 689
12 48 910
37 27 589
15 6 846
7 24 970
20 15 732
11 17 692
36 12 183
7 43 582
34 14 159
46 35 211
18 1 354
0 38 93
4 12 382
8 43 252
6 2 273
2 43 885
9 30 408
11 34 534
37 1 253
1 10 626
13 0 452
0 5 114
0 48 502
6 38 705
41 12 286
42 21 650
32 13 245
23 35 582
18 9 225
7 12 310
1 26 987
42 0 70
1 47 37
25 1 944
1 14 724
32 10 698
4 35 4
46 45 55
13 38 287
35 8 568
47 0 18
11 24 78
44 42 386
48 39 568
14 23 349
42 44 331
26 29 998
44 19 18
14 47 966
21 31 311
3 9 228
25 26 36
45 30 998
6 31 994
47 48 452
43 33 839
42 34 289
35 43 726
24 32 940
24 17 156
5 41 350
46 20 922
29 20 288
5 42 916
40 31 931
19 48 36
43 45 753
15 38 923
40 21 528
13 42 826
28 8 55
3 44 324
18 43 347
20 8 331
20 24 383
19 47 605
21 32 889
37 10 391
47 40 207
8 23 965
10 28 141
27 26 251
40 9 43
37 28 437
31 5 346
34 3 228
40 5 413
3 18 133
32 40 959
36 40 585
28 27 371
43 25 445
40 1 1010
6 40 731
21 41 157
44 27 448
9 8 359
15 7 219
45 34 310
4 43 600
48 2 357
38 3 588
11 38 809
36 35 886
17 21 937
7 37 386
31 34 900
17 20 417
28 19 125
36 39 888
38 28 1082
41 27 920
23 28 1074
4 8 691
48 37 772
36 49 329
32 18 741
1 19 102
8 39 74
31 32 713
25 7 924
14 6 236
8 37 949
1 48 137
15 27 413
1 13 1055
25 0 591
13 24 827
19 6 333
11 10 4
12 35 141
40 35 682
32 39 926
15 14 304
21 26 1088
36 26 673
7 30 197
19 5 129
28 9 869
2 39 992
9 42 481
24 44 607
25 47 259
18 15 1031
1 15 593
2 30 1027
15 32 159
13 4 317
8 38 255
9 46 684
48 15 603
38 26 220
10 39 141
20 47 585
35 5 857
39 26 641
16 49 15
16 40 12
16 18 27
16 27 1
16 38 14
16 39 33
16 13 10
16 25 19
16 10 23
16 48 13
16 2 29
16 36 12
16 24 36
16 5 16
16 11 30
16 26 34
16 6 46
16 31 1
16 30 25
16 41 46
16 47 9
16 17 24
0 22 15
1 22 27
2 22 23
6 22 15
7 22 17
8 22 9
14 22 21
17 22 19
18 22 30
21 22 44
26 22 10
29 22 24
30 22 30
32 22 45
33 22 28
35 22 1
39 22 42
40 22 44
41 22 27
42 22 20
44 22 22
46 22 27
49 22 23
