5
67
82 9 0
45 71 0
70 51 1
86 49 1
10 66 2
73 33 3
36 89 1
76 17 0
22 73 1
85 38 1
31 81 6
52 6 1
12 38 2
59 9 4
15 64 6
57 77 4
15 36 4
40 33 4
77 15 2
0 59 3
32 38 12
57 3 19
26 86 20
37 42 14
3 72 20
41 20 5
36 74 11
11 79 19
51 50 14
10 14 18
57 45 6
86 7 8
71 9 7
58 21 20
29 58 27
71 10 28
56 43 25
78 41 13
50 6 15
71 78 4
61 3 32
89 45 35
4 57 26
81 89 40
46 15 20
47 63 6
44 89 24
6 9 36
0 62 0
66 6 9
39 80 33
46 47 5
53 52 16
49 36 45
68 83 46
21 53 8
17 46 29
30 21 21
49 82 3
58 56 37
32 27 27
54 33 4
33 9 22
76 53 15
51 32 57
59 16 56
9 23 61
34 60 52
79 30 54
27 56 13
48 57 66
16 13 59
68 47 3
55 11 66
21 72 52
61 15 69
45 35 5
57 2 76
15 53 50
4 60 6
74 38 18
4 6 28
64 82 72
56 86 19
86 69 55
80 78 21
79 46 7
23 71 12
48 46 3
53 29 74
61 84 66
59 52 20
60 0 31
1 78 81
7 39 73
3 49 78
69 89 73
9 59 94
20 48 14
14 76 85
6 23 73
53 2 88
26 33 53
56 62 100
69 55 10
49 51 46
13 1 68
79 45 101
33 68 72
20 49 38
45 44 69
2 48 60
43 80 3
38 66 76
45 22 59
77 82 75
87 43 83
12 64 111
3 70 49
34 17 118
37 85 116
55 35 96
20 6 83
15 45 64
38 84 66
8 20 125
71 43 81
65 55 98
22 25 48
79 34 30
79 37 81
8 87 96
39 65 88
56 1 123
26 4 15
80 7 8
61 21 17
42 21 45
31 77 111
58 11 0
55 46 59
51 31 98
25 75 66
11 46 86
87 53 139
35 66 60
24 72 43
22 7 140
17 15 103
79 23 40
26 27 60
35 56 65
17 11 82
69 28 104
51 66 96
10 47 6
58 14 138
89 13 101
83 57 151
17 20 54
18 1 54
12 11 41
24 89 52
40 18 75
2 74 59
42 65 3
58 61 73
62 11 165
21 29 156
43 30 92
0 43 21
42 32 150
45 59 15
60 14 18
38 18 49
82 52 153
33 34 88
75 9 9
3 62 73
52 35 151
78 2 101
13 32 117
8 18 153
60 12 98
76 69 181
34 54 168
63 6 75
82 32 116
38 35 43
22 18 76
4 89 16
30 23 1
70 86 48
75 35 148
42 0 58
48 28 182
69 65 23
6 27 155
34 15 73
45 20 99
3 21 205
41 24 92
2 15 200
77 69 63
27 24 116
72 80 9
50 1 163
76 61 122
71 34 49
50 64 97
33 0 121
6 51 38
42 75 49
53 56 206
0 6 70
0 88 43
7 13 38
40 73 120
8 49 199
16 80 148
64 21 223
34 8 42
2 14 179
56 9 103
7 14 48
9 30 153
57 20 20
29 37 94
22 42 29
28 11 80
14 56 95
16 74 47
72 54 63
27 48 165
66 63 53
72 7 129
79 38 188
62 71 3
89 27 151
46 8 75
34 83 163
8 84 75
32 45 35
57 44 220
43 89 186
0 17 172
87 2 14
11 48 16
19 26 20
49 81 234
10 54 91
13 40 202
4 16 34
61 41 190
68 75 166
9 79 235
52 41 148
26 35 184
55 44 231
3 81 32
15 30 0
9 39 180
34 1 187
9 85 236
60 21 182
59 49 76
18 30 95
45 87 106
27 28 85
9 36 95
33 32 109
41 75 161
1 37 28
60 54 36
49 62 164
53 51 160
24 29 176
62 74 115
72 14 19
76 43 221
56 0 75
10 50 33
3 83 154
7 84 205
63 29 250
52 87 253
31 54 60
66 61 135
82 44 287
69 53 27
74 25 77
68 59 295
43 12 96
86 26 215
48 85 278
55 40 90
78 66 146
59 7 97
12 83 219
64 75 298
44 39 96
23 37 238
55 63 118
62 81 303
52 82 19
55 83 262
49 78 290
87 21 148
79 21 224
20 23 85
75 48 268
72 37 238
25 76 288
21 0 232
41 35 267
29 74 162
40 26 257
71 8 198
17 9 289
56 45 67
83 11 274
79 71 274
85 24 331
40 21 0
10 12 265
54 6 207
71 52 14
87 24 302
86 88 70
61 69 214
24 75 8
85 26 34
36 38 56
34 48 2
87 18 210
44 21 302
74 65 291
45 36 267
63 74 177
34 66 208
8 71 232
14 28 20
26 80 72
13 66 167
52 44 16
86 16 104
85 82 110
87 79 215
23 41 257
85 3 337
47 83 127
16 43 355
43 10 300
19 14 19
10 60 212
10 41 299
65 17 189
69 45 104
75 51 239
41 62 359
22 2 258
15 80 232
25 12 275
55 37 329
52 50 180
21 54 277
65 16 22
10 38 140
7 4 355
38 62 117
64 37 320
76 80 270
35 19 41
0 13 127
27 33 121
17 21 25
47 62 7
23 59 174
0 72 264
85 55 248
75 65 64
86 15 101
64 83 86
59 33 14
25 55 17
59 83 196
68 39 125
11 22 228
11 30 111
9 66 61
73 2 106
15 12 370
82 85 63
56 36 34
14 55 175
68 66 374
49 44 264
85 32 328
11 31 0
13 9 142
51 58 220
83 78 395
6 34 415
8 86 66
55 62 145
61 25 99
66 39 143
69 14 202
88 20 63
65 10 153
55 36 364
32 3 345
51 59 287
35 11 89
81 85 248
84 61 115
58 38 310
78 74 68
36 19 271
22 81 99
4 10 301
48 64 191
22 64 237
77 30 400
77 72 1
36 13 166
81 10 424
59 47 86
3 64 308
33 15 416
46 0 64
78 55 15
77 80 432
23 6 260
14 66 63
3 32 335
47 2 146
89 87 206
83 37 251
27 54 65
65 29 423
85 84 81
75 23 22
57 54 196
76 51 364
78 45 363
54 20 293
15 50 439
76 8 231
76 4 2
14 2 321
38 1 109
71 86 275
65 84 338
80 72 468
84 41 201
8 89 40
2 79 115
49 26 161
74 51 361
70 87 343
58 83 432
32 89 467
72 22 366
2 35 150
32 63 415
59 13 141
82 64 203
85 21 272
54 32 176
40 37 472
22 61 152
12 7 210
41 18 250
70 35 325
55 39 207
58 28 189
30 22 324
87 42 353
3 79 13
65 30 265
26 31 462
83 17 397
53 76 104
18 2 400
31 87 405
89 53 170
84 14 475
74 14 16
71 48 34
70 81 426
70 3 261
58 55 400
27 38 351
74 85 9
28 60 350
68 51 129
13 37 449
40 39 448
56 7 114
46 44 373
16 28 195
28 72 332
3 76 431
69 84 303
57 63 97
38 65 517
21 27 38
66 68 184
89 86 23
48 40 124
6 80 163
55 30 5
27 88 357
4 28 433
44 12 278
19 32 212
54 16 81
78 56 51
37 59 243
65 42 128
21 2 335
24 65 199
84 53 125
61 36 273
2 62 445
66 14 114
28 55 73
48 11 256
85 30 304
51 7 182
65 52 202
58 33 402
53 57 177
13 83 160
88 41 241
74 66 92
24 18 23
78 0 379
74 2 552
71 84 270
68 50 110
52 14 136
8 65 270
54 10 554
46 34 155
7 1 455
28 81 111
81 69 480
77 89 439
25 59 328
43 46 89
22 1 485
11 62 557
87 9 278
88 8 138
74 36 10
86 62 46
57 51 95
26 62 470
73 60 254
11 56 171
78 8 373
84 55 486
72 24 583
74 69 216
85 62 412
85 52 418
7 50 220
19 15 418
68 29 56
22 33 90
25 9 159
7 88 314
88 7 213
30 3 404
55 81 239
46 29 468
30 87 167
21 20 364
71 29 24
40 27 438
27 58 497
82 12 260
32 66 267
1 42 568
8 68 244
61 70 349
70 13 214
27 70 111
24 52 211
37 20 325
12 3 5
80 4 122
76 0 449
45 3 602
70 53 408
83 87 253
30 31 619
30 50 413
20 19 29
26 42 105
77 75 53
50 45 202
78 25 163
38 17 351
82 29 294
15 51 6
36 32 42
42 61 565
81 80 63
53 69 470
78 29 425
59 81 94
79 84 298
81 73 67
50 86 282
89 32 340
55 28 634
71 33 575
55 31 489
34 11 385
52 68 612
55 56 535
8 16 542
37 21 218
31 88 390
75 60 228
18 86 553
3 43 113
87 89 60
31 74 362
15 23 327
85 79 68
64 34 556
38 53 129
35 39 586
48 10 563
52 69 514
55 86 140
11 57 303
11 66 614
12 78 545
85 15 656
11 0 497
26 0 9
57 65 78
18 70 40
45 52 69
87 12 637
83 39 356
80 6 367
19 54 116
24 51 621
38 57 532
8 35 383
17 39 481
12 20 345
4 71 198
61 35 375
16 71 141
56 73 295
26 52 579
69 1 78
45 4 686
0 47 566
82 63 222
39 77 633
51 6 233
40 71 38
24 39 608
40 86 74
55 7 406
40 89 279
19 52 13
43 24 684
27 62 113
35 15 297
7 41 643
64 72 390
34 33 617
14 27 623
20 87 701
27 72 296
3 42 105
31 21 529
88 27 304
19 78 380
77 51 37
6 83 375
11 58 82
43 59 632
32 84 683
39 24 584
85 2 606
7 47 151
46 62 343
56 60 68
84 8 310
47 42 328
76 64 120
28 13 556
25 33 186
53 41 311
47 60 636
83 66 198
58 51 436
54 62 485
63 84 172
22 60 72
14 47 735
78 89 111
59 31 384
50 56 669
82 4 3
43 40 679
71 64 155
62 49 560
45 53 61
39 9 118
47 28 514
20 45 633
38 46 441
56 46 483
79 26 165
31 10 351
74 58 352
18 74 414
49 21 674
39 70 270
51 2 211
37 41 259
27 23 624
45 16 760
2 52 65
3 63 241
12 16 510
14 30 329
63 37 61
18 26 478
1 60 495
64 73 280
14 36 346
58 13 353
78 14 380
40 29 707
7 72 649
39 86 526
24 1 402
6 87 639
13 43 11
70 37 762
59 18 613
71 68 475
65 58 546
33 50 131
52 9 172
43 72 38
74 42 439
86 59 85
25 72 22
66 84 301
64 22 205
41 71 29
74 24 249
13 60 294
66 53 543
23 60 436
88 44 370
65 74 214
23 15 261
86 60 610
27 59 694
71 66 83
86 66 354
35 86 763
26 46 762
65 15 767
53 39 573
41 86 267
64 80 561
88 51 20
76 29 147
83 10 579
40 62 30
11 17 197
32 4 727
74 88 392
85 33 334
38 54 95
68 38 558
73 0 181
61 62 479
84 17 64
70 72 247
63 89 179
41 85 209
44 11 23
84 81 239
82 70 83
15 81 481
25 18 43
18 13 752
25 50 393
36 31 631
12 73 831
13 25 58
69 44 103
9 8 790
18 4 669
20 7 96
32 10 381
3 30 561
49 28 629
40 43 356
63 78 760
53 36 279
10 52 801
13 63 690
18 20 522
51 88 45
57 74 608
33 84 303
76 46 168
32 43 714
37 14 253
23 0 743
4 29 191
7 73 258
70 49 780
88 79 243
19 42 444
32 26 836
86 63 694
81 15 404
2 85 314
80 75 673
86 30 780
19 20 536
7 8 122
46 14 574
41 44 810
52 48 840
48 68 457
76 48 644
33 13 577
85 17 840
43 81 811
79 80 712
83 50 265
33 53 717
9 50 180
23 22 660
35 18 164
44 43 606
88 37 350
66 36 411
16 68 301
84 19 25
24 20 388
23 27 716
18 88 277
15 75 706
22 66 738
0 22 227
3 52 728
87 25 406
85 9 477
72 35 569
45 55 795
13 77 721
40 51 825
86 0 672
55 47 552
66 57 339
13 53 821
30 60 593
10 30 110
21 12 868
0 89 725
16 0 619
15 57 290
78 31 260
77 68 288
42 33 900
9 37 475
77 22 780
59 79 888
45 89 922
78 64 580
27 14 251
1 15 643
80 82 179
76 50 234
44 0 573
74 57 590
46 37 701
9 87 86
39 1 131
42 74 110
20 80 808
52 30 186
39 66 886
25 83 631
17 55 51
45 69 431
42 22 8
55 15 240
28 49 104
59 25 509
13 48 830
22 88 229
75 77 826
89 25 354
37 22 169
44 1 934
32 74 231
48 1 615
7 75 487
18 14 299
7 15 354
37 48 509
88 43 435
22 16 229
29 45 146
72 70 825
23 87 952
41 65 8
28 47 384
26 53 402
4 68 790
62 64 746
9 73 354
25 6 668
30 25 461
34 19 274
54 39 615
88 19 10
18 39 468
86 24 608
70 76 533
41 82 169
36 37 89
22 86 224
87 55 653
45 61 52
37 23 664
36 40 134
2 78 127
89 10 171
58 86 183
20 72 229
60 72 95
15 79 12
83 86 469
62 61 442
17 66 262
26 22 517
22 3 17
21 79 325
19 53 233
74 0 192
13 26 2
66 44 859
21 89 262
9 22 432
28 22 751
21 62 586
55 20 112
65 3 647
37 34 287
49 41 707
39 0 309
82 31 108
27 82 601
38 23 913
23 86 204
43 64 854
72 46 14
13 86 357
14 15 737
49 31 355
26 65 642
59 4 438
84 59 609
58 10 924
72 26 468
40 75 244
12 8 327
20 37 746
56 80 382
82 78 494
29 2 137
10 21 837
66 15 549
82 56 789
48 17 448
17 42 1030
70 16 764
35 57 112
15 44 253
56 40 143
78 49 582
59 29 948
2 76 491
41 14 408
4 1 430
22 35 621
56 3 806
77 16 851
32 57 196
63 31 400
18 21 1036
53 12 597
6 25 778
34 32 47
10 69 41
16 40 361
36 48 855
13 41 96
73 89 918
4 3 203
42 31 26
66 88 234
71 40 495
32 42 636
53 54 682
56 69 366
26 30 136
60 15 684
38 29 280
23 81 658
1 14 242
47 26 507
4 36 910
29 61 97
53 85 819
42 34 746
3 65 413
52 47 179
41 2 677
82 23 854
53 40 950
85 18 73
64 10 667
15 22 133
22 77 322
14 8 597
55 8 85
21 66 308
76 74 993
9 6 857
63 2 469
77 43 756
12 63 689
41 15 96
33 88 208
23 13 326
60 81 1080
45 73 540
27 85 804
16 15 225
59 61 459
83 61 578
17 76 304
40 66 127
6 26 375
32 77 681
72 16 268
44 22 634
41 59 609
54 44 790
23 68 108
22 15 284
45 68 864
19 81 729
59 65 271
22 11 791
19 48 904
46 11 261
14 21 258
7 26 1001
58 78 276
41 22 392
35 25 326
48 56 54
21 86 931
9 77 61
33 27 914
24 42 452
40 19 620
35 2 758
32 60 352
76 16 1052
87 35 530
79 82 349
35 43 1061
19 17 1092
65 32 162
7 87 1071
31 48 617
4 70 282
7 46 1131
3 0 705
65 18 777
29 41 853
77 57 632
0 40 127
27 57 235
82 51 274
71 60 1058
75 0 552
2 51 1037
79 81 522
4 79 1147
74 20 384
24 78 549
40 87 247
19 74 662
62 85 877
31 7 415
82 14 943
52 8 1059
61 72 828
25 43 627
89 69 846
65 35 470
1 88 482
77 64 139
83 35 902
76 20 172
74 81 974
25 79 847
39 21 323
11 49 1145
35 79 1031
28 14 1021
42 35 668
83 44 411
10 76 368
87 13 184
62 77 240
43 58 1015
15 47 1067
12 37 1172
0 53 837
20 55 483
1 21 540
34 62 527
87 19 782
21 7 470
44 63 211
83 72 164
61 31 425
33 71 943
73 27 106
0 3 1138
10 35 371
84 64 3
78 23 338
9 41 989
12 30 647
86 36 84
52 19 677
16 46 1116
66 83 942
75 63 215
10 45 1060
65 81 1102
74 43 759
50 75 240
8 36 41
81 76 817
72 85 301
51 75 1192
36 24 972
2 25 415
46 24 370
44 29 173
26 63 1096
82 43 248
87 47 300
32 54 1151
74 31 1022
62 18 471
54 14 305
69 78 1131
48 2 1225
12 40 297
31 37 989
29 84 943
36 9 241
6 75 362
77 58 1050
85 88 582
48 8 294
20 64 426
57 34 295
9 76 573
38 37 503
70 74 1029
18 87 301
70 30 1140
78 12 893
42 28 314
68 71 293
50 11 9
7 83 867
40 42 962
20 83 16
63 8 1237
53 46 25
8 24 212
8 28 80
27 25 249
53 15 696
83 27 1095
83 12 893
74 68 1158
36 52 990
64 53 1253
87 0 965
13 76 534
13 23 962
17 25 903
35 59 201
61 38 963
57 9 968
27 2 899
8 27 1100
83 84 807
51 1 404
75 14 1210
25 30 633
23 82 342
69 87 287
23 38 1010
35 14 607
56 48 212
77 37 459
74 9 115
83 28 211
8 30 819
17 7 706
53 1 461
77 12 1084
82 45 526
34 14 893
22 51 1058
81 48 132
19 23 868
86 4 358
58 27 1102
68 2 1114
13 17 448
81 25 708
31 18 726
33 24 876
48 43 614
30 43 302
24 76 616
56 16 270
26 75 596
10 46 223
45 7 1237
30 88 250
71 26 428
14 44 354
84 52 522
89 59 244
0 73 470
8 37 746
86 25 929
36 66 261
32 17 250
78 43 630
26 34 781
6 17 662
0 69 5
28 0 906
1 65 134
63 24 741
75 8 411
69 60 359
60 64 405
81 11 1331
76 84 210
52 61 155
80 27 472
64 12 750
4 13 682
72 33 945
66 12 1190
68 7 25
63 42 858
18 63 283
74 89 520
7 51 387
8 23 112
1 19 329
84 48 405
88 80 1258
80 79 848
55 12 925
45 51 420
21 56 86
73 25 392
8 6 728
84 70 1225
48 3 45
11 27 1091
11 69 983
58 40 346
2 21 861
74 86 93
20 16 87
2 46 289
81 36 335
46 39 994
81 53 8
31 39 640
33 25 285
58 34 1012
45 31 345
70 17 480
27 4 218
28 2 507
60 43 1269
89 15 494
35 68 376
54 85 814
38 25 758
11 55 107
20 63 77
82 89 155
14 42 645
65 43 1393
16 52 30
30 44 127
53 84 1223
88 57 77
43 29 1045
70 88 42
34 18 481
32 33 1090
19 36 1046
77 11 291
0 75 935
6 13 963
37 8 655
20 60 214
7 55 790
1 8 956
22 78 340
21 84 203
50 59 1103
78 62 736
70 10 1015
26 44 1134
2 41 1352
46 41 303
72 31 1078
79 19 1359
22 21 64
35 87 1267
44 46 1279
79 55 308
49 56 341
42 38 1074
87 37 685
58 53 464
55 9 331
12 28 403
2 31 629
45 72 1337
25 81 884
39 57 430
71 76 608
77 74 1205
86 73 942
14 16 253
6 84 1388
68 35 719
6 79 885
56 89 816
74 54 57
14 1 632
8 26 289
71 37 206
79 69 356
0 51 633
47 38 901
43 26 123
66 13 1015
19 6 1054
36 39 1248
85 0 5
44 54 1245
61 65 583
9 1 121
21 65 1053
30 62 185
89 78 1342
1 74 143
14 24 727
86 35 111
85 46 341
46 6 1195
21 74 1138
23 51 1000
79 35 657
61 34 443
33 12 323
12 10 1040
55 87 576
48 55 1378
19 4 219
71 21 1230
37 68 85
17 70 173
47 22 700
42 44 515
34 46 18
48 36 1415
44 25 335
13 16 1453
42 4 375
61 86 1060
4 26 1468
0 44 1276
30 47 895
83 42 1394
56 74 335
8 11 734
73 35 223
37 51 850
47 12 1174
57 10 267
51 64 841
20 31 32
61 59 755
46 9 900
53 79 642
60 36 1014
56 71 12
26 84 1040
27 16 430
9 69 300
85 37 905
21 25 446
6 21 738
6 11 475
55 18 288
15 3 1255
66 49 864
78 11 1342
71 42 726
20 29 852
49 87 699
36 27 176
33 66 414
74 1 129
48 15 713
44 35 531
58 73 509
1 4 885
19 87 835
36 26 704
14 78 97
6 52 7
84 10 1376
76 32 875
47 71 848
37 79 280
46 86 431
26 68 872
9 13 899
77 87 366
33 78 25
32 83 104
1 72 392
30 12 997
71 4 1069
74 73 368
54 21 791
60 49 648
13 75 184
44 8 957
59 2 377
62 29 1003
89 12 1320
52 43 1297
78 51 1053
72 81 1214
27 18 468
16 18 524
75 3 205
72 23 606
38 27 997
48 21 274
62 22 825
70 40 576
84 35 812
87 77 1274
74 16 1233
68 70 652
8 22 97
15 71 522
69 57 994
25 57 811
22 89 159
3 86 1136
46 48 810
68 34 599
66 45 1569
2 86 1477
60 69 94
8 54 607
34 71 1352
89 39 140
64 17 30
42 3 1379
79 10 1225
4 52 1397
3 23 73
81 39 853
68 0 1390
50 65 1331
39 31 454
23 69 741
25 69 918
85 59 1200
56 42 1525
19 61 1199
24 74 862
68 3 66
88 59 523
14 81 947
38 41 1591
89 30 1163
31 25 342
88 11 1595
62 75 703
11 34 241
26 87 1589
47 8 489
70 36 555
52 24 1120
63 86 395
24 64 26
62 86 888
49 16 618
30 57 111
10 44 1059
81 62 239
63 1 1070
10 55 866
24 8 458
1 28 790
22 52 1260
14 71 493
30 38 26
23 43 186
70 73 1180
24 31 844
88 70 1235
55 0 1303
40 6 1391
6 89 1534
52 66 1513
12 26 943
14 72 1417
32 6 254
89 62 949
43 8 707
8 61 993
69 52 1029
62 84 1518
88 40 775
57 78 706
46 38 285
75 32 1080
20 42 695
41 26 81
35 27 284
23 10 34
37 38 1350
58 7 1073
69 21 1435
44 86 1571
71 65 984
86 28 618
54 89 828
6 81 1187
62 13 118
48 73 1175
36 41 1453
60 47 1140
31 38 734
83 46 744
82 25 1071
24 30 1259
44 60 472
70 27 1343
30 26 581
11 16 420
40 17 123
89 56 551
34 72 450
22 68 1028
68 30 1164
79 41 144
58 52 904
9 60 1469
27 77 715
85 44 1577
30 39 317
23 39 1296
63 65 1019
41 63 1370
68 57 127
84 49 301
9 20 874
15 8 605
30 19 351
77 79 182
0 11 863
65 28 1215
23 64 1600
40 36 335
87 17 1311
45 11 470
13 72 1231
54 0 177
18 34 1571
7 79 1452
60 13 848
53 25 181
79 61 97
40 7 475
61 82 115
84 66 736
86 70 1683
1 3 11
70 79 889
23 20 681
6 63 371
36 50 107
71 56 481
4 58 1371
59 70 843
26 77 518
45 8 1163
8 60 1116
76 56 1548
89 85 417
48 81 305
20 54 927
23 4 1461
83 64 403
80 20 713
13 21 1017
63 60 530
56 66 1366
51 25 1274
37 61 32
73 6 1028
75 19 833
72 69 1069
74 35 151
55 24 1420
65 19 1572
23 48 1170
53 73 711
52 56 1351
31 28 770
78 68 301
9 51 1249
29 20 450
32 85 690
55 80 855
48 74 520
60 8 1158
51 62 1227
86 48 460
62 63 394
86 51 1335
73 26 1245
85 20 770
32 65 1053
61 83 469
23 8 1706
71 70 1728
61 11 666
49 40 1053
68 22 24
36 81 1400
3 51 1183
56 82 431
34 80 547
16 49 760
32 37 1026
76 34 387
86 45 640
76 70 169
18 84 959
20 2 1417
14 0 1312
73 85 1492
1 26 1716
23 53 60
89 73 814
76 2 710
64 55 256
85 48 1391
39 64 189
17 81 274
68 20 1108
61 75 1279
22 36 1759
15 42 1188
80 11 1316
57 23 1009
37 35 1313
16 33 1208
41 40 471
46 69 329
82 21 680
0 71 1546
44 10 975
2 83 1450
9 64 1702
23 26 1309
12 65 1017
33 72 197
24 58 763
40 80 1029
48 24 295
31 17 1577
51 78 12
0 36 1037
75 29 740
17 49 576
9 26 1705
45 76 1486
44 7 493
83 62 982
41 70 720
74 61 1585
42 71 244
41 3 1334
2 71 639
15 70 146
56 29 1619
56 13 926
70 47 1385
39 49 983
79 58 239
51 36 1641
56 8 499
69 2 1785
50 23 1816
17 22 1285
85 77 1644
31 50 136
37 18 620
83 9 443
36 80 1044
37 17 955
84 51 392
27 87 239
1 13 1091
86 79 1325
86 56 1392
28 58 1129
9 65 1127
77 4 821
18 50 1500
80 10 1638
81 74 1283
78 42 979
13 55 849
44 81 621
33 59 272
64 66 1472
52 28 892
34 29 155
71 16 1100
53 72 1219
40 57 1034
53 21 1772
70 11 504
52 17 1690
68 42 567
72 47 123
51 48 215
68 73 947
89 7 1842
84 33 509
44 34 942
13 22 1129
46 52 1437
11 64 1419
47 84 497
79 54 1452
77 8 1335
35 4 660
12 46 682
47 36 558
15 62 1018
62 38 339
59 51 1354
6 1 1267
25 17 1681
21 43 1529
18 44 1777
77 46 275
24 23 109
23 76 985
68 1 1436
58 26 1275
13 6 107
75 2 838
25 74 1815
42 13 1027
75 56 1756
66 64 514
1 69 1585
78 79 169
77 60 804
4 46 1319
27 73 1680
22 31 1566
84 30 72
80 58 518
14 65 81
33 61 1795
66 77 685
22 50 1767
35 37 791
15 35 1616
56 53 1448
50 41 743
51 87 1808
56 30 1376
54 42 995
15 1 1211
55 54 1754
63 71 704
83 81 766
80 76 760
58 32 350
46 25 1369
1 44 921
22 72 536
4 54 553
72 43 381
3 16 599
60 78 945
76 7 1088
26 61 1140
55 68 1867
24 47 510
56 70 58
64 74 322
54 17 1147
53 38 1265
23 40 1325
46 26 1198
82 83 1191
50 71 792
36 21 722
7 70 755
39 42 682
41 72 1245
70 4 996
25 88 1908
14 12 1689
35 73 643
41 11 1482
9 62 489
29 16 983
4 18 1892
62 2 102
88 53 1401
30 28 1281
68 65 1381
28 9 1262
34 42 1288
42 10 1556
10 63 396
22 83 248
21 85 377
42 30 1682
16 54 1475
7 82 716
85 42 114
8 76 676
3 13 624
29 8 370
51 82 1726
70 42 653
79 43 1873
7 32 25
11 29 1171
63 76 753
38 6 1128
37 27 934
22 19 560
80 48 1858
86 39 1467
80 1 187
46 76 176
28 23 1791
87 11 938
1 12 1396
60 88 225
66 1 391
39 4 216
57 40 1076
28 42 90
40 34 463
47 51 739
9 46 1262
23 78 157
11 7 1585
6 10 1512
56 47 1761
43 25 1687
28 16 1158
89 75 282
71 30 179
21 60 2003
15 7 705
76 78 237
2 43 964
19 56 21
84 82 129
21 34 575
24 2 1954
87 60 1163
42 9 924
47 65 1965
13 58 517
83 65 1335
33 26 1586
25 86 764
4 49 839
25 34 1267
3 88 1715
16 84 239
85 69 1493
72 6 101
76 27 629
15 39 1158
64 68 1151
43 76 391
17 31 1002
20 59 1723
9 49 1578
44 20 1277
50 89 1526
15 6 324
85 10 371
45 85 1319
75 28 330
57 70 129
1 34 350
66 42 496
70 62 400
17 34 1047
51 9 545
1 17 557
27 6 590
15 2 715
52 53 324
33 48 781
0 7 1327
85 56 1350
39 41 666
31 55 1297
52 31 1402
84 42 71
72 29 891
26 8 930
41 54 1765
18 61 1506
60 3 244
71 2 681
11 89 772
29 15 996
76 26 1069
49 83 213
36 77 616
51 76 1018
87 58 1561
41 73 708
38 24 755
58 50 1962
86 71 455
28 86 153
43 55 668
24 0 1218
9 45 1273
44 27 1258
24 81 1451
44 19 437
76 33 1063
70 52 1003
29 18 1526
31 58 1948
10 37 1483
2 16 296
29 75 2082
69 3 934
82 2 1179
65 8 1814
80 59 534
86 2 1482
73 3 573
14 39 1012
48 44 1464
33 20 271
76 13 2081
17 13 8
71 61 432
22 80 60
84 7 2051
58 63 1117
16 39 1868
54 29 281
26 50 1147
54 80 1331
65 50 406
74 77 1080
53 49 493
79 2 1253
69 70 1553
26 57 1359
37 3 1149
16 48 1309
4 87 1052
74 21 1994
10 79 1232
69 56 1849
85 49 998
72 48 1010
80 44 188
72 52 1356
40 10 1239
14 19 1091
88 81 34
29 4 656
8 33 671
50 16 1882
22 54 282
83 82 125
49 19 126
53 82 2060
73 69 941
3 27 1769
83 48 166
42 73 1970
70 89 1589
31 71 883
21 13 342
33 80 1264
81 82 1015
69 6 1737
2 80 1062
24 59 1379
66 52 1712
58 22 1074
34 41 200
2 40 331
20 21 842
77 88 1297
81 18 1645
1 89 1464
79 59 1966
75 39 2158
79 8 1490
9 72 490
11 63 1981
65 60 260
85 50 1959
71 44 1340
29 46 515
81 0 515
65 77 1475
25 49 576
27 89 1811
65 46 930
70 29 1203
52 75 277
61 28 1147
15 11 481
70 28 757
65 24 23
82 1 192
41 42 1501
78 58 156
30 66 502
45 17 19
16 25 1942
46 35 1165
29 88 563
72 59 1355
57 71 543
8 40 394
81 26 883
30 37 951
23 58 455
56 51 1194
81 19 508
58 30 972
13 15 2118
3 22 1298
3 82 1500
20 62 595
18 52 1975
29 86 253
52 72 1805
44 51 1146
49 39 360
7 48 903
15 46 1754
41 27 896
47 58 449
88 55 1816
40 58 2073
12 21 1543
2 55 330
71 27 71
83 7 1058
76 9 1027
72 9 713
16 69 592
23 72 2018
62 57 497
50 83 1303
52 57 580
86 9 141
25 70 1784
24 33 1470
19 30 151
35 51 413
75 43 715
55 77 1719
63 70 1288
38 83 90
33 22 1143
51 65 2128
51 22 938
7 68 2197
21 45 69
44 38 752
46 32 262
4 86 1387
79 70 877
52 37 690
38 70 372
17 79 993
88 2 2193
12 79 910
11 52 1036
39 3 2056
40 49 840
63 44 465
53 10 1780
1 57 1800
10 78 1439
34 13 1382
9 21 449
17 19 631
31 70 415
38 21 1470
53 86 1802
7 52 855
78 3 2254
37 36 245
72 50 2050
25 77 1171
54 76 1225
43 2 1335
48 16 662
74 17 433
58 4 1659
87 3 1537
60 56 577
41 83 1621
47 23 785
17 47 2009
10 61 251
55 23 1085
25 11 744
47 35 1331
86 72 1485
66 7 1489
40 88 769
77 33 1107
82 35 1720
55 3 2136
63 87 919
43 73 760
6 66 1773
33 63 732
64 24 2115
64 44 880
20 13 1128
80 83 2122
35 49 1886
35 71 378
41 78 975
86 37 1080
64 3 322
8 73 1917
65 20 2069
19 88 660
24 38 1799
83 15 1853
57 88 1347
36 34 2028
36 16 1819
9 48 2158
29 10 907
29 19 1158
53 31 252
35 72 296
84 73 1556
6 61 1218
57 73 1666
23 62 887
4 19 776
13 14 2142
33 65 103
32 23 1696
21 1 1549
88 31 1194
51 44 1783
58 15 1105
12 77 49
46 60 1559
29 77 446
4 55 2079
75 37 1958
73 63 679
61 68 1103
45 0 1914
62 83 987
65 82 2130
42 26 1356
83 60 27
87 44 1487
35 23 1542
24 28 614
51 53 447
17 77 535
50 88 382
27 1 1268
80 9 247
16 88 1579
49 47 2310
15 55 1573
58 35 1475
89 88 2178
18 29 1431
52 39 438
6 32 14
78 75 709
82 68 600
54 58 845
48 76 789
72 34 456
54 61 1451
45 46 383
29 52 1945
35 22 1914
30 77 1395
68 27 9
50 74 112
62 27 602
17 53 1420
39 47 1624
17 74 238
15 74 2183
76 36 1576
55 49 1873
65 89 1742
53 17 2265
80 61 485
11 4 92
8 78 1847
81 30 1062
74 28 1423
76 57 354
18 41 2052
12 2 120
27 80 282
82 55 204
44 84 164
58 31 2340
62 37 437
80 62 733
73 38 1457
55 84 701
51 70 1698
2 42 849
84 37 1415
37 78 29
35 13 965
66 30 1405
0 57 1761
14 50 576
61 6 40
76 10 103
33 54 993
30 72 663
17 33 1264
48 88 2067
79 32 498
11 3 665
0 85 557
11 45 1753
69 0 494
31 9 946
77 61 974
21 11 285
80 71 1938
57 75 1537
43 20 224
26 74 593
86 10 1670
66 27 124
44 66 466
58 6 656
18 82 1166
63 16 2008
55 88 962
30 84 1849
73 19 236
36 46 879
4 51 486
66 43 2338
73 52 349
89 20 1379
49 89 2266
41 57 939
33 75 1341
75 54 1184
42 47 175
50 27 1888
36 75 2218
4 80 853
14 84 2137
22 58 1704
6 78 2418
89 8 1824
57 4 1921
62 70 1369
8 13 2109
73 79 1906
43 84 760
11 53 1159
79 87 2148
40 11 1703
38 48 1926
58 49 709
81 33 52
74 60 764
54 84 301
10 57 402
26 78 179
79 9 281
83 49 439
22 71 769
12 1 485
39 73 747
34 55 1757
10 73 615
77 73 2175
0 15 57
34 61 1760
23 46 448
75 13 2383
6 44 1201
61 55 1773
47 56 1585
81 45 661
48 60 390
75 30 2100
27 39 1748
78 88 18
88 89 1874
19 39 160
28 54 1738
27 51 1461
78 44 1140
26 36 631
60 19 97
44 52 921
68 58 1309
25 62 1959
18 57 1310
64 70 1481
32 50 186
84 60 770
19 8 689
16 2 503
61 7 625
22 27 1873
62 72 47
48 14 35
21 22 944
20 58 1117
24 49 1965
86 74 1083
33 69 1265
57 47 1449
24 12 1424
1 87 963
37 63 2122
16 89 1050
80 60 2162
57 80 1929
11 15 1823
87 86 819
88 85 2001
81 57 2405
12 17 673
3 7 1760
44 64 106
7 85 2503
7 89 2403
84 38 2275
18 28 694
21 76 2343
2 33 1994
45 80 1802
45 29 2478
62 50 788
58 79 1230
33 81 1727
8 74 1437
79 89 1833
66 51 986
3 25 2331
42 25 2504
43 37 1833
64 14 1402
27 52 140
85 58 838
73 17 427
81 24 691
40 41 1173
49 8 243
14 64 382
0 28 864
73 24 2221
39 15 1807
80 65 1600
82 41 1425
24 17 1853
59 80 273
78 35 152
15 0 1509
52 22 1171
87 41 1138
7 69 2554
31 56 88
0 84 770
80 3 1623
83 22 630
66 33 1873
60 20 1702
0 61 1203
63 88 1525
77 0 760
12 44 1088
31 73 421
57 87 1317
87 16 186
36 33 2330
51 17 939
64 46 617
11 80 1917
75 26 1404
38 16 151
50 25 1525
73 36 702
64 19 2362
19 41 2500
15 28 241
37 77 197
34 2 186
58 19 233
1 84 2068
26 28 747
14 43 1779
16 77 1899
33 46 1995
43 36 201
12 57 68
3 84 1221
77 55 1535
23 56 1287
71 45 2122
40 14 1555
10 88 1595
29 48 1561
88 56 2463
18 47 2326
38 60 1219
76 83 1008
15 27 584
39 45 2018
34 58 336
6 20 196
55 78 464
75 36 843
13 31 2479
30 32 1037
14 62 1867
10 70 1764
32 68 318
18 68 1047
86 84 806
48 47 2269
50 55 531
1 56 1881
58 41 331
33 38 2353
10 89 1465
56 65 2047
60 24 173
19 89 920
28 59 2098
58 20 349
50 66 1682
77 78 1764
26 51 1115
25 35 37
60 4 1060
64 62 141
52 70 329
18 51 1461
70 84 1279
10 80 199
28 20 2648
28 74 1454
29 6 1500
87 81 1629
15 61 984
52 33 704
74 11 2092
19 58 323
85 6 757
9 18 1709
60 76 383
18 38 1860
64 71 330
81 63 2349
50 69 924
46 10 378
25 1 373
42 53 481
11 50 1043
35 47 2668
16 41 1426
89 40 2538
20 88 1901
71 89 43
11 25 2095
16 73 174
40 4 2427
51 81 2442
11 41 1478
54 86 2424
82 66 131
71 88 271
84 65 448
78 76 722
59 17 1937
79 42 2502
69 59 2571
25 51 1113
20 65 2630
47 81 1878
47 89 2080
65 27 823
15 58 2056
18 35 1779
82 0 1535
9 75 2435
6 2 1695
8 29 2413
64 78 2054
80 32 2591
73 71 2657
46 75 2405
48 9 867
13 70 2097
53 80 2585
48 22 1503
23 7 2092
40 2 1598
84 56 356
0 20 1236
22 13 1720
42 72 317
4 14 2595
7 28 2407
73 14 208
17 0 2227
75 45 473
6 82 1810
80 57 2453
18 73 36
7 66 1596
11 42 1144
74 71 620
49 59 1850
36 58 363
4 41 296
79 86 1558
79 51 2621
59 15 2583
14 63 1629
15 49 213
7 80 853
48 7 597
52 73 2645
76 89 767
78 7 299
42 24 698
4 56 1148
35 21 1913
58 42 349
81 40 292
41 36 2716
69 64 672
6 69 2683
81 6 2450
31 45 2748
84 3 499
47 78 1216
71 28 401
76 42 276
28 15 2429
29 80 2460
0 48 1908
86 8 1396
72 11 1649
32 19 897
37 60 1517
77 14 789
1 45 2083
30 68 2053
61 76 1926
28 48 1532
16 53 2443
27 30 2386
66 75 1577
62 65 391
56 50 404
65 9 1124
49 38 609
72 30 1903
51 77 2036
31 53 1862
88 60 606
40 30 1959
32 14 2763
11 75 750
3 60 935
77 36 2247
78 20 2720
83 32 804
43 78 1302
71 20 2652
33 16 1187
52 34 1740
24 36 138
82 26 1472
57 13 308
41 49 2072
55 42 1478
24 45 2448
79 73 973
89 42 1297
89 47 1899
43 82 1927
0 27 1193
24 14 2003
89 34 2718
26 13 332
18 83 1370
1 75 2074
51 84 2286
3 55 2108
62 48 882
28 68 903
53 63 1839
72 57 403
44 69 1349
7 76 1365
38 81 2002
50 8 187
36 0 911
17 4 2191
9 83 1420
8 31 2043
36 3 1100
68 4 1495
50 58 2485
41 37 2419
39 54 1816
58 39 15
41 6 775
43 63 914
17 57 1133
56 20 2728
15 20 1847
85 25 1051
69 42 1278
56 31 1627
16 11 2509
47 88 1182
50 4 11
27 64 604
60 84 732
84 54 1308
18 81 2405
57 21 2830
55 57 859
39 18 37
34 64 2645
69 50 2521
35 24 2431
81 87 892
78 46 853
68 25 762
77 10 1041
14 70 1889
26 43 2769
1 18 2626
89 48 215
20 36 2133
26 88 2702
84 89 2001
73 88 1750
3 2 1185
84 62 1779
41 32 1063
5 80 53
5 14 45
5 20 49
5 75 29
5 54 12
5 55 82
5 32 11
5 72 25
5 83 85
5 28 68
5 21 34
5 41 0
5 8 53
5 10 11
5 26 21
5 76 33
5 74 41
5 1 40
5 79 77
5 63 37
5 23 21
5 59 62
5 49 57
5 12 83
5 82 33
5 45 8
5 36 42
0 67 2
1 67 60
4 67 51
6 67 75
8 67 56
12 67 79
16 67 0
18 67 37
19 67 64
20 67 19
21 67 69
23 67 41
30 67 84
32 67 23
38 67 39
40 67 2
41 67 5
42 67 68
43 67 45
46 67 41
52 67 28
53 67 2
54 67 4
61 67 60
64 67 38
65 67 35
71 67 89
72 67 72
73 67 61
76 67 51
77 67 40
78 67 79
80 67 4
85 67 59
86 67 17
87 67 13
