15
20
19 26 194
17 28 41
26 4 19
13 21 3
14 28 28
10 25 209
5 13 155
7 3 4
1 3 1
27 13 158
23 25 7
23 12 45
10 23 225
9 7 23
5 24 6
3 27 193
28 25 92
26 12 11
3 13 62
0 23 142
0 1 103
25 27 47
28 21 11
1 29 152
16 26 2
3 16 131
6 10 39
5 19 78
26 13 176
21 6 87
8 2 65
25 26 87
5 10 65
22 5 94
12 10 40
0 9 196
28 29 82
1 8 61
19 14 74
1 5 56
2 14 38
5 0 64
23 2 18
29 22 79
3 5 86
22 19 207
5 27 19
0 16 209
9 1 51
6 12 83
12 28 209
1 27 100
11 24 80
28 16 123
19 1 195
18 12 137
29 11 13
11 21 86
28 7 82
13 22 149
4 14 107
16 17 25
4 0 184
14 3 77
13 25 31
24 14 177
14 6 32
21 25 90
12 2 15
6 3 35
7 10 111
26 1 220
25 6 82
6 4 36
27 22 2
16 11 172
13 28 144
28 5 53
6 7 211
24 8 187
6 17 42
1 26 52
21 26 98
12 27 101
2 22 141
25 7 127
6 28 57
29 24 52
5 29 151
5 2 138
16 0 220
14 13 196
23 28 190
27 4 222
22 13 86
7 6 82
10 19 19
19 12 80
25 10 119
28 4 189
0 29 31
19 25 155
18 14 84
22 9 162
25 18 36
29 3 44
23 26 77
23 27 153
8 21 166
16 6 140
27 10 121
17 19 96
16 12 75
13 23 30
8 14 136
28 14 181
16 28 197
4 11 118
29 16 88
17 5 146
5 12 142
14 9 160
22 16 203
22 24 63
18 2 42
1 19 40
21 4 168
24 1 222
25 21 217
14 17 163
11 1 47
12 7 7
9 21 208
24 26 195
24 7 43
6 2 155
11 19 76
0 26 158
16 2 186
0 24 36
9 6 7
7 28 171
6 16 135
17 1 186
10 16 133
17 18 48
4 5 175
27 16 172
0 21 44
11 9 110
3 25 160
23 8 88
21 29 76
21 14 116
7 16 107
8 24 197
4 16 56
0 19 72
27 0 87
1 21 34
5 9 125
24 22 136
12 29 46
25 12 166
21 12 37
8 0 169
24 5 190
0 13 229
19 23 224
23 18 57
26 17 152
18 16 7
21 0 7
19 0 152
8 18 187
22 27 4
12 19 124
19 3 136
28 2 105
3 29 126
24 23 7
8 25 136
10 0 212
17 26 148
16 4 39
25 9 67
2 0 150
18 5 124
17 16 209
22 21 209
4 29 31
17 2 86
4 18 167
1 13 126
24 13 60
4 10 88
25 23 35
9 22 148
23 29 28
10 22 176
3 6 223
5 3 66
15 1 23
15 28 25
15 14 2
15 16 19
15 26 28
15 6 27
15 17 1
15 5 25
15 7 24
15 9 2
15 25 15
15 8 0
0 20 14
5 20 29
8 20 15
21 20 5
22 20 25
24 20 22
25 20 7
28 20 5
29 20 21
