40
5
44 67 692
0 10 633
1 46 1646
58 14 87
49 15 1398
42 58 332
51 62 74
14 31 1223
10 27 1476
38 0 1155
2 42 816
66 54 1162
27 16 1239
60 49 899
3 51 98
18 60 1402
43 61 202
46 36 833
8 24 534
65 53 1274
59 52 1262
55 44 1092
57 15 1553
56 25 210
39 58 365
43 31 428
42 21 461
33 49 591
6 21 1290
1 39 1319
57 63 32
18 66 731
48 25 1503
62 15 1166
42 57 1140
28 67 1293
8 46 356
24 11 1365
60 59 1103
36 39 1664
38 31 564
60 24 1144
31 22 686
25 3 566
19 4 1355
41 36 1048
62 61 790
35 7 125
45 33 0
46 7 1538
11 50 873
53 49 304
61 39 1622
47 49 1464
27 49 531
44 9 1670
8 6 1451
1 4 602
49 61 858
46 66 1720
7 0 891
67 21 370
50 25 724
42 66 1065
34 3 166
23 50 1738
50 26 1668
48 2 155
2 37 26
10 26 367
14 18 396
56 0 760
7 57 110
4 52 368
46 38 1733
48 4 1111
10 17 1203
11 33 329
1 32 409
0 21 378
17 30 1016
31 37 1525
44 14 1619
58 62 457
27 44 1160
53 6 1338
48 67 1212
64 15 1536
38 16 804
43 1 63
35 33 1072
36 0 21
4 24 196
47 37 719
56 44 26
38 24 5
60 13 147
54 60 352
18 14 1213
44 33 554
19 6 127
36 62 1204
17 2 965
37 56 1624
47 20 772
41 62 68
28 63 1311
53 17 270
66 2 800
52 68 541
58 26 326
8 66 1728
67 39 463
56 18 100
56 32 1400
39 27 1265
41 66 1477
47 57 1158
57 50 242
43 65 172
63 10 997
42 29 911
13 54 920
65 68 100
27 59 59
68 32 1504
14 30 390
35 57 1424
20 19 458
66 39 228
55 32 2
50 65 541
17 38 1554
49 63 1537
59 67 328
34 65 886
65 10 1348
7 1 1557
51 27 918
68 43 39
50 1 914
12 60 298
47 45 859
23 59 1342
37 50 574
22 68 1158
21 33 1134
6 45 7
67 63 848
27 36 689
53 16 1689
48 31 1594
52 60 528
30 66 1244
25 57 1014
6 67 141
9 58 163
30 36 927
47 4 1475
58 48 651
17 8 1045
52 64 754
17 16 836
20 66 1601
18 56 777
52 20 1448
44 64 1130
34 36 478
51 9 532
22 67 1453
11 7 219
61 31 1027
14 46 1128
20 64 143
0 1 1095
52 67 1163
51 10 729
49 64 1528
55 19 284
60 3 1682
59 39 497
21 69 892
66 41 1586
3 39 487
34 11 1534
8 52 611
32 68 944
7 59 1706
25 11 1541
0 11 1035
29 20 1319
60 51 1029
8 27 676
50 67 860
66 37 670
2 51 998
36 38 743
67 59 510
35 31 284
68 36 782
63 51 337
2 54 1325
9 15 480
1 13 1163
19 12 1561
56 35 625
34 13 1097
18 59 152
2 26 208
13 67 697
56 62 1519
46 24 1255
41 17 1121
9 39 857
23 6 1448
20 7 1136
21 62 249
58 46 238
22 27 531
36 41 1007
31 16 1528
1 16 446
47 10 190
3 19 1736
6 18 1416
33 32 1154
31 44 1050
18 49 950
61 47 931
61 41 1608
68 9 706
4 46 26
24 43 919
59 8 1329
28 9 519
2 24 50
7 42 973
49 17 1393
2 41 143
63 64 183
37 3 362
42 30 1251
46 14 825
19 53 820
47 34 339
60 29 187
56 10 4
20 37 957
63 2 1563
47 29 1702
19 58 800
20 54 640
22 31 551
68 27 222
63 59 770
66 16 370
47 64 620
32 15 1398
58 17 1312
13 15 1193
57 49 1600
2 55 1025
6 38 293
8 41 49
12 58 1110
68 48 580
62 31 1066
38 8 1048
54 30 1408
48 24 1537
16 54 1400
53 24 1193
8 48 1134
12 28 1599
16 59 333
55 29 344
34 2 1547
19 25 261
55 49 24
23 67 108
11 31 1487
6 23 360
43 42 192
19 30 975
24 57 604
68 37 483
35 23 770
52 69 954
25 4 1077
60 54 1164
35 32 1595
56 64 1253
53 43 1589
35 54 1567
30 47 1390
26 54 1193
21 6 205
58 67 1581
8 43 1366
54 13 464
27 68 996
67 4 108
62 16 1562
67 32 99
46 3 256
45 12 1521
42 27 631
19 69 739
6 69 1160
36 23 674
1 6 26
37 17 234
55 38 649
9 37 831
48 23 1160
30 0 538
29 33 1554
16 4 368
9 63 101
27 1 351
56 37 489
49 35 471
21 50 103
12 25 771
65 32 865
59 13 1331
50 35 736
62 36 1016
67 27 1109
6 54 1649
51 8 1693
68 46 988
62 55 1701
49 53 603
68 47 1481
16 17 1669
68 17 927
21 65 669
8 3 856
60 20 1400
38 61 1162
50 58 1732
29 30 180
26 61 792
8 20 1525
15 32 725
59 16 1517
25 6 11
35 13 1273
63 67 701
58 47 1020
56 52 1176
31 69 371
19 51 1399
27 19 1057
56 3 844
56 55 659
45 51 856
67 48 168
55 15 1431
27 3 104
43 21 1412
15 8 933
52 13 1414
33 56 1105
53 13 1520
60 63 989
54 29 1321
69 59 779
32 69 613
8 30 519
10 11 477
58 15 1000
39 16 502
54 42 1282
28 15 1411
41 34 1661
18 41 639
67 2 488
13 9 1095
60 14 306
26 0 587
59 68 487
13 12 787
27 46 1546
53 21 902
36 18 1180
41 54 1485
10 35 1516
58 24 1075
13 32 62
46 35 1679
57 21 1466
67 61 883
19 49 532
25 67 1703
56 27 77
37 55 1468
38 63 442
12 17 706
43 2 1035
61 36 158
34 35 353
9 68 513
1 66 988
36 11 381
58 9 1285
50 61 92
21 12 7
24 61 1386
51 32 1652
69 42 1036
7 41 583
63 22 1081
24 30 420
18 32 1392
2 17 486
15 51 664
51 13 1555
59 37 1450
27 30 1150
28 60 1403
51 49 898
11 9 384
4 13 296
47 59 876
65 30 1279
8 59 39
32 28 1128
20 23 1517
65 22 1210
24 60 104
13 69 27
9 3 1258
14 26 1361
63 16 545
31 56 802
27 47 809
15 30 1635
69 38 474
42 43 1069
42 54 478
54 41 467
7 43 697
43 23 1682
44 61 617
49 27 1688
46 43 338
43 59 1567
2 69 745
67 45 1113
67 15 808
49 45 1229
33 20 1648
55 46 1132
9 1 1501
59 66 709
68 67 738
7 54 1098
48 61 519
53 69 710
25 18 1119
56 9 109
44 54 1464
7 24 1035
30 57 1264
23 66 1199
26 52 277
39 44 1708
9 33 1586
28 1 1432
39 20 1714
25 58 734
8 55 1486
44 37 1643
27 37 505
63 60 1228
67 14 961
62 2 499
68 54 123
8 9 1136
27 42 1559
36 10 846
39 29 1083
58 2 1113
47 53 1628
21 49 241
43 27 1398
16 62 849
22 45 1139
54 2 849
39 65 1529
46 15 1133
69 24 1595
33 4 1392
37 12 1729
27 24 1025
2 65 1413
15 37 386
34 17 1178
39 15 343
52 29 305
51 52 1324
19 60 1395
12 63 73
68 10 769
34 55 11
57 26 636
36 59 1144
52 50 1450
1 59 977
54 8 97
43 16 431
45 47 131
63 31 808
68 13 1235
66 1 154
61 43 1086
58 50 555
50 44 601
3 62 1387
52 44 575
27 61 1229
54 3 1214
69 67 209
43 20 1696
17 67 843
52 24 268
16 58 956
44 19 1501
9 14 1676
38 44 383
21 56 847
10 13 837
27 62 1678
38 50 282
22 41 535
37 69 552
49 3 274
57 6 267
59 42 1549
54 1 1472
35 21 1399
4 57 503
24 45 875
29 24 558
33 44 278
69 23 994
42 14 1064
32 52 619
33 68 1039
16 61 1672
0 12 377
67 26 1368
25 17 851
14 21 334
12 44 1326
30 63 1326
69 1 608
28 24 507
6 60 1477
6 51 710
11 1 147
2 25 1630
24 3 374
53 10 1379
36 44 154
3 28 225
59 27 1638
37 34 506
64 3 1612
26 46 89
60 17 837
29 12 151
22 13 1680
53 14 1518
56 8 1096
31 20 1598
30 24 624
15 57 702
11 67 1005
22 8 1400
32 6 1522
27 9 232
65 9 1238
32 48 179
57 43 459
65 52 1307
8 15 499
23 38 322
39 30 1654
15 60 129
64 16 1321
64 9 756
11 4 1346
39 31 991
11 42 1535
62 68 736
69 9 1224
45 32 612
14 63 715
1 17 1354
32 41 531
29 42 283
37 6 1223
38 55 780
7 17 641
25 35 213
22 61 371
52 12 252
7 25 132
28 36 1133
41 49 252
10 14 431
56 12 411
50 12 1697
25 9 309
48 30 433
4 60 628
67 0 893
22 64 1050
42 53 995
58 52 876
58 20 630
45 39 387
21 29 1267
11 14 66
13 30 1077
67 31 379
12 32 1282
16 66 411
67 1 245
58 51 108
58 27 503
34 21 1043
22 38 4
37 60 605
24 39 801
49 38 894
34 49 1225
4 50 1415
45 26 1687
26 15 586
55 6 1003
33 54 56
49 20 890
48 62 381
19 61 462
65 13 421
55 52 1422
66 34 1026
61 1 1568
16 8 1461
39 38 1002
19 32 1372
46 55 766
33 2 912
66 45 955
36 9 395
9 45 790
2 49 1502
41 30 1217
50 49 11
11 49 305
0 28 1727
33 64 1501
17 58 79
62 50 671
39 60 817
2 56 49
7 61 1115
32 37 540
8 53 140
69 7 324
64 25 1039
38 34 844
53 54 126
47 12 827
30 61 207
10 15 318
15 14 604
49 50 776
54 15 1301
18 7 1168
41 45 1671
60 28 1533
44 8 1114
46 17 167
30 54 1003
44 57 586
60 57 87
24 65 69
38 47 711
41 44 1376
11 24 1618
30 11 410
9 48 589
11 17 553
59 62 708
61 3 968
54 0 1043
48 14 1720
14 69 26
25 28 556
65 43 969
43 8 1610
48 1 1591
0 41 1728
60 8 101
13 19 828
32 53 963
66 36 139
32 13 318
20 11 1469
35 30 1190
38 53 825
35 47 1479
25 54 1517
4 41 1160
25 23 448
63 41 948
12 53 937
64 57 166
37 63 1452
46 4 354
54 17 1414
20 56 986
6 17 826
1 41 403
48 22 737
45 34 474
39 14 810
28 37 1591
66 31 1181
47 26 466
64 68 1336
19 29 108
42 9 1329
26 37 736
39 48 610
43 29 952
41 68 414
53 46 299
16 29 760
43 7 1365
16 60 366
45 53 1608
16 13 1505
46 68 388
14 38 283
25 30 1481
19 47 1060
13 31 1113
57 18 209
30 28 1496
57 3 1076
21 16 876
38 42 1338
63 9 550
22 65 689
23 19 874
26 11 298
1 69 1274
12 49 1395
36 8 1277
14 66 1156
14 42 966
27 12 1188
24 38 191
54 59 818
32 1 622
50 17 620
61 19 293
34 64 1257
28 11 370
67 46 1212
48 15 533
45 19 707
9 30 949
69 35 401
30 58 882
66 38 717
65 0 62
68 2 349
33 1 862
21 58 1573
25 41 782
29 18 734
66 49 1414
50 18 988
32 61 563
55 9 113
3 11 647
31 19 173
32 59 62
6 43 697
37 31 1460
58 34 1172
46 39 982
62 45 715
67 33 872
59 41 1034
3 20 426
57 20 1505
48 49 177
4 25 725
4 2 83
60 26 999
67 65 470
52 10 229
67 3 704
38 41 538
50 24 848
9 10 874
9 69 718
66 8 594
66 19 1225
56 46 175
30 1 1401
24 9 1488
47 13 163
24 27 1518
27 11 332
35 4 652
1 43 1608
9 52 230
44 21 96
1 56 698
37 2 1677
1 31 974
34 51 960
50 47 1675
61 32 552
15 41 1546
18 22 931
38 20 1327
24 20 1366
45 8 151
47 58 112
29 3 614
44 7 1604
2 59 1462
34 12 535
2 38 773
15 21 824
9 62 868
64 59 1105
37 44 683
21 48 17
45 69 767
35 28 1069
53 35 706
61 65 27
33 15 1415
65 16 1193
16 39 465
41 8 1045
47 69 1639
23 1 978
33 0 1437
32 35 494
31 36 1290
13 6 1124
12 24 229
21 45 603
22 37 26
15 43 780
36 19 1091
31 63 759
24 46 940
22 3 1710
59 17 779
24 33 278
43 26 758
6 50 1439
3 34 159
38 9 1517
17 26 1185
19 28 680
18 69 1206
17 18 4
11 23 399
25 37 1219
51 60 1372
13 38 4
32 43 1533
36 53 823
30 37 1227
67 18 107
56 61 820
25 44 110
55 48 1428
32 11 1139
30 48 203
54 44 575
0 17 1258
62 20 849
20 50 1144
69 18 105
18 30 1143
1 51 869
16 30 1578
31 18 83
41 11 20
9 31 179
22 6 1284
55 57 249
60 53 627
4 47 1736
17 41 1407
7 28 1712
35 9 94
10 19 338
12 11 434
3 42 1068
36 16 1014
24 66 642
46 37 559
2 31 524
52 26 388
27 25 1371
28 30 1496
12 42 645
26 43 546
47 23 63
3 23 1130
36 51 1521
47 38 1404
59 34 222
50 2 1004
50 29 644
2 33 624
67 42 399
18 6 707
64 65 342
8 34 534
17 21 725
29 66 1501
33 8 951
10 57 1428
56 49 589
44 66 1507
28 49 223
53 56 1101
4 18 723
42 47 1258
55 33 241
28 3 1480
58 38 1120
46 1 617
30 68 232
6 37 1312
16 42 887
54 28 1292
53 64 1449
41 63 313
63 27 1098
34 53 979
62 38 78
51 39 469
23 28 938
66 12 1030
17 54 1681
66 48 1410
31 49 1707
7 31 539
60 66 1186
10 67 280
20 38 303
7 30 186
28 68 1571
54 68 78
24 13 265
38 33 65
51 30 995
39 42 510
68 38 815
35 58 742
68 21 1445
9 41 1041
42 24 1285
57 29 466
61 6 1640
19 3 1228
22 30 1194
69 3 1477
23 37 1344
35 63 877
37 26 284
39 56 230
39 26 1301
29 10 173
12 0 1700
66 4 1397
55 62 147
10 23 1460
69 55 1548
16 46 385
45 21 1441
29 55 171
12 69 1217
19 7 1301
3 46 571
62 30 527
31 0 1592
22 33 1531
32 38 1575
53 18 1612
8 67 990
51 20 1396
21 59 161
69 50 348
31 38 540
31 21 1597
41 12 1242
20 47 854
17 51 842
15 52 176
43 36 1295
7 13 31
57 56 221
2 52 705
50 0 772
47 63 606
55 21 1409
4 38 1306
38 6 1068
24 15 19
7 50 1119
6 28 732
41 46 688
22 59 801
37 29 1655
54 11 698
44 56 1207
48 18 1445
33 21 729
28 2 325
41 13 1585
3 59 495
53 1 1575
49 28 420
4 10 870
68 18 1588
53 45 837
3 7 1361
60 22 1354
52 32 1359
34 59 789
46 18 1135
11 38 23
28 12 785
3 45 1347
27 18 139
9 8 1642
26 50 535
27 43 982
22 44 213
58 18 1209
42 61 1358
29 53 1511
55 31 650
13 1 179
11 27 1107
66 68 835
38 56 722
61 10 829
4 51 1712
65 23 122
39 8 443
31 50 1058
22 9 968
18 19 1042
18 28 1149
12 41 1110
23 2 1116
17 34 679
42 50 1042
48 16 652
8 61 379
53 57 162
59 48 1653
23 32 1704
0 49 1240
25 2 92
20 16 343
12 51 1554
1 27 33
55 25 603
16 26 1044
65 12 1574
56 65 1417
50 4 1528
16 31 1142
62 0 1022
15 27 840
49 60 1671
55 54 324
7 16 1357
50 66 1138
24 48 1251
69 51 1258
1 28 1123
27 50 1651
12 4 546
27 51 543
29 60 121
57 60 378
50 48 98
67 66 234
57 24 1734
59 65 121
34 56 603
51 14 630
68 60 1235
18 58 1370
36 32 126
20 45 238
54 37 422
57 59 494
35 50 334
39 22 1338
59 15 1652
21 27 1331
2 32 306
63 3 1478
54 61 860
25 60 1713
43 47 943
36 69 441
23 7 277
44 23 1287
50 7 348
60 19 103
61 7 822
19 21 1377
49 59 1402
8 56 458
23 36 924
55 37 1033
6 14 1464
60 47 513
17 55 383
9 29 1685
59 47 476
34 48 519
61 22 391
69 17 1186
38 67 1707
10 56 996
65 27 1051
32 26 1274
60 43 1305
0 9 1561
10 58 1135
31 64 740
4 59 770
42 4 379
27 52 1550
44 4 1668
61 25 1037
23 29 792
45 14 1606
24 47 999
21 60 1681
37 39 1094
17 1 314
59 28 1651
53 7 300
47 51 1553
61 51 1551
7 18 883
20 9 1554
53 37 224
51 45 277
46 33 910
25 52 1562
30 43 1332
60 10 145
4 27 547
63 57 785
65 57 941
62 22 669
65 61 1014
54 21 949
10 45 1412
16 0 203
35 64 1515
36 22 733
17 27 1546
10 31 68
28 65 725
54 12 503
49 22 282
52 65 141
64 0 317
58 32 936
55 51 1279
67 64 337
37 0 414
34 39 277
15 31 430
51 41 1001
66 10 575
4 20 1381
7 33 1385
9 16 303
42 68 950
4 39 1657
68 28 1439
3 49 12
34 1 586
17 44 411
24 32 734
62 52 1177
16 18 330
13 17 1618
47 56 73
57 38 1089
46 51 755
69 30 794
34 7 1513
58 57 40
30 13 238
23 16 1166
66 67 1250
26 25 1690
44 3 547
63 33 1597
4 68 1263
44 11 49
15 47 613
66 13 1641
44 31 608
59 38 420
20 61 726
7 15 1465
39 0 123
37 4 416
33 38 1427
33 6 544
39 61 278
27 67 866
26 16 874
52 18 1129
66 60 289
2 4 1560
19 42 1661
21 41 1682
44 13 130
61 30 444
21 24 1363
3 8 479
9 38 160
68 6 968
11 20 702
41 3 1231
14 47 1112
25 62 1555
68 53 800
34 62 1674
4 43 350
56 23 381
8 0 1565
50 27 1706
8 49 81
14 33 764
54 32 1418
30 31 283
23 17 176
2 64 387
27 45 847
48 28 35
56 39 1467
67 10 506
43 28 444
21 63 15
2 58 12
57 11 1556
52 42 352
15 44 227
24 63 1109
43 34 1028
14 35 1728
3 32 39
20 52 1642
21 2 338
1 2 236
54 6 437
60 52 335
33 36 223
14 25 856
35 60 977
49 12 1396
46 30 842
53 15 82
39 25 218
45 18 1281
14 2 111
29 52 1683
47 17 163
16 68 303
10 43 1485
57 48 441
62 58 662
11 64 1628
66 29 1082
48 60 347
31 4 26
46 54 1669
54 69 1090
9 23 1292
15 53 1644
26 4 249
55 58 963
39 9 395
28 33 1449
42 0 1095
20 25 509
52 31 299
47 9 380
10 20 1403
18 54 1083
57 12 1736
59 45 875
15 49 8
20 29 562
59 54 1110
43 67 310
31 34 1267
33 19 1454
55 39 573
65 42 1418
34 43 964
21 1 1119
34 24 1073
63 44 300
20 21 1179
12 30 1355
13 26 548
33 28 862
45 41 1037
10 52 629
17 36 775
19 45 1216
47 66 552
35 18 859
52 37 1011
68 0 1620
31 60 1111
44 17 258
13 22 1249
1 33 123
50 22 302
24 52 1075
63 12 1572
9 51 834
9 57 1621
18 36 1032
15 3 1179
44 30 1722
9 12 1053
63 6 982
35 6 1606
43 30 357
69 31 1432
36 13 1600
42 20 180
25 10 1278
41 39 1719
12 36 94
6 53 1126
65 7 408
45 20 6
36 54 1515
56 36 137
54 39 1171
0 25 1139
42 55 632
10 28 1381
21 52 787
6 56 713
35 12 1590
33 10 1681
49 47 1688
28 66 1732
54 31 1213
18 63 1391
33 31 1438
67 43 160
34 52 666
39 24 945
38 57 1313
23 53 740
6 68 125
60 23 208
20 62 1721
17 45 1468
63 8 1071
17 49 586
60 65 1311
19 68 1174
19 50 1108
2 68 1201
52 39 1509
47 50 56
29 59 1634
59 26 484
23 18 1012
7 38 371
53 52 1117
30 44 247
11 41 185
56 57 641
43 45 307
36 57 686
48 44 1507
43 15 398
20 17 977
49 46 936
17 46 120
23 43 948
23 30 227
48 46 787
3 55 572
58 0 1565
30 21 178
29 43 386
48 54 1508
56 28 919
66 28 917
53 60 1181
34 19 678
52 56 1395
13 33 111
47 61 1398
42 34 1064
11 45 1701
62 14 1541
23 42 507
10 42 752
2 12 1644
20 22 1214
24 62 1514
23 55 1124
8 38 1096
56 67 1139
67 41 751
34 22 1293
3 18 1022
10 46 1609
42 6 848
24 41 825
21 22 1597
30 15 497
15 6 1228
66 20 918
6 3 79
25 69 303
64 44 570
11 13 1304
26 59 775
38 49 1032
4 44 1174
43 66 719
65 64 1225
33 60 971
27 55 1046
31 17 78
65 6 738
65 21 725
28 17 1448
61 20 849
43 51 702
49 51 137
4 15 1570
35 14 1046
25 65 1141
34 44 1672
63 26 1172
32 47 790
64 6 282
49 10 1716
14 50 797
3 4 699
44 10 832
39 51 1124
0 56 1487
63 68 378
38 32 1008
68 69 71
36 15 117
0 62 144
6 20 624
15 46 522
6 13 134
33 55 640
51 35 1451
52 2 1072
19 63 1309
46 11 1569
30 22 1481
62 21 1402
45 13 1618
19 44 760
59 51 1145
50 36 954
48 43 406
16 20 231
61 34 1670
22 62 540
25 29 1202
68 39 380
33 3 1649
20 55 386
24 16 44
55 16 793
29 4 209
11 28 567
18 13 1018
61 35 714
33 34 1567
51 0 1352
15 26 1030
18 21 144
21 13 366
19 20 882
58 25 25
36 37 445
42 19 458
49 65 25
27 21 1705
57 19 195
16 53 1423
37 53 439
41 50 898
42 33 1503
3 66 122
51 65 723
37 20 1246
50 68 1493
68 55 911
26 20 1064
57 65 501
0 45 951
30 9 1533
48 41 1153
33 37 1466
35 11 1472
17 7 1463
29 50 1386
26 55 1034
69 56 1133
15 63 636
3 26 1483
15 2 917
36 7 188
4 29 719
58 8 856
18 10 28
19 56 821
62 56 1678
19 43 422
45 30 1600
42 52 1291
8 18 1000
26 30 1005
13 25 858
29 25 603
13 45 849
57 23 1101
27 64 1486
54 36 1012
56 6 1102
37 45 1473
58 29 588
9 53 885
22 36 58
8 65 51
8 12 468
53 29 202
58 22 529
52 55 1660
20 68 1665
13 28 274
8 28 811
48 6 791
53 66 1388
34 30 1377
46 22 1020
19 14 1708
51 38 1459
17 15 165
24 44 51
37 18 1370
62 53 1072
50 31 1073
44 16 301
12 23 383
62 54 989
0 65 1542
17 66 752
6 10 1396
30 38 1540
41 65 1314
64 46 1619
41 47 1369
26 67 788
12 9 1220
53 8 1638
17 22 1153
56 11 842
18 20 1235
49 55 1727
54 25 1238
9 60 1639
48 7 119
24 25 322
30 34 1024
59 24 104
43 13 444
36 3 399
33 11 325
12 2 1118
27 53 366
67 23 1233
28 14 1460
35 26 738
32 62 1384
48 69 1080
42 49 210
33 43 163
64 56 886
62 60 288
64 32 1013
40 36 68
40 8 53
40 63 3
40 56 47
40 14 5
40 25 13
40 42 38
40 59 28
40 4 13
40 10 32
40 20 31
40 67 21
40 47 54
40 51 53
40 17 39
40 35 1
40 44 32
40 9 36
40 13 32
40 18 62
40 19 28
40 41 54
40 37 9
40 31 6
40 48 47
2 5 5
7 5 13
10 5 7
12 5 49
13 5 2
14 5 5
15 5 49
18 5 27
19 5 62
20 5 0
22 5 18
26 5 37
28 5 69
32 5 63
33 5 33
36 5 41
37 5 49
42 5 12
44 5 69
45 5 66
47 5 32
49 5 27
50 5 27
53 5 24
61 5 6
66 5 69
69 5 62
