9
18
0 1 134
0 6 176
0 8 734
0 10 604
0 11 239
0 12 458
0 13 502
0 14 274
0 15 473
0 16 602
0 19 651
0 20 186
0 21 172
0 23 78
0 24 136
0 25 434
0 26 306
0 27 957
0 28 1015
0 29 122
0 33 73
0 34 377
0 37 760
0 39 14
1 2 697
1 3 720
1 5 633
1 7 671
1 8 415
1 10 132
1 11 494
1 12 154
1 13 43
1 15 833
1 16 163
1 17 102
1 19 99
1 20 983
1 21 959
1 26 631
1 27 333
1 29 211
1 30 616
1 31 461
1 34 953
1 35 620
1 36 703
1 37 529
1 39 597
2 0 788
2 3 1040
2 4 343
2 6 276
2 8 549
2 10 141
2 12 60
2 14 790
2 15 553
2 16 417
2 17 722
2 23 719
2 24 707
2 25 865
2 27 228
2 29 568
2 30 401
2 31 1030
2 34 1036
2 35 522
2 36 1041
2 37 939
2 38 1083
2 39 261
3 2 242
3 7 103
3 8 605
3 10 773
3 11 779
3 12 400
3 13 576
3 14 686
3 15 83
3 16 286
3 17 396
3 19 344
3 20 778
3 21 296
3 24 958
3 25 229
3 26 385
3 28 992
3 29 679
3 30 300
3 31 1017
3 32 944
3 33 422
3 34 1041
3 35 370
3 39 339
4 1 926
4 2 417
4 3 61
4 7 102
4 8 412
4 10 573
4 11 275
4 12 799
4 13 505
4 14 33
4 15 96
4 16 509
4 20 438
4 21 2
4 24 679
4 25 750
4 26 631
4 28 867
4 29 899
4 30 335
4 31 169
4 33 482
4 34 582
4 35 511
4 36 1073
4 37 19
4 38 386
4 39 46
5 0 866
5 1 853
5 2 750
5 3 474
5 6 115
5 8 100
5 10 442
5 12 625
5 14 363
5 15 263
5 17 657
5 19 650
5 24 898
5 27 614
5 28 49
5 29 29
5 30 227
5 31 365
5 33 625
5 34 757
5 35 168
5 36 725
5 37 198
5 39 136
6 0 806
6 3 369
6 5 805
6 7 57
6 8 597
6 12 798
6 14 651
6 15 328
6 17 67
6 19 581
6 20 509
6 21 299
6 22 730
6 24 335
6 25 546
6 26 445
6 30 558
6 31 723
6 32 367
6 33 674
6 34 95
6 36 236
6 37 840
6 38 53
6 39 209
7 0 346
7 3 47
7 4 704
7 5 154
7 6 622
7 8 961
7 12 752
7 13 780
7 14 1053
7 15 934
7 16 718
7 17 247
7 20 568
7 23 374
7 24 978
7 25 439
7 28 206
7 30 480
7 31 848
7 32 992
7 33 927
7 34 38
7 36 960
7 38 1090
7 39 569
8 3 846
8 4 110
8 5 233
8 6 687
8 7 337
8 10 1049
8 11 59
8 12 1047
8 13 849
8 14 989
8 15 76
8 16 64
8 19 9
8 20 96
8 22 566
8 24 719
8 26 1028
8 27 288
8 28 283
8 29 838
8 30 155
8 31 38
8 33 322
8 34 832
8 35 141
8 36 797
8 37 600
8 38 842
8 39 424
10 2 961
10 3 462
10 4 214
10 5 851
10 6 254
10 7 55
10 8 21
10 11 482
10 12 393
10 13 1077
10 14 30
10 16 124
10 17 738
10 19 424
10 20 103
10 21 1052
10 24 835
10 25 73
10 26 657
10 28 794
10 29 604
10 30 7
10 32 220
10 33 904
10 34 33
10 35 118
10 36 442
10 37 707
10 38 823
11 0 209
11 1 760
11 3 703
11 5 990
11 6 531
11 7 554
11 8 1086
11 10 1029
11 12 847
11 13 484
11 15 783
11 17 565
11 19 571
11 21 997
11 22 701
11 23 263
11 24 535
11 26 179
11 27 462
11 28 647
11 29 408
11 31 1013
11 32 1070
11 33 866
11 34 462
11 35 579
11 39 947
12 0 714
12 1 754
12 2 849
12 4 91
12 5 1061
12 6 483
12 7 250
12 8 617
12 10 364
12 11 553
12 13 1067
12 14 387
12 15 1078
12 16 1011
12 19 827
12 20 126
12 21 1009
12 22 1075
12 23 1033
12 25 550
12 27 395
12 28 785
12 29 268
12 31 400
12 32 486
12 33 962
12 34 970
12 37 264
12 38 379
12 39 450
13 0 153
13 1 753
13 2 648
13 6 26
13 8 779
13 10 950
13 11 977
13 14 576
13 15 109
13 19 718
13 20 592
13 21 864
13 22 906
13 23 1061
13 24 691
13 26 1088
13 28 107
13 30 650
13 31 580
13 33 1030
13 34 50
13 35 530
13 36 425
13 38 563
14 1 307
14 2 510
14 3 61
14 4 760
14 6 683
14 7 778
14 8 67
14 10 714
14 11 352
14 15 197
14 16 595
14 17 704
14 20 224
14 21 395
14 22 631
14 24 1045
14 25 690
14 26 579
14 28 788
14 30 272
14 31 195
14 32 173
14 34 274
14 35 1026
14 37 18
14 39 921
15 0 424
15 1 374
15 2 97
15 4 819
15 6 77
15 8 425
15 10 205
15 11 464
15 12 912
15 13 729
15 14 576
15 16 528
15 19 1014
15 22 664
15 24 826
15 26 1020
15 27 833
15 28 983
15 29 239
15 30 542
15 31 1074
15 32 860
15 33 530
15 35 994
15 36 295
15 37 370
15 38 729
15 39 114
16 0 703
16 2 4
16 3 75
16 4 770
16 5 260
16 6 529
16 7 794
16 8 11
16 11 872
16 13 386
16 14 881
16 15 308
16 17 235
16 19 252
16 20 1044
16 23 777
16 24 641
16 28 236
16 29 335
16 30 532
16 31 425
16 35 798
16 36 1076
16 38 702
16 39 354
17 1 477
17 2 999
17 4 916
17 5 464
17 8 86
17 10 724
17 11 536
17 12 309
17 13 404
17 15 427
17 16 180
17 19 492
17 20 392
17 22 432
17 23 652
17 24 882
17 25 886
17 26 817
17 27 644
17 28 413
17 29 377
17 31 203
17 32 144
17 34 966
17 35 526
17 36 381
17 37 51
17 38 400
17 39 544
19 0 482
19 1 717
19 2 1077
19 3 228
19 5 1056
19 6 639
19 7 966
19 8 669
19 12 804
19 13 1089
19 14 253
19 15 835
19 20 397
19 21 219
19 22 620
19 23 414
19 25 520
19 26 498
19 27 320
19 28 171
19 29 47
19 30 437
19 31 982
19 32 26
19 34 714
19 35 418
19 36 1090
19 37 284
19 38 489
19 39 741
20 0 1087
20 1 676
20 2 194
20 3 499
20 4 722
20 5 1030
20 6 496
20 7 830
20 8 580
20 10 1090
20 11 377
20 12 1045
20 13 766
20 15 704
20 17 501
20 19 1004
20 21 19
20 22 200
20 23 676
20 24 237
20 26 366
20 27 626
20 29 931
20 30 467
20 32 34
20 34 251
20 36 295
20 37 736
20 38 850
20 39 184
21 0 1036
21 3 73
21 4 336
21 6 1021
21 7 961
21 8 951
21 10 514
21 11 434
21 12 138
21 13 773
21 16 651
21 17 966
21 19 37
21 20 598
21 27 80
21 28 470
21 29 208
21 30 152
21 31 651
21 32 1090
21 33 1040
21 34 375
21 35 312
21 36 418
21 37 355
21 39 477
22 0 656
22 2 939
22 3 894
22 5 391
22 6 548
22 7 101
22 8 593
22 10 742
22 13 954
22 14 64
22 15 797
22 16 65
22 17 753
22 19 671
22 20 96
22 23 908
22 25 81
22 26 107
22 27 422
22 29 276
22 30 662
22 32 45
22 33 715
22 35 755
22 36 816
22 38 153
22 39 429
23 0 896
23 1 994
23 3 751
23 4 504
23 5 505
23 7 446
23 8 513
23 10 831
23 11 553
23 12 558
23 13 71
23 14 373
23 15 134
23 16 282
23 17 492
23 19 327
23 20 981
23 21 1087
23 24 3
23 25 1085
23 27 94
23 28 1006
23 30 975
23 31 864
23 33 934
23 34 568
23 35 683
23 36 871
23 38 460
23 39 856
24 0 224
24 1 644
24 3 786
24 5 169
24 6 188
24 7 959
24 8 811
24 10 844
24 11 315
24 15 93
24 16 168
24 17 655
24 19 245
24 21 269
24 23 380
24 25 405
24 26 230
24 27 926
24 29 930
24 30 405
24 31 798
24 32 925
24 33 878
24 34 787
24 35 434
24 36 415
24 37 1068
24 38 190
24 39 289
25 0 1064
25 2 604
25 5 557
25 6 755
25 7 644
25 8 943
25 11 755
25 13 81
25 14 902
25 16 156
25 17 521
25 20 473
25 21 878
25 24 939
25 26 308
25 27 924
25 29 101
25 30 1006
25 31 1055
25 32 1043
25 33 71
25 35 399
25 36 475
25 37 744
25 38 297
25 39 529
26 1 669
26 2 906
26 3 131
26 5 417
26 6 274
26 7 657
26 10 982
26 11 797
26 12 653
26 13 291
26 14 319
26 15 88
26 16 533
26 17 1080
26 19 109
26 20 286
26 22 662
26 23 850
26 24 450
26 25 313
26 27 125
26 28 957
26 29 56
26 30 118
26 32 357
26 33 734
26 34 979
26 35 64
26 37 644
26 38 254
26 39 363
27 0 908
27 1 86
27 2 589
27 3 665
27 6 480
27 8 287
27 10 713
27 11 101
27 13 536
27 14 113
27 15 69
27 16 90
27 17 169
27 19 106
27 22 319
27 23 628
27 25 340
27 28 866
27 29 481
27 30 209
27 31 595
27 32 60
27 33 1062
27 34 523
27 35 841
27 37 691
27 39 193
28 0 628
28 1 17
28 2 512
28 4 513
28 5 325
28 6 964
28 7 889
28 8 196
28 10 862
28 11 230
28 12 598
28 13 620
28 14 602
28 16 961
28 19 610
28 20 637
28 21 714
28 22 779
28 23 1089
28 24 895
28 27 65
28 29 613
28 30 192
28 31 760
28 32 158
28 33 709
28 34 913
28 35 416
28 37 902
28 38 535
29 0 678
29 2 260
29 3 817
29 4 716
29 6 844
29 7 963
29 8 620
29 11 422
29 12 712
29 13 553
29 17 777
29 19 83
29 20 969
29 21 765
29 23 251
29 24 869
29 25 822
29 26 388
29 27 865
29 32 616
29 33 445
29 34 937
29 35 302
29 36 1053
29 37 819
29 38 837
29 39 669
30 0 243
30 1 0
30 2 1042
30 3 960
30 4 358
30 6 679
30 7 419
30 11 139
30 14 678
30 15 383
30 16 262
30 17 136
30 19 858
30 20 947
30 21 963
30 22 646
30 23 347
30 24 277
30 26 460
30 27 1067
30 29 969
30 31 619
30 33 249
30 34 261
30 36 582
30 38 208
30 39 973
31 0 556
31 1 1056
31 2 902
31 4 25
31 7 629
31 8 107
31 10 951
31 12 971
31 13 309
31 15 311
31 17 358
31 19 856
31 20 526
31 21 1081
31 23 392
31 26 423
31 28 69
31 29 930
31 33 778
31 34 131
31 37 1051
31 38 869
32 0 146
32 1 661
32 3 542
32 4 1091
32 5 621
32 6 966
32 8 48
32 10 1042
32 11 945
32 12 73
32 13 606
32 14 260
32 21 228
32 22 220
32 24 128
32 25 270
32 26 503
32 27 1002
32 28 264
32 29 647
32 30 405
32 34 386
32 35 499
32 36 979
32 37 897
32 38 744
32 39 1069
33 0 133
33 1 817
33 2 540
33 3 368
33 4 781
33 6 598
33 8 1089
33 10 829
33 11 718
33 12 0
33 14 784
33 16 510
33 17 937
33 19 936
33 20 326
33 23 396
33 24 225
33 25 505
33 27 244
33 28 646
33 29 334
33 30 1071
33 31 1032
33 32 390
33 35 326
33 36 387
33 37 585
34 1 39
34 2 772
34 3 303
34 4 501
34 5 754
34 6 379
34 7 611
34 8 719
34 10 853
34 11 110
34 12 836
34 13 583
34 14 141
34 16 572
34 17 418
34 19 805
34 21 476
34 23 752
34 26 301
34 27 658
34 28 874
34 29 89
34 30 149
34 33 1062
34 35 1050
34 37 507
34 39 938
35 1 590
35 2 169
35 7 143
35 8 52
35 10 565
35 11 247
35 13 1055
35 14 761
35 15 345
35 16 111
35 21 651
35 22 501
35 23 608
35 24 301
35 25 831
35 28 316
35 29 125
35 30 685
35 31 5
35 32 72
35 34 282
35 39 845
36 0 253
36 1 401
36 2 499
36 3 116
36 4 835
36 6 283
36 7 1016
36 10 1036
36 11 917
36 12 37
36 14 1075
36 17 792
36 21 244
36 23 317
36 24 145
36 25 980
36 26 373
36 27 246
36 28 968
36 31 772
36 33 182
36 34 1054
36 35 320
36 37 636
37 1 711
37 2 985
37 3 288
37 4 977
37 5 1074
37 6 453
37 7 396
37 8 9
37 13 889
37 14 486
37 15 251
37 16 762
37 17 1089
37 19 977
37 20 576
37 21 757
37 23 560
37 24 385
37 29 1087
37 30 42
37 31 60
37 34 676
37 35 4
37 38 122
37 39 87
38 0 824
38 3 501
38 4 471
38 5 406
38 6 294
38 7 611
38 8 617
38 10 175
38 11 1085
38 12 989
38 13 102
38 14 374
38 15 965
38 16 766
38 17 222
38 19 677
38 21 485
38 22 207
38 23 59
38 24 165
38 26 427
38 27 613
38 28 776
38 29 479
38 30 954
38 31 620
38 34 106
38 35 407
38 36 626
38 37 697
38 39 50
39 0 491
39 1 763
39 4 77
39 5 689
39 6 907
39 7 329
39 8 732
39 12 124
39 13 941
39 14 566
39 15 815
39 16 599
39 17 576
39 19 149
39 20 321
39 21 632
39 22 787
39 23 215
39 24 432
39 25 741
39 26 943
39 27 734
39 28 468
39 29 409
39 30 186
39 31 105
39 33 718
39 34 699
39 36 160
9 0 7
9 1 21
9 2 12
9 3 18
9 4 10
9 5 22
9 6 7
9 7 9
9 8 29
9 12 20
9 13 37
9 14 16
9 15 8
9 16 17
9 17 16
9 19 18
9 20 25
9 21 24
9 22 6
9 24 1
9 26 0
9 27 15
9 28 30
9 29 31
9 30 1
9 31 13
9 32 3
9 33 23
9 34 12
9 35 34
9 36 10
9 37 37
9 38 32
1 18 20
3 18 10
4 18 39
5 18 38
6 18 8
10 18 8
11 18 32
12 18 31
13 18 38
14 18 10
15 18 33
17 18 6
19 18 26
20 18 15
21 18 30
22 18 14
23 18 37
24 18 31
25 18 23
27 18 39
31 18 25
32 18 27
33 18 13
34 18 25
35 18 38
36 18 5
37 18 5
38 18 38
39 18 18
