98
2
25 90 408
80 3 724
29 69 264
72 7 221
90 53 993
59 97 474
51 43 673
9 19 1005
45 35 183
83 45 1365
49 99 248
61 4 1206
4 49 1159
90 48 1412
53 9 1178
90 29 503
90 95 1220
67 88 772
58 68 1363
72 60 364
67 92 563
46 4 1069
78 90 12
76 13 846
21 66 342
17 71 30
40 37 1409
51 96 681
82 89 577
99 26 1513
90 88 532
20 4 732
45 59 323
80 53 363
1 89 1082
29 33 810
56 48 473
20 87 597
68 4 909
47 89 5
5 99 23
42 19 340
14 12 625
33 45 372
96 71 47
41 4 1493
20 52 1124
20 25 1182
46 77 1123
33 19 1235
34 29 376
35 93 89
35 67 722
66 10 335
13 65 461
49 73 484
41 0 684
70 54 400
73 60 733
77 8 142
30 17 865
12 91 464
76 20 1459
5 80 126
95 62 1433
76 99 1096
97 4 1111
45 20 244
97 92 1140
11 40 635
99 32 1399
40 66 66
5 54 291
24 18 152
55 67 440
37 10 707
66 56 1265
59 71 1166
48 73 1479
54 72 1458
68 47 143
20 42 1481
43 96 1438
31 94 850
45 12 931
35 73 1040
78 44 726
15 13 50
59 79 1512
1 32 293
5 1 401
65 8 217
78 36 1101
82 95 639
63 77 564
27 67 1384
21 75 1403
72 81 922
82 83 562
38 70 675
61 35 1252
6 8 823
34 45 1322
81 12 1237
90 50 617
34 65 88
97 50 612
60 84 1292
6 14 1257
93 75 1335
62 75 284
46 90 820
66 60 169
67 52 183
94 7 149
59 25 623
96 33 413
30 18 10
87 69 340
69 96 1383
0 70 545
12 63 721
42 90 1500
42 48 839
79 51 893
43 87 409
51 38 1257
25 97 986
48 85 781
77 21 1427
78 47 199
82 23 1227
15 16 250
82 32 1295
71 59 1121
39 10 589
85 11 1265
35 96 1034
86 67 710
28 72 492
54 45 1402
83 85 1130
74 51 1115
68 13 414
54 60 1250
39 96 649
38 67 1261
45 54 155
71 77 981
93 53 1327
54 52 1147
82 24 401
19 99 547
9 59 1095
14 32 1304
44 58 235
13 68 3
92 16 256
29 49 426
42 52 383
92 40 561
73 0 1412
82 11 468
56 43 1225
50 5 508
25 76 1423
16 4 150
33 1 710
34 12 245
50 21 979
3 57 148
36 87 359
91 32 734
37 58 253
3 96 95
45 32 1275
22 89 569
74 52 882
20 3 598
35 33 308
90 31 236
96 83 1488
51 59 1009
66 49 1086
40 27 282
52 84 382
93 88 1219
37 0 515
12 81 1311
13 76 1410
17 33 600
75 64 44
65 52 426
36 12 795
94 46 594
79 21 1383
99 48 953
53 52 1120
19 58 1391
51 27 1246
15 60 885
5 35 43
19 80 292
48 74 36
53 14 839
28 39 581
29 72 799
62 69 987
57 51 635
88 72 18
53 32 782
78 11 918
26 67 1050
80 10 644
61 42 491
23 32 799
51 65 643
74 62 1282
73 88 800
19 64 986
59 30 820
44 36 222
44 30 68
51 60 1459
20 43 489
89 45 139
6 4 1374
85 63 762
78 6 669
94 35 38
83 70 188
77 92 361
69 27 568
17 76 455
64 16 891
78 91 262
16 28 586
31 36 1334
32 28 952
8 74 486
12 22 280
43 90 1385
34 24 1390
99 92 408
20 8 979
71 27 654
34 3 106
70 33 417
97 30 821
38 66 276
77 91 1363
75 44 1159
45 93 800
24 87 1219
56 62 1215
24 49 377
6 57 979
99 3 924
59 76 1461
42 58 1472
74 8 429
69 20 1081
43 28 710
49 27 140
91 87 1202
26 30 370
56 85 320
38 28 1487
32 48 266
59 16 1284
54 22 233
68 83 599
63 31 838
61 17 989
45 56 1068
47 81 392
76 97 1247
92 34 178
64 1 1500
75 0 334
22 36 1184
93 94 67
29 76 936
81 96 1241
50 59 427
99 17 821
3 36 478
26 40 186
88 37 1072
91 12 78
20 80 1266
40 55 1216
3 28 1161
44 28 1363
36 16 39
22 43 496
89 88 1479
95 58 944
81 34 838
45 24 1331
21 35 459
81 94 1340
23 31 163
5 18 431
18 64 279
18 44 62
42 4 357
96 28 551
54 40 594
91 42 856
79 45 154
5 94 1311
31 35 767
64 78 24
78 66 107
71 26 1338
81 30 427
15 11 822
4 45 988
94 60 488
75 32 803
23 30 987
49 72 1035
96 57 700
95 16 344
36 67 796
9 86 1113
39 43 902
12 64 206
1 67 803
73 85 1293
83 60 1491
4 5 177
72 94 549
80 50 908
35 38 216
6 1 723
3 37 944
90 66 147
14 65 1315
86 63 756
70 40 984
76 35 702
17 96 1208
60 12 229
57 76 305
8 38 764
31 25 25
47 87 1303
75 40 54
58 14 882
84 78 1333
83 78 1013
43 59 872
88 77 196
17 7 1007
39 87 891
4 75 969
32 8 427
53 91 954
27 73 394
6 21 666
7 9 509
10 87 457
11 89 1407
54 3 232
96 11 417
65 15 643
57 62 1080
65 90 1113
60 87 1348
89 18 366
80 91 787
89 21 241
8 10 1118
44 65 28
9 14 1260
54 94 1300
17 12 1298
30 34 851
24 30 199
67 42 1295
93 28 397
57 28 999
35 79 817
28 26 973
22 75 14
47 53 1240
19 22 942
51 63 754
64 11 1507
7 80 1397
99 14 45
81 22 796
28 24 13
71 88 1299
29 21 700
43 10 991
14 56 426
36 29 210
99 61 940
78 86 18
72 75 555
0 40 1147
86 85 181
27 78 1068
64 97 773
51 46 27
84 94 569
64 96 818
67 50 336
76 15 1168
0 43 997
6 70 720
5 42 115
76 14 975
76 49 110
92 42 1367
62 65 698
41 89 651
14 97 690
63 4 566
24 64 1443
85 0 31
27 83 62
30 54 980
29 56 467
0 36 674
73 36 1219
30 85 1493
63 0 1349
60 67 486
91 29 1269
30 11 1252
31 90 1175
83 34 806
74 21 834
39 9 8
42 32 1466
40 62 146
28 12 77
84 48 1418
90 18 1465
4 47 530
21 80 141
26 79 473
80 32 1197
75 47 245
85 71 1344
31 22 1025
81 55 92
65 29 1277
31 71 1030
81 8 503
92 72 186
73 15 927
28 68 929
33 94 262
15 3 237
26 63 1313
37 64 416
6 92 1445
13 69 37
39 37 173
79 10 474
8 31 1147
36 32 715
44 40 1455
56 94 108
18 35 434
27 38 1270
66 90 575
79 23 844
13 22 69
51 37 768
7 66 761
54 46 1489
52 59 733
68 82 323
87 58 707
37 29 1370
59 14 246
58 39 1219
29 73 202
83 11 1329
22 45 1125
59 33 937
6 52 1389
22 47 501
90 42 618
68 79 397
69 5 954
57 12 721
47 61 72
70 3 202
29 59 21
81 28 665
90 84 1176
22 52 1491
82 81 187
61 43 1074
38 34 1496
61 12 1078
91 1 807
7 90 155
6 73 389
84 60 149
66 91 1094
86 97 1055
83 21 379
49 86 297
4 76 1347
84 77 1102
61 84 1053
69 13 803
74 47 448
33 75 1129
92 10 431
76 27 1215
8 77 1501
42 69 743
51 74 959
31 45 212
56 22 379
55 50 418
7 63 1196
32 89 358
35 31 273
45 82 590
14 71 641
97 3 203
70 23 360
4 86 72
61 13 905
11 17 1172
76 71 115
40 29 115
92 7 1454
34 41 1294
31 95 373
11 3 556
57 68 1243
23 4 1203
40 80 1130
42 87 803
27 90 640
59 56 120
41 40 79
92 71 196
6 67 403
7 24 857
53 6 551
21 40 708
62 16 229
46 35 176
83 66 1460
94 41 1110
82 60 223
42 34 197
84 67 651
43 60 1306
22 79 587
58 3 782
37 43 1164
90 86 1219
35 82 992
26 8 554
25 60 1360
4 97 1404
9 15 952
87 67 1391
83 19 249
87 88 1436
39 63 398
26 23 82
71 41 594
72 10 492
44 47 1350
64 91 378
57 58 568
21 55 86
95 33 349
20 23 684
42 47 220
33 11 685
28 18 334
68 36 770
22 21 77
10 14 1029
78 59 1301
30 4 1023
33 53 1446
87 83 37
3 11 1314
81 13 1133
5 66 1264
34 54 1070
47 43 1406
65 77 1121
36 41 310
0 49 1180
23 28 17
85 20 1248
64 5 769
40 38 1510
33 90 771
23 27 1438
38 9 200
30 26 1072
87 0 482
24 1 695
93 74 37
84 12 33
46 52 848
66 52 1385
50 54 1303
40 14 815
91 57 708
65 97 965
13 38 226
10 67 1155
94 84 341
50 67 541
79 46 71
60 94 621
36 68 476
80 54 364
27 32 539
54 92 620
88 35 395
43 91 268
23 68 217
65 32 2
16 53 1062
77 46 1452
24 92 1223
1 34 11
17 41 949
41 51 438
53 68 920
74 40 405
24 34 1284
51 41 975
54 16 138
50 19 1236
46 12 268
8 48 1036
60 19 914
43 83 1180
73 56 1448
18 19 138
3 49 761
12 27 1346
42 75 585
35 51 15
3 15 82
13 78 844
33 28 100
57 18 974
78 8 1252
78 46 128
20 63 620
83 79 991
96 20 1088
5 86 936
97 54 1457
28 92 676
96 3 848
90 49 1079
42 16 753
18 78 1119
88 5 358
25 24 1432
99 97 1068
36 60 341
27 91 860
35 32 639
8 86 353
70 91 990
35 34 706
64 49 759
13 0 1032
22 0 817
88 59 499
88 46 407
34 82 385
34 89 1514
24 27 1181
70 30 1134
21 52 518
88 28 189
13 84 443
82 68 447
95 80 246
38 59 997
44 93 367
84 17 509
56 57 864
77 38 747
91 26 1358
75 83 984
12 69 920
97 12 585
10 82 568
78 24 735
52 78 1291
29 38 955
15 33 410
33 97 998
97 16 1372
81 74 369
51 32 45
40 58 926
75 66 767
13 49 1478
88 64 7
31 99 137
41 24 1040
1 48 193
75 31 832
91 11 1194
90 80 222
12 42 220
95 85 1269
46 74 1349
91 55 350
45 61 477
6 77 785
64 60 422
9 12 528
6 65 43
96 99 408
79 82 1439
26 38 406
52 83 1213
75 89 1414
34 84 1257
74 26 795
18 6 939
46 20 173
63 90 812
44 53 944
85 43 1298
80 87 344
62 44 1100
53 35 1468
93 83 1073
35 23 819
63 35 556
30 35 245
79 32 1013
15 35 1326
81 95 1004
38 69 291
10 48 1035
21 84 502
99 45 1419
68 57 112
56 88 835
91 37 82
32 14 755
39 68 384
91 86 1305
82 42 676
54 31 620
67 48 797
72 0 536
66 19 987
83 84 741
19 53 1083
12 32 1476
68 87 544
25 4 439
6 62 144
68 8 506
7 20 882
88 94 72
74 43 1479
33 73 300
7 70 182
41 19 123
50 62 412
60 89 1276
85 12 52
67 56 1293
19 89 709
84 49 15
27 70 1476
32 35 1208
10 29 328
44 57 1344
50 38 145
83 52 1397
20 17 579
64 94 935
84 45 760
24 36 869
76 4 959
11 48 33
78 99 167
92 57 635
77 10 1129
68 89 800
95 93 1090
27 97 500
30 89 835
28 3 220
5 16 1336
52 25 660
33 67 806
9 1 1158
99 52 1019
57 87 1305
1 39 11
41 49 349
31 67 1328
50 42 940
24 15 1164
3 1 745
83 3 1228
45 91 126
39 14 1291
23 77 930
44 96 64
13 53 128
3 59 589
27 36 459
76 90 747
9 18 144
34 78 1091
89 10 1338
82 73 237
64 8 942
38 15 360
96 74 1119
67 15 1507
95 54 94
86 96 56
65 45 100
52 23 456
58 87 466
97 44 779
46 66 1382
59 18 638
58 75 921
56 75 568
44 59 10
27 64 749
87 96 430
43 53 710
17 70 12
14 45 294
43 84 712
0 72 165
13 74 1454
79 94 80
69 73 1489
62 46 304
95 17 685
54 12 106
75 60 710
13 24 2
1 63 428
74 15 537
90 15 308
55 13 91
52 34 343
32 66 1207
27 4 295
85 87 569
91 24 1359
97 21 643
76 73 283
72 22 33
16 48 1307
8 41 1138
73 8 181
76 25 1407
8 24 972
65 50 761
44 27 644
5 60 116
94 39 492
25 9 1347
68 95 295
77 19 1232
53 10 348
49 3 249
57 88 1453
61 59 1372
21 56 668
61 74 4
39 48 175
22 49 1010
82 91 314
42 23 160
52 95 1270
27 96 51
78 67 893
73 61 1144
54 95 759
8 52 551
73 30 201
80 19 1429
11 87 1343
57 4 276
71 50 243
52 85 715
16 17 776
49 51 930
70 84 1187
68 93 1493
0 48 249
39 62 1426
97 99 379
73 67 539
28 0 293
16 32 977
82 76 882
78 35 396
47 56 472
62 92 1318
25 70 1017
35 99 856
72 14 1201
7 43 671
31 4 1478
92 48 1239
95 43 316
87 75 916
26 68 613
48 93 601
30 92 464
59 44 565
11 37 1256
58 85 1478
49 1 922
14 13 1417
84 61 735
18 16 1077
39 35 48
52 9 804
72 45 45
31 54 454
95 11 1475
42 54 299
54 57 90
93 29 230
84 87 220
20 31 602
64 25 839
91 76 494
51 30 1161
19 29 170
30 95 41
99 79 648
59 24 231
36 86 1005
36 39 682
96 25 527
68 58 629
80 25 0
86 53 675
43 42 335
71 61 177
8 6 1352
47 35 1315
37 5 1020
13 11 9
71 70 2
36 48 802
27 41 393
95 28 1324
31 60 459
50 46 1497
89 32 434
35 26 317
90 34 1316
24 50 1352
26 33 243
72 38 819
16 18 698
73 28 1479
7 65 19
77 53 475
10 12 312
32 40 204
12 55 1130
17 39 1228
15 85 1505
76 26 956
22 35 374
24 16 786
90 85 433
9 41 1255
75 7 316
39 45 133
14 91 710
64 56 123
46 70 1459
55 80 978
92 96 1183
15 51 1000
9 93 1222
72 80 962
91 61 1152
55 70 281
75 50 791
66 18 847
66 51 1454
86 56 273
24 94 677
48 16 1403
77 3 56
10 8 1333
7 31 1356
64 18 597
55 7 1423
87 5 595
0 56 432
14 3 1272
23 81 1400
18 94 1390
78 73 1449
37 94 1358
73 39 1351
4 84 951
75 97 1107
47 83 940
88 91 656
36 74 598
57 35 1399
69 95 1126
36 19 1347
32 70 1347
65 46 574
27 66 1217
29 5 858
5 92 1139
45 11 1183
92 32 46
60 65 1304
38 97 234
88 24 1292
45 1 900
97 82 451
75 23 1184
44 15 1474
9 13 1407
87 8 307
87 19 1182
4 33 1129
4 91 818
40 85 424
37 83 1176
19 40 1193
56 67 1053
20 26 389
59 31 697
41 55 386
3 78 1062
14 34 1049
94 65 139
60 97 301
31 75 73
61 18 528
9 5 679
81 33 522
14 78 364
93 13 375
62 82 1436
78 50 1115
64 32 659
35 61 915
77 5 1358
61 1 1420
6 3 932
31 70 1082
75 70 1276
36 76 1440
41 78 1269
91 96 466
88 48 360
48 79 214
10 55 633
86 34 373
38 62 1072
40 39 153
42 53 1446
11 7 836
3 92 161
68 92 304
51 45 689
35 69 1407
6 99 293
41 18 583
66 21 724
75 29 941
11 71 1244
96 87 528
72 65 1402
66 39 1478
97 23 484
52 49 382
45 83 1487
59 77 521
0 58 1168
13 25 936
39 19 282
36 25 1420
3 46 9
26 0 1370
40 0 1258
20 60 384
54 13 77
55 81 978
65 93 560
94 76 1036
1 18 1188
86 30 18
70 36 440
58 21 740
64 89 754
77 41 730
5 62 704
86 52 1209
27 55 1200
61 63 1154
16 15 525
31 69 912
99 0 1321
44 41 1466
37 57 1465
29 51 197
25 56 542
24 66 640
81 87 1319
5 96 1355
96 44 1185
33 71 1260
92 49 692
34 18 629
80 81 542
3 26 217
95 89 959
61 29 1141
84 22 176
38 22 494
15 4 397
46 54 688
22 25 718
3 14 622
16 75 864
34 48 1496
39 84 209
5 70 1218
99 64 328
99 41 956
96 18 988
87 27 485
19 60 1415
83 55 901
45 7 982
6 22 424
89 22 604
29 67 696
16 83 1513
9 85 869
39 74 13
99 94 754
55 71 677
37 25 250
63 56 186
83 23 1092
71 23 746
47 29 1255
75 11 1500
28 41 1368
0 60 661
8 85 1351
67 35 1506
29 28 342
97 93 900
86 70 905
40 97 584
30 24 1013
24 62 486
40 68 431
27 9 495
91 44 852
54 71 529
29 37 1251
1 81 1312
69 24 108
60 45 187
63 99 165
21 44 1225
8 51 1423
38 16 87
40 19 638
47 55 561
97 64 460
89 14 882
73 53 779
4 39 1169
23 74 776
70 51 982
56 74 950
54 32 155
99 40 369
64 34 84
77 88 1316
85 4 1251
50 84 1474
57 75 282
87 25 408
57 45 452
50 99 1183
80 45 1109
93 11 1234
86 73 383
56 68 656
90 30 294
69 23 489
59 54 536
84 27 470
99 29 344
47 88 487
62 5 1192
25 81 1185
97 13 783
45 36 541
79 43 1141
86 7 58
91 56 284
25 39 1513
96 63 734
75 92 622
15 59 494
58 86 1346
86 6 1135
97 90 816
27 74 682
61 53 799
97 27 668
13 63 766
5 67 224
72 34 843
69 76 963
26 12 1423
26 74 567
7 81 591
74 24 1017
40 61 1484
31 18 160
86 50 620
83 81 1048
95 61 104
21 62 1175
65 4 789
68 78 1353
8 69 328
92 17 371
12 56 1165
50 28 227
56 54 214
78 28 1008
43 20 682
7 82 155
61 48 961
60 76 105
58 24 595
4 69 1089
29 60 336
48 3 1058
56 97 1053
58 45 278
37 39 12
51 23 1208
59 41 679
93 23 1444
11 97 1417
57 50 276
55 99 679
60 28 189
23 95 701
11 36 1382
60 83 528
55 1 403
27 92 930
20 58 475
20 84 655
86 23 383
67 68 267
68 31 170
30 97 1099
22 10 1344
35 62 702
30 79 228
41 15 1476
7 42 380
82 85 550
37 70 345
96 94 289
81 85 352
70 39 75
36 63 811
92 80 93
79 5 1083
39 56 983
82 9 1113
91 93 1434
22 12 768
32 88 1217
76 68 1249
41 94 1301
80 44 978
34 44 197
21 57 197
52 56 93
41 91 855
78 9 1503
64 10 635
12 26 1242
17 54 34
39 42 886
58 9 385
36 90 878
9 10 1053
66 86 454
20 19 628
86 60 110
80 66 75
33 49 818
75 94 600
68 29 1019
23 38 1366
59 75 1075
8 7 1204
90 62 1269
61 32 836
71 87 1367
20 65 1299
95 25 1457
53 70 310
51 93 182
49 0 1326
49 32 613
44 43 65
55 65 260
4 31 1286
33 44 1408
33 27 1314
58 94 360
0 67 80
15 48 969
36 34 482
71 94 474
6 64 1033
70 21 57
48 1 296
40 16 1470
29 44 1311
59 5 114
73 66 440
30 47 244
33 21 1446
59 11 95
75 15 904
14 29 1493
39 52 849
73 99 417
85 32 351
45 25 921
68 23 1208
0 17 370
25 67 328
72 73 87
89 33 673
97 29 422
60 41 1372
7 6 428
92 73 39
25 35 201
44 72 507
73 79 654
11 4 370
96 65 487
0 3 272
35 71 674
71 45 297
47 0 1115
45 21 432
55 69 33
27 8 144
26 22 263
18 38 496
61 67 777
31 39 1129
25 38 790
78 85 735
17 86 960
25 31 956
91 39 333
67 29 1440
85 80 411
71 86 276
6 53 674
78 68 508
84 47 953
94 90 1237
93 72 591
83 86 488
97 57 492
99 56 1374
95 37 1333
93 91 1002
95 78 1227
31 3 42
68 32 907
24 46 879
62 3 637
25 66 1083
88 52 1512
49 50 783
48 66 830
6 13 950
68 69 165
81 73 1028
46 57 449
25 91 1054
47 44 263
74 34 1107
93 43 572
27 94 366
28 66 1486
86 46 760
97 51 1067
54 25 1316
19 79 18
26 88 1468
96 27 762
28 50 887
76 60 56
79 19 529
45 75 1327
16 20 1043
93 70 629
55 28 1179
36 35 525
79 12 18
1 84 1239
69 83 1097
30 0 833
84 35 928
94 8 598
84 4 1170
24 4 865
21 76 1479
3 97 800
98 51 62
98 99 38
98 34 62
98 82 43
98 83 70
98 27 30
98 69 89
98 68 4
98 12 10
98 9 43
98 38 92
98 56 28
98 75 68
3 2 49
4 2 35
6 2 81
13 2 83
20 2 34
29 2 67
37 2 95
38 2 73
55 2 98
56 2 99
58 2 97
68 2 46
69 2 61
73 2 47
77 2 62
89 2 85
