46
19
24 43 571
48 32 272
31 24 490
7 36 898
49 9 913
17 30 847
10 18 769
23 29 493
11 14 998
15 30 72
22 31 681
3 26 511
29 10 668
4 3 1062
47 8 678
13 24 793
27 45 12
27 8 203
35 9 1014
4 30 1128
34 16 1030
36 7 202
48 34 930
26 13 1140
0 33 904
39 34 860
3 12 412
15 3 776
2 45 870
30 29 307
5 45 213
44 37 1043
3 44 84
34 44 723
2 48 29
22 25 410
0 25 36
42 49 1074
9 44 874
42 12 201
48 37 600
27 37 927
16 28 755
37 7 808
16 41 717
47 7 408
33 47 43
4 44 383
5 28 315
42 24 590
13 48 918
14 1 25
3 24 59
36 27 477
12 6 782
14 41 282
13 7 299
34 0 274
23 26 924
9 10 698
28 40 351
47 13 398
18 1 97
1 37 230
21 47 698
2 28 679
37 47 124
18 14 114
17 7 995
1 24 565
7 32 1137
15 20 195
39 6 859
14 15 353
41 34 489
8 36 96
20 22 739
0 47 962
15 38 828
48 36 594
47 39 549
10 5 794
48 49 470
48 12 465
33 49 1076
36 44 833
4 5 23
27 35 896
37 4 652
26 47 486
32 22 182
4 13 539
17 36 883
18 6 1067
4 18 1145
3 28 82
47 34 221
8 35 646
39 7 246
9 0 1093
18 37 525
18 38 484
13 6 587
22 24 396
41 35 56
27 23 441
32 42 423
45 6 449
35 45 706
39 1 797
35 27 101
42 40 1000
4 17 340
38 3 228
26 0 961
39 44 44
27 3 381
28 21 3
44 47 439
14 21 249
35 24 1063
27 0 1104
38 23 437
4 8 156
18 41 217
17 18 247
38 31 212
16 15 383
13 41 20
23 22 930
47 35 997
20 21 197
20 4 22
15 33 1133
22 15 996
49 39 643
34 15 452
18 44 777
38 14 1030
48 38 598
7 34 262
39 35 700
27 30 225
34 39 600
4 21 484
35 12 1046
25 24 90
28 22 469
28 23 412
4 37 1025
35 11 256
41 2 924
49 48 430
9 11 1033
31 9 195
30 0 21
39 10 866
40 23 340
34 42 656
41 16 75
8 0 643
33 28 994
38 44 309
24 12 27
32 37 449
2 27 873
10 45 666
20 8 587
30 20 1094
48 42 19
3 1 21
38 39 1065
30 48 25
31 13 225
49 0 1019
47 9 519
22 13 190
40 9 214
15 1 336
20 27 1116
28 41 724
20 2 687
17 29 418
33 27 717
49 4 838
48 6 250
0 39 745
1 4 546
29 14 616
26 4 423
28 43 951
36 9 872
44 49 10
5 35 937
28 18 670
8 12 252
21 30 265
39 0 11
35 33 1020
20 13 765
38 9 565
16 39 480
4 41 877
45 23 245
42 13 1117
0 6 398
3 6 538
40 39 1133
44 23 1020
35 7 860
43 42 180
5 43 141
4 16 1101
7 20 773
25 36 988
33 35 261
45 44 948
5 12 862
9 27 783
21 36 110
40 43 165
32 11 780
5 24 90
6 20 549
5 41 826
32 17 495
23 2 585
30 49 707
32 20 364
29 48 204
16 27 941
21 12 756
8 41 377
27 34 1144
41 26 63
31 33 170
39 38 8
44 45 254
49 1 654
34 48 459
8 39 863
6 23 1004
0 15 934
20 26 959
10 4 1141
1 21 334
8 33 596
49 31 778
31 25 1126
18 45 203
47 37 509
1 11 472
4 38 941
49 30 266
41 23 697
0 8 69
44 17 298
42 22 112
36 13 638
43 24 628
26 12 59
43 38 1145
5 49 1058
2 31 1026
38 20 1056
13 10 692
39 43 589
30 47 1048
17 9 451
6 49 812
18 24 310
39 13 181
18 16 612
18 13 146
1 6 688
17 0 956
1 49 198
49 29 766
27 10 56
35 21 617
38 45 521
49 15 480
34 31 670
3 23 862
28 37 1011
23 18 516
9 7 486
43 33 716
45 3 1014
1 16 80
5 31 152
3 30 401
44 43 169
39 23 5
22 48 703
43 25 195
36 42 701
11 47 148
49 5 304
9 31 121
29 8 760
48 43 1009
34 45 344
20 41 856
40 32 1093
32 10 380
28 14 888
39 26 54
34 22 888
36 25 910
34 18 711
45 34 53
26 5 1016
11 0 400
39 29 1
27 5 145
49 45 6
37 14 153
2 34 954
34 8 455
30 5 174
11 16 672
17 44 1083
10 8 860
17 38 402
13 42 532
17 3 983
38 48 94
6 15 549
34 37 428
28 48 858
30 2 27
45 24 619
11 23 186
12 33 223
5 4 243
14 13 1058
32 47 945
13 18 126
36 35 8
31 44 428
41 0 957
35 41 79
9 8 1067
15 35 117
9 28 9
20 29 395
43 0 503
41 28 218
5 47 362
13 37 826
31 23 624
36 34 543
32 44 463
6 4 1078
11 17 749
29 49 622
2 15 163
21 17 538
47 29 276
6 37 852
34 30 433
42 28 807
5 6 914
29 38 102
30 17 772
47 18 406
22 44 192
39 15 282
14 42 606
0 32 1141
43 15 797
32 34 287
38 49 1016
14 36 1132
31 38 609
6 45 669
26 7 987
20 30 542
36 6 346
10 16 120
47 1 854
26 33 527
9 24 394
28 5 496
14 31 868
20 12 993
23 15 1010
35 16 311
49 35 84
41 36 621
47 0 1109
35 47 485
25 49 904
37 38 669
33 41 678
25 41 776
48 47 508
10 15 543
13 26 695
25 6 655
0 3 90
22 20 538
9 22 973
9 45 725
39 9 1077
12 31 550
33 14 706
21 37 1117
48 13 417
26 23 815
29 23 560
42 5 53
18 36 499
22 33 642
6 16 1127
14 47 284
20 15 73
14 0 1030
35 30 862
9 20 98
25 40 862
11 34 499
45 9 594
42 16 459
10 48 213
12 15 95
33 5 275
35 18 1024
10 21 307
8 4 914
2 4 765
1 31 17
8 17 950
16 20 1111
45 28 56
4 48 485
3 4 957
24 47 619
31 49 894
47 2 321
21 20 194
33 34 735
12 48 748
38 10 690
10 28 186
14 38 467
20 49 778
48 28 382
2 44 340
4 11 1049
43 10 220
37 40 793
32 23 1011
32 15 963
26 3 697
33 21 674
34 21 435
44 11 862
16 37 686
43 31 968
31 37 366
12 41 39
42 29 881
0 41 554
30 12 981
3 49 609
33 12 779
23 13 158
24 32 172
15 27 363
8 37 808
2 0 494
4 31 277
7 5 31
47 24 420
7 37 61
23 11 671
22 4 267
40 21 174
44 1 429
17 20 404
40 24 356
40 25 517
41 29 511
1 28 677
3 41 938
44 36 510
6 22 473
12 25 984
8 30 622
29 22 149
0 44 875
43 9 654
44 31 1105
21 33 66
30 10 275
16 32 837
24 29 693
5 34 779
43 47 104
41 13 169
32 35 623
31 39 448
12 14 890
47 14 127
0 45 833
16 4 554
37 18 723
49 37 642
33 10 612
14 10 761
7 42 294
32 6 250
5 36 333
38 8 1133
1 29 739
42 39 771
32 30 1028
14 18 1090
11 2 494
38 33 531
47 27 26
15 31 306
6 2 862
27 9 437
35 37 594
13 36 501
25 13 975
40 27 776
39 31 911
25 16 216
28 7 172
35 34 68
35 32 420
5 23 303
10 6 242
48 25 480
28 6 239
35 38 537
37 32 279
22 5 415
1 14 405
10 32 683
28 30 345
12 22 727
21 40 945
39 12 9
45 32 155
16 22 488
34 24 1047
37 21 447
1 10 493
47 10 269
29 44 673
16 43 1021
8 23 692
7 8 408
10 44 256
32 45 1010
9 37 1104
28 47 490
29 11 694
11 26 164
4 14 1074
41 10 20
49 36 767
15 6 1135
23 0 996
34 32 827
44 7 1051
9 18 859
11 33 982
32 26 390
7 45 153
45 10 278
11 28 961
27 42 147
22 37 376
5 14 999
2 22 568
9 2 503
9 48 390
42 45 283
40 1 646
21 48 876
6 42 1131
1 18 520
23 6 589
12 39 358
24 27 698
40 16 256
43 29 928
24 4 622
30 8 153
20 14 571
8 43 653
0 12 382
32 39 638
20 28 695
43 8 810
23 3 568
13 20 58
49 12 440
38 29 1041
48 41 140
31 47 229
40 42 514
8 49 286
40 6 592
17 5 139
45 29 604
30 23 887
4 6 391
31 42 487
12 11 1102
49 47 618
17 40 667
42 31 815
24 25 242
4 15 157
43 36 681
31 40 369
18 30 583
47 21 308
2 25 908
11 39 1022
14 2 897
28 26 862
18 25 211
32 0 312
28 17 28
26 25 351
23 43 108
24 13 976
35 14 686
30 7 1116
38 27 556
18 2 187
16 30 217
7 16 1079
31 18 1117
28 16 412
10 34 332
11 45 658
3 14 1080
39 4 564
33 45 796
26 35 972
16 24 859
25 38 137
35 2 469
3 5 534
12 47 9
21 11 390
18 28 264
3 15 349
6 8 811
12 27 232
15 49 928
3 42 807
6 12 791
12 24 653
27 39 516
8 27 1102
3 35 1021
5 10 550
16 42 653
20 42 216
16 2 133
33 2 34
28 36 699
2 42 768
1 39 152
27 16 952
45 38 297
39 11 664
30 45 468
25 21 638
1 5 851
1 44 341
20 43 401
28 31 1123
33 17 1042
49 24 832
25 7 573
8 15 247
16 1 548
21 28 607
13 21 765
14 48 327
21 41 794
39 47 1039
14 16 530
10 2 64
20 11 370
31 2 100
13 5 286
21 27 1043
26 29 1011
45 48 523
49 6 537
25 14 955
47 26 311
48 26 45
44 12 894
5 0 3
17 49 174
29 36 678
40 4 24
15 0 600
16 31 393
28 44 527
29 16 559
41 5 85
24 44 490
45 20 931
29 39 0
13 22 61
18 8 124
2 24 186
23 14 80
22 35 766
13 34 604
44 39 495
40 8 632
20 40 959
6 47 372
40 22 677
6 38 1092
1 48 142
31 15 705
43 1 993
14 25 553
9 40 880
25 29 513
45 1 1139
25 34 884
30 3 562
23 47 968
14 39 451
8 9 1087
38 11 52
45 36 737
4 45 323
30 42 885
40 35 33
43 11 148
43 16 61
48 44 284
26 27 697
23 12 1045
8 13 129
23 7 876
25 18 794
31 30 280
7 23 528
27 22 986
41 4 737
18 48 718
38 12 239
39 37 506
29 41 201
6 25 389
36 26 582
13 39 429
7 48 584
41 38 403
15 21 785
44 15 719
36 2 661
42 10 369
2 35 990
47 4 319
12 28 985
48 9 888
5 8 1082
47 48 684
14 23 784
11 24 765
2 1 619
43 22 1064
12 0 344
24 21 496
0 5 442
27 20 175
43 3 714
2 11 960
42 21 195
34 7 1142
3 0 578
44 27 649
32 9 45
37 2 1053
0 28 479
10 12 549
14 34 631
17 24 996
29 26 240
29 20 543
30 15 721
29 24 285
7 13 746
6 48 800
40 49 417
30 28 168
43 23 647
22 34 450
42 36 784
4 39 121
14 22 305
29 42 409
33 8 995
35 39 195
17 41 1113
6 35 466
11 18 590
28 10 479
37 13 703
24 26 101
45 22 500
31 11 555
7 33 755
24 22 480
29 37 309
27 17 111
8 22 175
29 25 150
35 40 772
4 40 306
11 40 1037
3 10 426
28 20 1122
40 10 759
6 27 1141
43 12 84
48 5 30
36 14 893
20 16 368
12 3 1120
26 41 726
12 49 829
37 8 29
1 45 521
26 20 962
47 23 999
6 3 1004
26 45 145
44 13 589
20 45 1088
34 6 912
47 33 372
21 10 989
38 22 860
34 9 124
2 14 497
37 33 59
12 20 522
25 27 1064
41 24 918
32 41 268
35 3 694
33 38 1066
37 27 335
30 6 794
24 15 268
27 25 101
33 40 378
26 39 331
47 16 508
43 14 350
5 39 534
34 26 377
14 4 460
37 42 292
15 22 578
9 49 56
38 13 805
37 1 721
1 40 1031
42 48 18
36 48 27
20 10 304
47 45 880
18 35 1124
33 22 536
16 26 522
3 36 645
37 28 16
0 18 299
40 11 457
35 26 485
42 41 916
9 21 33
21 38 5
39 21 1117
22 12 483
18 23 989
31 35 471
29 17 909
16 18 880
10 22 450
45 43 457
36 37 346
0 42 165
18 34 515
6 40 41
34 33 214
30 32 791
1 7 894
23 27 619
6 32 1121
2 8 535
30 14 304
33 30 1041
17 4 88
21 4 824
24 11 677
35 1 454
40 44 402
35 5 248
3 38 592
21 39 316
30 9 573
37 10 739
43 37 1074
5 30 698
38 30 1011
4 23 1006
20 23 575
41 49 1062
3 32 659
27 7 76
33 29 1086
14 30 952
47 38 1009
48 21 151
26 1 960
34 17 1074
40 30 833
49 43 110
7 35 145
14 7 740
42 4 516
22 27 856
49 27 860
27 47 956
1 36 1102
8 2 1039
42 8 19
17 33 159
8 47 104
1 35 954
31 0 642
4 29 484
15 41 717
16 29 964
26 8 418
18 22 571
35 10 866
24 39 111
24 1 528
29 45 193
33 24 664
15 47 465
48 30 661
13 47 511
42 32 523
30 44 210
13 8 213
41 21 841
48 16 1098
21 22 142
24 40 1120
38 1 1099
2 18 628
27 43 394
3 31 712
42 20 336
35 8 1090
49 18 1022
23 32 74
45 33 270
41 27 684
49 26 1012
17 23 437
38 42 602
48 11 362
6 18 1080
47 12 774
11 49 326
23 20 1131
48 27 555
37 34 554
33 0 83
30 35 1143
41 9 786
26 37 926
42 44 1113
30 31 368
2 38 241
25 28 483
14 17 240
4 10 543
3 45 1080
34 41 731
8 42 653
28 3 943
9 41 73
10 23 665
13 11 627
32 29 477
18 0 491
11 1 1105
11 30 189
32 49 545
26 14 775
10 24 708
49 13 322
37 20 226
37 44 575
42 18 368
47 49 78
9 43 349
13 27 962
28 34 228
37 30 566
3 40 1029
15 24 783
27 15 810
42 6 373
2 20 188
23 25 1056
14 44 378
25 9 1134
41 8 302
38 0 200
28 25 383
34 40 163
26 36 408
7 0 864
44 42 511
20 0 251
30 37 467
44 18 275
23 8 459
0 20 286
38 21 69
0 37 517
46 42 28
46 4 29
46 33 27
46 39 19
46 5 20
46 48 48
46 27 36
46 47 16
46 32 16
46 12 2
46 41 11
46 8 24
46 16 31
46 1 41
46 3 3
46 7 13
46 2 47
46 35 44
3 19 9
5 19 18
6 19 24
7 19 13
8 19 32
10 19 11
11 19 31
12 19 37
14 19 20
15 19 30
18 19 16
22 19 35
24 19 37
25 19 14
28 19 47
31 19 24
32 19 15
35 19 6
36 19 45
37 19 36
40 19 12
43 19 6
44 19 23
47 19 40
48 19 17
