12
2
54 26 0
65 56 0
60 74 0
68 86 2
19 39 3
29 3 0
44 55 3
48 87 6
48 83 2
39 24 6
13 78 3
50 47 0
17 19 2
58 59 9
8 49 0
80 13 0
1 51 14
66 42 11
16 25 15
54 68 19
78 49 16
62 20 18
35 60 23
27 22 16
1 56 15
34 65 12
57 40 17
69 72 4
9 42 3
66 24 15
27 87 28
39 8 10
56 76 20
1 68 8
3 13 6
22 65 30
57 59 1
73 29 7
72 32 38
67 65 11
84 82 36
62 58 25
10 19 35
70 84 11
18 77 4
39 37 24
20 64 48
36 78 48
75 30 4
38 53 50
81 63 1
62 67 0
61 44 26
8 61 38
10 56 29
72 23 51
31 89 31
78 22 23
41 33 15
53 84 0
0 62 45
52 51 9
13 65 52
50 40 10
74 69 3
88 42 11
29 9 10
80 63 48
72 29 56
76 69 1
6 47 68
64 56 64
34 36 34
70 26 56
39 62 70
22 40 58
79 18 17
55 29 23
9 32 47
6 38 60
39 57 33
15 82 39
40 32 43
64 43 50
6 64 47
46 14 51
64 83 22
80 17 35
7 77 18
53 67 39
85 35 17
7 88 87
27 3 45
5 72 37
0 40 64
86 9 14
46 44 83
76 43 85
18 52 65
56 70 16
57 84 102
32 61 38
33 76 97
54 63 48
66 10 10
68 26 61
6 53 37
81 23 34
39 32 24
76 29 77
24 32 9
26 88 83
29 53 32
83 34 0
38 13 57
61 9 21
0 57 46
45 80 16
23 55 39
45 11 9
74 72 26
70 76 75
3 19 21
60 28 78
28 65 119
64 15 26
43 69 24
18 40 6
50 29 102
61 85 34
51 56 128
14 37 21
67 54 10
78 85 95
17 29 3
44 41 136
20 51 65
72 54 74
27 44 91
3 83 99
80 14 88
77 23 31
82 88 76
82 7 11
45 56 30
23 17 29
20 56 100
15 35 70
45 17 0
34 23 17
4 15 138
32 36 136
13 25 67
31 75 32
48 34 49
34 62 139
67 81 93
53 4 120
26 6 60
26 79 58
61 56 77
21 17 84
29 49 32
57 35 50
60 7 154
53 35 162
49 78 166
46 26 110
28 8 148
69 20 131
38 87 75
31 25 155
75 84 150
16 33 98
83 8 104
78 26 120
51 31 146
61 11 63
72 73 47
50 86 109
45 5 164
28 24 109
64 41 33
31 81 60
46 7 66
78 34 105
73 7 35
75 25 30
14 50 92
39 58 122
69 84 48
71 29 77
49 61 112
65 32 181
56 71 117
8 42 186
70 23 164
53 17 185
42 71 92
17 41 32
51 44 62
69 45 62
34 7 202
73 13 190
34 51 148
8 46 51
62 5 184
79 61 90
50 70 75
10 61 183
32 14 70
68 83 67
58 56 119
42 49 70
72 58 28
82 54 171
46 78 92
61 50 132
49 77 3
60 5 183
4 48 52
1 64 174
78 69 14
64 3 25
67 86 223
16 13 81
84 50 232
8 27 74
15 74 171
19 9 79
59 87 118
85 34 112
5 0 77
75 71 15
71 56 136
79 26 11
32 49 143
61 5 209
41 71 152
8 50 194
84 70 207
66 57 174
9 57 108
6 45 164
58 4 104
71 21 199
50 35 75
50 84 198
0 19 50
73 38 8
59 14 255
30 20 175
71 72 208
1 55 219
89 55 20
54 75 190
22 13 50
68 4 145
38 11 256
57 8 19
29 72 204
37 56 151
79 81 240
53 24 241
45 75 199
7 29 207
35 84 184
53 46 254
15 25 48
15 31 201
41 8 218
61 59 38
48 40 201
28 84 17
10 4 225
88 53 190
19 26 240
23 20 28
17 13 26
3 15 202
15 67 171
43 58 250
51 37 261
13 21 60
65 4 77
47 74 48
59 35 268
17 46 86
30 16 204
25 76 152
15 4 24
84 46 239
56 7 7
48 27 207
34 5 193
81 38 217
81 78 172
45 32 248
32 9 4
46 1 264
79 6 188
80 16 283
36 34 207
18 10 109
65 59 28
49 41 178
64 42 62
64 68 115
9 55 279
44 89 259
28 13 62
40 4 182
28 64 137
87 25 178
7 82 111
43 33 6
27 89 17
31 44 141
44 42 265
8 69 47
45 68 208
8 3 7
14 15 314
64 35 210
67 62 46
41 60 17
20 71 163
28 54 207
3 4 303
43 84 175
15 72 136
67 56 252
81 4 133
65 46 21
5 13 94
20 46 292
70 4 179
59 71 327
11 84 346
47 4 181
58 41 96
57 21 275
31 77 220
17 28 352
38 18 103
72 87 67
20 80 149
48 26 112
89 63 95
47 9 230
43 3 319
57 85 349
87 38 170
16 68 234
86 73 338
42 34 0
6 78 196
40 60 96
8 75 246
49 11 346
16 14 366
60 48 358
33 60 242
48 69 163
70 31 143
53 27 41
14 80 189
58 13 46
30 63 126
53 9 187
28 81 112
22 54 329
13 53 299
82 35 155
40 65 155
82 66 279
41 24 71
80 71 298
64 70 202
59 82 146
76 42 362
42 87 342
25 80 333
48 33 188
49 5 265
50 55 348
85 39 93
38 8 4
42 43 69
41 75 132
23 32 83
33 38 110
43 31 143
27 86 43
35 31 270
63 65 126
86 89 62
69 23 141
19 45 96
32 31 168
61 53 338
3 48 336
74 75 61
37 10 408
17 25 291
30 86 292
81 30 250
17 43 395
8 45 178
15 26 65
81 65 53
50 36 341
75 85 94
85 27 282
73 66 366
7 58 351
74 21 229
18 85 407
72 33 16
27 83 350
50 42 72
76 74 222
75 73 82
41 76 165
20 88 396
88 27 364
7 26 158
79 50 67
52 64 207
66 49 162
58 11 221
68 58 7
11 76 420
79 86 85
32 67 212
48 75 198
30 26 350
79 59 86
3 78 341
17 24 408
86 16 358
40 25 145
88 11 84
60 59 124
8 17 455
77 64 96
70 53 283
18 8 362
26 45 167
71 53 170
22 43 412
89 10 248
42 72 13
5 34 302
78 41 438
89 67 60
84 61 21
70 52 402
3 70 372
51 18 306
15 89 137
5 60 63
56 82 291
79 63 389
27 67 363
26 18 85
9 78 44
39 26 307
79 89 340
76 41 83
78 38 435
9 51 373
13 61 45
33 7 155
27 30 117
39 80 104
56 21 189
73 18 95
19 84 256
84 44 268
32 15 308
79 13 416
65 43 175
41 29 74
63 29 230
25 27 370
13 36 296
37 26 432
76 35 1
30 15 355
87 31 87
53 52 448
39 31 433
47 84 108
31 70 385
7 74 150
60 56 490
83 11 468
8 23 213
53 1 386
44 30 425
40 52 39
65 23 140
82 62 382
67 61 387
8 84 6
88 34 299
52 27 113
63 17 330
50 11 70
31 15 222
6 41 178
40 36 56
87 50 189
72 81 6
0 38 278
70 51 287
62 44 109
25 21 267
55 46 228
89 25 332
57 29 59
83 15 458
40 55 158
4 66 351
24 65 25
54 19 55
78 63 506
69 47 219
68 77 443
83 20 324
35 22 70
71 40 134
57 4 153
45 87 154
62 80 102
10 33 49
85 25 61
44 46 542
28 70 317
56 63 68
29 56 481
21 3 235
71 43 24
65 33 197
51 71 282
17 78 254
7 85 528
81 54 268
14 38 441
51 68 496
22 81 457
78 50 338
84 24 22
36 85 334
87 80 277
71 7 64
55 14 486
25 20 162
57 58 511
15 30 521
87 57 62
44 28 168
42 5 359
54 6 542
73 41 253
86 28 523
67 83 333
73 30 185
7 30 490
78 58 288
36 6 163
63 69 525
14 46 577
67 23 568
22 57 385
70 77 327
87 8 415
34 30 204
22 35 551
84 51 453
48 85 191
0 47 132
72 84 225
27 26 74
67 41 276
26 21 7
16 65 316
4 5 117
11 10 426
21 83 20
83 32 141
31 40 453
59 37 286
81 87 111
53 29 220
84 73 257
74 65 68
5 37 296
85 3 131
23 38 154
28 73 160
65 5 126
4 1 295
52 50 471
33 13 405
46 34 556
81 41 501
6 85 128
68 82 17
37 80 510
27 74 268
15 32 421
64 58 146
64 8 575
65 31 198
50 51 161
86 71 297
19 32 127
9 39 635
74 23 628
87 70 416
38 9 586
70 25 572
60 22 257
15 23 367
82 73 371
35 47 562
77 43 540
17 6 500
73 15 478
46 83 57
30 58 550
60 15 88
61 32 269
28 34 522
85 1 22
43 50 489
42 47 622
23 19 242
10 18 56
28 78 106
57 45 579
10 60 176
83 47 595
7 46 508
23 81 6
76 70 455
10 69 280
84 32 564
75 65 191
43 61 593
57 74 450
81 6 482
86 60 574
52 35 258
71 14 482
89 18 480
84 65 288
32 18 543
36 84 397
78 56 202
14 61 209
27 28 10
22 42 364
5 88 298
69 17 530
86 25 373
66 76 227
74 15 169
73 54 381
11 75 155
17 87 372
70 15 70
1 63 627
10 66 470
75 21 303
85 17 585
25 88 499
8 55 526
14 51 496
23 72 482
18 51 706
9 58 96
43 53 165
36 17 228
42 30 468
44 16 574
38 1 545
77 46 581
71 48 104
10 7 602
10 87 691
17 54 46
4 65 371
83 87 654
27 58 380
44 63 206
66 1 676
67 29 700
66 28 371
19 44 385
88 89 9
65 88 609
19 76 324
22 1 641
53 58 30
52 87 611
22 0 278
53 39 686
41 47 314
89 53 680
23 58 695
36 52 169
5 26 167
89 22 104
52 55 515
82 36 713
86 44 500
51 13 213
28 88 561
44 15 222
11 38 539
19 59 21
67 59 136
51 19 455
74 79 123
0 89 446
71 70 34
89 19 633
71 79 468
50 43 343
80 22 359
36 70 300
50 77 158
10 75 338
64 22 351
11 9 635
88 56 591
24 15 382
64 52 467
0 31 561
44 87 473
84 27 387
31 87 304
54 9 83
71 3 347
58 81 626
24 42 288
41 87 412
70 74 743
65 75 109
10 14 134
36 59 74
55 16 602
67 63 483
51 38 91
88 19 466
69 7 24
7 53 121
42 13 389
10 31 191
63 13 699
41 62 704
14 83 685
55 20 533
47 41 205
21 75 31
14 87 660
59 36 40
41 36 371
33 50 423
62 16 7
3 64 781
89 43 742
33 89 706
42 36 343
37 52 339
71 34 642
62 76 778
48 43 34
60 36 183
17 58 122
78 59 161
81 5 385
22 72 35
68 16 356
57 24 532
6 89 206
49 6 560
81 88 625
5 83 158
42 79 497
43 1 65
66 30 664
9 6 341
55 40 763
76 77 498
31 5 261
62 31 680
0 34 484
81 89 722
68 0 814
0 85 164
15 69 436
37 88 542
21 37 515
9 29 134
50 71 42
17 20 684
75 24 81
52 49 451
28 26 142
41 55 840
67 0 475
51 14 622
21 77 117
62 69 450
48 3 166
23 85 772
63 55 699
68 72 660
50 5 201
0 44 65
74 27 595
64 87 659
78 83 787
88 39 416
61 84 532
46 41 369
48 56 344
86 46 136
56 50 123
80 30 571
33 57 378
15 36 641
26 48 743
49 0 231
16 63 364
76 53 713
32 26 456
52 8 823
51 36 21
85 57 569
36 73 182
47 29 318
41 26 630
68 35 70
83 63 197
45 82 71
35 19 351
37 89 785
80 19 765
55 83 756
19 40 421
64 40 819
19 75 108
35 23 512
44 86 788
79 69 70
54 50 644
89 37 321
11 15 640
61 37 842
79 3 438
49 25 893
41 61 372
42 18 44
32 65 391
79 56 534
56 89 853
58 6 550
77 87 663
11 47 500
26 38 289
6 59 534
4 55 528
24 59 809
88 83 685
44 51 630
29 68 346
59 42 634
21 10 781
22 3 170
39 68 847
64 5 736
66 63 763
60 83 809
50 79 471
32 70 23
70 82 656
33 65 361
24 49 335
15 50 81
73 75 210
19 56 235
45 30 847
76 82 322
21 63 859
78 87 833
39 45 163
42 15 521
26 77 804
18 89 208
46 63 471
60 21 800
30 68 223
26 41 790
3 60 454
68 19 672
39 46 110
47 33 414
26 14 929
30 45 343
17 18 587
51 26 920
52 40 555
69 46 622
89 77 362
24 66 249
44 31 211
7 31 22
82 15 365
21 43 877
36 55 99
42 21 126
28 38 902
84 43 803
83 22 503
30 27 347
71 83 798
23 14 275
68 15 654
48 59 234
31 71 432
34 59 161
16 54 411
55 70 565
27 21 251
85 58 460
70 61 418
78 57 435
22 10 841
82 45 955
21 44 455
79 29 177
1 49 957
8 13 446
69 68 407
31 47 724
87 9 176
46 51 105
73 20 775
78 86 351
78 15 26
88 61 988
37 77 863
33 74 354
81 14 591
41 44 65
63 14 685
79 33 203
41 59 959
70 50 129
52 89 479
57 62 264
35 65 459
89 57 296
71 81 155
45 41 670
13 19 798
89 62 539
42 48 1014
21 42 103
26 39 579
81 74 19
18 16 428
35 39 178
50 16 488
9 62 298
84 38 598
16 62 373
3 6 594
55 23 278
61 82 371
56 59 204
77 53 400
5 85 458
0 30 968
88 36 297
88 81 611
36 48 24
22 34 367
38 39 1015
85 70 65
63 26 122
5 6 820
55 64 4
77 83 568
43 5 863
88 76 220
61 51 770
66 82 1038
54 22 799
13 35 57
53 5 553
75 1 648
71 23 755
80 39 524
50 23 31
62 65 347
22 83 488
60 30 146
11 72 641
54 77 595
41 85 593
61 30 1021
80 26 977
43 44 459
87 60 153
23 39 402
25 1 842
84 54 85
84 31 115
24 41 359
14 59 304
1 3 544
84 53 755
16 11 821
68 78 1043
29 35 581
36 66 752
35 46 1007
68 13 49
38 16 25
23 87 537
51 57 842
55 56 769
89 56 119
79 73 78
83 46 737
21 35 1078
47 32 147
0 76 650
41 88 548
58 18 342
38 71 27
50 10 845
69 59 409
9 63 880
24 38 192
3 10 236
38 23 30
25 4 541
73 77 14
38 47 550
64 54 801
38 58 162
50 78 714
52 24 500
1 8 1080
63 4 968
62 45 166
23 51 378
80 55 644
54 86 44
21 1 665
32 75 773
77 58 185
69 0 136
0 69 160
85 11 1047
78 72 1046
24 89 1090
14 5 471
5 61 19
40 21 292
17 11 1085
50 57 440
56 48 702
53 65 274
81 37 665
25 13 1024
87 52 949
26 73 844
14 39 1007
88 37 996
20 10 340
40 81 621
1 14 633
83 79 284
50 74 747
50 69 587
83 74 475
13 34 446
83 52 956
19 72 27
24 68 372
14 66 331
68 32 460
41 52 1103
9 1 364
4 49 395
59 20 440
46 56 1130
82 52 0
31 23 250
72 89 433
52 69 987
57 13 696
7 50 865
66 8 1091
17 44 74
74 42 508
48 55 485
10 29 856
65 41 499
13 47 716
20 27 187
27 19 420
23 64 714
71 41 772
52 39 1015
16 81 23
52 23 671
9 43 324
16 30 511
6 48 598
16 40 497
60 18 827
14 79 708
79 11 798
0 78 399
0 60 37
45 71 631
70 78 1003
17 9 528
56 69 776
21 46 570
53 87 592
39 11 498
57 80 474
42 0 53
10 59 1022
58 84 389
29 52 766
21 14 1002
51 77 140
27 82 925
65 27 300
25 35 1133
13 18 759
11 57 106
45 28 255
29 79 34
10 28 513
53 16 1197
85 69 325
9 85 707
24 56 780
89 8 293
61 35 310
59 15 417
22 58 550
66 68 79
86 30 668
76 44 447
17 62 896
67 80 850
67 28 296
84 64 384
4 63 1133
25 5 267
5 45 811
73 68 961
52 80 313
71 5 856
39 43 342
65 35 927
7 49 650
33 27 897
78 8 626
75 62 37
20 85 1145
41 84 567
77 6 993
41 31 312
79 38 238
88 58 609
84 42 534
19 46 948
69 26 1221
70 19 445
79 31 918
59 84 1038
86 76 991
57 32 258
10 6 373
55 3 869
44 83 1109
21 57 381
88 15 28
4 11 1102
15 41 80
10 78 1095
28 32 429
82 25 1074
14 45 372
54 64 1192
35 20 558
13 41 794
78 4 524
86 32 932
39 49 146
67 38 1094
88 44 603
65 66 1056
48 53 706
76 31 293
53 47 8
57 19 761
36 83 947
80 10 496
55 86 810
42 75 527
1 78 1253
0 70 666
40 39 729
74 88 478
1 24 413
85 23 1246
75 51 557
81 29 269
40 50 910
59 63 508
87 56 522
84 7 393
52 28 828
49 28 288
74 70 210
80 89 211
76 20 465
86 33 549
9 40 458
1 10 1236
3 9 226
33 11 872
26 84 1061
11 78 471
84 83 728
55 45 1148
88 32 1300
60 3 252
56 54 606
24 0 580
23 42 425
52 44 1083
79 68 952
59 62 290
8 21 726
73 79 568
29 55 457
73 6 1069
29 67 456
21 7 798
82 4 722
1 86 1177
33 72 514
35 11 2
46 81 210
9 15 649
48 78 441
45 20 194
31 39 904
7 1 600
49 10 713
29 69 674
84 36 746
68 46 168
45 7 1272
63 85 1056
33 49 22
27 60 410
18 1 95
63 40 890
84 88 13
25 73 224
35 70 112
74 54 33
67 45 818
83 28 742
43 27 0
29 86 1212
3 50 581
15 81 1027
60 55 219
80 72 1306
39 22 1075
18 45 1086
77 10 495
15 34 1211
57 87 997
25 89 1024
83 59 1144
83 44 497
65 39 963
31 10 24
26 43 1105
49 75 520
10 32 751
18 74 552
0 33 930
49 71 639
59 28 1158
4 33 714
20 24 19
21 60 822
43 30 1357
48 49 338
86 43 1180
50 37 751
68 53 671
24 27 183
80 4 725
45 52 851
44 76 432
88 59 1026
59 13 1214
13 49 710
42 80 246
29 0 1193
21 28 567
1 18 516
15 45 988
46 8 1009
65 26 824
6 8 949
28 16 368
66 11 427
82 47 975
64 31 187
30 85 107
44 33 106
40 44 776
27 25 1158
34 47 481
45 64 872
11 87 1150
7 79 111
69 66 1139
33 52 1064
40 10 505
88 52 52
72 70 131
80 66 449
54 78 367
74 46 753
13 77 870
11 85 446
33 28 953
81 79 1068
61 49 824
22 45 864
29 88 494
78 30 49
3 35 749
68 73 1297
17 86 916
29 39 1116
68 40 827
57 89 1143
17 47 738
37 15 371
65 28 847
14 60 296
25 67 1421
0 37 111
27 10 732
76 51 116
39 47 682
62 10 1134
24 20 948
87 40 958
4 41 873
18 84 622
33 17 338
56 88 1212
26 15 186
63 6 631
32 8 391
31 59 937
71 16 779
67 79 1221
85 89 761
33 80 518
6 68 724
29 25 1399
67 74 218
72 69 1065
79 58 965
67 49 164
43 48 136
45 54 214
58 52 1177
17 8 843
76 28 235
68 57 1209
84 22 796
29 24 1306
10 55 939
70 75 1203
59 25 348
47 40 174
13 88 982
61 20 359
55 67 1174
62 21 1126
45 59 578
29 23 83
77 73 656
69 83 1138
19 71 56
72 11 758
55 17 1264
54 57 1130
23 47 576
67 78 1096
70 21 928
31 82 1248
46 66 1015
50 17 962
8 48 1361
26 47 911
88 46 546
7 75 853
6 69 358
19 3 936
5 89 1481
38 7 822
33 64 274
67 39 1238
35 42 524
5 46 305
76 33 1364
7 17 848
23 77 59
52 20 487
42 28 911
87 85 1451
41 37 1342
77 1 188
77 25 151
14 44 620
54 84 813
29 7 678
71 64 772
75 76 1068
50 66 6
38 24 838
86 77 1113
85 43 513
87 32 189
27 33 605
80 50 25
64 71 2
19 21 934
33 6 1347
9 14 1251
67 15 734
57 11 26
49 33 210
18 34 424
86 26 1316
11 65 1163
83 53 1322
60 57 732
23 11 1361
30 50 911
24 80 1125
10 5 1286
29 64 248
6 29 678
21 4 153
10 74 715
54 52 1471
61 46 836
21 84 1289
83 70 503
52 37 40
4 26 1473
5 22 333
51 20 71
58 53 1514
54 69 839
54 76 389
39 16 1303
78 39 118
51 4 1523
9 68 278
84 26 1489
27 32 122
35 82 749
86 64 1088
7 20 1498
88 0 180
73 76 1460
30 37 833
50 14 897
10 43 582
34 31 207
73 82 214
83 42 440
1 53 451
20 0 919
75 72 572
38 15 435
78 74 103
42 67 1101
11 14 7
81 1 1077
37 25 1034
67 27 931
60 9 1160
79 62 495
61 76 1567
41 66 830
41 81 629
74 50 70
80 65 816
73 84 696
34 9 492
30 84 1116
40 85 760
64 85 566
5 54 623
89 52 145
78 70 1499
6 87 1161
25 49 288
55 73 180
9 33 1164
76 26 289
58 28 626
26 28 644
17 59 202
52 19 468
79 53 63
21 74 313
1 0 1335
4 38 1134
26 70 817
84 60 1433
29 15 1066
7 80 485
37 31 415
11 68 806
40 37 428
42 33 483
16 82 523
48 58 216
37 3 714
9 19 1469
72 42 965
59 60 68
20 67 1526
65 86 987
27 34 182
18 56 1610
8 34 881
62 53 150
34 29 1277
31 76 914
32 0 1296
42 77 1266
3 26 168
67 16 942
59 75 229
1 82 570
61 22 404
0 77 1285
83 48 1635
79 55 27
83 1 933
8 54 33
40 63 1151
38 83 1038
61 73 808
23 5 1205
50 72 1071
60 69 960
39 69 338
47 48 655
63 3 1102
51 67 410
35 73 1013
85 15 542
67 55 1541
10 58 708
17 26 284
49 72 1113
35 75 146
45 33 623
30 31 969
62 50 751
87 22 1163
69 30 1416
54 60 248
13 17 1554
56 66 27
50 56 179
62 61 563
24 70 758
46 77 931
0 22 880
21 9 580
14 64 1092
14 58 1318
21 48 1076
71 6 439
86 14 1037
15 27 1579
68 64 1205
16 41 628
6 32 197
79 42 911
85 46 989
47 70 1537
39 76 1319
25 70 979
4 87 516
8 25 157
44 8 1606
74 89 943
25 40 1273
58 78 424
60 76 1421
62 30 266
38 69 1323
68 7 17
52 17 1237
55 13 1079
50 48 1044
22 24 1135
77 28 377
51 64 75
37 43 1541
58 64 1219
83 18 1039
86 83 791
59 4 1262
52 10 790
77 68 1124
80 64 716
87 11 824
83 49 1278
15 9 1382
36 15 918
48 63 935
38 78 1054
72 79 1433
1 25 1158
0 63 1206
11 82 672
86 51 232
52 82 839
30 29 1712
40 68 320
37 20 1712
88 73 600
59 6 1744
37 53 1187
58 60 867
58 57 105
89 72 1117
44 49 858
63 43 562
0 86 1672
8 28 877
74 84 1506
46 69 1361
6 4 208
50 4 1344
81 72 486
22 14 2
55 31 1222
64 24 1671
25 24 638
3 62 174
25 82 1745
19 66 1363
78 1 1409
10 44 1609
79 60 562
42 40 1216
42 27 199
53 7 815
46 17 1323
28 3 1565
5 38 4
72 36 1670
46 10 1657
61 7 284
26 1 1104
31 49 440
30 35 115
16 48 1404
35 51 17
41 82 1474
23 45 1486
46 30 1602
40 88 6
89 45 819
44 9 537
47 31 1478
52 38 454
0 13 990
51 29 1036
6 88 1556
22 8 592
28 61 435
35 48 1268
48 77 79
26 8 1742
71 51 896
26 7 442
26 10 1476
40 19 1257
73 40 1000
80 23 1462
14 69 870
16 74 563
22 18 444
49 1 101
18 42 438
82 3 282
44 14 652
84 77 1278
70 66 700
89 27 712
83 82 798
69 88 159
35 71 1332
43 86 285
81 21 1741
24 87 828
13 8 1007
61 36 999
27 80 544
57 31 1641
8 4 1377
57 34 288
86 78 243
36 64 533
82 27 792
60 85 479
28 7 1312
70 22 255
36 60 974
40 67 1196
80 21 1413
76 62 641
68 38 303
48 32 1730
72 27 617
84 78 408
30 11 283
39 6 1486
75 23 1123
7 81 1560
28 36 1437
8 41 1160
53 32 601
57 5 954
46 49 1026
28 27 1219
65 55 1086
28 9 935
37 48 385
31 79 1387
23 59 354
74 57 1149
41 73 718
31 60 382
30 5 466
33 88 686
20 70 185
10 65 295
30 42 637
33 44 1329
5 44 545
81 64 1076
20 61 806
66 3 1608
49 40 511
80 83 1604
51 59 667
46 27 435
49 27 1580
20 59 545
57 27 1007
11 63 1254
80 31 467
84 41 1128
33 82 1370
45 27 758
76 10 1861
61 78 1009
41 48 1494
63 15 178
82 39 354
15 71 186
48 36 1678
75 10 337
3 22 1077
75 59 1735
52 59 1731
51 69 1340
34 18 535
70 11 377
86 11 1722
3 30 944
65 1 62
64 79 1687
58 43 1513
64 86 928
84 16 1121
36 88 167
67 40 1348
1 87 35
34 45 1823
1 13 1143
54 16 1420
83 13 1452
61 60 1576
61 24 1528
82 50 1105
19 68 755
56 84 1449
66 74 1425
57 63 1158
38 25 1369
88 43 265
74 4 869
20 7 437
57 30 1785
78 35 1069
83 35 918
46 42 103
25 32 25
37 50 25
39 41 1692
29 10 1141
81 69 84
15 8 817
63 42 1710
3 29 157
54 85 1778
11 19 883
54 56 1189
77 5 1523
25 3 1677
65 3 103
53 54 1553
18 73 140
32 74 1582
50 32 1279
63 88 456
68 75 1463
32 41 1849
42 1 217
69 39 792
84 75 290
33 9 1525
11 29 272
3 7 1364
38 56 1196
8 74 1284
59 32 713
84 55 1331
65 44 1810
73 35 1749
35 86 1741
39 66 621
35 37 705
44 22 1093
44 69 1569
28 59 1847
5 67 1949
36 89 357
56 24 1841
45 31 1583
73 44 796
87 84 8
17 89 883
49 47 399
40 6 1763
33 56 1726
4 59 65
8 59 1935
21 8 1268
82 17 382
71 62 1404
86 20 997
81 70 539
81 43 1310
44 77 1610
82 70 1743
66 54 986
58 72 5
32 39 1995
53 89 202
6 13 1016
59 19 104
66 83 553
87 7 1901
67 35 1298
26 55 1578
18 3 907
3 53 1641
49 36 1820
51 30 1717
66 0 1009
71 30 274
38 6 983
51 74 124
82 49 122
18 36 1469
76 65 296
13 70 1822
5 9 1500
40 82 487
7 25 634
27 81 1093
84 17 329
17 23 608
81 55 1679
5 48 748
4 9 1063
16 67 120
19 38 75
45 24 474
20 23 777
11 20 1499
57 82 394
63 1 187
33 34 1858
50 76 1971
83 60 314
34 70 1150
18 78 1536
42 6 251
82 51 1756
74 17 1532
75 79 1505
63 86 759
89 64 96
86 41 1572
76 40 360
72 61 1656
87 19 502
48 24 585
48 37 1541
19 54 1654
8 58 236
19 25 911
79 25 755
44 0 996
25 85 1907
58 66 544
3 0 1143
45 19 478
76 6 1240
19 15 95
7 33 1831
34 73 1486
38 14 110
13 50 743
82 76 1877
61 87 223
3 39 344
13 45 601
80 86 341
18 46 1721
28 15 1251
89 47 441
21 72 1773
44 20 715
13 33 126
36 58 1058
8 20 548
22 55 912
55 51 1358
8 65 435
22 6 913
27 43 1981
28 10 1768
49 18 8
63 75 557
36 86 1328
18 47 1988
16 66 1205
4 84 1184
11 37 2038
16 10 602
19 58 901
67 10 340
37 66 1853
4 64 196
46 85 1500
58 48 1301
21 68 1491
77 4 1241
3 8 2097
16 72 627
15 22 852
1 44 2095
85 73 1453
18 31 476
24 82 956
41 56 735
43 82 2084
22 76 390
17 82 1734
5 41 1930
64 60 1775
84 10 801
5 35 1538
19 27 1010
57 56 1631
32 29 1623
81 20 1508
76 72 591
23 26 979
39 63 1165
23 48 84
56 86 586
19 37 447
9 44 214
56 64 1741
66 20 396
48 72 463
68 69 1825
18 75 1266
25 60 576
11 62 1660
9 59 771
54 79 17
9 7 67
65 57 1700
27 37 1638
0 4 727
63 35 776
41 13 2028
69 34 1128
45 48 175
49 59 1506
77 63 170
62 85 350
37 27 1234
8 44 1973
67 73 931
65 83 680
52 63 446
19 49 45
47 77 186
52 71 712
41 39 137
46 15 495
56 61 628
27 15 131
85 45 1156
51 63 611
3 84 959
53 30 1618
67 21 2045
56 34 807
67 52 958
35 44 534
0 83 771
32 17 1071
71 68 1079
23 80 653
25 34 488
43 79 1289
24 79 1100
0 23 1819
31 33 1359
78 29 2157
15 73 461
46 57 2144
59 10 61
54 18 535
71 50 607
29 40 2096
48 86 958
66 69 947
48 8 977
67 89 1092
44 17 1454
3 28 1719
69 75 220
49 63 300
32 47 786
62 1 1223
18 49 2065
73 52 903
73 34 1382
19 10 1607
55 37 692
67 84 682
18 13 1935
79 88 1790
76 64 746
77 44 1323
25 30 1107
34 4 1577
37 63 1063
41 14 2179
65 52 418
50 67 1901
14 65 519
29 45 1605
24 43 1729
56 23 86
42 14 1515
20 57 2205
42 19 1164
27 23 1157
0 1 1115
77 20 943
43 72 1318
46 29 2046
85 44 980
66 44 1760
10 35 299
62 43 320
9 64 78
53 61 1212
85 78 951
18 11 1345
26 87 603
65 79 1512
49 26 800
16 8 736
30 52 1508
64 27 871
4 44 925
81 84 507
32 89 1411
89 38 2121
73 81 1811
23 16 688
80 3 620
17 31 966
29 81 782
14 42 2234
7 89 1103
84 52 166
80 29 812
37 40 1794
27 50 682
35 55 2200
45 26 103
34 48 2228
65 30 1619
88 57 680
82 22 1144
32 88 1601
49 45 1631
29 36 1298
89 88 1391
69 25 1520
86 65 1145
39 88 984
32 62 1425
84 48 1091
47 75 701
47 43 2169
60 64 1903
36 24 1829
37 5 851
37 44 308
76 45 486
46 23 1441
40 66 361
27 55 2282
20 87 1289
43 67 848
50 89 355
25 19 131
20 4 87
27 16 1692
16 39 1501
68 54 1740
44 1 374
9 61 1133
37 54 1896
37 58 862
22 53 1967
17 52 1952
36 35 396
72 65 1218
82 40 1416
18 22 174
38 70 2114
58 82 690
60 88 418
3 18 2118
69 6 406
59 43 579
5 19 230
64 37 1713
70 42 1843
31 63 1872
46 58 370
46 9 722
77 54 1378
59 64 4
59 21 2289
42 63 1143
46 79 866
68 85 2084
52 6 1309
42 17 221
14 26 1635
77 9 242
50 58 1676
22 56 1956
83 84 843
54 0 2186
80 78 986
84 39 2289
75 32 2126
37 57 510
7 34 1554
1 72 1027
11 30 2323
7 15 1999
3 73 2245
31 21 1519
24 55 804
4 19 586
9 34 911
60 39 1785
55 48 763
85 79 783
20 19 2143
8 39 1544
5 81 136
59 72 16
69 58 1710
47 19 755
82 42 1846
55 1 309
52 31 1836
63 50 2009
86 55 2024
33 73 643
3 57 257
79 7 1600
16 88 1137
41 70 1794
73 78 2120
44 38 2016
64 38 3
28 35 217
88 48 1152
10 8 827
47 42 39
0 56 1104
46 76 43
66 43 1953
13 76 653
81 22 1112
64 36 1386
16 59 499
55 22 1132
42 53 1861
74 81 67
21 19 1153
58 86 637
71 27 1909
40 83 2094
9 79 2058
42 35 347
25 7 682
64 1 1666
39 64 383
38 75 2197
86 42 282
47 20 1052
85 0 218
6 63 25
38 0 1899
62 17 832
64 50 1338
88 86 1297
6 23 1949
56 79 189
52 53 1836
87 81 16
31 4 247
18 33 41
23 22 1092
85 53 1548
6 61 331
38 65 734
37 65 885
63 83 1846
46 74 1809
84 45 412
76 88 419
76 19 1100
11 48 516
80 20 277
44 37 376
38 63 1754
73 17 76
22 25 1402
82 59 248
85 14 1286
35 69 253
19 73 1350
41 15 625
68 88 840
0 25 1064
53 69 1479
85 16 2058
45 22 1772
29 33 2355
38 84 166
44 7 531
40 26 1973
22 9 295
71 8 565
73 28 1366
14 28 621
51 28 892
27 0 129
5 10 1473
36 22 2395
39 25 1141
74 10 1748
43 35 151
41 10 468
23 43 2208
23 53 1646
27 77 788
48 61 1484
83 43 2413
71 74 2175
67 58 2234
89 68 240
81 32 1165
45 70 427
57 44 1868
69 61 1681
19 0 1492
67 20 2395
31 48 1931
7 24 2410
72 19 2438
10 20 1653
75 87 650
77 65 2126
29 18 422
82 30 75
30 0 836
65 69 140
21 22 729
51 15 2337
73 65 519
71 35 390
28 33 1327
66 51 2271
21 78 2070
28 48 1766
83 85 755
50 75 1625
55 5 1154
85 40 488
38 79 2201
72 20 2095
67 70 1264
69 67 322
83 27 1835
27 36 2399
47 58 607
10 85 306
38 82 1919
60 37 403
88 8 576
3 40 626
44 81 1485
4 58 1186
16 20 807
85 65 1240
49 50 2485
82 34 1659
61 69 1890
51 40 588
83 62 1057
44 62 189
47 34 2345
10 13 985
83 64 1646
64 47 400
61 1 2069
40 1 35
26 86 1195
22 4 623
60 33 671
77 47 871
64 78 107
8 53 1935
49 76 1642
34 72 2206
75 56 1123
25 38 611
7 35 1976
68 60 1518
24 23 253
56 47 2174
77 57 347
24 3 1094
46 36 1166
75 18 1991
87 29 2395
70 18 1940
10 52 1203
42 26 483
53 3 510
43 71 2381
15 60 623
56 8 2330
26 34 641
5 75 198
88 38 1703
60 0 894
62 41 2491
17 68 1516
49 84 2405
32 57 2359
16 44 858
89 7 1608
34 60 2388
79 84 1196
72 85 46
67 33 813
64 75 2033
69 24 30
77 0 1357
65 63 423
17 84 1256
3 37 884
6 72 743
75 52 1498
71 10 1984
27 64 773
61 54 833
59 39 1689
78 40 844
82 55 2566
48 28 2097
13 57 403
79 35 1552
75 66 288
13 81 1223
41 83 1737
58 75 2225
64 30 2048
10 22 1536
25 8 775
66 86 1244
65 11 1290
39 60 2408
17 27 1658
78 73 944
87 0 2245
83 86 2408
66 27 2289
43 80 104
22 23 475
88 7 1607
14 30 1459
31 88 2542
9 67 1365
25 39 666
57 76 1068
4 35 539
18 50 2298
13 14 2274
32 54 199
27 9 1960
56 3 758
81 85 679
86 6 2168
46 13 1081
76 57 1134
80 51 2466
73 74 1568
36 87 1570
85 32 546
65 74 1310
35 64 1436
32 24 523
34 83 989
36 56 2361
38 34 823
27 29 1815
83 17 2210
88 16 426
9 10 543
41 27 422
88 23 371
76 37 1637
19 55 613
5 62 2023
38 22 1823
33 51 2027
56 85 2348
9 75 1596
80 9 1327
82 28 900
46 64 238
81 9 167
69 78 1364
80 60 1415
37 79 1380
61 21 1043
73 25 2
3 76 2536
50 6 1189
15 86 624
21 6 1376
84 63 337
66 18 1057
6 77 1662
30 60 206
15 57 1494
33 81 1925
19 30 2264
48 71 2451
89 81 153
39 27 842
87 74 2626
17 22 1684
71 57 394
70 8 1116
43 28 1341
29 14 1247
63 44 260
23 89 1349
15 43 391
40 62 1629
3 23 11
54 29 1593
10 24 1758
66 35 2053
64 9 2664
77 33 1005
75 78 455
46 6 121
33 79 1814
18 88 2620
72 22 384
11 46 2664
75 29 763
76 36 1775
25 14 2644
52 76 820
46 45 1936
87 89 1669
9 45 337
26 53 1696
8 16 1010
34 89 1578
62 35 318
17 40 1214
33 16 1279
5 18 2464
30 80 2314
87 58 2680
42 73 2430
76 0 556
62 47 1848
83 37 1891
31 27 1581
60 70 1586
85 84 2312
24 48 466
55 26 1683
69 71 725
42 52 1231
13 87 1494
63 32 1101
68 8 1770
41 0 0
72 82 1807
13 6 649
43 70 214
75 49 1132
29 65 1758
72 1 461
47 45 1788
58 34 2087
81 68 1670
71 18 1609
47 60 1368
75 88 2677
11 61 1278
13 27 402
68 24 1107
89 39 1594
36 69 2378
55 78 310
89 40 713
48 30 1778
13 83 2100
59 45 1457
36 9 2046
6 18 1503
88 20 2620
63 38 2692
67 69 1016
80 76 1887
20 43 1632
52 60 756
34 39 1478
30 54 1384
46 84 1248
1 11 1709
53 64 1612
85 41 284
4 28 2044
77 76 649
41 65 381
5 14 2441
42 60 98
66 50 577
56 1 1718
26 40 821
73 46 1766
54 3 1350
65 45 2605
64 13 619
73 36 2696
63 23 375
49 74 1076
66 65 543
23 24 1156
34 61 124
70 89 1366
78 52 1484
26 64 1792
55 10 1642
84 20 2516
78 28 1778
18 66 1823
80 5 1740
48 13 596
54 59 2170
11 42 1684
28 14 2657
41 86 283
62 34 297
75 41 1413
32 82 839
32 20 561
8 56 1962
63 7 667
34 68 2074
73 47 813
60 34 2640
27 40 2113
65 10 864
56 45 1747
29 57 1211
76 87 122
76 30 1819
73 67 26
69 15 2184
29 63 1027
62 39 2441
11 21 2574
87 1 563
71 78 2606
45 42 1044
61 83 1037
68 84 2497
29 50 182
73 63 16
23 34 94
15 5 1444
45 63 2119
83 88 1290
50 54 2368
79 8 2190
58 26 275
70 0 1512
58 73 1599
17 45 937
85 81 794
18 23 1383
41 3 122
80 54 329
35 36 829
24 5 1117
65 19 694
27 85 143
3 85 469
64 59 346
41 9 1660
20 55 1553
75 45 340
75 0 2638
5 70 2612
86 82 735
13 46 1056
38 21 1380
62 75 2070
19 42 819
13 5 851
63 28 945
17 61 683
23 74 1839
0 29 693
52 85 1010
57 47 1614
16 31 1254
69 62 2083
20 78 1047
43 87 912
10 63 2498
44 80 2178
86 17 2495
18 6 2043
37 38 238
77 66 43
5 78 1313
38 72 1435
15 11 920
25 72 180
22 59 817
44 21 1890
48 60 1005
57 41 26
18 39 983
81 60 1794
22 5 1139
48 20 1455
30 62 1534
36 31 2720
29 84 315
79 47 2273
87 49 1895
75 11 2051
53 76 1242
71 25 2401
69 50 1239
31 30 178
73 31 295
23 29 2640
11 7 2302
7 47 2538
62 57 1020
8 78 1832
33 59 1773
41 46 1791
1 9 64
85 49 797
67 77 552
89 83 2309
82 1 1704
81 71 649
23 50 356
49 9 1620
88 14 2461
20 14 1684
21 87 176
13 40 242
63 89 160
56 83 504
10 27 605
31 22 2638
80 36 2408
55 50 2033
36 71 2214
29 87 487
34 53 1347
15 54 2033
40 5 128
5 15 1247
76 11 928
62 68 132
21 34 2691
49 14 421
5 33 657
68 27 2896
40 23 1437
25 29 2832
14 31 2486
39 15 679
11 80 1603
68 14 1940
39 89 2759
71 65 2778
52 46 1490
60 65 2741
32 68 396
49 22 93
40 8 2087
45 55 2790
16 38 781
38 67 261
48 46 1987
55 77 2811
39 0 394
72 34 2042
58 67 1995
39 5 1816
88 63 579
67 60 2931
46 73 484
65 17 1641
6 79 1386
9 11 80
34 8 2805
6 81 382
40 72 1563
27 54 1710
52 15 2325
1 50 1365
53 83 2202
25 87 1423
36 28 1122
52 34 1692
84 87 2905
16 45 432
74 60 1966
3 51 2811
7 22 418
78 32 1920
52 54 2718
61 17 2270
76 8 2275
67 57 2779
46 24 846
52 75 689
84 66 2457
63 11 446
44 6 828
47 86 1468
78 23 2138
43 57 2605
3 25 2422
57 72 2775
62 27 1637
63 49 497
1 15 1348
22 79 1039
5 40 320
3 45 947
65 21 1981
56 0 50
67 46 2644
89 11 2760
89 6 61
34 64 1486
39 75 2405
15 48 379
49 8 1534
74 80 382
5 69 1564
28 20 924
17 21 1959
19 85 1240
16 27 179
53 68 2130
34 88 1275
45 53 2128
53 25 1612
35 21 2835
24 63 1992
48 38 234
67 1 2657
1 4 1390
29 75 456
13 15 105
31 52 2468
42 37 1374
63 54 2641
79 64 1427
49 48 1335
49 24 210
78 0 1733
75 4 2557
3 42 1195
11 60 2715
72 24 2652
58 35 2343
35 54 301
14 25 1886
58 49 1635
17 50 2964
0 75 953
53 22 916
26 80 2915
65 62 1501
67 4 388
3 75 1975
9 13 587
70 49 1594
58 47 1525
71 17 2284
30 6 1743
53 56 2202
39 73 2290
71 1 2967
24 36 2524
72 9 273
59 77 304
26 49 127
28 30 773
67 34 1514
29 85 1217
46 75 1485
38 36 1547
14 32 878
79 32 2121
24 35 2276
54 1 1808
27 7 1264
24 7 404
16 1 2931
49 23 1828
77 78 2632
47 76 2563
13 63 2232
39 35 1861
50 1 1798
61 63 1113
72 8 2710
22 85 974
83 5 1541
83 40 2979
32 28 2625
50 31 1732
35 8 2931
85 9 951
70 72 1841
85 42 466
9 48 2931
58 89 767
82 71 2851
36 61 2855
55 8 1238
71 55 2227
89 86 2958
85 76 2439
32 63 1098
78 25 1512
60 77 2282
31 16 2965
79 1 578
48 70 1324
14 73 1718
16 24 2690
0 49 2684
50 22 1468
43 83 533
83 69 2186
71 38 2081
15 16 1942
63 59 2214
33 61 2125
6 65 1235
16 36 2060
41 5 2236
34 58 1188
36 42 2582
75 35 1951
1 79 1259
30 23 1334
50 3 2794
81 57 1252
46 54 503
72 31 683
79 14 2321
65 40 138
16 9 1117
67 22 2362
31 28 2186
61 68 118
32 72 909
54 23 2555
51 27 2733
66 55 2313
26 25 2675
16 60 930
74 3 2297
46 37 2790
75 27 2411
64 19 2204
38 45 2207
13 30 2360
16 42 248
69 31 3092
76 48 1922
28 85 1281
59 38 2740
61 71 853
87 4 2984
26 37 2338
45 61 2697
38 86 2429
1 29 1432
31 46 1675
85 22 1436
44 88 323
40 56 1612
65 22 801
17 70 1673
46 88 610
42 76 698
35 14 1459
40 48 2408
3 67 1309
36 38 394
38 81 1162
35 66 2253
62 23 2025
52 57 1366
1 22 1484
52 88 3033
82 18 2213
45 49 3010
87 82 2380
45 79 604
61 48 1697
87 75 996
10 72 1539
20 82 76
7 54 991
44 84 2706
65 47 305
4 54 182
29 31 138
75 82 1613
80 1 1620
13 4 1465
35 5 2731
65 76 2621
54 39 1317
0 42 346
83 51 2725
27 70 2725
4 47 2501
34 54 130
39 72 1937
89 33 1575
69 54 913
51 61 209
86 23 2028
14 43 2268
86 84 2842
7 39 1269
61 16 3137
80 61 1530
18 17 1683
13 64 1339
68 43 1273
41 11 560
36 30 1966
32 42 1374
54 67 201
49 4 1609
26 62 1768
45 6 1291
57 26 781
55 32 877
44 57 579
18 0 2764
18 19 1568
32 51 2043
48 62 694
45 60 3068
57 38 3200
59 41 2188
75 77 1987
51 73 528
35 18 219
76 56 2813
47 23 2959
14 18 2085
89 61 2934
47 68 1402
5 42 2326
76 27 495
62 73 2437
55 75 2892
85 86 1358
13 72 1820
35 3 604
24 11 1549
52 33 2107
86 74 707
55 4 1063
89 51 3053
3 82 346
40 17 7
19 86 246
8 68 3136
34 49 2970
27 20 2656
75 36 2853
88 31 1041
85 52 1111
70 81 1390
49 31 2282
43 18 1443
4 22 3152
16 4 2035
73 27 3023
30 21 672
41 40 2697
85 20 1304
39 4 839
31 35 3064
55 71 2167
13 56 2132
43 76 1654
85 82 1094
76 18 2860
28 66 2019
47 71 1259
72 68 1853
21 52 3155
60 8 2043
43 6 2014
31 53 357
72 28 1752
57 43 1841
7 40 744
74 32 2763
33 84 869
68 34 2998
25 6 2668
43 14 3028
79 45 329
33 45 90
47 5 3056
40 34 2822
84 3 3201
3 89 602
53 38 1099
74 77 2012
8 11 861
83 71 365
75 61 2357
7 27 1964
54 37 940
64 16 1877
61 45 1096
78 18 2644
56 33 1203
42 54 1473
49 52 2040
52 3 74
13 11 1907
48 80 338
21 0 722
22 66 1235
25 47 515
33 20 1183
82 86 916
47 26 2229
61 27 3236
0 32 1492
60 63 2064
10 57 1464
27 72 433
63 64 3301
70 67 3213
7 78 976
38 68 1172
0 80 1495
62 15 1907
79 72 2251
60 67 2878
65 82 3096
46 70 1271
51 53 2024
8 9 931
88 69 238
64 44 1706
51 8 2864
27 59 585
10 37 1151
4 10 3051
4 45 847
44 27 2964
84 74 2272
41 79 2726
8 10 2021
10 73 1604
3 72 2793
70 30 262
6 39 956
20 41 73
42 41 3321
4 60 1620
28 1 2501
51 3 12
83 29 1862
89 31 3281
47 87 2717
70 35 162
9 52 587
9 65 2725
82 89 2121
84 29 2953
29 46 1522
36 72 637
41 58 2069
6 82 2092
48 19 2651
44 85 2332
55 44 586
6 22 2388
85 47 3293
6 27 1283
23 28 445
58 30 2747
28 44 2476
34 78 1641
45 85 432
52 13 383
37 71 1426
73 58 2072
65 48 1402
11 88 617
6 16 113
29 21 2885
8 47 2250
1 20 390
73 56 877
49 16 249
25 51 1793
38 48 1135
30 43 631
31 57 843
39 59 1663
75 43 2381
24 57 771
62 86 673
57 14 3080
66 58 2359
20 60 52
53 43 2251
46 4 1805
16 34 2472
74 7 2981
60 54 3257
13 43 2777
76 67 1433
27 35 2485
41 38 2839
1 81 1553
55 21 778
0 50 2712
79 5 1334
21 50 1869
61 15 2082
44 24 812
60 68 2191
73 80 1012
70 41 1208
41 7 2708
1 16 3122
75 14 726
88 82 2828
70 80 412
33 86 1085
59 46 2205
34 0 1325
77 82 1076
86 87 1573
13 22 976
24 67 1091
50 59 1841
11 52 2898
71 24 614
64 62 1585
5 21 2029
81 67 1181
44 18 979
21 56 1728
70 10 2096
63 37 1199
85 4 3369
73 5 1620
30 40 971
71 73 3012
11 55 2894
11 25 1292
88 9 3391
37 24 1881
56 9 876
3 54 2034
45 15 170
32 79 921
19 67 2004
64 74 901
53 72 796
10 36 2401
9 50 859
82 19 54
14 82 1159
44 78 906
41 69 3260
40 74 3217
1 83 1775
58 39 2519
27 51 2048
64 48 2312
48 1 3259
77 84 2033
5 56 274
17 5 984
29 66 713
79 17 2971
42 89 800
7 60 1990
28 29 2982
70 14 3327
1 30 1378
25 63 797
11 58 3472
41 45 1159
78 6 1925
51 54 2001
49 3 949
1 7 1772
9 56 392
25 26 2679
51 25 294
50 13 372
70 24 1663
46 11 1599
44 79 2725
62 4 2343
80 40 937
14 22 229
19 4 3101
21 71 497
52 36 777
13 74 190
61 34 2027
58 15 700
59 3 331
16 49 1582
75 31 730
40 69 1109
5 80 512
14 52 2694
21 39 2594
1 42 3354
81 76 1273
83 77 2043
19 57 2525
55 24 3280
10 80 2139
6 46 3289
33 18 2659
18 28 2591
55 58 687
5 47 3341
25 86 3471
29 41 2359
64 80 1895
1 80 550
46 61 52
45 78 305
68 42 1415
84 34 903
84 37 375
13 66 1264
26 32 3346
53 8 2459
72 38 3208
81 28 283
37 33 2366
85 80 24
28 49 311
14 16 1013
86 5 3058
15 80 692
81 62 2938
77 27 1823
58 38 3058
41 17 2395
17 48 919
87 54 796
42 55 1312
74 45 3353
43 68 1460
55 59 2489
82 44 156
6 51 3263
42 11 1487
55 33 1577
85 28 3180
71 59 621
13 7 890
36 27 1836
11 83 3101
67 36 2848
8 87 3024
42 62 2243
29 17 3368
45 14 3485
29 16 1227
34 44 2625
64 89 222
56 75 2364
89 24 35
88 54 2497
31 14 1391
6 36 1604
9 74 2873
64 6 570
46 68 3016
49 38 1399
15 76 501
63 74 1899
32 25 1160
58 71 2058
55 15 1038
64 28 293
74 22 1291
60 71 2632
68 18 1202
13 51 3048
5 39 2590
85 60 3226
28 19 2248
19 88 2761
55 52 1941
74 13 3242
25 0 1836
87 5 1008
41 63 2623
16 76 1305
75 20 1039
72 59 3254
54 58 3179
34 66 88
34 22 2664
87 86 3456
17 77 2501
77 60 1689
75 50 1305
5 31 2996
34 86 3306
25 57 36
15 77 352
65 42 945
37 75 1312
34 75 1340
31 55 2027
21 11 2397
75 37 1521
4 88 2317
0 45 784
25 10 3267
87 46 1907
62 48 3554
1 62 1853
3 69 3209
89 71 2994
13 9 631
39 71 1017
22 78 687
33 70 2828
3 65 156
8 26 802
9 26 2883
70 88 1561
4 24 2522
3 32 3311
60 80 2735
74 38 2190
59 49 817
57 67 59
24 73 216
87 55 1531
60 62 1707
32 33 2878
50 83 3329
47 10 2444
53 34 3413
7 66 3400
20 77 3588
74 67 3454
85 10 2553
57 46 782
52 1 2378
25 53 2614
58 87 2606
26 60 819
30 57 2433
30 75 1597
82 24 3090
34 46 1284
48 5 985
22 62 1148
87 30 2933
10 84 3514
74 41 2226
49 64 943
37 30 2782
58 74 2557
88 35 3096
19 79 768
33 23 390
83 36 2717
71 75 1006
34 3 550
30 61 3314
65 36 98
15 40 1851
12 4 52
12 70 62
12 0 32
12 41 68
12 8 47
12 52 10
12 47 8
12 67 64
12 88 38
12 10 34
12 61 73
12 72 38
12 25 50
12 50 74
12 19 74
12 56 29
12 9 37
12 80 4
12 37 82
12 21 37
12 32 2
12 27 87
12 53 29
12 82 22
12 87 58
12 73 26
12 44 40
12 76 67
12 1 31
12 83 58
12 63 2
12 46 28
12 7 17
12 66 6
12 71 89
12 39 88
12 55 15
0 2 48
4 2 10
5 2 63
6 2 10
8 2 37
9 2 30
11 2 41
14 2 89
15 2 15
18 2 71
19 2 72
20 2 48
22 2 54
25 2 6
28 2 59
29 2 46
31 2 68
32 2 81
33 2 37
34 2 64
37 2 64
39 2 7
40 2 86
42 2 56
43 2 31
45 2 76
46 2 75
50 2 42
55 2 56
57 2 73
59 2 18
63 2 31
67 2 75
68 2 59
69 2 84
70 2 23
71 2 66
75 2 14
76 2 22
78 2 20
79 2 11
80 2 63
83 2 51
85 2 71
86 2 89
87 2 69
