7
36
0 1 1801
0 2 1670
0 3 1460
0 5 1319
0 6 1471
0 8 3670
0 9 3196
0 10 3340
0 11 2197
0 12 1758
0 13 1105
0 14 2670
0 16 888
0 17 1632
0 18 1150
0 20 2660
0 21 1471
0 22 3739
0 23 1702
0 24 1571
0 25 489
0 26 756
0 27 2581
0 29 560
0 30 1414
0 31 1999
0 32 1356
0 33 2867
0 34 4328
0 35 4344
0 37 315
0 38 3311
0 39 4178
0 40 44
0 42 2873
0 43 2986
0 44 1815
0 45 3226
0 46 979
0 47 2182
0 48 856
0 49 2922
0 50 3312
0 51 3441
0 52 995
0 53 402
0 54 3929
0 55 531
0 56 2880
0 57 2998
0 58 3021
0 59 621
0 60 3165
0 61 1127
0 62 2746
0 63 2668
0 64 2303
0 65 3609
0 66 3791
0 67 3010
0 68 839
0 69 1694
1 0 4170
1 2 2662
1 3 2765
1 4 538
1 5 2964
1 6 3598
1 8 3831
1 10 2674
1 11 690
1 12 1648
1 13 1608
1 16 2264
1 17 1994
1 18 3546
1 19 1708
1 20 3406
1 22 3159
1 23 3154
1 24 858
1 25 1915
1 26 3498
1 27 1419
1 29 3632
1 30 3636
1 31 341
1 32 4160
1 33 855
1 34 4227
1 35 1963
1 37 2216
1 39 2278
1 40 1969
1 41 3655
1 42 60
1 44 1987
1 45 3397
1 46 523
1 47 3894
1 49 328
1 50 2988
1 51 1474
1 52 915
1 53 829
1 54 1782
1 55 2920
1 56 1777
1 57 315
1 59 4152
1 60 3248
1 61 226
1 62 3385
1 64 1372
1 65 154
1 66 375
1 67 378
1 68 4185
1 69 2448
2 0 1633
2 1 115
2 5 699
2 6 2208
2 8 511
2 9 3552
2 10 2849
2 11 1524
2 12 3561
2 13 2281
2 14 1723
2 15 3759
2 16 3279
2 17 4335
2 18 1119
2 19 3757
2 21 1007
2 22 971
2 23 3481
2 24 629
2 25 1612
2 26 3493
2 27 4015
2 28 4181
2 29 3995
2 30 600
2 31 4173
2 32 3884
2 33 2530
2 34 2395
2 35 878
2 37 3480
2 38 2770
2 39 1599
2 41 512
2 42 3028
2 43 3955
2 45 4026
2 46 1667
2 47 4240
2 48 2568
2 49 1873
2 50 477
2 51 3347
2 53 1637
2 54 1801
2 55 181
2 58 737
2 59 3642
2 60 893
2 61 2861
2 62 4103
2 63 991
2 64 4273
2 65 1515
2 67 280
3 0 3876
3 1 956
3 2 3072
3 4 2060
3 5 3569
3 6 2254
3 8 1531
3 11 44
3 12 2211
3 14 1863
3 15 1058
3 16 3445
3 17 3946
3 18 3960
3 19 489
3 21 1845
3 22 2769
3 23 3422
3 24 2723
3 26 1820
3 27 2635
3 28 2384
3 29 1911
3 30 732
3 31 2936
3 32 726
3 34 4139
3 35 949
3 37 3243
3 38 3072
3 39 486
3 41 2713
3 42 4322
3 43 3168
3 44 361
3 45 877
3 46 2793
3 47 1089
3 48 4093
3 49 347
3 50 2111
3 51 696
3 52 2046
3 54 931
3 56 4128
3 57 3514
3 58 3867
3 59 2440
3 60 500
3 61 1038
3 62 3482
3 64 377
3 65 2650
3 68 1554
4 0 4080
4 1 1013
4 2 168
4 3 945
4 5 3159
4 6 522
4 8 3330
4 9 1594
4 11 3946
4 12 820
4 13 2590
4 14 1382
4 15 1019
4 16 2831
4 17 3217
4 19 2959
4 20 791
4 21 2116
4 22 1949
4 23 1584
4 24 850
4 25 263
4 26 1068
4 28 165
4 29 2587
4 30 4157
4 31 1518
4 32 70
4 33 3627
4 34 4005
4 35 3731
4 37 3401
4 38 3157
4 39 2333
4 40 1415
4 41 2135
4 42 1529
4 43 2880
4 44 2897
4 45 3283
4 46 3173
4 47 427
4 48 1320
4 49 3116
4 50 3491
4 51 2299
4 52 3412
4 53 1164
4 54 3618
4 55 3683
4 56 3302
4 57 1425
4 58 3980
4 59 256
4 60 574
4 61 2929
4 62 2471
4 64 1302
4 65 64
4 66 2140
4 67 1150
4 68 1400
4 69 1294
5 0 3162
5 1 3566
5 2 404
5 3 4123
5 4 1610
5 8 2839
5 9 1400
5 10 1850
5 11 3772
5 12 255
5 13 2798
5 14 1777
5 15 3913
5 16 3118
5 17 3290
5 18 159
5 19 1482
5 20 4194
5 22 649
5 23 4239
5 25 1529
5 27 4284
5 28 1970
5 30 3718
5 31 2108
5 32 800
5 33 2588
5 35 2997
5 37 2327
5 38 3546
5 39 993
5 40 3414
5 41 2331
5 43 1275
5 44 2562
5 45 1768
5 46 1356
5 48 2590
5 49 728
5 50 3523
5 51 97
5 52 366
5 53 3210
5 54 2373
5 56 1946
5 57 3042
5 58 1078
5 59 2454
5 60 2578
5 61 179
5 62 2127
5 63 2260
5 64 3818
5 65 504
5 67 730
5 68 2463
5 69 3063
6 0 3967
6 1 3419
6 2 333
6 3 1
6 4 3538
6 5 887
6 8 2966
6 9 1515
6 10 252
6 11 800
6 12 626
6 13 2352
6 14 3850
6 15 1746
6 16 2703
6 17 807
6 18 1318
6 19 4216
6 20 3983
6 21 1716
6 23 1592
6 24 856
6 25 910
6 26 3036
6 27 2309
6 28 3722
6 29 859
6 30 2613
6 31 723
6 32 3139
6 33 3427
6 34 2079
6 35 1453
6 37 935
6 38 169
6 39 375
6 40 780
6 41 1814
6 42 1971
6 43 1174
6 44 476
6 45 1184
6 46 3123
6 47 477
6 48 2227
6 49 2479
6 50 15
6 51 1024
6 52 4286
6 53 976
6 54 4299
6 55 1277
6 56 375
6 57 437
6 58 2780
6 59 157
6 60 2851
6 61 930
6 62 830
6 63 3618
6 64 2349
6 65 706
6 67 4266
6 69 3495
8 0 1205
8 1 4327
8 2 3226
8 3 2909
8 6 283
8 9 748
8 10 423
8 11 1825
8 12 1406
8 14 113
8 15 3390
8 17 2481
8 18 1936
8 20 1949
8 21 2632
8 22 3582
8 23 3379
8 24 556
8 25 885
8 26 1520
8 28 3890
8 29 359
8 30 374
8 31 1671
8 32 4080
8 33 2046
8 34 4192
8 35 3385
8 37 598
8 38 373
8 39 698
8 40 956
8 42 408
8 43 2500
8 44 2315
8 45 3815
8 47 1342
8 48 3279
8 49 3946
8 50 598
8 51 3642
8 52 2597
8 54 4223
8 55 442
8 56 3015
8 57 3263
8 58 1672
8 60 2281
8 61 1970
8 62 2545
8 63 1830
8 64 1145
8 65 2636
8 66 3905
8 67 3343
8 69 3838
9 0 1448
9 1 1770
9 3 20
9 5 2718
9 6 1650
9 10 3554
9 11 2946
9 12 2474
9 13 1707
9 14 4175
9 16 2165
9 17 3353
9 18 1139
9 19 3430
9 20 787
9 21 3963
9 22 4131
9 23 2935
9 24 2225
9 26 576
9 27 2618
9 28 866
9 29 3647
9 30 3027
9 31 889
9 32 787
9 33 1658
9 34 1507
9 35 961
9 37 3164
9 38 1512
9 39 610
9 40 843
9 41 2943
9 42 4149
9 44 2466
9 46 1240
9 47 4139
9 48 3114
9 49 1039
9 50 317
9 51 3684
9 52 2630
9 53 565
9 55 3437
9 56 3573
9 57 3171
9 58 4218
9 59 3242
9 60 2347
9 61 4220
9 62 2385
9 63 2072
9 64 1484
9 65 3428
9 66 2790
9 67 3413
9 68 2503
9 69 3595
10 0 947
10 1 3746
10 2 2379
10 3 3551
10 4 3878
10 5 508
10 6 2323
10 9 3312
10 11 2702
10 12 586
10 13 910
10 14 43
10 17 2375
10 18 293
10 19 1150
10 20 2351
10 21 1443
10 22 554
10 23 1483
10 24 188
10 25 2959
10 26 115
10 27 920
10 28 530
10 29 1489
10 30 221
10 31 4038
10 32 280
10 33 3544
10 34 2034
10 35 1542
10 37 3502
10 38 1074
10 39 719
10 40 2774
10 41 912
10 42 4137
10 43 2912
10 44 1408
10 45 3984
10 46 3132
10 47 3455
10 48 4079
10 50 2184
10 51 2420
10 52 74
10 53 2444
10 54 4086
10 55 29
10 56 4275
10 57 675
10 58 2572
10 60 3487
10 61 1362
10 62 1447
10 63 3813
10 64 3364
10 65 314
10 66 2982
10 67 1604
10 68 261
10 69 1336
11 0 3477
11 1 1858
11 2 3500
11 3 1783
11 4 3759
11 5 3937
11 6 3347
11 12 1309
11 13 1647
11 14 278
11 15 2162
11 16 3279
11 17 2478
11 18 4070
11 19 1855
11 20 1570
11 21 900
11 22 630
11 23 2967
11 24 525
11 25 2497
11 26 3227
11 28 1769
11 29 768
11 30 2800
11 31 359
11 32 840
11 33 1693
11 34 1993
11 35 131
11 37 1105
11 39 502
11 40 2583
11 41 3553
11 42 1865
11 43 4217
11 44 2512
11 45 1025
11 46 3902
11 47 1624
11 49 1830
11 50 2882
11 51 3872
11 52 413
11 53 759
11 54 3940
11 55 4333
11 56 586
11 57 1358
11 58 288
11 59 2459
11 60 198
11 61 3160
11 62 2939
11 63 3711
11 64 1747
11 65 1730
11 66 3878
11 67 2753
11 68 1746
11 69 4138
12 0 1239
12 1 88
12 2 966
12 3 1219
12 4 2444
12 5 3602
12 6 4311
12 8 1800
12 9 1251
12 10 4338
12 13 2475
12 14 1910
12 15 1023
12 16 4225
12 18 674
12 19 1426
12 20 2493
12 21 1947
12 22 3931
12 23 665
12 24 1331
12 25 994
12 26 2692
12 27 4112
12 28 912
12 29 1138
12 31 4335
12 32 1706
12 34 3010
12 35 1977
12 37 172
12 38 3173
12 39 3711
12 40 1669
12 41 2100
12 42 3962
12 43 3791
12 44 2940
12 45 1772
12 46 699
12 48 1742
12 49 4319
12 51 3453
12 52 646
12 53 3315
12 54 120
12 55 1849
12 56 1979
12 57 3885
12 58 102
12 59 4031
12 60 4126
12 61 121
12 63 3030
12 64 3984
12 65 1211
12 67 4279
12 68 468
12 69 4133
13 1 1310
13 2 2655
13 3 3439
13 4 2126
13 5 1272
13 6 1350
13 8 284
13 9 1943
13 10 665
13 11 37
13 12 1734
13 15 3000
13 16 94
13 17 1335
13 18 2202
13 19 2191
13 20 1390
13 21 3068
13 22 3654
13 23 2852
13 24 4048
13 25 723
13 26 3578
13 27 1937
13 28 2075
13 29 278
13 30 3361
13 31 1829
13 32 1543
13 33 2802
13 34 1546
13 38 4015
13 39 2594
13 40 1315
13 41 2789
13 42 3226
13 43 2523
13 44 4186
13 45 478
13 46 3262
13 47 3167
13 48 2656
13 49 1310
13 51 2051
13 52 192
13 53 587
13 54 2528
13 55 857
13 56 1534
13 57 1895
13 58 3146
13 59 2800
13 60 4192
13 61 855
13 63 3626
13 64 1234
13 65 1765
13 66 2821
13 67 2912
13 68 2180
13 69 1684
14 0 2082
14 1 3129
14 2 3259
14 3 1665
14 4 20
14 5 270
14 6 4162
14 8 466
14 9 4232
14 10 4252
14 11 1456
14 12 1206
14 15 592
14 16 366
14 17 2690
14 18 3294
14 19 498
14 20 1011
14 21 362
14 22 1637
14 24 790
14 25 3583
14 26 2777
14 27 3662
14 28 864
14 29 1485
14 30 1049
14 31 2564
14 32 3120
14 33 1545
14 34 3984
14 35 997
14 37 3475
14 38 2245
14 39 4098
14 40 1992
14 41 2188
14 42 124
14 43 656
14 44 126
14 45 4193
14 46 537
14 47 1868
14 48 1768
14 49 2045
14 50 3212
14 51 638
14 52 2388
14 53 2264
14 54 1191
14 55 1032
14 56 4271
14 57 2453
14 58 1202
14 59 400
14 60 437
14 61 139
14 62 2782
14 63 3582
14 64 454
14 65 2575
14 66 1311
14 67 590
14 68 1829
14 69 3354
15 0 1006
15 1 2528
15 2 460
15 3 260
15 4 2495
15 5 4198
15 8 622
15 9 2946
15 11 4076
15 12 996
15 13 3965
15 14 231
15 16 3102
15 17 3077
15 18 1681
15 19 657
15 20 1590
15 21 2646
15 22 3607
15 23 2439
15 24 1631
15 25 3945
15 26 3707
15 27 780
15 28 2428
15 29 1478
15 30 1014
15 31 4295
15 32 2044
15 33 2762
15 34 2943
15 35 463
15 37 2119
15 38 4165
15 39 3839
15 40 2761
15 41 1707
15 42 1113
15 43 747
15 44 2787
15 47 2864
15 48 1671
15 49 1014
15 50 2585
15 51 3124
15 52 3227
15 53 1406
15 54 883
15 55 3547
15 56 2363
15 57 1522
15 58 3507
15 59 1594
15 60 1106
15 61 3310
15 62 20
15 63 1309
15 64 1553
15 65 2751
15 66 1528
15 67 2136
15 68 1439
15 69 284
16 0 2027
16 1 2375
16 3 2241
16 6 1479
16 8 32
16 9 1059
16 11 4333
16 12 3179
16 13 1511
16 15 3613
16 17 1671
16 18 3541
16 19 2406
16 20 2453
16 21 419
16 22 2418
16 23 2104
16 24 250
16 25 2155
16 27 2063
16 28 2261
16 29 1119
16 30 30
16 31 729
16 32 3885
16 33 1759
16 34 1515
16 35 2024
16 37 2274
16 38 2480
16 39 2926
16 40 3176
16 41 3731
16 42 3463
16 43 2007
16 44 41
16 45 4005
16 46 3480
16 47 2503
16 48 1911
16 49 4245
16 50 1560
16 51 451
16 52 2728
16 53 3239
16 54 463
16 55 1452
16 56 1542
16 57 4080
16 58 104
16 59 1707
16 60 3004
16 61 1156
16 62 2798
16 65 3794
16 66 2316
16 68 3311
16 69 684
17 0 473
17 1 2518
17 2 2444
17 3 3370
17 4 2446
17 5 4290
17 6 1662
17 8 1782
17 9 3725
17 10 1465
17 11 4195
17 13 3914
17 14 2157
17 15 1373
17 16 818
17 18 4134
17 19 1151
17 21 3677
17 23 3387
17 24 2206
17 25 931
17 26 507
17 27 2664
17 28 1222
17 29 4125
17 30 1367
17 31 3289
17 33 3335
17 34 1574
17 35 2808
17 37 3852
17 38 3089
17 39 987
17 40 2540
17 41 2568
17 42 2966
17 43 1517
17 44 835
17 45 1008
17 46 1277
17 47 3163
17 48 1684
17 49 579
17 50 3081
17 51 3632
17 52 755
17 53 1859
17 54 4156
17 55 2620
17 57 2731
17 58 4154
17 59 2955
17 60 1022
17 61 3165
17 62 2534
17 63 2453
17 66 2858
17 67 1412
17 68 3598
17 69 2131
18 1 178
18 2 2521
18 3 123
18 4 1992
18 5 2512
18 6 991
18 8 2976
18 9 3233
18 10 1871
18 11 69
18 12 3021
18 13 496
18 14 2100
18 15 1105
18 17 3997
18 19 2847
18 20 1954
18 22 2883
18 23 2905
18 24 3882
18 25 3860
18 26 1732
18 27 3198
18 28 3253
18 29 3147
18 30 2368
18 31 2280
18 32 3936
18 33 2723
18 34 3902
18 35 1297
18 37 3538
18 38 2457
18 39 1322
18 40 4102
18 41 3599
18 42 2513
18 43 3262
18 45 3466
18 46 3361
18 47 545
18 48 3695
18 49 406
18 50 2531
18 51 2146
18 52 1443
18 53 409
18 55 174
18 56 982
18 58 599
18 59 1472
18 60 4160
18 61 125
18 62 4227
18 63 2599
18 65 2045
18 66 1375
18 67 4210
18 68 2425
18 69 1305
19 0 3896
19 1 644
19 2 2502
19 3 4323
19 4 1328
19 6 1622
19 8 3104
19 9 4208
19 10 4172
19 11 1993
19 12 4197
19 13 2862
19 14 3354
19 15 246
19 16 2141
19 17 3745
19 18 2779
19 20 2048
19 21 3769
19 22 437
19 23 3506
19 24 4331
19 26 1729
19 27 495
19 28 4078
19 29 2376
19 30 3126
19 31 2661
19 32 1277
19 33 2274
19 34 819
19 35 1612
19 38 1537
19 39 3637
19 40 1742
19 41 1783
19 42 2033
19 43 1460
19 44 2386
19 45 2721
19 46 2050
19 47 4302
19 48 2625
19 49 2219
19 51 1412
19 52 3711
19 53 181
19 56 1961
19 57 3790
19 58 4327
19 59 377
19 60 4286
19 61 2264
19 62 3702
19 63 3416
19 65 3202
19 66 4177
19 67 3118
19 68 2148
19 69 1984
20 1 1426
20 2 1480
20 3 4343
20 4 4031
20 5 3780
20 6 3607
20 8 896
20 9 558
20 10 1113
20 11 2346
20 12 588
20 13 4273
20 14 4273
20 15 3239
20 16 3278
20 17 613
20 18 3420
20 19 1631
20 21 4184
20 22 981
20 23 1000
20 24 4069
20 25 4136
20 26 1087
20 27 4098
20 28 2205
20 29 2830
20 31 3722
20 32 268
20 33 1231
20 34 3928
20 35 305
20 38 3378
20 39 766
20 40 231
20 41 2862
20 42 3936
20 44 3468
20 45 3550
20 46 232
20 47 440
20 48 442
20 49 1483
20 50 3588
20 51 530
20 52 3262
20 54 3748
20 56 1930
20 57 2868
20 58 839
20 59 274
20 61 2164
20 63 2505
20 64 2233
20 65 3912
20 66 1639
20 67 2922
20 69 2889
21 0 3716
21 1 3757
21 2 326
21 3 1032
21 4 812
21 5 3400
21 6 1795
21 8 4311
21 9 2748
21 10 2374
21 11 1287
21 13 286
21 14 2851
21 16 3961
21 17 1526
21 18 267
21 19 2821
21 20 2623
21 22 1322
21 23 384
21 25 1068
21 27 279
21 28 2597
21 29 2785
21 30 3977
21 31 921
21 32 1235
21 33 2690
21 34 3867
21 37 1882
21 38 2843
21 39 304
21 40 2019
21 41 1165
21 42 1173
21 43 758
21 44 3143
21 45 3668
21 46 3323
21 47 4207
21 48 3357
21 49 1559
21 50 2781
21 51 51
21 52 59
21 53 4182
21 54 1206
21 55 1143
21 56 3925
21 57 2732
21 58 287
21 59 1230
21 60 3947
21 61 1376
21 62 3782
21 63 1467
21 65 1365
21 66 2086
21 67 900
21 68 1397
21 69 1178
22 0 1173
22 1 1094
22 3 3871
22 4 4021
22 5 3041
22 6 2073
22 8 3830
22 9 3296
22 11 1809
22 12 3238
22 13 3196
22 14 935
22 15 1887
22 16 630
22 18 2308
22 19 1617
22 20 112
22 21 895
22 23 3641
22 24 2721
22 26 133
22 27 1471
22 29 673
22 30 1749
22 32 2065
22 33 3936
22 34 3193
22 35 3567
22 37 4188
22 38 2333
22 39 3495
22 40 2846
22 41 3022
22 42 77
22 44 3717
22 45 3669
22 46 3160
22 47 4216
22 48 3915
22 49 2187
22 50 383
22 51 2388
22 52 2919
22 53 3668
22 54 3947
22 56 1807
22 57 2498
22 58 1840
22 59 1121
22 60 1242
22 61 1107
22 62 3644
22 63 3489
22 64 3856
22 65 3132
22 66 1608
22 67 3371
22 68 3613
22 69 3942
23 1 701
23 3 2842
23 4 2257
23 5 2780
23 6 1381
23 8 3736
23 9 236
23 10 4185
23 11 1061
23 12 3346
23 13 2002
23 14 3601
23 15 2493
23 16 4322
23 17 3212
23 18 3883
23 19 3580
23 20 3014
23 21 1289
23 22 929
23 24 1669
23 25 3451
23 26 3018
23 27 2485
23 28 4111
23 29 1180
23 30 1693
23 31 3134
23 32 4134
23 33 4230
23 34 3610
23 35 858
23 37 2170
23 38 3849
23 39 2037
23 40 2376
23 41 1459
23 42 228
23 43 623
23 44 760
23 45 2465
23 46 3294
23 47 3506
23 48 3063
23 49 108
23 50 2044
23 51 2815
23 52 3223
23 54 1974
23 55 675
23 56 2352
23 57 3589
23 58 2861
23 60 4267
23 61 1191
23 62 350
23 63 1786
23 64 914
23 66 3432
23 67 3628
23 68 978
23 69 2234
24 0 1261
24 2 3954
24 3 462
24 4 190
24 6 1000
24 8 3444
24 9 3360
24 10 2665
24 11 3681
24 12 3745
24 13 438
24 14 668
24 15 3085
24 16 3219
24 17 2072
24 19 711
24 20 2297
24 21 460
24 22 3808
24 23 992
24 25 1210
24 26 948
24 28 3168
24 29 87
24 30 993
24 31 2411
24 32 3793
24 33 763
24 34 2303
24 35 2942
24 37 1155
24 38 3104
24 39 1731
24 40 3318
24 41 2884
24 42 4328
24 43 1402
24 44 3788
24 45 2689
24 46 625
24 47 2977
24 48 3196
24 49 63
24 50 3275
24 51 3530
24 52 2708
24 53 1500
24 55 3186
24 56 2181
24 57 1844
24 58 3809
24 59 3715
24 60 1950
24 61 1650
24 62 665
24 64 1948
24 65 2464
24 66 3486
24 67 374
24 68 635
24 69 3399
25 0 1115
25 1 2952
25 2 2546
25 3 2267
25 4 3680
25 5 4140
25 6 3011
25 8 4075
25 9 266
25 10 3912
25 11 3222
25 12 1877
25 13 2643
25 14 401
25 15 3662
25 16 3985
25 17 4057
25 18 1224
25 19 3099
25 20 3594
25 21 2998
25 22 2632
25 23 852
25 26 1169
25 27 3127
25 29 1155
25 30 1703
25 32 2703
25 34 3229
25 35 1213
25 37 1803
25 38 1324
25 39 667
25 40 734
25 41 63
25 42 1499
25 43 3778
25 44 706
25 45 97
25 46 337
25 48 2271
25 49 1496
25 50 1672
25 51 8
25 54 4198
25 55 1621
25 57 972
25 58 1756
25 59 1801
25 60 2740
25 62 2091
25 63 984
25 65 3668
25 66 495
25 67 4249
25 68 3984
25 69 104
26 0 758
26 1 3453
26 2 739
26 3 2415
26 4 1292
26 5 3693
26 6 3800
26 8 6
26 9 728
26 10 971
26 11 860
26 12 1216
26 13 767
26 14 4208
26 15 666
26 16 1541
26 17 3062
26 18 3369
26 19 1864
26 20 1734
26 21 3148
26 22 767
26 23 1884
26 24 3429
26 25 3803
26 27 4294
26 28 299
26 29 1464
26 30 4103
26 31 3623
26 32 1242
26 33 2940
26 34 3785
26 35 3174
26 37 1409
26 38 1429
26 39 2656
26 40 2903
26 41 377
26 42 4184
26 43 2218
26 44 3510
26 45 566
26 46 3835
26 47 1496
26 48 1840
26 50 1127
26 51 3602
26 52 2787
26 54 2332
26 55 1562
26 56 3477
26 57 3572
26 58 3252
26 60 1126
26 61 828
26 62 542
26 63 3669
26 64 1615
26 65 3903
26 66 634
26 67 693
26 68 1476
26 69 1608
27 0 2434
27 2 2790
27 3 3143
27 6 357
27 8 2847
27 9 1283
27 10 1617
27 11 227
27 12 2824
27 13 2921
27 14 3713
27 15 4269
27 16 962
27 17 3108
27 18 1962
27 20 2557
27 21 1797
27 22 3982
27 23 3057
27 25 25
27 26 2618
27 28 1241
27 29 2538
27 31 3334
27 32 1065
27 33 700
27 34 582
27 35 3135
27 37 111
27 38 2302
27 39 857
27 40 3538
27 41 4101
27 42 115
27 43 1225
27 44 1640
27 45 3956
27 46 4227
27 47 3279
27 48 1001
27 49 1680
27 51 1971
27 52 2477
27 53 2378
27 54 2877
27 55 3644
27 56 2453
27 58 3447
27 59 670
27 60 1827
27 61 1314
27 62 4325
27 63 1256
27 64 686
27 65 325
27 66 224
27 68 4180
27 69 2674
28 0 477
28 1 2396
28 2 81
28 3 2663
28 4 4127
28 8 3659
28 9 3334
28 10 1750
28 12 3880
28 13 1340
28 14 1253
28 15 3378
28 16 1435
28 17 2729
28 18 2660
28 20 1584
28 21 845
28 22 4306
28 23 639
28 24 3829
28 25 3773
28 27 840
28 29 1423
28 30 299
28 31 737
28 32 646
28 33 2983
28 34 3779
28 35 2406
28 37 3027
28 38 1445
28 39 668
28 40 3962
28 41 4016
28 42 2892
28 43 2584
28 44 3697
28 45 3648
28 46 2476
28 47 499
28 48 717
28 50 3404
28 51 4325
28 52 2460
28 53 235
28 54 2618
28 55 391
28 57 2795
28 58 1480
28 59 995
28 60 33
28 61 2524
28 62 1987
28 63 4241
28 64 236
28 65 1949
28 66 3500
28 67 931
28 68 335
28 69 2281
29 0 1664
29 1 3841
29 2 2339
29 3 2449
29 4 2213
29 5 69
29 6 2815
29 8 1182
29 9 2128
29 11 3462
29 12 3356
29 13 4107
29 15 1082
29 16 2750
29 17 911
29 18 1651
29 19 1048
29 20 4243
29 22 3463
29 23 124
29 24 411
29 25 1116
29 26 2308
29 27 3771
29 28 2548
29 30 2305
29 31 4240
29 32 599
29 34 4328
29 35 1506
29 37 1126
29 38 546
29 39 3460
29 40 1326
29 41 765
29 42 986
29 43 2721
29 44 2763
29 45 4291
29 46 4124
29 47 3116
29 48 2218
29 49 718
29 50 1471
29 51 1315
29 52 2650
29 53 30
29 54 2211
29 55 1367
29 56 780
29 57 3172
29 58 504
29 60 3272
29 61 2256
29 63 2154
29 64 1496
29 65 4071
29 66 2928
29 67 2654
29 68 546
29 69 2790
30 0 3527
30 1 2215
30 2 1242
30 3 1708
30 5 3404
30 6 2080
30 8 3254
30 9 125
30 10 809
30 11 2030
30 12 3314
30 13 412
30 14 3138
30 15 1116
30 17 3878
30 18 1639
30 20 1230
30 21 105
30 22 2981
30 23 2112
30 24 1115
30 25 166
30 28 2757
30 29 1334
30 31 3280
30 32 3200
30 33 3652
30 34 633
30 35 4113
30 37 1669
30 38 1201
30 39 2468
30 40 1649
30 41 3077
30 42 65
30 43 3602
30 44 4286
30 46 2065
30 48 312
30 49 3814
30 50 716
30 51 1753
30 52 2562
30 53 1632
30 54 3560
30 55 658
30 56 2266
30 57 1461
30 58 2491
30 59 599
30 60 1532
30 61 2345
30 62 4123
30 63 60
30 64 2159
30 65 2514
30 66 2756
30 68 103
30 69 2852
31 0 2640
31 1 2367
31 2 241
31 3 2914
31 4 17
31 5 1672
31 8 961
31 9 251
31 10 2814
31 11 2691
31 12 3120
31 13 2626
31 14 996
31 15 2990
31 17 1480
31 18 312
31 19 1298
31 20 1980
31 21 3147
31 22 1125
31 23 1170
31 24 4168
31 25 2520
31 26 267
31 27 265
31 28 573
31 30 3672
31 32 3800
31 33 2661
31 34 2830
31 35 210
31 37 808
31 38 3639
31 39 3988
31 40 3053
31 41 2643
31 42 1407
31 43 3078
31 44 2887
31 45 3347
31 46 601
31 48 823
31 49 3769
31 50 1811
31 51 588
31 52 438
31 53 3725
31 54 649
31 55 3361
31 56 2982
31 57 3276
31 58 2977
31 59 1909
31 60 3609
31 62 2583
31 63 3072
31 64 3436
31 65 2138
31 66 121
31 67 3352
31 68 3700
31 69 4013
32 0 156
32 1 4341
32 2 560
32 3 2160
32 4 1824
32 5 3722
32 6 3799
32 8 4258
32 9 1763
32 10 2477
32 11 1286
32 12 2844
32 14 1531
32 15 426
32 16 3856
32 17 3179
32 18 1044
32 19 91
32 20 3302
32 21 1439
32 22 4236
32 23 3970
32 24 2068
32 25 2197
32 27 1967
32 28 1994
32 29 3467
32 30 2275
32 31 4152
32 34 1092
32 38 3718
32 39 4196
32 40 3091
32 41 794
32 42 3799
32 43 855
32 44 273
32 45 844
32 46 3065
32 47 3411
32 49 3831
32 51 2759
32 52 1743
32 53 567
32 54 1060
32 55 3141
32 56 1599
32 58 1662
32 59 2405
32 60 1211
32 61 407
32 62 2013
32 63 1155
32 64 753
32 65 2735
32 66 3611
32 67 4081
32 68 3468
33 0 2107
33 1 1357
33 2 2647
33 3 1925
33 4 944
33 5 3382
33 6 598
33 8 14
33 9 2179
33 10 974
33 11 3289
33 13 3444
33 14 2977
33 16 1225
33 17 4043
33 18 3987
33 19 619
33 20 3828
33 21 3617
33 23 3239
33 25 4139
33 26 14
33 28 2825
33 29 2329
33 30 1423
33 32 3595
33 34 995
33 35 2646
33 37 4137
33 38 3220
33 39 3680
33 40 1100
33 41 2348
33 43 95
33 44 2981
33 45 3294
33 46 2623
33 47 3311
33 48 1511
33 49 1025
33 50 1193
33 51 899
33 52 2113
33 53 1399
33 54 3672
33 55 1670
33 57 427
33 58 3892
33 59 1717
33 60 3659
33 61 1672
33 62 204
33 63 2344
33 64 2935
33 65 1311
33 66 4342
33 68 2548
33 69 1714
34 0 3956
34 1 2799
34 2 1823
34 4 2448
34 5 3511
34 6 1737
34 8 1261
34 9 1008
34 10 443
34 11 1460
34 12 4138
34 13 4231
34 14 1214
34 15 749
34 16 1303
34 17 2052
34 18 314
34 19 2207
34 20 2220
34 21 3477
34 22 2648
34 23 1434
34 24 526
34 25 2913
34 26 3241
34 27 2960
34 28 99
34 30 453
34 31 1213
34 32 98
34 37 3696
34 38 1075
34 39 2260
34 40 2177
34 41 498
34 42 117
34 44 4159
34 45 1465
34 46 1082
34 47 2843
34 48 1042
34 49 678
34 51 589
34 52 1738
34 53 76
34 54 2884
34 56 1381
34 57 2470
34 58 1605
34 59 2620
34 60 2840
34 61 3217
34 62 3317
34 63 2096
34 64 2015
34 65 1127
34 66 3778
34 67 3285
34 68 655
34 69 2715
35 0 2605
35 1 83
35 2 2115
35 3 2539
35 4 4301
35 5 809
35 6 4160
35 8 638
35 9 2543
35 10 3680
35 11 971
35 12 2261
35 13 2385
35 14 2060
35 15 1125
35 16 2319
35 17 2345
35 19 934
35 20 2756
35 21 3411
35 22 2202
35 23 1899
35 24 682
35 25 1282
35 26 3145
35 27 2163
35 28 4187
35 29 4237
35 30 1316
35 31 3291
35 32 3246
35 33 2769
35 34 397
35 37 1768
35 38 4115
35 39 3516
35 40 3339
35 41 1563
35 42 2004
35 43 1627
35 44 1651
35 45 994
35 46 1290
35 47 1411
35 48 3741
35 49 1065
35 50 4295
35 51 1894
35 52 2288
35 53 3030
35 54 2361
35 55 1429
35 56 3839
35 57 566
35 58 4157
35 59 3703
35 60 1828
35 61 3745
35 62 988
35 63 3452
35 64 4264
35 65 2785
35 66 3947
35 67 2031
35 68 533
35 69 383
37 0 934
37 1 2202
37 2 2029
37 3 4277
37 4 714
37 5 135
37 6 3225
37 8 218
37 9 1041
37 10 3739
37 11 1965
37 12 3948
37 13 3500
37 14 3334
37 15 2107
37 18 8
37 19 917
37 20 2725
37 21 3187
37 22 3339
37 23 850
37 24 626
37 25 2310
37 26 920
37 27 2177
37 29 868
37 30 2530
37 31 1254
37 32 2867
37 33 1240
37 34 380
37 35 1601
37 38 3414
37 39 2512
37 40 1617
37 41 293
37 43 1573
37 44 2895
37 45 2232
37 46 1008
37 47 301
37 48 414
37 50 3449
37 51 3880
37 52 1831
37 53 1073
37 54 4196
37 56 1437
37 57 3484
37 58 3620
37 59 573
37 61 2670
37 62 1443
37 63 4271
37 64 2864
37 65 845
37 66 1459
37 67 2919
37 68 2372
37 69 93
38 0 4049
38 1 2028
38 2 3439
38 3 927
38 4 2481
38 5 2329
38 8 1909
38 9 721
38 10 1243
38 11 4119
38 12 2604
38 13 2281
38 14 1817
38 15 3882
38 16 4079
38 17 3188
38 18 2414
38 19 1090
38 20 3634
38 21 1175
38 23 2283
38 24 1221
38 25 931
38 26 2415
38 27 3973
38 28 275
38 29 305
38 30 2278
38 31 1555
38 32 1554
38 33 1026
38 35 1709
38 39 2065
38 41 2916
38 42 1686
38 44 3958
38 45 567
38 46 3289
38 47 645
38 48 1676
38 50 1054
38 51 837
38 53 3307
38 54 2290
38 56 23
38 57 4107
38 58 3533
38 59 664
38 60 2058
38 61 969
38 62 3534
38 63 1120
38 64 4003
38 66 2578
38 68 2674
38 69 2890
39 1 2441
39 3 3763
39 4 2429
39 5 2220
39 6 1453
39 8 3867
39 9 247
39 11 3107
39 12 3738
39 13 3813
39 14 3324
39 15 493
39 16 401
39 17 2837
39 18 2701
39 19 3920
39 20 3157
39 21 3528
39 22 870
39 23 1826
39 24 3766
39 25 1555
39 26 2867
39 27 3037
39 28 3848
39 29 554
39 30 1531
39 31 1065
39 32 1179
39 33 1058
39 34 2676
39 35 4151
39 37 767
39 38 909
39 40 2246
39 41 3059
39 42 1334
39 43 3147
39 44 7
39 46 3650
39 47 1081
39 48 4131
39 49 978
39 50 1829
39 51 2041
39 52 1479
39 53 2853
39 54 76
39 56 2030
39 58 2742
39 59 3035
39 61 3334
39 62 4175
39 63 1548
39 65 2840
39 66 936
39 67 3658
39 68 4270
39 69 1631
40 1 424
40 2 3074
40 3 427
40 4 499
40 5 32
40 6 2098
40 9 3696
40 10 3653
40 11 537
40 12 3008
40 13 4061
40 14 1353
40 15 1396
40 16 1377
40 17 1646
40 18 4192
40 19 878
40 20 2257
40 21 597
40 22 2467
40 23 2184
40 24 3087
40 25 2550
40 26 1541
40 27 1659
40 28 1259
40 29 363
40 30 2638
40 31 2953
40 32 3239
40 33 3225
40 34 39
40 35 745
40 37 2162
40 38 1362
40 42 1526
40 43 632
40 44 1986
40 45 1397
40 46 1963
40 47 2296
40 49 367
40 50 389
40 51 2371
40 52 1038
40 53 3875
40 54 4016
40 56 3547
40 57 2254
40 58 2432
40 59 2193
40 60 3029
40 61 2896
40 62 196
40 63 1124
40 65 620
40 66 2227
40 67 267
40 68 549
40 69 3520
41 0 2267
41 1 2155
41 2 4044
41 3 1301
41 5 3037
41 6 3222
41 8 1148
41 9 3346
41 10 2965
41 11 3961
41 12 1775
41 14 737
41 15 1373
41 17 433
41 19 89
41 20 1412
41 21 2041
41 22 1530
41 23 3871
41 24 2864
41 26 1916
41 27 747
41 28 273
41 29 4010
41 30 2133
41 31 1635
41 32 2566
41 33 450
41 34 1250
41 35 1138
41 37 2755
41 38 2469
41 39 3053
41 40 586
41 42 414
41 43 1577
41 44 3330
41 45 3098
41 46 607
41 47 672
41 48 3684
41 49 3542
41 50 3441
41 51 3683
41 52 3331
41 53 2806
41 54 1407
41 55 1697
41 56 3862
41 57 650
41 58 1268
41 59 2304
41 60 2420
41 61 2530
41 62 1136
41 63 3981
41 64 2487
41 65 1974
41 66 268
41 67 1072
41 68 318
41 69 2575
42 0 772
42 1 4245
42 2 557
42 3 1022
42 4 2572
42 5 3592
42 6 4163
42 8 3552
42 10 2545
42 11 3242
42 12 1701
42 13 502
42 15 1027
42 17 973
42 18 966
42 19 1668
42 20 4124
42 21 3668
42 22 2724
42 23 3159
42 24 1490
42 25 3862
42 26 1078
42 27 3937
42 28 1705
42 29 375
42 30 835
42 31 3351
42 32 907
42 34 3945
42 35 135
42 37 48
42 38 3079
42 39 1906
42 40 4091
42 41 2277
42 43 2333
42 44 3728
42 45 1880
42 46 825
42 47 2900
42 48 1165
42 49 3474
42 50 158
42 52 1774
42 53 3155
42 54 2298
42 55 359
42 56 2375
42 57 2410
42 58 1292
42 59 1526
42 60 470
42 61 3579
42 62 215
42 63 3290
42 64 311
42 65 2387
42 66 1414
42 67 3373
42 68 1398
42 69 1137
43 0 2739
43 1 1383
43 2 2345
43 3 4104
43 4 1874
43 5 1642
43 9 1081
43 10 2908
43 11 429
43 12 1138
43 13 34
43 14 3807
43 15 880
43 16 3490
43 20 2534
43 21 2416
43 22 295
43 23 2172
43 24 2687
43 25 3285
43 26 2030
43 27 1731
43 28 837
43 29 1434
43 30 3444
43 31 3535
43 32 1363
43 33 69
43 34 3318
43 35 3656
43 37 1977
43 38 1699
43 39 3468
43 40 54
43 41 3646
43 42 1927
43 44 3360
43 45 3985
43 47 1862
43 48 221
43 49 3821
43 50 4087
43 51 933
43 53 1302
43 55 418
43 56 1613
43 57 1134
43 58 534
43 59 1501
43 60 3239
43 61 4128
43 63 233
43 65 384
43 66 4145
43 67 3106
43 68 357
43 69 3589
44 1 441
44 2 4260
44 3 3371
44 5 536
44 6 1872
44 8 39
44 9 4162
44 10 2580
44 11 1966
44 12 2924
44 13 2939
44 14 847
44 15 1817
44 17 3725
44 18 3721
44 19 1838
44 20 3266
44 22 1816
44 23 1107
44 24 36
44 25 3495
44 26 980
44 27 3769
44 28 1702
44 29 4233
44 30 3926
44 31 703
44 32 2801
44 33 3960
44 34 3978
44 35 2779
44 37 190
44 38 2392
44 39 3827
44 40 3213
44 41 1928
44 42 3018
44 43 3917
44 45 1678
44 46 1743
44 47 2404
44 48 3489
44 49 1223
44 50 3573
44 51 887
44 52 1713
44 53 204
44 54 2300
44 55 3806
44 56 944
44 57 3999
44 58 3480
44 59 1660
44 60 3014
44 61 2189
44 62 3303
44 64 563
44 65 222
44 66 3046
44 68 879
44 69 3304
45 0 1549
45 1 843
45 2 3791
45 3 4275
45 4 3185
45 5 2995
45 6 916
45 8 353
45 10 1470
45 11 4031
45 12 1379
45 13 1685
45 14 3854
45 15 502
45 16 3758
45 17 3208
45 18 2695
45 19 3168
45 20 1583
45 21 2231
45 22 4267
45 23 2450
45 24 2695
45 25 3800
45 26 2008
45 27 4009
45 28 1344
45 29 153
45 30 1560
45 32 4314
45 34 3654
45 35 741
45 37 3164
45 38 4207
45 39 1633
45 40 1801
45 41 86
45 42 3706
45 43 584
45 46 313
45 47 975
45 48 3665
45 49 1280
45 50 2097
45 51 952
45 52 3983
45 53 511
45 55 865
45 56 4027
45 57 2215
45 58 2425
45 59 718
45 60 2911
45 62 1900
45 63 773
45 64 1756
45 65 2082
45 66 994
45 67 1805
45 68 1157
45 69 2663
46 0 942
46 1 4114
46 2 2151
46 3 4132
46 4 3069
46 5 1787
46 6 3724
46 8 2515
46 9 899
46 10 3149
46 11 1164
46 12 3591
46 13 3583
46 14 2445
46 15 1184
46 16 2741
46 17 2729
46 18 3141
46 19 1562
46 20 1402
46 21 2913
46 23 1937
46 24 162
46 25 784
46 26 1032
46 27 1057
46 28 271
46 29 2603
46 30 3313
46 31 2625
46 32 3348
46 33 3800
46 34 1760
46 35 3332
46 37 1356
46 38 397
46 39 847
46 40 424
46 41 4252
46 42 1567
46 43 305
46 44 2536
46 45 799
46 47 13
46 49 3955
46 50 2808
46 51 4072
46 53 3483
46 54 1814
46 55 2273
46 56 3190
46 58 2148
46 59 3349
46 60 3211
46 61 1955
46 62 2171
46 63 1958
46 64 3590
46 65 3851
46 66 1423
46 67 94
46 68 2340
46 69 2796
47 0 1662
47 1 2011
47 2 641
47 3 1040
47 4 3245
47 5 3272
47 6 2627
47 8 3138
47 9 3958
47 10 3890
47 11 258
47 12 2431
47 13 1840
47 14 2734
47 15 1037
47 16 1628
47 17 2723
47 18 543
47 19 2104
47 20 74
47 21 3678
47 22 2919
47 23 4045
47 24 1144
47 25 3732
47 26 1436
47 27 1281
47 28 2457
47 29 3829
47 30 2356
47 31 3587
47 33 738
47 37 4178
47 38 2883
47 39 2616
47 42 1871
47 43 855
47 44 1875
47 45 2186
47 46 326
47 48 1451
47 49 17
47 50 639
47 51 2566
47 52 3845
47 54 1510
47 56 2957
47 57 2625
47 58 2038
47 59 3101
47 60 554
47 61 2603
47 62 1822
47 63 255
47 64 3298
47 65 1774
47 66 1225
47 67 569
47 68 1863
47 69 1275
48 0 994
48 2 3586
48 4 3133
48 5 1394
48 6 2217
48 8 3097
48 9 538
48 10 2751
48 11 1397
48 12 2783
48 13 2122
48 14 1347
48 15 2260
48 16 2467
48 17 2717
48 18 2897
48 19 1324
48 20 291
48 22 845
48 23 4266
48 24 1275
48 26 2547
48 27 4226
48 28 3883
48 29 4197
48 30 531
48 31 562
48 32 2667
48 33 3457
48 34 2902
48 35 2951
48 37 3810
48 38 2672
48 39 1682
48 40 3819
48 41 4260
48 42 1288
48 43 3023
48 44 2746
48 45 3424
48 47 2008
48 49 2606
48 50 529
48 51 3987
48 52 1987
48 53 955
48 55 4191
48 56 3467
48 57 486
48 58 986
48 59 4225
48 60 2070
48 61 3515
48 62 2117
48 63 427
48 64 889
48 66 2638
48 67 247
48 68 2764
48 69 919
49 0 1657
49 1 99
49 2 1345
49 3 3222
49 5 1629
49 8 902
49 9 586
49 10 249
49 11 3151
49 12 1235
49 13 2745
49 15 4282
49 16 806
49 17 950
49 18 2895
49 19 2302
49 20 1742
49 22 3026
49 24 2585
49 25 2593
49 26 885
49 27 832
49 28 3560
49 29 3413
49 30 2817
49 31 799
49 32 1077
49 33 2265
49 34 3256
49 35 1552
49 37 1379
49 38 3106
49 39 604
49 40 4286
49 42 1835
49 43 1248
49 44 4225
49 45 2846
49 46 4132
49 47 3187
49 48 3479
49 50 3174
49 51 4118
49 52 2101
49 54 1548
49 55 2259
49 57 1760
49 58 3294
49 59 2879
49 60 2499
49 61 639
49 64 1436
49 66 1826
49 67 4253
49 68 4086
49 69 3554
50 1 4083
50 2 3243
50 3 1155
50 4 1022
50 5 405
50 6 4043
50 8 2299
50 9 3563
50 10 402
50 12 1004
50 13 1280
50 15 2634
50 16 4303
50 17 2200
50 18 1694
50 19 2379
50 20 196
50 21 816
50 22 4203
50 23 3848
50 24 1759
50 25 2510
50 26 3128
50 27 2590
50 28 614
50 29 2596
50 30 3321
50 31 2923
50 32 3348
50 33 2080
50 35 4011
50 37 308
50 38 2503
50 39 1351
50 40 432
50 41 3162
50 42 4006
50 43 3505
50 44 3115
50 45 1305
50 47 3638
50 48 251
50 49 2201
50 51 3668
50 52 3070
50 53 4271
50 54 708
50 55 4054
50 56 3431
50 57 380
50 58 2013
50 59 1988
50 60 3292
50 61 2161
50 62 1508
50 63 1951
50 64 3414
50 65 1840
50 67 821
50 69 865
51 2 418
51 3 3454
51 4 2776
51 5 1739
51 8 3973
51 9 1738
51 11 3270
51 13 2804
51 14 4105
51 15 2907
51 16 3997
51 17 1018
51 18 1863
51 19 3661
51 20 302
51 21 1508
51 22 35
51 23 2145
51 24 1263
51 26 1308
51 27 46
51 28 3109
51 29 2924
51 31 1019
51 32 2543
51 33 65
51 35 91
51 37 4047
51 38 3560
51 39 354
51 40 1628
51 41 3193
51 42 1640
51 43 1738
51 44 2531
51 45 2186
51 46 3440
51 47 2595
51 48 1592
51 49 3832
51 50 1201
51 52 2599
51 53 3677
51 54 1783
51 56 2355
51 57 2814
51 58 2562
51 59 1710
51 61 30
51 62 1695
51 64 2571
51 65 2835
51 66 1479
51 67 561
51 68 1558
52 0 4102
52 1 1986
52 2 1575
52 3 835
52 5 2285
52 6 709
52 8 1607
52 9 1745
52 10 2701
52 12 3187
52 13 4129
52 14 1146
52 15 3503
52 16 3969
52 17 390
52 18 351
52 19 1877
52 20 4167
52 21 3299
52 22 2330
52 24 3212
52 25 3647
52 26 2022
52 28 1578
52 30 2414
52 31 1503
52 32 3349
52 33 3413
52 35 571
52 37 1467
52 38 3864
52 39 1012
52 40 629
52 41 888
52 42 1814
52 43 865
52 44 422
52 45 3532
52 46 4253
52 48 3124
52 49 2222
52 50 1165
52 51 1676
52 53 2944
52 54 1380
52 55 2044
52 56 2841
52 57 2608
52 58 3728
52 59 714
52 60 3085
52 61 383
52 62 2837
52 63 4289
52 64 1054
52 65 1957
52 66 4083
52 67 714
52 68 1471
52 69 899
53 0 1147
53 1 2446
53 3 2887
53 4 2469
53 5 1704
53 8 2060
53 9 3072
53 10 2155
53 11 3310
53 12 3105
53 13 810
53 14 1206
53 15 2381
53 17 2470
53 18 3162
53 19 3283
53 20 739
53 21 757
53 22 592
53 24 1167
53 25 312
53 26 1965
53 27 193
53 28 336
53 30 2249
53 31 1543
53 33 4191
53 34 269
53 35 780
53 37 2801
53 38 2770
53 39 270
53 40 2343
53 41 3177
53 42 1643
53 43 290
53 44 57
53 45 1239
53 46 1861
53 47 867
53 48 2113
53 49 3387
53 50 4275
53 51 4337
53 52 3784
53 54 709
53 55 726
53 56 398
53 57 3989
53 58 3551
53 59 1234
53 60 439
53 61 4214
53 62 1855
53 64 1375
53 65 131
53 66 1543
53 69 3295
54 0 3786
54 1 334
54 2 394
54 4 2889
54 5 573
54 6 403
54 8 3819
54 9 3290
54 10 3872
54 11 121
54 12 2629
54 13 1088
54 14 974
54 15 3796
54 16 639
54 17 2930
54 18 378
54 20 1678
54 21 3354
54 22 3953
54 24 672
54 25 3292
54 26 3554
54 27 2405
54 28 53
54 29 2133
54 30 1026
54 31 2391
54 33 3637
54 34 2445
54 35 3593
54 37 2145
54 38 4304
54 39 3609
54 40 2826
54 41 2818
54 42 2963
54 43 2645
54 44 1308
54 45 4122
54 46 2519
54 47 2552
54 48 2757
54 49 1178
54 50 4141
54 52 1756
54 53 1766
54 56 59
54 58 4009
54 59 197
54 61 2578
54 62 278
54 63 3551
54 65 2904
54 66 815
54 67 22
54 68 1251
54 69 3817
55 0 2197
55 1 1477
55 2 743
55 4 2686
55 5 80
55 6 2067
55 8 1778
55 9 3617
55 10 2905
55 11 3283
55 12 4335
55 13 1927
55 14 3120
55 15 2591
55 16 3319
55 17 1388
55 18 639
55 19 1111
55 20 3209
55 21 4299
55 22 2557
55 23 2799
55 24 3935
55 25 732
55 26 1205
55 27 280
55 28 1671
55 29 1205
55 30 315
55 31 2972
55 32 4229
55 33 1949
55 34 1570
55 37 1969
55 38 3251
55 39 2627
55 40 249
55 41 739
55 42 3952
55 43 852
55 44 77
55 45 3445
55 46 2461
55 47 2887
55 48 1536
55 49 142
55 50 2732
55 51 2419
55 52 866
55 54 50
55 56 3830
55 57 3122
55 58 4119
55 59 2727
55 60 2777
55 61 359
55 62 1622
55 63 268
55 64 4343
55 65 2790
55 66 3699
55 67 2296
55 68 1504
55 69 3600
56 0 3350
56 1 583
56 2 3709
56 3 2197
56 4 4329
56 6 3839
56 8 573
56 9 1659
56 10 3800
56 11 1380
56 12 4151
56 13 478
56 14 2870
56 15 1595
56 16 2907
56 17 2694
56 18 2387
56 20 4334
56 21 2875
56 23 751
56 24 1338
56 25 1466
56 26 315
56 27 1309
56 28 252
56 29 2645
56 30 3158
56 31 3907
56 33 3215
56 34 3657
56 35 1256
56 37 373
56 38 1328
56 39 4280
56 40 2430
56 41 59
56 42 750
56 43 3227
56 44 759
56 45 3831
56 46 2075
56 48 2924
56 49 1214
56 50 1266
56 51 2773
56 52 127
56 53 2818
56 54 4342
56 55 2460
56 57 3099
56 58 3957
56 59 3043
56 60 4062
56 61 465
56 62 1431
56 63 4057
56 65 3278
56 66 1462
56 67 3282
56 68 1165
57 0 230
57 1 3605
57 2 4307
57 3 1136
57 4 2926
57 5 1395
57 6 1280
57 8 3484
57 9 2133
57 10 2961
57 11 1503
57 12 3202
57 13 3388
57 14 2813
57 15 3279
57 17 797
57 18 1530
57 19 3679
57 20 2273
57 21 1338
57 22 30
57 23 2667
57 24 553
57 27 1674
57 28 414
57 29 846
57 30 2236
57 31 1435
57 32 295
57 33 855
57 34 1572
57 35 2671
57 37 3461
57 39 1125
57 40 2928
57 42 1296
57 43 1214
57 44 3689
57 45 1423
57 46 1650
57 47 3176
57 48 2222
57 49 23
57 50 2022
57 52 637
57 53 3998
57 54 4226
57 55 2075
57 56 400
57 58 1856
57 60 3139
57 61 2067
57 62 3667
57 63 1799
57 64 3166
57 65 1709
57 66 3327
57 67 2545
57 68 2069
57 69 2853
58 0 1078
58 1 3695
58 2 1101
58 3 3927
58 4 2254
58 5 1989
58 6 4295
58 8 108
58 10 1680
58 12 2942
58 13 2538
58 14 2697
58 15 2048
58 16 3022
58 17 2829
58 18 2480
58 19 1774
58 20 541
58 21 3978
58 22 615
58 23 3567
58 24 2407
58 25 1923
58 26 4324
58 27 3640
58 28 3230
58 29 1136
58 30 1002
58 31 3411
58 32 3403
58 33 577
58 35 3515
58 37 2397
58 38 3196
58 39 3407
58 40 4137
58 42 360
58 43 2018
58 44 2249
58 45 1587
58 46 3804
58 47 1951
58 49 758
58 50 4126
58 51 181
58 52 2824
58 53 2721
58 54 603
58 55 2144
58 57 3230
58 59 1909
58 60 804
58 61 2413
58 62 1835
58 63 3840
58 64 1960
58 65 1872
58 66 737
58 67 2058
58 68 2943
58 69 4107
59 0 194
59 1 268
59 2 2115
59 3 2294
59 4 603
59 5 550
59 6 1394
59 8 537
59 10 4063
59 11 814
59 12 1031
59 13 1306
59 14 3046
59 16 1731
59 17 3171
59 18 1372
59 19 879
59 20 992
59 22 1373
59 23 2879
59 24 3689
59 25 1098
59 26 2216
59 27 778
59 28 2552
59 29 3637
59 30 2852
59 31 418
59 32 1624
59 33 2213
59 34 3350
59 35 4139
59 37 1049
59 38 1731
59 39 2573
59 40 2687
59 41 3441
59 43 545
59 44 304
59 46 2060
59 47 3169
59 48 724
59 50 4080
59 51 2827
59 52 2633
59 53 2959
59 54 3053
59 55 3880
59 56 1169
59 57 1218
59 58 3749
59 60 562
59 61 1021
59 62 2984
59 63 1614
59 65 1421
59 66 2526
59 67 1263
59 68 1861
59 69 1497
60 0 1875
60 1 3616
60 2 139
60 3 3819
60 4 3930
60 5 708
60 6 2729
60 8 2135
60 9 2787
60 10 253
60 11 1583
60 12 2130
60 14 2684
60 15 3694
60 16 1029
60 17 1459
60 18 2824
60 19 107
60 20 365
60 21 4149
60 22 3311
60 23 3187
60 24 3833
60 25 2872
60 26 1408
60 27 954
60 28 4101
60 29 293
60 30 2831
60 31 1194
60 32 3909
60 33 3560
60 34 1878
60 35 4327
60 37 4334
60 39 4175
60 41 1110
60 42 167
60 43 1600
60 44 1446
60 45 2440
60 46 89
60 47 3885
60 48 144
60 49 2271
60 50 744
60 52 3539
60 53 2627
60 54 2509
60 55 1532
60 56 576
60 57 466
60 58 2128
60 59 3285
60 61 3504
60 62 3404
60 63 3246
60 64 3622
60 65 141
60 66 3327
60 67 1344
60 68 1725
60 69 4171
61 0 738
61 1 2174
61 2 694
61 3 2130
61 4 2075
61 5 2175
61 6 2997
61 8 2703
61 9 3561
61 10 2211
61 11 3876
61 13 3322
61 14 4138
61 15 2650
61 16 3680
61 17 2997
61 19 1222
61 20 1599
61 21 3685
61 22 1574
61 23 3302
61 24 1735
61 25 2538
61 26 4145
61 27 3107
61 28 2638
61 29 392
61 30 648
61 31 4113
61 33 3435
61 34 3970
61 35 1835
61 37 514
61 39 743
61 40 2823
61 41 3551
61 42 767
61 43 2486
61 44 1807
61 45 1793
61 46 4185
61 47 2409
61 48 1209
61 49 3824
61 51 4138
61 53 2736
61 54 1497
61 55 3967
61 56 1969
61 57 2150
61 58 3578
61 59 4108
61 60 390
61 62 277
61 63 2555
61 64 1124
61 65 3581
61 66 3832
61 67 1082
61 68 3201
61 69 444
62 0 2802
62 1 1370
62 2 2953
62 4 1682
62 5 2339
62 6 2758
62 8 2387
62 9 3545
62 10 630
62 11 2154
62 12 3760
62 13 494
62 14 2598
62 15 1877
62 16 3781
62 17 2633
62 18 1400
62 19 847
62 20 1139
62 21 3094
62 22 2901
62 23 37
62 24 827
62 25 2261
62 26 1848
62 27 1181
62 28 1768
62 30 3195
62 32 232
62 33 2442
62 34 3990
62 35 1795
62 38 1562
62 39 4116
62 40 1296
62 41 1980
62 42 2172
62 43 1410
62 44 3536
62 45 4292
62 46 1365
62 47 975
62 48 3028
62 49 1888
62 51 3152
62 53 1662
62 54 3477
62 55 1691
62 56 342
62 57 3220
62 58 3627
62 59 2926
62 60 2876
62 61 145
62 63 3569
62 64 3957
62 65 1047
62 67 3873
62 69 2834
63 1 605
63 2 790
63 3 934
63 4 1609
63 5 1642
63 6 2230
63 8 2944
63 9 3493
63 10 2337
63 11 3761
63 12 1382
63 13 3414
63 14 311
63 16 4181
63 17 4295
63 18 3622
63 19 67
63 20 355
63 21 1439
63 22 1626
63 23 665
63 25 2994
63 26 3079
63 27 1965
63 28 3659
63 29 744
63 30 2166
63 31 2528
63 33 1697
63 34 1231
63 35 3471
63 37 3099
63 38 1699
63 39 342
63 40 4067
63 41 2609
63 42 1689
63 43 4031
63 44 648
63 46 1867
63 47 1135
63 48 2835
63 49 2436
63 50 3728
63 51 2032
63 52 696
63 53 259
63 54 2859
63 56 308
63 57 2153
63 58 2928
63 59 3474
63 60 1723
63 61 485
63 62 4279
63 64 122
63 65 1998
63 66 2481
63 67 2171
63 68 4258
63 69 438
64 0 3064
64 1 3177
64 2 3031
64 3 885
64 4 526
64 5 3074
64 6 2132
64 8 4342
64 9 1581
64 10 123
64 11 2744
64 13 312
64 14 3651
64 15 2464
64 16 1131
64 17 1004
64 18 199
64 19 2954
64 20 3435
64 21 2111
64 23 3577
64 24 485
64 25 653
64 26 199
64 27 3446
64 28 4237
64 29 2617
64 30 3152
64 32 735
64 33 115
64 34 1477
64 35 4208
64 37 4173
64 38 2432
64 39 2079
64 40 3712
64 41 1925
64 42 3597
64 43 3775
64 44 2593
64 45 80
64 46 3974
64 47 2741
64 48 2972
64 49 4137
64 50 3596
64 51 4322
64 52 1370
64 54 1677
64 55 1416
64 57 2321
64 58 3724
64 59 758
64 60 3525
64 61 3274
64 62 1225
64 63 2028
64 65 3907
64 66 4000
64 67 659
64 68 3137
64 69 1339
65 0 4221
65 1 2719
65 2 3855
65 3 30
65 4 585
65 5 40
65 6 2677
65 8 3241
65 9 2577
65 10 487
65 11 2363
65 12 4017
65 13 1151
65 14 527
65 15 962
65 16 1774
65 17 148
65 18 2524
65 19 347
65 20 2346
65 21 569
65 22 2925
65 23 1294
65 24 1904
65 25 4064
65 26 854
65 27 483
65 28 3498
65 29 1501
65 30 1488
65 31 4003
65 32 3939
65 33 1316
65 34 4299
65 35 2808
65 37 2468
65 39 2922
65 40 2635
65 42 776
65 43 1806
65 44 3358
65 45 25
65 47 1280
65 48 1251
65 50 294
65 51 3546
65 52 1131
65 53 1352
65 54 3397
65 55 165
65 56 2561
65 57 4083
65 58 471
65 59 3757
65 60 2354
65 61 3421
65 62 2853
65 63 882
65 64 2111
65 66 804
65 67 2050
65 68 2264
65 69 3618
66 0 2486
66 1 2746
66 3 4035
66 4 2467
66 6 1189
66 8 3369
66 9 2001
66 10 379
66 11 3581
66 12 4311
66 13 453
66 14 2947
66 15 3806
66 16 555
66 17 1973
66 18 764
66 19 3584
66 20 1075
66 21 743
66 22 975
66 23 2798
66 24 2455
66 25 3727
66 26 522
66 28 1063
66 29 3651
66 30 2759
66 31 3877
66 32 3733
66 34 2772
66 37 4017
66 38 3256
66 39 2993
66 40 1673
66 42 1108
66 43 2670
66 44 3434
66 45 1604
66 46 2917
66 47 3091
66 48 1935
66 49 2207
66 50 1275
66 51 1711
66 52 4226
66 53 4307
66 54 2895
66 55 1939
66 56 4216
66 57 506
66 58 4265
66 59 2298
66 60 2671
66 61 3636
66 62 3767
66 63 1778
66 64 1023
66 65 4342
66 67 3978
66 68 1132
66 69 1283
67 1 3472
67 2 4168
67 3 2904
67 4 1793
67 5 393
67 6 3226
67 9 1063
67 10 574
67 11 505
67 12 2073
67 13 4106
67 14 446
67 15 1451
67 16 2649
67 17 1607
67 19 1423
67 20 506
67 21 1263
67 22 441
67 23 764
67 24 3318
67 25 1774
67 26 3652
67 28 3792
67 29 2225
67 30 676
67 31 3695
67 32 2016
67 33 1020
67 34 1015
67 35 4049
67 37 3137
67 38 3792
67 40 259
67 43 1582
67 44 2995
67 45 2922
67 46 1386
67 47 2243
67 48 3919
67 49 1077
67 50 2361
67 51 3111
67 52 1069
67 53 2940
67 54 1661
67 56 2498
67 58 3047
67 59 970
67 61 2496
67 62 4238
67 63 2664
67 64 3028
67 65 2789
67 66 4067
67 68 1054
67 69 650
68 0 1440
68 3 348
68 4 378
68 5 1309
68 6 2787
68 8 265
68 10 3842
68 11 1651
68 12 1329
68 13 619
68 15 3055
68 16 2847
68 17 4135
68 18 1286
68 19 344
68 20 2878
68 21 3859
68 22 4009
68 23 1799
68 24 3846
68 25 1177
68 26 1878
68 27 1419
68 28 3615
68 29 1082
68 30 2387
68 31 3173
68 32 1191
68 33 4035
68 34 1447
68 35 1545
68 38 426
68 39 2041
68 40 3603
68 41 3061
68 42 589
68 44 992
68 46 4132
68 48 3843
68 49 1807
68 50 2448
68 51 2077
68 53 2818
68 54 4097
68 55 3544
68 56 3952
68 57 3914
68 58 1141
68 59 2388
68 60 3554
68 61 2600
68 62 2171
68 64 3866
68 65 1629
68 67 3176
68 69 2912
69 0 3861
69 1 3463
69 3 4090
69 4 3888
69 5 869
69 8 31
69 9 80
69 10 2458
69 11 952
69 12 4330
69 13 3223
69 14 159
69 15 3297
69 17 3597
69 18 1167
69 19 1018
69 20 367
69 21 1484
69 23 385
69 24 889
69 25 1434
69 26 3949
69 27 3049
69 28 359
69 29 416
69 30 1829
69 31 1000
69 32 3943
69 33 456
69 34 3199
69 35 1728
69 37 3767
69 38 2125
69 39 2195
69 40 4200
69 41 473
69 42 48
69 43 3747
69 44 1222
69 45 3020
69 46 4013
69 47 1608
69 48 142
69 49 1394
69 50 4106
69 52 125
69 53 4063
69 54 1600
69 55 2198
69 56 2872
69 57 2450
69 58 2052
69 59 1508
69 60 1355
69 61 3646
69 62 2592
69 63 2952
69 64 3904
69 65 469
69 66 3082
69 67 104
69 68 339
7 0 31
7 1 9
7 3 5
7 5 4
7 6 28
7 8 65
7 9 23
7 10 63
7 11 6
7 12 22
7 13 33
7 14 39
7 15 25
7 16 22
7 17 17
7 18 15
7 19 67
7 20 16
7 21 4
7 22 60
7 23 19
7 24 3
7 25 4
7 26 10
7 27 67
7 28 42
7 29 1
7 30 26
7 31 44
7 32 31
7 33 0
7 34 17
7 35 1
7 36 43
7 37 44
7 38 54
7 39 52
7 40 12
7 41 23
7 42 16
7 43 51
7 45 24
7 46 16
7 47 37
7 48 67
7 49 48
7 50 64
7 51 32
7 52 3
7 53 67
7 54 53
7 55 18
7 56 5
7 57 49
7 58 11
7 59 46
7 60 64
7 61 63
7 62 66
7 63 29
7 64 33
7 65 18
7 67 46
7 68 59
7 69 21
0 36 51
1 36 2
2 36 62
3 36 64
4 36 61
5 36 68
6 36 21
8 36 60
9 36 63
12 36 33
13 36 42
14 36 23
16 36 3
17 36 4
18 36 26
19 36 57
20 36 52
21 36 21
22 36 6
23 36 55
24 36 8
25 36 33
26 36 57
27 36 18
28 36 45
29 36 7
30 36 57
31 36 69
32 36 12
34 36 45
35 36 39
37 36 12
38 36 33
39 36 12
40 36 27
41 36 19
42 36 56
43 36 34
44 36 32
45 36 24
46 36 63
47 36 44
48 36 57
49 36 37
50 36 61
51 36 64
52 36 34
56 36 2
57 36 1
59 36 21
60 36 30
61 36 48
62 36 19
63 36 25
64 36 0
65 36 14
66 36 63
67 36 60
69 36 56
