31
34
19 46 987
28 20 450
14 50 675
17 45 648
54 52 417
15 0 213
59 1 745
59 38 646
15 35 514
49 26 929
4 42 11
58 5 413
24 22 487
44 40 537
48 28 1085
46 59 383
39 9 935
22 45 267
27 21 133
50 11 438
4 5 938
26 20 978
50 30 46
45 15 442
7 43 309
17 40 31
35 12 570
24 3 248
13 21 894
43 16 0
8 55 1243
4 29 1187
14 28 731
37 10 480
1 9 373
6 42 1009
43 57 83
50 59 416
41 23 104
30 0 367
13 47 47
27 13 331
51 0 323
49 23 86
33 46 622
24 2 97
6 37 956
40 49 506
18 20 158
38 29 392
30 16 250
47 41 283
4 35 412
39 45 291
13 10 1264
19 25 1128
6 49 515
10 1 382
49 36 1172
44 26 601
1 8 809
10 47 1124
11 8 533
0 51 621
59 35 20
4 37 558
33 58 1043
54 4 288
26 15 261
45 20 262
25 54 657
21 23 1052
23 43 86
7 32 280
49 38 487
32 1 1024
50 22 1067
58 38 289
23 45 295
32 50 178
38 24 1115
20 32 167
0 48 739
32 39 1134
24 53 383
11 5 72
0 16 584
42 24 450
1 2 190
57 9 727
32 24 98
43 12 55
18 27 570
42 6 366
39 41 786
38 49 1272
28 37 71
25 5 348
21 16 231
11 54 984
6 29 800
43 47 609
33 50 1070
26 47 921
32 18 264
22 46 338
45 24 1022
55 43 1189
3 15 1072
53 18 460
25 52 776
51 39 401
13 8 471
35 49 815
21 58 1169
56 41 1243
40 21 874
0 13 1186
33 57 1027
36 56 943
52 49 1255
54 18 864
45 53 874
11 14 956
54 55 425
7 15 831
19 21 168
46 42 880
39 49 953
2 25 891
7 22 270
14 13 970
26 52 631
7 1 452
9 36 381
46 5 1250
23 24 843
33 14 820
38 3 323
52 37 261
42 32 949
44 55 201
47 58 1092
25 0 473
9 50 561
59 19 437
0 25 515
52 21 1030
46 10 1146
44 0 266
26 32 1199
28 9 1059
3 42 753
26 23 646
40 52 60
43 0 263
59 24 763
38 15 660
30 27 597
23 12 1070
0 4 985
55 38 1248
27 22 1162
15 49 118
38 20 670
54 13 1179
41 19 1233
39 44 378
38 16 148
10 43 640
59 17 1092
46 29 1247
44 4 565
50 20 729
5 20 1055
35 45 646
52 41 259
45 26 230
54 9 389
26 14 334
16 2 371
55 32 732
35 56 113
7 35 1089
44 3 695
57 13 1280
49 4 741
11 23 627
7 3 285
27 42 937
45 54 966
50 41 1069
24 28 66
45 16 606
35 18 529
37 49 939
23 22 1061
29 17 381
57 49 798
0 50 500
44 13 249
55 5 201
23 44 55
23 59 488
33 11 706
3 54 619
12 32 447
32 23 1184
9 56 1217
13 53 222
29 27 627
25 22 1059
22 52 18
16 10 85
25 23 646
29 18 488
25 7 187
1 22 1028
39 19 425
30 46 338
48 7 607
9 28 1158
53 5 836
47 45 392
47 49 193
58 27 604
40 33 17
46 39 871
20 1 724
9 19 925
14 17 893
59 20 488
43 39 520
51 10 546
28 58 498
18 37 70
35 16 588
14 55 334
54 14 1031
2 52 299
14 54 911
6 24 747
48 45 469
37 21 1129
33 42 320
2 9 948
8 3 662
7 14 594
23 27 973
56 2 1230
50 27 1025
39 12 960
45 52 89
50 43 88
53 20 57
44 19 265
7 37 503
35 59 576
49 18 1114
43 35 672
41 55 907
3 26 777
40 9 1058
46 7 1236
15 58 219
7 12 171
1 56 1201
26 12 421
49 37 1154
20 56 1138
5 38 900
42 37 370
17 58 992
15 12 1280
59 21 198
57 33 514
33 41 651
21 36 41
14 15 773
16 20 1069
43 13 453
19 9 168
47 42 801
35 46 1277
56 13 813
24 55 935
6 14 78
8 49 903
3 48 1173
3 24 212
23 9 417
54 47 215
21 50 961
58 55 769
50 2 139
23 47 100
36 53 1000
4 45 148
1 14 525
16 48 652
46 57 697
33 54 512
27 39 645
6 5 800
7 25 710
25 44 73
56 51 1089
33 16 1248
17 41 165
13 23 730
15 32 944
17 21 854
50 54 587
39 43 69
5 42 55
44 56 949
43 9 294
53 54 546
13 49 663
37 17 283
10 58 885
8 36 296
14 39 414
54 30 717
58 17 628
7 18 410
24 36 1261
8 18 18
19 42 1216
26 29 710
29 20 697
44 12 543
23 37 1063
39 58 286
29 53 828
56 28 1135
48 22 524
52 9 932
6 48 854
17 13 1133
46 53 868
35 17 123
2 33 316
57 15 577
15 57 771
55 8 529
22 32 525
41 59 976
9 3 359
42 38 248
45 17 414
45 18 108
32 43 1246
3 20 117
37 58 1008
22 10 576
47 29 325
35 4 640
32 54 729
33 18 732
12 26 955
21 5 419
27 41 325
14 5 1146
54 10 264
25 30 1118
58 51 460
29 28 483
52 29 321
26 54 667
55 51 1272
26 8 1055
35 10 553
53 22 1056
52 55 1018
17 6 602
12 50 544
58 4 1194
40 56 50
2 50 310
21 14 126
28 19 541
14 10 408
53 33 759
16 36 760
20 49 951
26 4 971
1 17 517
4 20 135
25 35 523
22 2 482
0 44 231
37 44 541
33 56 348
17 39 1015
32 27 439
15 25 1117
10 59 1116
18 23 1066
35 44 290
25 45 1048
29 10 1080
8 5 120
15 18 498
30 35 940
28 6 993
42 52 318
15 16 750
37 5 313
5 55 245
11 13 863
0 10 120
50 12 50
42 9 888
28 54 692
13 28 0
37 22 93
56 18 82
41 49 536
18 49 361
22 53 260
29 21 3
55 53 945
38 12 583
36 11 227
19 16 583
41 9 425
3 14 580
26 46 125
15 2 7
46 36 667
13 54 187
28 53 274
6 8 371
53 16 375
14 33 564
15 44 265
53 8 1173
24 14 96
14 58 821
55 45 505
13 22 288
12 0 824
25 3 385
0 35 862
4 26 1124
59 30 867
8 23 1261
24 21 940
51 32 906
53 32 743
39 13 636
47 55 386
30 36 427
7 40 532
13 24 1222
3 19 579
58 8 690
46 38 1213
27 20 500
33 53 1073
5 12 656
30 48 1005
21 12 82
48 47 618
53 41 824
36 23 456
30 6 781
54 17 990
4 12 864
41 0 342
32 26 928
22 12 836
42 18 574
5 24 988
44 23 1082
7 28 397
18 52 484
12 39 79
12 30 219
20 14 199
15 43 1201
14 49 388
26 10 976
39 15 818
1 39 109
26 41 1130
15 21 39
44 33 829
6 3 55
55 17 341
23 50 667
54 6 817
57 42 767
4 53 158
13 57 1069
19 10 815
21 51 374
53 14 1165
24 32 1063
53 47 38
43 41 737
3 12 1089
17 8 136
37 20 331
56 30 826
53 58 625
4 25 987
14 35 1035
9 53 326
29 23 268
18 6 867
2 59 642
30 12 623
36 22 230
46 44 876
25 21 801
1 43 558
25 36 810
12 23 768
0 43 996
32 35 228
46 13 500
20 18 365
24 27 1081
23 52 444
38 54 448
14 18 805
56 10 1249
44 27 534
50 32 846
13 16 670
14 41 1031
12 40 986
41 28 1064
59 15 678
8 45 1027
32 13 1253
55 42 226
48 4 628
11 52 814
48 41 607
45 6 63
24 1 424
58 47 1129
24 16 310
56 19 12
20 33 189
46 55 1019
35 43 87
12 1 534
14 8 16
19 2 564
29 30 1023
58 33 235
48 32 686
26 21 307
15 8 483
24 38 953
15 38 182
40 18 443
43 32 377
57 44 574
33 49 1006
21 8 71
45 43 125
1 55 1056
19 33 229
58 49 1117
21 57 768
56 37 870
58 48 320
56 29 1213
41 6 1119
15 52 1046
44 24 1263
23 41 282
29 38 360
21 29 253
56 36 246
23 11 121
52 8 723
41 17 979
49 14 491
51 57 730
3 17 326
51 47 1000
35 32 456
17 3 1116
22 48 340
19 44 472
55 41 310
8 2 844
42 59 382
5 56 624
55 33 749
50 52 506
14 12 79
23 19 1084
47 30 802
29 16 983
26 55 910
20 38 520
12 33 1095
36 30 97
59 48 866
21 10 684
41 33 588
24 9 241
17 20 88
18 7 334
5 45 528
59 58 245
56 53 1198
3 33 1087
56 50 788
55 11 1202
30 45 1016
15 42 1098
2 32 273
43 48 1187
13 3 198
26 37 239
51 50 1152
29 0 349
17 35 657
8 32 251
53 56 1028
50 58 36
26 16 821
54 46 842
35 58 101
7 50 742
52 1 997
23 53 680
2 7 672
10 39 28
37 50 1083
58 59 15
32 14 979
41 43 372
48 9 128
1 46 290
50 18 386
52 17 826
54 20 42
32 36 58
53 59 1128
10 27 96
45 50 1123
13 30 566
26 59 238
41 40 634
26 53 67
50 9 694
24 15 317
35 40 1120
54 33 1216
58 26 508
2 57 731
23 30 258
30 47 542
20 42 344
54 48 377
10 26 727
55 3 771
42 12 233
10 50 245
59 26 319
28 56 559
23 57 976
20 26 852
48 46 1269
14 38 6
1 24 592
52 39 925
2 18 1026
1 25 204
23 28 659
32 56 869
41 4 613
6 59 1236
29 8 238
30 1 98
39 11 841
40 13 130
43 49 1256
27 45 631
27 14 684
53 2 360
10 52 520
46 28 349
0 47 1076
43 20 1093
35 51 803
55 52 372
48 8 81
47 46 1203
18 33 340
26 51 459
1 6 506
11 29 331
5 48 864
28 16 949
45 7 415
47 9 928
19 51 698
23 42 121
40 57 1027
7 21 420
1 13 975
36 38 641
14 36 279
46 22 1069
43 29 574
55 56 852
59 10 926
9 6 296
29 14 419
2 51 434
18 5 659
54 42 1065
49 57 1011
47 18 265
57 32 803
50 10 394
4 22 779
32 22 1158
30 52 309
19 28 1042
22 50 606
43 15 131
11 42 1037
41 11 1184
15 24 969
2 29 116
1 37 468
2 55 841
13 6 1144
28 59 1077
49 59 1089
48 43 149
23 5 729
52 19 1160
36 39 445
3 41 84
26 43 262
51 25 1271
12 11 871
45 27 135
36 12 141
0 26 626
41 32 577
38 2 476
52 14 190
46 50 388
38 8 747
25 4 111
0 59 418
14 27 615
6 0 39
32 59 452
46 8 704
40 47 1161
47 35 1033
18 40 141
4 6 34
25 33 1198
28 36 945
44 22 902
51 7 676
58 14 1001
12 14 200
29 24 136
23 15 779
19 49 556
37 46 1061
16 21 172
15 7 64
25 39 452
39 17 441
33 7 446
46 25 197
7 54 539
43 28 10
6 38 665
39 0 889
15 19 807
19 20 762
13 12 1002
56 20 711
21 18 511
9 30 729
20 52 198
18 58 603
44 16 596
56 14 843
39 40 52
28 26 53
43 53 372
9 42 175
39 50 667
43 33 769
16 37 966
50 19 179
59 45 828
44 17 897
14 43 525
55 7 1192
18 9 1213
57 56 1280
8 21 224
9 38 890
7 13 34
55 9 904
22 39 525
14 46 423
12 16 1042
35 8 587
11 26 0
1 28 872
39 48 319
51 15 895
46 47 442
10 42 868
26 24 758
41 48 1267
13 56 659
46 9 80
6 23 1050
43 38 324
36 45 578
16 6 162
59 28 638
56 4 830
56 45 917
39 56 668
55 48 1059
24 49 1013
56 5 1155
15 23 1165
5 40 769
5 2 544
0 52 1235
30 44 214
18 50 531
49 35 234
11 47 193
19 30 301
16 38 300
8 51 1205
44 48 931
26 40 715
33 32 549
27 54 1055
6 20 1141
28 24 277
24 8 635
52 57 787
38 33 34
46 27 708
26 11 757
22 56 1248
52 22 7
38 46 850
54 40 207
48 15 757
9 43 1134
54 50 124
6 47 968
5 50 785
29 1 746
17 47 104
3 49 725
10 38 698
19 36 274
48 36 880
33 21 901
41 36 702
4 15 838
16 45 288
5 21 5
7 47 604
50 40 849
23 0 1052
5 9 132
21 1 333
30 13 1049
6 10 9
54 41 168
21 4 274
0 14 763
11 45 890
41 44 865
11 3 141
59 53 916
30 15 279
27 26 50
43 52 88
9 48 221
1 54 705
43 1 527
8 53 218
50 6 1194
41 57 286
5 35 137
0 54 159
37 48 1051
23 16 68
1 36 1017
36 40 304
13 50 892
38 39 254
46 35 417
1 51 795
55 13 673
5 8 698
1 27 761
43 30 416
20 30 727
53 37 791
6 22 288
6 1 702
11 30 787
59 2 1070
1 3 1029
32 40 885
57 43 567
3 55 76
3 40 66
40 0 1115
40 37 193
37 29 1010
5 11 234
58 18 136
40 6 457
33 1 677
43 5 13
21 24 1011
47 27 63
20 3 1129
4 58 835
11 27 1101
38 40 1225
54 36 261
13 9 1181
22 16 346
8 7 904
42 19 851
37 25 617
2 35 986
30 38 779
4 10 230
50 1 236
18 21 463
35 38 1012
19 8 312
50 55 28
45 5 484
32 29 428
13 18 229
12 15 1107
57 8 941
57 37 534
42 49 816
32 16 1101
37 7 837
42 56 619
26 45 375
54 43 130
26 28 861
27 52 175
13 43 1253
24 42 285
28 25 693
12 24 1067
5 30 686
59 11 1139
15 46 500
8 22 214
24 37 440
5 4 1021
46 4 564
30 4 510
11 19 530
11 56 1003
51 40 1139
42 44 539
42 46 257
20 16 1008
14 23 998
37 19 431
37 9 706
18 54 139
51 36 1241
37 54 1197
27 9 1171
23 29 508
21 40 409
33 17 893
51 14 328
16 47 805
38 17 151
26 49 469
46 23 1013
2 46 303
44 10 1149
9 15 485
32 6 142
21 53 330
0 1 974
16 55 164
16 26 953
43 58 245
15 39 425
33 29 903
3 28 958
51 42 794
43 37 124
46 15 926
49 3 983
36 42 1152
9 41 201
55 57 788
11 53 759
50 24 378
27 16 652
25 28 102
53 19 244
45 39 774
48 14 194
1 52 1052
18 32 538
12 47 783
20 29 1134
29 59 477
1 21 375
53 29 1232
59 27 317
46 45 228
37 24 478
36 13 201
36 2 717
3 39 444
14 52 1188
20 24 105
43 3 1247
4 28 300
23 39 399
37 0 495
44 35 475
28 18 81
7 17 132
20 45 790
42 1 1171
33 5 184
28 32 969
10 48 816
7 41 1043
55 19 364
7 48 475
36 25 592
13 0 123
46 12 306
25 56 170
20 44 994
33 48 410
44 15 1171
45 42 506
58 3 1277
0 21 1232
6 17 106
17 54 1246
7 8 630
24 44 148
45 41 1120
28 21 1074
12 43 203
57 53 996
8 1 571
10 17 479
51 19 741
50 25 1005
54 26 1053
9 14 275
40 29 855
7 49 146
8 4 546
16 50 822
17 1 708
40 45 150
40 59 975
43 8 1135
5 16 121
18 16 25
42 23 1278
40 28 1276
42 16 991
17 55 1146
40 4 77
36 46 953
44 7 909
54 25 1127
46 21 334
24 41 592
38 25 226
11 22 542
53 45 1167
22 49 581
59 50 539
16 35 360
33 4 1105
16 15 389
10 18 724
58 53 27
50 26 1143
26 3 748
40 16 245
22 37 749
7 42 541
27 57 583
42 25 885
18 14 524
47 0 181
33 39 761
19 5 29
32 20 679
49 6 370
46 51 1121
28 52 59
4 17 1054
4 55 583
29 51 4
13 7 149
39 28 1208
52 35 64
52 15 73
44 30 606
4 51 1162
55 18 1123
7 53 1016
55 6 950
32 58 839
28 50 946
7 44 305
48 49 211
24 20 159
11 0 271
15 54 1055
19 59 298
2 5 214
57 1 188
35 39 358
32 48 1092
30 24 809
17 51 1095
21 26 479
42 15 679
19 45 245
50 16 338
8 6 709
2 48 1150
18 46 157
29 4 1149
17 36 1218
12 58 181
54 24 516
0 28 754
16 28 388
52 23 1164
49 10 1124
47 11 1190
1 0 335
51 30 3
25 49 373
18 24 347
12 35 80
14 16 1269
10 2 745
2 47 1122
37 27 865
2 13 937
51 52 906
36 47 1071
22 24 326
36 54 272
57 7 302
9 22 1069
1 38 466
2 56 297
4 13 378
2 16 985
3 16 610
59 54 875
58 16 530
13 5 200
18 13 1131
3 44 937
45 44 93
50 8 1265
16 19 880
51 58 622
10 4 838
5 51 1139
22 44 8
36 55 48
22 47 1222
13 48 38
41 51 965
22 54 466
47 59 232
31 27 48
31 16 5
31 54 11
31 45 38
31 17 55
31 47 16
31 20 38
31 51 38
31 34 56
31 44 5
31 19 7
31 21 19
31 52 47
31 41 49
31 35 45
31 13 9
0 34 33
3 34 6
4 34 16
8 34 46
9 34 39
12 34 3
19 34 1
21 34 33
28 34 26
29 34 12
33 34 41
37 34 49
40 34 44
42 34 2
44 34 48
47 34 18
52 34 14
56 34 21
57 34 49
