138
60
160 172 575
186 199 5099
148 127 1348
70 84 1479
167 5 2719
26 72 5250
174 14 5324
41 190 223
69 89 5514
164 47 2718
112 122 1378
157 181 5830
165 189 2531
193 105 4920
27 88 2695
1 88 22
145 16 3568
9 76 5963
51 65 5839
96 45 808
95 125 53
73 39 3160
62 54 3803
140 170 1339
75 126 1232
95 167 3942
123 114 3182
20 12 1953
71 0 1460
90 158 607
49 144 3940
20 75 1783
190 199 1651
127 167 1183
53 197 1712
50 4 774
153 61 4942
40 191 4027
50 35 2336
98 169 591
175 179 4571
74 118 4883
79 36 5597
150 147 1271
120 187 5787
75 142 5354
20 110 62
185 170 5876
11 103 4176
131 133 2878
36 90 767
129 161 1083
82 0 4115
0 85 6025
48 90 5801
190 130 2684
91 142 2609
193 184 2151
64 175 1860
129 106 5922
69 141 1384
142 87 443
55 56 4500
113 52 4691
32 91 4596
179 13 302
159 180 5681
136 199 484
11 123 3024
45 155 5771
115 20 957
17 7 2192
66 63 217
12 105 412
190 143 3341
95 149 2442
91 47 5292
74 188 436
137 27 4920
6 43 1158
196 44 2561
140 144 1829
112 155 2594
4 47 2114
146 133 347
85 81 3083
39 30 2213
187 103 4073
99 100 513
164 73 1109
82 86 4626
57 87 4691
191 160 3816
52 92 759
132 27 3777
17 178 2072
90 182 1827
20 76 1729
21 93 4908
185 181 170
13 64 3787
110 66 3403
55 51 3615
164 9 162
189 166 5412
47 100 512
148 150 1145
197 54 1043
128 131 1589
120 37 3816
122 164 2420
121 123 3008
41 129 3209
48 81 1013
146 109 2170
38 110 4210
49 176 4694
83 162 2730
136 93 4723
122 81 928
119 146 4904
73 135 5317
43 44 755
24 188 987
163 25 3300
173 51 388
130 87 4641
24 168 3108
86 24 1799
196 151 1265
152 54 5180
178 64 836
144 162 2305
19 122 5881
173 81 5645
34 145 71
83 94 5086
181 69 2481
105 62 1274
2 30 108
22 64 415
193 121 3171
182 144 4383
17 22 2255
119 99 4557
107 77 1257
120 168 4125
56 41 5158
112 40 3131
152 128 1626
144 176 3729
103 192 1605
199 50 3076
80 73 5362
119 107 3159
197 1 3931
185 51 3620
42 54 222
89 194 1877
105 48 5395
189 30 2696
15 165 2692
35 34 1242
0 131 4360
146 9 5356
162 153 5417
165 42 5884
112 189 638
184 115 2468
126 72 985
1 121 5910
140 3 5568
154 73 4206
23 45 1579
99 95 114
193 89 2090
101 165 1127
94 91 617
45 120 1674
91 172 1566
10 131 1220
2 192 3329
124 166 4065
134 160 5862
111 114 3551
21 55 261
135 168 3994
104 127 2749
109 137 2350
172 113 226
136 15 5070
45 6 2452
141 169 4076
128 64 4114
72 27 164
100 166 967
89 106 657
80 173 183
179 127 2571
8 56 5737
49 2 3205
135 125 4693
85 53 101
8 185 5622
59 118 759
76 194 2289
29 195 1894
199 164 3222
131 140 4814
119 51 5931
113 190 5721
111 6 791
132 54 5074
57 10 5155
190 78 5094
170 109 455
39 23 3304
39 72 1955
38 111 2756
126 38 1981
192 58 1370
117 82 2295
188 77 3926
95 13 1616
94 134 4147
35 102 3626
40 91 942
98 49 1897
31 176 397
188 48 1418
180 102 847
86 174 2327
98 97 2573
39 133 4516
160 183 2380
142 65 4658
13 135 116
140 155 1562
184 4 4355
31 133 75
111 15 443
145 106 5999
175 18 5481
117 48 2706
155 73 1715
83 6 5713
35 61 3877
89 11 4292
6 102 1931
80 78 669
154 129 5595
24 172 5996
182 65 3785
197 53 5992
53 85 1717
104 35 683
171 20 5135
5 77 5562
79 156 1725
18 185 5429
95 132 5459
122 162 2697
23 82 1264
28 65 1531
30 161 1389
19 166 305
7 110 2887
83 169 5035
49 102 3449
125 143 2916
63 126 851
158 131 3753
18 94 616
192 31 430
146 122 4710
165 68 3511
151 170 5461
186 112 5559
128 161 1292
198 51 4294
180 111 4108
135 115 308
177 193 1124
80 92 1744
183 88 5719
107 64 949
86 126 4008
181 111 3877
100 193 4359
72 127 2708
128 85 1967
23 129 445
144 184 1934
17 116 4068
75 42 1356
27 16 78
162 26 3313
89 51 988
111 172 2038
125 128 5434
182 98 2353
113 26 4244
181 157 5372
131 7 126
59 35 1041
173 189 4144
56 76 2174
81 1 637
157 145 451
38 95 719
180 150 4327
1 150 3159
19 144 5056
47 141 244
96 119 3093
52 82 4810
166 133 1035
152 186 3810
155 164 1917
180 74 363
152 48 3923
129 197 4950
130 6 3351
142 151 5386
36 156 4887
184 20 5610
126 20 5621
190 140 4053
56 29 5693
156 87 5725
153 6 4866
36 103 138
43 49 2285
57 14 5348
7 152 1151
17 73 1475
9 81 1647
9 191 2927
187 75 2098
45 11 5461
146 65 2538
85 4 793
197 16 174
105 44 1970
170 154 2838
128 140 1117
135 128 3557
10 96 4555
154 16 1876
175 116 5491
171 24 1812
135 144 3776
36 174 567
33 92 781
4 87 2536
161 156 18
76 165 1595
121 75 3104
65 174 1336
41 112 3864
129 72 1490
154 26 2450
187 42 5777
1 80 4067
156 95 3191
139 118 5821
40 105 5166
91 97 4812
5 154 1280
64 128 5999
187 69 4595
81 94 245
159 88 1514
178 136 5617
69 38 5695
160 28 4921
18 124 575
41 89 1807
52 65 1812
163 171 2698
50 155 2413
102 87 3934
123 43 2195
37 86 3391
175 108 3829
169 120 1376
116 181 4265
115 116 3775
38 191 29
185 103 1489
46 57 5294
184 130 2564
116 83 5381
68 187 4975
161 91 5963
41 50 975
8 166 852
31 196 797
70 145 3699
172 137 502
33 125 5135
92 154 1384
92 16 4965
1 67 2704
37 119 1461
178 198 137
95 8 5317
31 121 5078
64 168 4615
86 143 2553
16 84 2046
197 195 4187
174 105 2700
84 101 3086
147 38 1996
158 81 2198
66 159 5854
38 37 1807
159 102 926
115 118 5371
107 78 2027
114 142 3973
165 135 5613
100 83 545
5 164 5224
199 14 2780
54 194 3730
87 58 1855
74 35 3071
166 131 3269
112 152 1974
32 187 4003
79 177 941
188 15 2900
64 179 5414
38 96 3666
135 59 976
27 179 3026
117 183 507
114 30 6018
168 8 4248
76 189 5995
141 25 3111
67 76 2780
196 166 2485
80 182 1244
193 177 5402
74 54 2961
108 48 2845
165 130 5112
165 191 4882
85 88 4075
49 50 5078
31 56 4857
75 158 1227
106 85 4839
125 158 5118
187 3 3032
119 117 3076
61 130 3411
35 195 1991
113 82 1049
197 94 2745
143 67 4350
179 175 708
175 192 3679
107 127 3150
151 136 3508
136 148 3287
72 47 4676
1 144 2285
10 112 3420
127 88 3603
174 157 4887
176 148 2526
74 170 5404
3 159 2101
157 112 1910
18 125 2872
117 189 355
65 115 3092
118 9 5714
109 159 1099
11 179 2565
80 156 3492
69 58 4929
38 136 5351
120 123 2033
178 8 14
130 45 214
149 42 3069
78 185 3582
51 146 2903
93 107 985
71 124 4690
103 151 4274
28 186 5666
166 169 4566
135 181 1725
131 32 1437
121 105 5247
106 182 5186
61 121 5988
153 20 392
1 182 3883
18 70 2705
127 174 215
15 70 2683
158 44 1082
111 168 1312
140 167 2773
185 188 2319
198 65 5761
185 184 5688
137 113 5594
47 172 1555
191 38 1443
45 107 2705
35 6 2680
34 67 2356
178 181 5847
41 74 1124
147 177 1016
73 26 2522
50 66 1971
148 76 1545
11 162 1792
178 3 5869
52 64 6008
37 199 3075
190 124 1220
156 10 3203
174 98 4817
47 149 3605
134 191 4391
114 161 5519
69 162 2493
129 179 1142
0 142 4738
27 35 328
149 95 38
173 114 4255
193 149 5368
53 120 3949
121 169 1388
117 56 1020
187 30 5800
70 135 5459
0 75 3297
74 79 5203
165 122 5795
90 47 5895
86 3 2409
146 161 1680
157 104 2294
156 119 2319
170 82 3570
86 127 2843
180 9 1818
83 42 4420
112 164 5239
66 52 3683
15 3 1378
105 164 3606
197 137 5525
147 32 4670
179 105 2057
101 168 3426
126 15 1878
11 182 6005
196 118 2743
82 37 4142
100 112 5020
50 99 3802
148 118 1128
76 112 3433
115 72 2386
58 78 5944
110 34 5506
5 30 4714
168 100 1
90 1 2448
1 8 3249
137 23 5242
66 41 2389
69 49 478
90 25 2401
119 85 5995
140 39 4012
157 47 1020
9 97 925
192 108 5617
141 19 5731
50 59 347
86 9 1404
86 41 440
159 199 2703
122 150 5563
137 131 2493
189 28 1966
103 170 895
84 124 2251
31 149 1101
83 189 4894
51 195 1736
97 80 4796
10 48 4825
87 132 181
127 126 4713
76 73 604
12 178 2438
111 191 4662
54 161 232
142 83 5105
6 15 2270
0 35 1958
85 11 2342
183 126 5535
31 28 1878
143 167 1692
132 131 4410
15 131 825
96 6 507
161 2 2213
135 51 1708
92 123 4325
47 140 1838
11 53 6011
31 81 3072
189 45 1072
103 114 5324
151 127 2736
169 140 1941
179 193 3660
144 64 2836
149 125 2173
59 144 288
151 122 1569
160 14 1421
113 72 2962
15 159 2403
192 162 920
69 117 2976
165 43 320
137 173 1652
118 183 3465
82 89 4446
194 155 2429
153 115 4586
154 48 3324
51 15 64
19 2 5078
141 72 2316
116 61 2822
112 38 2602
159 20 2576
139 14 2082
91 197 1142
41 26 4597
152 118 3643
59 187 631
61 178 195
173 135 1709
133 50 4029
157 113 5543
55 153 5381
136 119 1469
141 90 1548
28 183 4870
174 32 1469
47 180 735
135 36 444
51 79 1465
32 107 412
77 192 2131
73 44 1434
185 86 3887
37 64 1246
31 193 84
184 55 2262
49 37 3015
21 118 2191
166 192 2525
5 21 4623
97 92 1769
136 73 4428
0 11 1097
125 197 5558
158 68 3991
107 171 3357
16 28 3353
95 18 2203
188 24 3145
157 18 140
147 105 4525
187 118 3398
48 126 1700
150 37 3686
114 20 1566
158 185 5898
8 132 3025
23 90 1278
2 137 2330
196 107 4751
11 116 1263
15 90 2945
123 102 600
191 193 3756
176 190 873
116 175 2680
8 99 3221
10 113 5863
183 196 2835
142 162 1170
163 127 355
38 154 2805
67 117 1563
172 110 2266
119 95 5370
38 12 5976
109 134 565
111 133 832
163 4 348
78 184 1651
134 81 3441
187 7 2275
110 132 4324
3 126 5110
69 61 2776
124 119 246
116 144 4154
189 94 4380
27 7 1675
169 155 1424
104 169 3299
174 47 3093
139 91 4757
112 198 5696
165 4 656
178 164 5129
88 69 3208
117 152 5133
76 91 2085
197 15 698
66 139 757
199 140 109
62 128 4769
71 182 3586
102 2 3815
179 151 5564
75 164 4866
145 149 2893
192 110 3353
162 16 3071
99 178 2415
18 48 710
80 54 5629
70 172 4524
120 100 3825
192 5 4336
186 135 4775
30 168 579
30 142 660
21 29 2590
192 111 802
147 41 1350
37 16 5699
4 16 2263
66 87 1271
82 17 2125
156 159 4549
65 47 6012
171 178 3579
153 90 4820
113 55 4214
23 98 2038
127 3 1912
173 76 5975
87 142 2511
61 108 824
199 153 2001
91 113 5525
120 82 1625
10 117 2810
171 194 1239
22 166 4373
61 9 3259
44 136 5110
130 166 5890
97 108 3775
5 116 2634
67 155 3718
54 126 5852
101 110 3497
173 156 3713
139 62 5532
171 148 4059
30 88 6028
149 14 3409
158 70 4576
109 140 4620
33 29 1484
114 123 2508
190 84 2583
31 132 5515
191 19 1650
112 199 5248
174 73 28
120 91 4415
47 16 3712
153 81 36
13 33 2473
198 52 4296
121 61 1417
132 127 5610
54 76 2811
35 116 4107
139 161 5086
167 173 1117
87 156 671
117 23 2484
152 2 3980
153 160 3076
110 91 847
186 176 5155
46 154 137
3 33 502
168 4 251
127 86 1898
179 75 4087
140 6 890
43 144 5156
187 185 4054
104 117 1089
121 108 3722
185 23 5854
189 65 3875
140 189 1037
73 17 1388
158 72 2167
108 96 3006
16 42 5165
106 14 3614
103 64 2631
167 115 4082
70 38 5865
33 171 2670
22 113 4621
70 63 5075
45 179 3597
160 12 5248
192 153 3380
56 22 3952
182 196 5237
147 114 5995
89 72 1363
179 41 944
148 80 645
80 43 1547
15 95 3995
66 95 4562
111 143 2007
195 117 4902
72 109 1688
166 31 3547
17 197 3361
102 69 1451
142 37 1923
75 179 963
69 116 1162
147 43 3619
74 49 5319
188 97 2308
10 40 1728
67 191 5008
168 1 5465
137 32 3509
75 41 5358
5 42 2118
184 89 4964
85 132 4911
195 185 3563
133 110 194
159 58 5074
137 87 2538
155 106 2010
104 79 5676
139 157 3901
121 8 2109
166 68 3606
141 146 2660
145 26 1897
135 130 1388
107 198 4485
128 7 5626
73 152 3011
144 154 1958
14 50 4884
140 149 360
122 96 3225
172 116 4177
97 9 3678
187 98 1909
40 72 5157
74 51 1899
49 127 1190
22 105 1646
75 178 3738
151 134 3829
69 82 5038
171 161 4486
187 41 3950
107 105 3230
4 149 2430
102 145 1401
65 144 5609
23 146 5345
122 120 4397
198 123 2146
14 52 4141
50 142 4623
3 146 2889
72 152 3885
130 149 5538
116 195 1667
1 18 3276
140 94 5218
37 140 3957
25 195 2250
69 124 2587
177 70 3904
32 112 1242
72 184 5525
68 55 5857
169 130 4015
178 118 5849
68 176 153
101 134 5813
148 119 4589
95 16 1686
78 21 3062
80 19 3001
115 3 871
5 136 198
74 165 906
159 162 348
168 79 321
53 10 3422
175 162 461
125 161 3642
17 26 1844
113 65 444
122 77 3890
19 160 37
0 10 5062
20 139 2263
111 166 3701
71 97 133
126 96 5574
157 109 522
11 126 3381
67 94 2230
7 22 5447
16 90 3337
36 95 357
141 148 189
153 79 5133
173 34 3355
107 187 1637
75 81 1345
44 182 5517
31 26 5889
74 150 5970
146 90 1752
66 199 1153
112 177 0
101 53 982
17 112 4374
180 48 696
179 114 3392
114 65 921
54 85 3757
103 74 5304
24 136 5762
12 149 4709
165 140 2878
109 147 1048
103 32 385
95 5 796
150 153 4959
45 128 2544
176 43 616
78 199 5676
135 131 3254
196 100 4561
148 88 1911
96 9 5777
88 3 3653
92 142 763
191 98 4232
181 115 4392
146 66 1687
90 118 5446
22 14 4738
151 5 3595
41 72 5460
54 39 1575
93 105 876
98 62 5693
131 127 2709
73 199 4895
122 184 4279
76 66 4401
98 68 2349
74 66 312
62 41 2962
28 144 3505
152 135 1046
174 96 3329
82 92 4405
57 117 3529
20 57 3150
112 61 2340
48 188 5543
65 74 243
102 12 3870
155 2 5737
139 100 1569
85 28 3012
36 198 1500
37 22 716
144 73 3210
40 75 3067
53 182 655
76 30 99
156 185 377
76 180 4538
86 21 3345
190 154 2821
86 46 5026
59 114 5390
172 153 4093
129 33 3225
112 48 594
116 2 5848
80 189 118
154 164 375
185 74 4951
30 61 1976
153 30 1453
167 191 4284
36 105 1033
6 174 2170
16 176 3769
17 94 4991
30 22 5301
30 25 241
19 150 1085
92 19 3264
112 136 659
76 0 3448
173 3 3262
25 103 5626
54 132 5197
18 182 474
179 183 5336
14 41 5403
36 45 4197
179 148 3034
62 105 2954
184 154 4103
111 196 4568
170 131 3008
169 171 3296
175 10 1718
87 36 1271
99 105 4211
104 72 1757
34 127 4033
66 22 3176
191 34 2235
163 124 167
34 139 1414
168 186 5673
37 83 3935
39 134 5207
193 97 5791
114 105 1454
44 9 314
78 45 3937
47 82 312
71 94 4866
53 40 4579
109 107 1789
124 101 5544
103 140 3160
94 13 4553
83 11 692
184 113 4079
196 105 1251
195 86 1492
8 25 5571
153 77 2398
110 128 1566
119 149 141
63 102 3336
187 37 5625
25 39 4248
134 99 4431
54 94 3032
47 102 3761
135 152 5780
46 139 473
8 179 471
173 80 2608
41 30 2377
109 199 5230
105 5 4948
40 84 1069
59 170 2863
21 72 2960
6 113 466
88 110 5587
124 128 2294
23 15 640
58 17 2937
90 107 993
114 33 1892
113 103 4550
93 90 4554
32 142 3039
135 142 298
180 151 5914
24 171 2419
49 153 2873
84 92 4437
27 170 1965
65 117 1065
37 196 786
176 158 923
91 44 5327
163 121 19
102 190 712
33 129 5075
85 147 1837
37 190 119
160 117 5862
123 112 4881
196 98 1038
18 31 1705
130 161 4156
167 109 1947
19 88 4622
103 162 4437
94 117 5472
42 29 4714
181 156 3624
27 109 3894
99 165 5348
119 187 2413
118 99 1726
50 37 839
11 197 2323
196 141 158
67 68 1052
195 180 4304
42 159 3793
64 107 3940
10 23 713
140 24 2041
7 12 2756
153 167 104
14 114 4083
20 122 5235
88 63 5685
178 192 2175
50 195 3269
64 37 1145
111 13 112
2 166 2117
129 57 5528
127 84 3561
193 115 2531
33 12 3907
42 120 1573
94 132 3045
78 58 5236
20 189 5104
144 87 2974
145 61 2620
36 62 1594
1 61 5955
62 142 2802
122 34 2177
119 142 5976
32 20 142
22 194 2414
1 107 5958
49 143 3797
131 194 2348
50 61 1251
119 0 124
149 35 5634
6 176 2276
182 143 4083
41 152 1148
39 80 90
33 119 2003
184 16 3627
9 168 2732
53 176 2854
26 79 5632
159 25 3087
84 122 1234
111 150 2262
96 87 3112
27 74 301
181 94 2714
137 114 5656
23 142 1624
78 15 5996
37 3 2242
152 69 250
125 65 682
149 17 328
82 14 1758
126 5 2220
57 26 2992
161 20 1877
103 86 2763
101 92 1560
64 108 217
50 73 3169
110 150 5037
147 5 712
175 100 3094
156 42 2134
156 99 6027
81 69 2575
132 16 1178
78 192 128
49 160 5591
173 91 5513
127 142 3715
19 161 4444
172 154 2625
96 71 4481
31 14 1613
110 23 2613
123 187 2693
192 40 3011
131 124 5266
121 97 1154
153 169 1595
160 17 526
96 117 2340
87 141 4570
194 104 4962
179 48 3236
41 17 942
10 20 2021
131 100 2308
190 55 5608
104 113 2821
169 55 5318
76 121 4095
194 172 5148
64 180 1971
116 62 3219
39 31 5939
172 23 1726
152 133 3198
41 31 2859
157 111 5209
118 77 3277
43 155 2790
36 131 3329
80 87 4626
71 135 4037
102 55 2731
87 62 2991
70 87 2725
90 124 2182
11 13 4454
81 8 2519
11 165 182
40 179 4876
36 179 791
49 128 4240
36 73 384
185 13 3159
147 103 5306
31 155 2870
128 122 1357
99 112 2500
194 55 2669
4 177 1702
24 161 931
38 146 2005
64 39 5273
159 23 4355
129 146 2166
115 23 1360
3 72 5669
48 82 2523
64 83 2297
196 183 2193
112 106 4317
172 30 3610
120 176 3427
21 46 2736
131 112 3853
195 55 2013
15 103 1226
80 129 429
24 79 5907
41 104 3493
14 194 4804
39 121 999
67 55 2807
187 105 3651
10 163 474
90 69 1472
21 122 5702
102 176 1570
110 42 1872
16 64 2164
1 93 5146
161 188 4134
13 163 3234
163 119 4711
177 58 312
117 29 2613
65 176 4129
101 130 4789
119 45 2235
169 53 4131
88 66 2555
149 2 2669
97 13 195
134 197 417
149 186 5627
33 47 3557
116 92 1366
73 92 3386
196 43 5457
9 127 3469
199 66 2900
125 20 3981
169 56 778
16 13 5427
150 100 3015
152 93 5525
34 115 5291
41 18 2255
70 11 4176
34 77 4070
66 43 1199
67 54 3517
80 10 26
131 154 4785
18 42 3619
128 35 4269
167 103 4076
187 64 2980
100 28 1367
13 188 4222
186 158 2727
184 71 2719
69 153 4399
15 34 5201
193 144 2416
177 84 2014
82 97 1352
95 114 5008
17 72 4853
180 20 4073
41 44 430
88 67 2738
56 152 1640
67 28 1370
41 34 3967
59 151 1635
122 144 732
156 85 1239
44 137 0
140 128 951
63 72 4438
77 42 2674
149 193 2191
163 194 1123
160 0 334
39 183 3562
111 0 3583
142 66 1564
139 101 2824
152 144 302
29 147 4984
190 145 2716
164 65 1931
192 177 5578
171 196 310
177 11 3451
9 47 325
31 29 2388
156 186 4856
141 178 4010
94 7 1837
144 137 5430
33 17 4721
39 27 4282
76 54 5723
68 122 4374
193 174 2284
133 49 4733
177 0 5637
174 145 1049
64 38 4433
144 69 1570
51 33 5137
14 12 4077
11 174 2144
3 196 2967
189 186 498
166 65 2631
103 1 3997
51 71 1497
83 5 3584
162 19 2708
147 69 2953
12 195 3604
124 193 2995
14 126 5522
157 153 3620
180 82 4674
189 31 5718
58 22 5789
65 17 4554
61 59 772
170 8 1860
31 0 5607
88 52 2753
84 149 1181
78 100 4844
97 74 1189
49 131 1275
181 162 460
181 66 2751
147 131 3447
130 193 906
56 148 3375
40 161 1756
95 93 2705
155 183 4928
3 120 2984
140 79 2351
183 77 2978
71 191 1427
3 170 4794
102 54 5826
57 121 567
4 57 1924
28 41 1579
128 193 2263
192 179 633
183 100 2416
110 29 387
146 116 1865
79 19 2510
105 177 4286
16 15 2425
58 52 6007
21 155 4795
109 136 2995
80 26 5857
149 199 649
140 145 5955
33 70 2339
166 92 2624
148 35 3535
133 14 4429
47 134 3589
113 6 1982
2 165 2498
72 187 1273
101 25 5898
128 146 3386
171 28 4565
76 14 5970
194 193 4440
87 181 291
30 48 5667
120 184 898
162 140 2369
78 197 3098
140 74 1506
51 168 5683
37 132 3429
62 101 3437
186 154 278
10 166 4372
43 56 5646
160 178 1028
82 39 5823
75 85 1694
99 69 1008
135 10 2096
151 159 3415
66 36 2588
28 170 5535
87 196 5828
62 187 3087
104 143 821
38 124 5703
187 40 1597
34 176 1529
108 184 1766
110 175 2277
103 152 680
48 42 2960
75 1 1249
23 56 3828
93 179 497
184 23 4305
19 43 1114
169 133 1754
55 127 713
101 125 133
93 153 3887
106 56 4381
95 32 4801
87 148 5305
113 23 1854
189 158 5643
100 97 3257
181 112 2086
118 47 5402
85 10 3297
46 33 3306
175 186 3666
67 147 4216
126 47 5086
70 126 4213
187 136 5717
173 96 2686
123 129 4759
113 13 607
12 1 106
34 49 4715
11 140 3063
68 4 3778
8 102 86
21 105 5511
145 142 3677
35 58 596
128 16 1853
191 130 2612
126 70 1214
122 9 4603
195 134 3574
14 77 5425
105 126 1338
107 184 1495
173 48 2763
48 179 1422
74 140 193
13 130 2478
148 97 839
79 114 3455
125 71 1012
149 104 685
9 150 3527
18 20 4856
195 196 2367
173 21 2041
78 36 1598
4 70 578
88 10 4413
142 50 5323
49 178 3053
142 160 5946
130 0 4115
169 61 3274
2 102 2929
113 4 4425
191 179 3805
71 145 595
88 38 1030
157 91 4944
73 14 4762
56 84 796
156 126 4824
59 17 2100
11 67 3929
141 152 1950
116 50 3106
152 86 3422
163 79 3435
160 182 258
106 198 4187
183 3 4863
167 163 2855
115 123 1630
18 131 3860
1 118 2291
118 151 3997
114 91 3459
74 26 1475
151 160 345
171 155 5266
75 133 2690
3 92 1001
128 41 866
184 8 3788
141 82 393
162 181 3151
84 188 3779
3 14 2984
62 183 2694
142 55 1439
98 191 1784
124 165 1322
162 73 2188
174 110 2476
78 93 2522
115 166 4097
181 59 3970
125 28 2418
26 146 5623
100 10 2065
120 135 2317
113 133 1396
156 164 4692
152 98 4866
189 120 3631
187 49 1559
96 48 3709
91 2 326
191 121 507
34 128 2364
65 10 1607
196 139 880
121 39 4293
121 140 3448
147 58 1394
171 122 5550
94 79 186
23 160 512
18 29 1615
195 28 3141
88 160 620
139 58 5211
39 62 4715
103 194 702
40 153 3495
174 186 2192
71 180 1198
132 75 1975
129 190 5007
68 23 4864
13 85 3888
179 35 5030
182 76 3009
49 16 2510
51 175 961
128 127 1923
92 116 2398
140 59 5860
45 82 157
158 66 3712
121 101 1215
81 7 51
163 134 2218
44 100 4690
124 195 1115
32 35 115
45 140 3770
12 131 4840
165 51 2464
84 99 134
88 87 1531
43 97 3322
90 137 4588
67 153 384
109 126 5676
26 180 2423
111 160 3744
94 142 4803
190 165 2353
157 62 2290
9 25 4677
33 118 244
151 154 5246
22 26 731
23 71 5689
186 14 3611
129 192 3730
196 144 196
183 112 3257
168 7 2366
28 73 3845
193 128 1114
95 150 2432
100 144 4192
7 63 5632
73 190 3466
179 11 2617
198 156 2647
95 17 3509
38 81 5707
82 131 606
136 101 734
110 64 1545
197 128 3157
154 96 3281
151 128 5618
122 17 1882
107 173 3405
29 139 417
180 81 3491
3 64 1784
49 121 1405
195 36 5578
124 192 4754
63 104 5938
74 103 2200
162 103 2748
153 72 520
14 166 4311
124 91 4483
124 123 4894
48 41 3238
37 183 5266
110 137 2414
111 163 3325
105 109 488
188 140 2759
129 132 5611
62 112 3872
18 47 286
110 171 3856
5 156 4365
161 119 5182
152 157 1311
142 70 3522
180 66 298
37 145 998
10 86 3730
88 195 2719
95 178 697
35 89 3753
62 191 2667
67 78 4182
178 149 2697
171 157 1965
74 148 2162
118 127 2306
19 82 3917
31 190 5041
14 135 5246
146 189 2808
142 130 1884
184 134 5280
96 194 2082
28 135 4471
136 10 3655
154 149 2590
190 197 4577
47 155 420
9 94 2055
163 63 5292
13 99 5528
16 174 3179
177 176 4936
185 64 1165
116 183 5157
52 78 4291
140 48 2190
24 9 4475
31 175 3268
168 145 58
10 99 2496
92 169 77
160 114 252
91 30 3267
149 173 5729
66 131 1514
193 176 5045
48 63 4977
153 180 283
21 49 129
34 80 1609
19 21 3979
31 164 3211
67 128 1983
49 67 4262
30 20 1696
175 27 232
71 6 2784
11 121 1671
183 27 809
131 62 3761
31 100 5022
100 159 1186
89 81 1570
105 29 2978
18 117 5660
131 187 5887
107 10 1332
148 32 818
77 144 2277
9 156 1476
105 185 619
136 125 5134
10 84 3238
144 123 178
169 148 3354
55 146 1970
66 96 3753
163 9 4795
169 119 1450
51 110 4617
142 154 5770
9 135 1992
158 47 5904
28 22 2862
53 116 1038
31 38 1363
117 78 1718
150 104 2180
171 117 3555
108 186 1958
55 175 1770
71 128 5044
124 56 2143
117 73 5906
154 119 52
113 79 3769
23 168 74
169 173 3926
178 95 2552
194 161 4123
66 126 4510
35 21 3663
158 194 2987
68 196 3069
101 51 2772
159 130 4523
169 102 5488
73 82 4923
188 185 5856
88 139 1037
37 21 28
9 190 5119
132 177 2271
69 36 2169
78 120 4027
75 118 2493
10 121 5045
34 42 484
145 135 914
136 114 3469
10 91 150
182 171 1448
113 28 498
139 180 4288
139 140 1823
94 116 4042
156 9 1747
18 118 4581
150 121 5548
182 92 4210
137 78 3050
140 2 2793
41 54 5716
71 110 3340
62 179 5439
92 37 4069
131 90 5013
126 83 2227
65 131 2025
120 183 1797
136 105 5689
115 101 2596
134 135 4585
18 177 150
178 182 5598
188 163 3028
40 85 4544
133 102 1646
176 141 2898
45 112 4519
151 30 2497
169 64 1908
188 167 2892
63 121 3618
66 68 4345
5 139 1182
55 90 4021
99 28 2215
159 65 433
165 50 4443
141 26 3068
97 165 1080
36 164 2096
66 195 619
154 171 176
100 181 5880
56 50 4202
168 179 3340
131 67 2483
148 170 2034
67 18 628
26 125 5351
197 36 1743
43 96 1544
140 4 5939
29 28 1575
77 110 1640
6 187 3774
2 52 5751
106 70 6000
113 162 5057
139 12 3458
176 182 2192
107 115 2190
119 66 1963
147 108 2781
197 88 1665
39 184 1786
94 37 1374
189 42 5964
115 152 2217
70 123 4433
69 188 4704
84 103 2190
170 28 6024
14 125 4412
61 196 5186
135 66 3980
131 92 4343
77 153 4430
81 14 2126
33 65 3198
22 55 3309
28 104 2526
54 88 5895
0 110 3110
11 57 4190
91 190 2041
58 177 3214
170 137 3288
128 73 2525
58 166 3235
155 85 2179
167 183 4515
87 176 5009
137 112 3147
171 91 1391
185 4 462
140 27 1316
13 165 5976
125 182 5695
111 169 3868
53 27 2013
130 170 1680
26 122 3754
168 57 4100
158 156 3688
136 99 6019
172 105 102
172 0 5883
12 132 1637
196 165 4517
22 172 1330
1 195 4183
58 27 4463
177 45 751
110 95 1174
21 113 3302
191 39 4576
42 160 4986
125 195 1198
196 102 5411
43 66 5084
106 169 2211
22 93 2699
15 12 4136
196 53 736
11 95 1895
72 154 28
7 144 2701
170 2 3321
104 80 5567
41 184 2219
140 123 5242
160 100 3329
73 117 1417
166 88 2577
117 32 4695
5 67 994
52 183 2666
163 191 3368
50 151 3394
4 46 4034
15 43 3366
22 127 5298
156 76 4517
20 16 1525
6 125 2874
155 131 3290
96 13 3833
109 189 2701
85 174 1984
122 8 2191
165 77 2345
184 31 3415
69 151 606
196 195 3254
82 71 4837
18 112 3680
120 127 1487
17 6 5948
111 49 1762
87 5 3554
72 149 2853
19 70 4109
32 124 2475
165 33 321
109 111 3371
163 105 2193
143 12 4548
67 21 4243
66 53 2026
96 72 3908
69 155 2021
148 66 348
66 114 3333
107 15 3026
91 3 4281
51 61 2581
93 106 277
8 105 66
155 90 1129
136 39 1337
142 61 4001
175 164 3832
171 180 5958
133 120 3970
94 18 4964
122 166 5730
50 171 5387
36 17 4082
150 86 550
88 130 3400
196 198 5338
125 3 1102
132 59 150
198 177 4214
172 156 1515
62 98 2699
95 100 4035
115 167 5215
134 97 3716
186 127 527
75 114 2347
181 18 5996
44 176 5008
45 163 4017
163 24 1840
159 75 5365
108 14 3039
54 127 300
190 98 4140
92 91 491
27 165 1886
117 15 99
10 192 5226
30 118 2622
124 50 1026
28 139 4230
85 86 1279
169 39 2607
97 14 3682
24 40 2170
56 111 3016
34 164 3644
72 24 2787
142 139 2110
166 98 583
50 180 555
189 98 5660
172 64 4402
92 68 483
96 105 5284
128 183 1169
161 70 76
111 108 5562
84 194 5810
143 19 1907
26 124 5207
137 34 1049
186 179 3416
151 156 5376
9 8 5504
20 0 26
194 168 2757
191 145 5947
155 156 693
107 103 1480
91 195 3944
148 4 433
42 50 775
111 118 5720
77 29 5617
154 118 4144
14 176 3327
146 84 4881
9 22 1765
108 10 1565
55 119 509
99 8 4919
29 173 1746
128 133 2830
119 12 4174
191 175 685
33 67 2150
139 170 3675
133 129 5607
69 67 518
19 139 4697
68 57 1351
181 143 5982
167 106 1383
26 65 3871
111 45 3819
65 120 3788
140 120 4200
190 52 848
44 1 3318
1 29 5713
21 142 758
75 175 5937
194 29 5338
42 15 1414
84 34 4568
90 87 5824
37 167 4245
180 92 5384
106 101 3402
117 173 4500
128 175 652
174 104 5078
77 100 2561
55 163 725
137 166 1997
90 0 4904
127 191 735
189 76 4521
152 173 5058
21 134 4086
18 191 4576
48 88 3480
34 186 2052
144 182 5511
176 188 5465
184 164 495
16 7 5346
113 2 5982
95 39 882
68 53 5291
108 125 3220
179 143 333
102 133 3226
93 140 3231
67 23 2806
192 134 1901
87 95 2753
56 2 2616
3 15 116
132 101 769
7 113 5994
70 8 3824
176 31 5530
77 133 5680
188 101 3909
158 29 546
134 173 1193
139 46 4625
33 191 4261
147 128 1248
7 16 2493
71 53 3816
128 199 3772
100 15 6020
109 81 4047
24 112 3988
97 182 5934
42 38 1267
178 92 76
85 126 2576
190 142 2796
195 35 4969
153 189 2999
115 84 1988
46 193 2541
75 147 1466
24 197 2581
96 115 973
14 38 3659
115 178 3240
103 186 2507
120 180 4428
171 118 3356
139 173 4305
129 77 602
85 116 1550
156 167 2861
167 88 657
21 137 3522
79 132 4488
177 28 2495
86 139 676
12 79 4875
11 124 5912
176 93 2786
160 35 4816
172 24 609
153 40 4341
107 130 5089
123 1 3713
174 36 4571
17 113 882
106 2 4873
73 154 2153
23 113 5186
31 135 253
87 178 4071
157 87 1785
87 10 2272
90 27 1732
32 101 534
190 177 1092
14 103 5723
22 80 3939
149 62 5523
175 0 5630
153 27 2208
126 24 1083
79 120 1175
58 90 3118
176 165 3066
125 104 4774
122 88 1103
69 168 2896
94 54 1416
82 151 1525
144 146 2623
17 108 3357
61 156 2238
89 116 2109
27 156 2139
129 0 92
81 157 1563
177 140 3998
198 58 5107
100 135 935
199 165 3394
154 162 2415
179 24 2933
101 39 4877
25 164 3980
11 111 1275
166 54 200
11 144 5509
99 74 2960
170 45 3206
167 58 5138
84 91 4703
174 177 2583
6 35 452
194 146 503
127 12 280
86 160 3068
4 124 4246
83 136 1558
151 98 5380
4 8 1335
143 70 3907
71 121 1572
43 170 6
26 44 2570
167 157 715
148 31 5054
153 117 3555
162 110 3954
172 93 1571
44 123 293
41 85 4949
94 197 2525
126 0 4319
63 182 3748
96 34 2230
150 65 2964
104 24 119
175 197 5737
164 93 5985
191 83 4795
116 14 2865
65 34 731
171 80 2070
41 69 315
157 177 3522
11 45 1641
150 20 5898
64 122 110
143 32 5819
123 117 3899
82 70 1073
108 118 2017
38 56 2599
116 53 4255
182 15 828
97 100 5373
79 89 4285
145 103 3211
155 76 3261
0 127 5824
159 59 311
37 108 522
102 63 3228
135 174 1461
174 155 2352
143 3 4057
3 194 799
178 29 4360
75 63 1605
152 106 5190
110 35 3583
110 8 3328
68 102 6011
143 87 5549
196 168 4419
140 113 3108
145 45 1001
123 91 2653
127 161 1403
140 84 1479
65 96 4050
13 50 4887
145 107 4801
147 62 5382
64 193 4111
11 5 378
62 24 2279
4 186 4048
73 62 848
133 116 3999
112 27 2496
121 56 4258
11 176 5794
64 85 4561
72 17 3880
39 84 3827
148 83 2386
144 105 5557
167 36 1200
6 74 4839
194 107 4441
81 16 5954
54 40 4538
124 116 5231
48 8 1858
13 81 2639
81 171 2074
107 61 3038
85 178 4116
137 178 37
149 43 657
116 176 888
129 137 3636
171 103 2918
56 24 5539
68 95 5445
68 101 1886
55 198 3834
132 133 1117
26 42 4435
130 63 2537
172 85 5141
128 80 3609
33 152 3401
59 136 5251
49 141 2090
130 2 3854
78 59 643
180 8 5188
21 177 5926
14 158 2671
19 53 5538
111 121 2029
70 57 4210
175 158 4321
92 21 4398
8 121 1486
146 115 790
95 96 913
104 119 2722
147 113 424
35 15 245
72 29 2143
73 133 1461
56 120 4168
174 38 5335
19 96 3783
23 174 598
94 97 2514
86 56 2729
23 144 3271
153 46 450
36 116 1940
124 178 5634
123 135 4251
115 2 1382
48 154 863
7 62 4135
108 143 3888
97 173 5552
72 148 1901
39 43 1164
128 20 3452
62 83 1476
105 192 4425
10 130 4833
163 107 140
69 135 1871
180 50 351
137 165 3825
83 178 3482
180 178 793
45 97 4323
188 14 609
178 26 2919
189 64 116
145 176 4624
125 169 3101
159 55 3306
33 52 1601
87 88 5122
174 126 3145
177 62 5169
64 118 4644
22 154 1689
144 117 1247
4 29 4571
57 77 3148
76 46 1629
170 101 6018
57 126 439
165 144 4138
136 137 4648
108 175 135
141 50 5893
70 25 1051
76 96 5093
9 139 1904
93 47 3288
122 189 3991
58 18 924
73 179 1866
131 125 5481
181 171 5963
9 102 5609
54 55 1752
2 88 424
65 172 722
85 184 3273
176 180 2426
146 179 1257
84 20 3365
63 80 5369
38 80 2252
13 35 560
17 136 5039
171 143 5562
89 115 1399
20 105 4574
7 21 2629
199 34 1834
102 51 558
105 191 4627
65 38 4850
27 112 1320
158 40 223
78 189 2636
106 136 4763
11 173 3523
35 158 3358
180 186 1937
158 103 5123
64 163 3967
37 126 227
135 147 1752
39 52 5102
158 178 3073
0 36 5926
109 190 1749
13 39 1114
1 30 2480
38 155 5505
131 157 3913
43 22 4406
76 62 5041
192 105 1647
109 127 837
149 8 3925
176 65 739
170 90 3811
186 194 5115
95 137 3853
85 38 4299
48 25 664
185 8 4529
197 160 4538
87 146 1460
2 123 2542
181 176 2792
11 151 4401
153 190 4560
41 189 5231
141 156 62
103 143 4644
31 125 661
102 5 2160
156 110 1577
153 18 5411
140 81 3840
27 11 2278
63 75 4381
187 70 611
46 106 973
193 146 2946
176 100 4019
198 100 93
115 148 2866
86 123 5176
184 118 2493
10 27 4436
185 101 2261
144 16 4502
103 132 5169
175 51 4052
169 196 3029
158 175 520
119 90 5476
9 21 1026
176 129 2232
1 89 2760
134 69 3753
131 79 5116
12 104 4971
81 40 5160
65 153 633
143 186 1434
158 56 1003
87 15 3657
64 47 875
33 37 4727
50 12 2131
70 46 149
161 196 3487
124 20 3595
43 95 3129
125 84 4794
48 187 2860
34 2 5244
184 39 4429
169 11 2621
107 189 1376
59 147 5120
111 199 4844
66 45 586
66 166 5867
133 178 3046
184 147 674
15 157 2977
136 180 174
9 32 378
194 37 4871
162 94 436
94 68 3334
92 90 4269
166 124 1997
59 71 4083
53 104 5723
153 155 1253
145 59 2247
89 37 570
26 131 1297
13 184 297
23 132 3119
81 195 4646
98 14 4804
199 109 3705
176 20 511
82 24 2969
178 58 59
54 198 3934
0 199 5616
195 166 3149
125 47 4532
125 66 1152
117 77 4061
9 126 3949
149 123 3005
196 142 2169
72 57 5417
57 2 5706
35 29 5715
82 100 355
35 179 299
43 16 4350
82 116 2000
4 10 994
23 52 768
76 186 4743
136 98 1289
156 84 1712
85 35 3155
111 9 3817
22 149 343
116 89 612
72 168 4696
149 189 2577
136 78 5803
179 165 3341
70 39 520
42 67 4465
0 58 1465
17 142 2806
31 3 1474
25 97 285
127 26 3711
67 149 3087
23 47 2624
139 124 3153
41 24 5315
3 43 1585
192 143 28
48 22 5591
198 190 2160
94 62 4301
100 117 2321
152 150 2934
73 125 634
127 164 937
142 62 1969
76 2 1126
135 24 815
0 18 3548
176 14 5366
163 41 4284
186 178 1238
37 71 4176
126 64 2685
177 137 3109
169 3 4974
157 11 4637
1 25 374
59 140 5219
44 12 2709
40 147 237
156 100 1623
40 111 4327
40 139 4431
121 124 1396
185 109 733
124 189 5737
72 0 3743
110 115 3719
45 177 1934
23 130 5006
181 81 4484
159 115 4785
0 76 4540
120 13 4576
185 168 4206
174 80 6010
93 185 3021
174 111 2750
134 52 606
10 93 5789
112 67 2404
178 114 2173
6 123 5897
133 28 1318
149 171 1618
81 0 4263
32 177 4095
29 199 35
188 168 2105
21 38 3080
164 28 3946
49 135 3825
191 195 1124
66 172 4429
186 80 2392
148 9 22
143 36 3256
39 4 3928
156 97 2598
55 82 5783
165 58 2529
105 171 1236
103 70 1154
71 11 448
117 57 5054
125 16 1748
154 50 5601
77 106 5558
109 142 1165
52 141 290
124 106 5261
172 146 3212
46 15 1326
95 121 1802
108 167 745
127 10 127
115 129 4002
57 37 4293
153 28 1909
170 136 4170
16 116 1722
113 167 2290
101 164 3138
54 139 3897
65 30 3840
136 171 719
68 36 168
155 188 5417
59 156 3168
31 165 3146
18 114 789
122 111 4469
88 116 575
48 173 455
199 133 5898
108 36 3687
78 155 4965
62 135 2251
59 167 3684
143 160 5559
6 133 5146
51 115 2873
167 72 5072
164 35 713
81 180 1370
115 97 2195
110 13 5945
129 167 2106
188 155 5728
57 161 684
122 194 44
89 78 4957
35 44 2187
62 156 1419
43 193 4243
184 24 5680
41 102 1797
57 68 5029
191 76 4195
17 148 4392
46 104 3382
63 86 3245
93 32 3559
63 101 4835
88 126 426
126 54 3756
146 30 3018
61 36 5434
13 6 1560
192 92 4012
147 161 1140
38 41 758
110 20 2444
156 7 1381
199 107 1218
42 84 4916
39 149 2911
58 107 5904
15 58 4726
181 6 1657
92 170 15
189 5 1295
42 82 1495
199 77 5263
162 13 1256
113 172 4839
146 86 5414
107 68 558
23 3 3704
103 49 2884
85 112 3878
26 97 2792
52 96 1636
27 188 5808
142 99 1457
18 6 4194
195 88 148
148 166 4542
73 139 3688
1 194 1295
93 3 1448
163 123 178
130 17 1900
17 194 3744
145 163 3125
11 117 3334
82 4 4579
175 117 1589
98 145 981
84 14 2782
38 30 2410
163 136 2982
136 198 260
103 131 3312
104 140 5679
159 78 5609
122 165 469
132 139 3168
6 85 95
107 192 6027
58 53 2804
131 27 1303
52 139 2375
78 49 4648
66 188 799
96 50 2262
192 19 215
103 124 1196
7 169 1097
85 79 3387
139 125 2214
158 90 4419
105 120 827
184 56 342
23 8 5598
53 125 2387
14 80 3
58 198 1063
68 159 3059
69 53 59
157 65 479
54 164 1096
53 57 1560
129 172 1182
22 72 4828
142 81 5419
107 69 1269
51 192 5014
161 67 3903
104 116 2989
24 49 1806
176 7 2462
66 15 4926
38 26 4962
153 63 2333
34 79 2937
146 106 1395
73 189 5495
28 102 5153
170 126 510
170 23 5012
93 166 2228
15 117 5221
126 132 3305
175 81 172
148 103 5301
161 16 2515
62 122 1234
28 99 1358
171 8 4380
121 69 3675
10 146 4017
91 85 4727
84 134 791
67 179 1275
160 55 3318
57 67 4837
170 127 1101
74 19 5815
155 46 4630
149 150 972
96 68 5937
198 94 2919
58 87 5684
66 32 3209
159 13 1045
53 6 2520
29 91 2463
101 142 1281
160 198 3180
1 55 2349
86 124 2225
152 56 3232
16 156 2404
26 69 701
191 41 984
174 185 1198
66 2 4139
109 156 2327
125 27 1679
179 184 1104
5 48 1011
55 9 2679
184 69 1629
113 78 2750
47 106 5248
18 152 3557
172 15 5064
86 192 120
83 36 3666
107 24 5999
99 70 2544
140 7 885
48 131 1264
125 100 849
70 146 3988
2 144 1065
11 42 2683
53 153 5675
72 182 1943
131 108 2922
27 121 5225
33 44 4777
50 156 586
175 199 4529
68 64 4272
40 156 5810
63 181 1696
134 42 5410
177 194 5854
103 183 1969
111 129 1061
34 8 3115
194 197 5869
40 56 2127
119 47 3610
37 8 370
103 191 4202
51 184 1238
162 178 2536
51 122 3257
167 16 18
44 146 262
181 85 4383
75 35 1174
26 119 5987
54 147 4524
87 7 4160
12 147 4876
29 78 4458
190 163 2578
154 196 1204
193 91 3882
31 180 4666
15 5 3101
193 190 5397
155 137 5756
145 141 1219
96 21 2586
98 106 1801
69 182 4008
135 68 374
24 178 5343
117 135 2069
150 12 843
197 49 1702
123 153 4758
59 12 5042
25 65 3185
26 51 5089
54 56 1385
96 55 5523
173 131 1283
132 78 3761
108 90 6000
37 0 260
20 148 400
71 147 3317
22 20 4454
18 129 2813
189 40 4265
5 170 1043
93 67 4974
122 30 2583
20 180 5912
59 181 4236
108 42 156
145 41 1280
148 57 5017
35 47 901
40 86 170
182 52 177
152 95 1834
161 112 4
141 69 4532
112 97 5348
199 15 1907
147 35 5394
136 29 1773
183 162 263
174 18 4915
106 180 3724
27 175 482
47 68 5543
59 130 3969
47 171 3639
30 181 4126
6 145 5088
22 39 3385
52 156 3623
56 79 4081
78 18 486
152 1 125
77 149 2678
179 191 1447
117 24 152
3 199 1874
14 89 2662
139 23 1684
10 169 2988
131 6 1
46 135 1138
16 171 5352
113 147 1820
163 38 3476
184 1 4401
126 28 5083
26 78 4176
163 118 1765
124 161 4429
121 147 2613
132 125 5529
92 1 775
111 66 17
123 165 2895
146 25 5752
126 97 4397
198 109 5194
129 109 5684
109 90 669
19 125 3914
153 181 5421
114 157 5789
83 3 2186
1 113 1511
86 142 4889
94 8 3725
140 180 3796
91 123 2028
64 155 4396
173 170 2138
25 20 2876
141 55 5609
102 129 5711
70 73 1800
22 3 2783
180 49 4195
52 39 2836
84 168 2874
135 76 106
179 88 2690
12 166 5994
161 190 4072
21 128 156
68 163 4087
147 167 1914
94 158 4552
71 136 1135
123 53 1190
7 14 2861
117 160 3476
96 0 344
14 47 5027
64 151 5980
28 171 2900
65 147 2397
126 179 1044
156 32 2480
80 139 5375
42 163 1134
44 84 5701
31 19 5127
46 4 3877
133 150 1325
113 22 4905
108 129 2635
158 116 5128
25 19 3110
74 22 3209
41 170 4286
33 156 537
93 128 568
159 86 3245
16 175 894
129 3 1056
135 56 2646
7 26 2805
177 174 3334
110 176 2760
95 50 3837
88 96 4126
30 191 2331
117 105 4026
199 11 5217
173 177 5307
8 173 4530
193 37 3794
76 87 5650
160 194 1794
199 30 4762
51 153 1032
163 181 3930
122 140 2567
162 5 636
154 82 3
76 43 1205
69 186 659
174 175 1736
71 161 1760
182 167 3192
89 105 5944
41 39 2420
34 162 2180
23 63 5091
77 91 2117
62 121 2280
2 127 2750
72 121 3584
22 111 442
102 20 1389
75 59 888
141 198 1526
43 139 3969
94 107 553
123 14 3438
165 7 5118
6 50 3969
102 32 4818
197 59 5484
156 191 4547
3 26 2192
48 162 1319
94 6 377
49 44 1250
199 114 645
156 19 3220
4 179 1404
34 111 4431
36 7 2649
98 6 4173
196 39 4709
16 161 3542
42 16 236
12 189 3100
43 11 1876
12 107 4325
101 146 5868
125 42 2893
16 112 2648
73 110 3089
88 132 4565
169 107 436
5 163 2731
43 103 368
113 27 3360
104 9 4929
75 44 3479
112 16 4989
143 38 5688
5 73 5589
133 161 5063
170 16 2992
117 67 204
2 54 3679
43 51 3585
175 142 4118
2 142 2292
35 105 387
86 65 4006
80 112 24
149 32 2638
33 198 3835
4 158 2551
182 113 2447
16 183 4661
68 91 3373
7 154 3033
190 147 2454
107 121 3599
199 18 4252
70 40 4752
35 86 5103
185 174 1463
50 74 890
77 166 2350
66 65 901
63 25 3133
123 74 1624
146 131 5795
92 26 5755
114 170 4316
36 119 826
124 79 4271
78 46 5563
146 159 127
110 125 5325
198 148 2523
100 173 1342
176 151 3943
105 199 2062
71 39 3081
112 3 1672
192 176 5668
24 125 1530
119 137 78
143 187 3401
97 159 2147
1 68 5620
106 98 620
112 24 5989
47 19 4957
109 154 2592
71 20 15
114 66 5635
36 115 4772
35 23 1869
56 21 3659
153 24 5792
153 113 2609
108 33 4183
188 57 3734
184 123 2341
122 157 1281
59 3 1843
126 29 2212
154 40 4775
12 113 1364
128 92 2958
95 189 4693
92 186 5978
33 195 979
162 191 1567
181 55 4857
169 50 5849
4 74 5208
13 84 4589
134 176 221
148 189 4621
39 42 3405
39 187 5291
54 106 2467
69 37 2395
27 194 4525
20 179 4663
123 18 565
76 52 5532
123 188 4642
7 56 4489
3 132 773
167 188 3591
195 132 2100
188 103 1454
67 56 4962
24 46 2892
103 187 5816
51 136 2861
117 121 2253
104 22 658
78 20 5278
141 191 4173
177 42 2817
35 64 4547
121 26 3919
155 129 1942
122 82 3068
97 121 120
196 113 632
66 189 1612
180 85 5994
75 64 2400
65 124 2025
130 124 1954
162 119 5918
179 95 4612
153 102 4093
40 4 645
20 167 4626
17 67 535
8 72 3300
32 10 3700
175 96 36
1 11 811
59 190 4075
147 23 198
12 30 3900
165 106 5419
19 105 4254
86 63 5014
86 23 664
196 152 1947
26 2 1223
180 87 3944
54 159 2706
45 93 2534
91 78 3254
44 149 1747
166 33 3653
142 75 5565
5 159 3921
121 43 421
169 87 3635
52 11 2141
131 168 5694
167 182 2998
194 75 5945
164 193 565
116 11 5420
120 25 1384
10 82 1874
86 100 2093
194 144 3302
127 11 1479
160 185 649
6 96 66
186 149 5125
82 59 4859
107 110 2852
196 194 5660
43 198 1208
25 91 1607
107 134 5896
68 89 1724
174 127 3912
115 144 3546
89 100 1256
187 189 5525
79 20 2949
154 98 849
199 136 5012
32 113 3453
51 171 3163
194 53 6026
98 126 4968
18 22 3230
90 117 835
120 194 5463
16 26 5563
150 6 4860
101 184 5269
97 160 3274
168 113 3389
72 131 987
197 155 1315
160 83 3245
49 101 5692
190 135 1109
124 162 2623
38 62 725
92 168 1200
96 61 5568
90 83 1716
190 91 3333
168 183 1488
197 79 802
106 154 4147
107 164 4794
53 140 3264
129 113 3328
42 90 5839
15 193 3658
166 57 4702
122 18 5509
4 109 1786
32 132 2009
123 181 2900
38 132 1307
31 53 2298
67 124 4898
71 152 5509
127 62 1837
123 147 4869
189 71 1063
26 130 464
73 101 1693
111 120 4260
56 134 4775
173 179 5975
144 145 3902
112 184 2614
167 95 3092
97 162 448
194 44 1549
64 140 3098
44 134 3218
50 1 2990
106 161 1606
100 109 3398
54 136 4687
107 151 1994
163 98 4083
154 51 1823
47 137 5763
107 67 526
78 67 3464
164 25 3246
128 28 4391
18 136 1677
146 136 5253
22 24 3982
4 142 3408
104 126 2396
58 175 1842
3 21 2062
172 141 1423
191 150 3345
21 170 4059
19 1 5798
135 124 4663
94 123 4377
32 126 1577
23 99 3517
179 76 2521
118 108 5729
53 189 4052
17 176 2131
66 37 4023
25 77 2542
165 109 1887
193 153 5402
105 106 4628
84 119 1411
35 27 1
52 189 152
29 97 508
0 175 4975
196 170 5891
45 143 432
70 47 1256
111 186 5629
55 117 2185
79 110 4652
50 105 2596
131 66 4270
111 31 5808
27 41 5104
45 144 4483
178 67 3747
126 52 2012
156 128 859
179 37 3834
94 118 5323
126 8 2519
173 24 4620
124 150 4226
157 63 2433
114 57 3341
94 92 5720
104 195 4215
68 11 2074
175 177 2209
169 83 4223
143 10 1700
179 80 5843
7 90 4419
42 61 5419
61 195 3734
162 152 2126
52 192 2741
96 64 3035
63 176 51
26 126 4109
106 146 1030
36 83 3452
179 86 366
160 44 4889
68 12 79
47 25 3292
35 81 5310
127 150 4138
65 170 2399
92 103 1293
23 87 4154
150 177 2470
6 110 5152
142 164 1095
125 97 3800
122 94 5584
89 110 4086
12 130 5187
14 105 4999
49 165 4871
29 189 1976
52 68 1562
125 157 5260
168 129 5429
153 43 4062
96 2 3640
193 155 1585
132 190 3985
163 109 3067
183 24 2779
30 12 5629
15 190 2022
197 6 2287
97 30 333
99 86 4533
190 27 4664
178 27 4590
186 134 4964
191 13 4798
49 117 4401
67 71 601
152 26 766
182 41 826
190 47 1627
11 112 2089
140 119 192
62 51 1972
187 134 319
69 108 4334
194 179 318
76 106 948
198 1 2951
83 19 2950
128 76 4009
179 22 1132
36 155 1033
62 55 3364
165 132 5869
25 135 4053
75 185 3853
14 55 1295
159 84 1757
184 108 2308
38 61 995
158 87 748
28 103 2719
47 22 4937
110 51 2465
192 9 5395
65 23 5145
58 119 1914
190 137 2218
158 31 1624
133 115 5544
151 183 4622
116 101 5470
72 190 5960
91 62 4282
122 92 817
0 64 4909
121 91 1604
76 174 1821
6 148 4358
10 22 750
164 127 2411
38 8 2427
104 96 553
26 152 3455
94 41 232
65 148 5101
6 71 445
93 125 2404
55 170 2864
175 133 5411
147 169 906
17 185 5044
193 127 2480
7 3 2713
31 7 3042
10 186 3911
172 163 1887
178 18 4816
107 81 2390
66 141 4578
11 65 518
100 152 5468
25 193 430
148 86 2277
140 18 2812
13 182 4060
16 83 3995
3 13 2163
91 87 4400
169 20 3361
139 167 2602
67 152 758
165 166 3866
90 42 5478
56 126 5245
55 139 3301
189 173 3101
104 161 5788
38 168 654
71 89 1608
129 142 421
36 33 1715
6 126 681
63 124 3684
159 170 2864
98 171 137
113 166 340
143 13 376
152 180 5766
109 75 3187
20 108 2764
112 197 3415
44 52 5065
21 120 2517
123 41 881
90 81 2791
42 73 4628
4 108 2243
122 41 2229
8 127 825
3 90 1542
193 159 2627
107 191 4255
85 104 5356
54 109 5828
15 48 2305
50 173 3106
190 48 2283
2 103 614
165 6 1553
115 19 997
115 26 4479
97 85 1646
70 130 368
134 76 4514
96 41 232
182 70 1611
30 159 5821
89 124 2953
115 153 581
26 194 2252
68 157 4617
163 44 2384
174 16 5331
145 139 2322
104 103 2307
178 46 2143
173 146 4741
197 126 2895
144 41 4866
45 166 87
75 162 4796
118 156 2549
53 39 3209
157 9 4438
74 14 724
12 96 891
33 124 5779
135 110 2606
10 36 4044
185 1 710
12 188 5410
105 76 351
15 91 3353
15 172 2736
125 9 5249
74 95 667
154 56 1445
192 112 35
186 169 5159
102 31 112
171 128 4859
198 91 5692
23 93 5713
146 3 4963
117 64 5757
17 195 3313
43 101 4162
118 5 1096
114 108 4477
91 104 2813
145 2 909
182 57 390
154 22 2545
191 57 2198
25 24 5093
112 15 3517
15 185 3664
192 82 2901
152 4 779
84 66 3039
176 133 2215
29 174 718
71 50 1837
10 119 5473
117 75 236
134 51 4579
199 84 3026
189 37 13
128 62 646
30 165 4005
77 37 2691
97 84 4439
106 114 3076
21 10 2558
14 134 1499
64 90 2953
84 140 4440
112 87 21
177 164 4907
110 83 1102
184 186 3398
197 154 2268
194 137 990
197 181 5675
167 147 3726
190 166 3552
97 124 2380
141 123 713
52 14 2202
32 25 1848
85 153 2396
72 91 3194
19 95 4024
189 85 3829
169 71 2794
93 186 3874
130 56 3806
93 22 2107
17 154 1782
172 7 3008
87 3 2020
43 184 5659
186 180 2532
44 172 2140
38 51 6009
123 90 1852
159 128 441
146 163 320
61 45 473
24 87 848
19 151 2951
76 42 69
120 36 2729
36 56 4307
183 184 5412
141 94 1440
179 195 297
2 33 1699
145 52 5367
171 154 4245
194 25 2789
74 98 2028
111 109 1773
23 84 232
107 199 2866
6 192 509
122 38 4115
193 2 5413
116 59 3545
183 50 3177
48 33 2631
154 170 763
168 27 3075
4 19 5269
10 5 763
3 166 5348
20 102 1761
7 175 2258
80 75 3105
41 158 1542
134 65 4152
7 197 2672
61 52 1440
109 88 2502
18 13 1820
159 21 2950
116 30 1984
147 21 1344
61 29 1668
63 65 711
34 185 5886
102 164 3951
27 111 1845
158 110 2278
149 56 5531
21 190 3086
136 95 3163
69 77 1863
128 172 127
174 31 2677
39 90 1051
27 120 1005
85 120 1987
25 21 5821
188 121 3970
145 188 1688
154 134 871
16 71 2075
68 73 3910
96 127 2126
21 148 2506
197 147 2154
8 123 5823
63 153 4538
165 188 3593
136 65 5318
120 93 4510
170 43 1987
45 186 1370
40 88 4891
168 51 3288
0 170 4964
26 105 1721
67 93 5049
78 141 4465
148 146 1904
121 196 2686
76 45 5241
56 157 5084
163 20 4473
166 13 2508
36 163 223
150 64 4606
175 139 5073
176 124 2169
43 18 2112
187 144 4816
24 58 1071
108 188 394
193 92 4310
94 115 4871
36 40 1992
137 128 3758
91 8 2547
185 137 2004
176 83 3023
143 75 1555
136 96 1304
102 17 3831
162 15 2561
126 144 589
44 63 3431
158 91 1109
45 133 1704
153 179 1741
66 107 2208
42 123 2652
131 184 5049
3 118 2374
125 77 5006
91 92 3148
113 111 3817
109 155 3760
37 188 2505
69 160 4241
19 128 4993
67 47 293
175 126 1029
186 177 3820
194 100 1005
41 160 1292
63 164 4519
168 164 1645
186 11 665
149 109 2004
90 194 41
20 186 3301
53 164 1710
165 183 1556
154 39 1029
166 125 5374
142 27 5864
53 121 4804
15 112 3823
187 157 3706
167 84 47
52 145 1630
88 184 5176
84 127 417
106 125 4353
174 168 2483
142 173 3461
194 91 3551
153 74 5087
77 11 404
59 158 2975
144 27 3777
47 163 2885
5 76 3436
136 124 949
28 58 196
146 48 2171
109 162 736
98 190 70
160 46 4317
169 9 1611
56 186 3270
187 158 1201
11 91 1026
141 145 3410
94 5 5195
16 91 1778
185 154 631
113 152 1538
198 24 4425
20 91 682
70 154 1981
139 22 2868
196 108 4496
128 105 1333
103 154 3523
49 81 1899
135 25 5357
184 99 5526
103 195 3315
100 77 4684
182 62 3889
34 148 2165
140 17 3623
142 29 4098
123 192 898
56 187 444
98 196 926
87 20 3977
93 27 3805
69 157 5526
25 145 4557
83 47 765
9 62 1232
21 158 5360
192 8 2316
108 102 5866
8 59 5423
169 70 1902
26 170 4303
146 47 680
39 45 5623
44 112 1
169 42 358
80 132 2447
47 105 2387
80 44 306
47 84 1078
188 28 49
166 75 3547
55 4 3035
143 175 2187
122 52 5637
140 134 1921
42 167 998
58 40 248
152 72 1749
116 131 4465
92 180 520
52 164 5363
132 174 1810
85 118 1002
151 73 2061
117 41 1800
64 161 5348
91 76 958
77 142 11
150 135 5361
156 23 159
3 189 5305
106 141 365
100 67 1513
78 113 3598
5 144 4049
96 137 338
180 126 472
156 5 3580
199 78 692
32 122 4503
1 164 5749
83 163 361
123 183 3020
103 99 2713
198 36 4259
37 99 2182
141 29 2850
20 169 5144
30 105 1298
110 193 297
130 22 3253
17 75 180
118 58 3659
72 41 2241
130 159 6027
118 64 4734
48 195 2343
165 161 3277
86 158 5618
69 27 2156
118 93 3111
47 167 1890
8 150 4785
58 42 5880
177 54 2715
23 96 2751
133 46 2409
45 106 5244
182 9 3381
47 6 3065
132 194 653
37 84 415
97 42 880
196 130 5368
22 133 5694
57 74 2691
74 178 1827
132 61 1586
167 146 2914
105 20 3509
123 11 631
9 157 5148
117 30 990
94 181 279
56 88 3272
82 61 5021
1 153 852
187 33 654
22 13 4912
121 171 2297
31 33 2215
103 72 3218
130 103 1454
155 192 5205
75 156 5517
164 17 188
140 32 5922
113 59 5183
148 55 4956
134 133 19
47 151 2535
25 106 5531
50 75 151
90 24 1792
20 181 3778
176 80 4587
36 130 3153
131 104 2489
193 108 3813
76 148 3154
152 65 5235
166 4 4573
125 67 4184
64 84 1878
18 147 570
50 132 4628
96 197 4516
182 78 849
155 37 1928
193 134 4334
161 33 3135
79 175 2374
128 51 4183
112 57 929
3 73 1292
143 73 4953
119 14 5338
167 127 5421
192 167 3689
39 37 4341
128 107 3597
66 89 5430
94 185 1257
86 87 3736
18 113 3621
46 11 5395
149 86 5928
37 152 4852
81 162 5670
6 32 5434
158 73 2154
188 122 2176
14 29 963
136 189 3325
183 94 4045
7 82 5483
20 54 1370
56 9 2370
179 101 3568
69 41 3294
108 73 2018
3 129 60
22 86 2866
68 47 1555
69 10 5702
140 29 74
169 186 2940
151 15 54
171 63 3921
76 92 3490
126 22 1695
43 137 2523
110 9 3441
51 29 2345
29 39 3159
103 107 2203
160 119 2100
19 51 3084
55 10 287
126 103 1819
198 172 5174
144 33 430
72 199 4775
49 5 5820
38 109 5674
66 58 2029
34 151 5993
110 112 2891
68 179 1072
83 128 1467
123 35 5352
48 145 3957
182 157 2916
96 59 1949
45 44 5098
176 6 1997
56 176 5200
104 114 3865
109 182 2945
63 197 4126
27 59 4443
31 110 3123
43 99 985
13 44 3351
78 129 3754
124 6 3480
129 189 5393
161 189 5678
94 147 2157
199 97 960
152 166 278
176 64 4706
54 5 3624
190 13 461
190 86 4898
197 196 2981
29 56 4432
143 126 5987
139 26 18
143 18 5941
62 86 3773
83 35 4681
188 161 534
169 156 2742
82 130 5654
98 84 4634
24 143 3795
193 173 5415
92 81 2386
78 3 1563
89 0 1327
26 176 5629
154 97 1675
56 155 770
144 42 626
159 110 3000
156 135 733
111 112 1470
98 95 1817
156 39 3174
52 94 4963
111 139 225
35 93 5355
93 165 5664
86 94 324
120 152 5375
45 69 377
69 179 3677
56 47 2625
165 171 2328
10 123 4388
89 181 1982
68 166 5808
185 129 1361
10 157 3417
64 154 3099
160 146 5355
164 63 1402
173 23 3746
81 135 3977
193 55 2004
19 92 2786
72 137 2883
64 63 1385
135 70 764
92 66 5438
46 83 4368
26 149 1849
137 191 2627
89 20 2643
184 170 5358
174 28 3018
147 158 2433
174 183 2932
59 94 366
118 73 5562
173 97 2536
5 25 2538
167 39 42
94 179 1980
166 163 435
149 70 4404
45 56 626
89 189 4060
18 5 1235
55 118 3514
103 197 873
139 191 5554
77 68 1224
180 34 1215
146 61 334
83 145 848
12 43 5493
7 84 3741
23 30 4913
185 47 3027
20 160 3475
123 64 191
172 49 2387
32 28 4052
145 23 144
96 57 1659
146 111 453
114 103 1881
121 33 3830
22 168 6006
80 48 3683
149 83 82
77 2 831
144 131 5327
23 158 4415
97 3 4164
173 157 214
43 107 3926
39 126 186
189 83 5569
16 80 1763
35 145 2398
67 95 4175
28 134 5352
24 83 3632
62 192 826
154 18 2667
114 94 97
115 88 3373
166 12 492
185 182 3990
175 78 3936
180 177 5902
147 98 5282
131 164 2090
169 37 3490
112 5 2069
171 114 4793
4 23 5026
76 25 5375
141 63 3904
84 59 5813
43 15 1440
188 23 5327
90 121 4427
131 137 1715
28 90 5451
8 20 1882
181 194 2301
81 194 2815
176 33 4363
3 22 1733
184 82 3355
11 73 4311
194 47 5558
88 154 4518
132 55 5817
18 73 2561
23 20 4591
182 96 1581
26 63 3237
58 154 4966
75 130 1110
127 143 687
114 120 4328
75 171 4718
174 5 52
102 196 5043
51 102 3865
87 109 1531
95 107 2372
167 20 1762
4 0 3493
192 186 5823
178 130 992
164 191 5835
158 38 848
166 195 1934
3 8 1401
17 141 958
95 0 1186
149 133 1811
111 158 5439
17 41 1074
57 128 3870
189 15 387
20 171 1791
143 15 2377
19 33 3445
139 42 5391
82 57 4101
2 134 152
46 17 375
173 25 5530
37 36 1458
110 82 2748
145 157 2497
118 76 634
106 196 1599
189 72 5529
16 61 4913
195 143 5435
142 78 4861
102 50 5418
170 97 3315
187 168 4173
20 83 1920
58 106 4613
156 120 5275
16 95 486
37 194 5052
160 173 2809
63 8 5829
161 52 325
198 145 1107
64 49 2727
16 166 4468
193 93 111
28 5 4081
167 156 2995
47 9 3631
56 5 3111
3 38 5436
12 196 4554
165 141 5112
127 122 842
99 176 3539
15 150 1171
128 48 2943
20 193 758
144 149 180
188 105 2615
63 111 4554
49 157 5428
96 37 1319
161 4 5724
155 136 3127
22 98 2516
162 111 5921
19 64 1936
75 98 2375
19 158 2176
133 130 4379
168 63 1762
137 108 3763
49 179 1276
61 91 5177
140 83 731
122 135 4336
66 150 3010
199 69 2157
180 116 3446
3 47 2487
118 113 5440
102 57 5605
115 29 4949
155 140 1145
85 39 1448
136 164 1704
110 118 134
98 61 2227
74 6 2356
41 9 4948
71 100 853
154 187 4402
68 51 2875
6 0 103
70 10 3595
166 111 3407
136 43 591
79 135 5881
177 30 1560
57 33 3914
47 173 6002
73 61 5861
11 54 4123
39 73 2681
68 93 4402
119 82 1973
176 68 5558
20 182 4983
55 105 5527
89 67 139
115 151 5087
5 23 300
171 45 4208
171 90 1679
89 17 5512
117 46 3762
164 147 5471
57 160 541
116 141 667
99 163 5560
26 192 5140
106 130 1386
83 90 5558
176 85 1178
87 127 5170
42 192 2841
184 103 2521
94 100 5463
129 94 4314
92 48 784
43 76 3019
7 119 4261
182 59 3498
161 48 5277
86 1 2526
188 190 7
58 127 174
9 70 4611
151 191 1546
192 80 1221
186 61 4353
49 15 4738
144 4 3950
93 20 3771
21 124 5358
1 119 2519
110 17 246
77 109 5848
19 141 5355
147 66 450
30 29 318
28 32 1860
95 136 4354
194 101 4404
52 124 2556
41 0 3072
131 178 4586
129 175 2074
96 67 5032
63 48 4415
36 41 5811
171 104 745
137 61 2719
86 197 2175
102 192 4387
9 15 1052
97 178 4897
143 47 2774
151 166 4842
92 39 4091
173 18 3614
118 22 357
25 179 3383
165 19 884
116 35 2496
105 142 3910
122 75 5455
46 71 5290
112 2 2254
180 196 366
18 41 5005
133 10 450
158 5 2187
29 10 5435
99 132 1914
194 8 1317
191 75 3852
188 95 3419
117 88 2204
49 94 1524
150 58 5615
194 169 3852
129 184 4859
120 129 1543
18 106 2016
54 38 5909
22 184 2029
66 47 3930
80 16 3429
17 157 4341
6 181 4111
150 115 4325
71 186 3348
175 85 4891
72 97 1669
127 66 4543
62 133 5364
98 69 3642
100 74 489
34 153 2436
112 43 5559
111 71 4407
125 184 2038
2 65 5082
165 146 4960
35 108 3981
47 152 3974
121 133 2067
57 190 2819
41 77 2165
178 179 4607
14 4 2449
27 181 3970
10 35 5899
5 161 1258
113 195 1088
15 78 2776
29 37 1248
90 105 2385
97 184 1334
160 151 296
97 191 903
137 91 2040
183 120 2573
184 51 3147
170 91 3831
77 123 5445
13 96 3906
77 87 3939
162 126 4836
46 195 2179
146 177 5600
162 85 2065
99 75 3712
97 167 4966
80 14 5881
65 160 3436
43 167 1167
70 31 1822
96 28 3905
10 30 415
175 47 3412
199 0 1324
150 168 1977
132 90 4936
101 56 2782
54 67 5468
189 117 2398
99 57 422
88 189 1327
143 198 1781
145 105 2933
62 160 3404
114 187 1593
124 31 5156
14 182 571
85 152 1025
61 92 3812
129 100 388
161 131 1459
73 107 1324
77 122 3658
105 24 5853
92 101 4939
93 162 3354
78 176 576
156 131 1994
89 16 3092
113 12 1321
9 161 1417
89 77 444
5 91 35
87 164 5153
122 186 3584
41 7 2860
152 45 2852
66 187 4011
16 108 335
102 15 3332
73 76 3243
104 193 3136
72 73 2633
185 192 4378
45 197 1991
23 88 3655
152 38 3781
101 5 2642
76 108 2984
192 35 3760
80 47 5902
113 182 4518
151 40 5307
9 74 1736
165 40 3033
35 94 2315
62 80 2661
92 122 2926
177 141 838
132 185 279
15 69 2950
94 191 116
153 100 301
119 79 832
156 142 141
41 126 3963
159 42 2807
185 33 2519
20 184 3604
40 5 5182
166 91 688
46 156 3908
23 124 4707
66 158 4651
137 196 4032
58 71 5594
130 164 933
192 10 5059
135 194 3397
81 11 3285
172 57 5074
2 124 2232
147 59 5478
51 28 2868
162 61 4052
40 192 5667
69 44 1503
15 71 1941
137 147 2576
189 133 3618
19 68 5550
18 146 2970
71 116 3689
180 83 2566
80 175 4032
0 46 144
58 41 595
168 151 1562
99 65 5385
10 135 211
38 52 728
169 33 209
185 125 982
103 115 5803
106 150 4754
177 196 4506
149 135 5044
86 169 1690
84 22 465
137 125 5143
114 116 1211
119 124 3769
80 70 3663
7 18 5582
56 130 5034
124 44 4729
172 151 905
193 5 5397
44 195 4456
158 143 2722
74 137 4708
194 178 5404
101 114 2327
20 187 1956
176 117 3275
76 122 5739
18 16 1394
175 109 5346
48 47 3501
190 25 3549
22 28 1188
38 169 630
100 189 3014
104 23 4513
32 36 2273
24 47 3026
137 25 3058
132 29 1536
6 162 5878
68 104 3920
36 110 2479
14 184 685
152 33 5777
119 41 4967
99 61 5841
84 179 2651
121 21 2904
129 71 1389
86 90 5434
115 164 3147
31 49 3611
99 33 124
55 155 712
16 75 4765
81 97 324
41 79 4455
175 190 2644
167 32 3075
102 21 2833
191 59 4770
142 144 1846
1 127 1737
26 90 1601
179 126 2346
46 96 4752
51 68 2327
103 0 4378
130 88 1309
54 182 513
115 90 2212
164 18 326
100 197 2787
122 119 3235
14 178 3171
142 147 3747
34 160 1455
40 162 5219
49 173 3865
13 155 602
41 153 3685
3 179 5586
19 143 4586
13 67 180
135 6 2414
125 35 5099
113 127 1823
12 21 5593
152 14 4908
177 13 4794
193 40 86
20 128 4790
43 173 5195
40 189 3201
7 199 4530
70 186 625
163 43 1109
183 59 3778
125 134 3661
148 12 3723
72 2 2412
84 172 4948
191 112 4250
177 19 4870
111 156 1128
195 2 3034
54 152 2211
141 65 5149
181 53 4403
37 195 1194
66 12 5277
128 143 2814
192 125 1505
176 152 4318
68 127 1065
62 144 4153
179 98 1314
62 168 5449
71 192 2458
106 73 1313
83 51 3494
57 89 509
3 18 4923
178 160 1503
8 49 5617
199 186 1622
187 23 185
182 31 599
89 169 1485
94 119 1757
5 121 549
86 190 927
173 64 5960
52 182 2899
98 90 202
157 70 2895
199 86 3268
178 41 3718
116 192 1545
44 29 3884
29 123 5230
178 79 860
31 9 566
55 50 1235
70 92 483
199 104 3758
22 191 833
121 70 2799
39 71 5089
109 152 1336
10 68 5798
191 53 2587
187 19 1101
150 47 2207
20 24 2287
87 78 5447
112 45 3175
173 118 3703
90 159 376
148 105 4611
62 22 3253
150 21 683
150 112 3669
37 192 2579
25 147 1958
194 177 6011
67 139 1128
44 33 1841
67 99 2574
86 102 211
166 82 341
92 124 2518
56 170 296
194 87 2329
35 69 5777
170 122 1780
114 31 5241
16 14 1759
109 70 2214
157 124 2640
196 91 3383
114 7 5239
152 9 3682
151 78 3935
29 49 2008
75 155 3715
69 143 514
65 197 3893
174 169 3259
82 43 3100
149 121 3592
163 178 4518
136 102 2931
154 9 4690
11 194 3066
48 72 1281
163 53 1054
103 88 885
186 19 1811
45 74 2019
22 178 2758
89 99 4048
164 105 5135
154 83 2479
63 169 1842
116 117 2074
32 29 3693
4 17 3039
73 21 5882
186 28 4814
62 18 4129
51 166 3650
137 149 5881
82 111 5928
129 53 4654
9 151 5805
19 135 5879
146 13 734
124 153 5663
150 124 2450
182 104 1817
187 29 4140
103 2 5923
166 2 2840
13 183 4021
69 142 2980
50 57 3296
135 65 3238
58 2 3120
24 144 710
133 109 3364
191 84 609
123 79 2974
134 130 1378
144 196 4581
120 35 3699
85 199 362
104 61 4610
24 195 2145
134 7 5119
176 42 4429
123 63 564
180 136 4576
146 198 3543
192 81 5774
92 2 4068
152 123 4946
164 75 5394
169 103 460
48 144 2131
144 160 5457
160 29 5871
30 180 2030
8 167 5825
4 193 2131
88 170 2529
173 7 5068
27 187 5262
61 133 1373
184 104 5227
135 17 3775
195 119 5296
23 183 427
154 133 2416
93 5 725
197 84 2947
178 70 5127
116 145 164
41 84 1320
131 161 614
182 50 1172
98 52 3917
165 72 2901
67 143 5355
15 192 4933
181 27 4965
182 94 479
53 111 4876
111 155 5914
51 32 2582
109 87 941
21 144 5543
52 4 174
106 90 3115
198 21 4836
83 59 1737
83 134 5662
70 42 2656
33 181 5964
34 149 276
128 18 1930
70 89 1524
195 162 1151
90 33 2362
186 78 2880
164 153 830
192 136 5470
135 179 160
127 25 2960
104 10 1648
110 6 1267
30 109 1495
76 100 3006
28 114 1021
124 13 4848
157 29 3868
30 73 233
79 127 3530
153 175 4612
103 189 2204
121 46 5851
53 103 1948
58 140 1182
38 82 3299
59 55 5199
133 140 2272
170 69 3011
194 160 4534
189 154 2093
77 73 409
99 98 2259
53 118 400
197 174 5961
185 29 1016
38 16 5682
12 9 5486
12 160 660
94 74 1875
75 72 3066
173 8 4095
76 104 2622
190 10 1318
89 153 3391
178 75 1660
124 141 4655
136 165 1202
50 168 622
176 198 3213
169 22 586
139 182 2027
12 150 2923
177 65 5885
145 47 3860
126 153 3273
107 49 1322
119 114 1182
164 172 670
77 48 3413
83 81 3927
142 105 3863
68 123 1749
69 193 4017
185 21 2623
166 21 1171
190 159 4423
14 198 4232
49 180 1413
3 85 1779
161 181 514
166 196 5934
142 98 1310
61 175 42
146 144 2971
44 90 1203
59 182 4995
98 72 6009
96 143 1943
17 125 3759
73 147 1988
190 34 1023
104 192 1525
88 185 5404
61 98 373
57 114 5727
144 25 4159
64 184 2104
54 33 340
26 28 1615
25 180 3888
30 176 1394
6 119 813
84 12 108
58 80 5663
194 93 245
63 119 3916
118 92 2080
134 5 5865
146 74 4759
185 156 5165
2 135 5857
16 82 3519
114 166 3149
66 18 4493
35 13 2798
33 69 4817
179 82 4563
35 65 4287
11 114 4616
26 19 5817
87 124 128
68 164 4172
66 90 1061
62 67 4667
125 99 3600
4 40 3118
146 85 4276
131 22 5441
55 12 3402
191 162 265
109 3 4578
94 56 5721
50 128 189
53 26 382
132 21 4115
10 78 3658
31 79 1422
196 70 379
130 91 705
72 32 5433
191 146 1648
102 146 683
96 147 4497
153 21 4235
27 146 285
145 120 3692
3 114 4023
171 62 1028
178 121 1606
115 179 5183
178 85 482
33 36 5962
88 51 198
44 64 2793
118 90 558
71 104 4347
57 18 5169
51 183 912
96 90 607
62 173 1989
100 184 4243
65 48 1417
15 36 2948
160 7 5098
81 161 4066
185 99 4820
91 53 322
5 49 2353
158 198 2999
157 2 154
158 10 3127
47 135 5487
85 20 5299
102 126 4719
83 72 1037
120 47 554
179 45 2742
28 34 997
101 79 5942
197 116 673
75 58 48
76 78 5114
106 127 4936
87 161 4464
83 146 5801
178 39 1533
91 21 858
43 71 2905
44 177 5815
35 49 3487
84 54 532
37 193 3558
24 179 1372
17 99 737
102 191 129
190 179 1897
91 1 4970
123 139 5636
190 97 3668
139 106 3552
92 5 1897
100 1 2107
171 162 5699
112 179 5767
147 184 5139
106 52 946
28 110 5581
141 147 4832
26 196 1007
147 178 2692
121 146 1211
123 25 4077
173 145 5247
110 67 3386
88 121 2013
23 186 1286
4 197 5712
30 193 1493
36 46 2807
0 136 526
147 10 613
188 159 2854
34 70 5424
118 66 2044
177 143 847
22 18 5968
19 93 1269
25 185 2718
74 194 5407
31 5 4089
168 24 2197
62 175 3252
80 107 3514
182 121 5687
4 166 4795
36 123 3023
180 189 2008
46 145 3470
90 26 1899
47 48 3364
137 186 5388
107 70 1424
192 183 707
49 182 3052
176 78 3615
2 41 2647
90 34 1063
48 124 4089
42 147 3304
105 169 951
100 191 707
37 58 1960
29 110 4376
192 144 4398
118 63 5293
93 45 5300
84 174 2486
119 136 3905
157 35 281
74 191 2933
194 77 2793
110 5 2538
182 102 4455
195 3 3574
152 7 4175
73 1 3523
179 137 2233
172 50 5923
7 136 1381
78 81 5969
105 186 1251
109 45 1069
86 131 4408
111 190 4088
46 105 470
162 139 1497
8 125 3778
100 54 5557
72 30 799
80 36 1450
23 123 1177
21 149 4399
5 157 4507
94 11 2523
163 170 1578
144 53 763
184 50 2606
66 124 5350
74 176 5098
11 178 2624
159 198 5074
140 85 5888
82 148 4006
10 54 2112
83 118 927
158 126 5533
167 166 530
23 165 3822
49 98 2577
19 59 696
22 9 2162
76 177 3145
7 141 5984
29 5 1425
6 1 2508
66 57 24
5 22 104
170 21 4284
15 144 682
145 172 16
119 54 4091
0 19 3871
113 21 2171
158 62 6011
21 147 324
75 137 5281
5 110 32
54 158 3754
135 127 1084
168 199 419
169 67 659
149 112 1630
59 70 4036
82 64 4437
34 174 247
68 171 1365
6 12 2879
199 56 1825
186 120 1341
186 42 857
112 92 1857
77 69 3148
156 143 2773
175 165 419
40 187 4386
29 34 4521
135 38 5000
18 170 5551
102 117 148
115 139 30
52 71 991
6 13 5631
98 96 4219
99 139 1106
16 37 5990
88 123 4830
144 96 3016
57 109 2146
4 175 4730
71 33 5163
61 114 2684
104 59 3396
83 133 1
161 92 2397
78 190 3178
27 151 1286
154 27 2582
32 17 706
99 137 2651
158 69 5809
19 165 5680
171 134 1905
176 110 2427
188 25 6012
90 82 2274
167 118 105
160 62 3719
176 95 2594
191 180 607
157 55 5203
82 74 4647
108 77 2671
18 53 5275
90 13 194
25 72 1727
111 18 3897
6 143 3873
8 17 3159
71 14 4990
71 78 4138
31 102 1535
148 184 710
174 117 3267
32 22 551
93 81 551
31 68 3676
133 136 1934
114 181 4460
84 81 2658
66 149 4880
141 13 4401
13 80 1548
189 129 845
195 16 496
98 93 855
79 8 4734
172 52 3346
17 104 5691
165 55 1754
46 67 1405
160 70 1547
25 139 2489
11 28 2412
24 126 687
64 106 3079
127 190 1916
21 20 781
176 81 2457
189 169 3288
124 198 3822
153 157 1786
125 69 3590
151 31 2687
21 57 5090
89 35 3342
22 57 5105
180 194 430
51 69 5016
96 14 1310
139 73 3572
184 14 1282
121 168 4327
110 63 3403
53 50 2078
6 2 1659
162 58 426
85 164 3317
52 45 5432
59 82 5244
135 187 5416
73 23 675
177 59 1226
134 12 4529
56 53 5301
49 155 1633
137 197 1023
114 132 1291
70 161 3057
117 76 1235
40 77 1750
152 61 4518
111 38 1084
70 100 3667
80 109 24
85 100 2429
112 49 1180
106 118 4026
55 199 4760
61 44 3759
137 73 4249
27 91 912
163 140 3386
163 29 2060
180 113 4682
61 89 4181
100 104 101
10 74 5286
153 54 233
66 11 4474
191 96 5168
191 11 5205
102 86 2217
40 144 5968
34 135 2732
180 139 4580
172 16 4429
160 3 4804
117 104 1310
62 198 5886
193 104 3375
120 154 4130
29 15 5141
66 151 1592
81 111 4054
145 32 5478
52 153 220
132 74 4231
115 99 1015
76 53 2646
183 156 5688
186 72 4542
173 15 2756
87 12 4671
193 147 1599
128 144 2952
173 194 4685
6 189 2982
57 7 5343
117 166 4708
84 8 2464
12 136 1527
170 111 5041
48 46 1145
80 118 5064
32 118 2367
105 56 4278
13 90 4377
141 168 14
124 59 5007
55 169 3240
145 39 4707
188 116 2740
84 0 445
0 107 3256
64 98 5928
34 17 5433
155 16 5365
84 53 4298
3 192 2494
146 54 3356
71 153 3148
3 19 3169
1 169 957
157 119 143
194 61 5730
71 118 3012
28 132 3963
82 110 5056
62 8 4992
2 181 2252
54 174 4764
79 49 5880
187 181 3969
113 160 4637
149 116 2381
166 143 1818
33 127 4056
159 188 4399
10 24 5689
33 74 4520
16 113 2321
77 90 940
27 64 1891
153 3 2609
89 93 5009
37 184 242
141 18 1182
70 22 4600
30 55 5925
99 179 3309
50 107 856
78 106 362
89 27 1354
16 54 5976
133 2 4746
188 68 3959
192 168 5387
199 161 2819
98 70 2670
45 161 719
81 141 393
87 79 531
47 165 5367
178 155 4832
85 80 5537
125 113 3709
18 116 504
195 176 5549
93 69 1955
79 14 3947
177 99 5008
83 4 6020
44 181 4028
154 46 5545
179 174 438
180 41 4915
22 53 1232
197 57 1201
85 2 2434
95 35 464
54 47 3632
90 18 5419
75 181 3069
134 0 5691
156 33 5860
122 115 1851
196 199 1581
127 89 4087
148 167 1364
142 63 5909
127 52 1625
41 156 1113
88 146 563
186 160 2187
34 165 295
195 181 4088
137 120 636
24 88 1637
1 132 1028
195 43 5716
165 190 2920
196 112 938
198 78 5897
86 109 5942
116 164 3394
7 120 3182
11 172 4650
125 154 1236
139 29 5276
16 114 4997
91 178 580
172 40 2619
160 34 1930
63 128 3725
186 25 4692
178 163 5126
17 69 666
143 25 954
27 36 2656
1 22 5226
54 141 2828
121 86 1449
179 172 4675
169 38 5594
80 178 4696
105 58 3482
15 100 4675
132 84 4256
96 7 705
137 93 5714
114 169 4008
95 10 4870
178 13 3980
184 179 2111
81 137 3059
42 7 2509
24 147 4891
28 14 2453
73 163 776
94 190 5007
63 74 4794
18 96 1841
171 189 2590
6 14 3566
19 23 1657
121 88 4345
147 144 4576
159 116 5808
111 151 4622
28 8 2783
47 93 4183
134 30 4141
111 95 2649
120 149 3308
1 4 3257
113 178 3931
5 80 155
96 129 5533
92 132 3965
100 108 2375
183 187 2706
36 58 3742
130 194 4762
54 113 2966
143 196 3507
76 3 4789
143 0 2644
48 78 298
155 163 3431
130 99 901
174 3 5060
177 103 3240
130 144 343
115 96 5211
109 113 1586
186 56 3011
55 133 5294
54 4 5482
23 155 4413
115 188 5148
150 143 2355
197 18 1110
188 84 4964
117 174 3287
24 84 4979
4 107 3214
117 141 683
6 10 1733
61 3 3044
116 39 5324
64 198 111
25 107 5816
42 188 6027
155 9 1671
84 170 2019
132 71 4960
118 33 530
96 176 1004
114 124 2888
128 156 4736
111 59 5686
49 47 1299
163 57 1157
186 65 467
87 104 5543
165 131 3025
154 172 297
72 53 1119
21 125 3699
196 92 4712
77 128 5133
188 191 3447
19 140 2746
195 94 3
16 97 4684
55 184 3507
22 169 1807
183 157 641
39 95 6024
32 15 2424
153 52 247
176 10 2119
106 105 3021
27 26 4811
157 24 2371
103 63 291
181 24 4626
197 72 5188
47 132 4917
186 85 5217
47 176 4
154 130 4126
108 50 2753
57 66 5503
159 53 379
182 142 951
32 123 4202
22 81 1368
33 39 2796
166 94 4076
95 38 1946
35 168 3307
55 2 1478
61 49 1938
34 155 199
12 102 1981
67 11 4201
9 67 2920
109 5 3598
55 94 2306
29 22 4571
179 73 1445
36 167 878
184 180 3185
163 93 1187
109 114 1009
153 124 288
157 94 156
83 49 4634
183 34 554
180 135 1878
40 157 721
139 174 4005
157 36 1061
89 147 3599
85 54 1064
48 194 618
1 51 2815
44 20 1032
7 107 5400
143 5 2201
176 41 1000
40 113 5611
144 55 1117
85 182 1456
180 63 3292
33 136 5088
45 66 1682
107 120 784
115 59 1854
94 106 1718
67 86 2617
105 134 4012
113 93 3920
189 27 3505
150 28 1292
100 92 486
38 158 5868
194 24 4109
46 181 1850
182 197 2210
55 144 3768
145 86 3192
52 43 3599
12 22 738
150 129 862
28 175 3275
117 61 5442
181 159 4058
117 125 333
59 48 5260
72 132 1223
9 28 1095
165 84 2639
140 142 5779
58 168 5397
19 31 2121
84 108 5423
64 111 4012
17 156 3466
102 124 3411
71 35 2555
177 121 1901
174 48 115
132 148 2069
78 147 2074
105 31 2618
89 76 5221
1 46 2720
122 116 5902
13 82 6005
92 3 1499
106 69 5588
103 123 3744
192 37 2298
18 167 3088
55 87 5060
70 90 2252
100 150 254
134 154 2074
35 176 4663
16 49 1210
77 98 1932
27 139 5327
46 27 3346
19 118 4501
85 159 244
24 80 5408
108 171 1805
168 177 369
185 76 2846
99 78 5869
4 127 1909
118 161 1409
103 159 748
29 2 4437
115 198 541
99 184 2115
37 100 4745
190 2 680
142 107 1718
45 99 3891
14 150 4401
7 30 5670
54 169 582
66 164 1737
36 97 2587
172 121 2276
167 0 422
140 46 2959
157 128 341
148 180 1928
172 92 499
75 52 3484
68 19 2922
10 176 3721
22 42 2148
170 20 2114
14 23 3413
134 24 3504
113 99 783
166 71 4276
124 159 4631
175 146 3725
175 145 3414
0 73 5695
1 85 4556
193 36 4185
167 59 168
0 125 1016
90 146 4748
182 123 5686
50 43 4827
8 46 3574
92 159 2659
45 150 4185
156 20 2401
161 85 3672
39 77 2616
73 88 2984
164 182 4310
192 39 3393
118 170 4181
166 177 3879
119 178 4404
24 15 269
189 176 5195
178 14 2748
136 40 5644
121 25 665
67 53 5840
116 49 5260
152 91 1329
104 18 5042
193 67 2935
149 93 5305
160 188 1443
106 168 3159
4 159 1807
197 87 839
184 171 1885
126 117 3387
69 185 4989
26 86 941
47 53 5655
147 39 962
112 76 4432
131 195 1426
179 94 687
53 175 665
61 191 2198
129 119 3336
98 27 1414
195 66 5577
25 183 5116
46 47 1964
128 136 5048
159 142 5415
159 192 1490
123 133 5292
67 2 3241
37 25 2112
169 31 847
52 177 5439
136 7 2231
177 73 3700
11 160 2197
18 46 2712
20 2 3500
124 144 426
117 97 135
183 128 1301
162 30 2752
18 24 833
179 108 778
54 153 210
192 24 1819
180 95 2865
105 19 1476
84 181 2604
4 126 5062
87 61 609
2 96 913
150 31 2171
122 51 1107
149 162 1375
0 28 3390
121 188 1609
168 70 2648
168 16 1343
0 121 3839
166 28 150
57 91 5413
102 188 2346
13 3 5624
0 94 2513
134 142 1055
68 20 2713
77 126 4875
30 9 4735
97 196 880
9 189 2053
158 157 3300
133 62 3883
15 116 1211
182 88 3524
184 107 4595
153 8 1404
177 157 1931
150 165 3146
109 117 4237
160 141 696
111 44 4486
124 77 4803
170 158 1337
105 189 415
56 90 5166
80 69 1616
163 86 5321
174 115 1632
177 184 861
38 192 5525
138 22 5
138 99 161
138 140 51
138 85 163
138 199 197
138 106 156
138 123 193
138 14 44
138 109 69
138 146 147
138 72 22
138 105 4
138 133 152
138 12 186
138 82 109
138 116 30
138 197 20
138 125 77
138 119 1
138 102 4
138 182 166
138 26 66
138 47 16
138 131 168
138 49 127
138 42 41
138 153 96
138 68 101
138 104 40
138 111 77
138 1 152
138 71 117
138 59 130
138 98 73
138 178 197
138 148 13
138 88 11
138 62 156
138 160 149
138 145 40
138 192 4
12 60 197
19 60 34
24 60 82
34 60 68
37 60 12
38 60 149
65 60 181
77 60 139
93 60 122
100 60 15
129 60 98
131 60 141
139 60 97
144 60 109
164 60 95
165 60 86
176 60 177
182 60 37
197 60 152
