10
15
46 64 0
42 38 0
1 37 0
39 49 2
23 17 2
63 57 2
59 68 3
19 46 6
58 14 1
43 4 7
25 12 3
42 52 8
43 1 5
27 4 3
38 9 7
64 34 8
39 48 12
3 69 5
53 58 2
65 45 3
68 22 4
17 49 2
4 43 7
68 47 22
23 13 6
4 35 1
45 43 24
67 49 23
7 13 27
0 12 4
42 40 8
23 16 10
39 56 30
24 30 0
52 41 30
60 69 18
45 2 16
22 37 33
41 7 22
66 60 4
64 36 18
3 42 33
66 65 9
54 38 26
49 31 43
46 53 34
48 12 28
52 6 8
26 67 4
1 36 33
55 46 49
27 23 49
35 63 51
64 50 41
48 28 12
16 48 38
53 49 50
57 8 56
20 40 35
33 55 54
68 64 61
38 54 10
64 43 7
42 54 30
14 3 58
16 19 31
54 56 50
29 23 17
17 66 58
54 45 15
20 56 13
22 6 12
30 49 21
22 57 54
34 56 20
22 0 55
24 51 29
21 45 52
2 8 41
67 12 55
34 38 65
11 42 32
52 43 29
63 51 44
26 62 18
36 60 65
20 32 48
31 20 18
16 17 53
24 6 2
25 47 46
62 46 67
24 50 15
32 17 42
44 69 64
23 26 30
62 39 90
50 42 28
17 22 64
22 69 101
56 43 87
48 33 1
26 27 4
60 65 98
22 14 24
61 2 25
27 5 29
17 69 42
45 68 65
37 44 90
31 57 24
58 36 42
5 48 85
43 57 59
26 31 6
44 17 50
37 43 37
19 30 47
63 31 12
53 67 54
12 50 47
65 23 3
18 7 87
9 19 114
21 39 16
21 24 21
2 7 9
13 2 19
61 28 0
18 32 92
39 58 123
45 50 20
29 65 86
14 7 66
22 52 131
44 51 52
49 3 49
64 47 125
62 32 37
25 40 74
13 17 59
45 42 100
13 40 143
57 32 114
40 46 16
52 7 83
50 2 70
7 20 80
48 46 79
57 14 109
39 32 107
4 48 16
58 47 145
47 37 62
51 22 13
53 18 24
34 54 84
19 4 110
12 69 2
61 64 9
58 67 48
28 44 26
4 19 156
62 4 32
36 46 128
14 20 104
61 53 75
49 19 38
18 44 50
60 2 82
8 3 114
30 65 71
53 27 103
59 62 46
67 47 84
67 9 102
16 68 36
35 48 7
37 69 59
50 39 106
49 23 130
42 67 53
21 4 111
29 14 53
44 50 161
28 61 41
67 62 4
30 23 38
39 6 122
46 42 22
31 35 103
1 32 76
58 7 96
39 34 116
5 31 169
31 14 142
68 29 52
20 7 139
58 51 198
47 69 149
40 48 1
11 51 162
6 12 52
16 3 141
59 53 39
12 55 175
61 44 152
58 43 51
18 43 38
7 17 168
41 9 0
54 24 51
58 64 93
68 27 113
51 65 90
5 69 109
17 52 95
20 13 68
29 19 12
3 40 58
57 17 59
28 26 70
8 51 7
12 23 62
7 23 15
34 35 166
43 37 221
63 29 21
61 35 211
22 33 209
18 33 59
47 19 5
42 63 184
56 16 38
30 47 126
57 41 18
34 43 138
21 40 110
35 47 198
46 40 185
58 49 191
29 18 158
39 26 246
55 42 139
34 3 15
12 41 20
21 53 223
40 3 110
55 61 126
46 39 98
33 29 87
35 4 24
28 34 32
1 45 63
41 29 184
65 14 90
9 12 48
23 52 140
29 5 177
53 20 177
33 23 194
5 67 193
38 57 268
12 26 267
37 54 239
35 61 123
58 33 60
9 52 143
56 54 213
33 0 40
3 32 28
37 59 67
0 5 115
5 21 75
30 42 202
11 63 254
33 14 251
37 55 153
22 60 159
30 14 81
50 13 137
18 31 110
56 30 206
4 13 199
37 21 197
67 54 155
35 6 48
60 39 88
58 37 226
4 26 58
51 24 101
25 4 73
55 5 78
49 2 24
22 5 209
7 21 178
63 27 153
68 65 231
41 44 244
11 47 81
13 25 127
24 20 84
37 38 67
54 64 57
0 26 211
3 56 203
58 6 305
39 60 25
49 67 88
34 55 129
68 25 137
51 52 39
16 53 40
33 39 125
26 11 128
53 47 122
67 14 164
54 66 125
64 67 58
34 1 169
48 23 120
63 35 221
17 48 285
37 27 165
17 35 161
67 4 3
26 0 149
25 18 83
43 64 266
64 57 25
66 63 218
14 22 243
32 37 283
3 64 78
37 22 66
64 14 242
60 47 75
12 52 175
1 6 244
33 54 126
51 35 94
32 38 103
20 16 217
28 13 276
60 37 216
9 46 344
42 65 92
6 37 290
69 36 216
64 20 114
35 69 28
44 24 74
8 44 4
2 69 363
55 32 109
24 37 2
28 68 193
39 47 22
57 27 236
30 68 263
47 30 133
8 24 316
25 63 205
58 66 69
39 23 152
8 25 200
58 34 370
44 9 36
44 31 270
57 58 61
41 52 116
64 51 158
43 50 317
29 0 252
45 40 164
53 33 307
56 4 284
28 12 56
64 68 223
51 30 197
2 26 390
42 37 358
40 5 67
69 50 213
67 31 182
30 45 205
63 62 313
51 9 11
45 66 16
36 18 250
49 8 165
33 4 260
65 43 328
44 13 228
20 24 50
23 34 305
4 29 153
62 29 22
68 50 335
52 64 393
40 42 133
31 48 230
57 37 203
46 31 341
48 13 86
39 51 90
20 27 259
16 44 107
52 61 278
29 38 197
21 62 220
28 66 303
64 37 159
63 1 379
49 5 280
67 11 63
39 43 408
46 22 193
42 21 29
66 38 401
47 4 311
14 31 90
62 35 327
65 61 290
60 4 354
1 35 358
46 66 344
53 4 196
50 7 175
47 48 101
55 8 377
39 33 336
58 68 166
57 9 316
30 54 78
17 5 27
17 41 447
17 27 379
4 57 222
6 32 258
46 37 315
12 37 69
68 60 263
25 21 360
17 9 229
49 65 377
53 24 40
35 53 345
66 20 436
1 26 167
28 31 271
53 41 230
42 68 431
1 58 131
21 14 117
42 28 210
34 39 369
7 54 157
8 9 213
5 11 102
0 61 462
57 39 56
13 19 426
20 37 393
26 21 256
19 62 319
35 1 272
32 0 346
8 35 459
67 40 316
19 7 356
13 30 118
8 13 192
41 25 183
67 41 202
33 31 402
20 34 202
61 3 373
2 59 73
3 67 98
65 4 207
1 7 278
32 61 78
65 0 368
41 68 160
1 4 82
69 63 26
32 42 364
49 51 140
3 54 327
67 44 322
1 57 190
61 32 215
7 2 194
0 32 499
32 18 150
37 42 36
68 56 496
40 19 462
59 22 464
38 21 287
32 14 276
47 63 436
47 43 22
56 19 433
21 8 303
64 5 258
29 13 464
26 20 95
8 14 451
62 20 345
61 56 190
3 37 363
53 7 96
18 49 300
16 64 100
25 14 13
32 12 237
1 2 374
43 16 521
36 21 494
32 34 421
6 1 499
22 51 237
20 30 418
55 49 95
47 6 129
31 21 137
42 17 507
49 21 29
2 34 133
30 19 377
47 68 447
18 36 154
68 36 326
32 1 273
61 65 6
0 53 278
59 31 433
11 43 82
16 46 468
12 24 482
48 64 184
23 55 417
22 17 314
6 21 563
54 63 82
6 64 18
49 1 442
37 4 25
11 34 195
47 17 302
9 30 549
18 8 30
13 8 428
32 57 116
48 36 337
67 25 202
3 2 215
14 23 182
55 58 211
35 30 283
11 68 467
17 56 475
66 39 36
36 55 446
40 44 69
56 55 379
14 67 204
51 59 314
68 57 184
59 17 543
20 67 424
7 9 276
42 64 159
46 41 430
29 3 162
46 2 69
54 42 488
36 37 563
42 13 214
60 29 347
45 33 253
27 43 367
8 48 410
19 9 353
39 37 204
69 21 348
3 27 140
55 38 6
49 39 362
13 63 449
67 59 404
56 38 542
11 33 520
29 61 278
2 63 77
17 21 543
11 64 388
6 50 70
53 12 593
19 40 213
54 17 373
28 50 81
31 60 205
4 41 557
63 16 132
64 27 273
55 16 95
12 44 412
25 50 280
67 0 532
59 4 168
4 58 325
9 56 241
63 13 355
16 12 472
57 52 575
2 37 222
54 55 16
0 17 641
68 7 479
28 59 550
14 51 48
8 18 237
11 20 405
17 13 379
3 50 482
69 0 389
8 64 536
28 58 237
6 46 202
5 8 61
30 67 318
2 61 132
11 55 188
53 17 368
22 18 413
16 69 34
22 50 53
19 28 372
60 5 112
41 14 176
47 51 188
26 32 461
26 3 565
63 12 268
64 0 197
34 52 628
24 49 314
64 19 609
36 62 487
33 51 503
54 59 376
44 28 620
44 42 91
56 27 339
11 8 22
20 22 667
45 14 639
0 13 74
17 0 598
14 6 350
49 50 222
35 24 70
0 24 334
24 25 645
40 33 516
62 18 675
22 49 52
41 69 679
50 57 131
23 20 161
40 31 64
46 63 108
52 13 639
58 16 451
8 42 55
9 16 313
2 5 206
14 9 67
30 7 447
55 9 67
52 37 403
24 28 234
45 65 190
23 25 133
43 53 342
60 31 587
54 18 108
48 19 515
68 63 404
51 38 28
24 61 263
58 13 113
18 58 599
63 28 526
32 3 546
1 21 697
50 61 703
51 47 720
12 35 212
8 32 174
38 49 333
5 26 190
42 6 353
21 0 307
68 6 103
39 38 698
39 8 421
24 44 430
28 57 704
47 55 103
19 24 491
53 25 369
29 47 503
13 32 324
59 1 280
30 32 690
48 31 487
67 61 288
46 23 318
52 44 195
20 26 726
66 23 211
61 6 201
23 18 680
44 61 482
68 46 46
19 41 84
59 64 378
1 41 570
22 28 637
21 19 192
40 65 388
47 54 111
50 11 587
45 7 214
17 61 314
69 1 77
41 37 705
29 68 649
50 65 523
39 1 411
23 66 279
14 13 56
34 13 331
49 52 148
17 30 594
8 38 134
3 43 339
5 43 635
55 63 174
16 40 317
17 25 444
33 12 723
36 63 495
66 2 212
32 46 326
23 64 284
61 1 677
30 39 714
62 40 41
47 13 382
49 35 195
32 43 3
2 17 353
14 46 416
2 0 249
19 6 726
63 9 762
13 52 161
61 58 541
57 63 41
22 59 768
37 39 153
16 4 4
26 2 265
34 27 797
26 36 106
24 21 798
20 39 138
66 43 48
22 7 534
66 31 591
24 35 588
19 16 708
61 57 35
51 55 595
39 57 337
42 34 782
23 47 80
39 54 575
63 66 705
65 40 594
7 58 49
54 36 5
66 14 212
57 35 619
14 35 552
30 51 112
53 55 302
0 3 175
16 6 660
26 33 779
28 11 12
9 34 335
32 55 95
21 42 481
65 57 627
1 62 336
48 42 69
13 11 304
20 45 694
33 35 180
26 14 804
16 58 215
29 22 393
63 24 272
69 34 406
3 53 838
38 0 149
25 69 718
38 43 450
45 18 158
20 9 661
6 16 766
0 41 427
30 28 132
55 27 716
41 54 260
31 65 587
48 56 393
38 63 612
29 49 174
5 6 145
1 9 711
52 20 519
50 41 655
19 51 403
36 29 837
27 37 60
42 31 669
40 63 365
54 2 623
40 57 333
12 33 788
59 66 792
38 65 512
52 31 80
16 13 450
9 68 529
33 13 439
33 67 17
19 31 242
33 5 313
13 45 177
43 36 828
8 16 51
56 62 269
0 48 213
68 51 79
67 34 761
45 52 514
37 48 337
23 67 234
28 54 603
22 44 514
2 33 856
23 35 181
30 2 901
68 19 269
46 56 555
47 46 773
16 0 343
64 58 861
38 22 657
53 37 292
17 11 724
33 27 788
2 50 593
58 35 296
5 41 375
46 45 919
68 35 867
38 14 236
14 55 448
11 27 727
38 66 718
68 21 593
34 63 131
44 47 349
34 68 174
9 55 931
23 32 674
0 27 292
4 65 448
1 63 71
64 69 909
26 7 32
36 6 297
43 18 559
41 65 194
11 56 675
53 43 573
56 44 589
66 32 853
16 26 125
25 28 441
56 53 911
11 44 598
26 46 832
50 21 713
61 20 578
66 33 22
64 63 606
40 64 592
16 37 559
53 61 81
11 40 12
57 69 709
4 18 174
13 29 841
5 54 49
12 17 197
58 32 182
43 52 779
64 29 103
46 34 440
4 24 314
63 40 168
36 54 697
4 50 185
61 50 749
62 50 303
24 8 11
43 51 660
60 46 65
1 27 152
17 40 620
30 8 657
28 67 608
68 41 571
25 57 17
32 36 20
64 2 81
23 43 705
23 12 365
32 21 43
59 19 932
28 3 685
39 64 226
63 58 737
31 44 654
33 50 521
61 46 270
6 26 584
67 39 786
43 45 988
25 53 592
37 57 170
63 52 789
55 29 697
17 60 82
63 67 660
32 28 877
48 60 274
28 14 347
18 64 433
60 8 861
22 21 313
62 60 325
56 51 919
46 25 247
67 63 719
24 60 604
29 69 903
5 59 877
12 20 177
42 41 392
57 47 126
51 32 182
1 38 477
28 32 971
26 50 998
61 16 170
55 51 989
62 56 172
47 52 271
33 17 735
12 53 150
5 0 124
41 0 547
24 42 235
48 32 491
69 16 472
14 69 794
50 18 618
55 19 77
2 6 970
7 57 511
38 55 104
31 26 402
7 30 923
68 43 416
13 49 337
65 54 158
62 47 752
6 27 619
2 49 531
35 31 904
13 28 9
59 38 417
32 4 102
67 69 634
28 6 780
61 49 33
17 12 6
22 8 129
5 19 398
36 53 423
56 46 184
16 23 432
47 29 687
16 36 232
46 28 882
46 21 1030
44 52 720
31 50 263
7 45 555
2 13 1006
41 11 80
27 19 398
63 43 9
21 48 834
55 40 565
54 32 222
19 57 127
58 26 670
30 25 505
7 12 914
5 50 288
47 7 758
53 3 47
59 27 635
35 68 972
21 68 907
42 16 927
61 26 898
16 33 1055
18 3 375
50 3 835
69 26 171
9 32 1035
11 60 170
11 31 559
21 13 269
44 54 512
0 16 730
37 12 403
50 36 926
32 41 1109
43 0 19
48 37 356
14 8 1050
32 48 1075
5 29 567
63 53 653
64 21 369
19 20 748
51 34 529
22 64 463
11 6 830
35 3 48
27 64 1044
20 3 127
7 26 754
62 16 1036
9 2 327
24 11 197
12 49 297
67 32 713
59 42 256
20 4 549
2 20 726
60 28 937
32 26 233
65 25 797
27 24 132
19 59 1096
62 49 881
1 11 282
57 4 470
42 60 1048
28 42 467
41 55 435
20 62 35
58 23 834
48 26 953
50 40 1035
68 24 305
64 45 648
48 4 953
57 54 205
64 8 313
41 13 200
43 39 544
27 36 963
47 62 978
37 11 496
2 24 943
68 62 558
17 68 1144
32 51 829
18 59 569
6 43 1088
2 12 712
8 36 228
63 55 357
61 42 231
44 55 303
24 33 1042
27 33 370
60 16 935
0 6 86
6 24 404
19 39 715
45 31 409
32 60 1134
5 65 126
39 4 921
6 33 459
45 67 57
4 23 347
21 66 277
48 45 58
55 12 846
59 0 200
51 25 986
68 58 527
46 58 917
12 43 269
48 25 375
24 27 192
13 61 463
41 47 683
52 65 14
53 46 1031
49 17 100
34 65 723
21 26 260
5 1 621
21 46 936
46 3 833
33 18 184
18 66 388
2 23 946
39 28 151
42 4 814
43 65 342
19 55 590
21 59 42
36 66 506
44 62 308
69 51 737
39 5 234
56 25 458
55 24 725
16 45 880
60 40 882
25 17 256
28 35 268
65 59 1041
1 66 532
59 2 720
42 32 561
67 42 1152
57 68 886
29 31 1005
49 53 1009
11 19 1138
3 30 1182
65 49 381
68 42 744
57 19 156
30 3 500
58 55 1150
9 39 147
65 1 250
31 8 1202
31 40 1153
32 13 485
33 19 1194
17 39 858
29 1 1054
35 58 188
38 12 384
22 39 1118
40 66 623
34 17 458
38 39 864
25 0 572
17 65 442
60 68 1004
5 13 379
55 43 791
30 20 489
60 1 903
31 37 365
32 58 765
16 41 1101
65 44 996
69 3 167
30 12 821
3 21 386
24 31 986
56 20 590
49 18 557
54 5 648
19 47 1214
51 69 1272
56 48 124
24 0 398
42 25 332
35 20 1248
5 66 1184
21 17 1250
44 68 460
48 24 265
62 0 9
2 21 1262
22 32 1229
51 63 554
1 28 629
13 46 96
54 4 194
34 14 600
3 20 392
5 22 433
61 25 422
28 29 937
32 64 956
29 12 677
54 3 565
47 22 973
56 40 525
37 24 384
59 28 244
44 35 179
30 43 930
16 20 545
37 67 621
19 68 477
29 44 438
47 20 186
19 25 964
1 3 40
60 32 704
23 8 551
4 54 1312
39 25 733
61 0 413
56 36 1224
53 42 106
41 38 447
20 14 269
67 23 750
30 58 564
61 52 878
20 35 1113
40 12 398
44 65 1203
11 39 501
11 58 213
47 61 183
21 7 643
59 69 745
22 41 443
3 0 888
2 11 531
50 68 928
23 40 1112
16 28 722
23 31 264
57 22 1308
51 3 152
33 7 229
25 56 1247
58 60 555
23 46 430
56 58 185
40 25 971
21 3 515
65 29 879
8 28 500
7 28 357
0 49 432
12 47 1017
8 39 258
12 66 790
49 24 192
2 25 515
58 56 116
58 42 49
38 53 34
27 30 950
9 24 350
9 66 232
0 59 1350
26 43 866
38 52 1370
2 62 419
25 55 433
51 57 36
0 64 440
52 62 572
11 50 1285
40 30 374
8 56 498
50 5 1011
65 39 263
66 5 708
53 1 1170
37 45 227
69 19 1125
18 9 782
24 52 802
12 32 687
2 4 83
39 21 336
53 44 417
56 60 788
56 65 810
35 44 640
69 33 784
30 34 138
67 6 895
21 1 806
0 28 1397
66 17 1064
51 40 1202
69 46 586
68 54 1088
24 64 77
52 49 415
31 62 542
62 27 195
19 17 891
56 3 1037
54 9 545
29 46 1411
27 53 804
12 30 1375
24 4 1294
32 63 514
43 34 1109
30 5 599
60 44 401
49 7 275
67 8 190
19 49 1215
53 50 792
42 29 801
1 61 442
55 41 856
6 67 1007
39 7 64
31 34 750
40 68 19
51 2 794
50 38 1403
8 31 696
62 5 530
46 36 849
29 24 1213
65 26 50
14 24 1263
61 63 593
64 18 887
5 32 442
14 4 1032
32 54 1297
5 30 128
25 23 299
5 24 455
66 45 905
23 65 34
36 16 1399
60 48 1227
32 52 860
19 29 835
43 9 825
43 17 0
28 69 1099
39 29 678
54 48 453
44 20 1348
33 22 320
64 1 1231
18 41 318
9 27 136
68 13 1044
32 5 1336
2 53 903
9 67 603
18 23 685
4 6 435
34 33 46
14 12 1106
67 60 960
46 11 345
16 21 549
67 56 1197
42 24 654
56 34 1408
42 66 881
37 56 428
40 11 130
37 41 282
30 6 73
57 45 680
1 31 248
8 65 1108
32 9 491
59 58 602
3 7 228
57 16 330
60 18 1170
38 4 207
17 29 1334
6 30 1282
37 14 81
29 53 1226
32 39 987
60 14 1293
69 24 1037
51 29 1227
37 2 5
26 63 53
63 48 1199
55 7 1062
69 5 951
27 55 62
31 49 1276
19 64 1116
33 2 150
8 22 512
30 22 993
58 2 630
61 21 713
58 57 1519
24 19 766
66 52 1472
68 9 49
38 1 1366
20 44 1154
50 56 736
55 52 1127
14 58 121
14 30 401
11 29 80
1 20 955
62 36 400
17 37 1375
29 66 1365
3 38 1071
45 12 1131
21 47 983
61 23 99
44 58 924
58 53 576
38 37 1102
45 60 485
7 52 365
66 29 893
54 47 303
60 30 807
37 17 1050
14 52 14
69 37 1007
11 14 1485
7 39 1498
31 42 947
26 51 1478
58 61 1214
34 30 369
13 23 379
61 39 50
4 8 1500
62 64 1469
27 58 1565
9 53 96
48 40 40
26 66 12
37 50 617
27 35 1072
12 25 853
32 40 290
9 1 600
30 16 857
59 12 979
6 45 745
47 42 1536
14 65 158
43 26 1377
61 59 1122
29 67 43
51 26 1449
25 9 728
38 7 618
19 66 1404
64 61 301
37 63 1186
69 61 1518
12 59 1422
27 68 752
28 55 974
60 61 874
27 25 72
28 51 123
64 65 1466
55 56 585
61 9 1252
60 67 1315
69 2 271
66 50 96
25 39 606
16 49 1425
38 3 500
21 29 573
47 1 224
47 32 374
22 31 632
66 37 215
37 58 1151
19 43 1560
48 29 1007
18 19 1401
23 2 286
56 37 1198
65 22 1019
32 35 218
60 63 1478
14 63 282
26 1 664
33 53 438
53 34 1262
11 17 481
67 24 1548
13 0 1337
26 28 1050
24 7 833
55 4 1603
2 56 1237
29 6 1328
63 19 46
48 21 358
17 3 58
34 69 467
20 48 1217
64 28 219
0 11 1195
49 59 350
45 37 1468
42 35 1616
13 18 476
18 34 1203
56 33 355
11 45 107
12 16 871
55 1 181
17 57 332
65 37 1374
34 18 404
0 60 794
35 52 836
32 53 397
53 5 584
6 20 300
14 29 1138
45 62 667
19 22 1665
24 54 811
59 43 24
67 37 881
64 6 320
33 66 1320
0 29 579
68 30 335
30 17 955
56 21 561
29 56 1218
17 20 1444
18 57 886
21 38 1209
17 2 1093
63 61 929
54 1 764
58 28 1426
38 31 587
6 54 141
44 49 1293
20 0 1434
56 14 1421
49 27 1195
11 25 350
63 47 748
31 38 1658
66 25 513
65 52 827
34 7 1275
50 32 426
31 4 1507
13 57 241
54 43 1373
56 63 1548
16 7 660
14 37 29
21 28 1252
51 48 1464
22 47 604
6 69 330
17 4 762
0 19 374
48 51 123
61 22 426
24 38 156
53 22 1130
52 25 1522
55 17 644
51 6 247
21 34 812
48 11 1287
60 43 951
23 62 1236
65 31 1507
29 48 1406
37 32 1615
9 35 26
39 3 1628
52 11 498
53 8 496
23 36 1292
40 67 839
46 18 1594
42 2 985
17 54 1167
67 19 57
22 23 1126
33 64 304
45 39 1276
9 57 434
46 55 811
3 59 1101
12 14 364
19 33 1041
69 64 1204
53 2 226
51 46 1730
43 7 1124
62 43 36
13 37 931
3 65 1052
40 39 1741
66 6 181
8 63 200
57 61 1566
62 24 1443
68 69 166
48 18 1406
52 48 1695
27 62 170
61 8 121
23 1 731
36 35 1053
18 52 700
28 46 1302
65 41 571
4 27 536
28 16 175
14 16 2
11 35 1560
67 28 573
40 45 311
27 20 56
48 49 1105
63 34 970
19 14 1206
26 55 589
69 59 345
24 65 315
6 51 453
57 38 1530
24 29 113
26 34 207
13 67 12
3 25 1702
63 11 1036
28 18 167
59 18 914
54 60 340
9 23 568
18 17 204
48 61 1795
19 44 1681
11 23 1400
21 6 1236
27 32 917
60 26 1573
12 34 1158
48 67 467
44 48 859
62 67 896
5 20 1162
36 59 1195
7 3 1186
57 20 1054
43 38 732
52 55 514
45 16 1421
14 11 505
39 30 59
48 5 1786
23 63 977
9 49 485
4 11 549
30 50 1311
37 8 309
4 9 1274
21 55 32
66 30 1068
48 57 1808
39 16 625
49 69 1196
33 24 1802
67 1 1482
4 52 325
16 34 21
5 33 346
5 2 1208
68 12 1561
52 63 1688
44 21 1560
30 69 1651
7 53 874
46 50 807
33 62 104
59 65 396
60 13 398
28 37 472
42 69 1587
20 31 1654
6 11 385
34 53 1824
56 2 13
32 56 1574
12 5 866
6 42 1421
24 18 1543
52 9 967
31 63 789
50 31 1269
55 68 599
51 58 39
59 37 597
59 46 1616
32 25 1514
16 54 500
53 62 1474
0 9 493
55 54 135
54 50 299
67 58 1542
61 12 970
49 22 742
25 13 1634
12 4 1168
53 23 1772
27 12 1800
21 20 24
8 0 1554
17 58 1050
69 62 1560
27 54 296
26 38 862
18 11 1559
7 34 1384
61 30 1495
45 46 41
35 40 1406
44 34 674
47 36 964
25 30 1688
29 59 1550
52 32 590
44 22 618
42 11 740
13 59 40
36 56 1770
31 18 489
47 2 227
65 16 1058
65 6 747
27 60 1370
43 21 830
19 1 158
12 0 692
24 16 1545
7 59 1581
67 18 674
43 46 889
36 8 126
2 28 1296
16 61 1388
0 45 1033
52 24 843
29 8 1643
22 19 104
66 13 1166
55 57 1728
65 67 296
39 36 1511
47 18 195
59 20 633
2 30 1007
40 6 932
14 47 205
39 18 182
33 16 1102
30 11 331
17 53 825
42 1 634
18 54 910
52 26 1699
46 1 1465
22 30 363
52 12 187
6 49 334
56 69 1507
23 54 1924
54 16 402
33 38 705
42 43 1891
17 43 1698
32 6 1035
9 59 1020
53 63 115
45 28 59
60 57 327
11 46 643
51 53 316
9 61 1310
0 63 1045
23 49 313
49 20 1169
19 12 780
66 42 1634
41 48 363
9 40 397
47 25 673
50 14 1021
50 51 28
48 47 1818
48 52 1362
42 5 816
54 30 814
37 26 182
57 43 312
47 16 239
32 31 1568
17 46 1910
7 44 353
44 43 97
9 18 1144
33 6 1334
7 14 25
69 52 698
33 32 816
58 38 955
6 14 1845
29 9 281
26 56 1113
4 31 310
38 16 88
66 4 1614
47 39 1376
36 3 611
20 33 1871
45 44 1822
67 36 195
41 26 579
0 20 438
29 35 1722
2 36 1972
66 44 1278
4 64 743
64 55 981
13 36 1215
69 68 841
67 48 673
41 40 918
43 62 865
47 26 1020
54 57 538
0 21 157
69 11 333
33 60 1846
25 33 685
14 66 957
38 58 1464
68 14 1940
14 68 853
44 11 430
12 6 1942
50 22 814
46 29 1180
40 43 615
39 44 1983
66 54 1239
61 48 1193
31 55 260
69 65 1383
25 38 907
7 4 311
26 17 542
68 45 1691
69 6 890
42 26 1840
41 46 501
9 44 939
17 45 1476
62 41 1738
23 33 702
31 41 773
49 14 1214
3 18 334
69 48 1315
7 66 1468
34 62 1311
20 21 2019
4 60 1218
33 45 851
58 65 1116
58 1 1711
51 1 63
39 0 1693
65 48 1904
16 62 81
52 67 943
38 68 1091
53 48 165
39 19 1329
51 18 149
45 19 473
49 64 75
46 38 1955
13 41 812
12 54 707
45 64 1524
57 31 767
45 26 1315
14 64 310
47 33 718
13 3 68
24 1 1280
20 11 1127
4 68 326
50 19 852
12 67 384
21 37 794
36 17 1875
25 48 915
58 24 1843
13 34 533
45 5 314
21 18 888
1 33 1650
38 8 1714
5 38 1492
39 9 1866
45 35 459
16 1 936
11 54 629
68 2 1386
55 0 706
2 66 541
21 27 375
14 44 905
49 54 1220
48 58 1233
8 17 783
37 1 1912
50 0 1920
38 67 157
3 41 134
5 12 469
36 14 743
54 62 742
29 43 794
56 0 1606
1 40 1261
57 7 2092
9 60 1703
23 9 2118
13 55 871
20 2 1777
19 61 2117
20 59 1457
28 17 981
16 51 4
1 14 1274
34 61 1420
44 0 925
9 28 2104
38 44 721
18 48 588
17 18 478
41 34 875
30 26 890
55 31 1754
29 37 1827
64 33 1866
18 35 1146
69 49 1457
21 60 756
49 58 618
38 11 339
44 1 1670
53 9 439
44 18 1209
29 16 591
26 69 1324
41 31 788
52 17 830
60 45 1204
54 20 861
7 1 599
51 23 236
36 9 590
54 23 1330
58 17 2084
2 57 412
4 2 1143
39 46 885
26 30 2005
3 51 1951
40 49 353
60 54 188
63 44 1250
52 4 436
39 69 1445
53 29 1625
28 2 645
67 17 988
8 47 978
63 7 1134
60 11 999
55 11 1384
11 3 500
37 62 1710
36 23 1946
2 67 1069
55 48 2095
33 11 114
47 5 1447
51 45 2046
39 27 1871
59 49 80
51 37 508
57 29 662
62 22 295
7 32 1146
61 51 936
30 52 2105
6 60 477
55 53 310
2 29 1617
51 4 865
44 19 2196
2 27 971
8 41 934
51 5 469
14 38 354
26 47 1993
20 61 2122
27 51 1265
7 65 1538
6 38 166
0 2 2071
29 33 1631
37 7 1480
4 21 40
50 4 394
59 36 1414
23 45 248
46 68 1810
61 27 629
37 16 445
24 53 1224
25 32 204
41 56 831
45 9 200
69 9 361
35 59 999
68 20 1329
4 12 1233
2 64 535
1 34 1872
21 35 535
41 8 1819
60 51 2090
9 22 1516
10 60 31
10 7 56
10 6 11
10 67 35
10 34 6
10 26 3
10 41 25
10 35 16
10 5 30
10 8 4
10 53 3
10 31 50
10 32 45
10 18 28
10 16 42
10 37 37
10 46 63
10 0 57
10 11 65
10 1 55
10 44 49
10 47 43
10 13 11
10 17 37
10 66 48
10 28 22
10 55 62
10 50 16
10 2 56
1 15 6
4 15 14
6 15 41
7 15 44
9 15 33
11 15 65
12 15 3
13 15 58
14 15 44
16 15 62
22 15 7
23 15 68
24 15 21
26 15 55
29 15 2
30 15 25
33 15 13
37 15 49
38 15 53
40 15 7
42 15 15
48 15 11
49 15 15
52 15 46
54 15 29
55 15 21
60 15 52
64 15 63
65 15 67
68 15 46
69 15 63
