142
31
162 9 4
83 9 30
175 119 58
80 106 72
54 106 40
26 161 89
92 11 3
105 111 90
98 63 94
73 96 37
89 7 30
95 86 79
75 172 24
63 57 2
26 0 87
158 37 55
16 36 25
126 108 51
160 110 61
19 132 86
15 27 55
56 48 87
62 176 93
1 0 71
90 167 77
119 86 62
74 125 86
7 161 72
13 98 71
120 135 18
75 150 46
151 66 9
146 8 26
14 163 82
80 81 57
160 103 32
98 131 33
58 15 6
14 111 100
140 171 22
57 144 70
152 100 60
159 143 6
50 9 81
165 32 15
109 132 96
132 37 72
175 92 99
1 9 70
68 163 10
113 139 12
129 60 50
52 100 8
43 154 40
29 72 78
167 160 5
40 52 93
115 153 26
5 87 63
172 75 100
53 154 2
171 140 29
170 137 43
70 45 52
91 135 50
13 83 1
71 36 22
109 171 58
24 166 6
148 63 84
128 84 96
166 103 80
56 18 71
32 95 51
117 5 14
58 164 25
131 117 97
82 68 45
33 19 42
6 89 32
115 24 91
56 41 9
117 33 17
36 54 61
17 124 75
0 93 45
95 175 79
113 116 44
168 32 44
149 54 38
106 162 90
131 13 56
178 108 5
165 56 19
67 52 33
63 15 54
124 116 31
47 56 25
51 101 48
78 50 12
116 33 29
166 70 91
7 8 53
155 86 57
147 106 79
39 64 40
15 112 13
19 26 90
10 167 58
40 126 8
13 93 65
39 111 8
164 0 7
7 167 17
166 38 50
45 161 58
47 41 5
41 22 44
48 151 5
166 54 10
69 49 13
56 176 60
151 96 80
94 131 4
64 165 36
169 128 46
57 16 88
170 7 6
56 157 99
154 176 35
110 71 81
75 8 40
170 166 34
116 138 35
110 168 4
110 100 5
118 162 96
22 125 96
143 51 100
41 78 84
44 124 94
53 116 70
74 36 51
124 62 9
37 28 71
94 147 12
173 152 16
15 78 22
15 95 96
33 121 98
147 141 88
81 173 30
70 74 26
30 169 71
18 136 66
148 155 39
53 66 86
153 151 71
108 164 34
9 29 22
110 127 86
130 45 50
173 49 14
80 29 84
150 115 76
49 129 54
2 160 14
114 125 38
88 109 26
110 57 73
161 74 87
118 108 79
110 111 76
69 67 50
95 114 3
54 77 4
171 115 14
116 155 57
14 43 64
132 85 63
163 40 53
63 167 4
130 99 76
151 65 80
9 129 4
111 115 94
168 110 14
37 75 74
90 144 38
43 167 70
43 171 55
10 152 89
75 58 69
133 59 76
5 154 29
36 159 86
80 159 45
87 165 89
49 66 65
128 166 4
7 121 36
99 109 25
59 174 16
28 90 88
69 104 98
167 38 65
162 42 42
43 155 56
155 119 88
174 179 10
80 65 17
109 123 49
145 161 45
20 144 60
83 28 41
33 136 100
16 122 24
166 43 65
78 158 91
108 16 91
164 60 36
83 134 28
20 179 84
158 47 57
106 37 91
150 149 17
161 133 42
32 100 25
173 102 92
88 164 90
173 58 3
105 0 25
65 100 51
67 46 24
111 70 38
11 71 10
5 141 74
177 60 61
0 154 56
30 13 22
0 16 9
70 47 27
109 160 13
7 10 64
90 172 52
167 149 2
105 20 47
64 166 78
64 134 40
170 175 29
100 82 26
90 143 94
1 111 25
133 118 47
14 73 43
50 5 29
0 133 83
110 83 12
128 100 82
29 172 57
28 89 54
123 76 57
48 123 59
10 169 66
20 46 47
48 91 49
94 20 29
81 76 23
139 90 15
144 18 24
17 102 57
147 122 97
175 7 15
89 178 23
102 58 43
147 150 59
179 158 47
8 26 83
45 125 97
39 173 85
174 33 91
100 66 76
134 62 9
6 153 52
169 1 58
82 92 46
26 72 91
63 3 22
79 134 81
71 49 3
59 45 37
178 85 24
106 159 75
131 128 5
44 106 60
52 119 52
138 83 22
20 151 18
173 22 93
116 27 38
55 110 98
0 130 93
91 115 35
108 4 95
53 135 97
72 87 43
151 70 89
165 154 72
175 13 32
86 147 23
151 122 3
0 5 78
15 151 15
21 179 79
147 100 75
75 179 74
33 100 73
64 76 43
37 178 41
147 149 17
49 8 5
122 94 43
136 91 73
102 163 70
152 163 61
43 169 37
172 167 73
118 37 13
110 52 84
24 38 67
97 83 12
179 172 67
155 79 95
129 110 32
3 79 89
140 60 46
97 22 93
171 108 61
93 144 71
153 51 86
126 178 97
128 73 34
48 164 56
95 71 68
77 24 41
132 28 28
136 160 83
133 161 65
86 172 15
28 47 64
47 91 60
17 60 48
105 8 62
123 98 40
16 80 62
21 69 38
32 107 78
179 8 33
38 112 38
26 160 1
45 60 85
20 26 99
161 44 75
24 159 49
28 160 88
137 175 50
109 117 69
170 131 48
69 47 26
50 145 1
122 66 57
109 51 42
50 179 83
170 70 42
42 70 29
115 163 64
70 90 84
6 21 53
99 114 59
86 52 31
153 131 26
97 12 35
165 125 24
118 174 56
18 168 55
88 81 17
4 88 52
113 158 99
26 128 30
63 47 70
101 153 53
37 62 39
40 134 33
46 74 63
40 70 65
170 107 51
131 139 4
69 13 22
35 38 39
104 34 93
118 139 71
24 11 52
84 63 85
171 0 15
48 140 49
63 10 76
168 150 64
82 71 74
153 81 20
113 96 65
108 89 27
100 26 3
9 131 24
136 86 32
103 38 14
114 9 64
125 126 11
171 154 6
59 21 57
27 141 19
77 110 52
23 43 33
90 138 9
87 9 64
96 106 2
159 100 32
34 103 52
87 82 54
26 65 71
98 70 78
13 106 1
11 174 60
175 79 32
46 64 85
179 32 4
32 154 10
102 117 86
76 41 36
21 122 63
99 179 73
175 136 61
131 151 65
176 16 46
135 43 12
100 69 71
6 128 85
177 153 6
133 168 46
134 113 47
110 172 85
90 155 51
129 42 71
163 111 63
138 51 68
179 29 73
119 134 92
28 149 39
38 39 57
1 81 48
12 107 95
27 155 60
29 125 38
1 38 50
8 149 44
146 129 27
72 17 97
42 134 23
76 126 45
33 65 91
59 28 38
146 59 94
62 87 32
78 99 81
139 5 41
25 59 100
147 64 14
68 25 22
166 137 67
172 54 20
120 130 7
141 37 15
25 155 2
116 64 31
78 114 36
73 130 45
147 81 94
35 117 74
163 145 91
75 88 45
51 64 37
102 112 84
127 78 71
0 57 81
34 51 15
144 96 44
20 12 36
97 141 32
107 119 6
73 40 69
79 170 58
3 164 99
143 165 19
169 11 82
141 43 59
85 131 96
116 70 10
29 148 49
102 81 68
79 36 6
140 93 9
134 15 16
109 125 18
174 62 52
137 113 45
155 165 63
73 22 19
98 101 97
55 153 78
78 84 5
93 35 44
84 8 36
43 54 27
120 8 44
135 91 49
9 130 57
54 110 64
178 90 15
58 65 35
159 130 16
43 69 93
36 68 43
178 162 51
117 13 67
125 76 98
72 102 77
57 93 11
11 38 59
83 117 100
57 90 11
36 169 7
9 118 60
73 108 30
123 67 73
72 9 19
168 65 78
179 18 1
62 118 27
14 148 99
34 0 15
108 147 28
32 131 12
100 28 3
68 97 19
149 24 72
79 3 27
49 109 28
28 128 9
140 90 22
25 60 100
1 104 46
174 28 48
167 28 31
125 77 37
163 55 3
50 78 90
66 97 85
74 123 1
54 138 48
60 0 50
103 15 84
153 58 36
72 38 59
120 139 66
1 128 61
106 110 12
130 132 4
156 35 52
18 80 92
22 90 90
152 30 76
138 141 97
111 121 61
156 6 49
41 108 61
110 154 38
156 176 41
64 63 2
163 110 47
84 163 23
77 95 67
42 92 65
52 174 96
163 46 28
61 172 2
70 104 13
88 115 70
175 55 24
151 81 26
69 38 88
88 7 54
170 19 64
9 56 18
44 72 98
50 36 73
21 61 95
93 161 85
137 171 55
91 32 25
91 70 73
99 36 6
151 56 81
126 52 89
16 99 66
51 117 26
75 72 59
53 90 35
123 158 7
10 11 36
13 140 41
96 108 12
161 49 33
0 126 72
61 30 78
146 47 49
3 28 69
144 36 82
72 89 45
66 166 12
36 107 20
71 118 98
45 107 100
73 102 47
73 63 40
139 79 92
25 173 75
1 51 2
54 84 77
179 48 30
113 134 13
8 75 77
105 179 42
52 62 22
117 158 81
27 103 58
140 55 46
11 109 51
68 130 66
110 70 84
146 63 76
82 109 84
152 137 98
95 29 81
56 139 86
63 61 11
42 104 95
68 157 42
23 45 60
69 22 99
151 104 57
178 69 62
126 42 27
77 160 14
176 77 43
99 17 42
54 36 24
60 158 3
71 168 85
67 168 36
175 8 97
81 97 63
10 131 60
126 69 64
125 21 49
0 75 82
10 107 1
120 6 13
80 83 56
10 28 93
168 29 80
137 173 93
48 133 35
70 179 75
126 55 72
123 175 6
87 149 18
72 28 14
27 26 57
155 60 55
124 113 20
177 33 62
37 5 24
65 170 85
128 44 14
11 177 80
66 123 32
124 169 7
112 170 91
128 52 23
119 167 30
93 124 2
77 121 10
42 48 84
17 8 39
111 93 63
56 136 6
13 33 63
34 90 24
150 136 88
163 65 57
119 126 97
74 19 62
154 175 82
64 159 28
61 27 18
144 73 4
15 73 45
114 54 64
2 5 44
37 92 14
33 105 54
148 110 61
120 9 54
133 49 58
163 127 65
73 147 3
158 93 20
143 158 70
42 37 98
106 58 68
108 105 83
81 116 37
35 159 74
162 143 93
0 89 41
93 120 100
123 40 30
138 3 51
145 80 27
25 163 49
1 173 85
162 70 34
62 77 85
98 72 11
116 144 27
81 20 72
106 163 26
21 177 40
119 65 57
74 141 10
83 29 27
20 155 4
96 77 5
51 141 1
143 128 80
16 138 31
141 13 56
82 171 92
63 169 59
172 81 55
145 89 25
109 12 14
75 54 41
150 32 11
98 27 29
28 43 6
30 118 75
76 101 37
58 160 61
4 110 42
139 175 94
159 25 99
69 105 73
48 120 74
132 50 28
154 100 83
121 10 3
44 140 68
145 3 68
164 124 14
32 105 18
138 46 8
45 26 50
67 170 1
126 145 89
47 128 75
54 71 56
85 174 31
5 122 15
95 102 52
4 140 1
8 122 89
7 81 38
111 133 73
78 106 82
126 32 9
62 127 95
107 96 61
170 102 34
121 66 86
111 77 6
75 63 4
44 149 43
37 133 97
93 129 25
128 132 22
98 54 73
74 80 60
6 167 36
102 0 21
125 124 45
165 95 75
82 67 61
61 85 64
70 97 31
90 118 14
140 15 17
78 40 76
114 82 54
108 51 32
165 76 98
126 155 93
65 81 53
113 34 12
53 168 77
150 148 64
152 29 56
87 29 3
83 155 73
95 43 25
44 18 45
99 98 46
25 166 39
102 16 16
149 38 99
144 167 31
90 166 21
128 113 10
39 10 88
58 98 77
19 102 17
130 164 89
40 114 25
71 86 23
41 5 57
1 170 93
24 160 83
104 154 35
157 104 23
58 127 57
15 140 91
157 29 88
12 42 37
154 167 67
71 162 8
38 45 54
178 88 47
167 118 51
28 136 99
167 139 81
2 89 66
141 113 61
1 92 71
72 79 95
167 48 57
144 125 54
33 10 80
1 143 35
178 170 97
159 46 37
62 105 84
86 94 73
101 172 97
70 69 58
24 167 84
49 169 92
54 94 43
7 60 18
64 170 59
57 121 23
51 123 26
0 102 100
0 144 9
4 75 35
90 88 58
154 3 18
67 99 49
157 80 61
135 45 91
108 119 15
44 114 86
162 72 6
37 172 18
105 78 55
80 53 55
48 36 98
113 173 32
84 151 40
44 107 92
165 25 67
83 118 17
29 145 20
137 51 84
40 115 5
22 74 88
47 104 6
78 80 38
119 170 14
50 115 78
78 26 70
79 70 1
122 28 7
108 33 50
114 110 11
126 158 66
147 69 12
128 143 65
153 84 9
127 41 83
8 128 23
118 96 63
63 107 76
178 2 55
146 21 99
67 28 27
153 117 84
119 13 3
15 138 96
118 48 60
109 21 63
61 155 48
10 124 24
39 24 74
121 51 64
72 35 7
110 135 35
62 103 61
98 167 6
14 125 16
159 128 37
56 134 22
157 0 80
76 106 29
1 35 75
37 44 20
59 122 66
25 43 11
106 125 79
175 112 58
42 66 8
23 84 68
143 120 34
45 50 72
171 29 3
82 73 54
12 48 66
58 146 79
48 8 96
63 35 84
91 118 31
124 94 90
145 139 92
136 120 77
61 98 88
41 129 60
160 102 95
127 116 100
60 121 78
86 118 83
6 52 71
18 75 23
7 55 50
96 90 66
65 2 73
16 103 59
65 8 44
177 141 96
150 30 37
168 174 41
10 136 24
123 80 3
167 44 59
45 135 27
56 122 1
97 157 98
21 85 76
77 25 9
4 22 82
96 178 82
16 56 65
168 10 11
152 50 75
165 115 76
93 75 75
94 21 48
33 75 94
174 160 76
28 41 16
126 36 68
29 75 27
43 1 51
105 13 4
158 149 61
70 129 7
26 132 28
37 79 32
120 81 55
140 115 2
9 89 4
1 26 34
123 126 75
136 47 37
171 28 11
67 76 4
20 150 2
112 175 32
84 22 18
81 89 13
29 116 79
123 149 99
12 69 25
15 43 21
103 157 48
154 149 8
73 9 23
130 104 81
155 43 26
132 122 90
44 19 34
47 18 89
50 91 51
158 50 42
49 39 69
110 74 29
94 14 46
127 177 89
140 98 80
8 0 44
46 109 20
93 158 29
157 76 76
147 32 67
169 76 4
71 92 58
65 176 66
167 0 80
40 141 77
135 59 30
89 176 19
0 83 45
146 177 89
103 42 57
170 122 25
73 158 72
61 5 83
19 107 41
138 92 17
85 163 73
87 38 22
114 4 5
82 108 7
149 93 59
167 23 21
121 75 11
30 60 42
153 14 68
175 49 9
52 6 64
148 119 6
3 179 54
71 159 91
139 146 44
58 123 3
51 126 44
79 104 68
1 146 30
63 96 64
150 129 26
18 97 49
138 129 76
151 131 60
171 74 67
165 28 68
146 80 3
104 171 83
2 40 97
3 168 16
49 177 37
20 92 21
87 8 45
56 55 54
81 151 30
159 123 54
33 116 4
100 36 41
59 26 30
78 135 48
101 6 73
122 136 15
7 165 39
63 77 79
91 151 88
162 53 49
144 47 13
50 144 30
106 19 52
170 172 65
108 73 8
119 20 24
118 112 46
179 137 100
2 173 1
102 24 66
127 154 1
86 83 71
106 41 54
89 84 90
83 64 5
100 13 55
173 155 8
149 127 20
26 137 14
100 154 82
62 38 4
94 54 22
29 63 15
69 131 30
47 131 87
13 136 40
33 108 19
108 96 12
111 15 26
71 93 27
108 63 69
81 169 59
59 41 93
32 145 41
148 53 75
37 66 49
152 59 39
157 97 74
89 123 46
172 140 8
26 143 51
42 11 14
11 97 65
173 103 98
28 72 56
149 70 85
35 157 22
50 82 16
114 112 85
13 134 56
2 97 34
143 124 82
29 58 35
22 26 95
98 57 98
134 93 23
96 75 81
168 48 64
147 108 12
73 56 41
61 3 25
39 174 77
8 130 20
103 56 19
53 8 95
1 110 80
173 105 15
110 119 86
54 131 65
121 62 20
99 171 17
137 23 4
62 117 52
159 57 36
66 140 4
25 150 52
65 155 55
172 98 23
2 8 89
133 87 39
6 101 40
89 80 31
158 34 15
128 117 34
38 72 95
126 156 33
170 27 4
50 35 75
141 57 17
45 140 79
86 102 51
176 172 46
38 152 43
64 54 59
43 15 12
93 163 11
158 43 5
55 135 81
26 86 15
153 93 70
137 122 20
135 15 31
148 90 63
2 80 56
72 174 52
39 79 88
102 63 48
149 60 23
58 87 15
18 15 2
112 38 43
36 16 79
119 130 92
124 157 1
138 168 21
150 48 47
9 169 75
38 25 17
75 105 60
113 93 14
34 54 21
3 117 34
26 69 40
104 46 73
15 99 82
120 115 24
140 84 51
161 106 51
11 65 44
171 9 15
53 89 91
108 160 53
131 169 6
173 162 64
138 146 62
29 12 54
151 35 65
42 139 10
113 163 10
88 99 92
17 10 84
88 53 31
101 104 31
27 147 16
92 91 28
176 80 62
125 85 51
117 83 38
47 162 19
27 113 33
64 41 36
158 129 31
153 67 20
136 117 55
152 66 10
133 46 74
77 42 49
157 39 63
23 152 82
100 124 8
106 77 7
102 168 21
68 178 94
170 41 39
1 54 91
138 38 67
103 124 90
76 100 79
152 65 92
62 94 50
118 155 57
166 111 63
115 145 12
129 29 97
63 92 60
107 166 70
125 73 42
137 72 86
109 93 45
23 137 52
4 144 68
27 15 41
55 111 11
123 60 77
143 159 43
27 99 61
163 30 97
140 34 72
126 161 93
92 35 92
43 130 33
102 139 66
178 47 50
130 46 7
130 177 15
7 48 90
124 178 76
52 176 1
57 5 37
96 65 49
147 151 56
49 46 91
93 119 28
126 165 18
92 74 13
132 66 6
50 77 21
57 167 24
86 150 87
110 36 47
115 7 17
177 145 82
62 122 61
92 49 69
55 14 18
15 117 26
109 80 72
7 135 91
23 71 53
67 22 64
171 175 33
98 51 88
92 87 20
12 132 75
44 10 48
75 10 62
81 132 36
95 140 75
141 29 17
78 24 76
20 159 41
64 50 80
43 71 24
130 166 95
58 28 44
157 4 3
131 8 96
33 137 65
64 178 98
133 134 22
152 124 64
175 78 57
126 135 37
167 107 19
114 160 55
6 47 26
26 57 45
165 120 3
30 126 85
174 19 74
143 88 43
163 0 88
175 4 14
39 60 24
132 20 46
63 82 73
9 65 36
91 68 47
139 7 62
112 77 85
17 59 78
158 42 64
36 145 10
147 16 72
161 100 7
107 70 43
109 42 11
12 7 60
172 158 15
13 94 32
23 62 25
157 65 97
155 50 18
62 53 86
75 21 7
179 92 26
80 116 71
164 133 53
100 121 13
18 51 32
132 32 26
46 162 16
44 5 49
162 84 92
93 36 99
47 178 67
21 13 15
54 154 94
114 124 72
133 119 26
61 138 75
60 33 42
161 42 22
169 104 10
78 118 52
160 3 77
138 76 51
150 118 13
90 9 61
55 141 82
92 119 50
7 115 22
152 41 82
92 89 89
23 51 58
153 167 71
56 170 19
149 163 72
61 126 30
102 66 14
29 122 74
175 76 54
156 177 26
82 20 56
146 54 47
94 98 24
151 174 31
13 30 67
87 131 14
43 86 18
103 160 63
61 167 58
110 37 51
64 104 86
115 168 99
122 72 60
157 100 37
162 13 24
46 89 69
43 83 44
127 39 76
60 139 69
36 170 50
30 15 79
100 72 33
132 130 4
11 124 85
130 179 1
93 45 54
66 156 49
13 44 56
65 149 43
130 10 63
114 64 59
3 140 44
116 104 49
46 11 9
77 23 45
34 20 50
39 102 40
174 95 62
156 106 65
58 165 37
100 116 94
124 152 99
97 146 21
169 45 76
9 69 74
3 155 82
37 27 43
98 46 96
178 84 47
132 125 27
11 104 6
1 158 63
114 5 2
11 19 77
163 98 70
110 79 46
146 128 36
88 4 89
136 118 58
10 74 48
124 76 6
53 163 50
58 77 95
132 159 47
92 70 93
77 6 74
72 148 51
19 9 12
1 140 89
69 45 84
61 146 33
53 5 48
23 103 6
1 123 24
85 164 96
85 10 80
146 79 70
127 170 90
118 61 90
0 43 72
55 82 18
99 173 18
121 4 93
53 124 85
178 66 51
42 162 40
26 163 23
60 148 74
168 123 97
104 134 7
178 79 6
154 43 34
51 10 78
47 71 54
99 59 76
24 143 65
134 179 96
29 169 11
51 24 21
163 39 99
157 49 71
175 164 29
10 53 15
88 129 63
24 114 43
64 16 50
51 93 91
76 116 84
100 138 50
114 90 42
12 55 23
20 130 46
74 145 91
83 129 23
71 114 49
41 93 61
59 40 46
122 137 84
144 159 68
84 164 37
42 168 61
19 25 37
127 172 7
121 160 10
76 119 75
166 85 10
95 105 21
119 157 25
165 18 10
134 54 8
111 129 71
168 143 27
156 118 2
16 95 83
123 104 93
2 148 11
111 33 52
107 130 14
143 17 77
171 49 13
102 72 17
67 145 56
95 119 83
6 4 90
74 87 36
112 116 80
116 128 82
172 132 98
135 120 22
131 171 55
51 103 29
157 28 41
58 23 51
73 34 55
40 87 65
143 104 95
136 137 1
154 128 3
103 84 61
113 10 45
119 90 75
93 98 3
131 99 2
10 165 83
156 26 97
101 33 91
115 121 94
20 18 84
86 0 99
130 49 55
24 26 58
71 100 25
126 173 39
62 42 25
166 58 5
11 158 99
62 172 6
101 81 96
88 136 58
19 69 99
135 175 89
36 66 47
107 60 57
36 79 73
143 55 12
128 89 44
178 138 76
60 15 67
171 4 53
118 160 2
45 33 25
104 2 25
136 69 42
150 85 74
24 58 12
162 150 51
174 99 68
3 124 37
43 157 10
35 4 92
157 145 37
0 82 86
8 67 50
124 160 46
147 97 28
100 42 54
32 130 49
48 73 46
39 169 10
100 60 56
32 70 76
11 121 29
163 133 37
161 10 39
18 178 51
143 0 82
160 38 56
144 86 8
131 138 72
4 74 39
16 102 11
153 96 44
151 157 31
65 41 17
10 80 59
105 40 67
3 34 70
55 59 47
59 114 10
43 136 86
20 75 49
28 127 64
159 127 9
156 140 23
160 169 16
24 141 68
168 4 90
130 136 13
17 39 77
22 133 31
134 70 6
167 62 62
98 178 26
133 63 20
96 157 30
91 126 91
80 141 56
151 121 12
109 106 4
98 44 68
65 109 7
46 53 39
155 168 74
132 100 70
58 10 11
177 108 61
48 13 84
121 5 51
155 137 65
29 25 66
100 96 82
38 161 75
159 152 48
130 96 60
16 55 7
96 34 56
164 165 32
33 167 80
3 35 32
46 90 70
44 43 3
22 131 39
17 135 56
116 93 54
55 0 11
178 164 87
88 45 38
30 87 46
38 81 79
93 122 62
157 173 41
13 127 13
112 121 71
107 56 12
69 107 22
38 82 59
80 119 28
83 96 13
55 35 23
128 4 47
83 13 58
23 120 92
34 61 46
26 30 15
51 59 36
102 95 22
101 23 77
60 20 32
15 105 22
51 40 100
105 86 17
80 9 28
134 52 6
1 49 1
27 176 47
108 179 33
120 160 39
136 21 94
179 111 30
16 49 28
144 97 26
143 145 44
58 60 97
29 61 87
128 87 97
60 92 71
106 54 15
111 147 88
82 37 6
100 1 23
11 52 47
100 165 36
156 117 8
47 77 43
136 156 30
127 35 46
134 156 99
13 105 53
157 81 92
13 52 88
160 84 92
71 84 42
111 86 66
12 60 71
18 148 27
11 14 32
147 138 69
122 9 5
159 27 12
74 167 42
10 94 22
127 135 27
72 159 45
123 131 84
57 36 52
104 163 9
119 11 96
93 165 21
40 159 81
40 13 33
118 134 50
131 135 9
147 148 64
132 152 91
105 41 34
124 132 89
165 12 42
126 3 85
109 83 8
81 94 17
80 52 68
74 173 73
152 101 68
46 52 12
15 115 31
50 98 30
47 62 5
57 149 91
158 134 97
76 16 76
170 24 68
169 80 56
41 158 89
43 177 30
150 127 52
166 173 37
13 158 23
20 125 57
98 95 22
55 43 75
29 84 25
136 40 66
93 131 82
113 101 22
33 115 39
129 119 58
104 37 68
51 39 62
130 51 41
152 171 73
7 47 65
113 95 69
33 154 3
90 107 25
26 56 4
156 112 64
138 75 20
26 22 22
67 155 40
25 72 41
58 96 48
71 64 93
121 16 18
133 92 28
126 91 88
97 104 40
118 131 35
67 110 96
45 152 6
43 24 49
0 139 73
102 173 3
60 48 2
62 144 15
122 50 66
148 172 85
59 173 60
90 93 48
148 32 49
164 173 94
68 20 43
141 146 5
11 18 44
53 113 40
162 32 15
155 15 90
130 109 25
127 48 94
116 32 32
159 115 63
16 135 49
43 18 23
28 159 88
94 114 28
125 19 27
127 132 56
172 14 70
62 52 51
152 37 33
4 1 62
132 84 48
168 85 93
51 53 28
161 23 47
16 40 12
0 131 1
74 72 40
40 130 38
14 76 44
42 158 42
134 36 55
151 32 100
55 75 8
110 69 82
13 131 5
168 103 58
2 46 63
57 32 80
7 91 68
161 152 17
42 152 100
48 66 83
168 55 31
11 85 52
84 83 14
28 1 11
103 11 78
41 171 92
16 28 80
6 71 3
141 15 38
46 58 10
53 148 69
117 103 26
61 107 6
172 26 91
18 41 61
20 132 28
47 76 47
51 57 15
150 5 2
160 179 82
129 160 91
120 60 91
77 35 33
28 30 46
2 23 11
10 113 74
96 5 76
46 149 36
153 170 13
157 148 28
175 6 34
16 120 20
134 163 21
116 18 34
87 120 64
39 25 5
168 93 5
55 157 95
166 101 30
41 59 61
111 153 36
159 105 81
68 109 54
62 57 52
171 127 23
40 48 34
47 37 52
46 68 81
108 79 37
29 7 69
15 144 99
141 135 74
115 48 18
33 112 53
121 114 2
111 34 13
154 98 48
29 3 30
117 17 97
84 104 83
160 117 57
6 151 99
49 111 93
11 50 44
70 122 100
106 56 100
74 3 41
2 78 57
124 100 47
16 156 82
156 19 100
42 47 38
96 35 19
73 30 19
164 36 76
64 156 20
81 102 3
108 177 72
18 124 50
32 170 51
124 70 78
107 97 2
99 135 67
36 83 45
73 155 46
148 50 34
25 179 11
66 134 21
13 18 62
52 5 6
40 167 74
148 30 47
19 74 13
153 118 14
14 93 91
76 141 82
75 61 59
132 162 18
90 47 96
174 94 72
166 9 80
43 145 2
58 128 57
117 75 87
175 60 84
124 99 40
75 149 16
164 152 52
15 168 81
38 1 84
23 148 7
22 124 28
130 119 52
89 12 88
161 80 73
3 1 34
17 172 24
84 56 73
58 169 47
148 160 56
17 75 52
159 178 33
67 56 62
171 132 99
32 63 96
144 163 85
79 19 86
150 52 43
171 107 89
165 114 6
47 40 17
172 72 49
174 159 78
120 4 60
12 130 43
26 66 92
93 178 13
21 96 14
29 176 43
41 68 15
6 78 90
71 179 8
125 175 35
160 174 19
163 51 89
145 53 71
74 150 80
24 40 97
96 94 17
69 120 73
23 50 46
159 2 65
68 91 26
67 112 98
37 86 58
115 50 43
81 137 21
93 37 47
80 18 18
79 1 99
28 144 48
5 144 5
36 32 37
137 155 33
74 164 92
122 47 33
84 51 74
101 34 45
135 145 53
174 139 23
98 78 17
0 151 51
56 90 72
36 1 63
17 100 79
78 101 5
51 113 70
82 162 73
82 110 97
36 128 54
144 87 52
105 98 52
20 121 5
77 152 86
167 147 22
89 122 33
5 20 94
135 30 12
1 83 26
146 48 45
150 108 33
157 15 96
103 5 36
79 173 87
96 40 99
6 159 73
51 171 66
46 80 51
18 125 75
169 67 90
163 92 16
25 61 55
93 117 63
143 37 30
66 138 20
94 79 1
136 130 41
72 53 14
91 162 7
13 130 13
116 139 37
58 39 53
86 10 31
74 9 63
133 36 17
5 37 23
149 146 99
131 90 88
3 29 59
65 78 14
132 160 48
109 99 21
160 128 72
154 97 14
57 28 59
147 61 39
147 5 32
42 120 9
174 110 10
122 34 6
135 48 20
71 37 91
127 165 69
172 40 80
60 164 79
108 12 24
20 70 64
20 6 92
47 145 43
72 168 69
171 38 6
83 91 1
24 13 58
150 81 2
36 65 30
45 146 58
172 11 99
87 139 62
152 9 32
121 48 2
8 83 70
116 41 84
12 28 11
64 114 79
106 88 47
140 122 28
148 122 42
169 136 47
80 51 84
107 154 30
88 135 38
115 170 74
85 32 100
129 72 40
30 67 14
28 112 76
99 20 32
133 145 66
119 37 28
35 82 35
132 135 90
171 76 75
10 68 95
132 29 87
21 53 44
153 146 54
25 74 60
11 122 43
108 41 91
109 178 59
69 85 47
59 27 78
111 49 73
109 84 67
6 11 31
82 138 21
72 156 67
2 86 26
68 37 88
100 134 97
154 109 89
70 148 30
13 41 94
36 112 55
160 71 53
58 13 52
41 23 62
127 114 99
20 136 38
84 112 6
153 7 55
135 38 35
164 79 24
125 139 76
75 67 91
105 42 94
48 105 74
110 136 45
48 115 30
169 179 22
22 152 12
16 110 27
63 148 90
168 3 96
70 89 63
107 88 77
47 68 4
57 69 20
39 177 33
33 111 84
135 113 63
21 77 93
55 155 5
139 42 49
138 33 81
89 165 30
59 12 69
17 93 53
160 40 83
74 119 83
78 64 4
44 104 74
9 90 41
98 100 13
44 3 50
93 82 44
35 167 54
116 161 25
104 9 54
120 26 93
88 131 87
79 37 6
26 27 96
45 94 43
52 14 18
53 34 44
167 22 90
96 154 68
141 124 55
47 155 13
51 97 71
115 119 85
35 110 61
148 71 66
129 117 83
85 148 33
141 157 16
170 77 46
116 60 43
171 24 60
86 58 38
143 86 8
62 174 82
29 34 54
5 48 64
74 8 97
46 107 39
118 56 82
141 169 14
115 104 36
59 90 9
165 42 88
173 146 38
96 163 53
7 20 27
168 138 58
42 150 69
79 20 17
123 173 15
39 157 59
14 115 54
72 32 57
92 6 57
148 113 47
7 52 41
85 66 93
152 141 42
174 47 39
69 153 78
107 131 71
108 40 36
1 160 9
83 66 57
55 171 4
144 32 26
76 128 42
121 126 1
108 110 23
96 117 89
133 23 75
150 3 52
172 135 14
12 3 29
25 77 59
129 126 38
10 4 96
123 116 57
151 117 76
119 88 7
24 69 86
85 175 84
46 51 16
57 72 14
114 62 37
56 40 92
17 89 88
157 103 5
20 166 42
64 129 48
36 116 44
80 132 25
166 86 17
30 76 100
23 40 29
26 125 13
2 22 10
58 7 19
177 169 33
80 145 63
116 119 57
115 159 88
102 146 8
16 46 93
48 178 68
51 22 44
21 117 30
71 166 61
101 150 83
52 51 12
9 163 93
117 52 21
120 5 59
85 114 37
91 131 29
12 157 76
35 10 72
145 131 62
53 27 47
103 39 78
162 63 67
158 90 52
155 170 14
40 120 62
46 45 58
38 173 90
81 103 87
73 16 34
25 104 63
34 85 82
72 34 43
178 102 74
67 10 34
30 106 33
139 163 69
38 3 21
28 98 56
32 81 91
60 114 16
57 25 36
125 36 45
21 164 28
76 117 30
80 1 43
125 140 10
32 157 59
145 44 80
179 83 25
1 59 75
94 84 93
49 15 14
112 43 84
88 166 2
58 167 97
96 172 70
114 19 7
144 83 85
49 36 5
84 132 25
147 154 65
67 95 54
35 128 60
1 126 99
113 108 2
97 61 93
45 54 32
45 38 61
175 89 66
116 11 17
172 32 39
53 98 35
1 168 20
35 155 32
76 75 35
140 26 78
79 129 65
59 118 54
109 8 79
141 120 3
149 139 19
70 7 84
75 107 45
175 69 47
81 27 100
1 157 81
95 72 51
11 169 52
75 19 60
112 117 68
108 37 41
136 148 78
23 138 3
20 140 57
49 17 65
157 88 76
168 133 93
125 89 8
160 175 75
176 57 30
57 97 61
110 62 86
51 14 24
23 121 91
145 174 30
157 153 92
32 122 97
15 97 67
27 82 94
21 174 58
131 51 5
162 25 15
139 35 15
49 71 24
30 133 94
39 13 85
16 158 89
128 35 83
126 60 78
37 14 10
75 165 57
47 124 38
24 109 96
77 158 63
152 61 62
159 66 22
23 108 84
88 138 30
55 163 85
32 12 90
173 134 25
143 59 17
32 60 2
64 96 64
95 37 28
164 140 93
152 46 92
56 87 94
106 113 11
45 97 70
35 59 50
151 27 37
134 119 3
150 123 59
96 36 11
166 129 98
97 96 4
74 52 30
118 79 93
134 98 34
124 68 59
14 28 92
37 157 81
94 33 47
49 21 79
81 53 71
129 157 98
47 147 92
146 133 10
90 15 64
104 150 89
12 11 89
179 107 85
129 78 66
153 102 100
100 62 11
66 23 38
79 28 3
13 115 48
52 94 34
103 25 34
168 52 15
172 83 7
83 178 60
19 52 74
122 168 64
103 53 72
96 58 82
28 122 33
89 1 83
133 53 70
20 145 77
57 100 99
70 21 47
63 152 35
23 79 43
62 89 79
120 165 44
91 5 15
162 64 10
30 47 11
170 121 50
21 14 33
170 138 56
104 63 37
38 24 36
54 178 18
19 28 3
106 27 9
45 118 22
90 160 51
97 6 24
132 151 11
55 151 63
6 36 43
48 59 34
4 56 56
13 5 90
113 119 99
72 122 2
84 20 90
61 116 15
149 32 82
39 62 12
111 27 43
118 21 74
48 170 8
99 175 70
78 131 35
56 144 56
14 3 25
123 69 61
29 54 100
44 105 40
137 41 100
156 61 48
134 111 10
35 175 33
57 111 96
44 171 98
112 37 8
47 58 62
175 131 41
16 141 70
63 138 47
90 163 23
77 135 59
53 95 68
13 58 76
11 93 65
57 76 90
61 132 9
113 80 14
171 10 99
81 124 23
82 115 10
34 5 59
52 101 38
126 129 64
15 171 55
89 9 27
140 49 47
67 119 48
56 108 99
21 80 91
84 97 36
69 167 57
170 3 81
40 8 20
67 164 36
90 115 8
139 88 55
66 133 1
90 5 36
108 61 59
110 112 18
37 100 61
14 173 47
144 30 41
173 172 65
75 28 28
53 96 22
45 27 10
61 152 3
98 143 72
80 25 97
107 12 52
30 45 69
169 139 85
60 32 23
28 95 74
86 160 92
48 63 89
173 106 5
119 12 81
145 60 52
27 45 46
28 178 58
77 129 71
124 56 62
93 149 13
169 52 41
80 43 18
23 134 77
107 10 87
117 156 15
21 139 77
16 145 27
91 42 32
90 98 70
154 107 16
107 49 8
122 139 49
122 51 26
118 4 95
154 39 71
156 65 58
97 164 40
59 111 57
105 48 5
75 46 6
154 87 77
48 104 21
89 116 65
58 63 61
52 133 48
178 169 51
22 21 58
123 8 87
116 80 13
49 78 60
171 40 38
33 70 36
45 12 16
97 170 94
17 63 18
159 135 5
42 65 91
174 158 55
100 101 13
131 63 11
110 123 21
94 129 22
113 21 38
6 157 21
176 36 81
27 105 22
5 106 31
19 145 55
154 52 36
134 16 86
60 70 11
88 75 59
128 123 87
146 86 47
92 176 77
17 174 38
44 80 4
103 91 61
10 154 84
63 132 33
154 67 66
167 55 88
65 76 76
23 36 57
87 163 42
26 173 43
117 144 22
38 116 37
156 42 83
11 108 40
64 158 18
143 93 22
106 154 13
68 15 85
38 10 28
59 131 44
19 38 52
127 14 92
89 34 27
27 137 16
161 95 39
144 9 84
23 131 96
71 127 16
103 70 87
113 37 27
122 60 40
173 148 46
105 94 23
37 73 42
46 26 77
146 150 28
53 100 41
79 166 34
107 117 72
168 100 87
122 98 64
132 175 8
139 74 62
98 68 52
105 50 85
114 3 39
74 128 89
9 98 17
123 155 37
154 156 53
52 39 71
41 177 61
81 7 74
167 11 38
123 106 64
79 116 93
1 172 98
67 179 64
112 60 76
139 157 46
66 7 66
119 24 77
154 69 60
80 134 73
113 118 65
168 159 31
66 24 1
176 47 20
157 60 78
121 56 17
144 28 57
2 87 4
110 7 92
26 84 48
138 124 53
50 45 51
169 108 33
19 84 17
131 2 1
158 9 80
145 50 58
143 113 43
113 121 9
108 60 30
103 65 30
177 129 74
8 96 1
85 168 93
59 69 92
64 87 31
118 149 34
49 91 89
67 70 82
95 60 34
46 71 85
0 107 36
64 119 95
15 89 65
74 160 65
109 45 31
108 76 26
99 139 42
68 4 97
136 131 15
177 132 96
22 158 53
95 177 38
100 65 47
3 60 22
112 167 62
99 15 67
94 30 10
108 130 62
141 176 77
118 17 50
85 33 49
0 17 61
103 61 88
107 178 12
97 48 75
103 43 30
68 102 31
168 54 43
24 23 98
28 39 46
14 153 53
57 83 45
106 127 42
49 137 44
147 52 79
39 90 18
64 72 72
179 65 30
20 162 80
56 101 14
139 106 77
25 73 49
54 132 70
137 22 59
144 60 3
15 52 88
25 176 56
40 20 18
106 73 8
81 70 62
89 61 35
50 20 52
52 159 19
8 91 70
127 54 9
163 42 6
169 34 82
77 8 58
53 18 12
108 109 99
86 71 2
122 59 1
86 87 57
175 39 98
166 120 36
120 106 44
3 109 39
37 21 1
112 160 35
55 130 66
73 10 15
55 94 59
179 9 42
131 160 31
65 101 72
161 168 77
132 81 82
13 1 16
123 50 6
163 6 28
30 121 29
170 118 36
147 159 95
108 122 5
41 159 6
128 167 87
164 159 14
8 19 95
125 32 83
39 65 28
109 133 52
57 13 66
3 163 58
87 36 15
95 80 11
44 98 95
160 29 8
172 86 22
63 160 23
18 76 91
157 122 45
7 128 8
149 148 31
40 111 21
136 44 50
32 61 31
10 9 51
85 73 97
13 154 18
176 35 10
84 19 83
80 57 65
126 98 74
140 82 82
117 73 29
0 94 70
12 139 75
23 143 48
118 167 28
86 173 72
53 32 85
7 145 97
91 116 53
131 74 90
71 3 16
160 59 17
84 54 25
131 7 35
72 145 46
52 126 49
121 36 86
4 5 85
47 12 94
68 26 93
112 5 54
11 140 48
27 39 83
138 62 97
60 74 78
148 44 90
44 170 46
135 166 57
107 79 19
113 1 51
36 122 9
114 72 25
126 40 13
24 171 59
127 71 94
164 178 72
74 77 54
73 71 77
17 9 82
121 177 75
164 123 75
169 133 43
164 109 71
93 139 41
39 136 15
53 88 33
148 0 48
119 87 1
0 60 75
98 48 47
2 156 75
138 95 20
135 138 41
165 2 20
22 112 7
164 114 100
13 16 55
79 143 10
176 22 13
30 166 54
32 55 92
109 147 99
67 159 13
170 4 50
112 67 42
146 75 28
64 111 100
86 120 46
143 14 58
46 178 49
65 167 6
171 90 24
93 153 6
70 84 23
123 113 57
114 35 31
28 151 100
158 67 20
109 5 63
128 94 89
45 85 2
28 58 74
34 111 2
6 132 24
116 133 57
64 21 78
100 150 29
22 150 100
177 134 57
51 148 64
4 133 22
61 162 77
87 61 37
53 19 91
22 174 29
148 89 41
38 86 49
41 73 52
89 154 35
149 35 43
78 90 17
162 135 96
105 133 83
93 107 2
172 136 30
158 89 81
99 107 97
114 23 33
9 107 38
163 24 14
77 109 82
128 137 52
51 152 24
177 25 55
7 29 72
145 164 86
100 153 71
152 159 29
23 83 16
39 71 65
147 171 21
82 45 57
23 16 22
8 34 18
130 23 97
9 78 92
38 58 7
35 161 88
5 125 30
40 33 12
83 90 49
87 110 33
72 15 35
21 84 36
135 124 92
160 70 19
89 42 23
55 154 41
104 65 52
58 88 38
160 97 60
35 134 38
0 42 16
127 101 92
9 175 3
117 41 12
111 125 94
33 43 23
126 25 92
51 45 25
102 19 73
169 65 34
159 161 45
128 159 12
25 156 22
121 29 83
75 122 59
120 153 62
39 92 86
117 137 36
32 112 71
109 50 67
156 166 36
36 151 74
137 131 1
40 53 100
56 52 13
128 76 78
59 65 14
119 46 58
137 95 38
144 122 81
3 166 42
53 166 34
51 13 44
170 160 25
68 122 44
139 89 36
115 124 64
77 83 61
126 28 45
35 140 44
57 80 50
51 1 88
68 89 20
91 138 49
90 146 60
61 78 81
44 84 84
13 79 2
14 32 13
171 27 57
99 51 28
40 51 43
83 110 2
33 62 71
149 147 23
9 94 38
3 127 67
148 162 72
178 121 81
64 179 14
161 125 86
141 72 6
175 37 4
25 145 27
56 8 21
173 11 26
68 125 90
81 40 52
129 140 79
174 49 31
26 167 75
140 4 69
28 83 31
117 160 96
160 152 91
102 26 82
34 176 56
1 58 5
57 89 24
154 88 57
63 126 93
128 86 35
15 18 91
92 121 2
2 150 83
126 128 22
70 39 13
13 120 72
96 76 86
89 43 9
19 80 97
44 113 16
110 91 9
117 97 53
32 171 92
49 110 7
24 9 76
17 82 18
97 102 80
22 42 15
167 148 84
104 112 38
58 25 14
116 132 14
38 122 84
73 169 6
143 9 16
96 45 16
144 51 67
19 169 4
150 50 41
35 126 51
118 110 58
27 126 61
136 48 25
25 30 68
77 41 25
102 157 38
116 51 31
36 148 38
85 151 10
13 48 45
156 79 47
4 141 5
98 145 75
94 39 42
118 120 10
17 171 43
79 174 61
67 50 84
175 9 51
112 81 61
144 7 90
158 87 13
18 156 93
44 89 28
13 100 91
124 97 17
141 92 95
95 46 64
60 128 3
111 1 49
42 126 2
59 4 22
134 38 38
179 21 65
29 150 53
13 70 89
166 140 45
12 104 90
47 43 9
102 6 77
5 177 78
46 15 75
60 41 82
162 1 85
46 147 49
142 10 91
142 45 53
142 86 64
142 62 22
142 143 66
142 24 63
142 89 87
142 72 48
142 49 18
142 123 30
142 120 72
142 5 11
142 150 98
142 111 10
142 110 27
142 64 100
142 134 13
2 31 13
38 31 92
43 31 34
46 31 88
47 31 11
48 31 99
64 31 66
70 31 49
74 31 70
83 31 29
86 31 28
93 31 14
103 31 46
134 31 25
148 31 61
156 31 38
175 31 12
