76
127
114 49 7
28 45 60
51 10 44
48 115 86
31 107 30
39 75 75
137 100 66
104 80 11
45 18 60
43 60 61
129 102 54
96 94 72
8 129 44
59 55 2
57 100 30
60 64 62
81 121 35
115 24 59
105 110 64
49 73 96
100 81 47
53 32 16
31 0 100
42 90 78
125 51 48
69 57 57
26 61 75
2 33 78
3 86 11
102 51 88
123 55 5
74 102 34
55 84 8
35 123 72
46 87 30
70 126 46
7 71 20
24 65 51
130 86 69
47 64 37
3 64 81
36 132 77
59 132 63
139 4 10
117 69 43
129 88 70
121 122 41
28 18 97
26 22 38
99 23 69
138 37 95
5 129 89
35 21 31
45 3 33
92 12 59
24 0 42
52 137 83
54 79 60
5 26 74
24 13 16
79 37 91
90 40 64
69 123 79
35 59 68
105 130 2
115 9 79
129 42 98
44 105 82
71 136 37
78 25 94
71 66 38
26 102 46
115 32 22
30 75 6
102 1 72
61 82 39
27 112 77
84 118 36
39 51 13
30 96 59
138 118 35
109 122 9
31 24 78
74 18 48
18 126 69
25 86 7
136 116 85
120 95 31
118 71 55
18 104 58
1 28 60
48 8 73
85 4 44
34 90 6
135 139 82
30 83 29
81 43 68
135 43 29
120 92 55
18 66 41
56 100 44
36 70 85
92 130 29
63 45 75
47 49 29
75 116 60
72 89 70
20 99 61
38 102 19
25 72 69
109 49 98
60 24 82
68 112 15
15 19 97
77 115 79
106 46 85
86 51 50
101 71 89
121 18 23
28 66 16
49 117 44
113 134 32
94 3 65
62 104 99
89 99 88
72 37 39
63 113 86
74 98 92
0 124 95
82 96 67
68 30 14
60 121 67
14 91 6
13 19 23
17 34 96
51 95 14
128 36 17
104 41 3
91 21 59
120 34 100
5 61 67
21 88 39
13 11 76
39 2 60
24 49 28
75 57 47
15 40 28
123 48 37
50 111 56
61 126 88
51 66 17
71 9 3
130 52 67
112 47 4
117 42 38
28 97 36
82 7 19
104 79 27
45 133 23
64 77 85
17 88 89
92 110 11
11 40 27
34 69 9
19 91 97
95 107 14
55 45 31
43 23 48
29 4 33
105 55 18
108 35 64
46 1 6
54 19 75
123 106 4
89 7 43
61 13 34
38 111 82
58 139 12
106 87 57
27 94 88
102 122 52
5 56 7
39 112 19
72 106 17
17 23 61
74 34 8
4 110 84
51 131 27
99 11 29
20 51 42
21 0 76
139 28 4
78 113 5
79 110 10
4 63 10
106 118 26
30 128 36
98 91 41
70 47 73
21 18 68
126 86 61
6 41 57
2 103 11
113 38 37
27 133 5
52 117 49
48 116 32
133 2 9
130 47 87
79 7 54
51 109 40
94 113 37
95 74 95
107 65 39
138 107 41
60 19 11
23 37 6
122 77 50
97 59 60
73 65 47
43 132 100
80 7 20
112 100 89
46 58 94
102 50 55
8 95 52
39 18 65
39 59 10
3 28 45
40 137 27
67 7 24
14 20 91
121 139 39
59 77 2
85 31 75
22 7 83
25 10 98
96 132 28
68 109 1
108 41 62
36 23 51
65 124 58
41 36 27
86 125 37
20 59 67
57 122 82
72 22 88
48 80 73
14 72 43
61 92 88
135 134 51
128 60 54
59 27 26
5 82 52
20 31 85
62 45 95
93 71 100
102 35 25
124 1 8
139 41 41
3 24 50
122 49 48
132 78 79
133 39 41
128 51 59
10 138 30
115 4 1
60 41 19
122 111 67
80 6 47
114 15 95
70 110 53
46 53 68
96 7 31
137 121 89
84 9 87
74 111 65
111 67 81
110 39 82
71 23 50
23 113 58
107 54 67
135 101 47
24 102 76
14 24 47
34 113 99
46 9 71
114 2 29
85 118 84
115 82 72
56 3 6
23 32 31
1 106 6
99 93 99
115 130 1
40 25 26
0 45 73
92 30 56
30 82 94
111 10 59
38 109 20
23 139 70
82 50 95
11 72 76
120 51 2
115 0 5
110 49 64
131 24 20
110 20 99
35 106 30
96 115 24
85 125 23
1 66 45
124 120 20
3 47 89
120 20 54
50 91 60
16 50 65
72 41 33
1 51 81
105 53 44
73 75 36
3 56 80
2 32 48
130 75 7
40 38 14
70 132 30
68 137 49
105 122 1
19 139 7
84 67 24
12 122 89
7 62 73
31 100 1
58 16 63
42 134 32
78 136 80
83 105 21
47 2 88
111 32 62
39 20 81
8 13 8
4 25 35
77 9 31
120 131 33
43 98 56
118 87 41
103 53 64
69 122 42
32 33 14
94 34 51
99 77 64
23 67 74
106 57 70
105 80 58
79 67 18
16 41 27
130 111 75
109 139 84
60 11 2
97 57 49
36 71 44
17 24 93
64 44 1
27 18 74
113 138 3
67 28 51
44 0 27
123 84 90
95 126 76
58 21 65
79 137 71
100 116 57
49 10 92
86 90 96
106 10 14
84 38 62
123 41 46
2 1 60
44 117 66
25 40 57
58 50 78
49 36 81
45 38 25
72 15 12
124 41 74
61 87 10
86 110 50
95 123 97
12 88 56
123 15 13
43 137 58
57 8 58
61 89 98
50 99 87
100 67 100
130 55 63
62 49 26
120 18 48
85 32 26
20 130 18
128 28 69
110 107 78
59 52 100
62 109 58
73 28 40
6 67 46
20 67 36
54 130 8
128 125 16
45 136 8
112 55 5
126 46 95
50 30 43
35 94 6
83 40 19
97 48 57
59 100 76
22 34 70
66 23 34
125 17 63
94 103 50
42 56 13
116 103 86
96 98 35
56 138 53
132 119 62
67 10 50
113 77 1
129 109 6
69 43 69
102 70 52
78 70 28
43 91 26
58 56 98
137 116 18
134 121 37
30 48 20
45 93 70
16 103 70
69 137 43
132 32 71
133 9 63
57 2 6
28 6 3
31 58 50
43 49 91
96 67 69
99 89 83
20 2 88
80 103 90
91 97 65
5 126 99
90 28 9
6 19 69
107 110 43
122 58 28
132 104 21
133 90 27
7 77 67
69 52 9
63 46 46
131 14 87
94 66 64
53 111 69
31 114 46
104 6 54
78 61 23
119 139 26
103 90 84
82 6 29
52 23 96
122 13 69
87 88 95
98 131 17
106 40 68
33 84 83
97 61 4
41 51 90
130 5 80
14 93 97
49 3 36
124 30 42
79 1 95
9 57 10
28 117 11
26 133 1
126 26 11
63 83 61
42 117 85
31 95 4
123 12 74
122 11 47
43 102 64
38 130 3
64 21 21
46 56 15
92 1 49
126 98 17
65 15 77
11 130 1
94 42 84
54 132 40
101 68 83
92 51 14
94 41 84
47 137 11
57 43 62
92 17 12
103 108 18
107 85 46
74 68 22
93 54 56
70 65 62
34 7 26
52 104 95
125 87 61
90 111 100
73 40 100
7 117 32
66 63 3
121 92 8
102 67 60
119 11 69
31 35 32
107 91 22
41 97 48
106 0 46
4 36 35
30 62 84
67 86 58
56 99 90
95 132 56
57 84 8
63 73 66
124 58 21
101 8 57
81 107 84
124 27 14
53 28 33
31 116 9
2 117 37
17 139 97
50 82 51
110 138 26
51 135 40
104 56 27
0 97 23
49 106 95
19 70 47
77 63 94
42 113 3
124 16 100
138 18 91
112 97 100
79 5 32
119 55 28
45 17 9
125 128 36
89 128 12
105 104 32
29 8 88
5 85 9
129 12 30
44 30 25
13 87 69
41 79 43
60 124 1
19 18 80
26 75 21
15 30 10
17 89 13
20 118 10
137 30 30
87 4 96
20 22 8
58 17 95
98 120 90
139 57 9
85 5 51
34 20 52
67 16 61
36 83 59
64 123 77
41 64 24
80 106 52
35 84 34
105 62 53
5 110 94
44 23 79
110 46 37
107 95 65
75 81 53
59 130 34
22 11 39
135 78 93
47 56 93
8 105 72
116 61 95
108 53 39
10 70 54
129 51 69
112 52 24
66 78 16
125 107 46
52 115 86
52 94 21
102 65 83
36 108 35
41 81 60
103 106 62
33 97 8
41 47 100
4 83 28
126 52 9
2 78 10
133 69 19
51 70 29
38 97 15
31 48 3
92 122 94
67 20 14
117 86 20
49 89 68
83 56 37
90 57 43
52 28 61
4 96 98
24 94 79
125 120 29
46 55 83
38 71 10
63 124 90
50 57 40
54 27 54
121 62 20
6 103 48
94 7 69
47 84 95
26 10 26
74 84 44
22 51 45
17 20 7
49 1 47
35 92 71
116 101 41
132 50 37
68 32 17
64 17 19
13 84 43
57 1 93
22 120 79
45 43 27
51 15 65
68 105 16
66 44 44
81 71 18
112 136 89
48 18 96
121 48 92
48 71 28
84 82 23
123 0 78
73 112 16
128 25 94
53 129 59
47 9 85
82 86 93
27 116 94
112 19 99
84 128 58
106 98 99
51 32 22
71 49 18
33 67 60
41 43 82
94 45 94
38 13 84
110 115 15
110 48 43
36 94 34
100 133 52
36 133 7
101 31 65
120 77 13
36 118 77
122 110 100
91 77 43
40 135 1
43 61 22
77 136 3
134 71 40
57 119 81
25 91 6
111 77 37
48 45 36
54 47 85
5 119 17
124 94 61
61 50 95
94 73 88
60 38 13
1 139 10
123 92 40
122 135 73
115 121 71
51 38 77
125 29 48
88 103 69
3 85 49
58 20 91
85 15 42
23 31 8
12 57 50
138 137 98
56 92 99
118 65 97
16 56 83
45 48 37
103 81 76
134 125 55
12 111 28
43 72 40
3 123 81
31 53 91
87 134 86
111 106 7
109 123 48
107 113 49
37 21 57
41 12 99
18 74 99
21 62 81
125 58 8
137 16 39
117 97 29
136 134 90
115 117 38
135 120 27
22 137 43
139 36 100
111 134 65
40 79 88
132 8 79
55 97 57
112 113 65
103 26 34
46 114 54
85 71 100
65 40 88
130 54 53
58 67 94
29 27 60
32 44 11
87 114 22
97 131 6
20 134 5
111 105 27
100 16 58
93 33 7
16 0 25
82 26 84
31 6 89
95 110 22
99 26 34
117 62 83
4 66 3
8 6 8
83 70 90
3 70 72
28 57 32
138 2 42
52 98 67
34 131 29
94 58 29
86 41 77
93 45 49
51 61 87
1 4 26
93 85 69
101 90 68
128 106 90
61 32 87
128 93 36
66 38 68
88 2 84
33 24 37
92 75 24
86 128 52
46 14 92
122 85 16
79 25 58
10 96 25
90 12 75
106 39 91
96 49 52
86 102 74
51 92 62
12 25 15
91 104 82
50 28 69
66 64 44
47 3 49
55 113 95
101 82 62
55 125 3
75 90 79
90 82 96
68 39 62
62 67 58
58 81 53
72 74 67
73 53 34
111 25 80
62 26 33
73 93 98
102 124 53
70 72 24
60 106 35
124 97 39
117 77 43
25 0 6
91 6 100
75 11 17
110 130 2
122 81 10
131 97 17
58 122 46
83 22 92
85 90 16
3 45 30
56 54 19
116 75 11
53 4 59
78 132 15
34 41 26
21 80 42
72 84 86
60 62 44
105 129 12
31 72 13
109 33 48
98 113 82
75 74 83
14 68 57
92 39 50
29 135 6
91 117 9
88 131 86
3 78 92
37 9 85
79 118 45
74 22 11
24 21 53
123 91 48
81 108 51
102 24 63
104 95 41
38 12 34
29 112 18
24 83 4
46 104 8
112 104 4
62 61 44
110 68 97
111 13 6
94 80 32
87 81 29
79 93 11
21 106 88
48 65 59
49 98 41
13 72 6
55 22 94
49 125 2
121 77 91
91 70 17
125 77 9
110 100 99
48 47 73
51 45 16
131 39 33
10 75 51
47 139 46
31 88 4
79 38 99
6 64 10
100 107 21
72 5 5
95 21 44
100 131 75
33 1 16
64 110 3
53 30 25
21 110 61
69 100 30
31 46 56
103 40 59
97 44 88
17 128 67
86 75 61
136 95 75
47 90 7
77 122 85
29 81 15
94 29 41
129 43 5
1 131 32
57 138 19
59 85 17
17 35 51
50 22 50
130 95 7
115 38 70
134 106 95
70 38 84
109 118 84
53 109 41
68 51 80
124 114 44
123 4 2
62 130 38
10 130 90
14 137 7
75 115 33
134 38 4
25 18 5
30 57 22
93 96 19
26 93 66
110 137 55
83 115 78
113 90 45
133 40 49
17 32 71
21 132 91
63 105 2
83 114 22
37 27 4
50 0 21
138 51 17
38 60 20
0 126 9
130 3 40
104 60 64
16 134 72
70 0 79
46 97 85
25 137 2
104 119 59
128 65 35
112 37 65
25 84 64
13 60 24
7 37 28
131 16 27
11 48 99
94 136 57
77 107 37
136 93 89
72 23 49
108 125 78
0 21 40
84 53 34
35 97 32
97 24 62
101 48 61
63 35 81
122 99 56
33 135 16
35 129 69
121 16 40
1 37 100
118 75 62
20 14 74
51 19 69
131 121 67
92 9 20
93 62 12
134 103 26
27 26 98
37 74 50
54 69 20
131 83 46
9 24 93
47 117 12
57 12 71
139 70 79
103 111 45
38 48 75
91 62 84
40 17 10
36 99 98
72 131 78
121 27 8
88 27 38
124 88 88
58 9 91
65 89 87
75 82 94
62 19 27
21 57 91
129 91 77
27 107 52
32 19 24
53 25 44
137 12 96
131 133 46
110 71 34
118 1 85
123 73 81
43 2 60
68 49 76
74 109 20
28 49 44
0 72 56
132 37 37
27 22 48
20 30 52
46 109 43
45 113 28
90 77 68
19 71 35
56 49 3
100 30 59
44 133 24
136 31 16
62 35 76
110 113 67
25 87 84
77 121 86
95 100 51
14 103 26
0 86 99
97 46 71
131 119 43
139 37 98
35 99 96
137 35 51
43 8 58
64 23 24
31 125 96
95 19 48
42 58 79
132 73 51
43 138 27
129 119 78
57 130 90
54 75 22
108 102 29
53 122 76
23 58 78
65 110 48
4 24 90
77 57 64
29 59 54
32 113 76
5 111 77
129 81 84
45 6 39
10 65 95
75 80 79
99 14 87
28 35 45
49 120 80
128 112 90
48 46 97
136 113 75
1 60 78
94 88 73
30 17 72
24 3 68
34 118 90
128 67 93
138 25 44
37 12 33
105 31 39
21 77 69
89 108 17
69 98 20
80 100 62
58 24 43
17 96 12
111 17 2
27 38 59
108 5 100
60 126 27
44 25 89
84 94 68
103 99 66
25 69 29
128 13 89
88 106 51
29 14 59
105 5 3
133 125 42
126 8 39
138 106 94
124 93 3
53 115 37
17 112 94
129 1 33
106 54 41
125 114 86
55 75 100
23 89 55
134 66 37
32 95 51
23 107 17
45 55 51
51 0 37
55 32 77
12 104 96
61 28 74
112 122 17
96 11 7
107 31 43
11 22 34
53 130 18
43 80 55
52 139 24
37 49 25
31 23 87
96 105 50
66 89 88
7 89 58
111 27 58
99 30 55
78 120 27
111 139 7
40 118 96
111 84 1
138 117 21
125 12 40
139 26 59
63 94 40
112 15 43
13 61 83
45 125 34
115 75 74
126 84 39
104 24 29
128 68 34
73 87 86
88 23 39
105 75 82
75 89 57
99 59 89
35 120 1
51 43 22
8 104 88
16 132 27
36 2 66
27 9 98
86 129 77
9 126 31
74 93 72
93 126 31
47 39 37
87 11 91
52 95 46
10 2 92
3 96 97
133 65 18
28 71 50
91 25 2
107 9 83
118 137 2
59 91 31
101 129 41
27 103 84
83 15 26
67 32 90
60 16 3
27 46 45
3 59 59
83 77 14
30 52 57
48 118 8
13 34 52
27 55 66
109 117 65
60 95 58
117 58 84
87 121 64
82 93 81
61 9 57
45 84 68
72 69 58
103 39 25
84 49 15
48 26 31
122 50 30
92 103 42
123 81 50
103 112 93
41 107 71
42 73 35
115 21 51
84 69 35
30 64 26
75 7 91
57 112 12
132 84 2
126 116 61
68 45 86
53 124 49
3 136 97
14 108 11
105 131 46
138 12 81
18 73 2
71 40 67
94 13 7
94 10 64
51 128 31
28 16 32
15 70 93
61 122 22
101 121 72
113 95 74
14 119 57
62 81 12
18 84 91
68 77 53
93 46 42
81 73 60
70 71 2
68 57 62
42 118 11
83 75 59
139 90 10
105 114 69
135 58 48
125 55 52
71 65 20
137 104 41
106 102 12
128 88 44
6 72 29
56 24 61
25 59 54
77 132 11
34 107 18
95 25 32
93 136 15
101 43 28
104 33 19
134 46 60
57 36 9
132 36 93
49 0 49
47 131 44
46 40 4
56 7 61
17 4 24
60 110 63
130 23 2
49 17 66
78 17 87
30 36 20
91 107 29
96 101 88
113 130 3
84 106 100
82 107 87
50 78 48
99 118 97
42 131 28
12 30 33
115 122 98
15 116 35
115 105 51
111 131 88
78 122 34
138 52 61
4 68 46
0 95 59
133 96 61
123 125 67
19 77 36
102 46 20
91 19 66
4 88 74
19 24 19
88 105 99
54 57 2
36 31 42
132 51 74
61 117 77
1 123 49
13 126 64
12 3 14
107 106 83
125 6 62
72 14 77
88 80 41
108 54 67
46 3 10
40 8 50
69 81 65
22 92 88
78 26 41
75 23 60
66 4 24
95 109 70
9 115 19
18 19 56
93 90 99
26 13 7
83 121 23
114 109 9
94 92 14
135 22 52
126 71 26
53 139 81
120 71 9
63 78 71
18 107 79
59 11 5
48 35 33
97 25 19
52 88 46
66 88 26
67 40 35
97 128 39
12 86 60
49 13 18
61 47 50
90 41 93
120 118 14
121 126 94
80 64 25
60 35 76
95 46 88
69 83 19
82 13 78
37 121 40
61 58 23
99 46 52
2 37 49
104 48 13
59 45 30
109 9 100
112 13 40
88 138 31
43 30 14
81 40 65
69 67 57
28 11 3
88 108 80
61 101 57
73 137 74
107 90 35
75 96 83
22 134 11
117 3 57
29 42 100
66 41 24
119 73 87
5 47 25
89 130 9
122 47 29
57 95 27
33 96 52
54 14 22
88 89 6
122 102 9
83 0 86
30 35 71
11 135 58
70 8 74
79 72 97
71 93 48
72 30 15
10 105 49
21 87 61
113 124 80
91 68 51
42 7 79
15 94 14
60 12 81
27 23 74
28 55 44
107 126 78
24 40 21
113 50 75
69 53 51
47 33 12
88 9 3
75 69 16
41 5 88
78 15 65
28 135 49
11 7 62
53 95 45
37 77 71
118 73 81
59 4 7
28 17 58
56 105 15
68 24 42
24 100 18
14 51 84
20 129 72
42 114 56
19 79 94
75 58 40
79 126 18
45 75 54
44 47 68
119 58 46
30 4 9
65 2 18
83 31 13
79 70 77
33 53 41
120 49 21
88 50 50
97 60 95
45 34 21
67 1 100
65 113 76
70 22 91
5 52 45
66 1 98
109 54 64
17 65 72
22 40 94
4 89 96
121 36 95
47 135 95
7 21 77
70 26 20
134 123 72
78 75 98
87 130 70
84 120 31
31 134 90
44 66 69
36 139 95
50 116 60
44 40 67
67 96 94
77 85 56
17 61 52
23 100 90
49 27 27
111 15 63
37 26 4
70 57 35
10 14 49
49 24 98
116 128 73
112 45 4
112 138 61
6 40 15
92 38 8
75 72 54
39 35 57
37 60 18
121 111 34
5 6 91
119 38 96
43 44 8
92 125 86
43 118 57
79 23 98
52 89 14
60 2 75
130 110 45
121 98 48
63 10 52
60 8 44
131 12 25
122 9 68
57 4 51
9 78 66
19 117 8
84 139 37
9 22 57
132 85 47
98 59 70
48 61 44
27 61 79
79 136 26
41 69 90
102 52 80
134 92 5
93 19 76
29 104 7
32 6 53
20 120 90
22 60 8
0 94 91
22 79 1
123 83 30
98 123 70
115 33 6
44 35 31
58 92 39
125 53 81
32 106 25
19 136 61
121 5 50
0 77 33
1 70 75
42 93 41
69 74 32
78 118 92
62 75 41
65 126 79
137 10 32
77 97 39
60 74 57
135 74 29
36 6 15
125 22 83
139 29 36
13 69 95
22 14 45
108 75 87
67 18 84
20 41 8
10 30 3
24 67 88
133 104 12
104 13 20
56 19 57
87 60 88
94 68 23
75 101 77
59 50 80
125 139 45
71 96 27
2 23 29
117 5 60
49 15 69
49 32 60
55 79 23
88 135 84
100 65 95
117 47 8
94 118 31
34 94 85
61 14 82
122 101 52
109 129 1
87 27 49
109 21 18
6 75 59
48 84 13
118 21 20
27 35 4
25 1 87
27 51 22
5 55 92
84 66 24
136 81 27
113 14 82
18 49 46
119 60 19
135 102 62
15 23 77
17 72 3
64 28 89
38 2 3
41 106 40
74 88 52
82 22 65
2 101 94
0 68 53
131 8 97
106 100 30
100 31 57
27 85 21
54 21 12
31 66 86
129 13 62
129 60 79
136 133 8
23 33 40
2 15 96
20 47 28
82 128 77
42 45 47
110 129 98
4 108 13
111 78 70
71 63 9
48 33 19
115 109 30
93 61 100
75 121 47
96 39 53
3 57 1
49 96 8
110 55 96
126 75 17
77 135 37
32 24 94
119 27 85
8 20 78
110 29 44
78 46 15
31 137 54
86 2 33
78 134 32
75 110 38
36 11 23
131 79 69
19 54 79
119 126 93
136 111 80
53 3 78
117 130 6
52 2 13
11 89 80
68 90 59
17 94 28
121 35 19
51 87 12
95 24 99
125 115 8
50 94 44
69 35 33
5 54 35
51 27 86
33 23 27
14 136 22
88 65 37
95 10 46
90 133 4
40 122 43
124 70 67
121 124 8
102 77 12
24 55 42
54 133 50
81 117 17
49 37 45
21 115 67
104 15 66
89 12 16
73 1 11
36 72 78
100 74 21
114 36 43
45 29 12
16 117 83
64 120 43
106 37 15
46 35 66
113 24 89
105 36 73
80 26 50
93 105 100
90 19 56
52 129 47
126 16 95
102 16 38
123 97 2
110 65 2
10 15 54
31 12 88
66 31 17
122 55 9
132 17 35
15 129 69
1 116 75
81 124 94
28 39 68
2 55 100
108 138 59
15 86 65
7 30 73
20 73 92
62 46 72
136 72 14
53 101 33
71 119 28
89 69 76
49 114 10
45 25 72
64 95 14
78 6 27
93 125 100
78 62 23
55 105 45
27 30 29
135 12 75
36 114 85
28 68 14
29 131 18
26 122 39
5 125 14
88 28 87
89 135 57
137 22 75
86 52 93
17 8 18
128 30 84
85 87 67
15 93 17
74 67 65
50 43 71
54 98 20
114 39 39
134 48 10
7 86 31
8 106 42
136 122 98
33 50 21
8 139 82
60 88 7
73 51 54
61 91 41
73 4 18
72 8 75
7 70 85
35 61 57
26 74 28
30 65 25
12 97 98
11 102 61
60 73 84
67 79 93
135 83 25
19 97 15
41 135 10
119 56 56
95 93 40
85 16 82
136 34 9
34 36 55
86 61 98
133 75 94
122 113 1
35 91 71
101 20 41
69 86 4
48 29 76
19 125 8
12 34 23
128 115 26
123 118 13
115 124 16
12 130 26
39 54 73
26 40 85
25 83 17
110 17 10
42 116 24
55 53 84
3 65 60
53 88 34
22 133 54
98 129 68
110 120 23
38 29 37
0 136 26
117 64 99
66 106 6
133 130 50
130 109 54
14 59 15
28 22 87
78 117 77
113 9 33
68 5 46
29 58 56
134 31 68
74 96 48
11 69 48
33 119 63
12 94 58
16 64 88
54 7 75
24 30 85
61 29 44
118 110 49
32 4 58
116 106 18
10 83 81
111 121 57
129 27 49
134 42 36
44 21 78
85 29 76
131 72 30
7 129 80
43 73 99
118 132 25
118 82 13
91 7 34
117 89 3
122 119 82
29 15 68
128 137 92
30 98 92
9 43 20
39 97 81
83 21 95
81 98 53
102 34 89
5 23 6
133 112 28
44 89 60
125 118 88
134 14 1
102 117 64
10 134 75
125 15 64
56 119 88
101 117 5
39 31 93
57 35 84
117 120 43
125 134 59
24 121 7
13 99 70
67 84 14
31 86 44
39 124 88
82 122 13
36 65 90
77 2 20
27 110 18
135 95 38
18 81 13
82 47 23
94 54 2
72 54 5
87 0 1
121 30 32
17 131 1
16 49 4
119 106 23
119 136 87
20 56 79
116 55 54
46 101 4
43 39 12
125 28 88
62 4 50
117 11 6
45 87 57
105 17 9
22 71 47
75 40 98
96 137 90
72 86 94
134 60 25
42 96 50
11 79 4
63 7 63
0 4 91
2 40 91
28 137 51
84 115 75
53 37 41
70 1 12
47 111 3
82 52 8
135 124 48
100 105 82
10 61 83
88 74 17
126 91 9
37 78 9
126 85 67
131 95 81
64 11 55
75 71 26
32 79 71
10 122 87
102 7 36
52 48 45
60 93 26
29 19 59
92 96 92
44 22 2
90 115 79
105 57 83
139 19 23
86 21 39
11 16 29
35 86 23
134 63 49
96 89 68
32 47 80
86 60 2
133 139 38
128 133 92
52 134 93
27 89 33
25 119 95
107 4 70
7 65 25
98 86 63
54 68 88
110 25 20
22 125 73
20 113 8
46 23 5
14 110 17
102 39 85
28 72 43
29 71 71
79 74 37
62 13 44
10 92 93
50 54 50
130 82 75
72 119 2
135 103 62
95 99 36
87 1 2
15 42 66
44 78 22
80 10 32
39 123 20
84 121 43
100 59 59
66 2 35
113 27 96
85 137 14
19 126 30
124 101 54
50 106 71
42 126 93
124 3 56
18 8 52
51 83 94
19 72 30
114 6 67
29 51 53
17 25 18
65 83 48
116 118 33
134 99 66
85 80 69
91 99 30
129 61 49
46 100 14
87 80 37
65 44 72
86 94 78
101 74 60
24 92 14
10 13 73
68 46 48
55 124 43
14 73 17
139 135 70
24 110 68
25 102 23
128 90 57
27 131 27
24 18 53
107 120 86
60 66 99
15 117 53
138 16 64
1 39 59
32 121 21
61 22 7
57 132 58
91 52 68
67 78 73
56 103 94
63 100 40
54 84 89
37 61 92
19 116 34
61 121 16
75 62 79
109 32 44
117 39 30
125 0 42
48 138 79
23 46 3
67 98 26
38 110 65
81 129 24
78 77 74
97 37 76
65 133 40
112 120 57
135 33 14
35 56 79
113 42 61
101 18 44
132 71 8
71 15 32
106 6 51
112 61 67
98 30 48
3 42 95
137 107 51
0 83 26
41 68 10
95 138 59
82 36 67
14 1 41
3 21 38
53 110 59
135 65 50
94 135 73
133 30 80
69 54 13
136 70 77
75 22 69
33 17 6
49 134 9
133 84 74
102 132 88
126 109 44
62 6 47
112 110 33
129 8 94
51 41 10
53 70 68
137 109 63
108 9 13
16 32 67
45 118 73
82 77 70
27 120 46
38 54 46
98 42 93
42 60 33
29 129 62
123 107 90
121 61 41
27 44 14
24 29 81
118 13 7
11 131 27
107 105 70
70 95 24
126 81 95
128 122 89
59 73 77
105 56 24
91 98 49
7 3 20
114 126 84
32 137 61
114 34 8
42 0 4
56 69 47
25 22 57
98 95 93
99 53 87
137 117 48
41 52 48
92 136 23
130 137 73
110 84 95
4 93 25
119 115 78
24 95 2
5 44 49
10 57 13
116 94 69
3 69 62
135 117 40
91 130 30
66 16 87
47 94 83
33 136 95
45 85 82
64 78 11
93 131 38
63 55 55
34 39 97
110 3 73
97 2 84
139 52 66
109 59 93
19 48 25
128 57 65
34 103 5
12 16 93
107 61 76
118 86 29
133 15 74
105 98 75
6 53 42
86 88 53
64 136 51
74 71 47
13 110 15
22 31 94
61 128 5
114 118 77
34 138 42
128 46 69
108 88 1
98 96 68
49 113 3
4 113 23
43 82 36
113 101 32
62 47 67
48 66 67
29 105 81
77 100 13
33 138 51
94 15 66
52 43 99
7 52 93
1 36 83
123 132 37
75 122 47
90 113 26
92 80 82
72 27 33
5 35 83
128 64 16
57 65 25
41 9 10
30 87 52
68 19 5
18 51 72
97 106 84
44 56 68
100 3 37
55 92 88
13 59 43
65 8 25
11 106 36
138 48 14
1 35 98
78 20 36
99 109 65
32 130 99
93 124 51
52 93 44
63 132 3
22 81 68
2 56 24
42 104 46
79 58 76
53 104 92
78 89 75
94 49 12
133 68 81
53 65 25
12 8 86
103 74 21
130 103 90
2 63 100
103 37 77
46 29 17
87 32 94
102 120 65
36 98 68
115 107 50
41 94 57
137 138 69
21 23 95
98 132 83
92 94 12
0 66 80
20 115 53
99 20 70
131 52 39
87 52 61
62 114 11
90 81 13
17 126 82
130 15 51
91 5 82
101 136 70
124 55 59
15 37 54
63 68 17
8 110 29
37 114 99
17 132 68
22 95 43
139 97 91
117 124 22
58 5 23
49 85 42
115 73 25
86 117 28
12 117 67
8 37 51
70 89 72
67 56 88
29 97 99
35 26 68
31 3 17
107 47 42
97 68 91
57 48 88
124 87 40
91 13 91
136 99 8
31 102 23
29 43 7
47 105 38
95 124 15
55 21 5
120 112 94
4 122 60
137 8 15
56 37 68
79 100 33
117 80 37
135 61 46
2 52 48
28 3 63
126 118 35
48 2 95
4 79 37
58 103 12
24 61 37
133 124 51
1 89 34
95 120 46
66 53 22
133 12 32
83 20 65
11 87 51
94 36 44
90 66 83
109 111 25
13 32 94
135 105 88
89 53 45
27 122 67
74 104 57
3 66 95
32 108 68
83 33 4
56 61 27
113 73 47
90 56 13
44 19 68
71 134 55
32 98 43
25 4 45
27 63 42
51 98 8
130 35 85
88 110 38
7 119 5
123 75 87
130 45 99
124 136 10
88 117 50
85 3 22
128 59 70
36 129 18
57 118 93
96 78 22
68 108 49
49 91 97
67 85 50
20 9 94
9 30 81
25 50 64
93 9 96
10 104 68
20 136 78
22 13 40
42 68 72
61 20 65
28 114 62
26 27 95
111 43 72
93 118 50
63 2 77
50 34 68
44 93 27
88 102 47
103 17 91
38 44 94
35 98 87
26 20 93
110 132 6
77 64 70
120 41 85
102 19 47
120 75 19
75 12 33
50 85 80
128 40 22
105 95 55
113 132 45
13 5 9
113 133 26
86 73 31
96 107 90
99 86 11
44 72 7
53 68 75
88 18 97
100 129 81
118 130 58
71 59 96
64 85 36
90 72 96
108 83 35
27 113 91
48 28 85
23 13 38
98 34 90
11 61 96
53 26 74
14 104 27
82 104 93
2 8 96
3 128 45
22 62 89
55 60 36
37 48 74
116 91 82
65 116 45
48 34 50
105 119 9
71 20 57
74 136 93
134 44 13
22 105 69
111 92 5
93 88 81
74 55 67
59 101 38
12 45 85
47 38 77
53 67 5
80 109 82
60 134 53
5 136 35
67 34 21
89 36 43
123 42 11
58 119 69
12 103 35
67 119 45
112 64 64
122 30 42
94 63 2
119 67 3
129 0 59
71 46 57
7 99 53
112 25 25
34 23 51
63 107 79
47 66 42
66 46 3
129 117 94
86 29 94
50 97 45
110 78 53
109 44 95
121 71 37
67 17 80
15 63 74
2 5 91
108 113 15
137 39 54
123 128 100
119 54 50
104 101 100
107 49 16
118 119 43
112 33 31
112 66 32
41 42 51
65 36 10
40 39 80
92 109 34
121 23 49
72 130 96
135 20 29
103 33 15
18 64 39
47 132 18
102 111 58
37 130 4
14 48 35
12 113 70
18 52 83
3 137 48
21 56 9
63 90 78
27 41 54
69 109 46
88 116 76
123 44 32
39 135 10
30 130 19
123 79 9
118 46 61
104 59 81
118 4 70
95 64 70
131 122 92
118 54 61
68 134 10
21 60 61
110 36 47
117 85 87
32 23 52
96 31 3
2 106 97
37 40 2
109 34 66
84 18 29
15 27 26
14 30 95
42 129 10
134 33 82
67 74 86
97 73 91
34 45 25
118 124 4
77 125 12
86 122 34
97 101 96
32 114 68
92 117 46
37 23 30
13 1 52
28 116 20
74 19 79
57 10 76
16 39 24
43 97 68
125 121 84
22 85 39
129 6 7
108 61 20
52 22 16
54 118 21
137 60 65
13 24 91
138 59 70
15 131 80
66 34 23
123 121 28
64 27 68
129 113 4
32 27 5
97 17 15
70 115 26
91 136 33
108 116 34
133 62 66
128 72 17
37 80 35
1 95 37
36 93 19
35 47 60
80 35 20
112 75 67
39 72 43
48 87 49
2 128 16
112 137 100
124 96 21
138 135 77
18 134 65
53 117 43
69 36 52
106 79 93
11 115 79
27 32 94
87 86 54
95 119 65
31 34 63
96 24 64
2 62 32
117 8 72
108 134 31
30 133 47
14 25 58
26 117 100
131 102 3
67 27 96
95 82 10
134 98 46
11 50 36
84 75 98
118 2 58
49 107 26
4 94 81
45 26 59
49 93 56
42 77 85
30 129 1
121 80 50
95 71 70
101 75 71
78 37 37
34 121 94
83 72 61
117 26 42
114 106 41
58 15 55
71 91 81
91 11 9
7 63 44
51 110 52
24 45 77
11 119 10
131 38 62
54 11 24
120 103 68
105 13 20
25 90 27
119 122 72
15 1 73
126 90 44
67 4 18
110 101 81
5 25 73
42 74 13
103 79 9
106 128 48
122 28 87
79 18 22
20 69 60
74 97 33
133 31 71
139 23 95
70 62 4
91 50 44
3 2 24
80 114 57
40 109 63
35 135 90
133 77 13
112 84 23
71 33 29
1 125 27
11 91 41
93 28 21
72 55 42
119 70 98
6 96 77
139 101 64
79 19 57
61 25 41
63 28 14
102 136 100
87 129 69
33 32 57
55 15 35
135 75 39
59 99 89
23 74 22
119 91 89
114 59 59
138 100 41
41 77 49
118 51 28
17 121 7
96 43 81
39 87 1
24 54 50
85 58 49
30 44 23
31 83 92
33 20 62
111 86 36
124 33 24
64 65 61
129 45 23
39 8 67
51 104 66
108 32 15
131 48 1
27 10 80
121 51 63
99 40 12
38 34 5
106 30 69
16 47 7
68 74 69
37 42 36
110 139 18
137 106 93
4 95 82
103 13 7
66 25 26
114 120 48
109 98 70
26 53 3
130 139 82
87 54 37
27 59 54
23 119 33
95 47 63
13 43 77
39 119 7
97 8 58
89 43 44
106 125 97
78 93 9
133 44 84
6 73 54
24 134 32
71 130 3
3 36 17
118 117 72
74 44 68
38 118 48
24 57 67
118 112 22
86 45 60
124 12 28
42 98 16
95 88 57
112 111 42
57 63 61
103 60 72
77 19 5
15 67 67
42 86 49
3 130 40
27 125 24
123 86 5
130 88 21
80 126 85
106 97 98
44 85 15
125 56 38
98 26 39
17 30 76
57 38 3
14 65 55
14 133 73
60 48 45
102 27 82
98 92 63
120 1 46
7 39 53
29 134 64
69 92 56
14 79 71
84 133 7
38 52 49
129 78 29
67 102 37
30 123 49
73 63 65
99 35 57
45 95 46
65 86 6
65 69 10
11 134 69
64 24 97
58 83 99
61 55 52
123 57 88
61 74 44
129 115 97
81 60 8
68 133 59
104 88 53
139 133 46
51 39 3
73 54 69
64 88 98
8 69 49
24 132 100
123 31 75
17 38 38
20 93 33
105 61 11
66 30 98
34 73 77
138 69 64
86 30 99
68 138 11
8 62 53
78 36 27
51 59 51
78 124 70
112 58 37
117 109 75
68 4 55
20 52 90
80 23 47
124 65 57
115 63 22
7 73 74
136 112 79
128 35 47
130 59 29
100 126 52
100 70 59
28 41 5
95 22 91
130 77 5
38 137 56
15 9 25
80 56 28
19 119 65
116 112 6
73 117 20
118 5 13
122 92 82
18 7 48
29 91 6
65 25 22
133 57 93
117 111 83
94 99 99
48 72 94
108 21 77
27 134 33
94 86 86
104 9 39
135 38 76
55 16 40
84 52 57
113 104 29
103 75 62
73 138 83
114 37 92
15 88 68
63 87 43
57 96 7
16 21 15
22 97 68
16 138 79
115 31 42
36 85 72
72 108 98
115 85 32
95 17 22
122 86 70
31 17 39
85 101 39
115 39 56
2 50 51
87 13 33
56 135 57
43 116 7
65 114 78
40 58 100
109 115 59
1 22 25
72 95 5
113 100 46
106 122 5
15 126 85
11 13 69
40 34 5
2 111 16
92 0 95
57 137 2
84 48 58
44 69 57
50 24 38
9 96 100
139 6 20
116 26 34
134 132 1
34 86 80
9 1 48
131 56 58
94 17 81
64 4 34
61 51 30
14 3 57
39 42 48
83 110 98
51 139 55
41 130 44
92 111 53
26 125 28
25 100 43
37 90 60
91 113 13
30 29 95
86 108 75
115 103 70
78 28 81
59 94 23
5 21 95
98 136 99
45 14 28
55 50 34
139 60 60
16 43 68
1 113 78
23 84 57
7 64 11
131 110 49
37 15 59
29 67 76
124 32 4
121 45 51
134 58 92
129 36 32
13 28 68
88 25 67
91 122 87
9 101 43
21 39 16
103 84 50
58 111 14
77 108 6
24 52 90
56 120 5
26 136 35
0 10 53
61 36 92
62 14 87
126 0 9
75 36 99
32 0 91
115 55 20
118 11 21
134 64 40
33 11 58
12 56 25
111 125 50
72 70 17
133 115 83
99 34 99
118 74 18
75 79 10
54 16 47
117 88 81
92 2 99
103 9 85
28 53 56
21 10 4
73 92 85
48 43 15
27 4 42
121 114 72
24 129 37
109 0 81
57 39 36
60 13 91
39 95 3
58 131 84
91 118 71
109 107 51
32 36 28
109 51 20
93 32 20
128 52 23
66 124 11
94 57 57
59 43 18
64 30 19
72 10 66
64 58 68
128 116 73
56 18 38
35 83 56
129 128 93
115 99 20
114 94 95
17 105 63
118 107 6
39 16 50
16 66 13
20 3 71
43 123 5
107 138 83
75 4 50
111 11 69
52 121 16
6 134 95
24 11 28
84 47 53
128 66 42
37 22 47
50 65 17
46 47 75
59 68 30
1 46 20
87 122 52
52 114 43
112 82 31
109 130 61
47 53 78
118 70 29
107 22 4
61 109 3
48 88 12
69 108 85
85 40 31
31 103 98
32 132 33
124 47 78
71 75 41
32 49 80
93 84 11
110 19 48
121 19 61
134 35 26
35 51 79
26 50 4
68 124 85
40 24 54
15 100 91
23 138 53
45 115 98
111 88 42
95 103 14
63 115 41
15 125 76
122 26 26
51 75 43
54 81 95
66 123 31
82 118 26
21 118 34
16 126 14
86 40 91
94 56 60
78 67 32
39 5 47
88 94 22
87 64 42
9 50 74
41 91 82
116 5 76
134 70 96
130 126 42
42 122 66
104 118 16
69 90 31
45 37 19
65 97 91
19 99 37
105 67 94
46 94 3
124 21 46
42 46 46
62 17 76
90 87 62
61 108 88
139 9 70
43 131 57
47 120 86
130 92 64
117 33 41
112 7 52
38 117 18
43 36 94
19 134 9
114 111 95
24 105 87
137 13 54
11 25 71
65 49 29
95 7 42
70 82 14
92 138 20
56 14 99
51 25 1
77 75 70
133 106 93
32 94 83
75 24 6
130 67 53
93 89 47
69 8 22
88 75 93
25 27 63
126 107 85
134 109 34
15 123 31
32 89 78
24 90 19
54 97 81
47 22 74
0 56 84
108 117 3
22 52 82
118 138 88
73 105 12
67 110 32
136 33 10
69 80 76
79 21 58
19 15 97
128 83 39
37 125 17
37 51 70
120 121 41
18 27 53
57 104 34
136 110 98
100 121 86
88 84 92
103 121 87
125 49 50
82 85 40
91 14 98
56 25 31
123 52 67
114 70 2
134 115 71
111 70 10
80 25 44
42 24 49
44 13 69
50 87 58
59 89 4
50 8 96
90 43 61
68 110 29
12 50 60
32 1 84
15 31 91
50 107 1
63 15 68
22 45 77
101 15 6
87 71 31
54 18 57
96 92 68
104 103 81
73 126 16
120 4 58
115 65 63
70 36 81
67 3 63
138 4 24
71 85 18
118 8 85
44 101 31
126 50 97
40 4 52
70 83 22
122 16 61
10 74 26
71 132 85
132 103 91
90 69 100
53 99 30
94 4 42
110 109 98
102 74 4
104 54 88
100 37 10
55 82 49
120 90 76
123 36 8
39 58 93
111 61 34
119 37 84
28 86 87
84 138 100
115 69 66
61 26 43
85 66 30
89 30 24
129 93 42
10 66 57
16 136 71
6 39 54
14 7 99
131 74 46
5 65 95
106 123 96
113 21 87
120 44 4
26 121 66
117 90 67
136 108 25
63 138 33
122 132 4
132 46 5
124 122 14
66 47 2
119 32 27
87 2 84
75 19 39
73 0 44
0 22 65
23 62 38
101 6 58
105 6 53
109 12 77
15 135 13
112 105 93
103 29 8
96 36 81
2 110 45
81 77 6
90 138 13
9 54 48
3 112 83
72 135 13
23 42 38
79 44 25
33 0 2
131 75 5
129 73 82
27 102 46
35 46 22
80 47 54
80 85 89
66 87 11
2 131 16
77 23 4
18 38 7
109 93 83
8 25 45
38 42 11
47 14 47
49 95 29
0 88 25
74 65 71
118 38 44
23 112 4
89 18 28
68 29 16
123 24 72
115 128 57
18 110 85
129 18 7
38 5 58
75 78 69
77 98 65
121 101 15
25 128 17
92 56 89
111 48 14
15 78 86
105 41 89
16 18 78
37 69 14
52 27 53
77 61 48
111 132 59
109 90 13
121 128 5
89 42 57
26 66 52
31 77 3
94 5 69
82 37 58
41 101 96
112 124 21
64 101 94
61 15 48
47 130 29
41 45 64
62 86 65
106 74 11
70 68 16
129 90 50
26 128 77
116 39 82
43 35 21
18 33 2
14 26 31
98 66 37
25 34 51
85 38 55
136 121 44
23 0 4
137 3 4
126 14 64
114 86 58
6 125 23
37 65 84
32 74 79
114 110 82
31 117 91
72 47 55
38 101 1
108 91 70
91 115 52
87 112 65
60 83 6
17 39 68
125 130 68
57 88 24
135 44 56
56 88 30
44 45 5
117 107 54
135 114 54
46 98 54
115 27 9
52 54 22
60 54 4
16 75 36
123 6 91
95 125 53
115 64 94
71 24 88
35 62 87
15 12 42
99 27 51
118 98 21
44 102 19
53 92 74
136 35 84
83 98 75
98 90 20
60 109 7
39 139 92
20 45 35
17 79 2
79 29 83
111 22 10
134 131 38
90 20 80
70 52 17
130 132 15
72 114 95
86 27 32
57 92 71
114 102 73
53 62 89
16 109 58
9 3 36
29 111 57
124 131 74
26 19 20
30 47 53
84 71 41
89 64 99
95 85 92
133 48 12
33 36 5
89 129 84
119 80 66
7 103 33
133 74 49
96 108 78
26 12 62
118 90 25
67 63 50
33 16 60
125 88 46
36 74 79
51 60 18
46 85 98
39 3 23
97 122 34
66 3 33
6 100 79
115 44 97
92 107 68
130 136 14
22 99 49
58 43 20
65 32 52
98 126 16
104 99 18
20 44 59
52 86 56
11 113 36
132 25 88
119 3 28
36 32 20
43 95 7
7 36 39
120 45 21
24 124 22
103 55 36
24 96 44
98 37 73
63 21 40
0 114 35
122 61 82
65 82 80
73 56 80
90 97 44
39 30 68
55 114 40
126 82 28
138 39 6
131 70 67
128 53 25
67 36 58
118 59 78
12 37 27
19 28 37
128 108 10
34 9 3
63 40 63
26 41 76
40 47 60
91 63 47
124 0 94
114 33 70
7 31 86
123 49 24
131 129 80
118 0 77
4 28 68
77 26 31
25 124 85
17 95 70
62 88 59
46 13 18
112 4 7
7 132 75
28 31 89
81 56 69
94 71 72
135 129 45
10 0 80
56 95 31
38 82 66
23 85 66
92 16 6
71 102 54
84 99 11
65 21 76
91 109 48
58 133 27
100 44 92
73 60 12
54 46 92
67 65 67
74 122 52
67 5 37
71 69 51
73 95 5
62 123 63
11 82 54
123 126 3
103 117 19
97 129 47
31 49 17
104 4 85
96 129 70
128 11 8
107 116 57
112 103 89
29 138 64
17 70 83
83 133 78
79 106 56
41 119 74
124 53 33
29 100 5
49 87 90
53 75 57
25 31 92
137 118 36
10 60 10
131 67 12
28 75 88
59 9 45
71 77 24
8 86 34
57 80 51
49 70 11
28 130 45
87 7 41
37 103 30
138 87 60
130 44 73
41 90 76
104 75 67
9 122 10
75 120 52
37 118 66
25 36 37
30 117 15
55 101 90
45 137 98
124 69 95
84 63 87
59 135 95
36 58 8
22 64 63
74 95 33
66 98 34
115 125 4
123 115 20
107 69 23
59 42 100
84 104 28
39 53 46
19 37 30
12 92 11
12 23 9
100 9 10
46 111 65
59 107 66
18 89 79
114 135 74
116 114 99
125 80 21
85 62 50
65 100 11
10 114 28
83 123 66
58 85 90
89 4 92
47 108 88
72 53 90
108 119 57
9 41 28
70 11 47
85 72 16
90 13 99
39 44 26
56 137 65
25 66 78
10 90 33
35 111 60
40 104 86
4 125 37
100 36 21
12 40 86
44 41 20
138 54 60
81 10 69
37 92 89
111 53 28
92 22 71
58 117 88
105 133 59
55 94 58
47 104 46
11 55 100
110 61 61
73 29 86
40 67 25
109 56 42
43 15 62
87 117 27
46 118 40
1 90 85
54 8 44
25 6 42
126 139 10
136 49 50
29 83 85
2 46 52
95 73 77
1 25 100
49 136 67
115 52 85
10 4 77
98 1 68
108 82 65
90 118 27
15 99 52
121 15 33
60 114 49
126 13 51
92 41 98
56 111 75
1 41 54
102 38 95
51 124 58
104 96 1
138 60 78
50 125 64
95 40 39
46 33 70
48 58 11
116 100 42
73 70 73
59 62 84
27 39 11
20 124 67
82 88 92
7 137 95
65 120 78
96 66 70
123 53 14
39 37 39
44 116 12
69 28 42
54 0 87
9 87 86
78 41 15
114 131 99
66 70 41
47 28 31
116 135 43
137 34 55
138 50 20
58 26 62
123 78 44
137 99 82
89 126 62
2 22 88
65 9 66
53 48 32
51 8 96
12 96 1
72 92 37
44 74 24
65 61 8
22 17 95
82 11 70
96 59 34
2 134 91
82 126 20
88 20 69
47 42 54
48 15 79
45 82 75
51 106 2
88 11 59
5 97 47
53 54 81
45 100 72
67 97 11
46 17 32
31 99 4
126 36 48
85 14 57
115 119 95
100 106 6
33 95 50
69 103 60
116 59 11
71 3 54
48 23 88
77 17 19
61 84 44
121 21 88
7 22 60
100 113 8
96 61 46
123 11 37
86 133 10
48 83 77
125 74 57
65 19 68
5 113 25
66 84 12
17 108 10
81 105 40
104 136 24
56 118 73
114 11 38
9 110 60
6 98 30
25 116 5
77 37 73
108 121 79
139 17 93
48 109 45
113 46 44
31 5 16
74 30 78
113 103 50
119 116 9
48 133 3
35 45 24
21 131 66
17 107 96
20 79 96
55 107 31
17 137 41
14 100 53
3 5 60
117 133 68
137 62 37
94 111 47
136 78 95
108 86 64
81 2 53
133 25 70
86 28 2
9 44 48
19 51 15
92 119 68
130 106 23
19 74 71
16 34 100
0 98 35
72 34 11
91 24 23
113 87 55
70 88 31
26 129 5
68 10 57
3 126 45
83 4 100
48 22 94
107 112 75
96 44 68
83 106 59
109 36 14
57 32 23
83 43 42
115 66 41
36 28 100
72 29 88
29 94 72
97 12 94
123 112 19
113 61 99
137 58 37
7 50 95
45 77 20
120 31 53
29 13 16
8 52 17
62 65 80
137 96 83
22 114 41
123 124 11
99 104 80
113 109 46
58 94 61
31 128 76
28 51 29
47 82 42
73 8 71
22 113 42
139 15 63
21 102 17
43 77 96
101 107 60
128 85 59
16 78 58
26 101 12
49 28 90
132 61 49
119 57 8
25 3 76
24 131 81
0 123 75
112 10 72
50 80 77
125 92 66
31 67 76
113 136 3
68 91 54
35 72 95
112 50 93
38 47 39
41 126 83
101 55 24
81 102 12
135 97 38
26 82 66
37 119 96
112 117 80
101 22 65
25 122 58
124 102 51
94 95 65
26 81 78
71 4 18
47 7 86
29 126 43
115 104 8
62 10 68
61 104 97
63 75 86
16 42 84
58 97 35
7 69 95
62 94 75
36 22 11
108 79 7
108 70 81
79 9 37
113 91 57
108 50 19
94 53 67
101 109 55
12 108 64
52 65 95
85 114 57
103 58 57
59 19 76
33 110 30
121 43 8
35 103 13
33 47 98
131 42 60
69 82 81
59 129 1
61 68 13
66 135 26
42 43 67
34 74 12
23 10 63
79 129 91
4 129 19
55 116 15
42 19 25
111 81 62
37 70 64
53 56 49
112 48 68
82 1 51
47 23 54
55 102 63
53 33 90
6 81 42
18 125 45
46 12 84
29 50 74
38 22 26
126 1 69
56 129 97
106 19 80
39 36 80
135 40 70
120 132 89
41 48 100
39 109 7
122 124 67
43 96 47
114 24 36
136 9 86
47 97 41
60 113 69
117 75 81
54 113 24
0 111 1
104 40 8
116 69 6
7 79 23
21 92 23
82 109 70
32 31 59
46 26 80
102 85 9
50 77 64
96 93 52
4 29 30
89 101 1
54 10 54
62 36 34
105 65 97
11 93 91
99 120 58
61 70 72
55 47 32
101 134 69
55 70 94
117 66 80
117 70 39
91 86 100
111 44 50
123 1 42
43 133 61
130 56 98
91 79 22
86 105 2
55 37 89
6 21 8
74 47 8
89 16 33
91 128 44
139 125 51
41 131 73
133 8 64
47 100 25
137 7 42
139 134 30
15 122 7
31 92 28
106 8 69
109 68 12
102 37 15
12 53 7
117 79 100
7 130 86
129 39 91
114 97 4
43 85 43
102 33 10
116 120 7
1 79 71
19 87 15
35 25 27
64 75 99
135 90 42
66 120 16
80 37 96
22 101 10
4 64 69
69 87 23
17 56 28
54 1 67
128 17 80
8 134 20
39 79 12
19 39 99
3 118 39
119 125 98
32 60 57
101 14 78
73 89 22
1 53 83
106 33 49
114 27 3
129 80 91
41 89 78
3 90 24
52 20 96
102 15 67
135 84 65
25 93 98
60 118 94
139 2 74
129 65 54
125 132 69
98 110 71
47 31 95
81 137 16
36 39 17
38 89 14
98 75 98
105 136 74
42 85 23
32 105 95
122 136 80
78 59 52
54 44 56
93 22 100
101 52 49
33 90 47
125 62 23
105 126 76
80 69 68
117 16 54
23 71 48
137 130 39
33 28 3
114 128 93
133 105 41
137 4 22
96 70 56
60 57 32
91 137 37
121 97 58
61 95 66
121 83 22
126 113 3
113 92 100
81 11 70
41 93 47
133 103 81
10 103 49
25 94 72
118 93 24
82 124 46
26 62 68
23 80 99
22 32 31
84 36 94
67 124 93
70 90 98
8 31 71
37 134 7
66 67 12
37 59 32
78 48 68
1 82 19
73 91 70
47 95 83
120 73 73
10 11 28
6 115 13
126 41 91
33 137 13
124 49 11
97 92 50
131 106 86
122 34 91
13 139 7
40 18 58
29 120 18
70 49 76
37 87 68
61 19 27
32 124 22
94 12 88
72 80 62
48 132 29
118 89 45
10 69 77
129 21 20
83 55 12
8 41 68
46 65 48
59 69 72
23 115 82
123 50 4
72 116 92
14 27 2
34 80 17
11 118 85
42 33 38
18 100 44
52 71 47
22 69 88
16 61 61
37 44 55
56 26 23
112 31 32
13 111 89
113 10 48
77 55 17
123 116 65
83 62 81
52 36 32
131 37 81
41 98 8
58 0 75
103 138 17
119 77 16
9 56 86
70 134 40
139 50 99
9 18 12
83 129 100
103 73 82
121 134 39
110 122 54
59 39 78
50 33 43
31 33 74
62 121 23
57 123 44
63 23 88
101 38 24
108 114 66
59 79 3
128 105 20
24 4 86
29 119 69
22 128 71
37 126 64
49 123 57
63 66 27
96 120 15
86 68 5
61 138 68
72 51 74
134 137 72
52 109 3
55 5 49
64 117 6
47 32 24
27 114 34
111 72 35
45 138 98
5 131 82
53 78 46
14 5 95
40 5 3
0 39 40
16 98 47
75 46 95
25 109 28
55 69 53
132 47 78
41 133 26
84 136 24
14 16 68
111 45 44
65 11 77
75 41 28
80 17 64
66 8 38
62 82 40
82 46 26
82 59 95
104 31 93
93 8 54
62 95 14
95 135 21
72 79 31
4 102 92
98 15 74
85 28 65
17 31 75
133 87 92
122 121 66
89 81 29
17 11 88
77 88 3
30 80 11
10 64 49
18 98 42
29 74 36
131 62 19
39 27 49
46 20 81
72 31 7
46 132 26
52 91 34
66 9 85
81 63 12
56 20 36
133 107 45
44 57 88
36 104 21
14 92 45
12 121 35
60 87 36
95 90 57
15 139 17
81 69 30
21 58 79
25 23 57
131 20 83
35 2 46
18 14 96
88 100 44
13 33 48
119 13 74
136 22 72
73 37 68
137 115 85
91 22 23
79 11 38
96 63 88
133 134 65
49 54 98
87 119 66
65 90 17
125 41 31
40 128 37
74 103 96
18 13 89
13 71 37
13 12 99
111 28 31
124 134 60
1 33 35
19 61 49
33 111 4
80 62 60
63 110 74
11 136 8
71 70 3
114 35 1
7 93 84
134 51 82
32 56 79
54 29 94
134 27 78
63 59 6
108 27 43
79 68 63
84 33 47
79 3 5
91 119 54
19 13 36
35 75 31
39 77 12
54 55 78
20 55 9
44 112 83
121 88 10
111 33 18
105 107 90
124 135 100
122 19 86
11 36 18
19 102 69
73 79 59
26 18 5
109 137 36
44 80 61
116 119 30
98 25 79
114 25 29
23 78 46
75 3 92
70 119 69
60 91 70
99 133 72
116 80 44
92 132 40
65 3 8
0 61 45
26 131 20
123 120 62
65 132 60
54 6 63
73 3 3
109 48 90
111 46 36
91 16 1
34 28 45
92 37 39
58 72 23
51 2 95
44 7 54
114 103 91
104 67 94
17 119 90
20 88 83
6 110 23
41 53 8
92 85 57
73 125 94
61 39 1
47 71 78
26 73 86
109 41 12
57 99 22
122 78 61
77 18 50
100 21 49
27 139 71
21 126 4
11 10 64
86 97 93
46 57 78
66 58 70
84 15 78
54 87 96
23 108 56
61 111 67
12 48 96
137 68 12
115 7 70
57 25 62
57 94 60
53 57 48
2 104 2
26 5 31
49 119 48
86 65 13
130 115 97
106 131 34
80 133 34
20 126 60
8 45 91
50 39 33
52 47 49
124 22 7
12 46 72
114 107 54
87 28 2
64 109 72
9 70 46
125 60 65
137 31 88
40 129 25
40 64 10
33 68 96
108 28 43
73 47 14
77 3 18
37 133 37
74 131 6
129 86 17
40 36 28
48 125 77
36 10 9
2 85 87
63 71 54
33 59 7
45 121 80
26 137 10
13 22 62
82 92 22
0 101 81
54 124 3
106 15 100
123 68 69
41 38 8
0 16 1
133 55 39
4 71 76
119 53 34
27 17 85
17 49 94
5 45 77
13 135 16
64 19 67
87 118 41
93 47 8
69 110 97
103 105 35
41 63 31
113 5 85
104 106 64
92 128 64
139 119 53
139 72 35
129 112 6
122 90 64
33 61 51
34 64 53
123 135 9
126 106 74
95 3 94
115 20 29
44 92 24
57 45 57
8 5 95
116 131 13
58 121 25
72 45 69
79 57 46
29 7 96
86 11 1
37 5 89
22 65 26
1 9 25
28 96 16
41 23 22
136 118 65
53 1 42
120 19 33
75 108 12
102 126 35
120 43 71
48 40 30
108 98 54
51 88 29
129 47 75
90 63 32
46 39 92
15 97 32
96 13 12
58 130 76
124 38 48
123 60 70
110 50 35
24 108 65
1 57 10
45 56 17
12 35 36
47 112 48
68 34 84
12 99 55
32 96 22
25 47 6
60 138 76
124 138 65
133 16 76
44 51 12
27 123 5
57 131 1
9 90 64
92 15 71
42 38 84
99 37 94
0 50 13
79 12 9
32 138 20
95 62 67
110 81 38
82 81 59
129 135 90
47 80 17
30 25 64
78 115 24
34 87 72
48 130 95
40 78 42
13 63 83
24 101 9
90 91 73
131 63 42
111 39 70
69 65 36
119 113 58
83 52 33
79 31 55
11 34 55
99 132 97
136 8 62
11 133 31
9 75 48
17 9 4
59 119 13
12 64 57
46 113 5
72 35 27
47 126 7
137 43 35
17 15 62
58 114 23
81 22 79
6 51 8
118 67 74
121 136 64
89 105 35
97 14 37
36 0 29
78 3 70
121 26 13
134 3 95
126 45 66
108 25 45
19 118 80
69 105 40
40 54 95
6 57 15
102 72 26
120 24 100
112 118 10
120 128 43
54 71 26
29 17 84
92 118 18
13 36 98
83 89 88
44 18 78
100 52 1
100 128 98
12 125 98
41 78 85
113 13 80
133 63 23
8 32 82
117 82 92
50 119 43
7 131 10
92 69 73
102 108 65
136 46 9
138 120 70
129 136 84
107 56 8
73 17 10
37 122 67
34 139 84
121 59 15
113 82 35
117 121 50
23 117 9
40 12 12
15 85 88
79 27 85
128 87 60
18 3 34
29 3 80
14 22 31
19 98 85
110 38 38
89 10 35
111 102 26
2 45 39
108 105 24
108 19 61
27 54 18
38 51 99
42 53 54
118 66 84
39 19 89
70 15 67
2 20 37
113 26 61
23 2 52
0 121 45
79 107 7
96 10 19
10 46 76
134 95 56
75 48 54
134 6 18
44 129 44
12 44 6
12 39 24
31 93 33
21 78 72
121 41 68
100 91 2
67 92 94
124 67 18
30 99 83
75 113 55
43 33 49
51 36 70
133 102 5
57 91 28
85 74 59
74 8 44
128 84 83
85 65 18
93 91 87
118 34 60
16 19 55
116 22 1
54 36 72
14 38 28
49 61 16
36 21 96
40 50 47
134 4 3
21 30 100
90 136 16
30 28 58
3 95 66
129 48 30
106 134 6
133 36 4
25 46 37
10 32 79
74 14 40
103 122 27
77 14 3
4 132 90
139 83 12
35 133 32
67 87 28
90 36 54
50 104 3
88 58 99
29 64 20
30 33 31
34 31 24
93 36 79
69 71 51
9 80 6
40 33 56
100 45 90
116 86 18
135 68 36
23 12 50
92 115 40
124 4 67
66 20 50
78 129 37
91 88 96
3 40 40
95 30 43
0 133 42
135 18 32
138 83 43
79 134 92
59 35 50
61 88 6
1 87 3
121 74 62
70 37 29
93 133 17
73 57 30
1 115 65
20 33 54
117 54 26
21 20 61
99 122 71
104 28 24
135 79 57
3 82 80
115 80 41
112 99 25
121 60 55
42 1 45
86 26 69
117 96 36
90 53 3
72 17 6
3 60 24
105 14 58
32 75 96
7 74 52
41 8 5
122 29 75
85 135 35
34 27 12
89 95 63
25 75 56
18 29 6
80 112 9
36 5 74
47 34 53
136 125 51
87 132 88
13 94 36
11 29 74
82 63 23
124 139 77
50 2 9
102 95 79
113 85 83
108 100 64
116 25 75
80 91 23
48 17 32
49 92 12
57 70 14
115 57 90
14 78 15
92 79 63
82 133 30
93 92 33
89 100 34
43 37 20
81 31 15
11 33 50
136 96 27
116 14 44
1 20 46
102 133 87
113 119 35
129 108 8
8 9 40
98 8 78
98 62 26
2 94 36
56 107 61
85 9 86
71 48 68
113 40 96
85 129 13
132 75 97
69 48 24
134 29 58
109 86 47
95 102 6
131 50 74
74 13 69
132 48 24
68 63 65
110 112 39
57 3 50
50 52 91
77 109 19
100 64 99
109 105 16
13 117 79
79 0 69
98 67 87
115 123 21
2 105 36
85 13 80
40 132 94
78 24 46
21 16 29
34 82 98
9 6 43
94 129 7
99 61 22
95 65 18
3 25 73
113 60 25
11 67 8
113 80 68
70 14 7
40 46 23
124 9 63
64 48 54
109 65 76
134 2 87
48 102 30
137 72 62
79 120 34
81 119 85
1 74 98
138 139 52
109 88 41
95 41 15
51 58 99
38 96 37
85 81 56
31 45 86
132 68 55
68 106 70
17 122 73
40 93 90
28 48 56
93 25 39
22 28 25
44 65 26
2 136 54
28 52 48
44 62 27
117 112 85
63 108 93
68 139 70
25 103 14
59 126 84
21 120 23
139 98 13
69 12 87
0 15 17
26 92 29
34 89 70
117 123 29
62 32 6
139 53 62
32 66 48
74 124 64
17 21 9
106 86 98
11 107 49
88 1 90
96 8 37
110 117 7
67 114 40
51 108 35
81 62 12
118 35 10
98 122 3
42 66 38
33 128 67
37 62 31
117 57 98
32 25 55
43 10 52
86 63 71
38 133 39
99 82 46
118 113 88
78 29 45
33 34 26
30 106 29
82 44 46
4 16 4
94 44 59
101 125 73
125 104 85
13 80 72
108 38 44
87 58 60
79 16 37
19 62 38
115 138 86
96 14 20
85 26 60
0 138 53
103 22 85
111 59 66
28 119 8
90 75 56
52 64 89
48 57 20
83 11 84
25 135 23
119 102 60
6 133 33
4 11 51
102 121 8
94 108 45
119 30 47
114 22 67
85 75 37
31 101 97
47 25 8
65 43 97
14 41 60
94 30 3
114 4 35
111 71 27
132 18 28
121 93 65
17 2 87
55 104 20
7 75 20
13 66 26
34 17 33
15 57 9
109 116 59
120 16 42
119 118 68
23 14 51
54 103 19
11 129 58
119 61 17
7 111 2
46 135 73
121 6 75
78 19 54
12 93 77
17 80 53
4 78 52
6 102 97
115 35 78
29 37 65
10 1 19
32 69 30
102 48 58
71 112 62
99 117 20
99 65 32
20 91 88
87 101 18
132 0 80
77 96 4
119 69 12
39 40 67
77 62 19
17 36 4
49 122 5
34 12 97
139 123 24
7 66 42
122 118 43
94 131 9
125 99 45
133 132 49
49 58 38
112 16 77
78 103 54
36 101 94
102 17 87
60 81 4
82 19 86
89 72 40
133 20 67
69 46 90
85 67 30
71 128 89
56 85 72
122 98 14
9 71 75
40 107 30
98 78 7
12 2 30
80 110 97
8 40 2
59 26 72
81 26 85
42 88 38
42 139 43
123 35 56
98 13 31
45 9 40
20 131 24
114 100 9
33 35 43
65 47 87
8 43 83
91 30 55
8 28 71
17 87 46
86 113 80
91 111 8
97 65 46
2 137 25
80 1 59
78 56 27
63 54 90
83 88 68
123 85 26
100 13 59
89 109 57
95 42 95
36 29 54
13 29 36
57 19 79
54 119 56
74 4 84
99 102 84
99 131 100
19 138 66
137 20 13
133 52 31
89 31 73
49 116 42
52 56 36
138 45 91
10 109 95
18 28 13
106 139 29
0 120 85
135 51 62
113 114 49
87 66 79
41 22 87
56 112 15
34 78 39
90 29 33
26 130 95
77 89 28
29 6 92
56 0 5
126 133 64
27 33 43
126 49 64
43 124 80
23 79 8
82 121 8
74 132 64
64 71 2
135 115 84
54 49 77
51 119 52
128 14 42
85 49 85
126 3 44
15 33 2
101 62 56
19 89 26
109 133 31
51 28 23
120 99 73
93 137 77
120 67 87
21 54 37
119 71 61
78 49 85
62 133 94
123 25 72
133 27 78
7 128 50
19 135 49
87 43 9
26 67 20
46 44 11
122 130 5
112 135 13
126 123 47
112 77 23
43 42 32
97 108 19
43 126 99
6 3 61
22 72 66
51 102 36
132 34 11
79 61 44
120 104 34
82 18 90
44 38 54
89 131 72
2 88 41
11 112 10
138 28 65
41 17 85
137 123 62
79 139 39
20 100 16
99 44 4
85 41 25
43 11 5
23 135 99
39 128 11
6 114 11
102 118 86
94 104 91
84 109 66
28 25 11
108 45 3
64 57 79
115 23 49
4 46 20
128 77 65
124 137 31
20 8 77
88 93 61
36 7 53
52 29 27
15 136 84
104 116 27
79 39 100
105 50 97
4 85 79
73 36 89
129 116 28
11 121 63
13 137 44
12 4 20
1 102 71
6 25 68
89 119 6
82 64 50
23 86 23
138 91 12
99 28 91
80 66 24
136 106 27
88 13 76
36 77 39
98 43 47
74 106 93
6 93 88
82 40 77
15 50 23
71 17 71
32 110 31
5 43 96
18 79 73
60 44 34
75 54 12
101 115 5
27 74 20
131 33 88
132 115 33
132 87 58
5 114 88
73 96 81
24 87 66
14 114 90
75 97 79
34 108 60
34 44 16
31 113 6
18 102 40
82 95 2
72 123 18
4 35 54
15 51 83
100 101 53
49 80 63
48 136 8
50 32 73
9 38 64
118 42 53
86 16 44
0 35 57
55 33 79
85 23 76
55 29 22
135 91 20
29 136 86
2 44 97
136 16 61
107 139 57
120 72 82
87 77 70
9 104 47
106 13 45
28 82 98
28 89 90
134 13 5
137 82 1
120 88 41
90 22 72
90 120 48
45 42 46
128 119 58
5 108 100
31 26 80
39 125 48
19 131 83
68 35 28
113 54 35
62 53 87
135 121 87
63 49 35
81 0 66
80 22 13
130 43 37
91 110 48
91 72 34
70 105 80
80 99 38
107 97 9
99 92 93
33 122 64
101 126 94
8 131 52
67 69 19
9 131 76
79 69 14
31 115 74
97 9 36
98 137 39
129 105 22
94 48 47
101 12 51
4 124 50
72 39 23
133 24 62
4 99 3
52 120 1
37 57 34
94 19 20
84 123 4
122 27 52
116 54 69
31 41 71
102 13 46
43 48 60
88 41 27
33 21 65
112 36 35
60 136 24
132 131 54
20 116 89
118 78 45
125 119 15
119 19 86
70 51 46
112 90 84
95 32 51
139 118 82
81 79 45
128 23 58
66 136 94
55 110 83
97 83 38
97 105 41
59 122 94
10 115 41
23 40 14
90 62 57
109 19 14
52 69 99
9 106 49
112 27 29
53 80 12
86 13 36
129 28 44
50 61 1
108 96 65
112 28 60
124 24 75
139 113 58
23 93 13
14 29 68
48 121 100
51 3 69
14 88 29
21 72 15
60 69 61
26 39 98
126 24 14
77 128 33
7 19 27
103 130 77
46 28 67
54 95 73
8 78 11
54 111 5
15 77 2
54 38 87
121 72 49
55 130 9
102 40 88
86 87 72
46 24 86
114 79 22
97 115 66
118 135 55
40 110 56
110 0 59
129 24 87
113 131 51
103 27 12
54 96 92
104 63 85
132 69 87
4 55 70
56 71 22
21 46 73
126 2 93
116 52 87
80 55 99
95 0 48
52 90 42
31 15 58
46 19 76
50 103 14
84 42 8
137 33 62
63 119 25
125 42 2
48 100 59
77 129 51
108 29 84
88 37 28
82 123 42
72 94 27
41 136 54
119 51 2
135 47 1
5 4 86
65 51 55
57 20 59
126 80 58
98 83 72
89 98 74
81 84 57
97 75 79
48 126 36
40 94 50
87 105 89
98 18 55
103 80 41
124 43 95
58 71 24
8 82 47
38 63 8
10 129 58
63 97 51
66 83 14
104 133 60
5 22 42
18 70 24
58 1 77
68 3 77
129 95 17
95 50 5
11 39 98
133 109 70
25 131 60
83 1 97
18 72 30
72 102 77
35 70 36
41 129 84
93 66 28
107 88 7
50 29 35
130 101 35
119 108 63
54 99 55
83 18 37
77 137 60
63 56 80
25 26 87
116 71 46
138 75 37
24 44 89
44 77 90
5 78 80
28 85 26
34 54 57
59 25 20
37 93 62
124 129 46
47 6 5
133 37 6
82 30 50
119 81 67
35 31 16
19 9 65
5 46 97
95 27 2
71 131 46
43 4 84
119 74 16
119 133 96
134 80 39
3 139 38
65 101 43
91 120 33
90 96 63
118 27 50
83 49 17
48 7 56
52 81 46
109 47 26
0 119 97
62 30 40
83 100 24
30 126 12
15 124 38
19 128 100
108 49 31
8 65 16
115 110 80
23 29 68
129 16 77
64 116 52
36 63 52
51 30 31
17 3 63
71 90 49
80 18 41
68 111 78
37 94 10
90 4 49
69 42 26
7 68 54
16 72 66
62 91 14
117 106 25
62 2 47
78 47 70
30 121 40
59 110 22
104 111 89
62 113 36
52 111 75
16 22 53
134 139 1
136 17 79
60 82 9
96 72 10
96 56 35
42 4 53
36 82 42
81 4 15
82 51 14
8 109 66
42 124 31
34 56 22
78 111 37
7 115 24
38 46 27
109 67 31
59 138 38
59 20 60
18 6 47
86 42 3
79 30 39
64 138 3
63 36 38
70 16 83
133 23 67
88 60 29
6 37 54
137 129 55
52 35 11
43 1 60
91 37 43
126 87 41
103 83 47
84 73 99
104 139 49
21 73 98
7 60 100
71 19 61
36 42 31
6 44 52
52 106 87
75 131 88
123 90 26
67 54 7
45 62 73
87 102 23
8 58 76
93 55 74
107 16 96
72 57 90
45 7 42
131 130 2
111 130 77
63 41 68
134 88 21
1 65 97
36 136 82
64 34 86
57 82 51
39 6 27
99 121 12
13 92 44
25 123 91
65 137 45
125 71 62
37 67 6
137 134 46
17 81 88
20 89 77
56 89 3
95 108 66
91 95 40
136 114 94
9 111 2
93 23 6
18 96 37
35 1 44
21 138 76
105 90 93
77 5 9
122 36 33
103 70 44
7 35 82
96 136 96
103 77 44
134 69 12
107 137 20
26 113 32
34 92 5
97 7 53
124 123 11
20 23 31
93 64 70
54 60 43
122 70 80
61 134 34
55 19 78
26 44 42
29 68 89
49 139 21
72 25 41
136 117 58
25 133 20
86 8 77
80 98 80
12 70 62
8 85 30
129 121 73
138 99 67
93 120 35
81 101 60
92 93 37
25 33 16
40 83 98
77 48 14
14 134 52
111 138 35
46 86 40
9 55 1
109 79 48
5 40 88
44 110 9
135 106 57
94 65 17
131 112 95
37 96 15
102 130 26
72 96 70
62 60 18
22 54 86
136 75 11
115 108 69
68 78 36
55 17 58
94 130 59
113 128 23
11 78 67
1 124 46
75 18 30
13 58 46
56 133 1
114 123 64
139 106 67
89 120 43
71 72 81
64 79 98
59 23 22
11 60 13
8 130 69
98 32 21
64 103 14
8 119 98
3 22 35
109 63 62
8 107 94
94 89 65
116 96 73
95 39 42
44 39 77
122 21 44
130 27 88
21 64 24
132 125 48
120 107 65
24 63 48
85 46 91
118 83 11
9 37 38
8 91 74
48 106 7
59 78 95
81 109 57
115 50 33
89 107 37
122 126 28
113 70 25
134 91 5
101 94 27
126 55 88
87 98 6
105 72 95
131 4 24
54 65 83
42 10 93
91 59 54
59 81 51
15 130 48
95 35 83
120 48 22
90 105 95
44 108 73
63 117 9
43 111 100
56 38 40
126 119 54
4 2 97
3 29 5
2 73 40
11 35 59
82 48 52
21 99 76
98 36 8
84 114 40
74 79 95
51 6 29
87 84 24
72 38 11
62 74 95
64 14 60
105 47 42
55 87 49
66 134 48
84 3 47
2 80 80
68 95 60
130 22 82
134 122 39
42 138 58
5 121 93
121 57 52
83 73 100
111 89 35
118 31 38
37 129 54
111 66 66
2 25 15
4 92 8
34 125 45
128 114 98
54 120 73
71 86 50
131 49 40
59 15 49
134 50 100
54 9 27
73 119 80
46 115 59
99 128 68
86 116 50
118 50 63
50 27 78
124 125 43
21 108 72
59 1 99
107 117 31
50 42 67
87 91 50
60 28 76
78 32 84
13 26 70
119 138 26
115 113 70
80 16 46
138 67 47
67 51 33
30 104 1
40 30 20
38 88 44
132 43 45
20 139 13
90 74 80
106 120 12
78 0 33
97 29 51
80 81 25
130 91 18
40 2 91
39 55 44
69 125 17
88 83 1
23 19 28
110 24 32
81 53 97
26 1 98
69 68 17
52 11 21
99 29 37
19 66 32
96 106 7
134 119 2
31 20 69
113 63 51
19 124 81
12 59 58
110 105 15
36 12 34
8 124 53
81 136 77
29 130 14
91 67 93
103 44 31
91 56 85
95 112 87
57 7 91
74 50 53
30 92 16
22 3 3
114 60 89
136 44 12
22 77 47
71 53 21
88 4 69
89 124 56
30 69 40
12 54 52
102 58 10
10 9 17
90 124 66
96 35 47
11 139 76
69 5 12
25 88 19
137 108 61
65 34 91
5 105 20
62 101 64
135 16 15
41 33 35
101 66 26
52 6 63
97 94 83
12 7 28
47 51 98
64 32 13
37 13 39
97 87 87
117 14 51
78 119 78
34 130 5
35 117 41
38 83 37
131 82 38
21 47 41
23 110 68
88 111 69
4 13 40
42 13 90
42 97 97
51 100 76
139 105 39
46 130 36
45 70 29
57 73 82
116 56 20
11 8 70
50 86 87
41 58 89
134 138 37
104 125 18
80 128 32
63 139 44
66 40 93
70 112 48
136 67 24
0 5 86
138 15 60
75 31 44
36 92 39
129 40 7
104 91 92
119 6 12
60 25 7
14 52 8
95 9 74
131 66 49
87 68 22
126 43 2
56 63 58
49 34 77
105 9 62
9 69 53
74 116 81
5 29 50
81 18 61
55 132 33
70 113 11
23 49 79
72 136 22
60 137 74
89 67 92
94 33 36
67 61 22
95 91 78
99 68 97
3 81 91
57 26 67
138 77 38
40 85 87
100 90 8
24 112 20
7 15 87
6 10 77
47 116 79
95 55 77
40 136 36
111 35 67
98 3 74
51 126 53
91 121 22
45 105 4
109 84 20
85 138 16
128 47 2
32 2 16
64 130 92
134 19 3
95 96 41
86 19 22
136 27 87
88 126 78
29 101 47
22 124 18
30 67 42
56 27 12
14 105 89
117 52 50
40 116 17
10 81 70
89 110 46
31 91 14
12 84 85
53 112 60
103 124 18
49 66 17
106 32 27
6 120 68
106 129 32
29 39 100
52 138 95
116 104 29
54 115 16
138 66 45
86 126 65
81 12 50
137 69 14
133 121 83
72 77 93
83 39 78
91 116 99
130 135 34
80 134 78
10 21 28
73 9 95
57 117 92
85 136 62
132 128 11
45 23 74
70 55 76
54 25 47
122 42 82
100 18 59
126 122 15
134 74 50
50 9 77
130 62 16
38 16 50
55 42 74
75 14 88
46 138 15
36 40 4
97 89 43
139 32 21
21 69 22
119 111 65
19 42 28
77 69 18
13 14 3
20 78 66
2 77 5
77 68 45
81 86 94
54 101 72
136 0 64
129 58 49
107 5 25
109 80 86
53 34 6
98 10 40
16 86 10
90 78 89
81 120 77
88 129 50
66 77 32
85 18 42
111 114 100
43 50 41
57 13 16
39 113 23
90 92 43
3 17 41
71 42 81
56 101 2
122 80 23
61 17 14
138 111 87
20 132 3
84 117 62
52 102 30
94 90 48
49 18 44
135 42 53
45 39 92
27 83 14
0 109 21
136 79 21
32 39 27
107 50 82
16 79 33
97 13 30
1 17 2
8 77 33
54 51 63
47 74 65
137 128 6
78 57 65
41 123 21
134 93 71
55 13 69
80 61 23
84 96 30
103 54 76
112 44 27
37 85 4
17 93 58
19 60 84
36 123 66
35 67 94
73 44 32
82 17 77
15 11 46
30 97 16
23 102 33
130 53 69
59 116 93
97 20 12
82 54 79
96 53 3
35 58 7
69 120 68
44 81 56
45 5 88
131 124 54
61 90 8
71 125 47
96 99 67
106 93 50
125 54 72
20 35 18
57 27 99
35 9 46
67 121 72
36 33 13
80 32 75
32 101 67
81 80 9
18 54 89
134 126 95
29 107 9
20 66 24
117 108 14
15 89 22
54 64 93
72 44 26
55 74 69
56 96 100
93 135 99
119 134 97
11 63 86
15 103 87
53 55 62
22 57 41
131 94 25
32 3 93
55 56 4
35 68 60
38 58 91
121 110 95
61 34 11
4 42 13
7 138 34
49 26 42
106 1 100
28 121 3
81 88 21
61 16 32
63 6 2
37 95 91
137 9 10
109 108 35
46 0 93
40 51 67
32 55 81
135 118 66
29 77 44
121 22 46
63 122 26
88 95 50
88 125 28
102 6 29
46 131 74
44 75 79
101 119 93
59 93 9
138 112 51
109 42 61
59 0 42
82 65 3
90 65 6
25 79 26
40 88 61
13 7 29
133 46 81
56 79 48
23 87 61
131 128 59
36 68 22
29 63 54
33 8 15
92 74 87
88 98 74
128 123 43
103 88 76
43 0 62
114 58 14
40 134 98
54 12 98
81 49 20
37 112 40
119 98 18
53 114 55
112 86 64
28 43 91
22 33 85
55 41 32
61 102 81
38 86 76
75 128 25
130 131 61
79 64 24
97 132 68
52 72 63
41 132 3
122 112 59
4 9 75
136 80 97
93 6 77
39 68 46
28 80 18
111 100 36
109 85 78
106 43 7
71 38 21
102 92 70
125 14 46
2 75 62
36 106 38
130 18 36
2 125 2
25 129 53
90 32 51
79 94 24
89 37 10
123 43 59
42 32 88
112 2 22
43 19 71
28 50 32
95 4 55
92 23 74
71 109 55
130 19 31
2 19 35
4 19 89
48 53 32
107 87 16
106 82 54
96 138 69
95 117 80
91 17 45
71 35 29
58 32 91
66 82 94
101 88 22
16 110 42
14 23 4
124 118 82
135 92 90
10 131 84
52 103 25
117 45 64
115 42 25
102 115 37
75 32 38
103 118 23
71 13 23
111 74 50
78 38 82
14 129 16
23 91 87
139 8 45
40 97 85
1 111 16
83 139 84
99 25 8
7 14 91
135 32 62
98 119 60
112 116 86
49 135 68
54 122 7
96 60 19
33 48 85
80 70 20
50 36 26
97 79 38
47 75 57
56 17 48
80 49 5
3 51 54
38 39 70
95 31 80
115 101 50
51 40 5
31 68 27
47 12 80
94 114 62
6 60 53
124 71 47
26 88 90
80 130 64
22 130 19
51 118 47
43 47 48
131 86 46
114 30 46
2 21 24
101 106 1
137 65 61
16 14 100
31 105 21
106 52 93
123 96 28
20 10 36
89 63 47
99 4 64
122 44 83
117 49 92
71 73 9
106 116 18
139 103 8
82 114 58
63 1 58
120 123 51
79 116 79
138 68 10
106 119 51
110 126 14
57 58 58
81 50 49
38 115 6
73 115 12
44 132 54
132 99 95
9 63 27
120 55 29
6 104 62
112 3 50
42 31 82
58 47 95
16 55 38
52 17 55
0 80 91
34 97 54
73 72 91
34 2 62
139 44 65
122 123 54
68 47 70
44 60 47
74 125 88
44 28 6
77 8 89
41 11 96
86 9 85
11 46 34
77 83 79
98 114 57
43 40 92
18 4 67
51 105 12
115 134 25
87 135 94
79 97 12
66 13 56
136 2 90
87 46 40
84 6 69
39 81 41
4 14 39
137 40 6
96 91 68
106 83 83
92 64 39
56 70 23
2 95 24
64 122 71
27 80 18
25 57 10
86 55 52
98 115 27
101 30 62
123 27 72
3 72 30
47 70 78
117 25 69
53 125 81
69 96 77
56 31 14
41 100 31
8 61 73
109 94 80
9 82 81
40 20 24
79 2 11
52 116 97
3 20 31
7 101 20
72 83 20
71 98 84
124 108 60
38 99 67
1 45 78
71 1 87
88 3 17
58 45 85
16 6 75
77 139 68
113 111 83
116 23 51
24 70 53
66 104 54
64 83 88
19 5 69
42 69 4
73 11 39
92 68 46
109 43 57
97 31 2
108 22 27
92 25 9
4 41 94
111 119 26
49 129 33
22 20 59
90 79 8
53 121 25
104 32 69
5 18 11
89 22 47
122 12 58
59 84 81
74 21 57
133 66 4
25 82 4
21 15 97
132 35 31
79 80 91
16 93 51
23 35 50
114 21 98
53 31 42
5 91 28
132 52 30
38 64 18
104 19 12
62 5 90
93 78 53
71 62 76
108 78 69
75 0 34
65 67 57
119 66 44
35 13 93
7 97 64
52 40 88
120 111 97
109 135 53
62 119 70
104 74 19
99 18 30
115 41 50
129 55 4
13 108 83
139 131 97
50 38 83
63 104 30
102 32 95
8 133 44
61 5 37
48 36 13
68 126 85
13 120 100
21 74 64
114 88 5
129 44 41
33 57 42
4 53 73
93 57 85
44 3 86
109 100 19
134 83 87
53 21 43
74 107 7
4 74 61
37 3 61
43 58 41
102 94 61
102 88 58
79 6 38
40 0 2
40 48 78
67 71 81
68 86 79
28 78 70
64 73 29
112 32 70
135 27 4
51 94 56
129 120 31
86 47 98
98 0 87
122 83 97
98 118 73
13 21 37
101 93 65
92 26 3
126 5 74
120 68 99
24 113 77
92 35 48
5 31 91
34 102 12
101 26 38
73 55 88
129 31 70
126 44 88
33 82 49
131 15 45
60 123 42
24 128 72
44 136 17
105 24 3
58 115 58
110 91 20
21 32 33
25 19 79
121 120 25
66 35 67
40 68 33
122 2 45
116 93 68
64 38 3
58 120 90
15 49 69
105 2 58
41 84 58
49 86 97
64 10 60
135 1 88
106 135 75
70 32 92
103 67 81
133 5 89
67 25 29
3 98 100
99 21 77
49 41 51
55 138 6
95 2 41
130 42 52
114 73 86
47 35 95
134 62 25
46 63 48
72 36 67
90 125 49
135 14 76
89 111 6
124 119 57
62 139 29
68 92 58
58 110 38
97 4 50
89 84 64
128 139 73
93 74 83
119 132 93
105 51 95
133 128 11
27 119 63
86 17 68
92 95 87
56 109 99
122 116 88
110 95 75
119 89 2
84 16 68
130 107 5
29 41 59
104 98 23
96 38 14
59 111 1
78 101 41
6 47 100
33 70 7
82 58 94
37 117 11
0 24 26
90 89 35
56 126 6
14 66 97
117 68 1
106 26 60
55 117 11
135 23 59
111 30 70
20 114 30
34 99 48
35 108 66
2 119 75
45 4 25
57 31 39
135 113 20
12 115 6
75 123 71
35 14 80
18 5 62
130 24 43
34 62 76
60 29 51
90 2 61
26 115 36
38 95 21
116 130 40
131 65 95
101 47 11
49 84 73
42 75 14
45 129 42
67 103 4
107 135 15
37 71 98
86 12 3
60 97 79
9 68 34
15 56 78
85 10 39
54 13 74
88 139 99
58 53 76
125 69 3
3 115 97
99 55 58
65 96 51
113 69 32
99 62 39
16 7 52
116 81 26
118 84 47
26 4 91
106 48 1
15 82 68
79 49 25
24 79 70
19 47 85
105 103 26
131 51 47
111 91 75
101 102 26
54 43 32
84 13 45
109 70 20
123 136 47
80 3 4
0 20 80
6 58 4
49 104 71
20 48 84
80 8 37
31 94 25
1 71 53
16 97 59
78 116 56
116 12 79
3 32 30
50 19 30
89 82 11
3 41 7
97 112 68
26 139 50
13 46 10
122 87 66
139 25 50
90 68 11
42 36 57
41 19 87
9 4 2
125 63 77
33 10 90
84 137 42
67 100 58
12 101 43
72 20 39
20 60 88
113 97 17
61 136 45
97 91 61
33 83 47
103 59 87
81 74 42
132 53 95
135 29 85
33 12 32
75 88 55
20 96 34
22 98 90
51 4 54
83 108 51
100 94 2
128 31 56
93 81 38
69 129 15
48 19 85
82 79 13
28 93 75
124 59 71
72 9 42
9 103 81
16 10 90
33 29 65
29 33 69
53 16 95
115 30 57
83 3 32
111 54 19
63 72 6
114 65 31
2 0 61
15 45 63
7 57 75
47 41 29
11 12 56
113 28 57
120 26 9
83 16 53
33 129 63
116 47 44
30 37 12
16 2 15
128 136 78
45 108 62
50 135 79
116 98 72
69 118 23
103 89 100
110 135 69
35 122 54
55 28 46
87 40 20
56 106 59
5 124 67
108 89 9
106 92 36
1 56 55
77 47 42
16 12 63
10 48 77
91 47 17
14 116 63
72 85 64
136 104 99
32 20 66
74 1 39
34 132 75
90 88 1
97 45 42
117 104 14
109 39 81
122 95 81
67 107 52
129 2 60
17 90 19
115 2 34
27 62 59
21 49 32
24 122 26
87 103 67
128 39 86
18 78 51
51 130 64
29 49 49
17 136 21
82 83 88
100 136 76
131 89 88
129 89 75
107 130 35
132 101 36
53 43 63
79 50 7
50 25 65
113 96 64
38 40 36
11 85 90
64 134 52
100 134 32
45 68 97
82 49 74
124 26 7
123 138 88
19 73 84
109 45 91
73 84 59
74 135 82
122 7 92
102 23 49
34 98 64
38 9 72
71 110 61
108 3 57
22 116 73
57 62 50
112 40 58
132 90 65
82 15 36
59 120 65
72 3 78
115 53 56
99 45 55
110 116 34
139 18 93
19 104 61
12 107 49
37 20 69
21 43 49
14 74 18
42 80 10
86 118 10
23 106 11
124 45 16
69 38 63
123 102 42
103 98 92
29 89 62
28 88 46
136 107 98
139 137 98
104 50 61
14 120 18
42 64 32
78 114 55
70 121 79
43 14 15
45 119 90
21 112 48
44 131 60
49 42 49
46 125 3
43 92 69
96 130 50
72 81 54
132 29 13
15 21 27
101 7 48
129 29 13
28 101 86
100 58 92
71 67 13
1 119 99
111 52 38
109 26 84
83 95 17
125 113 1
36 51 22
31 10 25
64 22 71
48 135 40
105 124 62
12 18 95
83 48 86
124 44 41
86 121 56
100 17 49
75 61 84
42 23 55
38 33 28
108 33 82
0 78 49
63 67 72
137 18 70
34 105 75
14 40 88
104 117 87
119 8 67
130 85 93
38 1 77
69 72 69
38 23 42
89 47 57
103 102 45
102 89 52
21 97 58
112 109 53
103 86 71
107 3 58
134 108 10
94 137 21
10 37 69
94 122 7
43 26 49
109 53 98
22 0 41
91 41 36
6 66 78
82 138 50
64 52 45
134 77 5
49 12 21
116 45 40
40 82 92
68 121 10
119 86 49
9 52 29
120 78 100
122 37 46
12 109 74
14 0 56
112 92 31
53 9 91
0 41 34
69 44 67
44 17 17
71 107 100
123 117 87
132 118 9
4 75 53
53 6 69
81 38 61
107 35 27
30 90 29
113 118 42
64 29 43
35 27 24
46 30 4
98 102 20
28 136 60
119 34 10
24 58 11
123 100 91
25 77 19
9 35 89
9 31 16
86 7 31
103 24 40
30 60 18
75 42 99
113 58 82
19 107 74
80 105 2
81 130 60
131 28 46
73 49 40
78 66 54
24 75 91
85 22 23
44 103 7
69 40 64
138 85 64
86 23 92
49 121 37
43 122 40
88 91 29
138 133 97
54 135 15
107 19 43
72 126 49
109 138 44
130 33 43
62 54 47
100 93 11
68 9 86
18 114 13
123 20 68
62 59 14
91 74 73
95 104 5
2 112 83
36 115 4
60 55 84
75 45 72
48 30 66
5 90 50
35 71 37
38 92 73
57 64 7
5 30 54
7 120 67
84 2 20
62 40 59
43 3 51
133 70 23
4 120 4
32 17 53
14 80 55
83 118 4
14 42 76
137 92 11
104 66 56
70 102 93
13 3 86
73 102 36
99 116 58
117 9 48
41 29 12
52 87 69
3 9 20
21 22 15
97 82 89
80 78 75
120 12 21
39 134 78
41 65 74
121 14 95
45 53 65
126 72 24
106 27 2
11 70 72
12 89 32
16 62 86
38 125 85
107 96 79
27 88 23
116 44 34
18 62 27
72 6 57
131 90 54
36 25 13
120 113 29
96 6 26
91 28 95
10 128 4
54 138 12
50 6 91
105 78 42
17 106 20
139 43 74
14 85 18
117 128 2
16 44 25
66 22 82
89 0 21
20 38 25
81 42 27
57 126 44
88 121 37
27 11 26
6 71 2
99 80 21
110 18 61
138 86 62
99 114 75
45 12 81
130 7 32
122 17 71
89 57 32
63 125 8
41 32 60
5 38 74
30 101 22
126 121 93
125 131 72
78 10 24
34 128 36
116 73 88
32 9 35
31 52 89
40 74 46
43 54 41
112 79 55
97 39 57
117 20 57
84 86 1
82 16 11
40 15 15
94 124 14
66 118 5
44 31 20
90 6 27
98 89 53
84 68 9
43 20 85
91 55 99
107 10 75
63 5 92
104 109 82
69 29 67
5 51 73
75 129 85
80 79 14
73 31 45
52 62 40
41 66 91
79 26 90
91 80 47
90 110 27
79 4 81
108 104 45
25 139 82
89 113 32
50 90 3
73 48 89
21 81 75
101 37 43
55 81 88
67 60 100
30 119 99
59 86 24
26 34 66
68 31 8
138 96 16
107 104 81
0 93 40
109 31 38
58 35 54
84 37 80
67 105 3
15 6 2
64 1 98
133 18 73
71 22 37
46 136 89
105 26 17
4 112 70
118 126 65
47 72 71
63 47 31
62 7 64
64 60 10
96 18 97
0 40 10
56 8 60
90 48 55
126 111 23
137 0 50
100 53 14
91 1 77
107 124 20
75 33 18
45 21 73
35 36 68
55 85 66
108 23 93
69 62 14
32 125 10
37 81 20
99 57 75
30 46 11
99 31 43
101 0 86
56 1 88
43 18 40
2 57 80
71 31 3
41 54 44
16 133 13
136 77 97
88 40 47
93 100 13
19 92 42
48 81 14
49 130 31
43 59 59
103 6 58
87 14 24
107 129 41
101 29 12
15 105 79
0 25 47
126 78 89
139 107 38
68 125 3
35 139 61
74 2 36
30 12 29
80 15 51
93 12 54
21 90 89
42 17 24
53 123 67
21 9 12
74 23 11
95 16 17
125 138 13
47 93 91
81 83 93
12 95 54
99 91 57
22 108 83
66 32 16
32 5 21
58 93 38
108 56 3
96 103 22
124 103 50
130 74 86
113 66 67
7 125 25
81 17 50
28 47 65
62 56 75
21 93 99
137 84 90
85 70 67
129 99 23
5 48 75
123 54 74
60 99 81
104 12 59
14 18 70
52 74 67
25 9 92
96 46 11
109 46 38
47 83 96
90 24 90
77 1 51
23 44 96
112 39 34
13 91 51
2 14 19
33 116 3
16 20 69
34 30 53
135 94 39
85 37 34
31 70 3
4 1 17
28 133 37
128 117 47
117 101 35
114 41 37
120 117 96
1 78 63
102 96 19
79 112 18
100 82 3
39 138 81
67 33 42
93 18 2
9 61 81
116 88 30
114 98 99
15 110 56
90 107 12
133 126 61
16 37 48
51 18 68
39 63 11
117 12 11
102 71 42
6 87 22
59 7 77
62 136 33
30 89 96
128 121 44
80 42 78
131 0 84
136 129 100
49 29 5
114 132 74
120 87 24
124 126 51
37 91 43
20 84 22
100 123 84
96 21 2
121 2 36
24 36 62
49 78 61
26 94 21
5 84 17
85 124 70
94 112 61
99 47 72
102 135 17
45 60 89
8 71 23
8 57 67
71 78 47
137 113 3
131 32 96
2 97 68
36 90 98
131 123 84
35 53 64
114 108 44
55 80 10
114 9 4
136 89 79
120 96 94
26 108 37
28 123 42
126 69 22
65 63 26
22 56 95
139 34 100
14 61 56
55 139 1
121 79 92
25 138 17
128 15 23
52 61 66
68 99 79
28 107 96
96 84 28
14 63 87
38 25 20
38 75 8
130 125 28
88 33 39
33 66 39
116 124 13
29 10 28
26 114 18
7 135 42
10 132 2
94 133 75
81 51 84
44 8 12
96 95 47
93 130 56
65 0 100
113 99 80
131 113 85
78 74 87
21 114 86
26 57 1
72 65 1
45 131 53
134 124 88
18 22 40
124 34 22
99 101 99
103 32 64
114 72 23
139 79 80
130 81 22
90 134 57
45 11 99
109 73 31
13 96 86
99 107 14
72 26 94
92 60 68
55 43 67
43 55 67
58 14 77
10 121 10
39 120 93
30 21 3
92 104 49
35 112 75
77 51 42
130 0 56
100 2 2
25 49 44
104 22 16
66 90 63
68 60 20
138 58 56
108 46 9
58 104 9
41 39 15
23 56 19
19 3 95
104 38 60
77 120 29
80 102 55
36 138 8
29 82 54
106 16 32
136 55 30
88 115 4
22 4 75
4 77 88
107 58 71
66 93 34
93 42 2
65 80 90
97 126 93
12 14 49
87 123 13
124 130 68
71 79 86
139 132 35
120 15 100
55 49 60
30 79 27
80 122 36
45 35 1
25 74 73
73 5 5
0 29 32
45 33 32
131 73 91
97 130 46
74 114 32
138 11 24
96 64 46
14 89 30
15 59 57
33 115 63
81 27 82
135 63 99
83 94 17
45 86 64
81 106 91
128 4 32
85 97 6
105 132 84
51 114 62
6 105 61
71 34 76
20 123 62
123 119 87
70 106 47
10 19 53
90 9 49
10 72 5
7 0 43
60 89 23
87 90 33
63 121 40
138 8 25
57 98 89
29 61 26
81 6 91
91 102 48
96 15 22
129 53 58
111 75 85
5 87 26
8 33 65
134 0 59
84 23 65
109 28 32
16 73 23
39 115 75
104 114 94
27 126 5
57 37 12
45 22 75
128 1 77
114 47 21
36 46 85
34 32 38
69 50 94
103 129 62
58 77 27
9 51 86
112 94 17
117 35 36
29 108 84
51 9 73
128 104 24
83 81 78
128 38 66
112 5 68
50 41 33
57 90 95
119 7 50
82 90 28
129 130 17
73 21 84
56 97 14
25 54 78
35 37 89
10 53 25
40 99 63
49 74 48
60 18 26
52 85 18
84 113 45
116 32 20
115 25 64
107 75 90
84 56 14
49 63 22
51 62 37
17 64 85
70 29 69
134 45 48
94 85 79
16 52 69
54 67 16
93 110 60
32 16 34
0 9 97
72 128 51
98 133 20
75 51 83
114 138 23
60 90 14
60 131 29
63 4 1
7 114 81
104 97 3
113 93 46
67 116 45
70 31 48
32 38 23
70 86 77
138 102 22
45 80 61
130 21 28
46 81 49
28 132 38
111 107 15
7 44 35
74 80 98
30 86 74
131 111 80
66 42 60
88 46 32
68 83 56
133 0 48
25 73 7
66 59 55
125 111 68
137 37 97
87 110 93
74 112 24
62 12 38
31 123 44
91 39 67
8 111 72
27 21 36
20 122 11
109 18 92
95 131 66
38 119 9
123 5 40
133 1 11
44 123 82
110 32 47
83 69 96
134 118 78
116 64 38
45 122 89
19 4 26
61 110 6
20 103 78
56 23 17
133 95 22
100 103 41
56 45 43
82 91 16
72 134 29
125 24 46
60 132 68
14 111 41
139 40 44
22 78 15
108 37 6
45 79 75
49 33 57
32 57 83
1 44 54
85 89 99
91 18 97
74 115 10
8 94 3
87 19 92
77 59 53
41 110 93
18 2 89
61 2 30
102 84 44
48 67 72
15 46 69
16 111 50
18 50 90
51 24 56
0 63 86
106 31 38
30 112 5
139 104 71
112 132 83
108 133 74
65 107 79
37 19 19
39 78 16
10 99 47
72 16 62
20 1 91
61 12 94
20 109 56
107 99 67
25 45 41
33 37 40
68 13 60
26 46 25
105 123 31
3 79 39
64 39 97
9 40 63
102 98 5
57 69 30
107 29 33
125 33 42
139 11 23
28 29 95
53 38 25
38 27 83
125 94 71
45 101 71
27 106 88
101 87 79
90 10 23
8 92 58
40 108 86
31 55 77
14 113 67
65 12 42
97 136 23
119 93 1
49 94 8
13 55 81
87 93 56
12 79 90
112 70 65
6 129 26
61 72 19
134 65 18
87 126 97
55 98 16
32 90 84
98 22 55
66 29 29
40 100 27
86 114 47
78 131 97
128 118 99
59 10 7
0 43 87
73 83 69
19 43 5
19 103 14
137 98 51
33 74 3
107 132 52
15 34 90
40 87 93
115 139 62
124 107 29
51 37 90
100 88 2
139 21 55
119 99 14
7 9 37
129 114 52
132 33 15
136 43 96
138 80 74
59 96 44
30 38 38
59 60 85
101 25 76
111 12 82
18 59 84
105 139 99
134 32 20
10 20 62
54 34 97
46 22 96
131 84 26
122 45 32
101 2 33
60 46 95
85 55 13
104 45 40
29 96 73
69 107 81
75 68 67
139 138 37
82 2 50
130 100 99
50 128 9
8 89 34
96 124 8
52 80 96
66 55 45
79 56 71
48 21 82
58 12 32
132 83 96
66 116 49
88 5 93
31 118 31
133 97 46
35 10 94
61 135 29
18 67 99
58 48 70
104 64 40
0 129 17
78 73 12
12 61 37
109 58 27
84 29 31
114 69 49
2 107 12
35 18 67
0 87 82
38 87 67
86 71 61
9 48 17
51 99 7
64 84 47
18 75 48
136 84 68
31 121 64
107 63 5
10 84 21
54 112 66
54 52 24
6 136 61
79 77 35
137 53 100
117 30 82
7 16 94
128 56 80
133 54 22
24 130 11
12 47 43
38 93 7
30 68 54
26 126 76
113 126 31
22 126 100
26 68 15
60 102 78
94 70 31
88 104 54
73 77 92
17 41 72
49 48 51
69 101 31
98 77 13
134 37 47
24 93 42
71 2 31
46 16 46
137 61 54
10 126 73
55 27 12
99 50 92
75 132 78
52 110 62
68 62 83
52 136 90
111 87 6
111 0 9
102 57 54
44 10 99
123 2 62
85 128 77
43 84 26
10 27 72
114 1 47
97 10 84
112 8 51
82 14 72
122 138 99
132 97 66
17 50 18
78 18 8
28 98 7
52 15 56
44 14 66
105 97 79
108 136 78
36 122 55
109 60 82
43 70 31
57 101 53
48 95 17
33 125 92
36 126 57
5 92 34
5 102 1
30 18 70
94 2 96
125 116 47
33 88 22
88 34 18
84 116 82
27 3 47
115 13 73
133 113 93
47 20 65
50 101 1
95 78 15
131 118 45
43 75 31
112 139 98
85 132 63
37 88 15
72 0 36
120 46 37
85 56 57
13 56 13
126 73 23
45 32 5
70 64 89
69 37 15
108 112 1
67 122 6
54 32 43
43 128 64
106 84 25
70 35 12
5 116 56
129 7 71
108 110 72
72 109 33
36 78 9
114 18 4
89 139 93
109 89 39
89 83 6
72 60 19
68 79 94
17 71 47
38 19 2
50 89 61
91 114 30
131 104 67
17 103 27
4 91 55
96 29 69
125 102 71
83 82 38
116 123 75
2 96 75
6 74 34
93 51 97
95 12 4
49 115 94
23 70 77
85 98 4
62 39 31
43 121 59
72 93 12
8 123 3
3 119 85
134 136 47
55 52 98
5 88 40
41 88 95
132 112 27
69 4 35
37 31 34
125 101 9
8 136 6
124 91 15
55 36 56
110 103 9
57 115 96
116 11 56
62 69 59
47 62 57
139 14 1
131 136 47
73 98 65
25 42 63
79 28 43
60 128 70
117 22 13
107 36 70
68 119 90
134 25 59
48 119 14
79 13 53
5 117 75
16 95 22
86 33 99
82 9 35
92 28 73
129 5 16
38 121 75
32 10 26
25 134 11
118 111 62
13 101 41
132 41 83
18 11 15
48 55 91
40 29 48
78 105 59
75 20 49
19 26 15
22 16 1
22 50 34
107 94 45
104 107 54
136 41 75
35 134 32
53 94 70
51 68 23
29 26 16
116 60 10
30 45 89
29 56 23
92 53 38
124 37 97
51 14 55
27 68 51
46 15 17
102 44 81
132 70 46
50 100 89
122 104 59
19 95 42
131 80 88
139 68 95
11 90 45
130 29 5
49 65 67
45 71 76
108 40 67
112 46 47
41 121 2
28 73 69
139 69 78
23 75 80
69 49 3
4 72 87
63 92 24
113 11 39
70 133 81
16 107 59
136 100 65
57 105 20
139 84 85
18 43 52
19 137 75
81 99 85
34 24 38
101 103 38
27 53 100
82 102 11
102 31 85
12 90 9
55 25 1
42 2 28
74 66 11
126 102 93
97 98 93
86 111 40
42 67 16
56 42 29
40 32 82
39 57 96
18 41 34
117 56 8
114 115 42
44 87 7
36 27 29
99 8 73
91 75 74
91 101 72
1 48 30
52 12 27
18 46 95
33 98 25
39 136 59
13 17 96
100 1 79
69 61 15
103 114 5
20 102 26
71 126 86
98 49 30
67 44 31
78 68 56
119 42 54
86 85 83
43 17 93
101 17 70
78 100 90
136 119 25
41 120 9
82 108 58
57 21 18
90 17 3
34 100 68
108 0 13
104 86 54
0 89 16
26 134 78
99 1 64
48 92 56
14 43 27
25 113 16
82 25 83
77 44 97
18 57 6
15 24 85
43 51 45
18 94 63
16 137 14
15 54 40
38 15 97
103 115 99
64 94 37
97 125 38
1 40 72
99 51 8
6 101 6
16 28 15
69 85 61
110 14 39
10 12 84
55 131 99
69 139 75
13 15 16
18 44 100
2 71 27
126 20 17
54 17 70
139 16 60
109 30 6
0 134 57
120 47 58
102 116 17
105 1 52
86 6 49
90 38 86
22 123 16
17 123 9
56 65 39
11 49 49
51 138 74
16 128 10
13 20 70
137 67 79
135 26 100
54 48 75
136 137 77
34 37 87
68 56 9
40 27 10
111 65 41
128 89 57
124 35 60
102 125 85
53 0 73
94 8 78
110 121 20
44 113 28
67 68 32
71 36 92
0 113 18
14 90 50
97 109 83
2 83 83
4 65 12
55 112 18
75 39 85
6 123 15
23 77 76
54 100 31
66 61 36
97 124 58
104 85 36
124 11 97
26 36 63
25 21 43
36 131 64
25 28 30
114 16 9
29 90 32
3 103 68
54 73 65
97 113 28
25 15 5
89 122 65
28 113 18
3 38 83
10 100 17
23 36 67
86 89 16
18 77 39
103 125 65
51 11 29
56 139 95
116 115 15
66 138 53
114 64 44
88 61 84
100 130 100
106 66 30
111 36 6
5 130 69
128 86 65
107 21 41
55 103 7
63 96 17
5 27 96
91 131 54
116 2 3
124 51 57
30 139 25
106 69 89
32 8 89
30 135 35
126 32 25
59 63 39
30 78 21
30 125 66
104 105 3
51 89 34
5 103 60
137 87 52
115 126 22
11 2 48
41 85 76
90 112 66
4 45 50
3 120 88
89 104 31
81 125 36
2 54 10
133 83 54
37 52 19
73 97 81
68 103 45
70 23 99
30 72 1
25 95 26
66 108 97
73 71 81
136 51 82
121 73 78
45 49 42
87 136 39
3 68 30
5 100 24
15 3 98
27 49 1
2 26 48
45 10 58
23 24 88
81 15 75
21 135 96
91 42 88
121 125 6
38 80 85
29 48 5
13 88 8
92 106 16
91 65 53
1 84 58
83 116 32
24 86 80
61 18 16
105 125 39
117 114 61
89 136 59
56 48 71
23 103 3
51 82 62
107 32 61
50 12 38
47 61 86
63 32 63
43 52 47
35 20 63
122 94 30
136 18 80
15 52 64
50 117 26
38 135 98
128 44 21
130 64 48
49 52 79
114 42 31
22 1 56
12 98 40
134 54 98
74 82 59
50 67 75
78 98 33
35 74 46
112 49 23
44 24 84
45 73 21
99 22 84
113 32 41
79 86 68
48 131 52
112 106 36
21 59 66
88 67 66
103 96 16
5 1 84
86 39 52
109 52 26
128 24 25
14 9 5
36 37 49
118 41 98
107 121 72
46 89 22
126 18 50
9 17 56
66 99 54
117 134 94
88 36 4
101 50 76
60 104 80
2 90 29
45 98 33
11 4 69
49 16 10
15 55 67
48 0 50
92 33 37
100 124 78
101 84 38
117 65 96
65 68 80
14 101 71
15 68 10
43 9 7
23 16 16
77 11 81
27 69 51
59 54 83
0 102 54
133 45 78
40 113 25
1 43 2
68 98 44
104 2 99
59 88 40
130 61 9
68 58 32
13 67 68
37 11 61
107 43 78
73 122 45
72 28 52
118 99 49
100 49 60
29 98 39
84 91 83
38 94 48
83 28 2
88 122 44
105 86 85
107 46 38
120 84 83
4 70 3
14 81 58
18 68 1
88 133 88
67 13 94
52 70 90
124 42 96
15 22 8
112 91 84
33 56 16
96 82 56
63 51 77
46 126 78
97 137 1
43 93 93
8 88 19
57 134 65
13 79 97
85 105 78
39 56 28
46 108 72
31 75 64
89 121 87
53 13 60
118 101 32
69 113 16
48 52 79
56 115 3
9 105 26
20 135 41
110 88 25
96 117 76
27 12 14
128 120 96
4 128 29
32 123 24
74 40 63
14 122 85
101 96 68
108 128 48
54 78 11
56 73 43
50 129 69
120 52 41
128 34 4
75 43 82
46 37 3
4 82 65
29 16 54
86 24 3
91 92 87
61 130 96
2 121 50
92 19 41
51 48 52
13 119 37
72 138 16
124 85 67
123 113 48
80 24 79
133 19 21
68 61 19
12 133 80
64 62 92
27 6 81
86 112 45
73 111 40
125 79 33
99 74 44
113 1 93
12 58 30
126 60 39
38 21 44
77 131 74
108 64 7
17 109 96
20 4 88
80 131 51
56 116 45
111 63 27
7 53 5
77 91 34
100 139 2
129 68 92
21 101 98
109 3 98
120 126 56
137 74 27
96 87 23
99 69 13
84 5 49
46 78 62
77 82 41
95 20 16
99 42 9
53 46 45
122 65 68
96 125 80
65 71 48
113 137 37
4 84 70
57 68 4
90 109 3
51 52 74
6 11 4
50 31 59
98 12 85
73 30 15
13 134 71
114 85 1
114 45 21
135 138 67
3 84 30
80 27 68
34 15 82
29 60 63
35 69 83
75 38 4
138 29 34
35 95 11
96 52 75
23 126 16
56 11 7
102 101 37
122 22 93
115 60 65
84 57 52
78 130 96
13 45 44
74 86 8
11 120 74
34 81 49
121 24 3
69 135 85
88 109 55
5 53 73
9 81 63
51 53 87
11 14 57
85 51 18
69 32 69
119 96 40
132 56 30
114 96 76
82 130 69
29 122 46
30 56 94
13 9 52
115 19 39
27 31 66
3 27 31
114 71 1
110 77 45
74 58 69
28 27 2
73 120 44
52 3 79
30 81 82
39 28 11
15 72 34
59 33 92
130 14 28
124 17 24
135 49 20
88 78 98
102 63 54
50 66 36
35 132 87
79 54 71
84 90 7
129 123 55
66 43 4
68 87 89
45 130 52
85 35 28
2 13 2
110 92 91
52 63 80
11 5 16
50 64 45
96 55 32
135 37 43
14 123 68
23 11 57
53 131 59
94 6 97
22 138 37
96 2 54
24 38 11
137 93 99
58 134 82
107 15 18
91 29 70
2 43 16
131 17 8
120 13 18
91 60 16
5 17 51
114 32 74
117 98 31
51 50 5
22 6 99
23 90 86
63 20 24
47 99 5
43 66 3
102 14 78
8 122 99
102 26 73
92 112 40
13 97 79
7 126 70
3 116 2
96 22 20
83 135 89
19 34 14
42 55 72
6 84 58
107 12 54
101 57 93
105 88 63
34 68 40
38 43 80
48 114 60
94 60 6
101 40 59
138 64 97
13 123 59
1 120 64
93 41 32
49 8 75
38 69 44
87 55 2
10 110 89
51 67 74
60 100 49
109 87 84
3 54 85
100 137 71
20 133 31
68 59 16
84 108 73
13 93 77
56 51 19
135 54 64
131 13 89
136 37 17
23 132 2
55 1 17
105 0 63
97 55 90
114 95 95
46 123 54
85 108 7
98 35 58
4 73 14
47 134 26
131 61 2
38 36 30
106 36 8
28 102 14
59 139 68
44 36 3
114 31 90
44 54 16
17 16 63
124 23 8
73 64 69
54 91 73
20 24 19
87 5 85
125 5 52
120 25 16
8 98 85
62 3 5
41 1 94
29 73 4
100 69 69
100 138 28
14 28 38
137 120 70
101 61 20
63 24 85
100 120 1
129 96 87
24 80 57
115 118 99
27 37 79
87 139 53
54 116 9
119 88 97
10 120 49
40 9 25
22 66 19
31 112 75
6 17 43
3 114 27
17 7 79
73 52 40
26 118 10
51 77 42
107 2 24
55 59 23
120 100 74
6 86 21
32 58 75
6 27 61
56 128 72
128 129 4
95 5 29
104 14 78
13 82 93
62 66 77
121 63 29
83 68 81
106 56 71
1 24 43
0 131 21
59 102 84
37 54 44
96 86 86
74 59 72
108 58 45
132 6 47
0 30 18
13 103 81
80 88 60
9 11 87
41 128 20
90 30 80
85 110 87
82 10 76
35 39 80
105 96 19
63 50 41
137 70 74
67 91 61
27 24 33
88 86 81
131 31 97
14 12 36
14 37 17
28 90 63
132 5 36
129 79 7
114 93 90
38 57 89
7 13 9
106 126 82
37 100 49
137 71 22
14 19 22
61 57 10
4 51 29
44 27 35
107 20 90
6 138 7
46 88 64
7 98 87
136 130 51
13 75 60
47 122 98
4 27 54
71 32 54
111 31 94
111 128 36
26 65 66
56 9 43
133 42 32
1 72 13
19 84 9
26 33 34
13 98 59
120 80 43
25 96 91
84 89 65
118 14 63
122 20 15
86 134 6
82 101 27
69 55 76
92 24 10
39 86 12
44 91 18
31 9 80
56 132 41
95 105 25
137 51 97
116 108 29
63 137 12
36 24 88
77 45 26
65 54 66
2 10 40
136 87 68
57 129 66
139 49 19
97 77 39
70 5 38
74 105 18
39 62 19
50 96 73
61 120 10
135 99 41
81 47 98
53 120 79
92 70 15
35 57 82
29 44 37
61 59 58
109 50 46
131 98 33
81 14 28
37 16 93
109 131 76
75 34 69
84 25 42
25 70 87
71 115 74
118 72 68
129 69 95
83 138 94
50 72 91
82 24 18
111 68 90
19 82 94
125 105 23
14 71 95
133 38 31
37 107 71
79 14 20
28 42 16
48 89 43
35 0 49
3 15 82
92 20 7
43 74 99
41 95 28
104 51 70
123 139 83
83 112 14
100 115 7
55 93 21
86 36 89
112 60 22
26 90 51
70 60 43
78 8 53
84 58 28
29 114 50
60 84 90
139 99 57
137 77 13
41 46 66
85 121 49
45 54 51
81 67 47
81 30 69
3 35 2
27 56 80
62 131 12
139 13 90
128 8 78
11 124 87
23 130 37
11 95 83
86 70 12
9 108 38
86 101 29
87 72 83
70 28 89
2 53 84
120 135 10
14 102 52
10 5 70
38 116 74
125 117 17
128 101 47
126 137 64
133 32 37
105 37 93
114 48 79
43 25 87
130 46 90
95 129 29
51 121 28
100 48 57
139 64 33
4 126 66
95 113 6
121 55 73
102 4 9
120 63 3
103 52 65
46 27 62
11 83 18
106 65 69
9 39 54
95 116 62
139 27 16
89 103 9
87 44 69
136 64 89
90 101 97
19 112 80
124 83 38
124 73 64
54 45 81
51 101 45
4 38 71
139 130 92
51 133 76
81 24 53
1 50 45
106 136 9
84 20 69
71 57 32
118 122 51
80 45 20
53 27 85
92 61 85
2 60 8
21 136 29
47 19 48
37 132 51
82 62 75
23 133 52
138 71 40
64 54 17
5 62 23
101 34 46
40 13 68
111 124 37
104 49 4
66 26 15
49 69 52
132 66 58
104 128 52
110 108 91
90 46 52
92 100 80
52 100 15
74 75 36
30 136 38
37 33 47
9 124 91
20 25 43
112 128 23
36 38 38
97 42 8
28 118 30
16 33 39
67 90 40
89 29 71
88 19 57
28 74 26
0 79 80
128 33 24
2 130 60
97 70 54
126 88 13
59 124 88
114 53 77
3 109 95
2 36 56
45 13 26
43 136 15
36 81 55
62 132 32
120 32 65
39 114 74
0 85 47
113 23 4
17 67 17
25 111 17
66 7 81
0 90 96
54 58 33
34 50 50
104 34 28
119 4 60
22 41 33
100 125 62
2 30 10
1 54 46
10 136 33
136 59 86
95 70 54
46 41 57
13 81 53
125 78 75
122 35 40
93 31 67
57 49 90
23 30 12
34 55 85
9 29 83
72 103 97
48 38 9
103 5 27
67 138 34
99 110 61
39 67 49
6 5 75
75 15 66
90 121 98
66 51 46
119 124 98
73 27 49
71 29 6
109 10 58
107 51 4
87 10 74
9 45 66
117 67 70
15 26 43
66 109 3
49 105 40
77 104 4
57 44 64
12 43 65
55 65 40
84 61 93
58 3 40
115 86 66
121 119 11
67 129 75
87 9 89
7 49 84
40 61 89
55 35 48
18 83 68
33 130 53
133 51 85
86 15 75
139 54 97
47 85 76
9 2 75
1 8 45
42 72 58
111 14 30
34 40 56
14 96 34
97 11 71
11 137 79
111 38 2
16 69 18
132 137 3
97 111 17
77 53 4
101 28 47
131 45 66
101 110 70
62 18 46
112 35 7
23 68 73
0 62 7
95 121 78
22 75 23
136 101 11
116 10 8
134 129 25
139 126 83
50 26 54
21 139 2
110 136 9
32 131 66
63 3 44
1 101 8
108 77 31
3 131 91
3 10 63
42 137 85
123 34 44
51 47 36
70 137 10
135 7 57
21 44 99
28 58 63
98 99 69
128 80 70
101 108 53
118 102 14
125 73 77
92 49 89
7 42 56
40 101 4
105 12 77
44 6 1
7 116 92
35 48 81
62 126 21
132 27 35
115 81 22
9 86 7
25 71 25
64 114 72
18 69 40
67 75 71
138 103 63
20 39 35
39 117 69
117 122 10
80 53 72
83 131 54
93 4 87
105 29 81
132 135 72
78 63 58
129 71 51
78 84 68
73 107 80
67 62 99
91 23 50
5 134 7
10 50 51
130 120 39
72 49 57
42 107 10
55 121 93
17 0 57
38 66 71
26 71 82
8 67 14
118 136 6
30 40 22
67 64 30
96 102 78
32 35 53
86 124 52
72 99 95
58 137 92
49 19 50
71 99 18
52 37 54
50 112 20
59 65 52
122 1 38
65 38 61
20 17 39
14 56 49
31 57 62
50 109 14
63 134 75
68 84 43
72 129 12
98 94 50
110 98 55
100 118 5
45 36 87
78 5 15
135 64 75
96 0 52
123 72 70
58 68 94
3 43 89
125 109 60
128 41 87
110 97 60
64 91 74
80 44 26
64 61 44
28 125 4
40 3 69
24 7 25
116 13 96
65 13 2
134 10 61
94 91 8
55 77 87
88 107 39
65 42 97
82 55 58
112 59 72
130 60 44
79 51 21
114 5 11
80 139 95
122 6 23
135 108 2
136 53 17
53 132 87
104 70 58
43 24 73
72 1 44
79 117 19
66 95 100
31 8 44
112 89 49
50 48 11
38 78 100
29 54 84
126 97 25
74 87 81
88 112 78
60 103 79
69 22 13
55 71 82
9 138 42
39 71 53
90 104 44
0 38 53
132 74 17
0 135 8
73 101 77
117 23 80
138 125 47
132 2 4
92 10 58
4 23 72
36 97 79
21 95 73
122 51 12
36 50 69
52 46 2
116 28 25
75 17 24
23 47 59
4 134 65
1 15 38
26 70 46
19 32 81
32 70 4
133 3 13
46 128 43
67 24 93
98 9 93
25 104 35
67 58 11
120 6 15
74 126 43
9 14 3
129 15 24
137 47 20
119 0 51
35 73 25
27 132 96
88 136 2
17 5 60
94 22 70
64 132 55
115 132 68
88 32 21
107 92 41
88 130 80
136 126 83
17 37 80
14 117 93
34 123 99
123 46 56
83 14 15
39 108 74
28 8 41
51 85 31
17 14 18
26 3 8
120 17 26
135 50 61
97 88 78
65 91 73
63 77 50
43 69 60
9 118 11
63 31 26
28 100 69
0 139 35
21 129 52
84 22 52
88 16 40
87 26 35
6 14 6
103 16 80
74 51 14
65 52 43
27 72 41
87 69 55
126 7 38
103 128 28
5 13 15
123 93 85
60 119 76
98 125 99
111 85 40
111 26 25
111 90 14
115 58 25
93 68 66
5 81 82
47 73 32
68 115 66
123 66 95
93 3 90
71 8 2
4 139 26
102 82 74
81 45 60
17 68 57
92 73 29
27 136 39
139 94 13
6 69 61
1 2 82
54 128 87
131 78 19
43 134 68
72 7 20
93 60 48
133 101 24
53 24 44
59 133 13
120 91 21
22 93 46
33 89 62
3 124 91
28 110 44
100 99 80
84 105 77
24 53 74
71 92 80
88 8 68
20 128 63
2 81 36
52 9 16
85 11 93
60 3 44
53 97 62
70 107 21
60 40 99
3 12 27
44 33 79
48 27 18
66 33 51
121 3 28
74 108 24
85 61 72
51 97 42
69 27 54
61 48 95
89 23 53
46 70 61
19 65 82
18 37 89
97 99 35
68 65 58
106 24 11
11 108 50
35 78 84
130 83 57
39 38 2
37 46 41
42 48 80
38 107 77
87 96 56
2 122 51
104 29 5
89 52 61
128 61 8
22 43 61
60 75 92
71 56 1
49 67 63
139 110 43
52 45 21
45 109 88
95 122 73
77 117 77
98 46 35
39 122 24
73 80 26
3 6 79
6 16 82
26 59 57
4 20 14
70 116 35
38 126 45
41 0 65
79 124 3
47 11 6
134 30 95
58 55 72
89 77 67
101 23 1
53 134 63
71 10 16
46 21 87
35 7 74
21 6 88
125 122 9
39 96 57
13 132 10
5 39 80
68 117 86
82 39 39
47 55 10
122 4 19
86 93 77
26 135 42
107 111 92
46 74 95
119 107 68
119 87 27
138 6 68
134 23 19
22 39 44
92 88 61
75 99 21
135 4 56
69 70 11
27 8 74
65 56 95
106 103 31
44 11 90
42 22 50
54 56 31
0 57 89
41 138 49
60 107 81
107 73 36
4 52 37
5 60 100
69 16 16
65 121 46
121 46 13
116 33 78
22 58 37
9 77 22
29 99 74
27 96 8
122 25 16
28 46 66
17 114 7
104 5 3
90 39 96
75 85 84
108 103 37
84 79 96
1 133 46
131 109 80
61 94 2
29 70 30
50 56 70
42 51 93
6 30 15
90 131 71
14 10 81
129 77 49
23 48 38
114 62 46
95 63 44
33 85 74
109 27 52
39 99 43
83 38 54
31 133 35
78 87 48
43 114 41
138 105 84
14 112 69
55 134 27
67 46 21
94 78 12
21 121 28
112 107 74
59 121 84
17 83 56
36 19 77
7 123 84
23 124 33
0 27 51
135 131 10
86 44 27
55 24 7
11 65 17
119 47 8
100 19 46
83 53 42
117 126 41
136 24 38
100 23 70
27 2 53
44 61 11
70 21 25
19 63 11
21 134 8
83 66 46
3 61 87
110 104 66
68 73 92
118 97 82
9 34 83
96 62 74
61 54 35
120 22 68
99 123 72
33 25 45
23 43 65
81 126 76
52 133 45
93 1 69
106 42 23
54 136 88
0 65 82
114 117 65
98 71 63
95 128 23
6 92 56
116 136 1
16 119 58
69 138 68
91 0 16
116 117 62
91 84 36
29 32 62
53 40 78
128 0 1
73 58 83
40 63 21
138 34 4
118 55 20
73 68 33
124 13 35
28 12 100
131 59 36
78 64 27
138 123 69
100 110 81
0 44 40
102 41 91
61 30 45
41 37 84
65 28 3
93 43 12
39 48 45
2 6 34
87 95 10
125 100 83
59 41 79
105 135 1
41 16 24
130 79 85
26 24 49
39 93 71
98 85 97
74 57 88
84 70 8
85 25 29
109 75 83
101 56 54
126 95 92
128 124 44
113 4 12
37 123 12
130 99 79
69 91 72
92 32 95
99 32 50
122 129 79
129 23 11
112 121 3
100 0 26
0 31 69
58 8 59
132 133 67
128 69 15
41 102 71
101 72 58
121 133 11
63 57 6
0 132 50
117 34 2
136 65 87
60 52 11
22 117 99
115 28 69
16 88 22
59 22 68
51 26 94
86 115 4
26 48 9
101 81 61
50 108 50
1 129 82
49 133 78
133 122 30
4 0 100
119 131 31
121 86 44
94 120 7
23 61 6
125 75 53
130 134 93
50 88 32
83 60 69
75 9 67
36 54 38
139 117 34
82 120 54
85 109 35
56 80 98
20 92 59
71 41 67
42 44 94
113 2 98
3 62 36
84 112 24
21 13 8
67 22 90
56 32 66
27 0 61
41 71 100
96 48 97
43 29 60
66 85 14
120 54 40
114 104 20
131 41 43
0 3 11
99 98 77
60 49 2
81 91 43
60 86 15
4 26 22
66 121 97
135 126 57
54 63 89
15 20 30
102 100 68
47 78 75
105 18 20
33 27 11
88 82 49
5 28 51
113 47 98
92 40 56
75 21 25
107 115 48
128 21 95
27 104 45
93 37 61
92 58 1
54 15 7
21 24 45
110 21 100
19 101 23
50 110 77
33 2 29
69 104 49
125 129 40
134 117 51
128 134 34
121 105 6
18 139 11
46 68 93
89 11 51
108 124 49
103 10 63
78 2 67
21 122 21
100 43 14
43 16 27
129 25 14
132 79 91
100 27 10
101 105 66
35 121 92
106 20 55
38 59 56
128 2 51
116 0 54
70 101 63
15 133 15
135 125 10
96 40 2
65 109 90
132 62 24
113 75 22
48 104 42
18 16 7
28 106 59
131 55 3
50 23 12
77 22 49
13 138 78
22 129 91
98 68 83
65 134 30
137 32 44
25 17 70
97 103 8
3 37 94
26 38 73
83 107 4
115 37 98
46 133 5
73 132 57
25 32 11
37 64 59
124 112 64
84 62 66
93 103 76
48 98 1
90 27 2
8 60 81
36 88 41
50 13 9
130 68 98
92 57 96
43 71 42
66 10 71
46 7 1
109 16 40
65 85 49
15 29 2
72 11 58
89 3 30
106 67 35
101 27 33
48 77 1
12 24 63
80 57 10
31 29 52
7 134 36
25 52 52
93 101 63
103 113 14
117 100 20
81 44 100
135 70 36
46 45 36
97 1 64
84 80 30
4 48 13
104 120 24
111 7 15
79 115 50
18 87 68
132 124 37
94 69 22
86 18 10
137 56 82
105 54 95
64 97 1
128 91 4
129 59 32
128 18 45
125 85 36
125 11 1
93 56 24
104 58 76
13 6 7
58 128 55
28 23 61
61 123 24
78 52 77
137 1 82
40 21 61
66 49 49
30 108 84
130 57 75
80 52 49
111 115 64
123 19 49
20 105 6
71 139 63
33 86 84
125 59 76
104 20 6
113 36 21
87 24 42
129 118 32
12 135 56
125 123 99
50 121 21
44 94 2
70 66 46
65 14 36
123 137 49
25 105 9
40 57 33
126 94 33
9 79 95
28 70 91
138 136 40
93 79 29
14 35 100
45 102 95
16 51 36
85 122 85
131 54 79
121 20 77
130 32 59
26 69 25
131 88 81
5 135 63
68 11 16
98 74 45
95 106 73
11 92 54
129 19 5
60 30 12
110 93 5
45 128 23
14 13 90
105 25 94
22 47 44
80 136 2
82 99 68
55 14 93
75 47 35
63 102 4
112 23 83
135 98 3
13 0 96
109 96 83
79 122 4
42 103 26
33 87 89
70 18 64
4 103 43
69 21 50
34 119 4
42 57 5
49 11 83
7 43 22
90 103 31
74 130 25
21 51 67
130 90 96
94 128 49
69 9 19
0 42 70
52 16 29
138 89 99
78 83 47
59 97 8
3 48 37
114 68 25
74 52 49
9 27 76
18 9 39
91 71 54
56 83 59
102 99 77
10 119 7
11 109 13
3 63 98
33 4 88
65 35 29
129 137 72
72 58 4
94 62 20
69 15 52
5 9 26
46 112 48
70 4 19
122 56 65
72 64 42
134 39 61
71 104 46
54 83 82
34 83 73
21 8 78
73 121 44
0 49 32
102 43 11
91 138 95
50 49 15
52 130 6
109 106 15
113 112 85
59 95 61
69 73 74
22 26 25
55 44 19
19 58 26
126 108 7
6 112 96
67 128 69
72 66 86
119 78 61
14 106 33
59 75 54
108 42 43
105 46 53
105 59 90
19 2 92
68 21 71
118 48 41
0 47 89
19 94 37
87 124 10
138 46 81
12 139 39
74 64 17
85 120 71
52 59 31
60 96 80
112 108 83
4 111 33
30 5 100
98 130 51
116 97 64
110 56 80
120 105 47
31 98 83
37 25 21
75 1 42
118 30 100
29 35 89
92 63 38
14 34 47
29 88 48
113 102 17
128 63 97
129 107 86
82 132 26
30 109 59
131 35 37
49 99 17
27 86 55
14 17 63
5 59 49
35 119 34
55 120 73
135 82 52
93 40 21
129 64 2
95 1 21
119 84 31
31 106 28
6 18 70
121 50 45
94 87 46
81 55 21
38 100 72
137 124 98
137 21 86
98 117 89
45 91 5
90 126 26
73 108 70
47 54 98
122 73 44
72 104 36
114 81 21
1 26 71
89 44 60
41 3 22
32 97 79
124 56 51
0 54 22
35 64 50
101 21 80
52 51 12
30 54 96
5 16 80
114 92 99
66 5 26
80 12 32
80 77 39
57 81 22
105 10 44
50 75 28
39 92 83
85 43 58
42 84 86
110 134 6
34 47 65
139 95 73
73 15 16
0 125 51
99 124 34
114 101 54
93 17 66
62 118 38
58 91 64
64 93 26
36 95 42
32 83 65
87 36 65
42 100 42
29 75 33
96 4 78
60 32 74
121 58 34
95 133 91
73 78 7
109 17 99
44 55 69
33 60 69
10 139 61
50 14 93
64 43 20
29 65 59
14 83 37
51 56 36
138 74 77
113 7 52
30 7 91
56 77 12
20 80 17
82 66 3
30 0 43
107 40 52
2 129 35
50 68 17
9 139 78
108 11 40
117 71 33
76 24 77
76 28 23
76 73 46
76 89 77
76 13 31
76 52 64
76 74 71
76 97 59
76 14 36
76 63 40
76 72 54
76 93 20
76 105 48
76 132 95
76 114 70
76 46 2
76 53 7
76 16 60
76 39 56
76 118 90
76 109 44
76 95 57
76 42 15
76 103 71
76 34 97
76 49 17
76 7 57
76 130 84
76 69 94
76 62 31
76 55 16
76 137 96
76 23 75
76 37 20
76 70 80
76 45 96
76 88 2
76 112 48
76 83 54
76 40 35
76 125 25
76 56 98
76 133 55
76 54 28
76 30 7
76 139 31
76 64 52
76 113 49
76 92 57
76 51 4
76 126 32
76 41 62
76 11 54
76 138 18
76 48 40
76 128 95
76 77 70
76 22 58
76 44 9
76 1 82
76 5 78
76 8 30
76 119 48
76 134 41
0 127 81
1 127 49
4 127 95
6 127 10
7 127 76
9 127 13
10 127 65
11 127 73
14 127 88
18 127 97
19 127 75
20 127 61
21 127 27
23 127 22
24 127 17
26 127 54
27 127 4
30 127 66
31 127 72
33 127 39
34 127 62
37 127 81
38 127 50
40 127 6
42 127 60
43 127 13
44 127 93
45 127 81
46 127 99
49 127 92
50 127 10
52 127 75
56 127 86
57 127 57
58 127 69
60 127 34
61 127 74
62 127 87
64 127 86
68 127 48
69 127 8
71 127 44
72 127 15
74 127 48
75 127 28
79 127 97
80 127 59
81 127 60
82 127 26
84 127 77
85 127 79
87 127 81
91 127 65
94 127 88
95 127 10
96 127 4
98 127 15
100 127 31
101 127 81
102 127 100
103 127 100
106 127 84
107 127 86
110 127 91
111 127 40
113 127 38
114 127 58
115 127 21
117 127 47
119 127 100
123 127 44
124 127 9
125 127 2
126 127 61
131 127 36
132 127 19
133 127 57
134 127 22
135 127 66
136 127 42
138 127 44
139 127 9
