21
176
99 145 81
181 131 32
45 148 55
48 89 25
105 92 78
5 33 76
69 30 23
105 130 83
130 149 32
163 95 28
188 164 63
12 187 4
165 174 85
97 178 15
127 118 99
143 144 80
10 102 29
94 39 51
12 100 67
185 106 54
87 154 16
152 28 55
40 25 100
51 152 38
127 62 27
156 92 62
99 143 66
43 40 20
183 81 42
52 105 43
164 89 18
156 117 49
65 153 18
110 41 77
115 31 11
179 25 8
152 29 58
177 156 48
82 174 51
73 79 67
58 81 48
3 165 86
26 81 0
130 178 13
140 57 28
29 59 98
19 70 30
57 136 92
0 110 48
189 68 53
37 168 96
17 30 60
1 55 72
45 27 40
25 82 27
80 184 69
137 156 79
17 52 29
88 111 28
2 17 3
22 59 69
107 96 69
29 118 57
126 104 69
99 139 4
2 57 56
115 118 58
179 147 38
165 109 95
45 47 34
185 61 23
23 108 40
116 146 5
69 120 65
90 37 67
145 37 73
96 55 62
51 166 15
146 64 52
171 32 29
155 42 68
78 153 62
65 30 36
55 22 77
47 183 38
117 157 57
20 174 45
6 47 3
120 18 96
49 163 31
15 187 21
106 52 67
58 77 60
2 161 68
112 160 34
77 3 31
122 133 58
75 19 75
27 125 10
189 64 28
80 63 75
121 154 7
61 130 65
45 180 18
184 64 50
97 5 70
132 38 96
18 75 59
181 115 14
32 189 75
111 68 59
175 71 80
84 64 51
72 5 73
16 131 36
17 177 22
6 98 4
78 57 15
76 105 91
133 147 0
83 105 71
186 172 1
39 124 85
188 79 37
117 137 29
81 37 70
138 111 47
101 153 83
9 170 27
12 98 69
32 45 25
159 178 82
112 188 14
70 139 94
187 114 60
129 153 64
151 116 48
14 148 12
122 167 72
178 103 13
120 64 15
78 107 96
171 157 11
114 68 50
18 5 21
73 90 72
73 147 96
36 144 90
163 130 15
13 12 13
146 24 90
7 83 50
159 86 76
59 0 36
91 103 87
95 166 14
95 59 74
61 112 43
133 186 5
106 17 29
121 13 53
79 40 95
151 106 9
7 46 78
177 75 8
136 159 62
89 9 41
140 124 4
16 160 99
66 63 51
26 71 27
34 9 87
185 132 3
153 156 92
135 121 21
13 168 71
24 8 73
61 155 44
56 130 49
39 180 70
29 80 20
137 41 33
85 146 37
102 117 68
56 1 67
143 34 36
162 103 15
149 119 21
32 111 37
26 38 90
154 158 38
141 159 34
59 22 87
77 82 58
139 77 8
76 184 57
2 106 86
159 11 43
102 152 72
172 132 23
9 30 7
25 94 25
19 102 76
112 156 86
110 28 21
39 123 9
39 12 40
113 76 93
7 69 48
71 16 66
43 77 75
109 48 36
188 20 36
178 88 96
104 124 72
171 109 73
103 22 96
165 186 8
96 145 14
11 19 35
65 39 54
17 20 25
39 57 72
75 7 11
79 133 72
145 131 7
127 181 19
130 58 62
97 158 70
19 33 53
65 75 71
107 32 58
69 18 24
137 115 70
13 125 68
40 6 40
5 58 23
188 146 74
144 157 62
177 137 15
132 39 11
133 184 34
115 159 54
135 13 88
134 111 14
125 2 64
143 50 48
14 126 13
149 78 16
53 69 70
93 40 21
82 168 49
33 98 66
92 13 93
77 159 11
100 103 95
29 66 80
100 90 36
94 58 57
26 90 71
2 52 35
167 37 28
141 10 87
38 134 30
53 74 29
139 177 16
146 142 86
112 103 43
66 137 83
66 175 54
166 78 19
132 17 81
83 82 46
118 9 55
29 148 79
108 33 93
100 30 11
125 139 95
125 165 76
68 167 34
82 12 13
16 116 93
51 22 40
56 38 64
150 41 40
173 150 69
12 180 74
127 74 23
96 8 55
64 12 6
19 154 57
111 142 86
153 33 92
125 144 17
125 164 98
10 19 10
16 30 86
92 187 37
178 149 61
38 49 99
134 99 18
29 14 37
147 0 29
15 9 56
119 158 20
64 151 76
137 140 28
6 64 70
13 175 53
78 186 75
134 16 77
37 139 36
42 97 86
90 150 15
27 112 48
45 101 1
110 130 70
161 97 7
44 103 61
93 60 25
79 90 5
10 66 49
54 43 3
180 37 45
113 120 73
125 103 55
174 50 66
147 105 34
182 93 51
40 41 76
111 164 2
154 51 37
140 96 32
67 124 37
88 65 5
99 19 68
28 13 39
73 111 61
8 29 4
172 41 28
109 39 33
110 45 100
49 121 88
33 62 83
47 38 37
171 162 44
123 145 98
117 13 14
64 145 82
184 121 94
121 126 22
122 187 87
110 69 80
137 87 89
25 67 50
41 171 68
86 13 5
128 82 5
68 73 62
139 99 25
39 26 66
58 143 16
93 137 54
136 141 55
188 148 20
120 83 91
131 23 3
23 109 50
80 70 47
53 59 48
0 30 8
62 10 99
99 113 74
113 133 65
27 87 62
78 9 7
29 122 34
73 97 76
155 59 6
37 189 17
105 23 75
24 45 49
121 65 5
52 31 8
130 185 69
44 60 70
157 100 67
157 71 64
107 5 22
7 3 40
49 117 86
144 133 98
28 118 43
108 126 99
9 185 69
124 14 90
0 18 79
105 91 16
156 119 42
77 140 78
86 123 72
67 169 92
163 91 44
58 30 7
35 85 93
138 131 12
89 24 46
35 65 79
107 23 18
125 109 16
117 92 60
45 104 3
36 7 39
165 153 96
154 97 4
63 100 39
50 164 93
46 170 32
41 114 43
53 144 30
35 137 41
143 11 46
37 121 93
67 49 3
75 81 42
138 1 52
25 1 0
48 102 23
104 126 92
166 108 78
119 125 98
105 139 93
187 173 94
152 91 71
124 116 87
23 27 65
56 177 78
47 186 60
48 109 21
103 18 39
78 77 3
163 65 24
140 62 35
171 102 17
137 89 23
28 170 54
127 131 94
169 89 76
22 169 20
38 51 4
101 79 39
185 179 19
175 100 40
7 27 96
185 76 45
142 149 100
16 165 90
72 144 65
5 181 67
94 15 28
46 37 90
172 59 54
158 56 60
74 9 8
96 142 51
156 44 85
83 53 1
55 53 29
114 156 50
124 95 13
143 12 93
40 67 58
77 129 5
168 93 13
43 134 41
163 6 64
57 67 70
42 74 37
93 182 61
60 14 40
75 162 32
57 39 1
144 108 23
156 28 34
185 25 78
38 68 99
79 161 78
175 168 91
39 167 35
47 7 8
175 28 82
136 144 8
118 156 48
147 62 21
115 7 22
117 90 53
178 127 58
75 149 33
154 119 28
119 38 57
146 162 7
72 101 65
67 30 27
112 92 42
51 124 68
103 63 25
48 54 1
131 180 89
53 121 88
85 12 71
38 118 16
78 84 30
162 157 43
169 54 23
56 108 95
181 123 59
158 50 63
78 110 37
142 63 12
85 100 15
117 24 87
143 160 99
56 67 47
64 130 58
124 142 92
60 18 3
60 107 80
100 68 38
88 163 96
7 72 38
98 188 17
170 166 8
167 40 97
97 120 85
34 51 92
178 155 26
104 72 36
88 175 24
96 126 97
124 139 71
162 114 21
107 174 54
144 23 10
129 151 63
16 38 13
7 59 39
23 151 6
138 149 16
6 90 15
18 62 36
142 52 92
9 45 13
134 66 100
126 142 5
117 9 53
30 11 27
141 53 29
24 62 11
28 144 47
183 65 80
78 90 75
66 117 16
85 30 42
55 60 74
53 120 81
109 134 79
83 147 55
54 168 60
82 156 79
110 138 30
58 132 69
161 151 79
75 184 85
9 77 56
2 51 59
114 22 45
11 62 5
173 6 85
179 72 61
156 93 80
68 20 0
73 65 85
26 56 63
17 38 54
33 7 90
124 109 21
63 55 49
32 186 71
111 69 65
81 14 86
44 9 90
151 13 31
102 151 24
47 145 91
180 20 45
113 40 80
129 130 53
149 153 8
28 171 68
146 79 73
113 14 10
137 173 71
139 122 55
177 61 24
151 147 93
162 33 9
42 31 37
47 177 34
19 51 22
184 140 53
69 38 96
138 168 88
36 50 93
112 106 1
19 84 65
137 72 86
128 49 6
72 68 12
135 85 6
121 51 80
87 7 98
119 169 16
104 183 84
5 72 41
139 46 24
85 105 63
152 43 15
44 91 100
168 8 33
54 136 29
117 179 92
170 181 69
34 163 21
180 49 2
175 109 93
129 56 57
121 98 37
158 181 65
57 33 10
150 27 50
17 76 13
42 90 56
182 114 26
67 29 84
28 79 37
37 141 80
163 127 3
160 85 44
46 15 41
65 120 17
142 50 16
107 119 5
72 118 83
73 43 87
142 62 41
154 159 77
182 130 78
180 157 12
168 29 68
128 104 8
37 125 41
144 107 87
44 4 69
61 82 40
91 54 88
174 169 24
55 141 67
32 82 31
16 89 76
80 168 81
122 62 9
88 75 47
60 12 96
18 113 38
144 79 22
13 155 94
162 171 53
34 154 50
91 36 82
116 0 31
180 55 70
22 182 36
149 1 3
119 45 15
183 122 45
9 147 38
180 44 91
4 2 51
62 139 78
0 104 98
88 168 40
178 55 46
90 161 84
40 16 13
99 59 92
39 105 22
60 153 46
54 173 72
62 42 64
161 167 35
110 61 100
57 43 23
106 144 0
150 107 36
51 114 21
48 24 81
111 3 36
161 72 21
45 36 76
40 83 21
124 30 88
46 150 100
31 132 51
127 60 79
73 23 99
4 105 85
0 92 20
4 150 39
116 93 29
99 27 68
104 167 63
52 11 80
7 150 29
131 4 93
145 48 35
19 2 76
92 7 95
76 9 57
173 50 92
156 67 19
129 38 58
96 117 9
92 14 48
90 63 66
59 83 2
55 172 9
20 7 85
182 34 93
153 37 6
160 141 81
188 40 12
124 150 50
114 53 79
6 150 16
115 128 38
53 44 88
93 99 13
141 113 5
178 11 94
161 133 4
92 107 77
46 158 32
67 47 100
158 156 69
82 73 35
146 116 8
6 99 71
63 173 91
180 184 86
8 119 97
76 55 55
187 80 88
112 96 55
7 130 43
15 53 28
147 52 47
73 0 78
58 89 1
180 161 87
72 65 55
87 20 62
71 78 53
128 4 25
56 16 87
137 162 50
64 120 49
167 7 75
85 180 88
71 148 14
97 81 6
13 99 44
94 96 36
114 175 8
132 85 76
19 1 96
185 4 62
89 44 15
143 184 84
60 158 10
36 17 68
123 158 81
150 109 50
59 159 89
162 147 55
136 183 73
165 57 85
171 37 47
125 27 54
84 27 79
182 36 78
56 78 25
184 87 48
156 146 34
168 188 93
152 128 75
125 147 40
178 143 3
60 132 16
97 157 17
0 117 76
25 112 93
66 40 32
172 163 17
70 123 44
73 138 82
46 187 57
129 47 42
184 99 24
38 3 25
169 177 49
28 146 71
112 111 20
173 19 15
133 168 89
189 166 99
26 101 81
9 133 8
52 26 72
100 57 30
133 32 30
188 141 87
138 36 54
125 19 53
26 20 51
27 102 67
29 152 3
42 158 58
76 134 41
20 9 31
57 138 38
67 40 75
189 16 33
117 11 69
140 27 85
119 184 88
89 121 74
57 5 99
114 8 26
189 39 0
189 6 93
114 74 90
119 141 44
30 55 3
158 159 62
42 78 1
16 22 38
119 152 26
48 64 73
38 35 95
10 164 3
160 163 4
101 100 74
4 154 30
3 167 78
161 54 54
178 189 93
109 97 5
97 106 92
165 27 77
155 36 68
152 107 67
136 85 93
189 91 52
65 131 16
137 64 34
99 120 82
58 101 22
170 169 90
147 91 88
110 181 23
57 45 26
161 7 63
139 59 99
42 53 0
101 47 62
156 173 73
95 16 1
179 109 70
142 22 91
80 87 36
129 169 47
14 11 75
157 95 54
132 1 7
78 112 17
5 153 33
110 62 22
60 119 8
118 186 66
35 120 54
112 186 22
128 76 85
161 61 97
50 76 70
93 82 83
116 157 14
139 45 54
87 141 56
107 105 60
135 40 40
183 95 93
83 16 5
120 177 31
3 30 8
148 41 61
183 17 90
182 118 51
120 57 21
109 2 54
136 104 37
138 129 16
38 58 4
145 50 0
154 130 22
57 105 42
26 168 79
73 91 30
74 148 47
87 158 78
52 111 27
4 188 51
38 151 51
133 1 75
2 26 24
179 141 94
81 169 32
3 57 7
168 94 50
55 167 39
126 160 91
123 141 55
175 184 93
23 79 5
91 94 15
172 181 7
149 36 53
136 59 35
189 70 19
97 122 73
45 114 76
5 139 79
22 189 79
2 126 85
90 141 3
20 172 61
93 162 97
130 141 19
23 181 59
166 82 11
31 145 91
41 39 12
104 161 97
141 28 21
8 104 4
183 182 43
154 64 92
181 157 89
145 89 94
84 102 84
122 149 65
72 167 70
120 62 65
14 78 62
53 45 28
69 133 88
39 164 59
165 164 77
164 170 63
51 140 68
172 10 7
2 168 58
13 69 18
115 154 80
50 10 4
87 147 67
91 123 77
15 97 72
38 81 19
4 95 100
112 39 19
148 68 17
75 29 12
44 79 11
111 141 92
160 144 56
181 99 21
159 53 80
3 123 68
28 180 17
138 146 24
114 45 0
46 96 47
128 20 6
99 86 86
147 174 91
111 129 73
101 70 5
138 92 16
64 89 13
158 17 18
137 5 72
70 158 84
126 133 26
98 180 13
188 78 87
164 113 21
6 152 81
124 41 92
173 75 17
47 126 47
14 108 94
119 12 58
152 160 23
34 69 40
83 148 90
183 86 77
42 181 12
139 30 6
76 154 28
6 38 1
164 60 39
74 11 38
155 181 39
52 95 93
135 63 62
163 125 2
88 173 82
103 164 61
161 183 24
71 166 62
90 124 40
49 62 35
146 16 77
126 108 100
181 23 82
84 129 9
41 76 9
186 84 49
33 182 9
9 56 53
105 72 37
34 46 17
44 12 74
77 104 20
165 52 8
126 183 52
142 64 75
109 69 91
101 183 9
152 81 73
154 73 78
73 44 27
175 181 52
7 173 47
117 126 9
152 180 28
78 50 27
122 129 24
93 154 2
177 100 69
58 180 32
135 35 2
7 106 77
44 0 29
171 142 71
130 27 1
163 148 67
182 37 98
90 151 54
48 59 30
87 135 4
87 38 30
60 73 92
16 54 68
33 116 9
28 166 26
175 82 90
168 124 75
101 113 40
147 60 98
65 149 31
138 32 49
71 109 31
48 57 92
8 158 59
89 66 79
174 78 29
60 33 70
132 54 54
77 28 83
25 17 29
112 128 41
7 180 27
163 174 52
81 134 55
74 131 45
189 130 44
55 45 60
143 59 66
117 128 59
142 44 32
19 11 86
112 30 50
120 172 61
13 82 82
50 98 18
92 186 39
99 131 36
118 28 38
111 118 35
187 60 86
150 118 42
6 28 58
56 5 18
8 122 54
138 59 42
170 142 3
53 123 66
168 16 81
141 140 85
47 23 94
26 127 71
38 24 63
96 66 94
9 19 92
45 186 76
115 124 36
49 115 32
116 129 39
13 138 5
65 165 4
129 8 1
85 75 89
155 152 49
167 189 37
83 2 57
74 113 28
109 32 28
97 167 8
26 99 67
155 74 27
74 49 10
42 46 41
184 0 42
9 18 48
3 105 79
177 76 99
62 30 0
25 93 66
160 106 45
38 116 73
161 160 11
37 40 84
107 38 73
32 4 44
11 53 67
152 33 90
53 43 81
22 113 97
123 189 36
100 25 97
142 121 32
108 7 97
180 122 85
15 72 32
34 186 14
124 149 100
145 4 3
133 49 16
118 12 11
129 182 97
57 89 95
30 51 16
138 151 100
18 29 96
26 138 65
161 77 79
66 131 98
148 142 65
97 64 7
135 182 76
35 104 84
48 175 30
162 8 68
142 33 95
69 48 5
80 66 19
45 71 32
123 33 73
158 78 17
112 23 36
157 156 50
20 2 84
61 178 94
76 75 69
104 133 64
28 186 74
97 83 38
34 56 50
1 151 98
8 33 37
46 11 49
76 186 12
94 154 79
73 22 99
106 87 19
185 130 16
178 164 85
181 38 96
133 120 67
56 34 94
163 128 15
133 53 66
122 76 98
83 146 6
140 171 67
34 85 25
166 32 16
14 177 36
143 116 98
147 108 43
23 43 89
115 131 94
51 135 16
48 62 72
130 97 86
37 162 78
27 22 23
121 49 2
11 68 26
98 112 78
101 136 22
123 107 51
160 74 81
73 26 35
100 121 64
160 153 68
4 117 60
88 127 43
2 34 21
143 177 53
82 153 56
35 34 14
91 40 7
43 157 8
43 95 51
56 178 23
87 140 86
55 157 58
80 183 35
3 184 3
90 148 71
148 71 47
98 185 100
175 9 32
85 80 78
133 7 82
53 38 3
61 123 92
86 17 3
67 1 6
41 80 94
18 103 17
20 14 36
150 50 61
107 116 92
138 97 38
62 102 7
138 155 69
66 116 76
172 187 79
79 171 48
97 38 6
92 80 85
69 74 57
159 19 8
86 82 0
93 158 7
123 90 24
53 169 71
156 183 52
55 131 88
180 117 60
160 3 0
83 87 92
158 112 93
95 182 7
30 86 36
14 69 50
140 125 55
168 10 6
20 95 92
32 56 44
29 133 68
163 167 25
110 186 55
147 80 52
53 185 32
188 94 82
144 28 2
40 177 21
140 64 29
170 174 58
89 62 9
50 12 25
132 147 75
131 161 65
157 17 72
111 163 28
19 165 69
116 80 74
161 84 76
78 17 43
154 136 5
84 140 32
29 53 13
164 45 59
126 7 19
17 117 48
108 138 63
179 131 36
128 160 7
27 63 29
134 29 6
56 26 3
127 108 40
144 96 33
48 50 25
23 69 78
14 55 77
117 75 79
129 87 75
126 42 69
47 134 11
36 94 77
132 22 57
32 84 70
140 38 21
147 73 9
44 154 79
183 158 86
99 135 9
185 128 69
106 149 33
135 4 72
94 83 59
174 49 49
70 125 16
128 157 44
35 140 98
31 95 53
179 32 14
29 103 44
79 5 64
97 91 61
61 49 57
50 5 72
166 102 67
9 135 27
140 9 41
11 141 29
20 6 67
39 36 82
10 100 69
96 44 18
24 127 60
86 54 70
78 16 100
40 87 19
27 55 59
91 152 72
87 120 19
15 45 32
155 95 67
64 69 41
71 147 35
71 101 8
166 145 81
135 11 70
149 23 11
46 5 25
7 24 26
133 174 11
81 52 73
91 4 20
102 70 8
141 167 61
121 52 10
177 56 46
129 48 75
169 92 94
62 20 48
22 82 5
30 117 78
69 142 38
39 14 6
162 102 89
81 69 23
146 44 86
189 169 94
108 54 53
90 32 63
103 91 0
121 83 6
130 18 31
138 110 96
40 8 74
119 163 71
37 133 75
84 54 56
25 159 26
11 104 74
45 76 14
51 77 93
25 73 28
58 163 18
151 126 59
169 15 30
165 104 38
90 156 88
15 115 73
99 110 56
159 185 61
100 39 32
141 179 99
44 174 24
120 139 94
187 150 100
3 45 19
3 91 8
11 180 39
103 12 91
55 168 60
125 157 97
40 48 83
27 100 41
87 39 76
161 124 43
26 155 62
172 92 50
144 135 26
154 4 39
34 23 51
20 113 6
138 79 34
98 62 100
40 155 19
72 67 28
62 97 10
8 69 79
124 11 83
178 185 0
60 81 41
19 97 19
107 77 30
45 123 73
126 124 22
167 104 70
144 140 19
129 189 37
37 123 44
76 171 94
35 90 40
39 140 42
153 25 39
187 158 49
119 159 59
131 115 68
31 188 43
49 116 16
3 153 95
64 19 68
76 41 95
101 20 87
26 39 52
123 11 23
62 11 86
160 22 63
126 15 99
82 7 36
13 150 76
128 162 9
184 46 47
182 28 37
75 189 96
17 37 38
61 93 34
139 12 1
5 44 82
155 82 32
123 156 32
12 68 40
128 51 46
136 29 49
72 142 84
120 181 51
102 11 93
157 174 34
13 144 44
70 45 58
159 50 1
25 20 40
182 80 20
62 77 74
88 50 25
145 1 60
103 105 96
137 56 12
38 41 48
50 116 12
1 104 11
168 136 13
64 152 64
141 88 1
45 152 86
137 35 39
27 46 32
12 79 78
4 62 82
143 83 15
147 180 17
66 121 39
125 106 85
61 56 90
57 150 0
131 69 23
100 146 72
145 126 100
93 8 25
120 56 63
111 44 100
120 188 56
182 8 84
69 32 37
12 33 80
53 30 24
146 165 100
147 143 60
141 154 71
0 129 11
116 94 89
32 40 87
19 28 74
127 80 27
39 8 55
135 76 28
104 180 0
112 120 38
11 91 35
142 23 8
90 146 90
82 151 49
95 108 91
134 165 74
40 3 35
127 0 49
46 84 71
139 121 31
75 23 65
17 74 17
61 57 50
16 98 93
83 70 36
174 156 17
2 154 81
33 155 90
83 52 49
96 128 35
166 106 72
119 146 100
111 46 5
165 182 3
17 65 95
133 66 46
17 88 30
0 148 54
149 186 8
48 6 55
63 128 66
189 50 83
169 30 53
49 53 38
16 105 30
60 38 50
5 56 3
38 129 42
144 123 41
151 153 33
178 154 80
108 106 48
145 70 68
47 111 47
83 107 20
91 175 44
36 166 66
51 74 68
168 106 38
142 73 45
154 140 35
82 64 98
49 144 0
158 31 54
167 29 90
44 162 55
50 147 64
55 82 85
151 70 86
15 132 33
109 64 89
186 83 2
86 81 92
53 67 15
3 128 49
17 106 46
100 109 70
64 57 17
95 116 49
154 153 50
157 4 65
161 29 93
11 15 43
67 119 14
4 171 60
45 182 73
131 76 27
189 123 74
50 111 74
78 35 88
33 49 20
13 10 24
174 109 68
38 179 47
5 95 96
92 183 12
62 59 21
166 134 28
69 160 83
186 157 49
152 97 59
172 53 79
43 154 77
73 187 32
96 75 66
57 177 40
98 87 60
6 92 31
55 52 5
94 173 50
49 131 71
49 124 52
89 52 20
27 116 53
99 73 86
80 152 11
104 80 19
158 33 13
23 65 27
179 169 30
25 186 21
98 187 93
167 134 47
156 140 96
104 132 97
65 119 51
73 96 73
134 14 37
102 20 53
1 76 22
117 178 48
16 3 83
152 158 51
83 30 52
94 3 92
6 10 21
56 135 44
39 86 81
125 88 99
156 98 6
86 5 63
145 75 54
5 9 27
154 183 25
182 104 80
22 134 1
129 124 19
99 26 40
88 60 71
12 104 93
47 164 17
151 189 33
157 55 42
14 106 92
116 23 58
81 158 73
126 26 24
15 88 88
31 121 86
177 62 56
33 85 70
131 114 72
163 53 85
92 17 9
13 129 31
51 89 53
81 84 81
145 127 77
50 124 78
83 7 54
51 20 28
158 134 27
8 156 29
27 172 72
3 161 26
73 27 95
139 41 66
134 138 41
93 124 19
106 32 20
179 123 12
43 66 59
81 83 86
162 125 49
73 60 41
123 57 34
158 113 35
44 141 79
134 30 72
12 114 1
66 67 70
131 163 95
143 25 11
142 112 4
132 6 4
188 22 15
16 182 51
43 118 58
182 143 22
48 98 57
49 181 45
183 175 89
185 133 8
70 180 41
7 137 63
72 122 67
116 77 8
52 56 76
49 74 57
23 33 71
138 81 60
44 148 98
15 14 46
152 96 78
110 89 44
10 147 53
9 93 63
3 32 72
120 82 68
18 121 84
159 180 57
164 108 36
6 35 46
182 146 65
24 75 69
110 64 58
67 180 66
160 84 49
26 86 89
71 0 14
111 24 100
150 16 2
93 13 44
126 90 93
51 121 51
4 70 83
7 23 80
148 82 87
1 53 42
184 126 71
43 102 9
163 82 33
24 1 40
35 72 53
70 126 30
164 94 53
185 104 67
91 142 63
142 113 40
117 67 28
8 172 63
115 59 4
122 106 6
173 115 56
142 145 56
126 170 10
169 139 82
148 130 82
22 158 48
76 95 60
113 128 56
170 106 16
97 26 21
2 20 11
127 1 2
93 115 17
2 49 57
64 53 47
12 97 59
8 136 11
73 10 48
142 20 87
90 181 63
77 128 13
146 53 70
2 167 93
95 101 94
147 8 14
4 91 22
38 187 68
166 168 36
54 72 60
112 79 91
4 168 26
70 169 78
186 146 59
74 119 62
160 90 13
7 120 68
78 167 24
182 52 45
93 128 7
48 46 45
159 7 47
155 117 61
165 32 37
171 107 38
89 35 95
135 19 46
60 100 63
186 25 93
4 161 10
58 83 60
20 136 9
76 161 99
90 170 87
45 22 40
160 172 86
119 71 68
125 11 53
90 23 19
4 116 92
14 32 34
80 117 74
159 26 72
59 50 37
97 159 57
112 3 30
103 189 61
37 104 39
31 181 0
48 119 35
112 85 53
16 141 36
111 73 73
89 71 98
2 40 8
15 109 77
27 103 2
93 15 56
127 121 58
85 37 87
31 62 60
126 185 19
128 113 96
189 139 66
63 78 71
81 185 93
111 169 0
65 58 85
74 61 42
139 91 27
38 55 56
81 51 63
105 179 28
110 132 35
150 105 88
73 172 41
183 41 2
86 74 52
76 128 64
145 31 73
32 0 7
141 97 2
148 16 18
109 26 68
63 123 50
53 128 4
4 89 88
177 25 13
59 124 2
36 183 62
110 63 35
28 48 30
171 38 52
34 76 83
7 189 38
136 86 27
85 123 38
183 76 72
127 107 95
165 62 32
2 78 6
78 103 16
159 41 48
47 59 43
156 167 98
115 54 86
106 71 4
89 173 30
122 35 56
66 91 73
32 20 28
170 25 33
15 128 11
184 68 94
166 157 37
56 91 87
143 96 32
70 130 90
93 117 51
29 91 82
151 120 13
71 20 37
11 175 6
24 67 79
26 122 45
161 115 86
115 84 32
115 53 37
127 122 35
3 118 16
31 13 3
28 11 44
16 158 61
114 96 50
95 57 73
104 186 47
24 187 20
40 106 85
57 189 51
35 122 76
33 95 83
125 8 85
171 122 46
141 178 29
180 13 100
130 50 62
13 55 81
70 161 69
57 162 73
72 87 80
7 179 14
120 137 56
181 154 48
107 141 45
135 31 58
9 78 75
60 134 1
66 71 9
162 174 43
99 28 87
94 26 71
127 157 44
177 92 21
107 159 50
89 186 33
181 185 28
94 65 94
169 143 53
70 87 64
82 79 57
131 144 3
32 157 19
175 135 67
142 40 3
6 37 82
83 27 72
145 41 0
170 178 43
30 82 6
130 49 88
118 18 39
90 29 18
83 85 100
111 177 72
47 11 4
102 103 54
42 72 81
152 183 76
4 72 82
50 17 20
157 26 84
122 113 94
32 97 67
51 189 7
143 189 5
170 97 6
179 178 51
183 0 5
189 4 7
5 29 91
80 85 41
67 45 40
144 22 60
132 52 66
96 119 52
126 147 49
52 186 69
117 88 33
84 79 98
4 18 25
175 155 36
166 97 62
96 52 91
171 13 21
133 73 47
53 22 19
43 19 8
161 80 36
111 7 2
39 56 59
36 77 28
37 9 20
72 114 83
71 39 44
116 28 62
16 53 55
146 159 90
58 38 68
115 165 98
101 59 43
155 112 37
62 140 34
6 71 22
25 141 16
78 127 85
175 70 0
14 164 37
137 138 67
34 17 3
64 98 19
74 177 61
47 181 56
61 10 73
32 49 42
10 98 43
52 15 8
145 60 13
99 38 40
101 148 56
105 136 20
34 147 60
96 1 38
65 160 24
74 56 57
130 76 35
121 91 64
134 120 3
35 86 77
160 48 75
84 63 78
189 107 32
88 107 37
124 0 18
99 40 81
48 189 5
120 114 90
156 11 58
105 97 27
131 172 68
166 19 27
41 126 9
12 29 60
9 186 50
13 169 64
86 59 76
41 20 17
45 145 35
66 138 13
13 48 5
166 67 10
146 58 91
189 99 70
104 95 33
110 161 21
131 132 50
42 33 18
3 29 2
63 155 28
17 161 21
40 43 22
61 95 69
16 185 10
106 40 20
171 51 53
187 112 99
121 95 54
25 61 44
119 28 97
6 11 62
24 143 78
111 144 30
135 12 42
160 110 79
72 159 58
26 154 31
85 102 15
31 186 50
132 74 54
62 78 71
57 128 22
140 92 6
73 41 21
89 120 29
41 102 53
131 128 98
124 79 27
111 45 31
174 65 60
148 88 3
97 171 61
98 153 68
35 167 64
186 161 71
127 49 41
8 132 98
168 45 43
24 189 24
22 178 1
11 73 15
10 148 22
17 113 61
84 50 23
54 179 51
24 61 78
175 33 82
24 175 97
154 111 87
87 184 87
161 186 22
127 165 15
175 106 34
71 162 1
75 108 75
164 143 6
15 10 49
169 116 10
100 18 93
182 136 38
162 116 83
120 46 60
59 99 48
135 61 13
112 48 17
112 90 14
119 166 76
109 57 88
37 0 65
39 135 58
73 118 7
40 126 49
155 115 100
66 1 64
185 181 68
93 144 15
137 166 64
167 0 100
99 111 62
30 155 94
158 18 70
36 5 79
52 136 97
158 110 73
114 24 60
3 59 65
38 143 6
75 142 98
85 36 67
56 55 95
84 183 7
128 167 99
37 28 63
115 145 6
72 102 58
108 158 41
129 70 96
83 43 0
148 127 76
128 143 47
22 125 59
112 150 21
154 137 65
23 62 48
103 61 80
13 174 25
119 181 40
28 112 89
27 10 90
27 132 4
59 4 21
56 142 24
100 128 46
83 96 35
30 13 0
151 47 79
10 184 74
9 111 7
33 61 46
120 171 78
174 182 0
134 88 2
59 130 66
51 169 34
124 158 82
44 87 23
12 115 6
73 56 24
150 56 60
43 172 59
82 35 14
144 168 28
82 138 37
43 103 53
64 153 39
13 80 57
6 95 19
57 174 95
78 102 40
5 18 26
154 114 10
183 144 44
156 71 82
38 34 87
11 171 96
110 96 38
8 83 5
175 90 9
101 184 66
97 40 96
125 159 33
159 92 78
155 77 6
58 75 27
95 31 60
157 159 78
156 88 7
60 69 60
157 136 28
34 155 77
182 94 30
33 52 44
140 160 51
79 156 39
12 66 40
172 34 6
66 119 95
4 84 31
168 34 39
141 168 72
159 44 73
169 41 42
16 86 37
104 127 12
149 20 53
86 90 89
53 46 11
147 59 63
90 189 98
23 111 97
81 75 3
121 146 99
48 180 47
92 140 10
66 11 92
121 161 29
171 132 86
157 34 29
153 13 17
54 180 26
163 187 41
95 172 49
7 25 90
54 60 36
53 184 59
115 70 31
70 16 97
68 18 86
41 161 39
45 173 70
31 50 30
98 84 2
62 109 14
28 40 30
87 187 14
150 183 65
126 49 21
129 147 60
146 177 23
17 0 97
7 1 71
93 113 8
60 85 38
62 6 39
188 158 26
82 166 90
118 152 22
29 88 45
153 80 66
117 180 91
80 6 19
148 22 48
25 60 42
53 100 36
20 85 94
145 55 49
127 173 99
124 44 68
172 110 1
88 62 49
45 46 49
75 82 92
177 174 86
87 75 63
104 82 40
86 102 78
105 25 75
149 42 58
71 2 71
88 83 77
161 127 75
183 138 17
105 28 39
162 179 93
163 115 60
106 1 52
115 46 76
31 49 28
36 143 8
188 162 57
86 93 53
125 80 52
182 123 57
19 188 81
25 39 6
75 40 14
102 73 57
23 103 93
103 152 4
95 146 75
126 83 57
24 27 14
20 121 89
171 118 27
67 146 16
186 94 80
97 41 79
184 155 83
132 95 38
169 157 40
91 56 1
112 105 54
90 2 6
41 62 68
30 159 68
15 105 2
167 106 59
50 104 49
32 107 12
79 7 10
180 77 73
70 166 36
95 104 2
141 30 24
59 40 72
47 120 8
139 186 39
40 0 2
112 91 62
145 63 65
18 185 58
127 20 93
40 68 29
164 92 88
70 175 99
84 92 68
140 112 71
115 28 81
130 156 65
132 15 50
177 133 19
91 82 45
121 118 96
166 93 99
50 132 34
125 46 56
6 20 8
42 146 14
29 117 9
47 127 27
9 119 20
140 119 75
76 147 80
122 116 39
149 142 28
39 153 3
106 44 34
32 5 2
18 169 5
177 188 4
116 70 57
183 155 79
43 155 27
123 40 93
158 136 9
97 102 8
61 128 6
57 117 18
50 35 92
105 106 46
166 70 43
18 67 99
119 67 100
68 37 85
49 122 13
129 12 43
11 81 59
123 188 7
62 66 98
178 4 97
77 49 92
58 94 90
143 13 31
146 145 22
160 75 6
179 81 1
23 135 77
151 41 67
61 0 31
46 98 6
53 162 82
6 155 49
170 111 76
186 58 75
17 99 22
13 118 100
128 166 86
92 149 77
110 22 60
54 18 44
53 125 27
121 56 85
20 157 30
92 172 80
154 148 96
171 9 49
165 65 96
164 81 27
189 89 3
151 75 21
74 78 90
87 24 82
41 48 62
64 158 97
147 162 79
45 10 56
114 11 28
175 133 1
91 109 90
138 187 6
39 69 35
158 57 77
86 113 78
18 12 40
131 54 4
175 72 44
37 87 74
174 62 32
144 6 18
118 47 86
20 97 48
2 149 66
16 62 35
144 63 16
14 157 28
12 54 78
136 82 7
48 113 31
82 22 82
9 123 7
19 48 23
149 39 53
70 135 41
73 125 1
1 48 32
4 155 16
74 80 30
174 142 17
56 32 4
24 93 35
78 99 36
115 9 15
12 154 40
144 3 31
123 56 74
171 14 25
86 98 30
140 186 64
154 165 82
166 171 26
46 105 94
16 180 21
1 33 60
114 134 87
183 83 29
181 135 100
180 76 39
104 114 41
2 25 97
169 114 41
131 73 16
170 109 31
179 37 19
139 115 86
148 55 16
170 19 84
145 78 54
170 56 87
144 56 75
8 170 5
85 79 97
26 142 82
78 182 92
62 75 26
126 162 0
93 84 5
15 135 72
99 126 75
9 154 45
3 115 40
96 100 4
18 39 43
77 166 71
95 175 99
6 163 29
150 39 26
65 20 77
10 92 11
54 140 38
23 186 18
16 44 26
138 127 34
45 163 65
34 3 41
89 17 6
49 22 98
32 42 95
99 39 81
27 110 33
96 99 48
136 139 86
67 20 34
105 146 17
74 76 64
121 8 47
158 40 26
122 43 39
30 119 84
32 38 29
147 9 3
105 112 91
29 35 53
84 75 42
58 189 45
180 168 44
74 185 20
12 152 100
127 152 66
188 136 47
187 61 1
41 67 57
34 144 10
180 160 92
103 125 76
147 103 11
42 180 7
114 163 60
62 127 35
3 146 38
2 165 70
58 106 32
173 60 92
95 168 36
102 31 42
119 16 43
180 97 3
112 51 81
153 92 16
187 157 86
17 122 80
24 22 66
175 137 51
172 179 27
151 52 15
34 83 71
156 103 38
128 30 100
88 25 82
15 152 93
152 4 3
122 87 94
172 88 29
123 50 40
150 133 24
70 105 33
16 175 81
80 144 99
75 137 20
103 53 23
20 69 91
76 35 28
137 186 46
127 98 58
147 7 98
83 60 82
63 9 80
172 185 42
144 160 28
59 57 16
103 47 72
130 42 8
0 62 95
36 154 84
184 142 6
104 30 17
16 150 31
0 171 39
20 11 8
134 8 80
49 183 16
23 84 21
101 162 82
100 33 18
166 130 61
72 110 21
152 62 96
100 180 80
154 188 62
143 79 43
73 89 15
84 115 76
145 186 4
12 69 24
55 26 67
140 22 76
140 115 13
61 102 17
149 89 2
10 41 51
47 30 94
174 93 72
147 127 79
41 146 14
136 117 77
22 70 76
123 36 72
3 116 83
105 160 13
123 115 37
7 121 58
80 111 57
82 32 4
0 183 85
118 14 37
40 54 88
120 24 67
69 1 37
139 142 64
136 161 86
83 132 33
160 80 16
3 42 54
89 110 29
145 148 66
138 53 81
162 67 54
115 1 78
6 96 61
136 107 81
150 151 32
25 37 5
173 90 58
131 122 39
11 0 78
155 111 38
66 19 84
58 115 86
110 101 53
57 121 55
178 2 82
54 162 10
90 106 87
179 27 25
10 103 35
72 22 2
60 159 51
76 47 55
14 124 83
50 33 10
46 91 21
67 128 74
146 26 45
74 10 76
41 115 0
179 74 3
18 92 24
121 66 61
167 128 90
59 19 39
146 137 72
119 131 14
152 153 52
61 133 56
130 119 59
156 104 86
38 155 97
65 154 26
124 152 87
58 17 59
0 10 70
62 150 30
114 5 46
71 32 63
124 3 99
61 121 42
11 129 96
93 164 79
52 172 83
95 177 49
27 158 4
49 150 100
45 127 14
184 7 33
62 70 62
89 45 67
117 82 52
174 38 60
57 185 55
104 27 82
103 57 26
68 10 57
101 69 85
94 120 79
11 162 79
115 109 41
43 127 58
185 41 13
58 33 13
99 150 71
128 28 37
141 11 91
31 25 9
122 45 74
23 138 83
179 57 75
69 184 36
91 46 67
133 5 46
69 112 54
116 87 37
88 147 47
186 139 83
168 47 93
139 129 85
183 93 59
86 149 39
12 107 29
185 145 90
10 82 40
70 186 11
119 11 77
99 144 38
44 137 1
77 86 100
60 164 89
57 104 57
185 149 14
96 173 89
72 134 19
104 38 86
103 93 99
128 137 21
81 136 14
72 70 58
7 126 71
146 157 2
145 94 20
79 146 59
34 26 46
59 170 74
160 43 40
184 119 86
72 128 76
177 5 43
148 146 36
45 19 9
12 49 67
17 168 17
119 15 64
79 25 42
97 104 85
73 130 20
48 20 52
189 125 32
8 55 27
23 169 18
59 34 99
170 22 88
20 140 82
130 177 1
40 79 83
0 31 86
49 112 93
111 71 27
119 18 33
71 28 50
133 162 17
113 32 21
156 19 38
76 94 58
103 127 25
92 65 80
127 159 5
90 30 21
153 23 10
28 188 81
148 12 10
188 159 34
82 163 74
69 13 82
165 161 61
7 172 32
71 155 61
4 132 34
87 34 91
49 84 73
163 46 20
130 8 60
108 43 51
70 164 73
126 178 16
36 76 88
182 84 57
53 84 79
61 96 89
147 56 56
115 50 0
144 189 52
152 73 28
160 102 80
183 56 10
135 10 15
159 27 6
144 141 40
150 42 0
0 4 15
18 80 20
151 159 67
62 16 8
178 111 78
163 90 79
115 162 33
46 60 54
13 102 12
27 126 34
113 177 62
83 46 8
53 24 62
3 110 41
174 11 84
179 22 42
2 180 99
150 180 41
9 163 67
73 31 62
95 150 27
83 75 25
62 177 1
114 18 76
101 0 39
175 169 99
119 104 28
181 104 87
46 50 40
119 37 47
49 29 53
55 30 8
13 189 90
87 116 55
167 17 74
83 157 0
41 170 58
110 188 12
8 97 27
182 169 76
103 17 15
124 33 34
99 107 75
85 0 27
141 79 69
79 189 59
149 54 71
33 45 15
30 19 35
86 10 84
119 10 15
165 137 50
16 142 30
7 156 36
9 28 50
112 98 18
107 34 35
75 56 96
14 174 18
12 167 20
13 154 39
141 174 87
164 163 31
40 132 41
92 180 18
29 40 81
150 189 86
151 61 38
95 2 18
84 73 38
178 33 46
73 126 8
116 165 30
77 107 8
70 129 66
145 140 62
179 30 0
84 9 4
41 154 24
159 111 10
188 14 14
53 85 27
40 63 28
189 133 4
181 35 67
14 121 6
74 35 44
159 138 21
8 116 69
183 180 4
22 19 9
64 113 46
68 113 73
109 61 58
170 84 72
180 36 85
71 83 38
129 119 62
74 172 9
178 121 12
39 163 23
86 181 46
104 55 86
9 64 42
77 75 92
108 172 94
5 28 50
159 125 37
146 96 38
55 79 51
102 39 58
152 5 67
55 12 35
133 169 95
163 103 65
122 168 40
102 180 23
27 108 8
110 34 42
28 56 47
26 31 64
148 87 27
169 73 82
173 157 54
8 125 7
97 140 17
108 31 79
2 16 29
119 89 25
89 73 67
34 117 89
99 70 64
172 149 78
69 108 75
60 29 99
72 1 56
70 107 87
113 103 48
76 135 18
10 8 20
127 158 96
65 159 19
156 61 4
73 123 80
181 183 75
157 183 80
138 41 61
188 76 61
13 16 32
170 50 43
23 159 97
114 28 30
13 76 77
113 83 99
75 62 14
92 46 24
74 70 43
187 143 56
113 7 15
108 32 73
6 108 47
86 35 1
145 110 73
177 179 1
48 122 98
7 93 56
68 61 14
129 30 2
108 13 89
165 115 58
15 67 42
73 136 51
20 87 31
179 62 30
167 174 59
85 172 95
107 57 95
28 22 72
184 5 64
186 20 14
93 50 61
47 42 0
122 140 69
54 161 35
137 31 4
0 49 72
31 140 23
160 88 14
6 127 67
138 33 99
159 30 48
74 71 79
130 36 85
32 12 5
22 104 52
94 146 4
131 173 99
187 177 0
87 166 7
94 111 93
48 183 81
48 17 34
14 16 73
155 121 89
29 22 2
55 76 97
171 155 15
46 139 89
174 10 6
99 136 48
49 171 37
158 184 82
124 159 7
154 157 24
67 152 86
101 83 17
78 187 91
139 15 62
48 5 47
118 79 31
137 129 21
83 12 80
67 57 65
111 96 100
107 188 41
167 93 40
128 120 80
186 114 59
188 43 31
130 145 90
79 3 85
14 145 71
31 173 24
126 140 8
99 95 40
153 43 92
132 144 44
30 79 11
109 184 13
126 171 8
42 0 53
82 139 26
189 38 18
60 66 57
66 107 65
153 67 11
137 60 9
57 26 74
106 119 57
128 117 37
62 104 72
142 141 93
78 42 20
180 61 3
143 167 99
82 2 82
55 13 24
41 78 93
180 103 54
156 177 89
36 134 76
126 166 85
66 58 41
133 67 64
151 138 24
179 161 6
101 2 23
121 175 44
62 157 33
19 166 93
101 63 54
67 24 13
140 99 67
54 89 2
76 54 64
115 74 95
108 152 68
175 19 20
168 161 71
143 130 80
41 112 1
47 170 87
148 69 56
14 150 40
73 74 10
53 186 54
83 110 46
67 165 61
67 71 65
171 56 23
119 151 93
2 8 46
20 178 22
56 129 40
121 30 50
91 64 6
164 72 27
148 140 46
89 92 28
163 183 20
157 81 34
126 99 45
3 74 79
34 151 87
134 113 64
143 105 16
132 168 66
23 73 21
37 62 93
3 10 63
169 137 50
155 40 77
157 137 34
146 106 100
124 153 30
133 114 80
105 8 62
74 57 82
53 13 31
128 50 28
126 103 55
157 172 3
145 151 87
64 154 81
89 46 21
135 107 89
64 45 15
1 139 74
39 99 1
99 3 47
90 172 65
16 115 13
75 5 21
117 57 59
167 8 54
164 13 99
72 97 36
152 139 52
107 30 4
63 26 67
182 135 57
90 143 29
189 110 36
53 150 27
89 130 17
87 37 20
153 127 31
94 79 65
109 163 31
104 65 49
151 164 97
166 140 62
84 156 58
35 31 38
109 156 51
164 175 35
2 63 90
45 174 91
46 185 18
82 18 29
84 114 36
158 162 88
34 12 99
70 111 42
89 67 21
160 26 3
82 72 7
125 142 13
85 78 40
127 139 77
103 26 81
158 98 16
140 60 16
87 139 33
128 23 9
7 37 85
82 152 15
119 98 65
142 166 51
25 144 2
182 1 61
64 172 69
53 161 99
97 4 66
111 170 27
116 133 26
92 129 9
131 48 59
120 60 54
70 81 23
76 23 60
62 73 45
148 18 96
172 89 28
117 4 10
59 54 5
93 34 9
74 140 89
22 142 18
52 6 49
175 128 35
31 14 16
163 34 1
188 93 86
16 35 79
42 50 16
159 46 38
186 42 87
112 24 13
46 169 8
88 20 80
155 24 91
13 27 96
158 48 88
182 154 42
151 94 16
78 172 99
104 103 99
135 60 28
146 140 24
101 160 85
57 52 11
69 10 6
142 43 86
71 111 25
26 42 4
28 33 62
48 171 56
48 15 12
16 152 38
94 28 37
149 63 23
109 180 87
98 80 37
187 174 66
25 48 11
184 133 66
55 90 21
189 17 88
175 156 9
132 20 64
53 51 51
151 32 47
52 78 52
146 49 50
132 18 58
45 70 45
45 7 86
15 46 85
19 66 2
116 69 45
187 109 89
79 129 92
125 114 46
94 91 66
37 17 85
137 95 22
45 3 54
80 131 63
146 38 0
143 49 12
185 186 47
68 86 18
2 55 55
71 1 32
161 64 33
3 16 85
93 118 10
41 121 78
38 110 59
145 44 45
1 81 6
186 52 2
165 33 19
47 36 54
24 44 85
181 73 88
117 138 83
67 172 10
153 38 52
85 111 47
6 41 33
186 164 42
48 40 63
30 147 53
167 52 92
135 15 45
7 127 83
142 46 20
166 47 45
187 87 46
47 40 95
11 137 63
70 77 51
89 113 92
75 1 51
175 101 37
154 116 10
127 138 19
44 40 17
157 3 44
51 2 41
63 68 15
54 39 95
115 187 46
157 168 59
153 71 14
37 36 46
182 29 31
8 108 90
13 50 54
53 79 17
131 160 31
125 126 14
5 45 26
121 136 50
15 39 32
139 56 98
117 149 57
121 141 57
100 35 54
53 60 64
95 126 34
118 164 15
160 69 77
89 127 97
39 189 100
113 136 64
60 160 99
168 42 90
100 14 98
115 178 87
169 45 68
30 151 6
61 25 35
19 36 11
118 97 27
98 64 78
133 79 19
50 141 1
39 127 49
83 152 48
97 128 57
157 98 49
157 82 80
135 44 81
17 147 8
46 85 24
128 57 39
62 9 89
169 106 55
153 145 85
47 98 23
104 109 34
67 127 92
1 159 0
58 18 82
86 169 59
13 66 29
185 12 97
89 40 41
174 28 82
28 119 32
96 189 95
47 163 5
51 171 36
14 129 91
54 177 5
169 28 27
119 58 30
120 45 45
142 16 6
189 65 69
5 50 27
187 31 41
166 13 87
145 95 56
81 143 48
136 180 31
117 85 0
96 37 12
115 80 46
94 158 70
80 145 65
11 99 99
87 80 63
3 92 13
77 70 89
65 151 18
173 37 67
61 165 32
44 186 0
139 61 54
69 144 26
125 12 64
123 122 44
88 170 0
159 135 71
91 120 48
81 42 88
22 160 95
125 59 54
96 183 39
41 142 30
120 2 13
182 188 57
78 142 60
57 47 50
116 110 52
60 167 93
43 92 83
3 173 64
118 112 76
128 64 63
167 48 14
49 90 29
79 122 59
57 180 60
92 51 1
145 22 1
0 75 39
25 182 64
28 4 73
95 147 35
108 173 95
188 63 56
169 65 99
68 143 21
107 123 27
108 107 57
95 29 77
46 83 38
161 154 35
143 155 70
128 102 11
120 157 3
126 19 60
37 64 95
154 49 32
120 71 90
106 69 42
36 161 57
70 163 11
13 86 63
156 46 79
52 54 70
25 179 47
38 167 38
127 87 52
10 24 47
138 56 12
61 26 56
157 99 62
117 14 33
105 109 82
168 30 59
1 45 63
128 47 47
135 115 72
122 137 4
57 142 58
42 111 61
87 101 34
157 35 26
145 0 37
84 62 1
137 113 80
55 159 60
83 6 100
178 102 38
84 22 20
41 187 83
189 11 65
171 117 35
71 146 44
19 76 95
123 112 66
159 157 90
174 33 62
126 175 55
96 123 7
16 93 69
24 84 91
23 130 1
104 5 94
77 102 79
154 36 8
129 85 31
141 158 37
60 166 84
138 174 21
61 111 71
6 77 51
26 111 24
11 27 59
58 187 31
80 82 74
178 146 30
114 70 59
70 28 15
56 86 52
150 97 95
37 109 50
170 118 28
166 138 47
104 33 10
114 90 78
77 61 24
119 88 13
119 27 28
66 27 97
74 137 25
165 124 83
163 42 33
161 131 68
34 116 77
73 82 99
17 148 95
65 148 91
160 128 47
96 110 61
141 70 1
187 45 0
48 55 38
6 70 35
18 131 43
182 164 42
72 47 9
3 95 96
120 35 35
5 163 40
24 76 82
71 130 75
173 14 83
7 134 22
56 33 51
91 102 79
55 10 83
14 41 74
28 89 99
100 178 83
113 28 62
174 53 38
116 36 36
80 134 53
174 175 32
123 108 88
76 119 3
96 166 75
63 163 88
60 55 24
145 112 22
68 62 3
39 43 72
28 46 58
41 149 60
183 168 5
29 111 72
40 156 81
148 17 57
113 58 37
106 131 1
87 90 4
106 108 68
46 160 25
52 85 70
88 22 73
139 97 73
75 106 86
10 53 15
72 66 87
181 85 20
129 89 33
27 17 63
104 164 22
48 186 94
86 37 80
122 144 9
137 98 77
174 127 95
173 187 64
70 127 78
23 5 83
29 38 77
17 68 76
41 90 16
24 2 58
153 117 55
150 24 71
118 168 6
77 24 45
58 99 96
100 99 20
128 178 39
171 66 43
56 94 90
128 81 13
115 43 51
40 137 65
31 40 74
87 134 88
22 24 43
49 169 22
41 56 14
174 180 77
11 144 10
129 17 38
83 15 47
83 66 83
32 156 58
17 173 30
3 80 100
66 32 16
31 129 41
126 137 73
40 74 2
50 90 71
39 90 73
107 4 43
100 7 19
42 143 60
143 5 8
142 90 95
92 119 20
61 179 75
150 127 28
70 84 80
34 126 77
160 126 49
102 181 37
137 45 9
70 46 74
68 160 98
101 10 79
83 13 54
161 137 49
69 57 89
25 118 44
94 188 9
188 27 15
68 186 17
130 189 88
62 3 15
164 110 52
31 119 62
144 173 64
131 138 72
85 158 76
94 126 15
82 14 92
83 20 8
132 82 34
96 27 72
10 129 38
14 56 8
93 30 63
166 136 92
76 26 41
129 133 17
114 159 30
27 189 74
165 60 12
47 95 79
9 48 58
149 27 69
185 125 49
85 126 29
93 38 32
39 181 46
173 3 51
47 64 98
120 129 11
100 45 4
116 96 95
87 43 74
132 114 79
25 155 65
98 28 97
169 58 82
121 92 61
71 40 21
182 177 55
169 69 43
9 114 69
148 133 50
156 101 46
160 32 91
54 70 97
186 40 71
95 119 28
98 102 78
152 44 23
54 174 32
99 186 53
69 17 79
183 19 13
47 87 27
113 132 7
38 145 42
66 46 66
186 2 55
35 131 43
138 124 4
167 39 75
180 27 91
156 9 3
114 131 40
113 15 27
12 137 10
81 19 67
81 36 55
36 23 3
189 181 95
84 130 98
73 72 34
156 54 76
135 77 29
48 123 36
161 25 18
113 151 37
18 173 19
48 26 30
168 9 69
131 71 22
182 5 85
15 113 35
110 184 55
189 32 62
184 185 64
10 127 69
92 60 6
152 145 43
2 30 12
65 172 53
165 45 87
36 79 53
19 62 1
9 5 66
183 12 69
127 42 34
102 65 86
84 69 2
34 10 47
140 131 84
168 92 21
118 128 82
62 48 56
170 89 7
167 25 84
1 19 59
146 65 37
57 77 33
153 163 37
160 104 22
40 148 76
109 67 24
189 96 82
127 178 7
182 103 50
141 175 17
40 35 4
13 75 98
6 103 5
113 4 27
167 154 58
157 140 53
34 177 81
11 41 47
98 75 94
173 153 11
100 160 22
47 155 65
43 178 62
132 119 31
126 111 53
42 177 72
25 111 95
100 13 45
1 109 6
129 103 98
94 135 24
103 142 90
85 165 33
175 124 92
78 126 11
145 164 57
136 156 9
123 116 15
158 117 46
151 26 76
16 95 5
123 170 50
9 182 39
70 110 40
71 137 87
154 142 70
58 128 84
57 125 83
184 37 88
28 164 31
24 155 36
157 66 40
24 120 53
188 171 26
103 157 39
169 81 1
37 89 19
138 70 96
77 39 48
22 13 70
145 61 35
29 150 86
122 75 48
50 182 62
182 101 29
15 101 64
10 145 91
92 5 54
68 76 100
94 11 11
45 61 39
149 182 43
94 42 36
79 168 72
73 84 29
91 71 65
43 180 63
115 133 34
113 114 73
163 13 50
128 139 38
6 85 70
70 179 73
171 20 16
53 33 57
99 74 34
16 119 60
148 105 37
106 47 27
4 173 16
61 72 44
120 175 85
154 184 28
100 52 66
128 109 63
16 102 45
9 172 72
122 72 44
77 36 66
70 181 100
78 23 6
185 110 85
171 4 93
132 43 3
32 167 45
111 120 34
117 16 99
62 106 48
114 185 51
136 7 14
101 132 73
137 68 25
82 1 25
44 126 80
74 151 29
56 121 68
164 52 70
126 174 83
48 110 20
38 184 17
22 132 99
30 123 8
66 74 37
124 164 36
167 2 83
169 35 74
105 62 86
78 116 41
73 160 27
178 19 11
171 146 100
46 65 8
44 166 66
25 136 7
57 113 93
173 120 86
110 178 73
25 90 86
85 69 15
61 6 17
102 34 38
142 11 49
12 50 7
130 136 89
151 162 68
87 136 85
63 158 99
44 95 57
52 116 83
111 61 56
120 164 7
172 0 50
130 154 40
129 22 67
103 148 21
102 29 81
42 19 51
94 67 21
79 162 40
0 3 91
104 14 50
36 15 89
12 28 24
49 7 71
98 69 39
143 2 75
41 99 69
32 109 36
154 101 47
39 146 80
96 177 66
101 155 97
93 22 96
33 65 69
25 23 29
130 147 54
15 168 94
148 1 2
102 23 74
186 70 3
167 115 67
15 107 22
130 109 66
102 77 44
18 129 47
24 135 97
38 112 80
184 180 60
47 84 24
173 182 0
87 67 33
127 73 14
135 116 18
58 37 74
105 165 15
5 142 75
166 167 37
73 66 15
68 170 47
58 87 5
51 150 93
166 5 99
67 187 63
66 184 33
174 103 42
24 91 34
13 132 33
160 25 62
27 130 52
7 71 91
81 56 50
56 137 47
40 157 15
149 107 36
161 125 66
106 67 43
123 154 8
141 136 56
22 92 81
34 137 91
98 16 68
50 167 62
46 26 66
118 31 40
76 177 68
140 154 10
12 41 47
147 89 63
129 104 53
77 187 71
157 96 30
163 85 70
129 76 1
57 87 17
175 127 68
142 143 57
171 93 72
71 41 41
10 45 43
11 157 12
123 22 84
103 172 52
23 36 60
28 162 86
42 3 78
140 168 29
162 25 7
184 18 45
84 105 39
140 127 86
128 152 53
131 61 74
117 17 59
18 158 45
149 99 30
11 94 10
32 179 4
168 170 70
0 135 72
104 16 68
133 105 9
19 142 89
155 54 98
129 188 32
36 6 62
162 30 57
131 15 57
106 92 21
25 79 37
39 103 10
116 55 84
102 91 30
39 78 94
171 71 47
64 156 94
99 72 2
188 84 54
70 147 15
56 143 71
40 154 16
96 101 37
22 25 91
64 157 30
140 107 91
35 184 97
83 91 23
23 102 95
12 3 33
73 38 0
146 78 16
16 173 28
30 99 35
162 106 95
125 57 39
112 78 30
169 110 63
178 57 39
36 113 41
58 164 63
108 51 65
119 39 11
118 151 42
105 11 17
77 145 32
136 119 92
159 13 85
70 120 62
0 141 54
20 54 12
167 101 68
66 186 16
95 130 33
134 184 30
102 57 38
140 28 80
99 68 58
184 57 76
56 90 60
179 82 91
73 171 56
100 75 7
113 145 54
24 12 53
159 82 35
168 172 80
90 19 35
186 127 97
79 48 35
6 89 16
135 178 76
125 162 42
149 64 40
91 169 20
187 57 100
11 29 32
118 8 8
64 25 7
185 6 7
90 101 61
127 71 36
174 32 45
63 94 87
152 17 90
149 10 65
51 72 9
183 133 90
23 116 81
70 109 12
63 30 68
129 29 9
63 109 46
186 17 64
35 172 16
126 13 1
102 145 57
25 133 59
178 46 93
5 129 4
189 19 1
108 42 97
124 175 29
6 140 85
66 37 23
148 20 24
164 123 77
173 4 60
112 130 6
183 34 75
41 26 25
40 108 100
84 160 25
134 43 37
46 76 71
51 117 28
118 11 88
121 101 3
137 19 7
45 164 68
15 40 51
169 20 95
13 114 75
179 23 84
70 113 1
151 57 43
28 6 52
96 127 19
57 179 83
24 36 35
141 60 2
103 90 98
153 47 64
95 9 41
29 185 5
106 180 99
78 188 44
94 103 18
79 177 24
40 142 12
6 144 49
95 69 83
79 188 95
44 33 98
72 8 67
9 140 75
118 137 33
41 23 25
52 126 2
168 18 46
54 164 73
20 179 57
8 54 84
171 139 46
14 20 81
68 84 20
26 110 55
143 94 67
153 109 50
148 72 90
92 104 66
64 50 69
4 125 9
102 84 42
149 177 31
84 125 55
103 140 5
83 102 65
18 142 77
182 95 55
35 116 7
41 118 65
82 98 22
132 107 22
34 114 47
77 32 86
175 2 86
128 43 19
168 118 62
4 39 82
49 23 15
37 38 65
44 181 53
108 122 94
63 148 60
132 34 13
143 31 50
43 105 6
157 58 81
44 8 65
162 82 89
29 72 44
71 17 94
17 80 16
63 117 41
139 149 47
45 137 41
95 35 65
172 52 8
57 98 82
173 138 42
126 75 84
41 110 21
92 124 9
84 34 14
159 137 57
40 81 76
20 75 89
165 105 14
41 129 91
162 137 52
50 78 53
180 85 89
171 52 44
68 55 47
163 68 12
46 184 62
148 119 42
72 82 71
152 58 23
72 86 7
157 123 86
170 35 17
59 182 19
100 115 13
146 34 21
136 178 47
42 20 38
57 69 17
169 185 7
83 42 91
150 164 22
115 3 25
91 26 30
105 119 1
111 48 4
175 65 3
103 131 35
129 165 21
88 157 36
173 177 82
92 89 2
57 168 69
175 159 76
147 4 5
90 155 66
159 9 13
10 27 22
55 94 58
158 104 92
189 24 26
128 6 94
69 7 28
159 98 19
29 64 66
125 156 4
61 189 11
8 20 1
12 171 31
29 32 10
80 12 52
146 135 80
46 107 74
93 68 15
6 161 90
183 139 41
152 99 53
73 188 41
22 112 13
122 143 51
49 46 0
154 100 5
142 77 33
10 174 8
165 2 23
180 133 15
24 165 25
169 134 35
78 43 56
114 63 89
142 60 24
68 162 61
20 184 64
136 134 86
78 79 100
42 138 48
102 53 88
140 13 30
2 175 14
26 100 7
31 166 46
17 57 4
135 39 95
153 48 10
156 60 30
149 101 93
123 39 32
63 116 68
107 189 45
169 79 64
131 171 40
187 19 36
4 100 67
24 73 69
11 50 22
39 74 15
43 68 16
180 50 73
96 16 68
70 149 97
85 8 35
136 115 78
157 144 43
56 146 42
14 68 70
17 141 83
114 27 28
64 77 0
14 46 64
172 80 20
93 134 32
124 138 97
94 134 78
162 110 74
52 133 20
41 83 5
155 134 36
133 28 55
87 61 88
189 162 38
80 28 50
103 184 44
146 18 67
165 84 57
130 20 18
129 108 21
102 135 14
42 41 52
71 184 21
101 165 24
137 106 52
82 58 49
3 52 37
37 184 80
51 100 47
64 159 87
64 118 18
40 10 85
159 81 80
73 85 41
68 165 20
156 59 42
145 79 53
36 52 45
124 52 56
157 0 26
128 118 88
165 159 13
41 111 13
149 122 8
163 99 46
172 23 57
94 161 46
158 7 91
152 130 20
75 188 51
71 107 73
33 28 12
48 49 5
1 31 4
30 142 56
45 29 76
19 23 14
33 164 95
9 102 65
0 142 50
41 94 78
12 184 11
57 68 95
155 76 31
108 34 53
61 147 95
150 117 54
109 54 87
170 10 8
129 137 97
67 133 78
141 77 51
49 147 34
84 40 61
152 118 22
107 134 2
71 144 79
88 139 100
79 169 54
8 62 9
129 167 90
169 78 91
177 47 99
126 179 77
171 119 91
136 142 51
28 38 81
110 1 0
75 14 99
7 169 87
68 70 12
24 43 28
97 105 99
103 15 76
165 126 21
46 39 60
37 32 63
14 152 19
108 123 27
138 115 65
39 148 34
164 132 94
168 147 49
130 40 97
126 91 79
157 29 60
140 75 72
101 68 42
116 189 8
50 9 57
113 165 83
61 129 75
70 160 38
92 136 86
159 189 48
14 43 88
37 55 68
31 89 2
100 84 30
19 115 85
0 29 62
153 185 8
151 166 55
137 168 20
115 55 14
141 99 67
169 98 62
187 49 85
136 108 19
32 128 46
65 77 57
57 165 54
100 22 57
26 117 65
151 46 43
156 148 74
186 132 18
166 36 36
28 161 39
156 178 94
52 20 60
180 42 14
7 19 93
164 136 49
175 104 53
20 35 18
107 148 92
170 90 71
110 131 23
85 33 70
98 105 75
36 117 51
97 6 46
66 142 61
54 88 73
151 77 43
140 152 58
132 37 26
138 74 25
156 137 93
166 41 78
155 93 51
118 146 56
7 119 14
124 184 86
183 166 10
13 30 93
167 172 3
181 10 43
186 171 35
17 66 33
174 152 49
109 38 48
46 75 39
105 32 64
76 5 72
33 13 34
92 10 68
29 184 74
111 157 45
158 174 34
20 124 28
174 63 16
111 113 31
86 171 26
84 154 81
173 31 85
88 68 12
97 115 70
131 143 64
117 161 2
124 128 62
30 161 36
75 26 29
149 160 32
95 93 66
160 0 79
114 38 60
35 125 62
76 103 53
10 112 23
60 93 35
140 162 49
137 174 54
111 101 9
94 90 41
91 20 36
169 90 35
98 7 66
74 86 19
49 136 16
122 102 17
127 47 76
153 7 87
59 11 64
128 74 97
167 141 52
103 35 1
33 8 89
112 13 11
40 115 63
125 31 28
111 138 91
115 134 25
178 0 37
74 98 99
98 38 82
17 29 79
154 131 28
128 79 5
55 111 62
15 52 40
70 23 82
44 156 35
144 62 25
140 90 61
149 32 26
13 19 15
4 79 6
124 119 21
188 68 28
22 115 8
187 5 0
149 173 9
63 182 67
37 20 44
52 35 8
28 110 9
7 101 56
99 106 79
174 8 100
38 133 62
159 142 47
102 46 69
12 56 24
186 142 46
91 88 77
32 17 85
41 32 48
86 12 74
85 28 47
142 178 100
126 40 72
97 84 75
164 34 54
1 131 24
97 28 84
59 48 26
56 73 98
135 74 21
168 49 8
47 141 34
128 17 100
47 50 25
61 159 61
170 39 17
166 123 53
175 158 84
52 181 21
177 18 85
96 18 72
91 92 60
163 88 0
124 181 35
105 154 25
136 143 56
155 126 2
132 120 78
177 103 34
79 170 0
119 115 54
126 138 3
98 34 22
188 72 4
114 152 64
9 38 65
108 149 38
76 20 66
171 77 40
142 76 46
14 146 1
13 4 79
95 74 8
172 33 17
168 6 38
93 107 18
73 182 40
0 174 81
14 137 51
180 144 21
10 126 99
52 109 68
74 62 47
137 51 37
144 145 16
181 65 84
39 174 5
17 62 62
52 24 64
16 26 41
29 130 20
172 154 25
121 152 94
35 163 0
13 39 68
135 110 70
147 120 99
152 121 14
139 34 68
182 17 15
94 16 70
106 155 52
65 143 59
20 77 21
18 175 80
26 61 72
146 87 13
125 138 97
76 13 0
53 134 32
164 87 39
12 4 85
19 146 33
164 83 41
120 54 57
174 30 43
65 2 38
140 138 88
91 114 9
144 80 89
138 164 36
17 109 78
23 49 33
53 49 14
38 31 10
57 115 68
147 75 16
119 31 39
40 99 83
50 27 49
53 124 11
161 14 80
104 40 69
182 20 41
6 19 0
39 188 15
93 153 79
164 166 31
170 91 19
58 44 13
85 16 7
133 110 30
98 95 100
25 44 3
146 33 5
134 49 73
22 11 10
96 46 10
34 100 76
56 155 88
153 72 45
55 84 2
179 44 67
53 188 25
68 159 63
170 157 1
129 113 21
41 82 73
157 175 75
13 105 46
63 178 35
111 152 11
3 125 72
60 143 68
52 148 4
34 64 85
103 98 63
89 105 44
90 72 87
70 61 2
154 175 80
175 38 73
36 67 31
136 22 92
105 103 77
8 112 67
159 8 98
74 178 11
162 59 69
151 89 18
107 68 43
128 22 8
6 138 72
132 164 93
47 0 68
1 110 93
94 7 50
11 63 68
122 39 63
39 89 31
23 105 85
75 61 58
118 87 62
105 155 77
177 11 56
136 77 95
188 95 38
29 3 76
7 50 28
142 70 28
136 96 26
57 163 72
161 91 11
52 113 18
11 134 3
65 145 75
11 108 85
150 120 91
164 73 50
32 48 22
110 57 30
109 91 6
56 42 42
17 188 42
104 115 73
66 140 90
135 134 20
4 93 82
183 129 52
172 170 92
5 155 47
155 109 57
116 188 58
82 0 28
180 64 57
114 30 1
157 70 100
55 29 69
142 135 46
156 152 99
186 82 87
64 164 56
184 44 82
106 33 31
44 133 50
187 20 69
87 143 57
79 172 93
164 120 44
61 143 5
17 128 43
183 117 15
38 127 72
170 2 26
57 27 95
82 42 27
74 116 82
58 90 20
174 130 43
62 45 22
103 161 94
48 83 42
168 126 61
130 85 26
83 186 51
75 48 16
54 108 99
96 79 68
183 121 53
20 189 82
177 12 51
10 29 93
141 87 0
93 147 76
3 77 9
116 14 25
31 125 33
13 65 48
58 78 54
45 116 52
121 99 12
17 12 99
80 53 99
12 77 47
133 91 41
92 38 48
142 156 89
97 162 49
119 62 79
58 147 27
62 181 31
109 71 75
118 54 17
35 177 26
104 32 17
175 67 13
104 81 31
75 172 96
83 45 65
5 105 80
178 79 22
120 28 90
114 61 68
9 178 8
86 89 10
80 27 14
87 81 6
110 144 87
140 104 80
180 89 33
15 173 99
132 189 83
0 187 1
111 72 44
126 41 30
30 106 1
106 82 80
139 93 69
186 44 10
188 123 54
143 182 9
118 175 44
45 167 50
131 33 78
33 158 57
177 23 23
97 69 21
184 78 43
93 98 39
179 56 95
155 20 17
80 23 96
72 169 31
1 137 81
22 42 13
187 7 79
23 82 90
51 71 35
160 147 58
12 57 10
16 55 8
112 12 54
51 104 61
108 94 40
22 6 68
69 33 60
147 130 52
86 65 99
51 175 57
179 151 94
24 94 54
6 30 29
122 34 63
64 46 10
134 183 6
83 131 44
67 32 99
112 121 22
178 183 8
87 169 72
143 135 31
179 71 68
55 104 53
81 119 96
88 148 0
139 23 17
6 72 76
169 162 84
100 155 23
46 66 99
100 3 29
154 169 61
38 186 61
18 163 93
131 32 87
187 88 19
20 131 92
31 43 84
120 63 28
159 33 68
5 99 43
187 123 80
62 152 83
43 51 66
31 120 43
8 159 84
82 101 1
7 149 14
121 140 40
126 33 71
156 77 58
169 174 78
90 125 81
25 145 5
61 181 18
68 149 31
40 166 92
169 68 72
133 138 23
130 159 58
108 109 10
23 126 13
19 77 4
128 187 87
188 179 45
157 124 0
59 123 5
132 19 11
95 132 37
138 147 78
50 135 41
30 163 87
48 117 59
178 162 14
172 65 95
46 174 84
128 7 13
47 137 19
129 117 9
128 66 74
111 8 95
28 105 21
110 35 80
143 74 83
139 151 2
127 70 22
64 123 80
34 52 58
88 58 90
0 143 43
177 17 66
118 145 64
68 132 77
157 39 54
177 110 51
49 13 89
165 10 37
63 57 55
71 69 93
157 189 28
54 66 24
72 17 94
109 52 84
174 57 13
188 133 87
180 109 46
145 153 58
110 77 28
163 40 37
57 167 19
167 185 58
128 72 61
93 76 9
14 7 29
2 9 81
130 26 38
6 51 75
146 95 41
123 51 22
115 143 56
113 45 20
69 0 45
37 119 84
74 65 53
57 152 94
187 175 47
64 67 26
67 72 81
183 123 22
22 80 73
35 108 44
72 60 27
109 22 50
46 38 12
34 59 100
55 150 52
153 186 2
103 58 39
34 25 13
32 93 12
184 118 42
93 45 92
173 67 30
75 181 40
86 103 97
13 87 2
95 40 93
141 102 72
5 59 67
162 98 67
3 177 47
14 91 92
165 42 90
76 181 0
159 172 91
118 80 17
157 93 10
56 72 50
89 152 1
97 44 24
5 11 18
32 60 62
98 23 86
171 36 82
23 101 31
47 79 18
73 177 33
94 75 35
60 161 61
115 126 56
52 100 100
181 3 67
134 55 68
16 50 1
133 104 5
30 71 56
44 49 19
47 122 27
51 109 40
129 122 35
146 187 29
61 184 13
162 93 93
2 109 81
12 61 11
67 184 80
175 93 34
59 104 7
119 172 31
59 127 50
166 185 79
13 51 46
56 51 20
121 139 15
83 71 77
89 41 83
33 144 18
167 65 65
162 16 65
18 33 20
30 124 32
180 14 26
52 128 36
18 14 18
28 123 63
131 72 69
72 140 88
132 89 47
7 87 5
105 107 40
146 0 30
106 3 45
125 99 11
71 91 10
165 150 87
147 65 85
67 52 47
161 143 15
120 32 68
37 10 71
124 177 64
154 70 100
62 24 90
64 37 56
182 158 94
29 129 14
133 15 8
146 143 17
71 26 25
169 2 76
144 26 34
63 82 77
127 75 58
148 143 94
111 112 5
63 153 87
100 23 46
175 166 98
163 78 1
66 103 23
164 62 56
106 185 51
178 66 71
29 113 64
40 90 1
48 131 44
30 9 32
152 108 84
172 54 43
149 48 16
16 153 17
143 122 46
136 81 70
13 2 9
83 41 25
131 8 67
12 67 83
183 67 16
47 60 8
129 23 81
77 151 6
82 19 48
155 27 63
189 170 88
92 31 22
83 159 64
12 30 96
83 47 38
172 69 69
35 92 88
4 183 29
119 132 65
84 189 90
6 53 57
184 162 12
136 42 37
39 154 82
132 174 76
114 62 49
8 100 69
64 40 16
6 24 37
117 64 73
45 94 71
67 104 94
55 27 96
162 163 72
75 49 1
114 119 79
49 173 35
150 141 62
48 84 0
117 175 83
6 4 69
89 177 83
153 135 24
160 164 12
1 161 40
134 75 39
31 171 11
170 184 60
104 85 70
65 10 39
24 90 7
7 155 47
61 13 24
131 89 31
122 48 81
35 51 60
90 58 58
187 189 100
162 64 16
97 15 17
21 61 13
21 169 19
21 40 85
21 39 87
21 123 22
21 110 80
21 119 34
21 14 46
21 138 36
21 162 43
21 183 43
21 184 17
21 13 6
21 56 19
21 117 90
21 187 38
21 33 92
21 100 93
21 145 1
21 83 95
21 125 39
21 148 12
21 23 74
1 176 76
4 176 87
5 176 16
13 176 6
17 176 64
25 176 16
29 176 10
30 176 22
35 176 76
42 176 49
43 176 44
45 176 80
50 176 30
55 176 92
57 176 83
64 176 65
66 176 41
67 176 67
68 176 39
85 176 91
108 176 43
135 176 8
140 176 46
143 176 51
147 176 53
171 176 69
177 176 61
179 176 67
183 176 85
