20
26
41 11 0
43 48 0
17 9 0
34 43 2
30 46 1
31 14 2
35 6 1
4 46 1
46 29 0
47 16 4
37 39 9
33 22 4
0 49 4
43 36 10
22 23 1
48 16 7
18 1 9
19 47 15
7 2 6
32 15 4
23 1 15
34 10 12
31 27 15
18 13 15
11 19 7
28 44 2
41 47 24
21 17 18
4 10 6
27 28 21
30 29 9
9 45 27
41 32 16
21 13 29
0 40 15
10 31 11
28 37 1
36 32 24
18 6 33
35 5 8
24 4 10
45 19 13
23 44 3
47 9 30
35 47 18
40 33 31
23 7 36
11 28 12
12 18 47
30 15 47
6 17 19
24 5 45
42 34 33
27 41 50
46 31 4
38 13 53
28 18 11
17 46 3
8 14 46
3 1 37
29 13 38
33 18 16
45 46 56
11 12 43
10 49 1
33 25 36
49 16 64
12 4 57
45 22 70
6 30 54
25 40 27
14 44 27
29 41 10
12 3 3
8 10 32
39 43 56
14 21 59
21 14 51
21 49 48
0 12 14
40 37 36
17 36 32
18 10 31
9 19 30
25 47 1
13 33 85
21 4 16
16 41 71
15 37 75
5 48 79
48 34 80
39 8 42
49 29 63
38 2 54
47 12 35
27 42 38
42 22 6
39 9 73
49 11 85
34 40 72
41 39 93
11 46 15
24 2 81
45 35 84
2 44 61
25 14 42
13 46 55
8 49 28
9 33 94
9 4 13
31 32 92
10 14 105
44 6 62
28 24 113
10 15 43
10 29 21
45 0 1
43 32 15
22 49 89
10 13 99
47 18 82
0 45 56
43 5 121
23 34 42
8 6 126
11 29 125
12 44 61
5 33 55
5 1 95
1 48 48
4 23 36
32 9 51
29 27 108
4 27 53
27 11 51
34 12 33
33 14 95
8 42 142
17 24 59
3 11 25
4 7 56
1 18 47
19 37 41
29 49 55
23 31 24
3 34 40
5 30 148
36 22 80
8 1 48
21 43 43
4 43 18
5 22 152
31 39 126
21 10 147
44 1 126
35 44 57
24 21 104
0 11 125
36 44 151
2 47 143
4 12 47
15 19 66
36 10 66
24 31 55
32 10 69
40 2 147
21 41 26
9 13 51
49 35 35
40 14 0
48 28 82
45 28 175
9 22 161
41 16 49
24 11 15
38 44 37
30 27 57
28 39 45
25 13 166
24 8 157
49 32 42
14 10 63
38 10 18
32 33 116
41 38 107
15 6 133
17 18 173
32 16 6
8 48 19
46 0 116
47 48 175
40 27 7
9 41 8
28 47 80
4 14 37
30 12 74
36 23 79
49 0 199
0 27 42
15 34 211
16 19 80
12 24 107
42 3 146
44 22 64
49 5 155
23 48 34
18 25 51
31 28 168
39 17 74
24 41 151
24 46 101
30 48 102
29 0 81
38 36 35
42 25 193
16 12 157
42 18 204
4 28 64
1 19 152
47 43 102
48 49 116
31 8 31
46 19 90
49 8 170
10 42 224
7 47 129
48 12 80
13 48 186
12 34 100
5 10 59
28 46 51
33 16 191
49 45 105
36 29 223
5 13 114
40 32 63
17 49 28
31 4 22
32 44 9
1 44 219
31 11 23
11 4 132
37 25 91
46 22 180
5 44 118
2 1 116
1 5 196
24 45 20
7 8 112
33 24 199
36 39 150
36 46 219
11 10 21
12 5 241
42 45 159
1 33 107
45 14 148
25 42 83
8 15 159
6 33 57
40 42 202
30 25 261
2 31 279
41 15 7
27 7 132
32 42 103
21 15 207
39 47 157
28 22 124
47 42 195
35 16 189
49 4 150
14 40 171
47 46 203
9 31 102
35 15 131
28 23 250
32 37 162
42 38 140
14 48 83
1 41 39
13 11 247
15 13 198
38 25 291
19 14 91
14 37 158
29 38 93
38 40 156
16 30 160
49 28 293
42 49 119
25 38 261
24 36 18
33 6 291
32 0 201
23 21 159
28 29 73
44 13 45
34 39 27
15 32 260
6 5 54
22 38 234
28 41 298
14 45 207
47 7 307
21 35 318
24 22 52
27 39 259
31 36 196
0 19 200
44 39 282
6 31 104
4 39 104
23 47 19
25 24 194
18 19 252
30 34 274
22 3 330
23 15 99
15 4 321
22 7 200
39 35 171
7 29 70
17 38 279
15 8 5
13 39 279
6 46 28
2 43 199
3 40 267
10 1 256
48 44 289
23 16 344
48 15 164
36 16 107
19 17 117
43 49 85
40 45 322
36 27 147
14 2 66
49 23 342
45 25 189
28 16 45
48 7 260
4 30 31
23 46 278
6 10 65
4 44 59
45 10 273
1 2 355
39 40 177
41 1 200
34 18 123
17 34 103
9 46 371
0 15 301
37 5 141
28 2 269
12 19 365
35 8 273
3 10 227
22 16 57
30 43 61
15 49 188
11 35 54
24 40 175
3 33 246
11 37 135
38 39 234
11 39 84
10 5 43
35 36 249
43 28 279
7 4 29
5 14 51
14 42 82
23 0 104
1 38 220
37 17 275
28 43 70
18 40 110
35 10 161
45 3 390
14 8 344
27 10 92
1 34 360
44 36 172
8 35 286
13 25 413
44 37 416
6 27 211
12 7 372
42 47 275
10 19 47
0 25 48
10 11 374
22 25 393
29 2 326
39 38 294
41 0 259
17 44 399
25 2 341
0 21 285
37 48 114
5 43 405
31 6 425
18 30 273
14 49 55
12 13 129
24 30 323
32 46 411
46 33 49
17 6 265
47 40 359
32 28 32
35 32 30
47 32 96
44 4 416
25 3 197
34 22 345
8 32 441
30 6 420
22 36 37
22 1 214
22 6 421
23 32 58
42 41 65
28 7 229
11 2 24
6 12 213
44 46 346
37 41 373
19 44 103
47 13 112
16 35 190
37 10 155
5 4 399
36 49 416
13 4 404
5 24 382
23 45 314
22 11 276
43 25 73
12 10 6
24 32 372
4 5 444
49 37 39
21 46 238
6 9 138
37 3 47
12 8 253
11 9 104
17 3 263
5 6 109
23 33 353
6 23 113
40 6 209
48 24 474
17 5 109
29 5 35
22 47 330
5 49 159
24 28 5
17 39 282
12 17 487
44 15 6
8 21 320
18 0 342
38 14 225
32 17 195
35 27 315
43 13 407
22 48 211
17 33 385
21 37 24
35 49 295
19 39 199
45 43 157
43 40 291
0 8 103
2 6 64
19 45 143
18 7 400
9 24 275
48 35 191
39 31 272
38 6 112
4 24 180
14 4 271
34 8 164
13 9 407
12 45 227
45 39 29
0 22 309
40 11 460
23 28 161
16 28 505
48 27 125
46 21 14
10 7 320
17 1 346
47 44 407
17 28 485
1 16 484
33 21 190
2 4 362
46 11 223
21 34 301
49 46 261
2 28 347
24 3 392
44 43 113
24 43 67
42 7 344
47 3 283
9 15 255
43 39 35
30 44 115
8 2 424
10 0 283
34 6 99
32 6 535
12 28 560
48 21 287
39 14 538
18 28 412
2 38 36
38 48 552
46 4 309
32 27 21
7 48 366
36 5 518
18 24 147
40 46 155
2 34 463
28 49 190
8 46 300
32 24 301
49 12 124
47 37 160
25 23 189
31 41 121
42 13 357
31 22 362
30 35 88
31 2 56
38 23 584
37 24 386
44 41 534
37 29 354
39 29 568
24 12 579
19 34 280
33 23 238
3 19 96
41 34 513
13 8 520
28 33 375
25 46 377
38 31 175
6 14 2
19 21 589
49 34 178
18 38 497
19 28 559
34 46 119
7 34 231
18 44 392
37 12 208
48 23 313
27 45 421
8 38 228
9 34 127
29 42 49
21 0 146
17 11 180
47 8 613
40 7 239
41 40 556
17 7 14
14 46 610
45 37 333
33 19 310
46 14 176
41 43 395
44 18 320
9 40 459
37 4 383
42 5 557
6 11 36
22 34 475
9 21 415
20 12 18
20 11 7
20 14 48
20 35 20
20 22 42
20 42 17
20 47 45
20 43 0
20 34 47
20 48 49
20 5 18
20 19 16
4 26 39
7 26 40
14 26 4
22 26 35
24 26 25
25 26 19
30 26 1
33 26 25
37 26 48
38 26 47
42 26 44
45 26 39
48 26 30
