11
49
43 94 0
71 41 0
52 97 0
10 39 2
88 35 4
71 33 1
34 76 5
83 93 0
85 95 3
82 72 0
57 61 7
44 3 7
38 45 5
55 94 8
43 19 14
15 85 4
98 68 0
28 15 9
68 43 5
86 54 11
46 3 16
10 52 10
44 0 24
66 62 0
70 33 9
78 10 25
19 63 7
8 81 17
43 50 19
28 37 5
46 48 27
54 61 15
67 66 36
53 41 6
46 53 9
17 36 14
63 32 21
81 88 39
36 95 6
25 68 16
40 56 2
55 26 27
88 47 24
99 56 0
98 87 33
73 59 36
30 26 30
9 64 8
59 86 56
23 82 30
43 97 55
27 83 26
83 47 2
65 48 47
56 36 40
51 94 42
35 1 13
25 35 2
10 88 33
82 40 47
95 16 7
34 17 44
4 8 15
23 87 61
98 78 2
82 31 33
9 86 61
84 66 5
80 32 0
61 25 7
81 7 8
42 58 19
67 13 44
41 77 53
36 71 83
90 26 6
79 34 12
2 84 59
80 15 17
23 88 29
88 58 61
52 93 82
73 28 88
73 69 64
29 31 28
96 86 63
63 73 14
94 60 71
31 71 21
12 98 38
52 63 45
47 27 25
85 56 28
99 26 10
22 39 65
52 98 45
52 66 31
9 87 2
40 9 29
57 43 105
28 22 99
71 1 25
4 0 88
73 65 72
13 20 48
72 60 30
73 39 36
40 96 69
10 41 25
92 44 89
96 27 0
17 13 33
57 62 50
3 87 1
40 99 59
76 86 43
41 78 100
62 10 38
24 64 4
44 64 31
29 18 4
98 61 95
62 1 26
50 51 88
73 44 76
82 55 71
31 4 102
66 54 63
93 7 133
42 78 121
86 73 110
98 94 114
91 46 78
87 41 38
70 76 93
29 32 71
42 57 41
86 16 36
44 57 52
55 50 42
40 4 108
31 25 32
15 32 28
36 22 0
80 36 115
79 83 119
32 91 124
16 34 92
34 88 94
41 54 46
13 36 71
66 43 52
26 78 1
97 68 97
69 95 103
79 72 9
21 72 26
14 83 58
59 91 20
95 36 151
37 86 11
73 43 34
8 1 87
73 45 131
32 50 32
48 32 118
71 28 14
25 99 36
42 90 96
17 33 38
51 6 183
99 12 2
54 84 178
62 18 122
94 46 170
28 82 21
84 1 82
84 42 155
65 70 183
81 30 100
96 20 60
2 34 53
58 31 30
73 47 192
39 25 73
18 77 135
16 46 94
93 48 10
91 60 28
70 46 141
36 24 132
74 68 28
36 63 82
10 86 97
53 38 176
0 19 156
81 79 11
60 43 186
74 46 206
90 64 133
44 16 3
79 51 12
80 7 35
71 45 64
25 78 111
23 21 161
8 16 169
95 35 220
81 74 152
58 16 67
68 71 126
33 31 113
29 99 140
14 90 67
56 43 49
51 80 175
65 1 196
42 92 118
78 65 127
46 96 5
38 73 189
41 25 129
80 26 144
12 64 224
33 25 186
19 84 91
59 65 141
96 87 131
21 31 4
16 44 131
9 15 158
26 28 168
59 34 190
57 99 228
61 99 136
84 43 210
8 59 36
77 51 112
92 41 13
35 42 245
92 90 19
89 41 23
62 70 180
8 34 79
35 34 257
85 42 129
17 42 41
32 8 1
42 95 48
63 6 38
48 61 140
26 87 201
72 18 179
57 69 56
52 79 132
26 5 169
80 99 194
75 54 250
27 52 256
93 51 48
78 34 253
46 30 89
10 28 60
62 2 17
48 88 167
20 76 7
55 82 139
54 74 142
61 95 55
42 96 154
48 35 82
63 64 127
94 55 17
2 77 264
9 26 270
2 63 64
80 25 239
18 75 149
86 12 15
67 91 95
29 76 104
41 89 253
78 32 107
13 15 262
0 58 114
54 71 182
68 40 174
73 7 143
35 19 71
54 3 21
27 46 269
50 70 267
78 40 172
93 47 281
16 36 9
48 77 278
70 66 248
4 72 10
22 3 170
7 96 64
77 25 113
24 39 164
89 50 91
26 7 306
89 77 43
98 6 69
69 2 63
2 45 36
38 95 269
92 78 326
33 44 109
85 48 156
74 7 220
36 5 292
33 74 37
36 1 280
63 31 60
16 22 307
53 40 85
87 15 281
69 39 60
37 74 32
16 30 266
30 94 73
24 25 140
92 19 46
56 23 44
58 69 346
91 21 282
17 69 348
83 46 216
94 16 293
9 55 125
39 71 322
51 4 136
75 14 170
56 16 191
72 19 147
97 86 23
63 27 180
22 57 352
9 40 279
88 59 254
93 30 301
2 53 148
99 92 208
34 85 74
33 5 53
17 70 28
35 5 272
5 16 49
34 74 183
28 81 117
56 81 368
76 89 8
32 12 70
98 85 322
51 97 293
54 53 296
45 65 379
63 70 209
10 54 155
93 20 270
86 90 316
24 68 315
20 90 143
34 80 54
5 70 54
52 58 226
33 62 12
97 88 327
79 66 335
39 19 389
3 97 120
43 27 341
58 94 265
1 7 65
37 17 153
66 82 149
86 63 281
30 69 257
87 24 43
26 96 301
83 23 283
6 78 327
25 27 283
85 89 123
85 57 116
69 55 19
68 30 41
89 63 85
46 33 407
64 6 382
14 38 107
55 37 260
80 57 96
45 82 344
33 93 371
96 3 262
78 39 372
6 95 374
10 21 204
77 27 188
7 72 156
9 32 383
81 84 348
51 8 10
59 57 334
48 3 408
38 80 37
45 18 262
25 6 312
62 19 47
96 93 197
38 41 134
57 9 364
79 6 104
76 98 334
87 79 85
56 61 313
86 59 157
47 64 341
97 78 324
89 58 189
88 73 379
21 67 343
61 19 248
77 56 412
66 47 229
34 6 122
17 48 223
46 16 115
67 71 331
70 54 166
66 48 393
72 61 109
82 61 355
41 81 31
94 85 65
36 75 342
78 24 313
28 84 376
13 29 66
46 65 250
88 1 388
90 48 175
47 72 33
0 72 33
82 54 240
12 67 110
77 10 126
88 15 257
61 33 0
73 83 151
0 32 315
18 23 234
41 84 270
1 87 126
74 40 175
44 9 397
69 30 128
36 8 126
34 98 165
7 24 418
67 84 0
2 97 68
27 44 432
26 65 37
14 74 67
46 42 117
13 61 319
32 27 366
54 47 70
79 94 279
29 82 474
7 5 493
68 65 408
37 83 49
93 29 260
1 70 317
93 55 350
74 17 167
92 51 187
19 13 20
10 67 505
37 52 184
28 99 69
94 35 365
69 23 72
45 5 93
51 50 386
15 35 134
16 78 55
41 22 142
23 61 163
94 51 100
22 67 302
99 57 144
17 83 253
25 77 434
8 68 346
1 91 132
31 85 84
14 12 521
70 52 224
62 59 373
41 58 192
55 9 401
65 36 453
95 68 0
12 83 351
1 12 351
82 44 330
20 68 493
55 13 294
92 81 248
59 19 357
39 42 126
12 99 225
39 8 153
80 72 116
5 8 291
14 33 454
95 51 200
99 8 379
18 91 440
37 25 225
37 66 519
40 6 359
2 9 337
3 71 515
60 59 218
90 58 464
1 40 154
92 35 306
89 1 29
17 18 170
39 28 514
50 91 38
29 55 317
96 72 354
28 21 223
68 32 160
35 48 216
32 92 288
52 67 8
91 56 434
84 58 166
69 7 163
17 67 509
56 2 496
62 69 572
36 57 468
26 23 550
86 42 253
23 63 302
28 1 374
80 67 316
57 71 110
31 74 29
98 89 324
60 53 216
93 18 390
35 81 192
47 66 287
32 2 178
33 76 228
31 15 523
77 62 334
6 58 305
22 53 332
29 91 343
17 57 174
8 64 350
26 82 475
45 34 224
9 5 424
66 71 205
7 80 169
86 28 589
40 32 477
33 72 435
23 50 509
63 41 151
64 33 181
20 45 575
35 23 87
82 68 13
73 50 458
7 17 218
65 9 454
52 1 502
71 17 603
10 55 480
30 6 327
86 24 250
25 36 456
97 29 205
65 33 486
81 31 241
93 65 624
22 24 598
67 50 303
40 98 537
52 42 140
72 86 411
37 1 367
74 87 309
63 45 179
24 20 570
41 67 88
38 84 241
41 64 642
64 41 628
30 58 536
59 14 573
52 80 213
90 41 646
13 66 93
7 76 644
55 40 305
99 18 494
53 78 283
17 2 556
77 8 100
46 31 276
68 46 56
30 12 292
7 37 491
4 84 98
25 62 243
71 94 104
74 64 280
3 47 240
22 15 59
66 0 593
94 36 471
99 58 33
92 63 177
87 9 149
7 21 138
47 85 335
47 93 332
22 48 372
74 23 677
7 86 80
47 43 610
81 13 293
18 4 456
27 41 268
58 10 508
62 78 211
57 95 139
20 21 417
65 73 543
69 86 486
20 41 506
94 37 238
40 74 180
99 6 421
15 8 322
86 35 656
89 5 324
95 25 500
82 63 154
26 79 430
74 29 110
82 86 393
44 53 195
36 85 667
70 24 2
99 55 429
26 36 508
25 7 509
2 0 625
69 43 201
30 16 280
18 79 21
19 34 540
99 46 28
96 32 271
71 73 192
12 17 93
97 47 366
93 73 679
3 36 685
60 86 226
33 0 642
19 42 286
87 12 330
0 99 250
28 86 468
2 18 523
46 17 693
95 0 673
45 4 259
26 73 265
97 65 712
9 88 83
19 59 686
44 1 389
99 72 113
14 94 194
78 97 35
91 19 563
32 64 337
83 26 467
17 77 458
67 42 202
19 53 465
28 7 570
52 36 286
68 98 18
8 80 5
96 63 264
68 47 576
52 91 652
17 16 200
7 44 742
40 31 451
71 46 46
61 71 98
57 67 562
22 14 294
54 86 648
35 9 168
72 33 398
37 15 704
84 33 488
83 21 20
44 89 70
78 4 116
24 89 723
26 17 227
56 29 71
86 56 111
0 60 677
57 8 370
13 46 443
43 0 435
14 71 604
70 78 255
22 27 81
64 63 740
55 73 531
60 26 39
70 73 710
41 10 407
99 44 222
10 90 189
30 62 747
80 45 192
2 23 344
52 21 476
97 30 794
77 47 178
96 89 571
34 82 748
84 25 577
86 20 463
31 23 700
32 6 118
88 74 262
90 75 491
99 29 425
80 1 289
45 98 331
25 88 334
70 4 220
9 1 807
29 57 775
65 76 514
13 92 330
2 69 69
16 9 784
96 67 613
29 51 348
50 38 9
74 82 533
6 55 615
45 54 449
0 77 284
39 66 613
58 72 649
76 81 460
43 1 677
52 55 657
92 24 139
13 47 755
89 85 714
6 70 441
74 9 538
15 46 805
77 33 668
27 60 78
43 83 311
79 1 483
54 52 45
6 23 697
45 69 0
75 40 738
47 58 605
8 44 20
37 61 278
18 70 613
65 8 830
45 68 732
36 6 789
5 33 835
97 6 277
72 43 530
30 24 690
65 98 406
70 47 15
22 30 452
97 26 168
62 66 196
35 52 768
8 82 247
20 87 415
88 82 729
63 5 237
8 13 222
13 95 497
89 84 654
24 41 459
28 53 712
56 47 142
56 55 104
40 27 853
29 10 314
6 14 742
52 12 647
78 89 121
18 22 78
27 32 344
77 64 258
78 0 146
35 73 355
33 28 141
99 65 234
76 3 175
66 35 875
4 17 586
74 37 595
3 75 142
24 22 428
71 63 456
1 50 624
43 18 63
83 17 98
46 78 600
87 35 206
79 7 519
60 71 169
16 65 564
18 26 446
44 42 710
99 23 560
55 1 719
51 7 118
46 23 431
43 53 366
80 83 487
15 37 16
6 75 488
28 8 595
79 38 621
71 76 825
91 53 904
51 28 632
52 39 431
67 79 88
41 27 557
98 33 693
24 80 818
36 66 3
90 68 427
54 6 879
57 41 94
17 28 419
37 6 75
44 86 332
96 70 80
36 34 236
94 22 691
85 61 900
46 14 624
45 96 499
62 51 299
1 92 881
61 80 181
99 86 719
69 62 881
17 58 219
12 81 561
89 83 158
32 60 146
58 48 351
40 63 467
28 61 157
13 10 854
63 48 50
92 85 712
69 3 377
60 67 502
6 98 719
93 88 532
12 6 388
53 80 132
29 33 890
20 73 677
80 21 43
62 89 667
38 98 954
17 38 218
25 83 599
5 60 375
22 9 771
41 97 289
42 98 258
25 23 28
50 64 447
87 7 489
73 41 337
66 50 622
69 75 287
68 58 572
39 13 927
74 67 789
91 76 66
7 98 783
95 14 6
52 94 488
43 20 264
32 7 627
90 80 498
73 62 355
16 61 956
47 67 730
77 13 695
72 13 519
59 68 881
15 91 61
63 42 674
47 87 497
38 70 330
24 58 908
51 19 631
14 3 316
63 51 43
0 20 102
23 26 844
26 10 476
8 87 415
46 41 703
44 7 502
95 19 644
76 5 730
94 50 965
88 18 582
14 28 586
93 61 135
50 82 659
97 71 503
18 61 753
39 1 344
80 48 296
10 87 623
70 99 613
99 16 106
74 52 373
92 40 614
0 50 495
98 60 616
31 6 969
12 48 2
4 74 622
84 24 452
20 65 750
89 48 910
28 60 653
24 32 1004
54 98 562
9 89 115
13 32 218
79 39 38
98 42 449
92 2 597
56 38 970
43 42 105
69 84 224
74 8 787
75 76 749
97 15 80
18 98 1021
25 32 361
69 56 645
38 46 89
70 74 313
33 48 243
20 94 1041
52 31 241
57 2 948
22 10 554
64 91 907
99 61 137
50 92 723
86 36 1049
59 43 213
12 50 378
44 46 941
2 83 51
36 54 671
17 51 903
63 96 309
53 32 912
19 81 546
30 73 117
96 82 140
60 10 96
72 99 66
62 3 722
50 36 297
92 98 475
2 60 897
97 66 805
98 84 995
60 85 678
56 6 1013
95 62 214
30 78 1035
34 66 925
64 83 1062
97 19 529
87 37 207
62 63 76
76 14 5
93 63 1043
45 26 223
66 97 883
91 41 432
7 56 993
21 62 630
48 42 358
25 16 625
92 14 65
24 36 771
19 15 83
89 26 869
12 55 50
43 39 955
10 50 834
94 38 976
85 80 909
25 59 213
83 12 668
88 16 795
15 98 371
81 62 301
94 79 830
36 52 27
69 82 964
98 46 118
83 68 1082
89 86 538
39 88 450
53 65 943
82 80 914
90 18 632
22 42 13
26 53 344
67 1 201
86 77 38
26 6 931
4 31 787
4 2 223
79 95 718
15 70 221
79 16 474
84 41 173
52 88 1025
32 29 619
5 45 531
76 46 970
75 38 506
8 97 113
51 79 32
30 8 586
86 47 845
85 39 543
53 57 528
86 1 413
6 38 579
91 59 895
7 92 946
87 57 334
53 70 150
53 73 511
64 22 861
43 76 620
55 22 956
38 44 219
60 57 356
25 39 436
27 19 181
55 31 705
14 92 599
29 8 887
67 72 524
42 16 430
27 76 35
75 94 967
85 29 71
78 41 771
59 24 93
9 60 960
78 99 725
53 30 862
55 43 1047
16 29 439
76 93 763
34 95 711
22 59 885
4 43 518
1 16 80
87 43 213
4 73 260
47 79 964
80 79 1038
24 14 29
13 2 600
66 38 64
78 21 1073
84 68 167
56 52 722
96 7 48
84 40 782
28 50 115
14 66 480
38 60 520
91 64 986
48 43 551
95 34 453
77 88 565
92 15 480
39 86 1059
68 27 893
3 6 471
54 32 260
24 72 63
55 24 1170
15 96 1015
87 68 954
75 31 137
42 25 815
77 26 476
71 29 349
44 22 515
56 68 966
90 93 671
31 46 410
17 22 616
10 32 747
78 7 878
62 37 422
41 94 1208
39 30 543
75 18 856
92 73 1176
69 58 392
31 40 1228
97 20 651
12 31 432
1 51 618
15 82 794
14 46 49
70 68 1200
2 92 1085
17 24 225
21 10 308
0 42 518
42 45 1177
86 5 1131
42 22 669
87 91 973
33 43 107
76 28 135
53 99 977
29 42 961
35 78 940
31 76 255
55 35 345
4 76 1201
12 78 499
29 87 156
6 46 817
21 70 478
44 61 925
58 76 756
60 28 971
76 72 855
68 50 175
31 80 459
18 64 748
68 15 627
63 71 617
63 72 1222
40 80 1223
65 58 89
62 58 24
80 42 313
44 92 361
72 40 802
79 47 446
72 48 869
64 35 1121
94 77 158
45 31 745
3 7 250
7 75 168
89 74 194
22 25 29
10 22 858
59 22 907
85 6 149
9 75 772
48 10 972
44 93 660
28 70 337
15 79 419
20 31 816
68 9 472
60 12 385
35 90 682
78 88 1203
91 38 1180
96 79 105
91 14 1095
21 94 464
43 16 1200
1 17 767
90 81 537
65 62 735
85 17 188
74 55 1181
28 42 651
93 66 374
63 90 1100
63 94 223
27 50 668
45 71 1052
18 52 1044
57 39 539
17 0 784
20 3 1108
55 96 324
96 81 623
44 12 987
4 22 1140
27 73 629
81 28 233
13 97 1037
23 9 1105
75 88 486
48 23 125
77 86 244
61 56 417
30 37 1271
67 57 649
16 20 45
62 83 1091
22 36 1075
70 61 673
71 26 291
47 78 823
7 2 419
16 17 1107
39 23 668
62 93 704
43 57 700
24 51 827
46 1 1109
55 27 793
12 19 221
55 52 196
38 40 965
28 97 9
48 28 1181
52 51 1280
9 8 414
37 39 322
80 40 853
0 64 152
90 45 343
82 51 929
16 63 935
59 9 1318
88 6 1000
48 81 226
33 73 1100
29 19 1285
19 69 1051
2 58 204
13 75 243
58 29 885
40 72 1171
47 95 1171
61 27 1089
17 53 1257
4 35 911
64 89 308
72 77 1014
54 72 662
39 32 475
55 36 83
21 48 1153
95 38 127
83 10 1174
44 43 1289
17 87 1053
87 0 1364
88 21 119
40 13 1370
26 8 675
17 55 380
13 63 498
22 56 474
94 13 1067
93 90 839
3 52 23
12 7 1006
50 72 206
71 54 1024
71 13 837
80 65 1176
34 39 319
61 89 64
78 68 542
16 53 1251
63 43 570
95 13 817
60 55 584
51 63 513
57 75 718
65 94 1185
76 0 905
12 88 1179
43 60 595
1 54 1120
83 84 1236
0 55 811
50 45 785
0 68 376
29 16 277
80 0 904
65 56 173
25 24 1357
39 9 1344
63 28 1145
51 31 566
65 15 1169
5 48 159
44 84 153
60 29 142
52 18 501
6 42 480
44 66 704
63 19 306
55 83 1321
81 1 882
81 8 263
36 94 1383
94 10 804
63 52 512
98 44 124
25 15 1298
52 82 240
13 5 166
61 50 1222
25 50 17
16 7 1234
52 89 430
40 8 522
29 64 160
89 35 997
60 76 287
81 66 476
61 34 914
93 57 1204
12 74 0
53 92 1298
18 6 96
72 63 565
50 52 879
65 22 218
62 8 611
31 19 618
84 67 1351
44 54 1118
55 75 886
78 35 982
39 75 1301
98 23 447
80 98 981
40 5 724
80 23 1258
58 44 710
84 97 599
54 78 1237
12 53 553
67 2 953
83 79 526
58 99 1388
33 9 1269
77 3 1402
55 58 1108
52 8 138
0 95 1435
31 66 1311
1 38 422
16 32 1327
67 59 396
84 28 795
92 16 1091
48 0 1245
69 17 1046
65 17 1482
67 53 783
78 44 365
50 44 516
82 62 368
65 86 1225
52 83 1175
71 80 749
93 38 17
96 74 1156
5 64 965
61 51 420
88 87 638
78 1 1112
78 5 51
15 97 1187
58 33 197
0 41 406
43 29 371
70 26 1337
76 19 752
87 39 913
7 95 713
86 43 610
46 40 1476
8 71 463
99 10 113
61 75 485
73 72 1393
62 4 343
64 81 183
67 99 750
64 96 539
33 54 15
56 93 312
69 67 1248
48 90 626
82 34 514
84 65 1495
4 16 616
58 40 388
39 54 1005
86 92 958
66 76 1481
69 31 1446
72 35 325
45 80 1426
74 19 1518
5 35 250
36 19 1479
8 41 1033
67 34 887
53 72 767
24 95 110
84 26 4
82 77 418
9 31 898
9 58 1260
71 91 76
13 76 1280
94 30 733
50 22 680
19 17 29
15 77 660
22 70 537
42 5 435
90 6 1549
14 91 116
89 4 552
60 25 1079
61 70 446
44 25 649
83 27 1438
43 98 1325
87 94 1357
26 4 814
48 54 589
43 47 197
73 78 663
15 43 1175
32 67 722
72 76 913
87 40 1015
56 90 820
30 83 63
57 73 1336
46 86 872
4 18 1141
22 69 894
27 40 1065
3 84 471
55 45 1240
50 68 878
13 88 871
6 20 1129
45 70 265
24 26 1331
43 8 50
67 24 379
4 64 1033
65 46 495
95 48 1219
20 69 764
0 89 454
91 63 262
70 89 1170
25 98 243
9 37 447
12 65 1333
75 66 712
54 93 224
68 60 67
88 75 832
30 4 1596
91 28 1125
31 60 979
62 42 1151
76 30 918
90 22 519
16 25 1251
8 67 399
12 52 1163
13 91 390
95 85 378
94 4 340
57 5 509
39 0 583
57 72 1029
2 71 1049
10 99 1053
35 50 210
94 48 1022
2 82 549
71 22 447
26 81 125
90 32 607
97 12 1285
3 61 179
62 53 461
61 9 1038
61 13 1529
89 40 439
28 5 1094
52 40 363
98 19 310
42 10 29
8 28 1619
26 3 791
36 41 925
46 73 512
45 85 971
85 69 1004
76 21 1594
53 56 357
43 3 49
14 23 1239
35 83 251
30 89 571
53 90 1576
50 10 188
24 8 1386
57 63 174
96 25 265
90 91 352
54 90 1490
0 25 1045
68 54 1413
98 71 1438
29 61 393
60 48 1171
39 80 478
30 75 89
79 50 546
60 92 1626
78 33 1491
61 52 98
54 33 1537
17 44 36
36 69 447
44 85 1149
37 47 1371
7 32 945
14 31 952
1 94 1072
54 50 57
95 91 327
64 97 589
19 57 678
5 28 684
63 67 348
59 71 1190
12 71 1051
72 84 730
68 57 463
1 46 610
41 71 742
52 44 1152
20 23 1153
21 89 450
23 60 883
14 84 253
38 22 162
33 99 1526
6 53 926
48 39 1477
28 3 1455
47 99 592
61 32 1698
55 12 907
7 1 1459
29 62 1616
86 88 1160
66 70 1420
98 22 344
63 15 342
84 9 155
75 80 1034
40 64 1507
18 13 291
90 28 216
65 6 1678
63 92 777
77 74 7
60 31 204
94 76 1202
23 18 855
53 31 935
60 65 587
45 39 869
51 96 312
93 39 864
38 32 202
30 5 1669
81 51 657
17 12 547
78 86 54
69 61 813
68 29 215
32 73 1313
19 61 1133
55 89 872
53 20 507
73 14 326
5 96 1727
87 48 11
50 33 385
18 99 323
47 71 1683
82 85 1261
97 33 1495
56 30 1505
63 2 366
89 25 720
71 82 1544
68 8 799
4 44 1095
25 58 1725
55 20 1332
1 93 357
93 81 902
40 3 1238
70 71 859
25 26 1661
2 21 1582
98 43 648
72 5 779
52 9 1249
9 51 724
97 77 1398
35 16 485
99 77 1219
92 12 917
42 87 781
72 36 190
80 62 1535
6 8 1563
15 60 1240
75 97 1352
62 92 1189
75 8 518
60 56 180
84 69 1698
57 38 796
10 59 1484
19 8 753
65 26 1159
57 32 944
90 92 261
86 55 134
72 54 49
6 37 1667
68 83 487
10 73 1090
58 47 332
91 12 1339
78 60 1790
19 54 782
1 84 1668
48 53 915
83 43 1714
16 43 756
83 18 392
39 24 1751
90 55 892
72 80 832
38 71 536
60 84 936
7 91 1682
99 80 1232
15 83 932
85 73 160
96 18 448
28 38 691
47 22 770
89 81 1064
45 84 93
15 30 1715
58 27 1080
2 14 1088
69 79 1505
86 79 1076
70 28 600
80 27 1461
50 60 1013
88 77 1255
66 56 1257
37 82 423
83 8 491
59 8 432
91 36 1818
86 31 752
23 77 19
66 13 601
66 51 1152
21 92 1069
19 82 1486
23 69 1361
66 14 1605
87 55 629
48 13 466
99 34 290
86 14 1084
55 67 372
81 86 1322
10 79 1532
72 6 339
39 18 1366
52 71 50
20 57 655
51 9 1315
76 32 803
13 56 584
20 82 449
12 46 669
54 38 657
27 18 159
61 77 158
65 52 404
86 2 87
30 29 482
28 6 842
23 3 1402
30 60 967
76 63 1797
79 92 1789
86 38 1593
41 3 1461
62 0 1195
68 94 740
65 32 685
34 61 993
83 15 1625
30 34 117
88 17 860
27 88 646
30 93 1019
81 39 1175
80 30 453
4 58 277
77 39 383
54 64 1531
42 91 1054
4 47 917
18 97 135
84 44 1571
4 78 1028
76 10 1220
13 8 1318
47 73 1740
70 56 4
33 64 951
24 88 969
7 85 672
38 15 1822
22 20 356
62 50 1232
96 21 1028
83 59 241
54 35 1706
40 86 1227
54 39 1238
64 13 1321
25 0 1654
27 62 333
66 85 899
17 71 324
92 77 248
6 29 1686
75 5 1472
59 95 659
6 45 1189
0 75 872
82 6 1612
23 32 30
59 88 858
43 28 288
53 55 115
79 77 285
22 12 37
56 97 1634
82 19 604
94 43 1804
59 56 350
50 6 378
80 64 235
83 45 395
30 51 1452
29 71 1527
95 67 465
15 47 1170
16 86 1071
63 21 1223
26 44 1435
71 93 259
35 32 955
80 66 1550
35 54 373
54 63 1219
93 14 1347
95 71 562
85 46 407
91 8 247
17 50 949
45 36 1616
91 75 1036
30 22 841
9 48 1237
85 60 1866
91 50 1711
34 51 1789
17 14 730
56 77 621
8 32 790
63 95 206
31 36 1676
9 70 73
80 76 1235
85 51 230
0 16 1466
89 94 1285
56 37 1304
88 69 1163
18 88 380
65 20 1258
44 83 877
99 51 1799
74 28 784
70 0 1147
76 23 1098
55 41 484
57 14 357
6 15 750
24 27 94
68 85 1491
44 27 1255
9 19 1304
56 72 1674
31 42 149
79 32 1562
70 75 1897
97 80 737
15 12 1951
83 86 1667
82 97 1509
18 2 1221
79 33 345
8 21 701
53 63 257
40 0 506
36 70 1347
22 78 1466
37 18 608
30 25 1316
55 91 1075
1 98 1347
76 59 1913
36 98 1630
68 73 1062
59 50 644
62 86 230
77 44 710
87 66 1333
91 39 145
78 57 603
46 10 1405
69 51 9
96 95 1957
91 4 836
41 7 955
75 82 397
78 61 100
5 66 56
86 6 1984
76 42 119
33 61 480
44 35 1214
86 91 1440
44 62 1431
10 16 182
89 36 527
47 50 1773
57 96 1228
64 44 72
48 94 1150
81 33 1635
96 40 698
54 20 1704
29 22 5
53 21 1729
23 34 1752
76 90 1750
68 96 8
78 17 1090
8 36 568
86 45 1184
75 69 1111
51 66 1397
59 47 1225
98 29 1499
35 89 1249
28 23 1121
69 88 1268
12 44 1446
35 40 392
78 26 1219
2 74 1917
9 27 1575
21 96 172
55 70 1110
99 53 56
47 92 1404
80 63 1596
23 48 243
71 90 1427
14 79 275
72 28 1749
14 27 330
21 23 978
76 84 392
3 5 1976
32 34 1243
83 90 135
17 93 213
74 48 717
96 45 1616
3 80 710
40 43 2032
37 13 595
32 61 1800
64 72 159
87 83 1837
26 88 421
40 30 1492
2 6 1860
68 12 1511
10 66 1924
43 56 605
29 88 1201
8 2 556
36 99 694
37 98 1020
73 53 168
31 59 2031
40 39 244
17 72 43
83 57 733
0 21 1032
69 0 165
87 58 1725
74 56 76
79 69 1642
98 54 1704
4 9 1407
19 39 82
59 66 1073
69 74 1825
24 55 921
9 98 1356
74 58 912
72 34 581
89 8 1831
22 26 2110
71 84 167
21 20 688
7 79 1266
13 74 2101
73 58 1819
81 4 790
52 2 817
68 18 1681
0 14 1043
34 15 1851
76 85 1821
29 7 1075
34 5 258
96 66 1270
72 79 1717
77 2 274
62 33 1816
29 47 608
92 95 2073
79 37 592
89 9 2050
34 33 695
56 33 171
16 27 1236
52 84 169
34 24 1972
62 71 1702
91 23 1678
55 8 800
20 19 894
1 39 1542
47 0 1265
67 87 958
59 30 1043
78 2 2086
22 94 554
27 91 1904
85 64 1327
1 10 1495
67 6 696
66 64 411
90 74 767
80 55 550
41 32 2010
46 62 1393
20 95 1440
0 39 1565
41 53 1499
81 18 152
6 36 487
13 80 942
28 52 2149
13 85 264
68 16 529
9 81 629
51 20 1827
55 95 1652
60 82 73
15 68 2040
81 99 1620
26 21 815
41 17 955
55 39 1991
10 30 1495
99 21 1114
18 92 1406
18 29 271
62 81 2119
5 61 853
77 65 2156
48 93 864
60 20 2023
32 10 93
17 37 1232
83 48 450
19 89 617
37 67 1607
27 67 1546
80 81 418
75 15 390
4 85 1422
27 70 327
25 89 104
84 87 2193
63 86 992
86 9 641
51 47 1366
31 98 79
98 28 2116
39 22 426
18 87 1836
21 28 1145
61 96 473
24 9 1072
13 28 119
38 7 899
68 41 103
93 46 1374
71 62 944
3 21 1134
38 19 394
3 85 1462
28 2 1422
48 8 1673
85 52 888
62 36 922
5 94 1547
55 10 182
56 78 2021
67 94 1589
50 0 813
38 96 1388
69 99 75
9 34 163
32 23 754
82 35 1563
29 41 1093
93 17 1312
68 7 1723
3 88 40
36 16 563
4 48 1174
41 16 1966
36 40 1891
1 8 1701
66 8 2147
20 2 1088
24 47 1251
94 92 1491
19 92 112
68 10 389
72 4 1136
91 82 310
65 47 1123
27 1 876
17 61 1853
61 73 66
70 72 561
19 3 1858
18 51 1735
71 95 1271
43 86 1235
51 15 116
38 42 1342
85 7 1331
29 92 187
71 19 1175
64 95 235
20 74 1422
48 38 427
7 16 2035
2 39 1120
44 68 2175
75 41 1622
38 25 2095
7 62 1634
45 10 1067
23 8 221
12 59 1125
65 97 1437
31 34 2245
64 76 1899
14 88 861
24 17 1763
16 93 1030
60 36 999
90 83 1305
76 16 1107
87 77 2050
0 90 2167
44 70 638
59 96 618
57 54 459
76 77 1731
88 68 1486
43 63 1644
87 80 177
94 97 1158
96 48 1271
43 33 402
39 53 2152
32 51 485
18 12 1956
75 23 1376
96 75 991
61 42 1538
27 81 1224
53 47 737
54 26 2043
1 0 2073
63 77 1403
85 75 1956
57 27 1845
62 96 2098
6 66 731
75 95 1772
10 72 987
28 12 844
83 16 914
19 40 2125
32 42 2211
36 72 1270
29 66 118
27 21 273
54 17 752
17 99 146
93 58 142
3 48 378
5 4 1669
7 87 2184
16 87 1316
50 59 1756
21 56 2254
0 73 559
97 96 2038
86 57 1216
76 1 495
75 98 1346
33 85 1915
87 52 686
9 24 1501
19 50 293
71 42 1593
83 87 1656
45 6 2241
93 92 868
64 84 325
2 19 2082
63 33 1800
32 55 773
26 55 1584
28 54 510
30 2 32
33 3 1515
57 10 1429
15 80 1699
24 75 1359
28 96 1924
84 21 1358
22 47 335
23 79 1232
14 17 660
2 79 1525
41 61 1578
92 94 457
9 45 448
18 65 938
32 33 707
32 95 1741
2 46 1622
26 47 234
38 97 2301
83 6 2017
36 35 1471
38 1 143
7 77 1988
67 17 1540
27 22 2294
58 68 445
79 63 129
92 91 1768
82 53 881
38 0 2351
24 50 649
37 65 2331
27 80 1402
68 56 421
74 60 1232
18 14 1304
87 78 933
48 25 2310
96 41 1432
81 2 1765
93 8 1311
75 2 2240
62 22 1668
61 35 747
56 25 148
87 32 1710
43 9 1921
66 28 1862
52 96 1287
98 3 815
28 55 1116
26 35 2269
80 5 1952
91 33 936
72 27 411
12 47 1176
34 10 1170
21 90 1965
31 48 2298
84 83 710
19 51 940
97 48 1237
12 21 1393
77 72 1490
55 5 931
63 3 670
56 57 1990
97 98 1294
3 27 135
26 33 920
25 14 1148
84 51 410
62 27 110
40 47 840
61 0 792
63 39 807
84 32 209
14 39 2241
30 80 1491
60 15 617
67 70 79
71 37 2295
50 3 374
41 29 272
81 12 1810
83 24 2194
90 36 987
60 13 1505
82 22 1933
89 45 645
78 23 1572
41 66 1544
55 33 205
93 50 494
68 61 1502
13 18 1197
6 94 1792
28 64 1171
52 61 969
66 23 2220
0 28 2238
1 79 2290
4 10 1526
6 50 2032
53 28 468
54 18 2192
57 58 2053
35 74 225
53 7 1446
28 19 2410
98 73 1695
51 71 2371
14 32 2018
55 28 2231
12 97 1873
77 24 435
47 21 1491
72 31 648
60 42 2341
8 0 630
90 23 1469
80 89 2045
73 21 2072
7 33 1139
40 61 2119
42 1 1681
85 90 925
95 66 2119
28 18 1949
98 26 638
83 74 1873
42 31 1748
97 50 921
80 44 869
37 57 1776
26 38 1334
46 35 1636
25 63 2002
26 63 227
18 32 1323
58 2 2095
56 60 1570
64 43 2406
37 14 1316
13 58 926
16 2 72
21 27 681
14 99 1664
65 92 369
92 45 42
37 34 1202
28 46 189
62 24 303
2 65 1116
21 38 1395
33 14 1511
27 2 2454
6 17 138
19 64 809
39 69 1627
39 10 1643
13 86 124
47 70 1240
61 48 1647
88 61 1480
90 44 161
11 82 97
11 68 53
11 90 58
11 84 98
11 3 50
11 28 95
11 42 96
11 47 26
11 35 66
11 69 75
11 58 75
11 39 72
11 88 74
11 2 5
11 15 33
11 30 31
11 56 50
11 7 82
11 97 26
11 9 70
11 99 4
11 46 98
4 49 6
10 49 67
14 49 39
19 49 86
34 49 29
36 49 21
37 49 68
38 49 42
42 49 71
43 49 93
52 49 28
56 49 99
58 49 84
59 49 42
64 49 66
66 49 97
67 49 77
68 49 90
71 49 44
74 49 46
82 49 15
87 49 80
90 49 24
96 49 18
