97
27
50 37 14
1 57 46
89 32 38
83 64 21
0 65 75
22 82 25
53 63 24
31 2 73
64 95 58
26 96 30
28 1 96
85 114 38
83 4 21
71 90 47
2 41 85
91 117 92
118 99 31
57 78 47
62 87 47
70 98 72
7 89 97
49 4 83
34 88 23
96 100 29
103 22 84
66 35 49
73 40 91
11 115 48
115 87 81
32 86 93
70 37 6
48 18 52
14 25 61
53 102 5
112 81 86
116 64 81
43 26 17
14 65 46
86 41 27
7 82 53
56 83 3
48 81 86
13 8 93
74 61 14
85 3 42
52 119 63
61 24 44
63 67 28
10 35 98
9 11 41
39 76 16
32 6 29
20 4 39
44 90 67
6 39 73
9 86 23
19 63 18
40 89 32
53 93 8
44 18 84
2 6 40
82 28 49
63 62 67
36 82 49
113 0 98
103 17 72
29 38 55
71 32 36
48 113 57
69 105 27
8 34 63
67 104 60
74 116 56
9 47 63
30 81 13
9 91 54
20 85 61
102 112 43
88 99 8
95 110 17
24 69 51
61 8 70
111 41 6
43 119 28
33 32 98
37 102 77
15 56 37
2 88 89
25 66 21
45 100 94
109 23 49
63 99 29
39 45 89
108 95 34
22 23 7
3 51 52
111 33 91
19 18 41
30 67 31
112 102 97
109 119 94
10 52 74
90 16 76
58 75 1
42 94 76
85 62 83
70 65 60
100 5 45
40 68 49
67 51 63
105 48 71
21 116 45
118 1 15
99 18 83
92 12 14
88 86 91
98 66 25
1 43 81
76 52 8
74 91 82
75 22 84
87 17 3
103 58 12
109 116 10
69 11 81
81 91 25
16 48 80
16 88 37
12 10 8
37 103 35
47 91 50
18 73 73
83 23 65
10 96 43
35 1 39
55 25 59
36 84 89
23 2 6
13 70 26
38 101 52
107 104 93
98 51 80
59 99 20
7 35 8
1 0 13
95 25 36
72 16 40
56 55 32
112 6 72
40 41 71
6 53 96
82 91 34
58 84 80
34 61 76
38 33 71
40 113 23
74 4 12
99 83 15
69 110 93
114 51 92
107 26 73
23 87 38
49 11 71
87 99 47
17 56 79
93 72 84
32 29 66
89 110 30
31 104 53
28 25 80
15 112 18
77 36 87
114 72 19
112 72 0
93 114 56
89 108 42
62 84 2
60 96 19
74 89 51
100 46 66
18 45 2
34 115 6
60 67 31
72 54 90
83 90 100
72 33 34
67 12 70
41 69 82
32 26 84
18 72 33
11 58 56
78 80 53
30 112 27
11 92 72
38 86 91
79 17 80
31 20 7
80 6 80
107 63 88
67 114 56
96 20 74
103 16 93
93 54 62
89 12 76
92 44 47
113 10 1
59 102 21
0 85 65
104 91 79
105 46 77
70 108 94
64 106 85
6 68 58
73 86 58
56 33 21
104 18 71
104 30 9
69 100 65
11 45 23
94 107 62
50 28 88
0 14 0
37 8 86
54 99 51
119 8 83
38 77 48
39 93 32
72 92 42
19 51 63
23 30 54
112 48 53
87 36 99
65 106 69
1 117 73
92 111 4
102 9 1
9 83 70
57 12 71
19 60 99
82 65 0
100 99 4
35 78 3
115 109 72
41 109 54
16 10 72
100 6 92
116 32 98
51 40 57
63 1 37
55 22 90
92 21 80
100 108 57
105 91 55
117 92 85
67 42 22
46 56 40
115 89 19
117 114 45
106 95 81
112 93 70
1 82 70
76 0 27
39 89 55
20 72 62
63 73 65
78 66 77
72 119 4
87 41 54
80 99 55
57 33 87
0 6 84
96 48 44
100 83 2
87 70 83
113 76 90
104 88 67
51 54 82
35 47 80
115 10 86
107 90 29
65 39 18
51 41 16
48 82 6
108 87 71
101 111 34
84 6 44
53 89 0
59 53 22
113 60 96
32 106 55
87 85 70
81 34 32
100 115 27
111 79 57
74 66 20
71 26 83
67 48 87
36 90 79
96 116 73
23 96 100
84 9 6
115 38 68
66 103 13
83 36 85
107 38 63
21 107 87
10 9 11
76 3 17
54 44 92
41 18 4
14 116 97
9 37 13
56 29 36
80 68 70
68 61 0
76 119 69
65 25 74
94 33 63
101 91 88
44 83 26
48 107 28
81 29 24
107 83 16
38 11 53
91 4 33
39 68 58
109 60 26
26 37 81
114 26 52
56 11 48
86 115 91
3 119 68
92 22 10
66 89 3
59 41 73
92 31 54
14 90 100
93 73 33
30 42 55
103 18 65
52 75 77
71 43 6
54 108 39
104 20 6
61 112 36
10 61 35
61 91 55
10 102 93
107 70 24
83 105 77
22 58 6
23 83 13
111 43 35
60 5 54
2 45 76
98 107 27
3 90 100
66 53 11
20 22 11
2 71 22
108 3 61
9 66 4
30 39 70
34 107 47
38 93 30
47 22 2
119 111 7
46 45 87
87 50 36
57 31 18
29 25 88
113 55 29
45 17 16
38 1 85
84 77 46
113 21 46
116 19 66
35 106 4
48 46 43
73 43 21
25 115 56
44 36 13
32 39 69
41 3 62
6 8 8
3 59 26
15 21 35
13 0 6
64 78 34
86 69 53
118 89 60
102 92 30
69 71 14
66 99 58
93 40 15
19 49 86
39 41 97
34 33 55
33 119 30
63 85 27
108 74 65
55 70 12
73 8 27
15 113 30
35 13 53
37 11 0
95 0 100
44 3 68
119 66 37
83 47 2
111 74 14
78 54 10
48 106 25
77 19 70
83 0 88
72 82 75
58 51 87
60 39 73
68 116 81
59 40 3
118 70 41
74 101 4
113 75 58
107 5 91
74 28 77
103 64 78
101 105 7
101 29 33
88 68 39
80 95 64
14 101 91
64 8 97
38 84 92
91 68 47
15 43 66
89 34 31
63 43 73
66 40 15
89 9 76
14 74 94
112 99 10
12 1 47
109 34 20
80 15 90
33 60 33
72 35 95
11 33 80
25 53 79
93 64 88
109 36 46
45 57 24
34 98 60
47 55 6
10 70 85
100 89 45
52 45 53
61 42 60
69 61 36
45 99 27
19 48 8
46 91 35
63 79 35
107 100 27
46 83 68
74 3 63
81 66 97
8 15 53
62 52 15
107 11 0
99 81 22
19 83 46
95 82 32
79 112 92
32 45 25
107 47 71
115 117 28
53 10 61
33 15 49
85 29 42
77 98 58
3 80 93
37 4 47
95 39 13
82 75 8
17 45 24
56 68 52
113 69 1
92 19 64
9 32 36
64 89 44
62 5 13
74 16 20
40 51 78
22 79 12
75 96 37
57 29 41
48 47 82
19 81 22
44 2 62
26 4 71
55 72 82
84 55 58
85 65 44
100 90 75
2 99 99
36 40 45
69 59 60
62 80 70
47 2 40
9 20 66
30 46 21
22 100 62
5 66 77
102 11 39
100 25 86
54 61 66
28 13 62
93 45 97
39 105 89
21 32 41
118 24 58
47 110 7
55 61 16
36 24 14
46 88 16
110 59 46
50 82 2
109 32 42
22 51 74
41 55 17
38 92 76
42 73 42
93 9 64
21 83 17
6 21 74
26 111 99
113 22 2
105 71 31
51 26 62
55 16 11
81 99 33
91 29 47
8 50 86
116 86 62
86 74 40
113 104 65
32 102 63
115 101 42
21 114 21
24 109 77
43 36 82
118 85 56
81 39 24
62 60 96
17 51 3
47 14 15
15 47 14
31 67 98
79 4 10
85 39 56
37 5 49
19 80 85
73 35 19
100 94 78
33 83 12
86 63 98
110 47 34
77 29 68
71 55 64
66 7 14
101 95 0
100 118 37
26 114 42
51 25 13
57 65 22
73 29 96
109 84 36
89 56 82
54 53 53
39 71 70
115 0 96
73 107 55
26 29 55
8 93 75
40 66 69
104 68 10
26 98 93
51 73 90
111 89 26
9 115 63
70 39 75
94 37 24
17 33 48
95 101 64
77 56 58
62 88 5
82 95 3
62 109 16
16 38 17
89 101 1
94 9 16
12 81 15
75 20 26
39 104 36
13 105 41
62 14 51
98 71 36
80 103 91
17 47 95
55 11 43
23 94 68
67 90 42
10 119 78
3 45 63
73 5 13
51 61 16
90 9 81
63 39 70
25 0 85
55 113 70
50 101 7
43 78 85
31 8 20
47 31 21
42 64 49
47 115 42
21 111 45
38 28 11
51 68 63
21 56 65
93 101 57
28 117 34
0 78 38
104 87 15
96 111 8
117 19 59
91 76 55
21 109 12
24 50 100
45 78 14
94 98 54
96 88 22
51 116 23
113 71 60
7 24 88
107 35 29
90 40 93
36 53 96
80 111 2
19 45 21
105 56 13
104 89 32
101 61 70
60 37 65
50 83 26
51 118 67
32 84 30
58 57 73
107 115 35
6 82 66
24 4 14
86 99 28
70 60 34
9 1 4
58 32 88
52 103 61
92 99 9
112 18 57
109 16 63
42 71 86
8 57 21
109 19 27
23 110 58
51 91 35
72 59 59
45 105 19
53 101 60
99 54 29
86 30 45
52 17 11
5 75 19
10 56 82
24 11 61
82 61 44
31 52 11
116 95 93
38 85 91
87 90 28
89 11 44
36 54 52
62 58 18
103 70 15
69 116 9
66 59 22
16 63 27
93 70 91
72 46 23
78 84 43
12 54 51
57 81 84
5 71 17
117 25 85
50 73 15
4 59 41
61 62 44
73 109 41
110 93 17
15 50 22
88 56 66
43 67 61
95 74 53
26 107 96
35 90 45
78 87 14
38 107 54
117 111 17
6 76 40
24 28 48
21 92 81
56 6 44
22 95 33
103 93 19
60 8 97
116 85 75
83 43 98
23 53 7
112 7 12
80 51 5
32 33 1
108 111 63
96 107 90
55 10 60
95 11 18
92 6 32
42 106 61
13 2 88
2 87 14
22 74 85
49 114 72
22 50 62
95 103 79
54 5 99
93 25 30
62 50 66
84 14 58
92 116 62
63 58 49
53 51 81
110 52 48
106 98 60
10 112 95
90 91 69
109 68 98
1 99 72
78 23 99
102 72 70
59 2 26
111 0 81
72 78 51
107 98 2
88 9 88
118 4 16
60 92 75
45 118 61
110 99 44
85 10 7
7 15 83
44 55 46
86 1 99
40 55 15
110 77 2
57 117 46
94 79 85
41 25 81
23 65 73
100 30 90
91 86 96
2 36 73
62 71 88
52 34 68
20 26 85
46 4 72
89 19 22
85 40 80
7 26 24
44 110 38
86 78 9
55 37 51
118 80 11
64 34 100
107 39 91
5 82 11
54 94 95
37 89 4
82 87 64
111 108 91
6 80 51
81 25 75
83 78 80
88 64 5
95 73 59
41 7 33
51 32 80
51 96 67
93 44 20
24 115 49
43 57 28
95 61 61
109 78 14
57 79 34
39 103 17
95 6 35
39 61 16
91 67 29
22 40 93
59 63 87
17 54 40
30 12 80
87 2 79
58 36 94
44 52 31
34 24 80
114 20 13
45 72 96
22 17 33
69 26 18
86 12 51
96 50 86
55 95 83
70 17 70
41 22 1
35 53 62
51 79 78
32 23 15
42 76 100
79 7 13
77 15 23
9 82 97
24 53 56
26 8 51
18 21 79
95 67 91
107 12 84
70 15 38
71 79 34
96 55 73
105 23 45
85 34 92
5 1 14
81 15 57
77 17 94
106 58 74
14 38 68
101 87 9
71 37 49
102 100 96
50 75 51
9 78 22
43 87 4
37 109 41
36 30 65
25 71 47
24 3 2
53 65 61
11 26 15
105 112 88
100 39 65
9 26 76
91 106 42
0 111 30
95 93 12
43 81 16
47 11 72
13 35 53
82 86 4
40 76 22
35 42 98
1 28 56
60 1 28
17 7 57
80 60 72
49 60 38
52 26 43
115 107 74
25 34 13
18 75 19
81 98 45
100 35 23
45 92 95
63 116 53
61 87 72
84 21 6
23 100 57
109 103 35
62 89 3
37 66 13
7 17 9
20 105 43
83 91 71
106 44 33
104 55 63
110 114 2
56 2 67
6 61 51
55 2 63
94 96 20
72 34 66
24 7 37
88 114 4
17 26 54
116 91 95
63 92 0
107 81 22
40 12 63
88 46 15
35 41 49
49 16 14
13 72 93
87 21 99
57 84 68
37 49 44
21 29 72
76 80 58
7 47 55
83 109 1
42 102 27
41 12 42
49 69 67
51 43 51
1 55 27
40 1 27
51 112 22
71 52 14
34 37 95
105 93 87
111 67 56
106 4 55
73 92 79
37 77 92
85 45 62
18 88 98
58 72 78
35 112 41
15 99 60
70 18 87
11 105 57
92 106 30
24 9 57
64 76 83
59 98 25
95 111 39
101 78 36
11 36 37
83 116 39
42 49 19
35 85 78
36 69 53
98 93 26
115 46 59
75 116 23
48 78 16
40 79 7
100 114 12
42 101 79
70 43 28
38 59 64
7 58 81
6 34 7
10 75 45
13 39 85
58 30 21
58 108 90
42 25 33
80 101 2
104 71 31
61 3 1
113 92 94
91 2 12
24 80 31
20 52 5
2 106 16
44 113 48
16 94 7
47 43 24
72 90 98
74 79 82
14 67 37
101 45 78
23 13 55
53 113 5
42 63 44
3 19 58
106 87 17
59 94 82
94 45 59
45 51 12
21 35 96
68 39 64
57 93 27
64 69 46
94 20 12
63 86 3
116 31 47
75 88 48
50 106 77
34 50 76
12 0 79
70 54 65
103 46 34
61 4 38
32 65 64
75 91 88
64 99 69
40 105 80
93 104 24
12 5 32
45 14 57
8 118 90
93 7 7
46 119 25
69 119 76
93 109 47
5 32 39
35 116 47
9 108 100
108 55 24
3 24 51
43 39 92
0 63 19
9 119 99
18 56 70
111 37 46
90 20 97
31 32 57
38 32 96
116 45 19
103 32 85
1 90 93
51 42 60
93 90 59
63 5 91
5 89 39
1 18 38
65 114 35
4 119 99
65 42 12
5 44 97
38 105 7
108 60 99
49 83 96
108 21 45
29 94 9
104 4 47
106 118 24
100 13 36
0 2 49
80 26 87
11 39 15
76 63 52
18 35 98
63 93 71
110 85 52
81 33 94
38 47 97
32 5 78
100 31 68
48 16 97
83 38 71
12 73 11
79 104 83
79 48 49
72 93 10
58 3 14
28 84 8
99 84 83
21 77 73
35 65 20
51 57 46
104 118 45
67 46 4
45 102 71
39 88 38
43 74 87
87 62 1
17 87 73
68 88 53
65 93 33
3 69 61
80 82 89
117 54 33
23 41 13
106 48 81
68 84 21
14 81 77
19 24 92
44 102 87
73 74 58
102 89 3
110 58 62
99 6 51
104 62 38
29 40 88
72 20 5
30 110 21
26 117 57
99 4 21
45 10 18
18 78 27
12 79 23
50 61 40
110 100 32
11 85 100
14 48 64
34 23 9
98 15 89
10 103 41
21 6 29
15 6 40
57 72 81
104 72 91
109 46 41
2 34 55
76 105 10
2 65 1
50 0 75
23 63 92
47 107 12
12 51 63
34 112 80
85 25 63
52 44 3
2 59 4
55 110 85
59 84 62
40 59 89
31 68 41
111 75 48
70 102 42
99 36 62
17 61 94
75 108 24
61 78 82
74 88 22
106 17 63
110 33 71
36 35 18
0 35 87
88 87 63
112 66 36
31 29 42
12 36 23
44 49 49
93 94 1
5 78 46
19 54 74
93 52 70
50 105 75
10 90 42
64 54 48
57 68 21
42 40 44
21 23 63
118 35 62
46 52 87
54 76 34
104 10 25
99 1 96
42 113 11
85 5 12
96 86 26
104 102 9
82 47 38
82 4 61
82 15 49
3 53 7
88 1 9
6 58 76
68 113 71
57 4 29
60 50 68
118 9 84
90 23 23
5 17 34
65 48 28
71 105 84
3 2 97
95 88 98
117 52 14
53 79 0
62 74 39
88 79 95
69 24 56
100 105 68
43 25 54
82 36 51
11 68 4
110 41 29
84 54 49
93 79 68
36 11 73
20 19 90
13 114 97
34 56 40
47 21 23
38 63 47
19 114 40
93 26 3
75 49 76
59 65 40
53 68 80
81 30 85
56 30 47
1 17 7
33 76 85
51 105 74
82 1 75
119 23 77
70 79 100
48 22 40
24 102 0
70 96 33
70 118 20
68 89 21
41 37 61
7 115 26
119 15 31
42 61 89
72 8 17
41 103 30
44 84 44
118 58 49
90 116 33
55 112 72
13 93 12
5 31 54
39 0 16
37 114 36
88 115 5
99 60 10
61 14 78
40 35 22
88 7 89
83 15 17
33 90 79
22 47 15
74 55 36
46 70 78
79 24 78
61 102 38
46 79 10
44 9 87
118 2 79
26 34 10
57 30 100
75 19 38
115 52 44
4 35 4
63 81 29
58 111 19
33 107 85
36 73 50
101 116 92
21 8 76
53 26 63
98 104 66
58 31 33
64 50 36
87 49 1
10 79 82
26 30 55
77 18 77
28 99 7
119 37 79
78 76 41
60 32 11
99 117 3
56 5 96
89 58 95
49 96 99
6 35 25
47 8 65
110 109 7
67 110 72
66 96 87
90 100 33
49 99 75
12 39 56
40 4 34
30 50 44
104 107 40
30 47 4
84 36 24
32 96 36
72 45 93
116 9 85
114 39 80
116 36 71
5 47 17
92 7 71
78 22 75
23 58 52
104 11 49
57 13 21
77 50 44
24 1 14
71 66 27
19 1 20
26 46 3
72 77 75
69 25 14
37 51 80
26 58 77
39 25 99
92 36 8
4 85 37
50 11 28
68 41 54
80 34 64
73 79 1
34 35 66
35 88 57
28 108 75
63 77 63
88 69 49
30 45 43
61 86 94
44 69 97
66 73 69
80 57 92
43 75 76
74 80 8
116 106 44
31 40 32
95 75 5
20 68 64
109 110 98
100 62 95
0 3 12
58 25 57
23 31 24
40 60 29
69 12 82
41 49 95
0 28 53
102 85 6
26 2 41
113 62 56
53 67 4
63 10 58
56 4 21
110 40 72
26 104 90
60 73 69
6 15 72
22 118 27
99 106 86
12 77 3
117 57 45
60 110 4
1 5 89
109 10 38
36 28 92
92 46 31
95 44 78
66 114 98
91 30 86
85 36 0
105 89 65
5 9 59
30 9 64
93 29 77
115 7 56
93 96 16
88 8 31
4 40 8
18 52 67
29 98 46
49 106 95
112 58 98
52 28 61
5 50 1
76 10 81
11 20 34
20 106 79
46 16 34
19 78 90
118 103 63
81 104 30
115 3 20
108 59 78
33 22 80
25 40 37
109 30 25
25 99 34
63 106 92
3 74 26
74 2 2
54 10 30
107 64 44
76 115 63
31 90 40
62 100 26
81 78 94
54 91 84
73 96 14
107 44 9
114 106 77
64 26 0
87 24 87
70 109 93
61 6 1
86 23 61
43 52 18
14 37 40
42 82 59
5 107 93
21 17 11
96 66 89
113 66 24
17 2 49
95 102 84
34 77 79
68 110 23
99 40 93
90 2 18
37 18 33
17 103 70
38 69 21
9 53 50
91 103 45
98 13 2
11 66 0
38 22 27
99 34 41
82 41 84
42 54 43
86 52 84
106 8 75
45 43 16
118 117 86
116 99 16
52 84 23
65 66 68
68 105 26
62 35 63
4 16 69
29 23 34
74 67 38
48 96 45
3 85 13
52 15 53
103 55 34
92 49 82
74 83 0
116 26 65
93 43 66
110 95 94
39 12 90
115 100 34
81 57 68
93 50 42
90 24 81
13 89 36
36 60 67
48 39 25
43 8 88
32 53 85
42 91 21
103 28 13
57 83 55
20 0 73
16 64 40
24 20 42
13 41 72
61 75 37
117 34 94
60 49 6
52 1 73
35 108 24
70 84 7
54 64 28
51 46 37
106 65 37
70 49 49
95 66 15
111 29 48
70 73 87
56 103 59
86 82 49
31 119 86
31 84 100
66 26 87
43 112 50
24 46 68
19 65 85
10 21 5
79 81 62
5 21 35
118 21 25
43 60 80
59 12 5
44 65 45
71 21 67
29 4 25
103 50 48
117 118 21
75 71 61
105 102 5
86 109 18
105 17 55
83 14 82
112 25 88
79 33 37
110 107 60
81 28 98
117 90 23
20 33 86
9 36 81
49 79 91
66 8 2
88 41 28
115 83 44
69 70 40
53 72 22
20 98 77
70 74 62
33 34 59
62 65 15
77 86 60
36 25 59
64 79 93
101 55 89
50 117 22
78 43 75
104 56 80
92 25 4
36 58 18
119 6 96
15 111 86
77 33 79
34 113 26
30 29 31
81 94 32
11 46 1
71 47 34
105 82 47
31 13 9
10 4 91
55 65 44
92 103 37
24 59 88
86 54 41
21 94 52
118 5 52
15 51 29
84 57 95
48 55 59
107 102 12
61 15 10
109 28 43
34 116 8
77 31 98
44 56 75
107 6 55
4 111 34
30 113 6
70 81 76
40 111 18
84 28 90
77 116 72
98 29 71
91 7 71
109 105 75
64 49 55
7 118 94
115 99 33
62 55 9
75 112 53
81 61 1
95 8 68
85 21 0
106 2 29
5 67 31
5 93 26
47 82 99
39 87 71
82 89 72
106 71 36
117 109 83
74 15 44
85 93 39
33 70 16
33 38 23
11 65 81
94 119 2
106 112 74
108 93 41
98 8 21
86 31 96
37 64 49
67 76 28
101 96 97
69 75 92
61 44 1
48 9 85
72 10 26
114 28 24
78 64 46
104 12 49
41 2 63
61 34 83
91 95 37
90 13 62
30 92 72
5 24 45
42 93 12
117 45 89
98 5 95
54 116 75
70 40 60
62 57 62
12 91 60
35 52 2
39 31 63
61 117 48
114 4 69
112 59 58
76 86 12
49 118 91
22 68 29
25 45 91
39 4 92
80 58 41
64 18 80
71 0 87
82 102 62
40 20 98
29 81 42
38 3 87
70 101 64
5 39 72
99 111 81
9 40 23
114 81 62
44 23 14
8 3 19
39 119 85
112 8 59
68 112 44
41 52 23
46 73 19
17 58 0
3 98 8
71 115 38
5 92 17
1 44 17
6 59 97
79 109 39
117 35 5
102 106 62
73 30 75
74 14 32
112 75 59
51 8 35
49 105 21
46 107 71
113 99 17
108 10 65
82 58 71
49 67 70
117 28 67
107 0 60
63 110 26
113 109 23
96 26 97
102 99 34
84 92 32
63 53 53
104 2 45
93 11 1
3 56 34
62 69 15
6 4 49
58 112 97
25 76 13
60 98 31
40 47 52
24 32 33
79 19 57
99 73 90
51 28 23
74 99 60
39 98 54
114 38 33
94 116 62
63 23 70
63 13 15
112 9 35
77 62 43
101 17 81
48 52 95
13 116 66
17 69 80
113 38 38
96 12 15
51 7 73
37 2 82
29 49 88
20 25 41
10 1 79
70 112 65
89 81 14
79 46 31
115 20 57
63 108 7
28 87 40
85 94 68
16 19 84
29 50 27
54 4 2
54 65 39
32 7 27
111 31 36
53 21 0
94 13 31
111 113 17
21 25 36
86 87 3
7 76 90
83 9 44
61 60 80
94 85 38
38 55 100
103 6 67
6 93 70
76 56 35
68 30 63
73 87 17
38 64 74
49 40 19
38 95 24
94 115 93
50 91 74
28 113 5
101 67 8
81 23 76
74 105 80
32 4 21
81 52 41
35 95 30
81 87 37
114 82 89
63 68 63
46 109 53
47 118 13
90 36 14
101 85 50
39 56 19
73 84 76
115 18 93
113 19 9
26 75 95
65 17 63
28 45 49
4 18 89
49 37 88
49 28 43
76 96 91
98 3 61
38 46 63
50 23 26
103 73 53
30 109 52
114 52 74
31 118 68
15 93 11
103 37 80
5 57 48
115 54 69
44 53 66
76 71 21
36 92 3
56 106 73
24 42 41
49 55 50
63 71 58
32 34 38
13 44 99
6 33 33
52 11 47
52 24 79
19 15 42
94 106 27
1 6 95
17 38 57
102 117 14
66 91 10
9 71 58
87 68 45
31 5 31
26 10 69
15 102 81
7 71 47
98 19 20
79 53 18
63 59 73
56 98 62
54 67 32
70 5 37
68 95 100
52 113 94
85 116 12
42 46 21
65 37 99
114 43 93
60 46 74
93 2 36
112 1 65
19 9 59
50 69 57
107 72 43
99 71 46
54 33 50
13 68 74
91 79 71
25 60 6
47 13 8
94 24 14
42 98 97
114 69 98
110 113 29
4 98 13
33 36 91
25 87 8
51 111 49
12 90 90
19 70 93
11 57 96
23 81 85
89 99 58
2 19 33
63 105 35
62 45 11
80 49 94
39 59 68
85 118 22
57 8 46
77 59 54
80 114 16
3 117 84
50 44 23
100 14 79
7 49 8
3 60 96
25 85 45
22 48 24
110 50 96
96 38 93
111 18 87
66 58 8
52 19 14
13 94 74
9 77 73
77 16 15
109 93 80
6 36 25
117 110 60
25 48 6
12 16 1
118 63 75
85 73 20
76 53 31
101 60 8
38 100 39
21 60 8
73 17 89
22 77 38
90 17 63
42 30 55
37 7 33
64 113 14
24 81 70
115 111 1
43 73 96
37 13 37
61 37 57
82 6 11
1 114 39
30 51 58
79 64 27
116 47 69
73 23 55
102 50 79
4 95 8
31 91 84
100 110 71
9 8 76
7 59 80
46 24 58
114 44 68
1 2 13
33 16 68
107 53 53
96 35 35
49 39 82
11 42 10
61 49 90
64 71 55
39 18 56
14 72 92
46 14 1
51 30 20
2 73 17
87 105 74
30 24 71
94 65 45
4 92 46
118 119 13
39 111 65
64 118 6
119 75 79
82 43 7
54 51 25
100 56 95
29 51 14
109 12 52
66 33 58
96 59 9
109 31 14
84 51 65
44 104 7
41 45 44
119 62 61
33 57 20
8 92 74
94 62 97
44 33 52
36 118 41
52 43 99
46 50 26
81 47 63
0 108 17
87 116 74
76 69 5
11 86 42
56 37 79
1 31 35
96 47 71
84 118 70
2 62 87
8 82 68
88 89 51
26 69 23
47 6 84
73 13 36
56 99 70
103 107 0
99 41 53
28 89 0
20 53 56
77 96 51
31 64 55
53 57 8
65 62 27
55 99 93
112 100 57
99 49 72
74 44 3
104 31 72
57 70 63
109 21 36
0 55 75
67 77 64
74 5 2
23 117 92
74 110 100
80 81 55
112 71 62
100 38 19
112 106 78
92 30 16
78 107 65
85 112 6
90 52 8
101 117 33
57 43 91
29 61 19
101 103 11
48 30 89
113 16 17
93 49 21
109 102 95
19 56 94
98 61 85
87 79 99
84 109 100
115 19 73
58 70 42
83 77 36
60 68 99
38 9 33
37 85 55
69 35 71
115 110 5
63 24 84
82 10 8
83 49 62
98 82 19
12 76 30
98 44 51
32 118 78
69 4 15
71 99 38
43 21 10
68 13 34
7 4 10
83 30 30
38 10 41
40 64 59
46 41 58
77 2 76
57 53 10
118 110 22
52 18 90
35 54 62
23 84 12
96 18 19
28 92 41
28 119 87
15 59 5
113 33 9
90 99 62
35 83 2
1 73 57
48 45 71
15 30 83
75 94 45
87 65 63
114 15 46
32 70 16
4 11 24
112 19 9
94 19 16
111 59 84
2 14 90
28 60 6
114 117 83
25 21 99
47 61 50
6 106 40
38 4 7
2 17 57
100 21 96
68 93 51
65 51 36
119 20 100
116 102 77
56 12 15
81 108 0
26 65 23
94 51 85
21 5 23
72 118 92
104 114 74
42 7 68
111 52 82
46 23 12
114 113 29
59 49 53
57 1 90
64 59 18
7 111 96
116 21 13
17 85 74
106 77 0
36 44 90
14 6 26
77 42 46
118 32 94
43 101 83
106 67 38
97 109 66
97 17 76
97 77 29
97 36 13
97 93 77
97 42 89
97 47 62
97 63 45
97 9 26
97 83 60
97 14 42
97 72 79
97 35 37
97 23 53
97 49 55
9 27 20
11 27 6
14 27 44
22 27 47
33 27 78
43 27 36
46 27 65
51 27 56
64 27 99
67 27 22
70 27 64
72 27 53
91 27 17
92 27 66
95 27 67
108 27 38
114 27 70
