69
40
43 68 93
55 74 86
38 32 37
66 49 10
82 22 20
23 80 26
59 51 54
55 32 25
35 57 68
89 79 57
81 80 72
11 8 97
60 21 85
32 23 46
10 28 58
75 88 50
36 46 100
73 30 71
53 62 82
59 42 45
43 22 42
46 1 58
52 44 81
66 78 55
87 1 61
36 29 33
35 24 18
33 46 4
58 56 93
8 70 95
21 46 90
56 18 99
7 89 32
37 1 37
35 29 84
43 60 13
84 24 48
33 66 45
84 73 65
78 45 10
29 57 77
48 89 15
35 53 100
22 28 85
63 39 62
45 7 60
78 27 51
88 9 13
87 54 4
47 66 35
6 53 88
58 39 67
79 58 43
5 19 9
32 88 15
56 36 34
48 8 23
63 85 40
25 20 95
16 15 85
70 8 47
17 27 65
65 66 45
13 57 54
55 3 85
60 22 95
13 27 81
4 30 37
9 23 94
33 72 57
48 86 32
81 65 78
31 64 64
71 59 25
29 70 65
74 82 78
30 65 47
27 61 46
81 7 26
88 21 56
49 24 40
2 46 75
79 47 90
68 26 91
66 1 10
45 11 57
78 9 14
86 13 18
76 56 70
84 61 59
26 57 28
89 3 0
51 43 8
50 70 54
43 31 73
55 28 79
14 66 36
87 62 83
73 5 94
0 39 34
67 24 5
67 0 95
61 67 61
2 29 99
24 58 23
20 44 56
47 31 73
30 64 4
19 11 23
17 16 45
0 30 38
29 22 5
85 5 93
81 4 25
14 61 35
87 51 73
78 55 80
74 80 14
51 49 98
57 86 87
60 2 8
8 23 68
27 81 42
89 39 100
42 72 62
89 1 82
45 16 90
48 9 57
12 26 41
67 39 29
41 75 60
38 16 44
66 77 36
89 74 13
16 5 43
61 65 94
41 82 3
80 61 62
87 57 47
14 82 40
76 43 79
43 17 92
78 17 53
85 78 13
32 63 40
59 26 36
11 29 94
3 55 99
58 18 51
85 32 7
48 75 62
77 0 66
44 89 0
50 53 25
5 29 24
60 20 66
30 57 15
49 65 31
75 59 76
50 88 65
59 14 10
34 3 44
84 49 20
14 33 72
36 21 48
83 18 71
89 7 58
32 39 86
72 28 54
89 5 2
70 24 73
78 50 66
59 16 40
42 73 32
10 6 13
39 20 48
9 64 95
0 89 9
31 34 39
57 0 80
57 22 34
33 38 99
79 2 99
76 59 63
82 26 96
22 82 89
72 21 48
80 31 61
30 84 92
87 63 87
38 33 21
44 59 45
16 25 80
22 32 70
4 23 1
66 72 57
33 81 36
33 14 47
87 27 13
28 16 81
15 88 35
2 19 45
41 42 26
42 84 50
33 63 35
58 60 47
89 83 68
81 42 24
76 84 34
43 71 50
51 16 75
62 17 86
60 87 19
53 1 11
48 67 51
13 52 75
65 58 26
18 23 33
37 67 49
88 81 34
71 18 58
83 33 19
47 36 100
59 10 5
64 30 99
76 5 17
34 44 59
65 46 67
25 55 36
73 34 100
24 6 92
68 25 14
39 23 69
71 53 83
75 38 74
10 57 40
11 65 53
41 25 89
65 79 82
85 81 14
30 45 16
9 17 55
4 71 7
81 8 20
52 22 21
41 38 67
17 41 89
26 61 94
23 66 3
71 29 93
65 44 29
38 13 87
89 70 21
62 5 43
83 82 37
28 29 26
33 13 16
7 82 71
85 51 45
62 4 21
50 81 26
59 85 44
58 50 11
38 82 99
15 9 69
79 83 2
88 15 52
45 3 60
38 76 69
89 76 83
11 72 61
79 18 61
22 11 49
25 12 19
56 74 84
88 52 69
3 32 43
34 58 21
61 31 43
5 59 25
12 17 89
6 75 49
16 13 30
4 57 34
0 17 17
34 89 25
3 60 6
71 54 36
35 56 0
9 39 93
27 34 10
35 86 57
29 78 66
8 89 73
79 52 61
14 23 41
13 44 64
43 83 92
30 13 25
35 17 91
68 49 0
59 55 83
43 11 77
38 61 65
41 78 46
72 89 72
14 85 1
56 60 18
71 79 96
87 36 37
60 26 10
5 79 41
55 34 18
29 83 4
73 45 54
24 20 29
42 83 15
70 65 9
22 74 75
32 84 76
61 42 86
42 12 57
17 57 87
84 77 34
27 49 2
72 77 77
86 22 13
85 77 79
29 28 95
48 16 82
71 35 81
66 42 14
32 14 42
41 1 95
57 23 16
44 51 92
63 79 15
6 35 7
43 13 61
45 55 8
88 31 8
56 83 45
43 84 30
82 30 22
28 61 42
15 47 69
26 30 13
50 87 53
60 44 17
55 0 87
37 48 46
28 22 98
82 25 26
77 48 50
20 63 51
27 45 61
41 81 21
78 51 100
81 44 89
52 56 1
29 35 17
46 58 37
23 13 34
39 10 42
4 80 14
1 76 97
60 6 77
28 66 46
79 27 79
66 60 13
37 89 86
20 27 66
31 56 40
19 66 79
30 5 50
0 47 72
16 57 30
31 25 26
9 68 80
52 78 12
2 37 49
14 7 70
18 6 86
89 31 23
26 18 1
65 62 84
79 57 71
57 19 25
72 43 64
31 72 22
27 28 72
31 48 82
37 22 90
7 32 49
67 86 89
70 86 9
38 20 68
13 83 55
77 58 45
50 26 89
63 2 25
71 38 54
36 54 78
85 82 39
73 39 60
18 19 94
1 47 75
52 17 5
60 9 0
27 67 0
57 78 96
1 41 74
70 48 86
18 26 0
70 22 76
35 13 4
4 22 0
66 70 40
48 6 96
63 47 22
29 51 97
88 73 37
50 52 32
49 11 91
70 72 100
6 64 41
3 16 1
62 38 60
35 79 35
36 59 80
80 76 93
27 8 62
26 45 4
24 61 15
48 77 1
63 34 60
85 64 71
53 15 39
78 18 19
59 6 50
50 37 48
36 8 29
20 47 99
83 55 18
75 52 64
80 26 23
56 50 55
75 0 16
66 45 71
44 45 10
21 10 95
27 4 97
61 35 60
4 49 16
52 89 89
68 89 57
14 4 36
52 41 27
84 4 5
61 39 0
72 23 61
64 23 39
22 24 6
44 0 76
0 41 53
76 85 27
63 84 61
18 0 87
24 52 69
48 23 28
39 1 8
33 47 58
77 10 53
55 67 76
47 9 50
24 86 6
54 48 78
12 54 27
27 1 81
2 64 41
56 43 29
85 75 22
87 11 80
86 24 67
9 56 57
42 56 73
7 73 96
82 14 74
59 76 95
32 75 30
9 11 81
23 43 82
13 85 21
20 10 17
1 17 4
17 52 23
53 20 92
34 41 96
88 45 61
21 84 71
66 25 63
50 62 98
16 3 87
79 76 77
56 30 71
39 14 86
2 47 90
74 78 60
46 53 20
15 54 76
18 52 48
28 70 31
30 8 18
75 68 45
16 65 74
39 30 78
59 7 62
57 85 42
27 64 54
1 4 21
22 81 13
14 56 7
43 81 75
85 26 68
32 82 87
67 77 19
89 60 22
86 46 61
37 5 0
5 82 70
18 84 73
44 24 31
52 34 15
81 52 66
51 62 45
26 7 50
42 71 26
80 23 6
73 57 57
85 6 61
28 2 70
43 37 10
76 80 100
34 0 71
71 9 55
52 1 73
79 29 15
89 15 100
0 26 31
17 86 17
70 59 19
63 42 47
39 15 91
30 85 12
21 63 30
19 87 64
29 72 2
58 83 32
78 60 57
30 53 34
68 61 100
51 6 92
46 14 10
53 65 88
87 49 61
41 58 0
80 88 35
70 85 76
20 66 33
65 32 48
49 71 34
73 68 27
41 63 56
23 14 33
61 37 14
52 6 77
87 66 21
56 24 76
42 50 69
49 26 24
16 32 37
86 18 18
44 7 4
7 25 54
52 59 34
55 29 97
45 77 23
37 80 32
56 21 83
71 87 89
39 43 98
54 88 69
28 0 72
12 15 82
44 81 26
49 9 92
74 47 8
35 62 0
53 52 89
73 22 97
6 81 46
7 5 72
85 84 19
17 23 63
33 44 1
84 37 18
22 60 12
51 2 78
24 51 41
85 83 46
6 46 94
25 50 63
39 47 81
1 59 49
77 35 83
75 57 27
56 65 24
5 73 52
8 32 74
78 1 92
8 19 85
89 29 42
49 19 97
66 39 33
21 81 76
19 89 46
7 86 27
56 57 67
63 61 38
88 22 60
67 9 19
55 5 13
70 49 25
55 48 24
64 51 59
1 78 50
1 74 78
79 33 23
26 29 72
80 34 32
17 24 31
44 41 41
67 16 25
83 21 38
3 18 28
30 28 22
49 55 67
75 71 36
18 50 86
51 65 90
21 19 43
82 54 64
50 35 63
37 46 66
72 16 17
30 21 29
53 50 19
75 22 0
26 10 56
21 36 22
76 89 90
11 47 54
33 48 19
53 58 52
64 11 68
7 15 84
12 83 68
36 28 28
33 27 100
21 32 69
79 14 77
12 32 52
43 48 91
51 25 87
59 52 32
27 26 61
78 21 23
6 10 49
50 61 85
43 87 23
34 12 19
53 64 35
75 72 27
77 42 26
37 39 4
23 1 19
9 30 89
62 58 42
80 2 8
7 62 17
43 65 23
70 66 98
4 36 14
36 1 13
83 59 72
60 48 24
15 83 60
58 67 51
14 45 9
35 66 67
14 26 56
4 47 14
18 22 30
18 20 63
63 54 17
6 9 48
51 31 22
81 70 85
27 6 32
12 49 11
0 59 46
29 17 12
41 79 61
39 8 81
48 73 40
33 77 88
20 57 32
83 48 74
1 83 21
56 8 93
53 85 51
85 36 13
9 20 41
86 88 81
26 87 49
20 32 86
2 67 36
10 80 19
38 3 17
16 26 37
3 77 58
77 76 2
60 19 52
58 47 39
38 84 15
58 65 37
72 67 86
41 89 71
86 48 70
30 52 42
16 68 92
2 83 13
23 85 9
23 45 66
4 16 47
80 22 89
10 58 84
87 77 90
27 68 67
79 19 58
87 15 54
2 44 61
55 71 80
59 63 2
50 12 71
63 88 55
84 26 6
57 54 84
45 0 6
68 50 80
8 31 62
19 81 94
2 22 56
68 73 69
15 11 34
44 5 4
63 57 51
81 22 32
35 76 42
12 13 18
36 9 69
66 34 5
11 46 41
86 81 70
3 35 77
15 48 9
25 23 48
56 13 79
53 70 12
5 84 21
18 54 58
80 50 42
62 30 0
43 58 16
26 34 21
72 55 69
88 24 100
47 49 32
83 36 26
74 37 28
20 77 84
8 55 73
30 14 75
85 48 86
9 80 28
5 58 59
42 7 2
61 9 13
70 88 49
46 10 87
38 39 56
53 13 82
51 53 90
14 42 91
20 37 48
10 45 66
73 8 90
80 66 34
82 10 59
4 59 68
28 13 47
35 72 41
4 17 31
76 0 39
65 72 55
6 14 79
20 12 10
83 66 6
88 54 48
33 17 94
61 27 97
49 48 89
88 41 65
44 78 95
49 10 12
31 49 3
11 1 2
77 12 44
73 12 2
22 55 76
21 43 48
80 25 61
48 64 17
44 65 58
12 9 24
4 77 10
24 47 73
67 51 58
2 52 22
10 81 37
76 27 0
78 8 22
17 82 23
58 79 95
86 75 83
55 85 68
8 60 78
54 13 92
32 55 71
76 38 17
64 71 17
66 68 31
83 68 18
84 51 85
51 64 61
10 42 37
37 29 42
22 85 22
14 2 41
8 50 37
2 21 25
63 6 38
23 7 31
88 44 37
2 24 74
19 79 8
13 58 22
80 39 65
64 34 79
44 75 82
87 46 34
51 13 69
44 87 37
47 27 80
64 15 83
0 21 61
88 63 56
55 38 13
2 10 99
79 82 100
81 74 60
31 47 88
1 52 63
50 73 16
22 59 7
57 30 13
68 56 4
57 77 91
49 34 13
67 57 48
1 22 59
60 84 0
45 66 39
52 27 24
46 62 23
83 34 39
82 66 84
36 52 23
64 82 64
3 0 79
14 1 20
10 74 18
46 42 86
1 7 43
19 41 86
14 0 8
12 77 85
84 83 86
6 12 69
68 9 90
78 54 35
18 4 35
12 41 45
72 0 28
75 43 97
45 34 21
6 37 7
68 85 67
52 85 47
65 49 97
77 22 86
75 76 6
34 5 18
88 72 70
9 57 34
9 35 64
53 56 45
78 65 61
82 32 85
71 30 94
28 46 16
62 20 51
39 63 55
63 11 43
45 76 58
65 47 94
57 82 73
58 41 16
2 61 73
9 0 46
83 22 48
32 41 35
8 49 34
67 38 66
43 7 9
78 88 3
2 12 93
53 83 70
56 0 15
34 51 14
19 22 28
85 79 35
42 30 8
45 28 96
32 51 100
12 39 69
3 68 30
66 63 66
4 64 96
75 34 36
54 12 36
77 54 9
45 68 82
19 59 99
7 6 10
56 70 85
85 23 51
1 13 93
8 2 70
16 67 24
11 38 6
68 67 46
46 9 16
74 48 67
82 77 22
82 1 34
60 41 46
89 20 64
79 8 60
47 10 96
28 14 23
10 32 19
77 23 9
55 31 68
81 37 91
82 39 52
86 33 47
83 76 38
78 24 2
36 76 63
2 7 63
53 4 14
59 74 77
76 86 2
74 18 89
49 46 65
27 2 3
7 20 63
44 16 4
59 20 52
13 19 15
37 45 19
74 66 75
66 16 49
20 18 37
71 65 42
70 84 44
48 60 82
42 16 58
0 53 46
27 57 50
63 65 39
73 44 44
39 24 44
89 24 16
31 86 37
4 52 85
51 38 0
74 52 5
50 38 90
84 30 99
87 4 95
30 1 21
23 16 24
16 56 48
48 47 30
36 7 89
82 85 81
39 27 41
3 50 71
4 41 81
31 39 69
24 15 54
53 21 97
15 78 83
77 88 96
39 60 66
78 43 66
3 36 75
49 30 52
18 38 15
31 13 9
66 43 38
89 63 78
44 70 70
74 15 21
29 77 64
10 67 0
27 24 41
50 74 50
8 3 38
67 72 73
12 53 80
32 19 13
85 89 44
34 56 11
60 72 95
65 5 4
9 81 47
12 1 61
23 76 99
64 87 8
0 34 87
79 67 84
70 37 81
72 12 64
23 32 29
0 88 54
65 77 33
75 13 32
87 19 70
8 48 66
54 58 100
23 36 82
25 45 36
43 15 74
20 68 40
9 58 57
56 84 85
19 52 10
56 62 29
58 24 81
45 13 45
44 19 87
49 78 89
32 52 74
14 75 95
81 77 28
31 70 85
72 49 19
14 57 89
76 60 70
13 42 95
34 81 39
57 71 56
41 2 28
71 24 12
42 14 54
26 88 4
26 89 33
52 3 90
1 9 32
16 61 55
44 43 50
8 75 43
78 58 77
25 27 24
2 5 7
35 50 92
3 20 48
52 71 9
15 65 46
83 27 91
19 72 85
49 70 67
0 84 57
78 10 26
87 6 2
35 73 3
66 3 21
81 24 14
26 43 29
24 21 7
37 68 94
83 53 27
79 24 27
29 8 51
5 81 3
15 16 24
31 30 45
67 22 71
88 7 39
56 68 95
32 20 16
53 5 70
77 89 86
54 25 56
17 36 35
39 17 76
6 27 90
30 60 96
20 26 56
7 17 74
9 31 45
36 17 82
22 39 85
69 5 48
69 49 42
69 51 67
69 78 70
69 57 50
69 40 51
69 77 16
69 20 43
69 72 88
69 37 83
69 46 68
69 53 93
0 40 31
5 40 100
15 40 3
16 40 31
21 40 89
32 40 18
58 40 31
63 40 67
70 40 78
80 40 4
82 40 51
85 40 39
87 40 76
88 40 2
