75
106
32 97 86
51 45 56
45 104 60
50 114 15
21 19 80
100 68 54
54 13 74
74 90 3
61 56 1
99 10 76
17 11 28
14 98 58
16 52 17
70 11 53
43 80 57
118 51 96
38 34 81
41 52 73
40 42 56
0 49 66
114 82 60
80 117 8
59 63 32
1 91 79
40 59 8
11 105 78
108 81 55
16 115 2
81 48 36
101 33 62
105 60 70
50 19 73
39 24 82
91 107 53
56 15 44
74 1 53
53 63 69
9 7 13
50 74 58
62 39 25
15 113 59
37 78 60
72 102 84
65 54 18
92 3 5
100 43 11
102 42 84
112 67 7
64 39 32
94 14 66
15 10 39
41 48 70
0 6 27
46 96 83
16 30 57
105 88 16
58 18 29
25 32 92
10 56 13
117 22 69
4 64 32
49 5 28
31 107 16
15 28 100
112 22 31
99 27 97
77 117 93
3 51 24
27 18 77
2 44 6
57 35 37
48 37 40
25 88 15
36 50 36
90 8 28
107 118 20
33 116 2
47 99 99
79 45 69
28 115 72
52 12 72
70 20 17
41 34 27
82 52 79
51 67 85
61 46 19
37 72 4
94 65 33
81 77 60
117 77 51
11 29 22
95 30 15
21 34 16
12 73 1
96 41 36
111 78 14
65 11 25
34 54 47
13 66 55
116 79 4
59 11 32
104 91 50
71 21 94
50 115 82
12 76 31
52 87 82
5 65 48
42 98 19
109 103 97
81 84 16
93 108 68
5 96 67
69 62 52
13 79 92
68 79 48
4 44 59
107 43 48
52 58 23
65 118 100
98 112 96
107 13 68
81 66 70
105 55 50
19 22 55
117 67 98
115 54 32
7 20 86
103 95 3
111 47 9
46 21 62
11 46 60
107 39 37
72 43 55
87 89 72
94 32 19
1 81 49
32 40 5
47 5 41
47 111 43
42 61 65
74 76 38
85 61 80
97 48 30
105 24 78
50 41 7
65 40 50
90 20 99
3 88 17
36 101 85
71 107 65
17 99 56
36 110 15
101 87 53
112 116 47
112 27 77
118 102 65
0 54 29
88 69 69
33 53 97
79 73 35
98 69 67
48 15 31
65 61 88
50 109 61
31 34 22
93 16 61
30 35 65
23 57 23
114 108 49
95 112 43
70 97 11
102 2 47
111 62 44
15 105 57
51 60 7
63 99 33
95 87 78
20 39 45
45 48 27
111 96 35
111 6 60
91 86 20
19 109 45
28 88 11
49 22 72
64 37 47
96 1 62
68 92 76
25 56 29
7 73 73
36 41 33
54 33 45
80 53 99
38 12 72
2 18 93
100 64 5
35 36 4
40 77 56
5 4 18
25 73 22
110 100 100
94 70 69
8 91 12
48 6 65
27 17 62
25 47 39
31 111 23
41 103 50
40 27 78
73 103 42
72 78 78
27 23 6
28 32 70
2 69 30
22 112 60
49 69 32
30 109 9
108 47 27
118 35 87
13 82 12
36 32 5
96 74 71
80 104 27
60 39 30
41 33 97
44 117 25
74 97 34
78 66 3
83 1 43
94 101 44
24 28 30
48 114 52
118 64 44
24 65 52
5 35 30
46 30 1
94 52 44
26 50 69
108 44 20
23 112 74
82 1 53
62 45 64
3 94 42
116 4 20
25 110 75
68 110 83
105 84 28
105 12 13
89 94 90
29 103 6
52 90 98
35 113 9
55 91 73
13 68 63
68 54 93
84 22 61
25 52 83
68 46 30
89 72 83
69 21 25
53 19 81
17 56 61
70 117 55
80 103 81
4 61 59
22 77 26
61 40 72
53 44 39
92 6 67
42 30 10
49 9 54
83 7 52
35 84 99
33 92 59
57 11 53
61 86 53
97 90 72
71 22 62
15 74 88
3 59 70
11 30 73
54 27 25
55 57 5
87 51 76
10 86 74
24 93 27
102 31 67
10 76 6
90 62 58
14 11 28
114 15 43
50 55 28
21 16 88
95 20 70
94 36 51
111 112 16
11 43 96
15 58 82
74 15 94
66 96 31
5 53 30
78 101 76
76 99 16
79 5 25
82 29 89
87 86 80
117 44 47
107 32 31
10 116 47
9 65 89
15 109 25
29 36 52
116 53 43
93 101 32
64 17 40
4 11 84
65 90 100
97 25 99
115 47 25
27 71 65
99 47 27
55 79 91
55 53 33
61 105 47
20 87 98
34 9 72
95 84 51
91 70 79
109 112 28
43 54 88
100 71 88
112 17 55
92 59 11
9 55 65
35 114 67
89 57 52
112 108 28
117 84 69
80 78 43
51 119 1
46 7 36
10 39 32
12 91 3
102 82 61
49 12 45
8 20 36
82 119 83
94 37 50
118 109 80
91 16 51
98 90 40
103 53 70
9 88 25
114 36 36
59 80 6
65 108 46
10 111 28
59 71 42
37 44 97
119 110 57
36 70 8
4 9 79
51 44 30
93 81 89
119 31 20
21 90 97
20 96 47
71 25 100
24 39 61
116 80 4
16 27 46
48 63 86
49 18 79
78 7 22
36 74 39
98 45 97
77 6 48
5 22 30
26 28 41
117 49 3
17 85 78
3 13 32
5 111 23
15 91 45
115 110 27
98 79 45
13 39 26
58 19 92
82 78 89
58 64 68
59 101 22
119 73 54
15 39 94
77 10 89
87 42 84
33 110 99
85 47 74
21 38 29
61 108 45
65 24 37
71 41 45
94 104 35
1 86 7
103 31 30
23 66 65
70 90 25
59 54 76
48 110 10
48 80 21
84 20 40
112 0 63
32 33 81
101 3 84
54 40 26
38 4 2
114 52 67
31 98 38
95 48 44
119 10 97
113 103 70
68 11 60
113 58 46
38 73 68
57 108 18
91 33 81
19 97 70
87 52 32
9 119 94
39 112 8
74 64 63
79 34 13
77 90 55
74 35 33
94 44 76
38 6 18
26 74 41
73 43 37
86 97 37
9 67 76
39 12 1
115 111 14
16 33 19
18 95 91
38 78 82
70 1 99
81 3 23
27 100 94
8 11 37
49 61 19
28 3 60
45 101 38
113 14 54
17 118 42
96 102 40
49 52 66
37 80 18
88 91 16
61 14 80
93 103 27
46 50 58
89 115 7
13 80 26
108 53 73
94 46 21
45 6 98
105 109 26
17 113 19
26 104 96
13 29 81
19 3 76
104 19 60
61 1 52
4 5 24
104 48 47
96 85 66
65 31 3
90 23 37
39 57 13
52 11 97
64 91 67
60 31 66
44 18 53
89 63 100
79 100 98
92 89 76
82 79 8
97 72 25
104 81 36
48 53 69
23 119 16
58 30 20
77 60 35
1 44 66
83 115 36
12 67 95
49 41 7
23 42 15
112 15 81
51 54 98
44 30 94
65 68 64
85 86 70
1 48 90
6 69 50
39 6 34
33 37 2
76 57 27
102 66 67
30 13 39
64 89 50
55 2 43
29 60 99
0 101 81
107 10 49
27 76 74
11 4 12
107 36 96
90 79 44
95 23 28
91 87 69
33 1 55
32 119 99
29 83 87
56 117 38
77 59 76
29 15 48
28 114 81
78 54 97
35 103 95
72 0 20
70 7 28
70 83 54
62 26 57
42 28 8
104 88 93
13 0 93
77 76 20
61 34 86
68 7 33
64 4 90
32 8 54
99 50 52
82 48 7
61 70 96
91 27 44
28 59 42
14 60 37
9 116 24
73 2 66
38 32 28
9 39 9
61 117 87
70 48 78
39 29 94
73 11 19
9 54 40
79 70 26
93 66 20
50 37 78
103 28 16
27 38 62
119 57 92
118 87 46
116 63 27
96 42 78
21 30 30
27 112 72
31 17 56
71 56 32
97 44 4
25 87 7
91 78 78
74 68 70
89 58 25
54 71 61
83 101 36
38 30 61
46 87 62
7 19 51
96 60 10
31 14 13
30 96 9
43 71 77
77 104 57
13 89 10
90 21 77
68 49 79
46 52 30
59 51 58
65 93 59
79 113 16
6 72 71
86 81 44
102 108 4
14 3 6
107 23 89
32 65 62
111 93 84
20 115 3
39 21 25
16 51 75
69 38 41
28 47 77
103 15 13
38 43 55
52 27 32
109 61 51
99 5 99
15 53 5
37 82 48
38 37 16
35 59 71
22 44 48
95 10 42
52 22 28
2 71 80
49 93 99
41 11 62
33 2 3
15 3 14
20 88 60
46 76 59
49 39 90
10 7 49
105 3 88
52 34 17
34 65 45
25 86 54
80 51 58
10 83 72
99 91 64
74 111 64
4 113 61
91 94 21
111 0 79
40 62 78
46 59 2
92 110 8
87 5 89
58 68 55
82 77 18
17 57 41
55 67 42
48 113 75
42 10 25
74 55 77
86 23 73
43 72 33
45 23 72
43 102 34
9 103 34
58 27 84
10 31 39
93 69 15
78 99 88
37 101 86
18 104 91
19 49 11
30 10 63
105 108 65
84 40 94
70 99 96
107 105 41
34 103 71
10 101 6
43 10 72
5 3 65
55 33 90
18 67 46
78 39 44
92 58 15
3 0 30
38 116 26
103 13 20
21 27 32
61 15 44
117 102 75
11 119 58
62 77 48
32 44 26
34 113 9
36 29 16
98 17 46
59 39 46
23 16 76
31 11 55
69 112 98
56 58 37
90 110 42
101 91 61
105 35 6
19 21 44
66 94 39
44 79 26
95 6 34
114 59 82
34 20 13
111 79 18
54 84 92
61 19 52
108 35 4
74 91 77
45 27 55
1 24 85
108 9 41
93 87 64
35 3 95
48 1 88
17 53 53
63 73 100
21 103 19
23 97 14
59 40 39
115 8 74
94 117 90
43 114 65
77 86 8
7 118 3
12 92 27
20 92 2
110 4 21
51 33 26
37 70 86
81 60 20
87 4 28
61 44 8
8 109 46
62 112 75
119 109 47
64 31 33
96 5 99
70 86 73
16 31 34
24 86 55
74 112 86
30 59 73
119 27 100
76 53 94
22 70 91
85 113 100
63 8 37
78 87 23
21 79 10
100 90 19
92 22 94
52 28 43
7 5 36
112 11 34
59 28 84
30 86 72
28 101 74
119 30 68
115 41 4
60 4 61
56 22 14
92 77 10
49 16 31
24 38 38
77 98 89
31 80 89
30 101 15
62 16 71
8 16 2
2 82 73
62 71 13
100 112 19
11 111 58
118 113 92
119 78 45
32 39 31
52 44 98
34 49 76
0 12 6
68 12 82
38 33 6
37 4 62
52 80 28
2 3 24
25 99 64
28 107 28
30 92 79
0 13 70
92 98 67
25 34 7
48 89 44
64 119 93
68 101 65
52 50 95
56 89 34
53 41 10
3 48 90
41 47 66
35 52 27
42 114 60
33 8 37
7 9 11
21 83 74
58 73 30
96 30 24
26 24 83
21 73 9
65 9 80
29 92 48
28 50 79
114 54 31
27 51 45
11 82 84
76 113 6
14 115 20
36 5 91
109 89 22
35 50 91
101 65 53
17 36 79
60 27 72
80 96 64
79 97 39
26 61 97
37 41 59
69 99 47
45 37 55
36 81 69
17 89 64
86 82 76
26 38 72
70 16 9
59 87 96
102 98 66
22 4 95
92 72 81
4 17 27
94 22 12
101 119 27
10 61 88
43 113 39
1 103 31
79 77 33
105 114 18
113 49 12
2 105 54
110 41 63
99 12 81
117 11 5
23 24 69
104 84 33
47 48 41
89 31 65
105 54 67
15 100 86
105 83 70
15 89 18
104 71 75
80 17 46
101 109 53
36 4 48
7 22 85
116 9 22
37 12 96
113 20 91
34 58 62
111 12 94
8 117 5
23 89 3
65 19 93
101 44 89
92 65 75
92 23 75
17 100 95
49 87 29
116 8 62
76 47 16
116 99 86
111 85 27
92 111 20
57 91 13
41 10 91
12 17 73
72 20 82
90 85 3
118 88 72
115 84 50
1 118 92
61 57 65
17 82 68
109 16 5
14 96 84
46 11 93
56 90 21
117 105 77
65 72 87
77 4 34
109 6 5
15 96 28
50 118 60
69 68 41
99 97 59
78 59 94
101 85 69
84 77 89
63 110 42
67 59 23
107 103 15
36 57 56
86 68 78
23 22 88
102 34 30
5 105 20
94 63 52
60 83 21
70 61 31
22 29 4
23 118 8
82 22 75
12 113 73
11 7 82
27 111 23
58 36 42
11 38 21
52 96 14
33 64 4
61 112 61
46 91 50
11 114 46
107 52 67
54 52 21
50 64 9
63 46 45
57 86 8
20 102 83
9 50 72
66 32 62
66 41 60
2 104 27
47 73 53
57 52 79
41 119 56
114 49 73
0 47 76
61 116 27
56 46 24
76 80 24
47 37 72
100 84 88
15 93 79
64 68 72
32 56 32
5 72 2
65 7 79
72 18 25
10 44 78
96 16 19
100 69 2
30 118 28
112 43 16
19 41 99
77 18 20
62 76 66
16 1 81
74 29 39
60 26 32
34 3 78
46 17 8
47 6 19
109 100 8
98 29 82
79 69 29
105 52 31
4 101 1
16 88 99
37 3 82
72 21 18
68 29 11
94 15 66
44 38 13
2 36 48
97 73 6
45 4 6
100 111 93
34 44 14
37 15 29
74 71 53
59 29 67
40 47 43
4 89 87
110 102 41
29 39 67
57 45 58
54 113 22
112 92 25
72 97 2
0 115 47
88 72 35
118 13 32
94 57 68
96 66 83
16 101 30
3 40 72
26 68 44
55 47 54
114 40 53
11 115 17
86 46 43
86 31 57
97 53 29
43 36 21
15 1 96
87 28 65
67 117 83
96 20 41
17 39 56
104 67 80
53 36 90
69 40 64
10 74 94
61 60 40
53 115 14
64 72 7
115 29 42
23 115 35
23 67 70
66 70 60
48 4 40
79 23 75
51 69 9
73 45 81
97 112 6
48 85 20
29 26 22
31 2 58
107 53 98
13 71 8
76 72 87
20 11 78
89 37 38
20 83 61
89 60 77
80 63 66
4 19 16
0 4 71
20 16 32
104 102 31
16 108 22
59 7 42
44 53 46
109 4 80
26 95 19
93 109 44
102 68 67
59 103 93
111 57 84
52 37 74
89 61 74
87 63 48
44 118 83
48 8 84
61 95 45
23 10 30
61 54 46
54 72 88
113 105 93
24 68 95
37 53 1
8 80 43
30 56 60
73 74 10
10 85 53
83 119 43
39 22 6
41 71 4
90 71 95
80 12 84
99 22 8
72 54 30
87 117 19
20 45 52
100 23 63
86 9 77
2 87 60
16 41 6
49 17 69
65 58 31
63 43 36
115 107 93
111 54 16
114 20 69
72 6 85
103 42 34
90 77 52
35 34 87
83 9 57
52 39 14
115 60 98
70 50 61
113 70 78
79 46 10
101 15 53
46 43 56
100 113 80
36 119 50
97 99 20
45 116 46
46 102 48
89 71 5
42 59 1
84 118 4
70 3 57
48 74 91
119 105 79
99 81 8
48 70 17
7 81 19
14 6 47
86 95 50
42 57 7
83 73 85
52 53 63
13 98 64
23 110 62
114 47 72
87 115 80
27 65 77
9 49 3
58 56 54
63 96 66
116 48 76
44 1 86
40 13 75
66 53 77
55 114 92
100 74 8
105 10 46
42 22 64
107 50 83
36 40 27
65 119 83
63 35 46
59 31 77
114 44 34
16 67 16
86 19 86
31 27 3
68 5 12
72 76 70
6 11 67
28 103 57
109 97 98
42 20 18
52 79 56
40 6 30
40 18 52
43 67 71
84 86 6
116 12 85
0 102 61
105 40 93
53 55 65
47 64 74
25 14 25
81 65 53
66 38 94
18 56 39
97 35 74
80 77 39
34 116 39
16 9 64
52 35 26
99 11 73
27 33 67
43 112 3
35 91 81
113 77 15
66 59 32
56 42 41
69 104 49
50 35 1
112 4 66
35 73 9
119 107 20
61 66 93
48 97 20
71 88 40
84 15 23
111 61 81
37 117 82
105 56 86
15 38 68
68 115 5
5 34 11
33 83 41
33 15 41
108 66 94
43 40 10
81 114 96
27 77 2
63 32 78
90 88 21
63 28 1
71 19 73
97 38 38
27 4 47
44 25 85
79 64 20
96 25 3
111 31 69
7 82 22
79 68 60
42 21 26
52 14 77
85 11 65
22 50 36
105 104 96
64 115 1
33 26 78
35 33 49
108 65 41
21 84 70
82 113 86
117 42 79
59 110 73
57 46 92
77 31 17
91 63 67
8 33 18
45 117 64
12 81 92
83 92 93
90 102 9
51 42 78
96 87 82
62 96 82
6 9 89
18 43 85
104 33 14
27 60 57
114 21 29
18 21 29
29 50 58
67 100 81
25 0 25
57 72 24
9 68 46
69 39 61
39 20 52
89 3 60
95 33 92
45 92 85
118 52 58
37 114 78
95 8 48
38 94 3
110 9 3
54 61 17
58 5 80
93 88 23
91 9 37
55 107 16
55 101 43
59 108 10
110 34 25
3 29 14
23 44 60
104 60 67
2 9 37
67 54 65
51 19 80
58 79 40
102 6 97
85 15 83
60 30 28
55 9 82
104 2 89
108 56 72
18 45 11
114 25 68
3 46 33
6 37 45
10 12 51
70 109 61
16 10 85
65 29 85
2 112 53
8 0 98
24 60 42
56 6 23
88 53 89
13 22 87
8 88 41
25 36 59
44 65 61
96 67 66
5 57 82
85 5 94
62 1 65
70 0 90
93 56 77
82 40 66
7 109 65
107 69 27
88 66 47
68 62 44
26 92 78
111 11 46
70 65 38
18 91 20
28 96 91
102 14 20
99 7 35
4 67 93
111 110 22
7 117 51
55 26 83
30 22 72
61 81 28
21 12 12
28 20 71
102 58 12
74 42 98
103 107 87
46 10 37
78 17 50
115 32 73
71 4 97
23 103 68
94 27 35
39 8 96
85 18 76
4 69 33
46 19 9
36 55 55
53 96 45
90 58 72
5 78 17
72 73 87
20 2 42
79 85 70
58 33 25
38 53 56
74 96 10
22 102 50
36 118 41
89 107 81
57 20 76
37 85 50
0 87 48
25 46 90
105 28 63
66 67 8
85 3 56
65 59 42
14 80 22
118 84 34
36 9 50
55 36 7
29 102 88
90 95 38
45 76 28
73 63 45
100 61 22
35 2 79
119 58 91
45 97 16
6 79 72
101 74 49
39 44 8
56 0 33
94 111 41
119 76 63
113 111 31
38 57 32
67 72 67
17 47 21
4 77 46
48 36 31
90 13 20
22 2 17
112 70 82
59 34 74
3 42 65
38 54 40
113 108 13
108 88 39
90 89 66
84 48 77
85 110 21
79 11 35
88 81 55
13 12 55
87 34 100
46 63 20
37 23 74
16 15 7
19 85 78
44 35 32
99 58 35
19 14 95
108 102 39
84 53 19
63 102 12
104 80 51
53 34 13
36 67 18
80 99 21
84 91 54
28 46 96
47 63 36
43 47 36
118 5 8
74 56 78
113 41 37
109 50 11
0 32 26
28 69 17
52 82 94
46 95 31
25 51 50
32 89 13
32 57 64
22 7 99
36 87 38
58 97 70
53 54 12
34 6 10
70 103 96
18 78 94
67 28 83
67 51 15
66 16 48
26 31 21
23 26 26
48 96 6
116 50 76
25 93 22
113 54 47
98 34 36
115 57 10
64 80 46
87 62 33
87 61 35
23 100 32
47 97 53
71 102 10
22 36 33
12 19 70
26 54 87
108 43 17
35 6 85
3 57 45
17 110 89
46 22 18
118 77 16
68 13 4
108 40 26
50 102 84
79 96 31
93 26 1
63 112 93
48 112 78
77 9 92
42 15 3
19 39 72
46 0 23
92 66 46
116 74 51
9 33 27
97 114 98
44 26 38
58 101 35
49 83 9
13 38 35
93 1 32
115 16 23
58 31 15
15 98 65
45 33 16
111 82 48
78 92 86
34 82 19
112 76 56
35 64 69
102 67 44
4 25 48
74 4 66
47 54 55
115 1 34
30 0 62
54 81 80
57 100 35
102 24 61
40 26 11
19 24 5
27 61 72
91 34 11
43 23 77
93 23 30
40 38 11
54 76 4
30 55 18
83 55 98
1 8 84
114 92 74
15 8 84
111 72 31
90 11 15
55 12 47
0 105 52
13 91 53
49 3 89
36 1 13
88 64 50
50 77 85
14 12 37
54 50 98
2 49 61
6 19 65
85 7 42
66 64 20
64 56 6
89 96 57
79 15 42
35 100 45
35 76 21
108 2 77
5 114 38
79 4 52
112 94 42
32 59 30
92 86 23
72 100 62
71 17 10
105 78 43
8 21 1
69 109 70
115 26 100
36 107 69
14 114 86
60 6 35
76 107 31
10 6 51
51 17 28
105 47 30
58 42 37
74 21 70
103 97 95
14 119 7
68 64 20
113 66 88
55 42 39
3 33 4
3 41 65
78 18 51
97 29 81
20 79 1
6 39 21
24 20 94
38 48 73
79 51 96
116 35 8
80 49 17
24 7 7
85 84 22
14 92 97
52 107 73
16 79 84
47 83 74
10 13 43
43 39 75
58 1 24
103 100 38
50 20 100
10 33 1
111 9 63
0 39 34
32 111 90
113 82 36
73 46 62
31 33 46
85 33 35
40 36 13
42 76 97
28 91 45
88 109 91
109 59 22
65 16 79
33 24 28
2 88 76
86 58 11
97 33 1
87 73 70
42 60 4
79 8 77
44 77 3
57 23 91
18 107 60
98 105 62
65 99 93
2 90 24
15 12 4
117 35 59
23 62 29
39 7 78
1 84 3
60 45 90
51 37 3
101 16 49
44 115 54
54 4 93
15 33 87
37 112 100
72 13 9
1 43 75
104 27 52
4 112 94
97 23 8
66 104 51
118 0 85
97 94 40
96 9 75
82 92 37
80 47 40
88 17 58
10 88 59
38 82 88
58 65 77
6 29 98
10 46 84
21 89 89
90 64 37
4 68 59
18 112 89
93 99 38
29 9 46
76 89 12
26 108 29
64 84 83
67 92 47
2 15 63
100 47 66
109 86 12
37 54 7
88 39 11
10 78 2
43 87 32
103 73 18
72 67 19
99 95 84
72 16 20
108 10 87
30 80 1
54 98 48
57 29 11
92 101 38
54 38 85
16 8 81
1 116 51
3 91 100
97 57 96
76 25 13
29 46 91
104 70 53
47 93 97
44 71 33
31 90 88
50 90 65
83 11 49
16 23 75
81 15 1
41 118 57
94 88 44
40 67 54
37 105 12
80 60 24
78 68 5
115 98 100
97 98 93
79 10 59
48 26 26
27 85 48
70 46 40
101 107 47
18 72 24
18 27 45
89 104 96
64 30 31
64 13 27
66 6 10
22 82 9
22 79 26
77 101 74
86 43 51
80 25 46
68 116 63
1 110 85
46 105 20
64 16 63
51 28 67
72 113 62
45 43 21
48 7 84
68 3 63
107 54 69
62 58 17
109 11 91
77 38 66
61 9 74
22 72 11
100 79 91
26 16 10
64 33 67
18 110 50
115 101 59
113 119 25
0 41 68
35 40 73
17 20 23
118 100 94
113 95 64
11 95 12
9 111 17
65 79 82
71 117 21
108 29 18
2 53 47
50 3 46
95 60 53
71 119 87
59 117 7
54 49 52
40 17 32
101 97 65
96 47 10
93 55 69
50 47 91
43 107 41
27 1 70
118 96 61
28 116 68
98 113 87
23 49 76
118 34 76
36 31 6
112 111 33
53 28 5
41 37 46
66 39 96
9 40 53
8 19 80
76 12 41
12 11 77
15 31 69
103 104 70
56 45 68
37 63 7
70 118 24
115 104 61
117 81 15
112 35 48
59 16 91
104 18 45
21 82 24
39 68 7
52 99 59
44 84 89
43 49 96
23 8 66
3 1 43
110 74 81
23 31 75
39 10 25
108 109 38
67 88 73
96 36 60
22 37 27
7 85 55
21 68 79
48 86 15
101 35 97
23 46 30
32 102 86
4 27 40
52 104 25
118 7 51
40 113 26
41 91 6
9 101 20
21 39 48
93 68 17
61 65 47
57 63 71
95 88 7
74 37 97
102 17 6
34 110 100
21 116 13
4 108 49
67 42 60
25 5 27
42 26 13
100 99 54
105 44 4
102 59 27
11 86 11
45 112 69
3 100 62
2 12 49
62 47 94
77 27 9
103 44 9
99 111 49
72 118 33
28 15 36
68 8 96
36 96 98
81 74 74
66 79 94
37 45 88
3 93 34
98 42 96
86 65 75
90 39 93
24 95 86
57 117 96
7 95 12
77 56 28
102 116 14
59 95 59
40 98 98
17 7 58
49 44 15
61 27 52
88 34 24
15 5 80
103 40 96
26 13 84
31 54 86
53 16 82
17 13 70
102 54 33
109 105 90
27 78 19
27 21 90
114 26 14
89 114 70
72 65 30
18 10 87
8 53 12
79 20 95
79 13 6
77 66 41
110 107 16
37 21 48
55 98 28
89 117 53
55 14 94
46 66 57
59 109 85
55 63 87
83 14 11
17 117 56
108 31 53
51 2 65
98 66 61
36 56 28
90 56 23
80 88 73
23 37 68
44 24 18
115 58 16
0 26 100
43 46 90
44 2 65
81 38 79
56 119 57
9 77 24
57 85 78
11 66 9
34 51 41
70 17 67
13 114 56
40 21 16
13 9 65
72 71 93
2 73 57
118 83 28
74 44 64
59 4 54
90 92 72
74 22 88
52 3 71
66 91 77
61 29 1
112 38 21
114 116 2
104 87 47
103 116 87
111 23 5
14 99 4
5 74 81
99 46 68
24 73 100
78 19 46
60 61 60
51 89 25
88 110 61
68 60 42
83 48 7
27 46 84
119 82 49
101 73 3
64 94 69
16 12 84
66 0 74
32 116 13
89 62 6
21 80 52
115 83 58
64 101 9
115 112 18
17 16 36
109 88 83
40 90 53
25 83 88
101 79 35
8 115 42
99 88 97
64 62 73
23 87 27
110 70 54
69 36 89
19 83 46
11 84 10
48 5 80
78 74 56
12 40 94
90 41 17
83 22 52
78 8 48
67 38 99
112 40 28
89 4 89
82 31 77
90 118 83
34 80 35
2 55 95
66 14 45
80 7 16
0 38 29
118 78 21
89 47 85
17 21 28
101 61 36
45 79 62
67 104 71
49 90 89
49 51 99
41 62 69
96 116 3
20 108 71
68 73 58
115 44 27
99 39 82
20 90 53
20 53 95
92 11 92
61 26 68
65 22 39
35 96 41
22 12 8
100 16 3
64 10 3
26 73 7
119 118 28
20 91 44
105 67 78
51 23 65
6 105 88
111 105 52
84 37 22
33 58 14
59 58 10
56 5 46
96 35 95
13 112 15
88 104 57
35 108 68
28 90 40
4 53 94
20 24 7
96 17 35
86 30 88
9 85 76
55 3 63
70 78 21
20 57 58
49 46 9
87 17 99
5 52 7
117 12 90
1 82 73
86 24 63
111 29 39
11 34 4
53 15 15
60 88 44
9 110 66
115 9 55
28 41 34
11 2 12
113 17 26
50 34 32
108 8 77
51 94 84
13 48 93
102 10 86
99 98 83
9 74 77
15 85 84
4 32 47
44 27 93
90 9 78
64 112 22
98 94 66
32 69 21
101 54 2
23 15 36
71 99 52
90 84 32
118 48 88
28 58 95
24 100 78
111 4 42
7 62 43
103 74 87
11 36 44
12 117 99
13 31 82
72 34 100
44 29 28
94 9 21
45 47 35
8 9 83
117 37 83
44 36 88
18 11 32
71 24 57
95 7 31
107 25 14
67 73 41
91 85 18
55 54 80
101 45 90
114 105 50
7 15 40
32 88 20
108 118 43
30 104 55
115 67 17
119 3 70
35 97 14
68 74 20
51 73 51
12 52 99
40 114 53
105 65 17
0 66 7
55 65 30
8 86 86
114 95 52
83 40 82
47 52 72
20 117 89
72 99 51
6 104 19
60 3 63
20 62 8
2 110 40
111 87 40
58 25 24
100 108 56
22 110 42
7 54 90
89 41 36
90 108 44
29 82 5
74 119 77
48 118 74
42 65 55
68 81 86
86 27 71
60 92 65
18 117 83
70 15 80
30 87 17
54 79 55
27 59 34
11 60 4
110 118 80
104 6 78
31 105 72
83 24 1
32 99 90
60 85 61
34 100 66
111 107 13
85 72 49
110 32 30
66 72 16
112 97 9
79 1 77
81 107 13
44 51 8
72 62 27
76 6 9
21 41 7
42 111 54
49 105 99
9 5 19
42 92 8
65 51 25
117 60 17
0 91 26
70 101 95
76 110 44
110 29 13
105 85 94
103 78 87
87 96 75
79 62 86
80 14 9
17 69 61
47 20 72
0 96 74
31 109 74
48 42 81
102 47 71
49 26 86
72 69 87
108 73 6
24 82 75
28 45 66
97 118 32
27 67 50
11 56 94
4 93 63
6 91 33
41 80 9
84 111 91
50 78 94
11 108 57
73 82 97
59 99 40
44 0 48
34 19 47
83 45 54
119 115 16
111 108 63
84 67 60
82 117 75
110 35 2
114 65 76
62 50 17
43 94 76
78 34 31
84 82 67
53 82 21
112 31 66
96 86 58
28 108 13
90 17 83
118 44 64
22 100 18
72 26 31
63 37 92
47 101 31
18 90 64
48 41 29
73 17 84
51 53 92
97 84 26
43 53 37
46 117 44
35 22 31
46 81 76
51 36 32
71 14 82
100 86 88
82 14 41
55 15 94
50 30 31
72 29 15
107 40 33
97 14 58
65 32 49
90 15 67
43 104 72
81 51 79
1 101 30
15 76 5
117 34 17
4 85 29
44 74 12
24 33 18
24 6 97
68 108 84
22 94 5
58 13 58
26 77 16
34 112 80
32 51 50
65 55 22
29 77 22
49 66 70
56 79 17
87 92 5
30 103 51
28 37 59
74 65 16
31 61 57
39 70 55
111 70 71
19 77 50
85 91 83
46 37 93
84 11 42
96 57 86
44 100 64
90 94 54
90 83 61
107 7 49
22 42 35
96 73 32
39 74 65
18 36 32
71 95 3
40 41 38
110 88 69
89 88 26
93 84 99
2 10 12
81 32 52
48 3 89
71 83 85
96 101 96
61 45 37
63 56 45
92 15 47
7 57 57
105 18 75
4 107 84
68 19 29
76 61 72
102 28 13
38 98 43
40 5 77
19 65 57
98 114 49
25 77 64
105 89 71
63 117 42
73 50 64
101 21 77
3 77 12
78 97 23
104 24 64
46 36 35
6 83 5
24 27 17
52 68 80
55 23 69
56 86 4
61 58 15
22 92 14
84 28 56
24 94 10
119 98 73
38 87 44
52 49 49
52 97 40
115 63 63
55 76 22
17 48 50
42 8 99
0 40 65
109 9 90
1 10 82
43 48 2
107 3 34
3 108 99
12 31 54
81 80 4
77 79 78
28 0 43
52 18 68
112 10 38
94 6 28
67 87 25
86 116 52
39 58 44
49 42 8
52 7 81
10 24 65
5 49 30
66 110 79
14 79 71
31 82 5
44 40 51
47 2 60
116 68 44
40 80 27
66 103 28
53 81 97
116 0 86
90 70 98
1 77 1
89 56 95
28 40 48
88 33 59
104 114 59
96 76 100
107 33 35
36 117 76
31 20 13
48 46 91
114 46 20
94 107 44
89 5 97
58 8 92
16 13 76
83 86 39
2 115 93
56 43 68
108 24 19
95 105 6
112 71 57
80 19 87
71 104 27
1 31 49
96 4 7
18 41 88
14 116 58
79 53 14
56 116 7
68 109 74
10 91 50
64 53 58
90 100 88
29 116 82
77 97 38
23 0 23
114 29 36
69 2 14
23 34 41
20 6 22
97 1 34
80 41 9
114 16 83
58 93 74
28 105 30
19 63 11
64 36 32
64 54 58
5 29 17
24 15 7
65 25 28
50 21 83
91 72 43
8 85 16
90 52 99
34 7 75
33 22 76
34 101 69
103 0 3
24 115 10
38 77 28
16 64 46
37 115 42
62 31 73
12 20 40
15 110 43
12 44 16
14 109 71
31 64 5
103 14 52
28 38 23
90 40 1
37 33 11
108 103 34
24 26 79
117 110 71
94 23 36
7 45 40
41 104 33
28 4 6
81 61 69
110 37 2
32 29 88
19 13 29
26 36 59
21 77 43
86 25 91
43 96 67
107 90 18
60 67 72
77 57 70
4 0 83
119 95 30
48 57 59
39 89 34
63 39 1
13 97 54
16 98 67
31 119 34
65 98 81
4 59 58
94 11 66
88 52 14
72 38 34
25 2 91
109 76 96
50 79 56
38 22 68
94 91 50
90 105 5
110 85 1
2 74 71
67 12 39
84 27 20
78 67 5
10 114 4
26 33 58
114 104 85
22 52 94
67 22 11
92 61 88
66 18 45
31 39 88
101 4 39
20 46 52
12 18 9
60 77 80
76 41 21
107 62 63
5 82 48
54 69 73
68 35 62
61 16 52
107 114 62
44 39 76
103 64 69
74 100 72
38 99 3
11 104 36
12 53 35
22 5 96
26 96 94
21 57 38
10 34 90
114 90 20
39 102 55
74 9 4
32 79 26
0 31 7
17 62 48
119 92 1
72 42 87
32 31 44
42 73 54
92 13 48
82 15 92
12 47 74
51 14 75
50 13 61
16 110 93
5 108 46
53 107 3
100 22 31
62 6 64
55 19 1
67 16 71
16 83 98
49 85 86
7 80 33
99 94 49
20 94 81
1 60 17
38 41 44
15 79 86
96 97 8
82 61 57
91 30 91
36 26 59
24 4 1
18 15 10
83 63 2
43 90 48
74 19 76
34 71 76
79 41 63
18 47 69
84 60 42
64 42 90
62 23 84
0 79 24
48 28 41
113 21 3
97 96 23
46 1 54
83 12 90
117 79 83
2 5 21
93 92 35
103 43 58
48 108 70
109 18 70
45 113 38
62 32 1
63 10 59
103 18 42
54 8 31
56 3 84
41 50 99
49 92 72
115 68 8
81 39 32
14 62 82
35 92 6
81 35 12
119 12 51
58 2 7
76 29 42
73 88 84
97 7 77
78 33 70
41 23 61
89 109 48
30 82 37
42 17 94
67 80 78
116 95 43
3 56 19
23 27 25
107 85 2
27 15 34
113 89 47
8 35 65
15 2 45
51 18 6
91 61 71
10 97 93
82 94 96
67 57 29
17 28 11
46 56 88
43 98 42
78 118 1
72 55 70
15 25 51
118 110 75
107 34 48
83 116 81
91 76 76
16 73 41
60 71 54
111 46 1
62 81 40
51 47 83
50 12 2
9 6 69
86 115 76
96 50 17
10 52 78
10 81 68
31 88 67
83 65 33
87 39 90
101 46 40
21 115 15
19 12 42
60 100 5
5 37 32
83 47 75
63 65 59
79 74 66
116 46 22
3 103 98
51 62 57
69 119 54
9 78 54
8 42 91
52 15 4
94 50 98
67 37 58
37 14 15
59 86 73
115 43 66
74 70 62
47 102 82
70 10 73
0 18 58
64 47 96
76 56 78
100 93 61
49 62 77
3 35 21
107 113 32
69 60 22
98 10 94
110 46 54
54 0 86
88 97 53
69 90 70
63 26 63
45 83 67
35 1 7
64 26 12
46 89 84
3 14 83
46 23 46
22 98 78
119 62 30
82 35 82
67 64 13
56 1 38
33 47 66
95 55 46
16 4 16
60 104 73
90 31 40
88 99 34
99 82 88
43 109 84
12 87 43
76 96 60
22 46 5
110 96 64
7 111 98
30 45 60
87 99 14
76 34 38
21 47 44
87 76 16
69 64 18
66 117 27
50 1 96
94 48 23
7 1 25
119 84 77
104 89 40
111 116 59
112 65 10
81 95 41
113 76 36
2 76 56
15 111 52
23 72 46
20 101 100
6 1 5
10 117 71
18 119 68
74 3 23
96 48 80
110 16 69
105 48 46
47 9 54
36 76 1
1 64 89
76 26 45
114 60 47
108 77 20
58 43 12
5 92 62
73 96 81
24 50 43
14 19 94
48 84 46
79 98 4
63 33 43
85 59 37
85 73 88
64 5 46
6 48 31
54 24 89
111 38 98
115 85 43
99 4 61
19 40 34
73 9 58
117 3 55
76 21 42
14 108 95
115 40 26
14 49 90
55 94 61
61 92 73
72 5 23
41 74 15
5 39 79
57 40 42
12 46 69
0 55 43
9 45 26
36 52 78
62 73 96
97 81 100
50 51 89
58 77 3
44 94 53
56 47 36
18 30 65
87 103 9
73 4 94
46 61 49
51 99 67
67 82 37
92 10 3
70 31 57
15 45 46
63 1 25
51 107 95
114 2 87
60 87 88
71 67 70
26 59 43
29 86 57
43 8 21
117 115 15
66 95 20
56 108 32
58 11 5
57 113 88
67 35 38
104 34 57
10 100 82
21 55 77
98 19 79
71 87 33
86 45 81
26 119 68
80 39 1
19 20 50
13 116 97
114 0 40
10 115 45
3 26 45
23 60 43
89 15 50
93 64 29
79 32 50
111 103 72
52 36 53
69 110 24
112 101 55
102 20 27
104 103 98
82 51 87
59 89 80
50 59 40
76 104 25
51 25 1
3 38 74
40 10 66
105 77 15
37 35 6
98 32 88
8 43 95
28 44 36
76 44 19
7 8 12
90 57 27
73 24 37
103 2 35
16 104 10
5 10 71
36 116 17
3 39 98
54 28 38
10 69 97
95 52 45
60 46 39
32 81 100
38 60 9
66 28 88
31 47 93
54 42 2
118 50 24
30 51 16
78 76 17
65 96 68
45 119 59
119 54 39
40 101 69
83 38 36
92 97 37
116 103 18
117 20 20
41 25 41
54 99 70
31 84 11
78 9 81
76 119 91
27 22 15
32 62 59
48 109 70
8 28 49
110 80 58
27 66 10
54 36 80
5 25 66
40 92 28
32 70 39
56 96 21
69 58 69
55 117 91
42 96 16
74 32 46
51 13 58
94 113 33
56 88 69
70 62 23
93 107 96
98 70 51
76 93 78
11 52 72
103 55 88
98 101 13
111 92 57
27 52 13
114 50 39
98 111 80
13 15 99
18 20 29
35 44 31
37 62 19
73 78 9
86 67 96
94 105 15
79 115 25
47 23 44
72 44 41
57 18 63
58 111 74
71 82 20
2 8 3
4 28 73
112 60 61
54 112 82
72 66 14
32 17 3
0 67 39
26 112 29
28 54 61
83 104 32
65 12 49
6 49 14
38 111 42
94 35 87
0 16 84
32 9 66
45 19 81
95 71 49
81 24 21
100 83 34
77 2 66
59 91 20
3 87 20
100 30 63
18 23 75
15 52 2
70 51 32
1 42 49
101 19 59
110 64 23
97 91 88
82 2 64
27 81 76
25 113 66
32 58 13
87 13 80
15 99 74
25 92 40
37 13 94
1 28 34
25 13 16
114 61 67
99 61 35
102 115 73
69 94 51
110 52 46
117 18 66
10 62 95
8 51 43
46 14 20
95 41 4
44 70 96
33 10 60
20 28 17
1 36 18
48 59 82
18 24 96
88 37 11
98 71 15
8 69 75
52 119 73
24 35 54
82 5 46
15 47 30
30 99 56
13 54 24
41 36 45
95 11 11
19 100 50
95 62 45
43 37 94
45 22 30
9 51 3
53 72 18
79 31 3
92 88 97
90 97 11
33 115 10
5 83 55
97 4 9
87 44 87
34 87 58
117 13 84
17 95 75
47 68 52
41 58 35
31 25 88
28 81 77
48 11 34
52 110 67
72 36 44
82 60 50
32 77 90
55 80 57
24 84 70
61 71 14
89 30 45
54 90 75
89 112 74
43 27 89
26 103 55
89 73 17
40 72 97
85 41 49
97 11 38
79 22 89
29 64 89
7 103 82
10 109 92
49 11 56
81 52 80
40 11 44
88 85 10
41 96 57
52 93 38
89 36 30
20 78 2
71 109 82
59 49 99
89 29 1
19 115 70
116 67 39
20 29 58
7 59 56
98 95 53
91 46 52
21 22 20
82 114 56
101 88 33
16 69 86
88 45 6
76 108 54
48 45 96
54 21 66
117 113 19
97 117 50
91 67 56
39 55 79
118 3 36
27 11 31
17 119 86
105 25 43
84 104 26
39 87 31
17 58 37
55 81 2
77 109 91
100 44 83
63 16 61
70 26 53
100 46 12
5 86 29
63 113 34
85 6 10
112 1 93
20 89 31
53 71 60
34 24 8
61 2 94
28 17 46
58 6 63
81 93 92
0 48 71
107 88 46
52 62 10
105 27 79
21 59 76
44 28 69
0 104 37
1 67 78
63 105 51
81 8 43
7 14 16
41 116 24
21 88 91
22 9 23
83 35 82
22 115 10
45 93 40
79 2 98
39 50 67
54 55 9
2 21 90
13 5 9
79 35 67
41 40 63
13 88 20
99 118 82
113 13 73
1 50 73
80 93 89
32 47 20
73 68 26
36 0 100
22 101 20
68 34 32
53 49 10
119 23 24
43 111 2
40 68 24
91 108 89
95 63 25
61 98 22
47 92 34
50 83 79
92 74 28
63 24 33
7 16 35
21 2 79
115 80 27
115 65 23
88 30 86
41 115 19
15 81 37
19 29 14
80 65 35
31 66 90
20 14 81
105 59 69
103 34 85
68 84 70
118 25 87
29 16 22
80 18 65
26 84 48
16 3 43
110 76 92
15 73 76
62 85 89
92 118 96
6 46 2
89 48 63
31 7 8
80 98 6
39 61 51
12 112 67
50 95 59
40 79 1
55 118 54
99 64 96
16 117 74
53 52 99
113 8 88
4 3 92
119 81 24
65 45 29
70 80 19
37 109 23
76 62 30
9 87 17
101 10 96
80 73 13
55 103 67
90 53 64
41 46 5
3 115 11
89 86 50
40 43 33
31 65 85
63 92 44
28 78 72
26 88 81
108 71 24
17 73 65
84 12 84
36 105 73
25 108 77
33 119 58
108 115 64
38 49 14
115 94 39
112 41 7
16 36 43
35 24 6
8 103 13
97 51 60
19 105 1
92 91 58
89 13 35
7 13 97
93 79 67
105 46 22
26 19 90
45 55 5
115 77 31
25 24 30
33 7 10
61 0 32
102 99 86
84 81 87
109 21 74
40 105 32
69 71 55
1 14 96
107 78 68
55 37 35
111 60 78
48 52 25
68 66 79
112 63 28
69 46 44
76 15 49
30 33 10
23 45 40
24 102 54
76 38 8
62 51 14
95 74 45
10 30 29
87 100 40
24 89 36
83 113 69
16 80 38
108 90 40
96 71 7
9 63 50
82 50 14
14 103 62
91 12 17
96 18 52
48 40 74
65 37 16
25 76 4
89 20 8
65 69 21
21 74 39
55 111 39
78 96 83
8 61 36
109 80 24
22 33 74
31 85 26
14 26 52
17 24 15
35 43 80
74 98 77
29 25 61
53 105 84
118 59 66
86 20 38
57 30 32
9 60 44
112 79 59
103 35 79
35 62 78
116 59 72
47 28 52
4 97 20
72 22 67
82 99 63
9 18 30
112 61 70
32 53 40
90 116 42
29 30 64
49 59 15
108 32 51
41 102 17
52 78 26
57 98 30
44 93 23
113 83 38
67 96 42
39 69 74
10 41 79
41 85 3
62 0 85
60 29 5
109 71 67
88 84 47
32 113 53
38 112 9
15 118 31
7 43 49
54 6 63
64 19 1
16 119 59
80 79 95
21 101 45
70 12 48
85 63 5
83 110 4
79 93 40
50 111 50
110 42 81
16 118 72
102 88 24
104 115 73
105 33 18
49 94 71
43 22 78
113 23 41
2 108 80
54 22 68
108 60 34
81 104 31
28 14 22
60 23 13
3 80 23
50 24 28
95 16 97
25 60 87
51 114 17
17 79 42
115 34 97
93 115 68
66 98 99
113 39 34
59 76 30
43 77 90
45 20 8
79 92 21
104 57 86
114 107 36
104 73 40
86 76 60
24 11 94
60 44 52
35 119 60
26 30 76
51 16 77
85 111 87
31 103 72
32 80 77
83 112 49
6 116 48
13 103 73
88 10 96
35 115 38
53 92 83
69 14 88
55 22 51
39 40 30
21 17 7
97 77 27
42 115 24
82 111 4
18 58 32
83 27 65
47 67 14
96 118 47
40 82 76
93 9 5
80 115 28
93 85 64
119 71 30
34 115 99
66 61 32
13 108 84
7 87 53
113 93 51
111 43 71
0 8 54
46 27 32
111 22 70
30 107 30
66 71 41
79 109 83
60 69 100
52 94 99
49 119 54
54 78 79
105 112 3
40 107 26
88 5 11
5 67 54
95 79 60
68 28 12
87 11 12
86 52 13
107 59 49
13 47 11
6 78 58
1 55 75
1 33 9
104 35 42
77 26 61
68 40 16
19 52 33
30 26 62
17 26 99
47 36 41
83 30 99
91 39 68
69 100 48
118 21 72
62 15 28
85 94 66
117 38 60
94 24 66
3 24 13
115 71 30
54 86 66
17 60 52
39 1 5
119 18 9
48 66 49
4 49 75
103 93 74
26 71 30
42 16 32
119 36 51
72 2 78
93 4 69
1 22 45
26 18 32
43 84 69
99 23 31
97 113 61
4 33 75
92 114 60
116 55 95
57 90 5
119 69 71
54 91 45
3 22 64
64 28 19
117 21 57
36 72 98
35 13 80
57 70 27
7 64 93
86 64 9
82 96 50
95 99 22
61 107 54
32 20 27
119 91 17
14 50 54
84 7 73
103 79 85
59 112 53
30 63 17
76 63 4
2 32 69
11 13 64
17 22 5
25 50 20
10 18 72
22 69 60
42 54 79
66 24 98
62 36 81
84 95 86
74 110 5
109 98 13
29 57 88
111 76 75
71 111 2
112 37 94
119 85 97
4 60 93
13 43 89
30 97 41
14 91 6
97 107 24
91 49 94
38 69 89
28 84 37
78 98 59
114 19 52
45 91 97
71 2 27
9 91 87
35 20 28
89 40 35
36 64 67
99 67 83
64 107 57
70 93 53
59 56 45
6 118 18
119 61 39
99 18 84
33 34 14
27 19 37
61 22 25
19 1 83
117 43 86
2 70 82
60 80 6
80 26 47
46 5 4
27 16 27
19 37 97
112 110 27
65 50 8
27 49 17
60 64 8
71 92 60
58 95 76
20 95 52
81 88 26
39 71 96
8 67 73
69 80 36
13 19 27
54 118 79
57 105 82
99 36 25
13 14 21
119 53 41
57 99 44
94 0 93
47 89 59
2 101 13
38 24 29
35 72 10
31 4 81
56 59 43
77 41 42
66 114 34
69 34 77
19 34 21
67 81 68
16 113 100
18 64 26
72 111 84
69 31 76
62 79 80
25 80 100
116 69 72
85 29 5
9 43 53
40 1 5
90 66 43
15 78 63
96 65 41
70 110 59
45 70 51
100 77 39
17 38 9
72 39 92
3 79 23
70 22 23
14 63 13
51 27 57
59 66 92
88 77 59
47 38 72
90 119 95
15 0 41
44 16 82
51 29 68
24 36 8
39 72 70
2 6 12
67 116 77
111 34 3
8 84 62
78 36 49
113 36 56
116 49 97
31 56 43
104 52 74
93 15 20
13 77 65
57 47 22
37 26 46
1 7 5
77 111 57
115 92 43
84 46 80
63 29 28
51 57 79
74 10 6
6 4 84
68 53 53
50 105 16
14 56 44
40 52 54
103 52 74
117 118 60
118 115 48
98 47 81
94 66 95
103 27 60
97 108 87
26 56 58
90 16 48
63 108 33
117 91 82
38 44 54
10 119 6
78 103 1
27 58 59
26 41 51
42 58 39
119 25 56
59 42 69
94 73 62
33 3 31
8 41 3
9 112 94
57 78 79
71 105 75
47 10 53
92 0 64
57 60 56
60 76 72
116 26 98
96 64 13
113 65 99
110 57 41
93 33 3
4 56 74
25 30 10
79 49 26
25 79 100
28 80 30
10 95 47
56 36 30
41 44 29
118 70 85
82 37 97
51 108 92
118 86 100
36 80 46
0 22 99
72 25 1
26 85 82
10 38 13
89 110 36
22 55 30
56 115 79
64 105 76
33 23 20
16 74 28
73 108 24
101 1 98
18 22 81
79 108 66
108 117 99
20 110 70
39 78 48
82 74 90
116 83 13
29 115 50
67 49 53
62 69 32
35 19 87
12 111 30
12 77 48
71 77 61
40 53 4
58 20 70
24 23 31
90 96 90
56 44 95
83 81 46
59 70 39
96 89 65
100 66 54
43 59 94
113 4 48
85 100 15
38 88 19
23 39 44
39 107 2
64 65 91
29 81 54
85 81 34
37 38 58
42 47 50
27 117 55
44 33 19
76 36 86
115 105 49
91 80 62
31 76 65
53 76 65
4 41 80
116 113 78
95 32 37
29 112 85
3 34 44
20 5 80
87 67 58
43 103 89
99 76 13
0 119 5
93 70 44
23 19 10
99 2 82
2 113 96
12 96 41
85 20 53
101 52 99
47 25 30
29 31 64
61 93 25
85 16 81
81 17 42
22 54 54
29 5 95
25 116 11
18 103 11
90 28 57
81 82 84
1 69 26
96 15 37
40 119 69
35 48 71
42 40 28
33 60 5
36 12 95
59 47 55
53 99 8
108 45 33
109 46 13
105 79 37
1 107 88
22 40 83
51 116 28
47 51 74
65 3 26
43 55 100
76 32 20
2 30 37
41 113 30
39 90 43
116 108 30
88 0 88
114 84 26
77 72 43
55 89 24
89 23 74
44 85 60
34 92 10
49 14 100
92 46 52
19 7 34
91 31 43
93 47 55
84 96 83
93 43 28
100 39 76
94 31 38
70 47 83
26 110 50
54 67 4
112 16 5
71 89 36
23 80 6
4 40 100
19 36 51
13 104 68
80 15 49
64 83 35
94 7 83
33 42 16
66 30 99
101 69 99
99 92 52
112 56 69
12 116 87
96 0 13
82 6 77
24 46 63
49 28 17
100 1 18
57 84 81
30 72 5
114 71 71
22 8 100
32 68 23
39 99 8
100 28 3
59 35 60
38 17 36
41 16 41
79 119 6
65 30 7
119 2 26
79 38 6
107 111 72
97 95 41
93 46 77
30 37 4
101 113 13
49 64 74
118 76 25
85 31 7
56 38 25
104 39 80
4 74 4
84 88 55
97 16 82
91 3 7
20 98 15
40 24 63
50 6 27
104 31 27
3 116 63
96 3 16
48 21 74
71 37 80
7 46 49
91 53 29
28 25 84
2 54 20
104 64 67
42 50 37
96 119 22
39 85 76
98 4 9
95 59 29
78 28 97
70 4 46
5 88 19
114 34 7
58 71 81
96 2 58
37 61 18
74 18 83
5 79 33
74 114 34
71 53 73
58 103 83
109 42 90
18 87 12
61 35 95
25 107 32
70 76 15
111 99 34
110 93 72
41 99 63
48 2 100
37 55 96
40 64 22
44 5 1
102 80 41
80 107 31
92 64 23
91 56 89
107 0 97
83 0 92
0 109 88
111 102 66
104 113 65
41 64 52
79 48 46
32 85 20
33 36 23
40 117 84
55 73 26
96 112 86
25 27 73
20 104 58
98 28 56
60 101 49
56 78 17
60 116 23
113 35 95
84 108 64
61 8 36
114 8 84
76 105 60
35 98 23
43 60 42
25 102 67
24 42 13
109 49 46
53 66 62
2 37 23
81 13 40
4 38 68
30 1 86
20 93 40
35 86 21
17 86 27
69 96 5
98 63 78
94 40 48
8 89 91
55 59 9
66 84 23
47 34 82
29 76 20
56 87 91
67 107 36
93 50 28
96 37 38
64 23 5
30 111 18
39 62 65
78 62 96
84 97 3
97 66 82
3 99 9
112 66 53
87 94 44
51 96 45
71 55 47
42 116 98
30 93 70
13 67 83
118 15 68
36 98 98
32 78 69
61 97 80
33 13 92
65 17 51
14 5 13
119 44 43
59 57 27
103 99 50
49 114 74
52 102 12
79 24 21
101 9 88
53 43 59
37 48 54
83 100 53
9 3 75
24 96 32
81 37 5
81 62 74
95 26 37
44 4 3
55 43 70
2 83 34
71 27 41
109 8 2
47 118 34
102 78 10
116 72 14
4 43 61
63 54 21
46 108 62
117 2 11
86 72 33
84 31 23
50 11 63
12 70 56
118 46 38
61 103 21
23 43 32
71 118 97
116 22 68
66 12 17
111 77 17
62 103 88
82 36 25
50 71 42
15 71 4
44 68 43
119 26 34
28 11 90
22 18 28
38 109 41
72 32 59
99 52 20
109 1 37
27 107 14
17 30 79
100 11 41
34 85 28
83 15 92
35 0 47
100 45 56
77 52 51
35 117 46
11 42 17
108 11 71
7 112 87
110 71 7
97 68 26
18 32 86
65 97 7
118 49 58
1 29 49
86 22 29
7 116 59
81 43 46
44 37 2
119 51 37
51 26 44
102 15 55
31 12 10
89 34 50
60 86 58
82 7 75
110 24 22
88 74 7
23 69 33
47 62 81
39 41 60
31 6 8
94 55 30
117 111 78
66 83 1
25 11 18
78 27 19
22 85 5
113 97 35
73 65 74
118 65 16
56 66 44
34 31 61
104 92 85
79 111 50
113 0 59
78 58 44
85 34 43
49 30 56
42 23 42
112 64 31
70 23 12
71 79 93
18 96 97
15 63 47
84 83 45
3 118 14
23 18 89
85 66 94
0 90 74
35 65 81
101 31 96
18 66 41
28 99 61
52 101 87
86 40 59
9 8 23
66 31 8
117 46 97
51 117 15
97 28 21
71 112 74
109 48 17
4 111 34
29 78 39
54 37 61
37 83 15
98 24 70
113 28 20
7 100 48
5 55 66
71 65 25
33 78 13
117 71 34
45 21 12
70 28 68
63 47 100
97 92 39
92 39 30
113 101 75
117 30 79
45 103 93
59 2 45
15 66 83
4 117 5
46 119 94
92 109 33
46 69 39
39 33 84
87 30 41
41 65 62
78 83 18
66 57 83
73 32 66
2 84 57
87 108 15
115 35 66
22 28 49
22 23 35
26 49 88
29 61 40
85 2 77
22 59 5
47 74 6
46 71 19
1 15 74
93 54 75
49 63 82
37 58 79
109 41 42
28 113 55
107 12 25
44 14 56
7 90 68
40 87 58
90 4 28
16 24 86
7 99 91
12 39 58
3 31 55
1 90 68
12 16 15
54 94 96
59 67 90
99 14 64
11 93 48
44 114 33
93 117 6
116 37 62
52 1 10
80 4 98
82 56 16
118 57 16
20 72 5
101 8 92
102 52 19
78 100 50
36 21 55
11 6 28
51 85 41
77 110 20
82 54 17
94 86 62
59 55 3
86 37 8
98 56 24
5 24 54
47 114 78
119 74 58
72 87 13
112 21 41
113 67 55
11 76 33
113 87 35
79 55 70
0 34 2
16 14 65
71 113 59
84 58 63
65 114 56
93 42 48
65 48 85
51 31 99
22 10 91
80 11 53
88 90 37
35 23 50
78 10 39
110 115 11
41 76 27
96 94 80
90 68 20
51 68 22
61 51 15
82 49 64
46 26 73
54 104 23
56 82 56
60 81 29
8 3 27
40 73 68
118 105 40
85 92 42
107 5 56
62 78 72
103 110 64
24 52 14
59 9 4
102 53 75
52 46 10
0 63 25
47 94 6
61 114 92
64 87 14
38 21 32
3 19 52
101 71 97
56 67 94
52 114 64
32 112 87
9 27 81
85 42 9
71 36 62
86 96 1
81 4 26
3 54 17
46 70 41
90 72 14
107 58 17
59 84 34
7 97 9
91 28 53
34 79 83
70 119 76
28 52 53
108 68 59
62 40 66
77 68 42
83 89 47
0 17 20
46 118 88
108 14 55
15 114 48
50 17 64
74 82 85
114 69 58
22 48 63
14 28 80
92 17 44
39 110 20
116 33 65
68 25 87
32 92 23
40 57 93
49 47 86
69 67 19
45 65 18
115 62 34
6 52 14
31 104 70
40 39 71
10 50 54
58 29 10
99 54 36
37 98 76
36 2 70
65 13 63
37 24 20
102 33 39
48 55 71
78 57 46
107 74 77
92 50 59
79 17 99
27 39 91
42 66 5
78 109 33
51 98 83
4 70 48
28 19 14
27 118 76
40 19 79
42 95 39
6 5 67
59 115 71
113 56 27
71 18 34
32 43 100
94 12 80
77 81 63
73 91 85
38 45 60
18 92 81
2 45 50
82 43 50
10 20 67
52 10 60
5 11 14
35 38 53
18 73 31
67 46 32
37 111 87
51 76 23
12 54 45
118 62 58
92 81 19
107 65 64
36 97 9
2 56 83
114 103 58
108 107 19
1 68 3
24 104 73
5 61 95
113 104 65
45 51 98
48 91 88
105 43 39
74 105 63
90 24 20
118 42 67
8 116 50
77 80 33
53 17 40
35 93 20
32 72 40
24 62 45
45 35 13
117 36 84
62 114 70
103 102 34
59 114 32
10 11 45
65 64 35
38 113 55
77 69 75
76 58 76
76 49 92
98 67 77
33 72 5
66 113 52
28 26 78
97 78 47
52 23 32
7 69 95
114 30 72
19 33 17
112 32 40
6 14 22
92 104 31
69 76 28
90 103 26
5 38 69
67 85 16
97 21 87
12 119 25
102 27 56
104 17 15
14 48 40
45 24 12
53 111 100
91 26 29
51 70 57
10 8 81
28 48 12
36 104 74
62 14 9
28 111 99
25 57 9
6 7 50
48 17 99
51 52 52
101 59 73
59 3 13
31 116 73
87 45 47
37 1 14
52 0 70
36 45 6
73 6 63
95 13 47
68 47 19
23 65 84
81 7 5
83 29 71
102 86 51
102 95 49
70 58 83
84 1 7
92 63 23
67 109 42
40 108 10
43 118 34
89 11 33
96 46 40
118 41 79
30 19 89
24 14 35
62 100 69
14 31 15
102 19 16
32 64 31
86 36 44
114 35 58
65 5 54
116 109 89
19 73 14
34 16 90
91 119 31
6 31 29
32 46 9
51 90 28
72 51 43
114 41 46
51 5 3
33 113 78
47 86 43
92 117 90
27 44 18
101 115 39
49 77 30
51 92 12
70 84 76
56 104 65
84 42 18
17 98 41
64 76 39
55 61 34
6 57 10
72 85 60
35 46 55
15 84 81
40 96 29
8 81 34
39 51 100
8 83 82
13 65 83
47 42 63
44 49 83
13 57 82
72 52 7
17 42 48
52 43 73
85 12 70
101 26 55
112 19 23
16 61 35
53 32 65
114 96 2
45 15 88
17 10 55
44 88 31
89 38 74
101 95 25
19 119 78
81 59 20
72 90 11
69 91 64
41 55 46
82 39 18
44 6 22
63 9 4
113 48 92
60 33 17
71 66 19
57 13 70
25 15 62
1 19 22
31 53 71
28 8 16
99 30 5
15 34 75
27 72 79
114 119 92
48 69 6
56 111 58
86 38 86
26 46 39
82 72 50
17 6 79
1 41 65
111 19 29
89 69 14
19 76 64
44 46 42
93 32 1
38 65 70
86 8 45
9 16 52
94 18 97
92 116 41
24 29 88
94 19 33
7 68 6
83 111 18
100 14 70
13 8 66
11 48 89
25 101 82
71 7 6
87 84 3
23 91 46
4 36 17
70 33 30
74 108 36
68 102 22
46 2 40
66 78 77
69 89 83
17 50 84
117 98 20
49 32 42
85 37 53
92 115 50
4 92 69
9 35 98
38 23 68
21 85 39
98 40 11
72 68 30
108 99 26
37 5 70
116 111 98
98 84 33
94 60 17
26 23 69
102 89 68
53 117 45
84 2 4
3 101 94
23 101 94
49 88 86
82 17 87
50 86 69
24 19 1
100 33 65
70 100 39
41 95 78
82 81 79
94 100 67
53 22 47
88 76 97
0 69 99
96 98 73
64 18 51
41 67 1
91 117 85
111 52 85
119 40 30
52 109 34
7 63 74
40 91 9
18 108 89
5 62 57
80 42 10
93 49 52
61 23 31
56 81 33
24 34 100
96 38 35
39 94 83
37 31 47
108 100 15
30 17 67
62 74 18
12 21 56
80 24 32
98 22 1
17 108 97
33 71 91
67 77 63
114 31 99
83 71 93
93 118 11
24 92 43
26 113 35
74 40 94
3 72 62
28 109 2
19 107 17
44 23 28
44 47 81
22 105 36
59 105 40
15 54 65
102 44 41
36 47 88
107 9 50
14 38 30
11 117 69
105 51 13
50 60 75
88 43 67
47 78 89
119 94 10
64 100 7
55 86 62
6 53 1
39 93 85
70 56 76
70 37 16
10 23 93
107 56 38
31 77 44
4 7 37
63 55 97
93 2 30
78 60 33
80 83 82
55 82 92
69 72 32
49 23 96
34 69 9
18 1 71
48 32 100
104 65 27
61 63 39
84 30 30
116 118 62
18 93 82
116 10 74
101 23 32
82 73 100
71 54 12
115 61 72
65 116 37
109 90 26
116 13 20
65 110 84
94 54 39
40 100 56
51 83 67
100 29 61
10 15 84
82 112 60
6 114 96
105 103 17
98 20 1
42 2 99
100 37 52
71 69 97
69 8 43
92 42 66
50 4 22
50 88 29
14 47 5
78 102 86
8 2 1
51 118 99
69 73 3
17 87 94
92 45 29
25 109 44
104 30 61
70 73 14
78 90 52
38 18 61
116 51 36
25 61 6
33 56 55
42 63 41
109 45 41
14 0 86
94 64 88
61 90 57
96 105 49
64 114 54
34 46 34
0 28 3
59 37 90
13 69 99
25 26 25
53 46 52
29 7 3
66 43 68
26 69 78
108 72 93
30 7 3
116 2 42
78 53 68
60 35 75
35 89 50
36 93 41
26 53 34
101 7 75
43 119 75
99 13 82
115 15 40
78 23 55
41 14 16
63 50 73
96 81 26
93 10 67
1 30 45
53 57 11
14 34 47
57 118 28
45 30 78
78 38 47
53 12 77
111 27 24
68 39 80
100 105 81
110 69 87
65 101 73
72 7 69
37 46 47
0 1 32
53 97 95
24 25 68
83 108 16
80 76 30
54 32 91
113 44 81
108 70 52
34 39 91
99 69 74
119 66 45
77 43 85
65 109 81
110 45 16
16 77 30
40 110 9
115 27 24
103 105 52
102 11 12
105 19 87
40 104 97
108 52 68
7 110 73
39 95 17
119 70 50
51 91 14
69 101 38
114 112 85
62 113 51
7 51 82
119 72 28
79 54 12
118 29 71
35 41 14
62 91 39
58 70 60
81 21 97
12 102 44
12 9 54
114 115 78
70 111 40
2 57 31
77 28 57
31 59 99
68 99 73
51 48 17
66 87 24
44 50 100
100 96 28
81 105 17
48 56 56
66 20 14
84 73 84
14 87 12
8 70 98
78 94 59
110 0 90
64 69 43
35 85 13
27 9 75
18 0 91
11 102 20
13 119 41
80 0 62
21 94 77
1 73 42
82 11 64
7 72 59
19 43 30
48 65 96
1 79 19
76 81 15
60 38 84
66 115 80
6 44 87
15 97 97
45 84 2
20 50 27
9 36 81
26 78 87
110 5 73
20 63 12
37 25 39
43 38 84
77 94 20
93 114 94
30 77 99
19 103 100
89 95 54
91 97 68
70 49 38
81 116 16
68 41 44
110 11 69
103 58 73
110 87 98
98 93 94
93 65 9
111 88 33
50 25 82
76 43 19
6 51 94
113 85 5
23 81 27
52 31 35
100 27 45
31 117 86
57 55 3
38 70 15
91 60 71
107 91 33
60 58 25
36 95 79
35 47 75
4 62 14
30 42 63
1 92 75
65 71 94
61 24 98
14 27 38
43 11 33
97 109 5
13 72 7
79 12 26
34 42 30
42 12 22
39 15 70
103 111 11
29 56 66
12 64 80
83 20 76
28 89 42
2 51 28
119 77 16
116 25 6
119 22 71
101 32 45
97 116 16
42 97 50
11 67 76
115 91 24
36 102 22
97 76 20
38 86 4
99 19 25
46 68 49
12 104 100
116 91 26
76 13 13
69 63 76
45 72 50
36 48 95
26 2 76
88 24 4
20 23 24
23 96 14
35 31 24
102 104 16
63 60 35
67 43 31
19 114 23
31 22 5
19 81 60
80 72 38
81 30 43
97 55 76
103 113 17
4 84 31
51 22 70
114 32 42
6 85 96
117 27 11
112 7 74
48 51 9
20 70 40
98 62 2
50 16 62
5 28 21
107 97 36
117 119 20
96 79 21
6 103 75
4 65 90
23 68 69
80 57 36
27 94 2
73 49 93
97 3 87
12 50 18
49 74 19
117 107 21
46 12 93
101 98 95
7 78 51
55 49 2
24 112 59
8 34 74
86 54 15
42 25 38
49 45 82
110 108 84
2 80 100
117 53 6
45 90 76
62 41 52
51 35 89
95 14 53
49 76 83
29 37 51
64 95 53
84 76 95
87 2 60
57 49 16
34 93 29
52 45 16
57 27 76
44 42 68
58 4 40
5 36 79
62 109 53
84 102 78
95 35 62
51 4 43
96 22 19
11 10 33
63 58 58
77 65 12
92 52 92
22 25 46
68 69 12
80 114 25
19 92 66
79 91 39
56 71 84
21 29 74
37 39 59
30 14 60
30 44 53
109 62 77
17 103 2
109 99 10
60 110 65
88 6 74
31 41 33
94 92 58
35 69 44
88 26 38
45 34 53
90 26 80
60 34 79
44 98 6
33 101 97
11 49 3
96 115 25
52 117 21
95 94 43
100 78 51
37 77 24
37 32 15
77 92 76
105 73 31
13 92 70
74 104 97
97 111 64
72 8 89
17 3 40
115 31 49
84 41 38
100 101 46
50 27 69
32 6 1
79 81 22
55 41 91
9 105 60
6 87 13
50 103 61
44 108 66
13 64 93
103 17 79
111 39 60
107 41 74
46 32 76
18 44 36
12 6 83
114 55 93
27 2 63
27 42 65
104 20 88
76 5 86
51 1 18
59 60 58
21 40 9
42 88 77
87 32 3
97 69 52
32 15 63
68 33 81
43 69 15
47 45 41
95 56 36
8 5 93
85 58 94
28 104 63
115 74 84
19 5 25
30 91 71
26 80 50
55 112 37
50 39 81
8 97 47
117 19 75
99 62 37
34 89 43
86 47 18
89 8 1
7 4 39
76 19 31
50 8 53
40 78 91
64 22 74
105 32 63
29 114 7
101 86 12
54 44 21
43 70 35
116 77 96
9 71 71
47 61 82
66 48 72
24 49 91
99 85 43
37 89 14
26 105 93
20 7 23
98 55 7
113 90 76
13 52 69
39 16 45
36 114 96
55 52 14
103 96 63
101 37 25
18 13 91
114 93 93
31 83 61
107 99 82
25 39 32
8 58 22
41 105 38
100 72 16
115 72 36
44 107 80
35 29 74
99 41 41
29 95 62
93 20 34
68 24 20
81 102 4
90 1 25
0 9 97
112 33 93
110 44 76
67 94 82
45 14 77
23 5 12
39 104 40
67 40 1
39 109 6
50 52 40
14 65 36
9 109 63
115 89 59
76 11 2
22 81 4
116 17 4
43 7 32
111 24 17
81 67 39
82 18 16
52 26 78
32 13 87
38 93 87
97 26 100
71 61 46
38 63 43
36 60 42
33 105 87
10 16 13
87 6 61
86 113 36
57 112 31
59 116 95
73 116 6
87 18 19
16 99 34
61 91 94
67 118 88
95 27 94
71 108 58
8 56 76
100 60 70
98 39 21
96 53 39
11 41 36
19 8 75
102 87 18
45 95 79
107 102 79
103 90 75
53 48 55
81 9 44
107 68 91
31 19 10
96 7 3
54 11 19
88 41 14
46 73 55
29 42 89
28 61 78
84 85 6
50 119 100
85 8 28
119 60 6
33 61 8
25 40 32
95 51 17
83 114 97
22 89 91
14 71 33
111 71 7
1 11 100
54 92 69
36 39 53
73 53 48
111 55 98
97 34 33
68 37 7
35 81 42
29 41 73
60 107 29
119 87 24
111 28 42
41 70 36
11 73 63
40 29 13
63 42 82
51 72 7
82 10 81
95 89 41
26 64 2
52 95 74
59 6 56
119 17 85
112 44 59
78 2 62
87 15 55
17 115 8
7 33 22
105 71 72
71 8 13
71 49 9
2 116 69
86 10 34
88 25 67
115 109 26
79 87 5
108 86 14
110 101 65
5 81 31
38 31 86
74 31 89
80 69 44
112 2 74
18 77 1
35 102 55
78 119 6
8 23 27
99 86 46
40 109 19
66 69 100
94 96 62
60 91 37
25 67 44
28 118 34
86 89 40
34 97 54
33 76 3
56 93 19
50 62 36
100 117 79
73 54 2
70 69 68
59 14 7
48 50 49
6 45 63
43 21 28
68 118 17
91 42 61
25 117 98
77 108 77
1 38 85
74 63 19
85 38 24
20 105 63
13 100 100
6 55 56
73 5 1
111 95 99
119 46 19
109 66 85
110 97 63
30 85 2
24 90 13
72 107 1
7 50 96
69 70 81
23 116 38
64 50 9
89 27 36
62 12 63
85 77 60
45 0 24
45 56 80
96 90 61
61 80 94
116 93 86
50 68 9
32 5 80
24 63 20
81 27 30
60 119 46
85 23 23
61 99 77
93 44 48
46 107 75
79 118 81
21 11 2
20 42 82
87 53 53
56 29 14
59 1 36
8 72 38
98 82 32
25 105 16
8 18 57
93 38 60
2 111 39
53 95 83
49 50 53
68 87 26
50 91 23
90 76 21
27 40 54
5 41 6
69 61 97
13 74 93
53 83 42
74 13 72
110 25 55
98 14 72
33 98 47
83 51 12
91 77 67
67 52 62
82 47 78
96 63 91
62 101 56
3 86 20
68 42 49
34 70 77
24 2 94
8 114 49
36 51 76
9 25 12
74 99 29
52 113 87
22 117 19
16 59 37
110 55 96
28 67 69
3 28 72
114 23 90
119 59 98
94 71 11
101 67 77
37 27 90
39 119 96
118 81 53
13 76 65
45 118 54
66 7 74
55 96 94
76 68 10
64 2 25
84 51 9
18 65 95
107 20 37
115 78 86
6 97 33
71 96 31
42 68 72
71 13 100
94 30 98
104 110 13
5 12 90
112 13 37
8 46 86
8 96 97
69 83 90
12 13 48
46 42 90
109 84 44
64 110 98
43 26 48
105 49 94
113 19 74
39 64 46
42 18 53
32 0 94
31 79 89
77 89 95
83 58 66
38 15 39
47 115 32
19 45 43
56 50 45
83 17 69
46 58 73
41 13 94
8 78 50
20 1 72
60 117 25
7 66 29
99 70 2
1 17 62
11 51 18
29 105 97
73 39 81
9 12 63
92 62 66
99 20 58
74 34 72
68 119 40
45 105 57
63 12 85
71 43 91
87 25 74
41 97 92
38 11 91
65 2 40
6 16 30
18 63 73
81 64 47
100 13 16
30 114 2
105 68 68
36 111 29
36 77 55
99 108 23
40 86 55
58 17 41
41 66 48
61 32 34
1 57 91
37 91 93
67 56 51
81 113 50
119 103 94
107 82 88
98 16 94
25 98 14
93 78 78
83 52 13
55 56 66
71 98 90
109 72 67
51 61 98
53 101 11
23 63 53
96 61 21
104 107 98
78 5 63
1 54 47
66 89 24
7 49 44
51 86 46
107 87 71
101 2 36
84 116 32
104 22 57
116 114 57
5 94 28
101 48 60
91 37 70
115 99 38
111 80 70
86 53 84
17 41 2
16 54 79
90 30 60
41 24 67
8 94 54
49 78 66
96 117 75
23 84 77
11 112 19
70 54 96
70 55 29
52 41 27
56 64 15
44 34 77
14 39 15
116 64 45
111 118 7
55 40 91
85 30 26
25 9 85
104 79 20
72 114 33
45 40 47
95 83 57
49 4 8
51 88 41
49 89 53
88 20 3
14 69 34
35 42 39
45 88 33
6 115 20
89 2 6
89 83 72
1 98 7
36 69 21
111 8 81
97 0 9
89 74 68
55 28 76
103 70 5
39 30 22
63 22 28
110 36 34
67 53 18
32 34 45
66 63 19
42 37 9
62 52 89
59 104 74
66 90 53
115 45 33
29 28 34
24 3 12
119 117 49
112 46 90
107 77 74
20 82 72
27 102 90
12 83 67
78 114 3
116 115 76
0 23 51
31 58 1
4 95 73
38 91 57
26 93 31
15 20 11
4 6 22
7 77 58
84 78 30
83 94 36
57 34 43
63 119 18
37 93 61
55 88 14
77 73 21
105 34 38
65 21 59
67 45 81
27 50 95
95 76 6
10 28 49
47 39 43
71 73 14
92 20 6
46 98 24
99 77 23
63 115 61
19 82 34
49 20 43
32 107 14
69 66 84
114 80 19
112 77 40
5 68 61
62 89 31
10 89 94
101 13 57
36 16 64
14 29 97
4 55 78
52 115 44
82 55 71
1 100 74
25 103 49
80 90 60
52 47 50
94 62 77
92 1 50
41 57 63
1 78 66
100 57 81
53 91 52
111 30 79
33 97 27
73 114 27
53 60 54
112 83 59
59 32 75
31 78 68
55 77 3
86 94 81
88 23 79
33 59 51
69 108 1
55 109 42
14 45 20
1 112 38
60 15 17
49 53 49
87 60 62
40 61 31
0 59 13
44 99 20
65 89 23
114 43 79
90 78 74
22 93 85
49 80 79
72 49 31
91 22 41
11 8 40
55 38 34
7 84 91
101 24 69
41 8 22
40 14 63
115 88 78
86 108 3
102 4 76
91 5 65
9 102 52
47 80 82
76 78 8
54 7 79
81 83 51
48 95 79
10 21 10
52 118 7
89 102 43
57 33 61
58 118 91
32 87 54
34 109 38
15 88 81
78 12 35
85 39 88
1 113 95
88 82 95
30 116 71
11 9 72
100 89 6
36 92 18
111 119 28
8 38 15
78 107 74
78 84 98
17 25 89
93 24 42
32 14 11
88 92 4
22 113 13
16 29 41
2 114 50
81 12 27
58 80 14
102 100 78
36 7 14
77 33 23
6 96 41
29 80 12
3 27 70
66 86 31
97 15 27
55 68 92
104 95 1
111 94 6
56 97 11
30 47 75
119 34 99
17 71 29
62 102 63
78 85 82
70 79 68
15 82 60
28 16 85
28 95 83
83 118 86
8 87 96
40 70 44
76 65 76
63 15 55
55 113 14
33 95 95
93 112 6
61 76 6
112 93 8
78 20 52
89 98 82
48 39 79
8 77 25
78 35 17
74 48 57
35 95 45
41 81 30
116 90 81
28 18 33
85 14 21
95 93 62
11 53 47
7 61 26
30 16 90
66 60 12
65 53 25
116 110 35
118 39 86
33 32 25
63 100 85
32 105 42
60 22 47
42 41 39
96 68 76
74 20 30
43 76 88
69 9 27
117 61 36
56 11 71
5 54 78
46 24 77
88 15 62
83 3 53
15 49 37
19 69 66
78 55 72
54 93 92
54 57 35
12 114 9
25 112 96
93 116 84
62 29 46
81 71 38
105 30 58
100 6 69
101 94 18
69 48 60
5 21 63
52 91 57
60 109 26
43 30 38
92 32 93
35 101 56
49 70 54
86 17 94
97 63 31
1 9 3
11 37 55
118 89 99
50 10 45
9 20 71
47 79 79
16 68 100
36 11 16
95 12 18
86 32 100
43 9 97
9 76 20
58 99 54
114 11 79
99 68 78
17 84 71
38 115 26
109 30 48
5 90 45
69 32 93
32 35 3
85 36 65
15 59 17
63 82 68
84 13 18
41 39 12
17 37 23
111 67 31
87 90 100
33 27 78
83 74 51
50 29 90
0 35 51
33 4 59
28 36 72
117 114 93
84 4 31
74 85 65
7 91 26
82 66 38
104 112 5
41 68 72
58 39 77
77 58 71
43 20 24
116 56 3
13 23 15
76 46 52
110 94 72
55 44 39
49 107 65
52 55 75
65 73 7
57 4 94
62 60 92
104 69 38
57 74 79
51 101 7
98 15 26
104 46 89
79 25 11
45 108 83
52 67 51
77 99 16
67 76 30
102 13 33
6 10 47
95 24 74
36 100 57
84 62 100
92 16 46
45 96 100
7 60 18
118 18 19
11 100 58
89 108 14
76 3 20
38 119 1
20 84 65
25 48 82
31 102 85
9 80 93
40 63 29
93 53 35
51 74 58
33 82 86
49 112 79
4 119 96
76 52 49
54 46 42
25 91 38
88 116 73
54 64 54
9 41 80
21 43 17
70 24 75
93 61 9
66 15 73
27 47 14
102 37 52
2 118 38
10 17 9
96 45 33
47 31 10
71 6 51
114 118 76
91 38 30
14 112 91
28 60 93
60 43 35
1 4 100
18 35 100
61 69 5
58 83 84
96 107 84
112 100 3
69 25 93
94 34 54
46 38 46
0 68 33
54 3 95
58 91 14
27 43 35
14 52 47
37 86 17
60 72 3
74 51 29
107 1 11
44 58 19
105 1 62
81 96 11
88 103 24
102 36 13
117 116 27
94 85 20
91 40 85
19 42 83
1 51 15
7 42 24
116 66 28
104 4 39
45 73 80
82 32 14
111 97 44
88 94 72
5 8 24
47 100 47
48 54 65
26 97 22
86 83 84
23 53 63
38 61 7
108 111 85
39 14 98
100 19 26
26 89 72
81 87 12
40 9 24
36 38 29
73 51 17
16 111 48
42 34 87
13 16 28
27 24 42
112 3 58
52 111 67
49 109 42
68 61 39
8 54 83
119 37 11
30 65 11
7 37 88
20 44 42
84 117 24
92 90 59
16 82 82
35 12 34
3 81 71
74 7 87
104 1 58
36 37 36
66 55 97
82 42 45
88 114 75
83 82 46
103 112 78
80 2 74
60 84 64
83 32 89
38 117 77
115 4 12
99 116 1
62 2 73
55 10 52
98 0 21
70 30 17
6 117 13
50 45 21
54 18 2
42 108 95
34 60 47
85 78 9
58 46 82
42 64 14
97 65 75
39 45 16
98 102 53
16 55 77
15 103 66
39 76 31
79 101 95
43 35 69
113 78 53
100 36 85
79 117 93
97 105 100
119 28 94
108 82 5
33 46 67
108 64 3
93 97 9
88 50 10
83 26 46
115 24 24
64 104 84
97 115 80
115 116 82
2 50 86
118 9 81
77 61 12
28 55 76
5 47 88
50 101 65
71 26 64
115 103 75
42 119 57
96 21 47
4 72 52
34 41 40
86 14 44
51 24 98
109 29 18
6 77 54
68 45 94
95 92 88
65 8 86
59 72 20
59 83 87
33 73 99
99 42 47
38 95 82
110 78 84
90 3 35
41 26 14
38 100 86
7 52 51
73 0 72
98 43 58
103 119 71
90 5 54
17 67 66
78 42 25
36 109 74
107 51 72
63 85 60
79 39 58
89 12 79
46 3 90
92 57 54
103 94 12
90 61 48
39 81 15
39 42 70
100 116 29
22 119 87
30 27 5
17 59 36
101 110 55
80 89 93
110 20 50
94 21 30
118 60 55
96 62 52
17 45 71
88 28 6
104 55 76
45 109 36
32 24 69
115 50 32
109 119 96
43 93 84
85 65 36
5 32 77
79 3 35
32 84 58
89 0 71
50 81 13
21 7 19
82 58 50
55 93 5
64 77 37
3 18 54
52 48 48
84 59 71
40 89 24
25 4 58
50 76 100
110 12 51
119 15 52
61 11 45
56 103 34
45 63 32
100 104 25
115 49 56
34 119 3
116 84 56
38 59 32
57 92 26
66 109 42
55 62 13
6 66 63
85 112 39
58 86 41
110 6 30
111 20 76
109 3 73
110 73 11
63 88 70
2 92 78
110 98 54
118 38 86
40 55 6
96 11 1
40 12 68
94 72 59
68 1 69
94 103 46
100 7 67
65 47 49
114 78 12
4 13 81
45 54 41
73 99 20
70 64 34
82 118 96
22 58 25
54 65 83
105 98 5
87 22 50
63 30 86
108 28 88
79 65 30
87 23 70
39 5 29
97 56 85
20 27 65
17 1 21
48 18 37
109 102 59
21 54 52
3 21 62
4 63 86
24 0 61
19 15 20
19 59 33
103 89 98
28 12 100
92 99 41
88 42 69
37 2 23
66 42 71
59 97 87
6 20 78
16 63 93
54 105 61
55 0 53
71 86 82
12 41 37
100 0 100
109 113 89
28 93 60
78 29 50
8 92 86
53 1 23
43 13 79
51 79 7
46 85 98
117 100 51
39 18 64
54 60 50
47 66 57
22 71 6
33 41 95
70 43 1
80 8 81
85 116 32
68 76 84
55 104 16
87 101 8
68 21 49
50 87 44
22 45 91
13 27 95
23 107 16
51 8 41
25 97 16
103 47 96
18 68 75
91 110 25
2 58 45
57 71 28
2 17 24
10 51 6
103 56 60
87 116 46
55 95 83
44 83 70
31 26 3
12 36 10
95 38 100
107 81 70
105 64 50
65 81 23
113 51 39
5 45 50
17 5 15
70 38 63
93 74 6
7 114 85
107 46 39
0 117 91
26 76 82
13 17 67
37 7 1
110 72 74
87 80 20
26 63 13
69 4 62
57 5 27
32 115 45
21 0 84
108 17 37
88 56 30
74 115 53
59 98 39
112 47 77
45 110 92
3 47 76
54 63 46
2 97 66
26 0 17
20 8 79
35 5 63
43 97 60
60 55 22
62 64 58
85 70 31
107 70 98
101 58 17
105 5 98
53 62 92
30 21 17
25 85 67
112 23 73
99 8 11
1 111 36
24 58 54
51 56 25
83 85 39
107 4 43
104 59 15
83 84 28
58 10 74
65 70 95
115 119 73
52 84 76
70 25 68
79 104 4
104 58 35
14 110 23
79 43 90
42 72 99
30 67 17
117 95 32
44 90 45
52 63 90
115 23 13
69 117 53
29 117 49
15 50 55
12 37 28
12 90 44
51 102 31
72 9 38
50 32 6
7 24 87
70 112 29
91 0 50
92 24 87
19 113 91
94 53 38
57 32 73
20 64 12
17 51 97
100 94 67
49 116 84
19 44 20
82 65 60
12 26 69
34 63 24
18 69 99
8 73 3
45 115 99
26 101 62
48 82 68
93 29 29
71 20 99
86 44 33
30 90 31
40 16 99
15 112 91
102 23 96
104 116 15
18 101 75
92 37 13
11 17 29
40 118 6
96 109 43
46 62 5
63 51 74
13 96 28
13 25 90
54 26 31
26 98 56
83 28 4
25 44 94
12 29 87
71 45 49
65 88 80
79 110 51
116 27 39
112 87 57
17 88 24
22 95 87
80 44 86
56 69 69
20 49 13
40 32 15
107 48 91
86 18 73
67 26 32
82 109 16
28 98 26
51 110 57
3 49 74
102 93 5
58 115 1
49 15 40
67 36 56
66 74 83
21 28 35
6 111 65
109 116 2
18 5 8
92 93 38
41 3 3
100 52 63
4 50 41
62 9 7
26 9 96
112 45 44
50 66 90
12 58 39
93 35 7
29 118 54
6 73 20
29 32 37
90 46 20
102 96 41
63 49 97
108 114 89
33 0 65
35 58 27
15 19 98
20 4 10
22 91 19
73 115 98
84 79 45
15 46 42
21 69 97
91 81 96
86 5 62
23 99 97
51 21 91
11 81 21
26 14 14
51 55 100
78 45 34
14 107 10
110 21 1
25 96 49
109 54 44
28 102 54
118 24 33
116 24 86
32 4 17
69 113 3
69 81 60
23 30 16
21 32 74
32 63 43
0 30 30
80 61 96
81 73 21
100 67 9
109 93 33
62 44 31
69 1 16
63 19 92
96 84 55
61 52 12
40 102 92
38 19 17
59 77 34
25 7 84
100 48 98
16 44 72
112 95 73
81 14 90
43 24 18
72 94 36
58 44 80
27 3 27
10 57 63
22 62 33
9 2 15
107 94 47
77 16 10
11 20 31
105 50 9
15 61 63
14 72 71
82 63 85
2 4 65
8 49 88
6 92 27
1 46 87
118 4 85
102 35 88
34 84 28
7 27 99
64 58 30
30 98 95
58 76 74
48 73 77
115 19 31
113 50 40
34 67 80
94 20 69
37 0 32
48 101 86
24 41 15
3 107 14
63 48 53
82 64 98
0 33 85
43 18 99
17 9 27
86 26 48
43 110 88
89 91 55
119 63 27
65 66 51
94 93 3
100 18 3
91 47 2
85 64 69
37 108 50
23 109 82
114 77 67
46 80 45
0 76 17
62 28 59
32 86 79
94 59 72
36 23 17
39 2 36
56 100 4
53 14 28
73 92 38
19 118 13
80 97 33
104 29 19
109 14 54
119 0 44
76 112 69
2 77 11
74 113 51
59 43 88
109 64 20
69 74 23
54 39 9
27 70 42
116 3 61
84 14 31
60 48 43
109 22 8
107 61 31
96 32 3
85 76 20
32 7 53
40 71 84
24 81 14
57 73 1
10 72 74
63 89 93
24 119 43
77 7 1
114 66 8
49 68 75
23 93 86
71 62 69
34 13 1
101 42 90
64 81 62
40 116 53
103 19 88
25 82 76
2 25 64
98 23 65
57 12 19
87 81 47
32 96 18
62 66 37
36 54 100
67 114 59
100 88 73
108 91 46
33 88 52
39 13 22
92 21 23
62 87 97
7 86 51
107 30 39
113 53 2
53 119 56
34 61 23
103 29 51
34 96 31
98 41 75
63 109 85
53 114 39
110 62 4
4 83 89
9 113 42
97 93 94
97 41 10
86 34 57
69 116 38
54 56 24
28 53 41
52 6 88
109 19 11
7 67 91
77 118 31
79 80 34
5 87 31
85 52 70
29 66 98
37 40 74
114 72 71
73 57 62
97 13 60
69 24 96
64 92 50
87 107 59
46 97 15
23 3 39
49 113 24
35 30 8
47 43 78
77 24 84
0 113 19
3 45 84
26 37 68
26 32 91
16 50 49
43 16 97
24 71 52
22 35 91
57 97 18
42 39 50
76 70 98
44 86 45
72 119 8
7 115 67
92 47 78
70 104 22
47 53 6
35 112 36
110 92 54
42 81 13
16 34 22
53 47 61
97 2 34
31 32 46
78 21 68
55 25 5
102 5 32
98 107 79
17 92 44
54 48 8
17 65 93
24 108 67
27 86 48
111 69 55
88 47 36
94 108 41
110 15 20
89 79 57
45 13 78
39 114 47
117 39 4
116 5 9
2 78 85
98 57 88
41 89 23
46 53 58
29 100 87
20 17 92
4 45 16
115 53 48
28 62 93
27 25 14
12 100 63
30 41 5
97 42 40
73 69 21
42 53 83
65 0 58
47 84 70
0 43 53
98 38 70
93 96 1
35 9 73
21 48 49
47 50 16
37 116 39
7 94 34
38 110 15
94 16 2
110 59 25
117 109 1
101 18 27
23 83 52
59 23 90
43 62 79
29 62 88
96 69 28
9 37 33
104 117 77
69 22 72
44 67 54
20 85 100
100 3 80
8 4 47
10 55 45
45 66 63
91 99 48
49 79 18
45 3 67
42 48 89
110 19 89
52 103 82
64 0 37
59 45 69
72 59 27
66 101 48
119 16 27
95 91 48
14 55 96
4 90 23
65 74 8
78 15 57
18 42 65
116 54 59
49 21 81
1 26 98
31 23 31
103 85 10
25 31 33
80 23 56
101 62 74
69 18 48
94 67 6
50 7 8
14 13 29
16 58 52
5 99 8
104 111 69
48 100 22
57 31 1
83 5 95
26 115 40
8 52 7
32 36 14
87 16 58
104 74 88
42 32 53
77 19 39
72 80 21
109 115 45
48 68 7
69 103 72
89 55 87
15 64 38
61 101 22
89 118 36
94 95 74
85 60 89
67 111 32
49 37 60
33 112 58
67 101 5
18 55 21
37 16 78
78 108 86
0 82 58
70 53 2
44 76 7
71 97 28
9 31 46
35 80 57
48 117 50
78 0 61
47 14 69
36 89 5
116 85 81
65 38 24
30 60 45
23 104 88
89 87 94
26 1 63
8 39 51
11 65 1
92 108 14
24 13 35
95 45 39
59 92 14
66 62 49
69 65 27
35 15 20
98 58 34
67 62 1
6 58 98
35 25 42
1 117 90
118 63 41
94 116 58
41 0 95
21 76 85
76 50 20
9 59 52
80 36 77
81 97 89
16 92 53
81 78 54
102 69 36
76 85 82
86 21 39
27 28 15
118 58 15
99 96 40
99 24 81
19 57 3
45 94 59
55 97 99
117 94 33
91 95 74
87 68 27
6 80 31
66 93 53
72 63 90
59 19 71
60 49 92
9 93 61
36 20 42
68 72 40
30 74 36
62 34 98
63 17 25
115 48 72
43 92 89
102 81 83
78 81 100
104 32 27
5 100 84
1 40 58
49 72 50
39 83 84
10 112 96
58 113 7
110 114 28
113 74 7
74 6 95
111 15 33
64 82 70
81 33 97
19 95 46
112 119 78
71 94 69
87 69 38
23 6 38
24 114 39
68 20 84
0 85 98
42 109 52
68 32 13
63 90 71
29 44 82
74 60 12
114 45 68
115 117 95
96 10 24
100 20 51
60 103 46
104 51 76
16 91 88
23 94 20
50 89 13
81 91 27
55 16 68
87 54 71
72 35 70
103 36 40
93 17 25
87 85 88
29 34 73
18 39 29
81 0 25
50 94 51
85 35 27
43 108 64
48 13 74
14 61 69
15 68 38
115 3 48
14 46 17
54 96 45
73 107 81
56 118 59
47 41 10
90 86 23
77 88 95
28 83 2
86 104 78
53 8 44
38 27 39
98 103 74
52 25 78
43 25 87
56 80 44
101 68 63
91 32 11
18 53 32
7 70 72
93 52 95
56 35 35
76 8 38
11 15 24
10 68 89
25 17 47
37 113 1
107 28 88
35 87 32
7 58 46
71 80 35
12 79 34
102 41 8
66 99 86
109 35 83
87 7 78
99 31 61
112 28 4
48 92 10
30 88 5
109 70 62
90 81 84
31 37 92
26 66 52
4 73 63
61 30 79
43 79 87
60 24 2
94 45 42
31 9 88
87 43 97
95 102 34
21 18 84
91 73 71
87 77 42
70 59 96
4 42 93
85 97 66
13 53 35
3 117 41
78 49 57
47 105 21
18 62 21
14 118 72
19 11 45
62 3 13
26 45 30
54 68 72
65 91 22
102 26 75
102 77 53
72 28 79
41 6 62
44 119 93
43 91 59
4 2 7
83 54 62
25 114 78
29 101 90
102 118 38
32 101 21
6 59 87
73 71 69
37 57 8
108 33 71
48 49 96
36 108 65
11 25 86
51 113 21
73 56 41
57 58 77
113 15 30
53 50 86
76 55 34
91 43 13
51 87 95
34 43 17
18 88 15
42 110 97
104 44 90
119 1 99
61 5 71
16 96 25
72 101 30
87 70 87
53 98 18
49 27 94
69 95 68
113 46 10
6 50 73
44 20 33
31 114 26
21 42 36
114 110 99
93 62 4
76 88 55
44 45 86
80 58 63
74 93 93
100 76 31
60 54 88
12 7 58
13 78 5
9 84 79
67 23 37
79 86 68
112 8 11
95 46 28
3 102 43
43 0 75
11 101 2
17 97 91
80 82 55
86 110 51
18 4 11
3 82 16
41 107 23
20 31 44
84 35 54
93 63 21
76 98 36
3 30 82
0 93 37
55 110 34
1 47 13
83 69 70
52 83 62
94 42 44
117 1 71
54 12 75
90 32 22
35 57 32
2 66 88
21 49 37
77 62 46
82 46 65
10 96 64
113 92 48
62 86 7
108 84 44
30 53 26
8 50 10
6 33 77
118 26 57
18 29 49
30 110 9
112 9 36
18 118 28
90 113 42
114 12 32
29 12 65
16 71 52
59 90 78
99 28 43
16 26 62
69 59 58
74 11 46
30 32 57
89 21 5
35 39 9
87 21 84
110 30 80
91 103 19
21 56 11
31 108 83
69 26 90
33 89 14
59 38 99
63 36 51
44 61 7
66 36 58
83 62 64
8 119 35
9 70 23
88 55 85
17 74 6
54 14 9
68 96 10
102 101 41
34 88 2
83 67 68
49 71 52
17 72 95
63 4 88
24 54 21
22 3 36
104 47 99
12 5 100
19 2 96
6 30 85
113 100 82
72 41 88
5 42 77
39 49 16
0 118 42
86 118 44
101 112 85
25 84 5
13 2 88
95 57 29
45 59 65
14 111 55
27 6 34
95 111 33
22 68 84
86 1 70
17 107 74
78 70 31
17 31 23
113 52 24
34 37 27
64 63 42
6 60 61
71 91 28
91 29 59
72 60 70
0 57 26
117 80 98
15 90 6
111 73 59
29 21 44
76 37 81
29 87 70
113 38 36
92 83 69
92 67 3
65 41 2
98 80 61
3 68 83
113 42 41
30 105 86
95 109 18
36 18 55
35 70 44
97 9 18
79 94 91
13 37 52
116 92 19
19 108 56
67 69 68
62 17 24
42 5 53
65 103 95
58 109 6
28 51 93
81 47 92
31 16 16
118 12 65
17 83 13
103 16 30
14 64 34
88 49 18
23 59 54
28 35 11
40 50 13
70 41 33
92 18 30
32 2 33
101 43 47
13 55 62
56 49 27
21 117 3
12 25 56
75 101 43
75 11 57
75 24 63
75 119 66
75 5 15
75 89 3
75 76 55
75 94 52
75 69 91
75 19 75
75 37 44
75 51 19
75 2 56
75 107 84
75 43 11
75 16 98
75 12 45
75 15 65
75 108 31
75 66 79
75 93 77
75 87 59
75 81 70
75 111 34
75 55 64
75 52 1
75 54 61
75 1 45
75 74 48
75 22 12
75 41 92
75 13 23
75 85 17
75 99 76
75 109 44
75 80 44
75 49 100
75 44 38
75 33 88
75 98 8
75 79 78
75 62 64
75 3 92
75 64 2
75 73 100
75 95 34
75 61 27
75 25 13
75 91 29
75 35 100
75 21 48
75 53 13
75 31 19
75 82 59
75 72 20
75 20 23
75 4 92
75 63 48
75 59 32
0 106 71
1 106 70
2 106 87
5 106 79
8 106 9
13 106 73
14 106 74
15 106 6
17 106 41
18 106 79
20 106 6
21 106 70
22 106 91
24 106 72
28 106 56
29 106 72
31 106 76
32 106 66
33 106 47
37 106 74
43 106 61
47 106 15
51 106 65
52 106 7
55 106 51
56 106 17
57 106 9
58 106 33
59 106 69
60 106 40
61 106 9
64 106 49
65 106 52
66 106 66
69 106 99
72 106 80
76 106 34
77 106 34
78 106 44
79 106 40
83 106 54
86 106 22
87 106 34
89 106 65
90 106 28
91 106 6
92 106 18
93 106 81
94 106 38
96 106 47
97 106 98
100 106 19
101 106 42
102 106 100
105 106 45
107 106 73
108 106 65
109 106 19
112 106 41
115 106 96
116 106 15
117 106 61
119 106 100
