44
80
154 142 67
94 99 93
29 3 69
33 136 2
166 150 70
41 146 75
53 86 56
54 139 38
26 107 8
55 45 17
9 2 21
107 29 63
78 85 88
110 92 5
18 42 48
50 72 87
140 101 61
95 21 39
82 40 83
101 23 80
103 3 24
28 8 50
132 131 11
95 125 0
136 141 19
64 130 40
79 156 90
150 28 20
157 42 4
161 87 42
2 88 5
11 77 95
162 160 2
107 71 75
27 35 66
52 46 12
18 90 75
56 116 16
89 45 0
97 25 37
19 33 91
87 89 59
130 12 3
41 39 88
57 36 91
87 74 26
37 91 100
134 9 88
4 121 80
114 164 25
169 54 97
153 29 39
60 164 71
85 136 3
32 150 13
125 3 43
89 103 2
13 42 97
20 73 54
132 57 36
93 139 91
65 115 43
82 151 56
63 129 60
100 153 94
120 26 41
14 38 33
140 81 67
16 28 17
52 25 14
137 103 50
32 24 83
101 110 85
10 157 16
157 16 66
9 100 94
21 75 24
36 26 2
134 42 35
102 33 54
160 78 100
141 149 15
81 10 3
136 151 41
67 36 68
71 112 7
128 122 56
132 61 48
157 3 64
90 108 61
98 132 60
35 150 54
100 60 56
64 27 13
118 48 37
57 117 59
113 6 46
29 101 69
161 90 13
46 62 56
90 42 49
13 95 75
142 52 47
65 33 8
97 9 85
90 143 73
88 91 46
12 69 11
47 87 97
94 165 92
83 48 0
81 164 98
12 1 23
73 7 94
40 127 34
131 167 33
144 129 14
75 63 56
148 119 96
48 150 5
84 101 97
36 139 50
79 53 78
128 82 21
5 3 6
16 113 40
39 58 95
93 107 25
128 78 42
97 22 32
1 82 57
29 32 19
77 14 75
73 67 8
154 95 30
155 97 16
42 159 38
71 33 75
9 73 77
45 43 56
104 92 66
52 150 98
84 75 71
129 29 99
3 128 68
128 39 72
106 96 93
20 109 36
75 85 22
37 19 62
147 12 12
75 146 28
42 131 48
119 10 54
28 56 85
83 135 37
0 8 92
72 19 98
49 104 100
63 66 45
87 98 97
17 152 96
65 158 49
154 152 82
34 45 71
15 139 19
24 57 44
136 159 55
1 31 20
15 79 54
101 78 11
19 49 11
109 146 53
95 43 24
123 13 95
31 60 11
27 83 47
8 41 41
55 125 91
71 121 90
36 132 100
89 18 34
158 99 97
66 26 85
53 37 19
93 109 91
58 147 98
26 27 63
118 145 37
86 8 36
104 108 87
54 19 86
116 34 85
18 27 35
127 11 92
39 34 0
43 24 18
100 72 73
126 122 55
48 43 15
154 39 10
41 168 86
30 116 12
18 147 68
27 72 58
155 164 97
159 60 49
31 92 100
92 41 64
167 165 84
161 159 46
11 78 57
155 45 85
147 79 3
119 45 45
21 161 80
145 135 88
110 18 33
91 54 72
138 113 29
95 25 60
88 127 55
39 38 71
143 82 6
133 64 63
159 62 94
51 82 70
139 130 4
14 28 9
72 27 7
54 94 7
4 163 1
141 35 13
46 12 71
87 75 84
151 76 94
31 143 12
6 112 10
45 148 36
105 61 80
85 56 50
130 168 97
130 57 2
112 116 38
53 74 39
128 91 86
107 52 75
74 23 6
157 124 5
150 108 32
49 73 33
151 10 68
54 136 53
33 23 11
59 145 66
137 106 88
127 96 54
158 116 22
146 90 16
54 146 20
34 25 87
19 22 71
130 157 21
42 105 48
116 114 45
79 95 53
147 20 11
141 104 22
152 29 99
22 155 53
36 113 74
145 88 70
54 32 26
36 83 71
36 38 12
109 10 86
156 126 74
153 111 8
77 159 53
156 103 18
113 123 65
33 38 19
118 71 29
97 118 18
31 140 21
114 140 40
154 148 73
69 99 51
34 154 20
51 3 94
37 114 18
56 5 73
32 39 80
97 19 98
130 91 67
101 150 87
83 51 91
144 55 22
92 120 51
123 164 80
64 70 48
15 77 24
167 162 19
59 141 11
90 134 87
151 152 30
42 17 61
9 153 95
109 147 19
47 51 41
66 23 27
41 18 67
103 133 13
83 87 59
158 53 38
100 155 23
157 85 81
103 89 79
58 99 25
50 145 36
96 46 49
159 82 69
154 132 87
107 95 33
144 95 15
11 71 95
5 71 16
92 12 37
78 63 84
42 24 10
154 105 89
103 139 0
140 75 3
164 135 47
130 137 69
28 41 51
121 134 75
149 133 91
105 124 6
106 11 89
142 6 20
149 11 37
10 45 2
112 50 58
154 17 15
43 27 6
88 144 51
136 35 19
45 114 44
16 109 72
102 24 67
149 110 8
59 162 79
156 138 4
131 145 9
71 12 4
34 134 44
45 53 46
36 69 37
86 89 97
115 129 71
162 110 93
6 111 32
9 14 78
137 138 35
144 146 56
107 69 22
67 128 43
100 16 94
130 107 20
141 81 4
66 158 32
53 28 95
135 139 72
165 71 61
123 114 90
109 115 7
160 29 21
21 26 99
130 21 27
129 169 47
103 26 51
128 90 65
105 139 6
1 57 95
58 84 92
164 111 68
100 81 88
141 151 58
100 157 36
101 73 2
49 51 93
66 37 34
70 13 14
42 156 81
109 126 95
75 112 65
69 128 50
167 16 51
140 93 7
121 50 70
96 154 14
151 144 87
24 49 17
108 47 95
116 11 6
24 146 85
7 95 85
28 33 76
4 89 49
159 75 43
97 33 79
138 159 18
69 105 85
74 35 46
69 149 85
168 112 91
58 129 20
103 125 100
146 141 24
128 154 53
133 161 25
37 39 51
58 78 25
21 134 44
161 95 35
95 7 64
76 26 74
25 158 20
41 96 35
70 37 79
31 102 16
53 153 18
6 93 39
143 84 82
36 51 0
95 34 39
119 160 41
127 56 80
38 103 44
66 144 92
125 100 77
129 156 94
47 54 49
30 42 85
63 166 17
149 76 39
57 54 96
19 99 31
118 45 74
9 136 1
86 2 42
58 69 75
25 55 100
168 35 69
4 53 70
11 91 14
74 11 9
123 140 27
123 35 29
143 129 11
23 10 60
118 57 58
69 138 96
96 11 50
68 116 49
103 4 48
27 11 19
111 130 87
124 82 14
77 51 45
77 134 52
121 92 77
70 149 91
98 9 46
120 49 94
110 34 4
70 84 1
24 91 77
58 59 18
134 41 40
135 160 65
59 42 86
169 74 74
43 10 21
66 21 13
38 50 60
47 163 63
70 24 97
93 114 32
115 13 11
33 132 34
79 133 63
99 81 22
10 124 67
144 99 17
26 1 57
113 84 80
122 142 75
16 37 0
117 163 31
159 12 43
97 115 94
124 142 57
34 95 85
9 139 24
75 136 57
110 45 31
8 77 53
163 101 93
140 27 20
139 20 14
76 142 72
73 92 48
21 11 84
16 149 88
62 160 48
159 7 71
16 38 86
39 87 79
37 136 18
37 107 44
23 167 39
122 0 12
61 137 82
120 143 11
16 151 77
143 165 23
74 100 88
48 89 20
9 1 58
74 29 96
84 32 43
48 169 8
11 75 63
100 39 38
72 86 47
119 4 86
118 125 71
26 99 18
153 115 65
62 45 32
116 110 30
109 114 70
146 156 59
17 21 93
139 93 38
125 14 82
112 20 0
104 86 57
148 19 97
123 42 50
90 97 19
82 45 4
124 92 73
35 93 16
55 110 23
168 101 4
110 66 52
153 78 71
165 45 26
58 1 13
151 137 53
38 162 24
108 61 12
78 56 21
24 70 60
9 82 27
125 63 64
100 37 29
141 117 13
82 157 8
105 50 66
47 127 99
45 75 15
94 154 14
52 169 62
117 154 44
108 137 26
158 114 57
142 121 58
124 71 24
1 152 48
42 21 36
105 153 9
145 99 82
86 131 2
150 36 38
114 143 60
60 123 56
56 28 28
5 132 54
62 138 60
37 120 82
162 48 58
133 7 75
65 79 13
144 79 92
49 108 29
99 57 73
63 78 29
152 82 28
167 126 54
64 134 39
94 82 94
0 136 78
1 11 70
31 2 45
100 144 0
45 2 98
40 159 35
147 146 93
136 49 69
118 68 32
24 129 76
121 140 88
101 82 90
100 34 47
72 146 76
166 62 93
161 131 0
14 102 40
72 167 25
136 156 5
52 32 58
114 130 19
85 5 8
164 22 95
48 15 50
15 111 49
62 33 27
19 158 31
130 100 75
65 45 84
149 16 90
9 112 9
109 31 39
134 40 80
97 138 69
115 57 50
83 94 46
118 158 5
18 37 17
53 15 17
1 37 87
160 146 45
34 1 23
103 57 14
13 107 65
26 38 10
146 83 97
91 138 58
32 98 96
97 137 17
94 13 49
49 128 86
159 97 73
68 78 57
39 100 80
23 40 62
101 41 73
47 151 24
90 128 52
83 134 62
6 3 67
29 9 15
66 119 71
27 130 49
98 163 83
57 60 73
94 125 34
138 141 65
93 22 5
40 96 58
57 47 80
110 129 53
102 139 56
14 130 70
52 51 71
37 99 43
15 142 65
169 92 24
94 118 96
73 111 12
72 9 50
19 108 75
81 30 65
45 36 42
156 96 39
131 81 8
52 55 76
138 109 54
138 13 22
128 13 93
153 152 40
105 52 64
92 168 66
148 53 0
168 161 55
21 51 74
63 11 96
30 87 31
85 143 75
116 149 17
68 33 93
107 76 44
69 118 11
65 90 88
9 131 30
58 102 52
148 88 83
19 25 88
66 72 89
112 57 76
153 124 40
42 162 91
69 1 92
154 82 56
154 90 6
149 126 31
108 149 34
43 97 75
95 75 21
24 1 76
6 55 94
123 38 37
164 166 95
117 141 82
14 10 82
140 47 43
146 126 75
117 53 49
36 155 80
113 87 72
102 28 36
90 154 77
17 53 43
139 97 4
24 26 37
128 164 27
115 152 2
97 96 68
7 115 36
115 84 37
59 136 46
125 154 100
163 157 50
59 124 32
73 58 7
4 20 27
163 89 56
110 24 24
123 155 100
107 131 59
132 56 28
36 67 69
127 33 10
32 126 78
162 55 57
130 61 68
90 23 12
65 27 70
54 70 52
134 102 24
55 152 29
65 82 87
118 152 19
30 97 9
18 26 94
77 55 92
156 65 51
168 81 89
15 169 93
138 36 41
115 106 94
37 106 96
109 152 25
50 84 39
169 6 24
31 30 3
81 110 93
120 34 100
84 70 27
88 1 66
114 1 80
94 83 83
101 96 87
148 142 39
122 6 72
109 148 67
151 159 74
27 137 36
132 120 28
137 57 78
53 25 60
6 130 100
117 94 97
165 94 46
43 96 52
25 21 90
41 15 70
38 86 11
97 134 46
20 136 32
39 9 26
77 114 34
165 154 46
141 73 89
55 51 89
3 15 100
45 9 94
37 96 43
83 4 74
115 66 56
115 102 91
130 49 66
89 91 61
72 59 26
5 161 72
165 136 58
131 71 8
56 135 90
126 78 0
33 167 45
20 54 77
41 95 32
38 116 78
136 77 89
110 60 75
4 17 64
146 168 30
34 169 94
72 22 16
38 30 66
8 4 5
108 117 47
29 92 44
43 103 48
82 98 39
47 131 46
57 6 59
161 112 31
46 145 61
121 141 78
145 28 78
66 163 81
14 27 39
125 95 41
12 15 1
91 63 66
46 127 5
29 108 15
148 8 21
86 26 50
25 118 91
149 3 16
32 137 97
94 143 98
81 3 21
35 75 65
2 4 16
56 134 35
103 101 86
58 60 14
115 17 95
131 153 12
153 126 87
50 88 97
9 119 40
11 92 22
76 75 63
102 135 28
47 28 54
142 73 43
21 150 86
114 92 17
124 40 100
105 88 68
6 146 43
110 40 21
136 15 32
67 23 98
135 70 62
59 118 39
102 107 50
162 30 50
46 94 89
100 66 96
118 60 30
127 88 44
53 8 22
2 108 20
120 38 92
86 63 33
152 165 99
34 16 76
89 111 53
90 76 62
167 8 25
160 70 28
1 154 74
139 76 48
123 82 19
67 75 93
130 90 96
140 131 72
38 91 0
107 137 86
106 27 18
160 144 15
166 113 87
129 115 61
131 124 32
74 92 20
46 19 86
13 71 92
103 51 38
83 85 87
29 52 91
64 105 59
100 102 71
17 12 1
114 60 34
94 103 68
140 84 75
83 90 88
161 145 48
91 64 12
117 84 26
68 91 48
1 128 89
78 27 82
147 117 98
136 123 56
103 99 10
100 35 40
166 94 25
161 74 99
34 7 91
154 83 78
164 27 26
47 134 47
10 104 17
57 37 60
36 6 33
21 73 4
126 68 6
88 83 72
90 142 82
4 112 84
164 26 8
126 77 97
109 42 45
57 148 48
87 135 25
115 46 3
90 124 2
29 81 82
28 58 91
97 135 20
121 15 23
103 96 0
120 165 79
159 67 97
129 150 23
157 110 24
118 85 93
87 150 75
45 97 41
81 85 20
48 58 24
122 102 10
61 168 1
10 1 12
106 35 16
25 166 28
164 112 39
43 36 35
7 112 0
137 39 81
124 111 63
124 11 76
17 72 42
124 91 82
17 97 55
42 32 68
7 139 79
127 39 88
103 29 83
4 134 23
66 127 68
121 114 66
137 30 22
33 41 100
167 125 22
27 135 90
60 59 39
69 43 42
131 109 53
120 105 26
89 120 37
157 119 14
4 86 53
96 33 97
95 167 46
62 106 40
128 96 69
91 13 61
123 10 11
100 165 86
71 40 92
18 15 16
64 111 56
4 81 76
167 158 65
19 166 89
117 60 10
121 142 25
30 81 6
134 71 37
76 79 90
106 33 68
147 167 26
164 11 86
162 87 46
2 96 86
157 128 34
57 15 100
24 115 22
74 53 15
144 102 86
89 6 51
158 24 48
17 146 61
1 105 37
54 21 87
155 106 95
105 57 85
105 145 84
85 10 55
11 136 4
150 55 13
148 97 23
28 45 7
108 166 74
122 18 72
21 89 80
75 151 72
36 59 77
51 39 40
88 3 9
99 140 99
99 30 53
35 120 92
28 38 57
2 117 12
124 45 69
51 60 69
53 19 14
138 56 25
119 25 43
22 169 35
23 93 7
132 25 60
104 45 64
143 89 55
53 123 24
99 93 79
68 99 80
28 132 88
122 14 45
150 16 97
98 158 23
99 110 78
167 152 62
65 99 12
132 129 29
13 155 86
138 131 9
76 74 87
54 109 13
2 43 43
16 146 8
63 34 88
4 154 54
54 144 12
137 131 33
45 135 31
30 13 12
127 15 65
148 130 19
134 97 36
13 133 83
46 132 21
51 166 70
67 95 2
36 121 35
87 13 77
36 56 2
145 71 95
99 156 90
106 169 89
97 26 19
129 33 21
149 106 19
63 2 15
19 79 54
167 169 19
134 51 0
60 1 59
138 156 66
6 152 70
153 94 58
21 141 1
3 58 36
18 60 2
129 8 42
141 144 55
104 4 4
11 59 95
92 145 4
164 161 53
76 63 87
108 64 36
2 147 13
89 30 91
23 71 6
86 112 71
153 97 41
47 95 50
158 110 13
25 157 51
58 143 47
145 105 67
89 112 89
106 135 32
45 8 47
129 28 37
155 13 4
162 146 6
77 29 16
35 50 84
144 32 46
160 72 68
110 98 45
134 147 83
106 66 0
124 4 74
35 69 85
83 157 30
110 167 15
52 22 57
81 155 67
114 72 72
35 66 66
94 93 95
91 0 58
37 115 85
140 40 72
46 29 91
140 15 31
18 151 96
34 111 68
16 86 96
4 24 79
85 66 56
13 59 63
82 118 34
125 23 35
32 49 6
92 0 90
43 37 70
165 87 85
53 32 22
49 30 29
125 5 69
83 68 23
62 111 30
94 132 1
37 166 40
123 120 65
148 62 73
124 138 31
78 110 11
150 113 24
35 97 23
107 120 80
77 133 33
106 157 48
22 99 93
60 56 64
115 88 17
153 50 74
16 90 66
78 26 82
159 77 48
30 135 65
107 15 94
87 128 75
84 86 3
139 51 16
148 38 46
112 101 83
74 72 39
137 79 71
121 3 72
115 90 71
155 103 85
130 133 5
120 104 66
136 111 54
117 73 52
82 97 33
71 53 93
18 156 0
27 79 98
61 76 84
157 64 70
54 121 75
78 137 69
117 72 9
82 103 15
11 144 50
92 91 34
86 81 96
6 25 99
33 62 9
119 43 17
161 58 7
22 105 34
40 3 26
13 142 47
16 39 66
169 22 35
129 40 24
70 162 68
8 12 21
47 148 36
64 108 59
92 30 0
39 134 84
79 91 55
130 73 23
52 146 56
147 22 84
85 14 25
11 36 80
45 106 38
143 93 52
105 30 100
19 94 68
61 163 44
118 104 52
165 102 53
102 75 84
69 45 63
17 105 93
166 38 80
167 94 80
54 118 76
128 99 73
47 67 42
144 23 81
122 54 25
89 156 26
129 144 78
139 87 71
38 20 75
83 167 74
2 128 46
16 45 63
12 139 57
150 158 36
97 161 55
114 141 3
135 124 89
108 107 21
116 87 38
168 108 25
166 167 52
135 4 69
111 146 18
105 70 35
129 53 28
65 1 77
152 167 85
59 18 68
112 126 45
120 7 14
122 34 37
58 130 35
15 152 29
162 93 48
98 92 19
89 81 53
145 144 58
118 103 73
8 71 77
46 79 80
65 10 3
160 142 66
101 103 86
26 41 87
52 139 36
160 130 88
102 74 57
45 98 70
112 120 34
73 129 24
114 58 35
99 64 42
26 22 25
127 55 6
43 132 67
144 88 72
35 21 49
101 149 12
114 37 52
145 33 78
139 56 82
53 90 36
18 40 52
35 76 72
31 144 40
38 135 19
47 49 37
43 88 90
166 0 56
164 134 73
129 138 3
66 64 63
114 113 65
90 6 5
32 141 70
13 16 27
9 163 14
14 120 13
100 62 77
164 151 19
49 153 30
19 6 72
70 54 27
14 115 44
113 37 17
169 143 10
17 151 65
117 67 18
106 41 97
115 162 41
129 27 6
48 154 18
68 109 71
28 3 92
5 131 99
110 89 88
129 126 49
107 157 71
167 108 5
8 53 87
34 144 0
12 90 89
97 131 77
164 72 16
78 54 73
39 73 5
127 79 27
136 82 50
147 27 7
156 13 96
138 127 30
57 3 41
28 109 6
17 145 56
135 35 22
121 159 19
128 20 12
114 93 4
155 50 10
113 9 27
121 86 15
11 167 36
157 0 10
20 156 71
99 6 67
169 157 49
24 76 85
104 17 42
52 126 12
30 107 72
94 92 96
54 110 38
25 27 31
148 154 27
92 142 79
169 141 2
138 106 86
143 157 64
69 97 47
136 50 84
58 76 40
113 76 69
3 95 28
97 38 76
94 100 76
76 7 34
90 106 18
166 119 13
42 16 16
88 115 38
150 41 75
165 105 55
169 71 73
120 39 61
31 103 39
39 41 82
52 125 20
3 68 37
156 149 66
89 62 54
21 18 35
162 31 34
32 22 96
74 12 0
10 86 80
57 87 37
113 168 57
145 30 7
146 69 94
147 56 55
132 72 17
31 121 49
143 47 60
74 4 99
88 32 35
69 2 54
141 88 13
130 164 99
41 159 94
57 31 49
75 14 17
79 101 82
5 13 7
52 98 57
112 97 87
64 87 33
5 1 59
41 0 79
100 45 28
37 85 90
68 76 83
122 121 99
57 93 27
40 41 91
158 96 47
118 110 38
68 52 85
112 143 94
14 57 60
120 79 72
145 61 90
82 73 96
11 83 18
5 133 9
140 56 46
153 62 37
79 66 43
46 110 61
151 42 86
157 26 98
120 117 86
131 76 90
123 2 87
123 112 76
122 40 9
122 139 88
10 147 65
13 32 94
54 25 59
19 64 71
132 142 73
90 64 46
128 144 75
104 151 80
151 154 26
155 166 14
164 25 99
23 76 44
70 122 70
32 18 85
106 24 41
157 140 1
74 46 55
67 119 58
46 137 53
8 168 86
63 92 19
78 123 70
155 115 27
87 9 59
148 75 11
98 159 44
134 28 55
95 62 10
158 115 39
135 22 39
109 112 90
9 118 79
76 53 67
58 54 54
74 157 24
128 105 49
50 104 77
106 19 89
76 126 80
34 118 46
75 104 41
13 20 52
86 23 36
36 153 51
34 101 68
55 116 91
11 164 16
91 118 72
75 91 79
161 79 71
85 32 21
92 1 57
164 4 30
10 15 100
39 136 16
124 69 68
22 13 69
161 151 77
49 140 74
153 102 35
1 95 98
24 89 9
82 95 86
33 9 11
1 72 7
17 69 7
126 41 62
73 104 47
70 96 44
61 93 72
102 157 10
106 84 16
105 29 67
18 133 54
15 35 99
136 4 68
157 29 69
98 149 42
161 68 28
4 104 55
38 114 97
70 95 40
163 117 15
85 166 94
126 27 5
166 97 72
149 29 33
165 49 27
82 135 7
119 103 97
39 26 87
42 126 21
147 164 22
8 2 30
108 158 91
40 10 76
117 136 32
142 4 65
89 12 3
17 62 88
135 45 33
85 13 23
166 64 68
75 6 95
162 94 62
111 145 67
109 8 2
16 119 91
33 48 2
27 103 10
101 10 78
112 167 83
20 15 31
42 15 11
148 137 29
131 138 89
143 9 74
13 157 68
5 66 78
165 65 76
118 96 19
79 19 69
142 71 13
77 41 95
125 127 4
8 140 61
136 149 39
115 2 55
20 101 86
19 18 57
72 68 20
152 30 4
139 52 42
131 65 21
130 26 39
119 113 76
103 169 37
168 18 3
107 143 63
164 23 84
30 11 7
138 25 44
82 4 26
19 87 98
159 134 43
153 4 87
38 61 69
7 29 60
2 168 6
11 28 70
9 63 48
138 74 23
137 164 45
41 66 22
0 30 14
153 66 56
111 26 86
46 148 77
154 106 34
77 166 39
158 5 66
27 143 70
32 33 80
157 121 87
142 17 3
31 106 30
98 87 47
66 2 93
67 117 90
161 94 70
55 86 37
138 117 80
38 27 67
108 120 5
53 113 4
71 102 38
105 1 23
105 59 30
40 138 53
124 67 92
53 72 20
74 146 74
11 141 98
142 93 40
48 27 55
66 11 15
48 7 78
15 54 12
56 29 1
125 159 67
19 133 73
104 122 12
1 89 62
145 89 36
35 115 74
5 112 91
3 111 33
61 40 99
29 118 1
113 157 85
100 91 39
151 58 63
69 31 9
54 10 55
22 123 69
45 13 57
104 166 33
93 129 81
72 30 70
85 4 5
68 55 38
107 151 48
4 75 8
165 58 69
91 62 11
161 120 25
167 124 99
120 145 67
139 81 29
85 17 13
40 135 64
12 72 20
158 26 38
108 20 51
1 14 11
9 25 81
81 45 46
12 2 94
162 121 77
35 155 85
158 92 49
97 63 35
88 40 96
122 130 99
31 136 50
60 17 40
56 157 70
10 17 100
0 63 3
81 48 89
77 165 59
9 143 97
153 57 50
14 47 32
0 84 76
103 160 5
20 106 58
156 34 35
57 130 61
154 153 91
118 138 84
24 63 20
162 131 83
104 24 74
15 37 84
72 162 38
79 61 19
10 67 66
33 144 42
149 85 29
142 145 18
81 82 21
23 148 48
68 28 21
73 78 91
125 99 47
152 100 46
74 84 39
125 33 44
71 20 72
69 78 96
113 54 59
37 27 37
17 18 23
57 11 12
19 154 35
130 86 43
113 122 43
153 148 90
136 157 96
165 34 12
103 52 30
143 58 27
30 28 41
1 9 51
158 48 12
66 97 45
36 53 68
160 12 3
32 46 27
101 57 42
99 108 5
122 141 92
30 7 62
82 123 36
100 15 26
167 59 80
103 154 16
65 73 51
84 140 19
167 62 61
51 47 95
20 26 7
62 76 21
55 140 5
72 37 37
69 74 77
167 166 96
45 88 47
11 143 45
121 167 87
110 74 26
50 25 91
103 22 85
39 143 7
6 52 85
54 81 8
28 146 3
102 167 20
32 20 79
147 14 92
18 17 23
3 37 85
133 114 35
103 135 82
116 158 78
38 41 66
72 141 97
113 85 25
138 97 25
163 168 8
87 55 60
30 149 38
115 64 72
46 21 28
151 83 46
155 40 24
106 122 58
100 53 48
151 60 13
31 166 75
52 135 70
67 151 51
1 98 8
2 18 61
14 107 100
39 35 59
81 69 85
40 24 84
97 141 32
35 154 45
42 53 69
14 21 92
33 110 34
0 17 73
165 23 20
85 120 88
96 16 50
51 132 20
136 148 55
0 31 11
50 40 62
100 96 60
10 73 33
148 163 43
131 72 15
87 28 41
108 63 7
60 49 47
45 25 93
64 123 57
161 69 42
133 121 17
15 101 26
25 33 24
113 18 56
28 148 14
77 109 83
3 150 67
100 47 15
47 50 68
118 34 94
88 120 50
5 122 62
49 155 7
75 72 43
13 86 57
133 127 19
151 81 43
97 58 25
29 19 11
23 96 0
64 140 39
164 76 22
146 150 60
21 66 49
122 138 94
107 53 89
120 8 100
168 138 48
90 32 85
111 141 74
156 17 30
143 11 69
23 51 66
7 37 63
157 53 94
62 144 31
154 99 39
8 109 58
139 167 80
22 126 68
117 86 37
65 37 57
24 90 44
104 100 97
165 151 2
34 156 47
133 31 57
79 7 39
103 12 68
26 63 61
66 45 90
48 85 28
130 105 35
107 81 32
69 0 93
50 121 69
50 45 65
93 133 68
25 9 55
29 28 46
17 0 69
45 58 59
66 71 43
134 8 17
54 102 3
46 155 26
111 21 12
30 98 19
147 135 90
32 62 48
87 10 17
40 161 100
18 134 82
79 142 58
97 86 36
72 36 41
164 138 93
126 22 28
128 141 39
30 137 13
39 5 2
40 20 63
33 165 8
11 98 39
29 79 35
1 81 48
137 63 9
145 25 65
150 19 44
94 59 81
134 151 64
56 107 39
166 149 2
144 137 84
83 0 34
152 27 30
113 164 38
31 142 51
165 76 69
157 168 64
94 81 59
119 126 66
24 133 19
6 12 85
102 69 89
33 68 76
167 98 10
60 90 3
12 105 49
121 155 21
131 3 62
57 142 100
107 167 46
26 165 23
81 34 52
19 53 76
52 116 1
82 50 83
125 52 16
107 30 63
149 139 89
62 140 48
135 71 46
33 138 65
7 151 19
169 114 6
77 115 48
141 108 76
69 72 53
12 104 67
106 25 81
35 159 83
84 13 97
144 158 88
119 26 69
30 120 18
32 41 74
114 50 65
152 71 49
83 98 47
73 84 59
11 0 17
156 117 94
132 16 99
75 147 25
118 17 61
52 112 56
133 28 43
117 0 26
45 95 31
24 54 5
143 124 39
58 32 42
37 28 10
40 27 8
166 63 2
104 68 71
43 58 25
117 51 96
145 136 37
127 1 47
36 37 29
53 66 30
125 103 26
108 31 86
143 163 88
139 34 2
131 12 19
88 142 0
66 100 14
111 113 33
69 140 57
19 17 57
51 120 3
110 43 59
13 121 72
16 78 64
97 36 96
28 60 97
31 107 18
88 31 100
92 53 0
20 91 76
153 11 17
146 33 33
133 60 96
115 143 72
123 31 63
143 76 22
67 72 37
158 57 63
95 56 51
153 108 76
31 45 46
23 133 64
121 105 74
3 34 74
96 157 79
47 86 98
131 82 56
7 77 69
152 55 54
92 73 93
102 131 41
130 42 90
51 107 82
65 105 31
105 101 27
38 165 100
152 120 96
69 92 99
34 166 44
141 61 71
114 123 23
88 109 89
34 145 32
41 52 69
135 125 23
99 157 22
85 93 74
57 55 99
134 49 25
2 10 67
18 30 78
116 65 46
105 127 50
108 134 92
105 111 47
162 23 70
155 70 2
141 103 49
57 1 67
131 54 37
28 154 35
55 61 32
159 4 73
119 82 94
97 167 32
1 96 80
54 58 1
2 63 46
164 20 60
91 70 20
119 165 66
146 22 65
14 95 59
153 48 1
85 141 90
133 105 22
166 56 3
161 50 43
0 16 94
93 26 8
122 87 0
95 153 62
124 168 53
20 139 36
56 9 19
152 39 95
59 28 77
103 136 59
110 126 84
1 146 66
29 132 23
21 154 86
106 37 11
163 146 38
131 101 60
25 162 51
96 84 15
91 140 70
93 61 59
18 64 73
40 15 16
139 114 78
3 73 89
11 102 56
137 134 17
0 101 84
4 48 8
1 59 42
118 23 63
55 163 20
9 59 41
28 74 95
71 87 73
84 29 47
41 151 70
137 149 55
16 139 52
31 74 67
81 157 75
138 82 70
68 166 20
47 123 73
65 160 45
91 15 46
2 148 43
133 104 3
109 73 62
47 117 21
61 45 63
135 73 6
57 34 13
35 121 59
145 138 10
35 131 38
48 152 84
166 24 37
112 91 78
115 156 40
30 127 92
152 60 13
39 83 9
24 72 87
162 16 23
81 114 77
8 83 16
51 24 7
72 121 53
93 126 27
120 53 68
47 156 85
73 10 62
156 112 53
165 7 39
149 75 72
46 168 50
60 48 50
106 126 91
157 51 42
164 92 67
110 1 56
118 168 13
29 136 18
64 97 77
74 98 68
123 115 75
92 78 27
129 45 72
112 117 87
97 53 46
78 148 77
169 21 27
83 154 86
151 110 7
0 11 64
153 0 75
104 96 42
53 78 40
82 21 93
69 34 80
61 121 43
151 23 53
166 73 21
47 56 58
99 26 67
135 85 94
94 34 16
85 142 26
40 119 56
128 84 64
47 4 53
161 38 93
101 45 34
10 11 56
139 122 42
104 95 60
126 83 1
25 88 24
145 34 60
147 73 71
0 142 74
23 26 84
45 131 71
121 78 32
5 79 5
6 99 96
111 11 87
118 84 86
164 119 76
131 90 29
152 63 56
152 128 23
35 18 74
88 113 89
27 160 80
30 9 64
127 116 17
136 51 98
124 26 72
107 112 99
104 82 34
5 162 68
88 114 80
135 114 29
51 110 80
132 125 1
21 14 83
10 46 20
88 57 74
108 128 56
143 37 59
129 77 88
97 106 60
137 52 13
1 79 88
96 149 72
5 144 23
120 65 97
116 82 62
137 87 88
165 50 0
72 98 34
168 37 1
165 30 92
124 164 44
50 115 26
23 91 15
132 100 96
8 155 64
123 73 35
144 35 26
162 126 51
18 141 80
82 91 27
71 128 22
46 112 61
129 161 21
69 142 94
57 48 90
151 120 71
161 53 49
4 37 7
127 159 20
93 23 82
97 164 76
117 162 78
59 146 62
142 168 65
0 29 4
160 21 90
99 96 20
11 31 97
48 38 69
104 140 99
74 32 77
168 21 16
19 168 16
63 117 47
83 148 70
153 45 91
94 153 83
111 136 36
144 19 48
59 166 99
110 78 6
116 59 78
140 53 45
35 57 85
110 134 96
61 1 49
21 163 77
92 98 34
134 7 98
13 67 29
136 41 34
19 29 4
135 76 54
113 86 33
82 102 28
30 59 17
48 138 93
103 92 38
142 41 43
6 134 20
63 102 74
48 103 84
128 98 24
114 117 59
41 4 27
76 9 25
77 56 86
63 156 35
48 30 1
25 99 31
71 9 24
53 132 17
168 113 42
33 135 98
110 115 37
148 32 51
7 6 23
34 33 24
159 23 38
141 91 34
36 72 21
115 4 18
22 73 99
81 33 92
19 30 25
30 167 77
10 144 19
169 50 52
159 31 68
86 151 76
88 70 99
94 49 11
30 76 83
13 38 11
66 38 53
76 115 42
11 51 59
87 163 58
7 113 32
15 158 14
42 27 91
66 6 43
156 29 46
87 48 48
159 65 97
86 7 65
103 150 82
71 95 51
40 86 97
37 87 46
81 78 56
166 26 80
14 52 28
13 36 96
132 15 96
162 155 34
25 53 95
153 151 100
72 81 7
4 83 53
82 25 51
61 88 68
98 144 8
97 55 87
51 81 47
31 70 56
88 61 24
112 68 83
7 64 46
19 76 21
29 47 55
64 168 69
160 161 10
34 107 0
62 159 57
118 67 18
70 110 81
51 158 83
144 73 51
23 41 23
39 85 38
82 143 81
31 131 49
130 159 56
132 32 48
10 68 84
64 148 3
35 125 87
144 134 65
27 99 5
148 129 37
129 6 24
16 128 100
101 59 4
65 136 39
147 142 13
8 15 26
141 51 56
82 125 31
99 70 2
154 109 70
124 160 31
120 78 10
9 77 82
158 104 64
128 133 80
102 65 11
4 131 17
4 62 26
11 103 67
85 127 39
2 45 76
6 89 30
32 111 64
27 138 82
41 88 6
133 26 94
104 99 53
105 82 46
73 113 91
160 131 98
120 132 7
143 120 87
72 48 99
168 145 76
145 143 21
47 108 43
9 43 62
154 72 15
96 161 31
86 88 99
27 145 32
19 153 60
114 127 70
34 123 20
29 106 87
143 164 18
123 1 32
59 55 25
81 11 22
134 2 57
86 40 55
83 15 26
134 130 77
7 18 62
125 61 30
168 109 75
146 84 72
155 138 64
96 45 91
161 103 40
25 20 67
152 162 42
139 95 31
64 28 94
48 114 81
130 150 36
98 10 67
139 70 43
100 163 27
2 134 4
133 91 16
88 51 35
157 148 7
16 132 90
2 51 61
140 128 66
69 29 76
7 166 79
41 136 52
70 145 61
112 114 19
97 139 10
130 45 29
159 141 55
162 119 31
91 26 44
125 37 65
73 89 91
0 79 43
87 130 97
2 81 12
160 55 56
28 19 5
119 92 38
94 139 24
65 169 76
122 115 75
161 13 26
157 107 68
37 73 60
156 100 87
27 162 32
19 77 40
100 71 29
71 63 72
8 150 29
47 167 53
59 147 5
119 86 6
79 90 2
73 21 53
15 62 71
64 5 56
32 6 61
17 132 78
60 82 11
83 114 73
41 123 40
28 62 44
56 3 100
116 0 76
67 156 54
117 112 83
4 119 24
144 168 4
23 112 71
23 49 52
135 146 6
112 38 64
139 99 92
75 140 89
92 2 7
37 117 81
109 17 65
56 30 56
107 66 55
23 86 50
126 131 14
164 109 83
13 7 86
29 84 61
108 151 39
37 7 48
109 43 5
71 142 35
27 38 77
34 112 93
65 29 3
37 124 48
112 165 10
123 21 18
50 136 58
159 37 65
34 159 95
158 72 12
76 139 74
83 162 91
55 103 73
156 16 79
28 25 39
39 109 73
142 61 35
118 32 31
156 130 48
20 83 8
69 32 78
154 127 55
120 37 59
155 86 30
30 150 89
136 129 54
29 116 53
141 123 36
54 15 28
54 48 74
32 9 20
141 120 65
136 33 84
102 60 18
19 48 100
128 114 64
105 38 56
105 43 71
25 67 29
147 105 65
27 14 52
140 99 89
104 127 53
103 10 47
92 152 74
55 98 67
26 69 11
49 12 93
134 99 94
27 155 25
165 15 94
127 50 46
111 100 80
79 43 68
48 11 100
57 133 76
36 164 1
49 46 70
147 42 86
14 59 32
5 42 12
32 51 57
169 121 73
100 73 76
12 21 13
149 63 14
16 150 31
98 28 96
113 5 99
163 28 24
137 101 11
142 97 69
159 106 66
114 30 14
78 130 6
120 107 53
159 24 74
113 136 28
11 26 66
104 73 82
85 169 50
12 99 70
94 128 63
96 94 43
66 47 26
98 54 61
122 155 0
135 131 25
150 35 63
144 98 73
25 112 8
111 32 23
164 125 1
68 19 81
33 101 19
133 129 91
87 67 48
100 0 0
79 129 80
105 76 40
95 155 54
107 11 6
136 92 73
29 74 66
94 32 56
19 85 90
136 83 5
22 110 28
13 64 61
164 39 31
61 165 47
42 56 72
24 144 63
55 0 37
138 51 30
98 145 29
71 72 99
159 21 17
162 39 19
65 137 67
169 73 98
112 52 97
47 166 97
22 78 43
8 65 28
83 56 40
145 98 45
120 161 6
128 103 7
19 8 55
72 10 63
10 123 59
0 99 47
77 63 88
24 14 16
92 146 11
27 74 63
148 63 3
141 84 35
110 146 4
132 46 74
66 120 86
32 56 33
68 35 19
6 128 66
157 89 98
156 20 39
155 22 73
87 119 21
102 119 0
95 137 27
114 43 91
101 86 23
131 24 23
99 63 94
121 163 78
104 71 63
86 114 25
0 78 50
7 54 99
64 53 3
40 42 38
90 98 37
161 126 77
8 67 87
162 4 74
31 154 87
94 146 43
78 6 24
169 59 28
122 123 5
105 130 81
146 47 100
3 101 2
4 23 99
88 49 25
157 66 2
161 81 86
94 159 38
26 167 99
57 168 78
47 19 1
141 40 72
53 109 79
160 96 58
70 69 45
115 60 24
7 128 31
24 126 64
98 168 71
19 59 62
124 33 72
81 73 35
9 78 18
119 147 16
32 52 38
12 64 72
73 23 88
10 115 67
46 38 90
152 158 2
133 138 98
62 34 75
55 91 90
129 98 68
2 161 42
32 156 79
113 118 37
5 96 31
127 149 21
130 111 29
84 15 86
76 40 74
25 85 94
69 145 70
154 52 97
87 12 63
156 72 76
96 121 50
140 0 42
150 18 97
77 32 90
106 56 67
94 135 98
142 40 73
166 108 26
165 92 53
31 58 6
159 169 9
141 98 27
107 40 90
51 66 34
108 152 92
35 124 14
2 94 39
72 104 85
103 131 82
19 5 79
78 48 36
109 108 1
38 21 54
107 164 78
98 137 84
24 60 85
58 73 63
35 33 12
3 70 24
27 148 5
43 5 96
15 31 68
126 134 47
43 120 55
107 148 56
96 105 8
159 83 69
66 95 67
23 154 58
29 93 44
119 141 28
119 27 44
88 66 3
88 169 51
94 136 23
118 20 34
4 165 60
41 46 49
118 151 54
37 101 21
108 16 65
8 68 10
37 141 47
106 165 72
162 102 74
88 60 58
26 94 8
161 166 53
43 23 55
112 134 80
13 51 29
168 45 52
60 133 46
98 139 90
39 18 34
108 116 28
74 16 43
31 155 80
45 103 98
144 165 59
15 91 40
66 137 80
116 167 45
107 3 69
121 139 26
59 26 57
165 95 18
8 144 16
12 45 88
63 152 92
49 164 69
15 98 42
110 46 90
112 34 63
156 99 46
58 92 59
109 122 45
70 150 14
166 116 66
43 142 2
153 74 17
52 118 92
127 114 9
68 130 38
22 33 11
51 10 95
18 38 59
138 60 70
61 105 99
110 136 26
6 37 37
52 15 29
129 43 82
2 60 43
114 131 68
137 95 89
61 146 72
24 9 75
157 69 63
128 117 12
145 128 1
55 40 75
84 98 24
108 32 46
101 29 27
38 156 72
67 141 15
107 162 88
87 66 19
11 84 92
70 76 41
153 167 15
10 134 80
2 101 29
125 0 2
29 48 67
103 117 67
155 78 45
111 157 21
0 56 64
107 62 11
85 146 6
122 11 4
0 94 50
58 51 8
0 57 67
120 140 86
88 15 71
61 63 70
27 47 96
169 48 10
93 98 98
31 147 75
107 68 23
92 35 31
107 138 29
78 131 15
49 24 39
10 119 72
25 141 46
58 82 11
82 74 84
58 65 43
49 16 71
75 81 47
129 51 99
157 72 99
114 34 20
46 28 8
11 34 28
117 61 74
135 108 68
60 7 49
52 160 7
161 56 79
19 155 16
30 20 72
143 36 70
18 127 10
72 108 86
91 71 31
69 96 67
90 150 45
122 125 76
155 156 9
98 61 30
55 157 35
107 88 86
90 115 75
139 33 89
62 93 32
28 91 56
99 78 35
74 76 82
110 48 62
91 10 40
105 125 95
37 133 7
98 125 16
18 123 23
37 51 30
121 122 10
134 65 62
156 114 28
145 38 9
137 65 69
66 169 61
32 136 45
100 168 6
7 33 78
30 140 23
84 163 6
56 159 100
26 35 59
22 63 83
163 8 87
73 118 63
48 73 55
1 12 36
136 125 21
67 163 21
67 120 41
157 155 65
83 22 3
83 96 29
83 13 30
89 150 3
76 94 97
103 17 94
127 86 7
53 138 23
91 103 72
11 94 55
119 156 39
13 145 90
141 134 63
150 39 31
16 165 8
15 126 55
120 93 2
104 155 48
103 47 84
160 88 40
156 54 61
2 14 1
93 38 68
149 128 37
135 65 2
40 89 80
36 147 35
2 127 0
143 73 11
48 19 46
132 43 80
156 21 9
13 148 68
130 4 76
133 120 39
57 129 16
99 10 5
97 107 25
146 131 14
8 138 38
48 131 51
152 45 19
9 104 3
151 38 32
51 108 67
160 126 9
150 53 64
137 128 35
5 140 44
36 15 73
98 37 39
129 140 15
64 49 4
139 101 76
153 149 3
158 169 22
159 143 3
157 117 30
112 160 99
126 166 75
36 98 96
10 72 93
77 146 31
152 134 100
64 72 98
27 132 84
116 131 58
154 157 99
37 111 6
82 132 77
122 66 61
120 156 32
124 32 74
121 83 9
23 42 1
35 77 10
94 117 20
71 25 78
114 99 8
69 169 8
56 6 2
109 37 39
138 104 7
33 129 100
11 38 84
157 73 48
51 98 31
122 153 38
66 102 84
6 29 63
59 7 35
46 95 29
6 110 96
70 153 64
31 146 83
6 136 39
105 115 52
134 136 17
59 71 27
13 82 15
114 153 80
149 132 17
149 108 72
140 68 10
9 21 14
8 6 5
32 77 18
157 93 82
117 123 29
102 85 69
49 74 0
96 142 79
65 83 74
23 6 72
135 29 64
95 120 32
158 126 86
138 21 78
102 64 54
127 0 10
95 124 91
125 59 63
147 126 91
24 47 12
163 120 43
91 32 13
131 113 42
79 21 19
79 23 80
39 123 70
35 157 44
21 65 90
82 34 14
21 46 32
157 40 66
128 168 4
104 83 90
132 119 75
115 122 72
15 116 8
109 11 32
25 110 90
113 65 58
47 125 39
28 23 100
111 87 97
57 90 17
109 46 87
48 76 61
3 144 13
30 95 70
144 149 47
97 102 100
11 40 66
32 145 7
0 59 30
76 58 78
58 160 31
132 105 86
21 37 82
125 114 28
30 90 41
140 165 79
90 81 17
96 1 100
90 92 11
51 129 2
139 25 24
148 46 90
165 127 61
168 60 14
69 52 42
4 26 98
161 42 85
83 151 50
144 160 44
3 113 41
74 147 25
38 39 46
93 73 8
165 14 87
18 136 75
73 115 27
159 140 34
156 9 83
20 90 95
160 15 38
27 5 96
143 41 97
25 116 29
152 18 19
117 77 71
138 83 41
26 47 28
115 168 63
133 15 76
145 82 14
39 6 73
91 130 39
55 29 19
145 68 29
58 157 81
112 102 24
64 78 79
54 79 27
87 41 52
137 42 6
145 29 99
65 8 98
19 47 59
29 1 68
18 71 86
154 134 93
37 88 11
87 35 9
1 21 5
101 107 45
71 37 96
53 64 50
53 55 39
22 120 100
121 35 4
56 63 1
87 118 40
143 146 40
124 130 69
100 43 61
63 58 77
93 147 82
48 105 7
123 126 61
133 48 96
144 155 76
18 97 67
161 72 64
78 95 64
68 92 88
59 99 51
162 65 70
147 51 86
124 25 44
28 81 1
150 99 43
49 14 16
66 121 7
75 163 68
5 75 80
100 22 40
29 17 94
169 60 91
38 88 75
129 0 18
7 26 12
64 160 95
124 39 6
91 11 74
96 57 64
99 83 7
120 86 44
118 133 87
90 84 45
114 91 20
47 66 75
91 107 12
83 150 44
118 119 53
24 38 81
129 104 53
120 106 87
41 35 45
122 167 41
152 151 37
96 0 60
42 70 30
101 143 27
26 150 40
71 35 26
27 163 28
160 167 72
33 35 35
94 121 80
43 102 44
61 159 29
78 11 37
51 20 52
105 113 13
152 6 32
46 30 76
144 108 68
33 12 2
112 83 90
66 112 28
39 7 23
73 51 70
164 149 20
5 10 86
21 74 26
23 77 56
24 145 7
101 115 69
55 38 97
49 146 76
166 134 70
83 145 40
105 65 63
128 0 85
161 11 37
31 52 48
85 37 65
36 127 25
148 33 89
76 65 45
31 75 55
30 36 57
59 87 79
103 116 4
81 151 8
40 143 86
6 163 43
108 89 87
159 142 55
21 131 91
13 56 58
63 41 2
144 2 25
54 151 32
61 69 96
82 64 7
84 164 45
87 49 91
155 15 58
160 42 18
37 1 59
141 7 51
82 61 52
144 150 13
0 137 39
63 119 49
39 94 70
81 13 38
74 148 96
95 68 82
88 46 10
13 75 95
120 10 17
93 134 43
47 10 9
82 131 53
5 88 37
2 39 4
124 23 8
69 158 79
142 165 43
147 34 26
88 97 77
159 96 66
34 126 68
61 6 33
142 7 13
74 127 29
39 17 70
57 14 67
21 83 0
126 133 66
79 99 1
98 27 60
100 5 34
152 31 18
9 79 44
123 134 11
128 149 78
73 112 15
154 110 19
28 144 55
41 26 70
157 156 86
151 61 90
140 38 60
114 90 92
67 16 38
95 84 83
12 19 47
137 142 50
148 50 93
127 7 96
3 71 13
105 166 4
99 20 33
66 159 96
25 65 60
24 162 64
2 22 6
128 26 41
58 145 33
72 88 70
126 55 86
157 138 77
108 96 80
144 107 6
164 156 82
43 157 53
153 42 78
35 158 47
124 120 36
107 42 68
95 31 83
57 155 56
64 56 81
73 93 46
119 122 59
64 126 75
91 30 37
114 133 32
77 106 54
58 36 79
154 141 42
84 45 44
62 17 65
105 136 44
14 29 54
158 84 1
141 27 6
113 155 73
139 115 57
67 91 58
34 67 93
159 25 22
159 20 54
102 71 67
43 110 58
40 139 80
60 138 40
67 70 6
23 108 7
147 28 91
119 49 59
33 6 97
103 43 45
81 40 9
106 105 5
104 1 58
118 58 72
96 92 48
111 19 53
46 36 24
90 146 95
78 166 88
164 120 64
70 21 13
84 156 36
163 13 90
55 92 88
98 100 42
51 131 3
111 17 20
107 49 86
122 132 0
110 143 58
166 90 26
106 45 17
144 125 73
65 85 33
40 92 5
114 162 95
107 156 71
146 35 68
45 150 15
117 108 19
93 95 1
134 16 50
2 105 18
97 14 32
40 47 45
78 64 72
17 61 66
42 169 18
0 21 26
99 49 57
38 9 45
119 47 55
74 39 92
68 50 69
63 121 36
109 154 52
83 18 71
118 117 61
17 99 6
124 52 62
33 79 64
9 97 39
24 40 22
93 90 0
6 162 100
78 138 74
58 23 3
140 76 35
53 81 16
95 58 47
67 133 67
161 71 79
23 17 66
140 25 26
162 8 98
60 121 67
71 135 16
89 153 40
133 2 0
138 39 16
48 100 27
88 36 42
27 8 21
55 70 91
160 14 27
109 120 39
41 28 10
50 127 32
108 119 10
69 141 33
76 62 58
81 119 38
145 81 98
36 76 95
82 14 39
101 40 48
16 157 50
23 36 86
141 67 60
75 116 30
68 17 36
81 63 12
163 16 47
68 12 7
1 0 80
164 8 15
144 0 77
159 149 24
90 140 2
21 127 41
146 97 24
97 65 91
22 127 76
159 156 86
134 84 69
16 98 73
10 38 46
12 37 79
11 57 80
65 129 33
17 163 70
143 59 82
81 91 85
128 43 27
160 104 18
48 123 68
6 2 25
156 62 47
85 41 28
69 84 89
108 5 11
109 98 14
130 144 59
151 131 95
60 30 7
55 124 93
37 148 11
8 13 56
47 94 28
73 71 59
96 24 21
51 96 57
120 99 41
169 35 88
159 114 15
75 62 69
84 148 79
25 137 38
142 85 75
6 116 12
59 11 22
149 160 75
25 83 72
154 123 75
98 75 1
6 115 11
3 82 0
58 144 41
77 33 41
42 155 98
51 143 23
141 106 18
3 87 46
46 93 20
141 164 85
42 92 22
108 74 78
157 57 78
130 59 32
89 106 64
114 167 63
127 31 47
144 5 62
125 2 68
116 74 49
129 82 36
49 67 7
103 145 51
137 132 62
56 46 27
128 107 20
45 74 33
31 91 33
152 33 37
37 65 14
88 94 48
163 115 10
119 150 14
93 56 55
116 108 88
98 74 84
123 117 29
100 86 88
12 118 69
100 99 3
14 43 30
32 87 59
25 13 68
51 67 69
153 25 31
40 57 81
41 47 71
97 28 31
77 85 31
1 129 88
47 137 32
131 94 60
139 17 65
101 49 13
20 114 82
110 142 1
36 40 4
8 169 97
26 92 47
157 4 90
18 135 77
20 81 66
120 61 30
24 135 49
61 54 84
104 3 76
125 41 49
24 55 67
132 130 70
43 73 64
75 45 53
7 42 94
117 42 21
31 124 37
130 55 25
92 117 44
140 60 76
117 138 78
64 107 84
0 146 16
105 90 54
29 13 41
126 132 63
137 144 35
100 4 43
102 149 89
126 16 74
14 166 96
85 75 66
108 59 82
74 144 14
67 153 83
74 51 33
4 103 14
89 145 7
150 144 87
165 112 43
109 84 74
13 161 86
102 163 100
92 17 96
93 55 28
87 136 2
45 47 1
39 164 96
145 15 3
53 93 60
96 42 83
24 114 79
79 49 75
151 49 54
35 139 7
127 52 40
163 22 77
29 167 51
58 38 61
24 127 78
66 156 73
132 126 78
78 122 13
157 21 69
148 123 29
53 122 48
93 14 30
95 161 14
68 111 19
20 3 31
58 110 13
61 46 10
110 13 79
8 49 29
65 148 83
114 122 67
33 39 9
25 100 77
56 99 80
85 114 46
109 138 18
96 39 30
89 14 22
27 89 63
149 164 75
159 91 81
74 21 31
155 111 93
158 161 17
86 48 14
93 102 28
22 47 52
128 101 8
62 4 17
164 94 64
3 12 11
5 150 38
23 152 2
7 123 19
168 146 22
84 43 21
63 55 25
157 169 48
95 24 28
119 112 71
149 88 75
71 143 15
49 166 90
5 148 56
151 167 62
107 113 93
92 43 35
91 99 21
10 153 0
162 58 39
148 110 62
113 149 85
96 145 1
104 64 11
16 93 89
160 101 96
81 32 54
16 48 32
139 61 52
101 13 26
98 147 78
15 28 63
92 7 62
42 124 94
38 67 41
155 129 11
55 35 13
35 130 100
47 0 37
82 66 3
109 45 25
36 123 87
7 120 69
144 54 91
55 149 75
158 77 76
138 130 82
102 129 27
116 17 62
84 48 11
26 118 12
88 145 29
95 99 45
92 32 45
53 125 20
136 17 36
72 126 66
19 20 15
163 134 42
29 69 43
159 154 32
116 146 12
109 15 97
158 23 13
4 100 87
61 153 24
148 118 63
129 124 84
155 125 100
140 36 89
149 49 48
49 85 70
140 7 17
103 122 14
82 141 14
15 59 30
15 93 25
15 122 25
164 34 58
151 21 53
161 28 77
59 91 74
142 29 98
79 110 63
63 1 60
137 34 46
156 90 95
52 81 15
167 17 58
12 120 28
149 41 2
105 12 13
162 21 73
140 79 7
94 54 51
36 16 20
70 61 23
146 31 68
54 97 75
129 25 58
95 90 59
28 65 98
93 34 59
81 96 69
60 22 55
131 64 22
126 119 96
113 131 1
34 51 90
148 164 7
90 104 69
33 102 60
12 98 81
93 17 75
155 99 81
25 24 63
48 109 13
121 94 85
118 33 73
128 165 21
64 54 67
163 32 38
21 82 54
148 68 29
82 2 10
3 102 25
3 125 100
58 151 8
76 140 8
81 76 47
71 34 89
52 9 15
54 140 81
112 142 12
112 17 20
145 6 86
7 0 85
57 136 68
131 160 79
150 2 22
139 124 20
114 163 68
53 51 65
52 75 85
151 168 44
139 41 49
93 65 71
141 41 91
32 2 34
78 154 22
92 33 32
124 15 2
113 99 60
162 101 100
53 23 30
48 141 100
57 69 78
133 14 94
108 145 50
14 4 0
65 116 79
42 160 32
165 155 69
134 74 58
140 162 47
85 108 37
103 24 13
58 163 100
15 13 61
104 69 50
38 161 25
29 38 91
63 59 79
25 47 2
127 152 83
84 161 0
132 53 76
119 59 69
97 90 79
36 124 84
135 104 8
29 142 38
113 163 18
151 0 7
62 56 83
120 74 2
86 39 63
166 14 66
119 1 49
118 61 33
113 133 89
41 31 85
111 9 30
143 168 49
5 9 92
4 152 59
113 137 10
24 39 49
138 169 67
89 57 87
22 115 30
61 18 14
168 106 91
63 145 38
150 88 78
166 58 15
68 71 75
81 4 59
123 27 34
107 102 17
57 102 88
115 114 37
32 0 43
15 120 31
145 163 65
15 84 99
167 141 64
136 38 63
20 127 11
131 37 35
96 66 50
64 39 63
153 7 78
17 137 13
70 67 43
128 32 9
146 122 77
20 5 68
20 19 53
20 52 7
77 21 16
15 161 91
11 86 24
117 149 16
33 2 50
69 20 62
115 109 9
58 22 37
41 106 32
159 153 61
16 135 78
148 2 71
145 74 15
67 73 4
160 65 83
82 162 89
73 146 12
82 24 35
72 116 4
163 11 12
77 156 13
78 67 34
1 52 9
112 162 74
108 39 41
111 31 15
139 12 10
51 46 75
72 65 5
127 22 97
25 78 70
145 109 98
109 144 0
166 161 7
42 161 70
166 100 26
98 112 91
91 92 9
26 131 49
92 97 4
12 13 42
125 42 52
17 78 73
97 95 31
37 11 23
145 72 33
51 127 27
39 116 10
77 83 81
108 92 13
89 17 7
162 62 46
154 6 95
101 18 26
163 155 20
50 106 72
54 150 92
91 125 25
132 145 64
66 142 44
61 120 57
105 19 14
89 92 6
19 102 65
0 20 38
66 147 80
20 55 62
32 165 37
43 19 90
51 68 47
70 33 27
107 39 56
112 86 18
153 161 49
33 125 63
94 7 1
15 58 37
136 25 45
59 125 85
99 75 11
134 108 84
57 4 31
0 164 20
91 83 2
144 105 40
118 63 75
142 10 74
45 0 48
148 134 47
139 155 19
54 28 14
162 104 14
161 136 68
70 68 8
59 8 47
100 6 63
19 147 39
153 118 99
0 122 49
15 130 23
24 121 50
20 46 14
67 77 33
85 94 99
133 145 64
154 33 14
138 129 31
129 10 19
118 64 70
162 103 48
63 17 56
34 17 46
99 2 96
45 138 48
69 85 35
118 54 18
37 86 86
1 123 26
30 53 71
101 93 86
23 34 73
168 119 40
169 75 33
37 84 57
130 79 4
7 98 11
72 91 18
169 106 78
151 106 87
52 132 15
61 101 43
78 17 63
51 101 3
40 85 13
43 60 90
17 130 20
52 29 83
150 63 78
91 85 68
149 50 72
166 169 81
131 11 95
96 70 65
33 40 24
27 18 40
88 30 68
72 6 20
120 28 58
142 120 31
64 114 19
92 133 57
149 56 71
60 144 38
1 53 15
0 62 90
99 42 21
109 20 39
119 77 99
98 76 54
81 169 52
129 120 55
19 98 56
138 30 76
149 95 5
111 91 49
162 68 70
169 136 13
112 3 19
20 71 0
8 107 28
41 104 0
167 153 42
41 141 52
89 130 97
101 145 65
108 125 85
4 35 55
120 19 56
89 136 19
130 118 3
106 2 84
36 118 74
123 92 49
26 17 38
136 74 65
63 42 45
33 34 21
57 149 9
141 124 92
1 32 9
1 69 39
9 88 100
160 109 90
135 90 5
147 62 61
22 9 38
8 124 97
28 36 97
38 77 70
34 24 74
112 109 73
78 100 95
98 78 46
54 39 44
82 75 70
34 168 95
66 105 92
50 129 59
34 19 59
135 161 96
14 76 28
28 136 3
29 129 60
144 74 9
118 31 96
18 2 55
36 50 40
135 63 69
94 115 39
68 42 2
9 129 35
85 103 6
36 60 74
141 74 93
94 64 53
98 36 56
3 118 23
36 75 1
10 92 67
40 12 89
42 11 32
48 35 80
146 160 73
99 143 92
81 90 57
40 8 51
86 156 68
8 96 49
71 68 86
144 133 1
16 57 59
103 54 59
90 52 48
32 27 55
131 48 69
32 19 56
59 66 10
83 45 58
101 74 14
100 154 85
58 123 14
48 96 69
145 103 65
145 167 64
32 65 47
101 2 16
47 146 87
44 50 62
44 55 96
44 16 20
44 87 96
44 119 30
44 66 81
44 126 30
44 89 11
44 46 60
44 2 7
44 129 19
44 113 70
44 138 96
44 131 59
44 157 69
44 101 21
44 74 72
44 139 88
44 76 64
44 123 67
44 71 16
44 22 16
44 33 9
44 59 33
44 4 85
44 163 33
44 67 30
44 168 21
44 116 30
44 6 73
44 29 43
0 80 24
11 80 70
23 80 61
26 80 20
31 80 38
41 80 93
48 80 56
50 80 76
51 80 18
64 80 84
69 80 8
71 80 0
73 80 20
75 80 76
76 80 23
98 80 90
109 80 88
131 80 33
139 80 21
141 80 65
145 80 65
147 80 94
149 80 29
155 80 98
158 80 82
164 80 23
