141
46
146 79 12
6 1 95
0 105 63
144 118 8
2 48 11
8 132 18
80 27 53
78 113 95
134 59 3
22 96 35
39 89 85
132 93 58
123 17 17
15 126 48
78 69 63
66 45 80
74 61 37
149 24 12
62 75 32
7 38 57
101 47 34
131 96 86
57 38 88
77 52 69
81 109 95
139 3 68
129 41 92
64 16 92
63 58 19
105 132 20
39 119 15
126 33 7
92 24 7
123 146 27
111 143 81
69 37 37
134 103 25
7 49 30
54 52 69
53 18 77
117 114 53
81 47 96
48 113 5
24 114 76
70 12 20
86 85 80
85 17 50
94 44 0
142 88 30
66 103 19
120 43 42
118 11 40
19 32 19
113 22 27
28 21 10
108 62 18
27 50 88
128 126 64
34 65 81
20 116 51
115 105 85
3 129 65
33 123 41
127 63 84
56 83 68
118 74 2
26 65 20
114 72 10
14 64 55
47 37 11
135 4 87
32 68 58
9 5 48
97 33 88
135 52 53
86 47 7
108 41 58
132 82 24
12 100 79
88 86 88
130 51 97
139 25 45
55 41 13
89 88 49
45 49 42
135 107 76
34 12 40
65 139 2
5 121 61
140 12 17
67 15 69
133 48 41
108 142 46
17 32 78
26 116 62
108 97 6
32 135 14
74 134 16
138 81 50
40 106 49
10 18 5
25 92 15
32 43 65
146 140 50
44 56 42
99 136 82
104 123 50
86 73 80
135 116 56
115 13 69
44 98 22
95 137 80
42 108 56
146 29 77
71 140 94
88 116 58
95 142 91
106 128 78
17 120 97
16 123 77
22 65 82
60 65 58
131 144 8
84 76 74
100 89 54
92 42 15
143 94 69
126 131 20
47 29 51
137 15 63
84 11 64
93 60 37
84 37 49
83 135 17
131 86 31
10 29 3
36 145 87
147 26 33
18 54 57
56 67 0
30 98 4
76 89 36
90 149 40
10 77 51
75 7 53
29 49 2
103 71 24
79 38 100
42 78 40
49 79 57
71 132 76
127 56 94
78 118 5
11 9 91
86 2 91
27 26 86
91 122 37
131 137 64
103 40 6
66 86 25
19 98 94
136 112 49
48 65 14
136 127 42
68 3 98
73 5 18
63 39 86
128 100 19
6 146 95
136 84 14
146 20 24
116 88 26
143 92 68
132 86 21
55 57 79
21 69 5
23 86 84
67 13 54
14 115 82
4 28 28
57 87 79
20 54 6
23 29 28
136 17 23
52 31 46
41 143 37
51 43 50
0 97 91
69 44 41
48 61 63
138 110 66
123 122 82
81 138 29
58 103 58
75 77 78
119 70 73
100 143 2
35 92 22
29 42 5
64 51 33
76 86 54
10 19 19
44 24 30
28 45 9
96 129 52
33 104 77
1 18 22
134 74 36
101 85 16
60 111 23
64 23 79
149 45 4
133 111 42
52 62 2
148 48 0
62 106 77
140 145 92
64 148 60
144 25 14
114 77 43
44 60 18
81 27 51
146 1 95
16 78 39
106 99 59
66 14 7
14 87 65
143 38 22
18 125 99
26 64 33
52 99 94
28 126 6
71 19 83
129 34 38
134 30 9
30 134 83
94 98 2
18 78 49
10 119 50
16 19 8
138 140 46
58 96 52
63 7 7
65 37 85
53 143 100
55 149 8
102 85 55
106 119 30
27 64 100
18 43 0
24 30 25
145 35 2
70 60 3
43 1 95
136 69 22
47 43 9
123 58 36
112 84 53
22 1 32
74 147 85
47 73 7
9 132 18
73 59 47
121 103 61
69 97 84
42 88 8
118 12 69
93 47 68
57 23 65
26 49 80
62 80 33
59 47 99
81 50 69
140 78 80
122 21 37
56 88 95
137 45 45
122 91 81
19 56 12
70 83 9
51 38 88
136 125 5
84 2 83
20 32 26
31 1 3
66 85 74
60 10 42
142 8 35
105 38 69
1 122 52
144 16 53
13 126 14
132 83 31
55 109 84
102 38 54
145 71 63
137 99 51
110 51 45
140 47 90
81 1 44
108 9 26
47 63 30
76 33 44
16 143 80
110 108 24
120 103 73
22 125 55
59 12 68
30 10 43
111 60 38
50 69 35
2 43 6
128 76 87
66 104 43
132 97 59
132 41 23
149 27 99
17 111 32
135 97 9
32 142 91
53 110 76
98 47 88
96 144 20
38 30 66
70 127 12
95 101 30
78 126 75
119 124 74
45 73 92
149 124 60
8 87 38
126 149 55
107 22 96
55 23 43
142 2 88
8 123 83
148 55 96
28 35 26
135 58 60
104 129 86
58 130 37
44 68 9
28 91 22
16 52 48
85 25 10
82 119 42
80 117 39
63 57 87
12 112 91
98 129 40
19 24 55
140 63 33
130 39 86
10 86 12
15 1 84
114 143 3
110 31 44
62 31 60
36 136 88
64 117 85
9 2 39
25 103 25
79 41 38
65 33 97
28 142 43
62 143 97
132 10 25
74 25 80
4 124 24
100 34 73
125 138 84
59 8 7
18 134 63
67 24 73
140 0 66
1 108 42
54 119 0
38 104 8
42 6 38
55 89 55
80 105 70
128 29 48
26 16 38
67 47 63
48 30 46
142 107 28
42 74 96
99 11 73
6 12 41
13 31 93
96 125 53
113 69 44
82 66 3
32 149 15
85 133 80
106 0 33
79 132 74
103 78 71
44 70 52
37 0 91
40 26 27
58 0 42
28 100 82
11 73 13
6 10 45
98 22 92
28 74 79
111 88 49
80 84 4
104 116 18
11 3 88
35 52 43
125 88 7
124 70 66
96 34 34
56 86 33
48 5 57
12 32 30
18 144 49
1 123 10
79 20 80
118 120 73
12 23 55
135 133 86
75 89 92
122 66 57
27 104 46
81 110 16
44 8 62
96 65 92
10 36 65
5 145 86
97 17 44
25 21 22
71 86 64
0 122 2
36 35 100
73 10 23
145 149 98
0 116 59
84 100 62
57 131 93
70 50 66
106 38 82
147 14 87
87 11 70
126 93 2
92 119 19
23 54 74
29 113 26
99 73 15
119 66 59
99 127 31
18 49 25
75 127 28
117 59 54
71 39 53
146 73 46
68 107 29
125 76 30
85 39 13
106 54 14
13 96 61
57 113 62
43 93 12
138 2 23
22 69 67
67 87 42
132 149 5
114 39 51
144 2 59
11 24 85
25 16 21
20 12 51
86 130 61
22 16 2
61 3 39
116 103 38
6 120 69
75 88 29
19 137 97
101 99 10
134 127 32
20 143 95
140 1 5
87 120 78
124 142 97
94 97 68
117 38 67
6 77 44
9 107 60
12 52 48
31 26 43
118 3 3
17 42 15
90 57 84
29 59 72
85 29 14
138 40 19
127 53 82
28 71 39
12 35 83
0 64 38
80 83 86
77 5 23
3 23 36
12 24 25
130 135 8
22 146 100
40 56 18
5 32 60
22 66 32
25 138 99
55 110 15
102 7 34
55 78 82
51 91 91
113 149 98
68 98 45
76 108 65
142 122 21
88 38 74
116 89 99
87 35 75
119 30 7
120 21 39
140 49 54
34 117 13
88 144 96
125 117 66
56 33 27
53 140 6
72 42 40
88 29 40
95 31 11
3 9 59
34 93 97
8 61 83
149 57 23
41 146 17
14 133 95
18 59 42
83 147 60
58 47 48
44 95 34
113 139 23
147 148 90
4 94 1
54 108 35
85 92 1
65 8 64
123 31 20
137 90 91
131 132 49
47 80 37
96 22 93
10 101 8
100 97 29
118 64 3
137 73 81
149 54 64
76 99 65
83 104 66
71 76 4
118 92 32
67 84 26
37 132 61
35 4 64
16 42 50
102 6 34
132 42 77
24 136 36
62 113 60
72 111 9
146 62 74
59 107 53
97 82 69
85 143 14
86 75 27
2 19 57
23 2 80
72 50 98
38 148 70
82 123 90
133 108 56
42 29 56
23 42 30
111 98 0
108 12 92
36 78 37
92 102 29
41 28 95
140 98 94
110 60 16
123 54 94
132 103 29
36 31 50
36 58 87
23 35 40
121 77 36
20 108 83
49 131 44
133 7 45
53 133 6
63 2 77
53 1 27
105 92 35
119 140 100
30 66 71
40 78 61
60 54 29
149 64 18
69 108 28
73 28 51
145 134 92
139 144 78
146 50 36
17 95 3
84 115 52
23 16 68
52 122 24
50 43 54
47 28 86
17 1 87
58 120 75
93 104 34
1 89 38
94 109 13
6 102 52
76 93 92
10 13 49
34 79 61
110 98 88
37 126 33
91 64 3
43 6 6
101 78 67
4 34 65
122 29 83
14 41 99
39 135 60
74 137 88
19 18 23
148 110 21
108 71 74
132 77 29
118 24 78
39 34 38
127 149 4
15 55 30
12 72 59
35 124 61
71 40 32
42 0 6
55 25 15
77 28 17
123 99 5
125 139 49
9 67 29
137 129 83
111 128 95
0 78 6
39 19 75
144 142 32
0 80 24
94 126 34
127 54 7
143 75 49
81 55 21
22 109 24
124 133 19
131 13 55
12 10 65
77 55 32
115 34 52
36 40 7
149 4 48
81 23 34
133 2 86
60 64 60
2 78 37
119 56 72
115 96 44
133 114 45
67 72 13
31 95 77
59 20 82
130 109 38
92 70 77
104 119 46
47 123 95
35 135 26
47 32 45
6 105 13
122 9 92
111 13 87
149 28 30
136 95 80
67 60 17
33 146 90
82 29 33
13 80 65
133 101 59
20 50 56
1 116 29
124 79 88
67 53 38
96 115 18
57 116 35
9 19 47
28 101 33
110 84 21
87 10 14
117 122 30
74 82 83
70 56 20
92 106 81
131 100 93
56 129 16
21 56 77
131 135 71
115 10 77
47 10 58
92 52 94
25 9 74
72 88 52
7 51 77
130 43 13
9 33 57
45 129 80
35 33 36
31 77 61
122 147 10
19 100 30
56 118 96
148 129 24
32 134 86
124 137 74
102 99 15
73 50 79
125 43 73
74 126 54
4 82 66
39 53 32
69 121 42
25 55 41
106 77 6
17 36 76
35 51 10
136 1 12
35 20 25
30 12 4
49 96 36
140 94 59
149 108 0
102 76 49
69 47 89
92 39 98
58 132 29
4 27 68
7 121 91
82 34 65
106 12 2
42 19 69
62 0 58
115 95 23
127 97 46
97 138 76
33 31 14
109 144 95
147 134 86
48 37 69
110 3 60
69 134 97
87 73 45
103 119 40
42 76 3
7 136 24
4 53 85
117 134 11
107 115 43
126 13 9
125 58 24
112 50 74
65 22 25
75 96 9
138 44 72
105 67 41
135 132 95
67 2 10
8 121 13
112 23 1
57 76 69
16 110 96
83 123 94
104 7 53
96 44 69
13 21 86
24 53 78
52 95 51
32 0 87
50 40 77
82 84 52
97 119 35
103 139 80
40 8 59
62 16 92
58 136 79
2 79 23
54 12 55
133 57 66
6 35 25
109 69 69
133 59 38
4 54 3
115 74 13
122 15 20
24 145 84
137 77 25
129 142 81
144 107 13
28 40 74
120 52 38
56 58 47
22 40 80
23 69 10
98 40 93
144 149 11
127 96 37
49 95 81
82 130 35
125 51 13
118 28 17
91 75 95
9 131 48
135 25 93
124 136 91
44 134 57
63 43 59
96 13 9
31 143 10
132 45 43
26 91 77
53 15 46
40 20 67
145 127 51
80 31 84
131 33 0
22 48 100
111 148 44
124 71 74
0 51 79
36 42 29
97 89 3
59 74 47
80 22 62
50 84 9
52 65 93
56 16 32
54 17 4
20 64 87
31 36 95
61 24 83
116 20 9
94 63 11
102 148 46
112 16 13
6 149 24
146 65 44
11 98 40
86 58 9
136 113 27
45 122 92
84 142 48
40 79 30
2 122 66
60 63 98
71 89 29
93 130 77
0 49 95
67 93 58
25 53 90
105 138 58
11 65 100
9 144 69
79 143 65
22 20 94
29 57 54
97 13 0
105 2 76
144 43 52
50 34 37
96 138 14
120 136 97
60 130 44
28 75 64
106 22 15
136 96 75
31 84 0
102 5 81
130 104 78
110 27 93
22 44 93
16 80 11
54 39 32
27 130 0
35 116 41
26 35 72
105 99 63
96 113 66
11 99 17
94 15 69
149 114 18
87 68 23
43 53 87
5 34 77
68 58 66
81 118 19
68 132 63
89 95 0
106 87 17
80 77 83
145 100 55
77 147 70
50 28 47
29 16 74
76 18 0
40 142 86
76 21 81
75 32 74
95 57 50
72 55 54
48 77 10
78 134 67
58 50 66
129 29 32
144 59 77
84 123 39
66 24 1
70 130 70
18 44 83
8 51 18
49 123 32
144 34 27
62 73 42
107 11 12
115 103 33
40 53 82
83 144 54
13 36 98
129 52 89
95 65 91
87 55 1
110 123 41
139 109 99
48 29 27
22 38 26
7 80 97
73 35 90
27 0 96
111 93 43
34 86 65
119 25 74
86 144 32
73 90 70
123 126 40
148 87 69
113 99 32
33 120 19
91 110 89
64 72 48
27 13 47
20 85 1
120 4 18
58 80 18
23 113 62
109 26 56
137 95 76
30 97 32
57 56 3
11 8 85
25 48 78
122 49 25
36 121 30
110 79 19
107 77 98
31 127 88
120 111 11
79 30 76
94 104 49
63 64 52
41 18 9
149 90 100
38 118 88
119 13 79
109 140 6
112 79 38
19 27 42
105 26 75
5 85 36
23 127 79
63 51 61
48 78 82
124 87 19
107 104 78
95 35 88
145 7 87
11 96 100
29 4 69
145 113 60
80 8 4
42 100 80
22 103 34
94 23 47
14 145 99
121 29 74
110 106 57
114 81 28
127 34 42
104 92 59
27 6 68
13 92 23
30 107 81
99 68 83
67 7 10
88 57 9
63 95 27
54 90 23
117 65 37
74 83 94
87 114 51
132 91 19
62 124 51
131 36 43
1 61 53
79 59 19
56 19 4
33 133 41
120 2 12
127 60 70
6 95 77
115 91 1
12 18 19
87 16 68
66 148 14
20 37 13
38 62 67
1 84 4
61 69 80
100 38 82
82 83 0
31 8 33
3 136 12
136 147 20
69 114 51
149 146 30
50 109 48
121 15 92
24 73 12
76 126 42
68 103 53
112 130 37
53 108 41
84 55 97
56 143 23
76 132 16
63 19 99
68 39 4
23 0 14
123 139 99
13 113 70
82 85 13
120 104 91
70 33 23
57 67 31
30 76 30
97 103 78
137 80 58
122 72 78
82 15 4
99 98 16
23 48 35
47 45 77
98 145 38
119 4 6
90 105 0
130 140 64
98 78 19
5 40 45
129 69 5
48 103 67
126 43 92
122 36 57
60 5 4
24 147 72
39 72 12
144 57 27
65 98 70
14 103 30
100 24 74
109 78 66
105 131 31
31 94 72
64 33 40
140 54 76
142 78 28
17 130 95
1 26 26
13 8 4
130 27 0
60 140 46
72 101 54
116 62 61
134 14 93
133 107 66
37 117 93
52 35 19
27 82 13
106 53 50
130 11 24
19 11 59
113 109 30
41 109 89
84 7 4
110 94 90
134 19 27
103 0 29
24 93 25
61 0 92
78 39 28
144 61 46
31 142 66
93 35 3
84 0 38
43 105 10
117 87 42
90 78 75
49 63 85
79 72 61
34 8 25
54 9 31
62 134 77
0 66 30
93 140 38
30 62 29
127 119 22
14 56 8
113 85 95
113 111 97
144 54 45
127 104 71
6 116 71
58 129 75
53 122 42
33 14 93
119 108 49
128 116 68
29 120 27
129 43 72
73 53 19
100 56 68
22 29 16
125 74 96
85 45 73
34 35 64
65 43 46
106 109 88
107 84 5
71 110 26
32 100 18
83 120 23
105 61 81
41 91 63
134 1 47
125 13 34
107 35 41
111 140 97
124 58 47
21 83 8
89 40 70
25 77 72
88 48 12
139 123 30
112 36 29
29 82 29
28 89 50
73 54 21
103 121 17
9 88 76
10 96 59
41 126 35
108 54 10
131 44 73
68 50 19
22 86 50
40 122 64
80 56 2
112 11 47
20 83 70
89 98 4
34 32 77
87 105 52
98 62 76
18 63 87
105 34 89
105 57 74
2 31 98
136 2 6
31 23 30
54 118 41
110 56 34
11 42 71
122 87 20
81 44 30
24 148 34
51 63 94
27 99 38
50 5 9
108 42 29
89 1 3
116 8 68
55 59 38
81 66 20
107 0 15
133 110 6
66 5 71
96 42 59
51 90 87
18 13 5
20 29 52
13 42 91
48 91 11
80 11 83
24 11 44
143 49 76
147 62 51
31 39 54
99 100 24
131 8 73
112 54 87
16 76 43
93 37 41
122 18 54
6 3 81
94 33 30
77 80 22
132 126 40
6 90 30
75 101 4
146 109 1
2 83 34
62 28 100
61 96 13
58 123 65
45 116 77
83 43 49
66 98 87
116 37 61
26 148 78
134 42 61
20 69 29
111 92 4
12 149 32
143 44 43
99 96 17
55 98 70
72 2 61
134 50 71
112 6 26
42 110 71
42 127 87
36 122 99
58 26 16
6 136 73
22 56 96
51 7 64
100 35 54
12 49 23
81 33 71
50 90 48
4 45 52
104 95 76
113 42 55
69 133 0
26 119 64
52 127 78
4 135 22
31 114 7
149 131 18
124 19 42
44 122 77
137 128 27
0 93 81
8 131 95
54 55 93
110 126 3
9 136 55
34 68 38
45 64 64
45 110 16
79 111 10
42 99 32
27 102 24
92 51 92
49 133 69
43 128 41
146 122 23
140 96 29
126 16 60
136 19 72
17 105 75
113 79 37
114 107 34
91 68 22
8 94 19
65 38 41
15 56 68
67 137 86
3 109 33
101 127 79
76 52 65
86 97 98
146 31 49
148 113 5
127 80 31
80 149 8
1 51 91
122 146 93
116 118 6
109 77 92
101 18 93
19 122 44
95 45 80
93 34 69
109 60 3
57 16 61
53 90 33
11 22 94
24 31 83
72 124 57
65 16 42
86 72 94
71 137 95
102 4 90
104 90 51
68 12 100
47 144 9
127 134 65
56 36 62
89 119 72
130 79 92
70 88 59
74 133 84
19 75 0
111 23 47
112 110 100
50 97 64
47 122 41
6 38 92
81 43 74
130 117 98
30 67 86
11 138 39
68 49 48
148 62 82
133 81 82
67 52 38
136 99 68
49 66 58
39 28 91
19 89 13
23 59 18
49 149 51
67 18 95
54 51 35
74 29 55
121 118 67
85 38 75
117 105 39
120 49 95
93 88 4
146 36 45
11 68 8
33 47 29
131 136 63
54 34 97
48 4 96
45 79 44
89 30 33
66 53 51
74 19 18
71 73 89
70 26 57
24 22 95
80 130 51
124 109 81
143 149 50
3 127 70
66 43 90
136 122 12
37 118 48
129 104 76
104 114 14
85 64 29
128 53 55
24 67 3
84 96 34
1 57 97
37 36 48
126 100 97
109 59 21
12 88 43
105 97 67
110 2 8
113 80 26
45 36 55
25 145 43
62 30 84
142 72 45
109 98 59
130 78 26
99 144 30
109 112 50
89 41 87
97 122 7
22 14 24
125 142 95
72 18 77
14 105 8
51 78 100
8 111 10
51 35 27
118 10 65
138 43 66
63 9 48
87 63 91
124 134 73
84 120 59
44 127 86
108 109 94
45 126 13
57 34 33
130 93 90
127 19 34
19 14 37
131 94 88
123 3 85
110 78 15
73 103 79
73 29 35
122 16 95
9 139 17
148 135 71
22 64 68
5 109 21
121 148 69
53 139 88
138 91 46
89 63 33
26 12 80
136 60 63
52 41 48
84 29 78
133 43 85
34 22 37
9 11 87
119 14 9
14 118 2
30 49 52
65 32 93
57 120 45
72 76 43
111 108 4
110 34 62
68 86 5
19 82 10
84 80 17
75 4 95
22 102 44
34 67 91
123 90 57
9 128 42
123 94 16
54 31 35
133 4 73
12 98 25
78 62 12
50 30 27
145 68 38
138 103 82
80 15 62
133 121 99
142 100 20
80 12 77
111 112 33
28 65 97
132 100 47
25 59 41
78 68 25
39 103 7
81 26 93
116 49 11
111 145 43
123 142 5
115 107 8
7 88 50
18 16 94
114 45 99
95 94 18
83 61 12
7 70 11
92 99 85
7 64 92
7 71 1
70 103 11
76 114 86
66 41 47
45 69 14
131 38 3
110 22 98
146 110 28
38 144 87
120 15 77
83 78 2
139 133 75
111 37 44
100 114 75
26 3 96
87 93 36
32 122 4
0 9 64
42 93 88
48 124 13
39 111 90
49 8 65
3 85 14
49 39 99
7 58 64
10 145 12
13 15 58
97 128 49
76 32 73
2 4 35
15 116 49
92 129 93
12 130 33
72 135 72
91 55 28
101 75 31
58 23 32
110 30 98
128 144 0
101 114 43
129 109 4
97 40 47
106 115 13
111 44 99
21 54 67
125 121 75
63 56 93
89 27 49
71 13 66
8 112 95
66 60 39
39 132 12
97 79 47
53 71 7
64 43 22
114 27 45
9 25 90
100 17 55
31 98 53
138 112 38
98 25 55
42 47 43
120 59 0
148 74 38
118 27 27
29 60 31
52 59 51
132 57 94
27 110 83
43 108 92
54 62 23
112 64 81
84 62 2
19 21 14
123 5 72
90 130 91
49 94 64
74 76 97
26 111 62
3 100 22
16 130 93
106 14 75
129 39 23
57 42 91
1 82 27
11 109 16
63 139 30
80 14 55
17 98 61
20 80 25
21 95 61
69 8 94
95 19 43
116 3 38
9 84 98
19 115 52
55 53 68
94 55 2
35 18 33
28 19 72
92 26 2
91 47 0
55 120 35
70 18 28
133 20 79
124 66 56
129 80 55
100 23 78
42 39 1
146 72 57
108 87 34
122 114 20
92 3 78
22 62 40
19 138 17
78 135 2
51 100 79
32 26 64
129 65 0
40 107 31
31 6 82
48 6 27
115 31 80
5 93 62
90 24 6
41 97 36
68 92 73
12 58 93
91 16 9
38 41 9
101 11 39
15 143 64
18 105 94
94 72 16
80 32 33
8 65 83
122 24 66
27 61 2
14 6 92
118 78 72
51 103 12
95 91 32
145 62 99
115 38 11
31 136 25
47 4 77
6 65 91
130 35 4
41 115 76
44 65 9
7 129 19
69 6 86
44 45 70
28 129 51
63 120 28
100 148 35
5 8 14
82 23 94
96 137 73
62 135 92
64 25 20
35 15 69
86 122 52
70 47 71
140 33 92
28 63 45
27 124 50
56 110 62
67 96 12
22 90 3
16 97 71
42 75 91
118 23 33
117 145 3
62 125 28
26 115 30
9 31 93
81 76 18
32 86 22
36 146 14
30 33 86
139 128 51
131 92 89
69 25 38
90 19 43
69 93 31
122 102 65
84 86 92
119 88 69
85 36 93
70 42 60
29 84 79
124 33 53
61 76 64
119 11 72
2 38 3
92 137 77
148 104 88
20 147 59
39 118 39
16 85 91
123 116 74
75 55 11
59 52 84
59 6 46
131 99 9
71 62 27
54 26 82
38 67 11
94 100 53
90 45 14
124 135 52
2 121 82
136 12 42
120 6 25
107 16 25
22 139 61
39 130 5
20 22 46
112 93 14
0 37 43
97 118 3
130 103 0
19 147 11
29 15 30
92 127 54
62 142 12
45 62 61
0 91 78
113 105 6
5 103 14
67 149 59
55 148 86
5 28 15
37 130 58
17 62 68
82 6 78
4 115 69
101 6 9
37 131 80
128 7 30
41 67 52
146 41 14
93 126 74
17 114 33
44 17 44
111 39 5
135 56 3
58 77 94
134 119 16
144 100 90
114 147 44
90 120 2
55 87 53
108 0 15
113 26 72
68 23 35
8 84 61
80 52 58
24 71 63
77 21 49
127 40 24
130 30 94
131 14 60
30 39 37
41 56 20
23 101 98
114 98 35
100 18 55
4 8 5
123 57 59
125 135 60
47 26 22
6 73 29
75 111 86
137 142 1
93 26 87
134 85 7
51 47 77
1 136 41
32 13 1
115 133 31
80 5 3
114 80 22
110 119 36
36 129 45
104 101 38
130 86 22
10 114 72
103 66 82
93 125 77
86 98 4
74 7 96
83 124 99
107 127 20
117 19 23
69 26 76
51 122 5
13 3 81
122 86 25
125 56 87
50 130 24
79 118 73
114 68 12
66 113 37
40 146 47
118 84 64
0 125 66
19 103 94
135 54 3
92 84 8
17 3 52
40 109 98
10 20 6
135 34 65
90 69 26
67 35 81
98 20 93
99 105 83
31 64 27
109 120 66
64 109 57
5 2 63
94 22 77
90 137 72
23 12 48
108 26 61
85 101 63
12 95 37
29 114 55
103 57 90
34 84 42
18 41 35
70 82 62
68 134 31
5 49 86
76 25 66
124 132 17
131 10 84
129 63 88
29 111 38
32 12 88
144 119 1
84 13 22
13 69 67
12 107 36
68 128 10
96 94 85
6 107 25
148 4 82
42 124 62
60 3 30
101 60 32
87 143 9
77 2 72
99 121 59
99 117 95
128 102 4
73 33 58
50 67 73
88 132 51
130 32 18
35 89 80
127 90 15
128 130 11
90 4 20
7 85 62
88 73 71
19 37 13
58 85 68
67 107 55
16 49 2
126 14 26
109 105 13
117 129 68
34 131 49
38 108 42
140 55 35
34 103 15
33 4 60
37 16 50
96 116 19
109 55 27
10 53 100
62 20 63
88 80 37
9 90 89
45 86 80
149 33 72
12 91 24
131 27 80
144 147 60
25 147 81
142 11 74
18 26 98
39 136 15
57 68 59
5 67 79
52 53 14
93 83 80
68 27 39
2 89 7
18 34 13
74 21 83
135 126 18
24 120 64
24 128 90
63 128 1
145 111 38
56 79 42
68 77 34
27 133 93
139 62 94
54 139 12
144 13 33
102 34 4
41 14 61
49 117 64
42 133 16
120 29 28
139 102 10
128 112 24
64 145 40
81 134 40
109 88 14
77 116 99
96 139 8
42 60 59
11 43 76
27 12 65
85 56 5
142 114 48
133 14 33
13 88 50
102 138 35
149 3 29
95 62 53
18 3 45
143 147 75
58 65 70
146 38 63
47 129 0
33 102 62
122 56 69
138 5 100
87 145 92
120 129 16
38 70 58
136 114 0
137 30 35
113 116 7
58 119 0
112 129 92
5 12 71
117 72 60
84 89 71
44 42 83
113 34 55
31 124 61
120 12 80
140 85 68
44 21 90
53 10 46
24 137 8
37 143 97
89 83 19
72 96 86
48 25 15
83 112 8
122 95 78
66 94 25
45 92 50
32 94 96
16 13 47
9 53 24
136 37 49
124 73 47
138 59 12
15 36 33
82 64 71
99 91 74
57 24 71
131 35 59
133 68 59
39 29 21
78 110 60
142 71 26
114 111 54
142 35 42
94 6 32
82 126 60
102 47 29
25 140 80
97 146 1
86 8 39
9 146 87
113 115 75
47 57 94
43 84 61
62 136 83
118 82 85
12 102 32
19 7 49
21 25 35
130 143 44
132 51 19
31 82 54
130 52 80
95 130 76
147 85 43
21 104 30
106 32 65
140 107 69
72 59 53
38 120 29
126 49 54
127 16 80
99 118 44
2 59 52
20 110 5
54 117 63
114 26 37
98 91 90
95 146 96
26 19 1
149 85 13
34 118 85
137 121 91
112 87 83
137 34 87
146 35 84
107 97 88
133 83 16
106 65 54
85 30 51
7 137 32
52 38 63
147 118 4
22 106 69
40 71 76
22 140 47
96 50 17
143 116 37
27 45 98
30 22 78
28 38 81
110 82 42
50 63 75
51 18 49
116 57 19
51 104 100
94 124 98
60 102 5
70 132 3
72 13 48
54 53 57
19 39 79
0 2 93
14 140 98
85 10 10
147 37 84
108 92 61
56 23 4
64 140 48
132 7 8
74 14 53
97 142 99
55 34 17
134 49 83
34 15 61
131 146 6
25 17 87
19 78 35
33 128 83
59 110 48
32 27 42
132 113 39
66 4 99
36 22 10
66 115 88
144 42 74
44 84 46
128 51 62
21 73 63
137 1 2
129 61 11
71 17 6
104 3 6
15 127 87
127 61 25
121 60 90
136 117 82
138 6 24
143 137 15
49 84 96
35 145 25
47 61 79
19 112 100
119 128 33
11 53 56
71 9 100
137 2 8
37 87 11
9 119 0
139 84 16
100 126 32
99 110 99
137 78 80
66 88 88
98 124 54
30 94 3
66 28 8
83 71 61
41 96 81
86 92 42
1 140 14
40 135 51
125 95 25
129 135 77
123 78 95
38 135 79
110 112 38
92 44 86
67 144 8
67 58 16
26 125 75
59 0 89
111 30 65
145 66 77
133 129 84
80 70 23
47 85 52
108 10 67
140 43 0
0 44 51
45 65 56
42 21 38
40 14 72
97 10 46
123 107 45
115 145 41
118 22 2
135 63 63
148 61 65
61 79 18
65 35 0
35 146 66
109 13 16
113 73 62
41 32 62
14 130 44
40 81 2
74 145 43
92 128 31
41 71 2
18 2 89
23 144 9
40 117 44
104 50 87
131 107 2
132 85 50
2 34 83
79 13 87
118 147 28
47 40 17
96 61 17
82 1 2
124 121 27
77 3 22
18 47 78
58 126 77
44 133 62
135 111 72
68 89 32
69 146 91
70 71 40
52 109 60
15 113 1
54 13 25
59 62 21
115 40 30
64 132 19
90 48 3
37 67 98
14 83 95
65 3 45
76 129 58
74 31 48
75 53 81
135 125 31
42 71 84
16 81 83
119 144 25
132 29 2
75 48 66
139 137 92
70 93 72
108 39 28
60 49 37
85 109 88
33 85 58
42 51 8
117 51 30
76 128 85
67 69 35
143 18 29
73 47 65
42 131 50
52 16 53
76 90 32
105 120 95
20 5 16
21 11 85
94 111 36
111 20 65
94 2 57
37 145 93
107 129 46
38 20 88
145 108 23
20 25 14
40 50 76
7 97 17
40 91 42
39 146 72
144 11 39
11 80 44
61 39 8
105 52 35
47 149 20
42 106 60
44 10 87
129 49 73
14 35 37
93 54 16
145 25 3
98 80 30
111 49 83
85 13 61
108 103 63
68 79 41
149 53 82
39 62 42
49 40 33
119 49 12
19 130 32
40 134 62
133 58 68
112 1 54
139 55 35
45 84 10
78 132 52
65 1 15
24 140 95
6 63 53
52 63 74
147 29 15
65 112 86
139 140 79
57 115 77
108 20 20
78 27 58
107 63 50
78 127 50
35 76 47
50 54 49
120 86 20
127 138 72
105 13 95
137 66 23
92 13 8
41 139 85
26 102 52
60 149 22
6 59 10
116 42 43
100 58 8
60 132 77
99 128 73
44 110 58
110 64 14
134 88 8
10 0 41
1 24 17
17 54 6
76 122 89
116 51 82
3 123 31
101 89 66
63 72 78
15 83 51
130 20 4
52 57 38
83 111 18
48 28 3
17 22 45
137 62 58
117 42 57
22 144 67
92 32 35
24 14 62
97 90 50
10 136 31
39 122 19
60 30 97
140 90 50
113 121 69
75 29 97
29 36 62
133 47 26
91 101 50
94 56 61
91 60 47
32 89 18
19 148 10
25 14 24
43 27 23
139 13 1
61 85 81
90 15 45
35 140 55
62 55 42
144 93 22
1 100 33
55 6 24
57 118 100
77 110 60
53 137 36
37 128 77
92 45 5
110 128 85
10 121 13
149 34 86
80 54 58
62 149 41
146 118 32
36 54 52
126 127 12
60 139 92
100 33 93
39 0 20
48 134 45
112 143 48
62 27 13
40 60 69
45 60 35
134 5 45
62 103 14
43 23 99
58 35 40
3 140 68
128 31 47
112 62 53
66 3 40
107 27 90
71 81 68
74 101 55
107 76 11
1 33 13
60 75 96
78 54 75
87 28 85
43 39 94
147 48 91
130 8 42
67 63 66
119 52 1
56 69 75
85 135 96
3 33 39
60 99 64
59 116 35
79 28 22
11 91 81
75 50 78
20 81 80
95 56 62
68 121 40
40 125 16
130 0 11
136 73 88
30 36 53
15 104 31
19 114 93
147 32 96
13 94 73
111 69 96
22 101 30
80 136 3
68 110 65
28 51 93
55 13 84
66 74 56
89 72 93
79 130 87
36 120 74
64 35 59
73 137 16
126 83 88
52 110 93
124 147 15
113 135 0
49 2 24
105 71 65
7 40 45
84 112 48
20 67 46
127 125 71
59 139 49
91 147 26
6 101 36
92 36 78
78 43 34
41 0 90
25 118 57
138 15 68
144 132 73
79 64 11
104 2 7
134 129 25
17 147 21
131 72 51
137 27 90
70 116 49
109 70 17
20 0 34
23 122 46
121 129 81
124 148 78
121 120 90
13 12 21
131 102 28
75 54 11
50 32 24
54 41 21
97 83 19
41 25 55
42 94 42
90 91 2
97 86 90
23 1 82
146 13 10
132 4 8
17 131 65
129 60 88
113 129 92
36 143 64
45 8 48
54 101 56
27 20 32
100 142 37
87 109 75
81 21 89
17 34 9
77 7 94
34 91 8
79 137 60
10 72 94
124 97 48
23 13 51
132 26 32
34 23 65
107 52 61
40 120 64
33 105 15
105 135 5
103 29 20
139 18 87
44 96 2
95 44 49
126 10 69
12 2 88
79 125 70
109 34 36
107 90 25
76 28 83
103 148 60
14 45 21
98 68 41
57 98 72
64 63 100
20 53 25
11 87 45
67 27 21
85 142 52
144 37 51
137 105 7
80 28 55
65 99 47
15 62 93
86 7 94
121 59 12
39 86 64
138 57 21
126 134 19
18 132 42
106 132 22
63 93 71
99 80 71
35 113 53
136 63 87
1 137 77
15 31 2
44 50 0
97 87 6
93 106 75
114 75 58
136 20 14
77 43 62
140 89 45
17 50 74
15 91 74
27 140 21
90 111 13
134 80 4
66 39 96
31 9 4
1 81 27
34 106 17
32 48 17
58 97 18
147 67 23
31 0 34
8 91 12
77 54 9
60 62 40
33 28 61
103 45 0
105 82 89
96 14 86
70 75 56
128 32 38
76 98 70
10 113 41
27 84 9
74 117 19
6 14 83
116 80 93
110 57 98
149 129 85
29 126 48
147 49 100
85 100 34
79 126 2
98 130 64
126 37 33
23 79 80
99 43 10
104 71 65
53 65 48
116 112 56
36 55 43
2 39 62
142 42 98
12 146 38
110 65 54
126 140 11
115 84 94
24 97 85
63 145 47
118 145 48
70 78 56
133 49 97
0 45 60
147 36 95
123 29 61
77 30 66
90 59 5
124 107 5
62 87 10
82 145 8
136 22 10
96 57 77
36 134 62
23 30 50
149 70 7
7 26 19
89 47 68
148 91 100
112 106 2
82 115 51
35 121 50
138 114 81
7 135 72
95 84 67
38 45 4
119 5 88
143 101 99
17 102 64
64 42 81
70 126 84
8 149 19
112 149 66
24 48 22
66 134 23
43 111 43
97 60 10
84 73 72
16 87 49
93 40 20
9 36 10
27 148 1
95 117 62
75 40 92
124 92 88
135 120 36
0 76 39
18 108 47
37 2 40
103 53 88
41 112 69
88 84 52
23 68 47
59 108 17
7 91 28
39 37 82
137 96 26
29 75 63
81 0 79
2 11 1
58 44 25
72 38 20
123 98 64
15 112 22
113 10 9
12 26 9
37 99 22
88 129 17
8 125 48
125 94 57
129 79 66
112 73 78
70 74 86
14 100 14
2 32 63
91 35 37
7 83 74
85 6 32
19 2 68
103 61 82
47 54 34
87 102 35
61 103 44
125 85 83
138 10 4
6 52 5
129 18 44
125 120 73
0 70 41
102 29 97
113 103 92
47 147 77
12 68 23
99 145 13
53 36 44
148 6 31
90 83 86
92 7 54
2 3 46
115 58 71
33 58 7
114 145 76
35 58 38
15 49 15
136 106 79
99 84 40
80 99 35
54 104 75
40 148 95
1 16 26
62 83 28
83 29 84
119 23 23
124 95 40
133 92 77
131 59 47
3 39 94
24 118 10
68 85 54
139 1 89
73 76 19
104 84 19
131 19 65
20 134 28
98 125 62
138 105 63
57 54 19
148 57 5
100 45 8
8 47 94
67 86 46
104 89 41
60 90 70
83 84 0
142 49 44
56 147 70
69 87 47
129 17 73
129 120 63
79 146 56
62 99 95
30 90 96
7 122 35
104 115 57
23 121 93
3 149 6
107 59 35
135 83 64
73 145 59
90 27 35
137 143 36
99 35 88
108 35 62
16 116 37
50 86 23
81 16 79
120 61 65
34 18 27
6 118 51
67 111 83
74 119 16
84 77 46
2 144 69
21 57 7
35 19 20
28 12 16
76 69 65
62 12 21
11 76 1
86 127 62
87 99 30
17 26 24
56 38 53
63 114 75
23 123 43
101 112 95
134 93 16
51 12 43
35 104 14
82 94 90
79 34 76
4 144 65
83 11 28
131 28 83
21 81 81
134 109 3
36 49 48
6 92 38
120 115 34
80 102 8
88 74 52
97 51 46
105 147 29
98 2 14
17 27 84
31 58 48
89 16 81
58 143 62
32 49 96
142 55 25
103 37 6
58 54 44
76 16 15
90 92 47
30 24 13
34 142 47
13 67 26
101 113 35
20 43 15
123 13 28
118 106 49
148 21 1
133 54 30
86 33 63
33 69 87
86 37 70
16 107 59
79 107 8
8 146 38
103 147 25
64 74 42
42 128 5
17 63 98
109 9 92
89 147 28
70 115 47
128 133 18
12 110 33
146 108 69
75 83 53
118 66 89
80 25 17
107 131 26
34 139 29
116 72 32
86 67 2
144 5 45
73 25 62
5 111 97
79 115 42
32 64 63
63 71 55
81 145 5
89 24 91
125 40 23
55 137 73
84 6 100
101 136 61
106 122 67
126 9 69
81 77 10
75 64 61
34 97 77
137 41 25
19 59 2
74 72 22
11 113 9
1 143 18
92 12 94
18 33 93
42 73 64
67 51 88
137 118 71
76 119 56
4 1 70
83 3 98
29 13 1
71 123 60
145 11 48
31 131 62
94 10 10
135 19 36
82 146 51
69 92 44
91 40 13
88 134 33
13 25 75
102 121 67
62 126 44
63 82 60
56 64 85
24 76 81
110 17 33
0 26 94
97 36 80
27 25 1
133 12 30
114 74 62
127 95 34
3 58 33
11 146 20
83 121 82
116 119 25
97 45 96
105 137 91
64 36 9
35 54 74
69 126 32
54 1 72
0 127 73
51 31 89
106 104 51
66 75 82
120 85 72
112 71 64
27 132 74
108 25 52
30 93 10
79 61 53
130 112 55
118 148 82
37 48 24
129 40 10
68 52 41
144 109 53
138 87 59
137 50 15
1 86 99
114 117 83
15 29 56
132 115 27
33 60 82
54 42 37
121 5 76
91 17 82
107 144 89
0 145 22
149 17 85
142 44 76
5 4 30
140 48 72
31 57 51
148 72 3
88 2 89
109 111 84
67 30 98
82 17 11
14 57 84
140 34 22
4 92 29
50 56 85
88 143 39
71 98 22
102 97 37
64 10 63
38 100 9
37 88 56
137 149 70
143 136 87
82 135 92
7 29 5
27 51 97
102 32 96
29 64 2
38 115 27
4 44 91
117 27 89
78 74 66
68 45 27
84 149 35
47 65 38
12 144 21
31 61 15
105 85 98
55 66 44
125 93 44
8 89 35
47 143 76
91 90 95
18 81 11
129 86 7
125 30 14
50 108 38
60 77 59
126 89 6
32 128 23
1 76 6
147 133 53
101 84 7
70 84 53
39 79 20
82 61 27
28 87 96
123 26 14
108 19 78
38 21 16
43 75 10
3 132 92
84 93 23
137 49 48
17 40 39
56 10 51
72 73 73
143 142 61
59 42 36
108 70 12
136 119 22
112 90 13
61 118 2
18 148 67
70 36 6
27 70 19
72 53 28
60 15 70
121 51 41
91 118 62
128 48 6
84 1 27
54 106 86
127 124 81
149 98 0
14 1 91
3 2 41
148 85 34
75 85 8
114 135 91
39 49 79
69 105 30
129 88 59
71 108 37
4 58 19
38 116 57
75 108 43
101 135 57
23 56 37
97 75 41
137 135 49
51 49 32
13 137 38
33 115 49
28 13 90
55 113 77
89 121 2
142 81 1
83 52 42
73 19 74
86 5 79
71 20 55
85 5 27
126 63 34
99 34 84
115 114 44
89 82 8
76 29 81
56 132 86
53 4 11
91 94 31
31 51 69
129 148 84
109 54 36
11 52 60
74 0 98
127 145 79
74 120 49
32 70 45
138 9 76
114 20 80
91 14 20
127 59 73
146 24 61
2 24 29
55 10 89
89 77 82
75 121 90
28 114 24
134 108 34
93 146 43
23 60 56
53 61 34
27 112 10
15 122 57
86 87 67
61 101 57
121 73 5
23 112 9
50 19 69
94 95 35
112 76 38
111 61 39
17 124 97
102 108 14
26 72 41
145 59 60
3 74 41
99 82 19
126 53 13
117 43 22
114 37 7
94 85 78
119 126 11
121 58 99
115 127 37
102 18 41
20 58 80
117 98 7
14 102 97
145 97 99
16 149 55
37 146 29
55 56 42
122 44 56
61 92 25
120 73 88
108 21 32
89 74 39
15 105 1
87 47 12
118 93 76
30 82 67
139 106 58
76 145 64
14 40 82
60 71 8
54 37 96
125 4 15
112 33 97
121 128 69
74 124 65
80 72 39
90 104 77
124 13 89
147 97 6
105 12 87
136 97 88
24 49 20
4 132 33
137 37 62
83 80 17
47 14 60
143 91 91
21 131 14
72 0 1
104 40 76
5 116 38
51 129 34
74 63 10
0 6 5
64 76 41
82 140 93
98 65 58
60 147 21
96 71 100
0 143 53
140 66 32
63 147 33
9 92 25
105 11 75
121 140 87
60 55 57
69 148 52
111 62 67
92 148 76
37 112 35
44 31 18
83 97 27
51 114 63
89 2 7
120 117 44
126 48 29
69 62 44
91 148 88
108 107 20
0 19 64
83 60 25
36 118 7
44 62 64
94 135 47
139 57 57
133 62 25
59 136 40
76 74 13
34 113 12
51 50 7
12 73 95
130 111 46
97 77 72
30 53 79
7 130 74
142 117 1
137 0 88
128 70 8
93 6 77
145 106 88
69 58 67
81 40 40
116 45 80
64 62 62
55 51 45
0 7 79
8 108 65
111 136 85
109 127 74
148 88 5
28 111 73
65 83 17
85 59 94
140 24 76
72 30 94
125 31 5
140 29 43
78 0 25
68 65 81
48 36 21
36 76 83
120 84 12
94 51 45
142 16 93
25 133 76
53 121 27
121 12 12
35 56 5
38 2 32
13 63 38
118 112 21
52 68 11
103 136 86
70 86 55
7 8 64
104 36 85
72 37 40
35 8 43
22 6 58
39 22 17
33 9 98
4 68 93
98 59 91
52 103 19
65 67 84
95 37 93
1 66 1
35 45 72
17 0 78
135 113 58
42 44 43
131 58 61
37 25 80
93 52 4
114 36 46
27 34 41
118 98 57
15 84 87
43 20 13
57 43 7
32 44 61
52 51 49
12 90 65
19 104 98
60 115 70
13 144 98
148 124 10
91 116 15
47 67 78
100 43 54
136 81 80
111 35 3
18 142 67
95 36 14
69 84 53
75 113 85
1 105 29
124 98 22
65 111 36
116 44 52
69 129 12
64 100 76
14 69 5
60 114 74
21 149 92
55 112 5
122 75 63
5 90 80
63 122 7
146 7 32
16 138 85
127 112 2
146 44 0
108 61 80
51 13 29
50 110 94
135 39 42
25 136 38
21 138 93
2 28 94
90 138 3
141 31 51
141 64 13
141 9 38
141 13 34
141 130 55
141 120 22
141 37 27
141 68 71
141 124 83
141 83 34
141 18 98
141 75 49
141 93 11
141 25 60
141 16 86
141 12 46
141 46 96
141 109 5
141 100 73
141 143 7
141 148 42
141 91 31
141 56 35
141 42 1
141 132 83
7 46 90
9 46 15
12 46 68
17 46 92
26 46 59
30 46 83
55 46 48
56 46 28
59 46 90
60 46 28
64 46 69
68 46 6
79 46 80
84 46 15
98 46 25
99 46 88
100 46 64
107 46 11
111 46 78
117 46 38
133 46 45
138 46 41
140 46 6
145 46 26
