0
15
33 59 0
48 99 0
2 43 0
14 20 2
73 66 3
40 27 1
70 68 5
45 62 6
46 62 0
93 21 2
27 77 8
74 4 9
8 6 9
73 4 7
23 66 1
48 88 8
74 95 14
61 23 3
1 64 10
13 2 6
29 97 1
7 62 9
25 8 21
75 99 11
98 34 1
30 74 11
70 59 12
12 46 6
14 3 0
4 38 1
24 43 16
7 25 1
54 95 28
81 79 10
61 1 27
31 27 35
47 12 5
67 42 16
59 69 18
66 88 4
19 68 14
38 70 1
53 95 16
24 13 10
10 89 43
58 65 11
34 76 17
54 98 27
60 9 50
66 72 27
98 81 24
37 84 50
43 28 31
50 71 50
10 38 30
60 53 8
14 48 11
99 5 14
98 33 51
37 76 10
38 96 42
62 71 44
29 52 2
70 81 65
66 39 55
19 37 40
98 1 28
26 45 63
81 95 43
86 94 54
81 68 59
19 51 60
80 2 73
52 25 63
40 76 23
72 90 27
86 32 42
75 72 13
57 71 20
87 3 57
79 50 44
63 66 14
88 66 46
3 54 53
36 19 16
79 57 23
22 30 13
27 9 37
61 78 25
84 56 89
57 62 35
68 84 4
71 18 0
17 20 66
61 4 81
66 97 54
65 47 55
30 24 41
57 9 93
82 90 31
89 69 21
94 54 32
70 56 16
58 94 33
20 85 102
59 77 20
4 64 53
7 87 30
13 56 75
76 96 92
46 84 87
72 70 20
29 89 67
50 86 104
67 3 113
53 97 111
95 87 85
55 1 100
81 1 10
54 96 60
54 97 120
54 33 57
14 55 101
22 64 115
75 5 126
61 51 2
21 54 108
65 12 87
60 88 95
37 65 56
4 96 19
10 76 48
32 57 115
32 70 122
34 92 52
40 86 19
38 4 4
40 54 52
9 56 69
11 85 27
43 60 80
24 44 17
91 56 83
1 93 6
18 67 26
73 28 128
31 59 26
97 16 44
68 51 75
12 40 80
39 67 44
48 67 23
73 25 138
47 40 21
22 7 77
20 60 23
18 92 149
23 54 12
64 58 70
1 67 136
70 7 102
44 10 131
32 3 32
43 95 154
80 92 48
11 95 8
42 85 89
55 71 162
20 76 106
70 65 134
71 60 12
85 46 25
23 16 117
29 80 18
53 68 120
30 53 78
45 71 22
12 99 181
3 59 159
86 51 2
4 79 164
73 40 31
42 50 164
2 31 137
70 39 180
73 13 182
76 69 104
67 33 84
17 82 114
35 16 63
48 9 117
60 2 105
13 80 50
11 14 94
29 5 155
93 8 196
66 3 98
23 1 93
84 88 93
18 1 174
52 9 200
2 49 138
64 79 11
60 34 28
68 78 21
84 97 2
58 31 45
41 48 46
48 90 135
29 92 98
93 32 20
51 63 87
43 25 25
38 2 216
10 63 69
23 84 100
41 40 68
84 70 152
89 64 13
47 60 141
70 31 115
5 32 41
8 59 136
68 45 28
57 97 76
39 7 190
76 29 51
2 52 135
10 81 43
40 38 27
80 50 221
28 91 60
94 72 17
62 48 19
80 1 82
37 43 23
99 39 88
26 17 90
24 91 162
66 17 147
88 53 43
33 86 105
26 2 54
30 32 183
87 60 88
58 3 9
12 91 104
83 44 236
24 74 61
94 69 31
97 65 156
40 47 195
2 21 195
62 19 80
99 92 208
9 83 173
53 91 8
9 80 79
83 84 208
52 16 181
50 67 35
1 22 15
53 66 133
48 58 185
57 18 84
14 77 31
58 91 39
1 41 221
53 1 93
18 52 134
61 16 263
77 83 12
39 8 111
98 56 104
80 79 264
75 17 2
22 76 192
83 41 159
40 62 100
14 23 151
38 14 242
73 80 78
2 6 69
71 64 209
16 37 217
74 22 171
47 32 46
99 26 14
9 5 157
46 31 165
65 70 11
59 24 167
14 32 135
1 12 80
61 63 148
98 57 5
92 28 25
4 5 250
52 14 22
13 18 304
6 63 30
14 95 24
67 61 168
3 19 174
13 37 184
60 39 253
92 42 39
97 53 200
98 69 126
42 20 278
43 35 36
67 91 3
86 38 286
73 31 150
91 2 312
99 6 225
9 52 77
66 57 141
83 47 86
9 51 149
12 18 167
48 23 12
16 2 317
89 43 179
24 9 189
54 60 152
48 22 325
89 40 33
7 9 115
67 34 307
42 37 42
33 57 0
3 61 231
19 48 22
36 49 118
61 60 51
19 96 265
22 82 344
71 84 49
56 26 8
99 85 30
20 91 169
20 38 85
30 89 151
87 39 42
33 4 358
8 50 316
60 43 338
38 92 167
7 31 70
65 19 234
31 55 350
14 30 4
95 46 315
90 34 309
6 38 211
95 6 295
45 89 299
6 40 199
32 13 336
78 56 162
94 33 124
98 29 126
91 45 90
32 90 206
39 49 245
94 28 170
52 46 168
95 35 367
66 30 95
92 34 38
5 88 175
91 29 248
69 41 95
97 40 178
25 14 35
48 53 301
42 46 284
32 14 221
16 24 84
97 28 396
63 46 381
87 51 16
68 21 375
14 5 291
3 45 172
54 16 143
8 99 275
76 28 313
34 5 142
9 12 350
60 98 149
84 11 344
48 72 183
79 88 132
34 49 45
51 22 308
71 39 321
35 39 314
65 59 54
30 69 36
64 38 1
86 72 194
52 18 40
75 59 22
68 55 338
28 37 237
72 6 303
1 92 418
1 62 376
75 94 109
57 79 160
92 71 162
80 16 100
61 24 43
17 43 409
83 26 283
22 16 291
73 39 79
82 98 374
7 82 338
99 97 206
40 90 139
10 28 144
95 42 135
30 33 219
36 81 347
69 39 134
72 65 115
22 67 246
76 80 88
72 68 123
52 27 187
4 52 6
74 75 343
82 93 165
60 13 355
54 1 228
38 79 235
54 26 421
26 92 65
70 21 301
17 78 398
27 91 451
74 16 44
67 84 57
30 71 249
24 89 121
58 40 304
75 10 464
71 1 137
29 60 171
51 23 103
99 23 403
58 22 308
77 23 164
16 70 42
74 78 411
76 49 308
71 57 164
50 70 42
8 52 440
82 26 49
16 34 336
33 10 92
4 46 322
39 99 449
97 96 152
70 23 398
82 34 107
78 67 38
54 21 117
65 73 255
74 84 465
11 25 143
39 85 210
9 58 251
50 9 228
57 77 75
48 27 161
3 37 322
13 78 77
83 79 483
35 4 237
55 19 183
33 64 486
11 35 286
82 1 197
58 48 432
78 14 124
60 85 228
13 77 424
11 96 7
71 69 47
66 77 508
77 35 32
49 73 425
54 83 92
22 13 503
26 84 86
69 51 359
78 7 194
55 53 448
2 61 130
50 85 35
36 29 24
90 9 261
95 39 45
22 73 208
23 62 302
54 36 440
10 91 179
87 90 78
98 2 237
79 3 192
54 17 317
82 57 423
51 39 420
13 17 419
55 49 101
96 81 254
20 43 300
51 73 372
63 18 316
62 25 441
85 91 169
43 92 39
77 50 24
61 92 388
11 41 7
77 93 307
2 17 219
50 1 191
33 80 115
90 39 503
13 19 291
17 96 29
95 8 19
44 95 373
43 79 44
53 8 492
20 93 44
31 77 519
8 25 502
79 29 212
32 29 32
21 69 28
46 75 372
37 25 162
17 63 58
23 56 203
52 22 64
54 70 435
28 93 317
12 30 304
96 88 485
30 22 254
53 24 309
55 12 550
56 93 77
69 32 155
39 94 474
28 13 489
70 82 257
37 58 145
3 51 118
60 29 152
69 88 522
68 19 421
31 23 121
12 8 211
36 82 437
78 62 473
95 94 7
76 24 574
55 26 150
84 85 569
97 19 358
95 25 392
90 74 393
59 70 313
98 52 413
26 37 230
62 90 6
42 81 260
90 3 99
89 95 99
47 45 69
34 82 184
36 46 406
10 64 578
79 67 161
69 19 294
18 10 564
59 29 309
10 66 226
29 19 576
34 67 142
83 51 49
47 33 357
27 24 35
81 10 400
83 4 246
68 9 168
84 49 557
18 36 563
12 48 369
23 94 233
77 96 347
75 3 350
96 95 381
65 46 298
63 5 351
7 48 154
77 19 101
25 21 261
46 77 424
71 66 228
34 50 190
92 78 137
73 41 638
13 40 598
69 60 601
63 53 216
47 50 513
81 33 458
79 51 74
5 87 280
81 67 427
11 73 127
65 39 622
77 86 440
57 37 325
25 4 433
3 27 345
83 10 57
44 59 85
7 6 37
13 88 617
12 26 283
95 69 213
73 46 45
83 61 330
69 81 651
69 85 100
83 87 350
19 16 40
88 74 258
41 37 272
96 17 57
98 37 434
85 76 34
89 42 481
20 59 13
12 32 339
35 90 123
20 61 246
43 53 26
7 21 20
35 66 355
45 68 219
55 16 50
65 99 597
43 51 200
40 31 518
27 66 399
12 60 231
59 71 213
70 1 226
36 71 502
69 17 307
84 72 429
94 18 130
96 87 407
81 57 653
60 99 191
76 1 291
2 51 164
99 22 224
93 44 491
71 62 294
54 48 676
77 52 350
84 57 82
47 48 130
37 14 210
29 58 11
85 48 262
61 6 70
39 79 651
9 71 467
36 3 496
44 8 53
91 21 595
96 7 42
42 49 98
40 34 381
2 28 403
76 14 26
30 42 583
17 81 72
23 9 296
41 38 648
80 88 424
74 82 493
2 94 516
67 36 502
11 97 64
54 59 421
45 97 598
77 20 579
97 61 391
80 71 373
97 95 501
99 44 192
25 3 562
72 34 435
36 40 497
89 21 365
37 80 356
86 44 3
90 59 588
22 63 637
34 84 694
39 59 441
54 3 670
12 87 390
82 92 703
57 69 86
95 93 118
71 38 369
7 73 584
61 48 609
62 3 690
1 51 574
13 64 266
71 63 35
6 26 576
57 87 587
34 85 506
52 72 610
91 89 487
4 42 601
56 4 214
60 93 395
87 58 46
3 50 0
73 14 635
50 87 264
86 13 635
29 31 664
90 4 97
59 17 630
74 36 25
76 37 19
69 90 408
51 55 487
73 16 438
39 56 331
33 45 699
90 84 0
6 32 183
28 66 387
93 31 739
59 96 765
62 24 52
4 8 565
67 93 425
9 87 478
68 41 365
4 41 686
71 96 578
80 45 486
5 98 172
74 92 243
1 55 60
50 76 206
47 29 798
69 52 77
13 58 75
72 16 168
41 87 590
84 58 712
42 96 232
31 97 96
60 22 368
81 38 733
19 23 164
91 11 380
96 42 476
37 54 251
98 59 704
82 91 207
66 32 58
14 2 135
50 81 799
24 50 442
45 70 359
82 75 557
72 85 443
12 50 618
69 16 631
74 23 766
49 72 95
21 34 725
73 48 177
40 39 281
9 74 589
88 97 523
89 20 101
44 77 514
24 7 157
55 48 449
73 52 810
13 36 384
77 10 21
29 86 105
26 25 322
48 47 107
26 82 760
76 22 371
79 78 272
9 3 834
63 25 841
42 84 719
49 81 67
91 1 231
87 92 455
41 59 736
6 92 222
61 88 529
34 64 492
90 42 728
42 56 674
72 67 377
20 94 704
79 62 412
34 99 605
4 7 182
97 5 836
87 2 575
16 72 217
20 3 363
20 48 396
45 55 520
17 24 784
72 77 678
77 74 785
36 13 780
74 52 525
73 22 125
29 62 863
57 63 373
72 98 879
9 38 87
95 70 137
10 54 122
19 24 242
61 3 265
43 36 570
27 2 315
7 17 825
69 67 83
31 54 542
98 99 351
84 98 215
86 52 838
53 41 644
71 54 712
29 90 74
13 55 575
43 96 749
51 31 399
91 75 57
81 62 668
3 34 562
47 8 522
5 66 215
61 32 453
95 16 802
74 44 472
94 98 672
38 51 247
76 42 808
30 11 347
74 26 49
31 9 674
20 22 408
57 61 886
1 52 484
7 14 544
61 65 534
91 9 387
95 91 267
95 33 548
44 40 163
75 40 905
4 76 723
92 43 881
35 54 548
81 55 590
5 74 456
40 16 882
75 1 449
10 53 901
20 92 19
89 57 443
45 9 372
72 96 394
97 18 280
51 57 546
12 62 882
8 18 838
90 55 771
16 81 36
45 50 330
2 70 280
62 81 647
96 56 618
60 77 469
48 77 724
65 10 78
37 85 665
38 82 861
87 81 818
72 47 328
97 57 77
87 16 158
47 97 692
44 26 101
99 94 431
85 30 913
32 48 806
62 47 222
14 82 481
91 3 279
81 66 785
7 10 507
37 89 106
99 86 531
76 81 922
49 41 671
63 29 273
83 98 460
10 45 815
2 88 120
60 23 121
19 32 269
33 52 256
58 74 868
59 6 239
12 74 520
93 66 209
81 94 377
80 8 580
50 44 883
41 98 376
79 66 306
42 97 344
14 59 645
5 9 685
50 78 941
97 71 920
71 32 325
70 99 639
69 50 971
29 37 368
37 55 807
14 33 346
96 53 733
5 97 462
68 7 160
93 64 240
18 2 14
5 56 588
99 71 275
26 50 618
20 50 337
64 16 937
33 7 577
52 80 727
46 76 899
89 83 17
5 14 675
57 72 760
21 36 720
4 20 502
1 72 710
14 22 964
73 79 687
16 5 256
69 72 954
71 91 534
67 51 650
8 39 659
65 8 824
72 74 618
99 80 77
51 38 212
42 59 666
7 52 316
1 97 917
36 61 317
38 72 474
13 72 274
88 6 639
54 57 569
20 16 530
85 33 105
1 38 506
63 81 263
66 31 103
22 35 340
17 57 795
71 48 982
62 33 48
18 66 388
98 92 791
25 61 827
26 80 365
42 83 739
45 44 513
35 45 64
28 14 369
50 72 156
62 65 464
35 83 1007
89 96 688
91 88 523
22 10 984
27 34 171
62 94 811
39 24 1052
34 75 782
90 6 424
26 81 871
13 35 847
84 64 419
77 4 1047
29 95 1073
76 52 978
43 93 21
78 32 501
83 11 270
61 8 536
19 34 49
61 98 733
36 92 836
43 41 702
45 26 802
86 45 229
50 54 833
22 3 979
81 88 659
72 21 68
17 42 432
94 70 313
76 88 367
81 19 560
6 37 623
13 39 44
96 48 401
58 4 362
65 29 635
76 67 1042
23 2 212
51 27 304
24 46 999
64 44 469
68 54 249
87 40 983
5 21 973
26 62 802
37 34 521
18 19 723
47 87 1091
30 35 213
13 86 13
38 32 826
12 21 48
96 99 313
6 68 533
3 12 568
71 12 232
32 72 408
31 56 230
68 85 684
22 65 867
79 98 200
94 46 524
63 89 912
61 73 53
64 60 68
79 35 1019
75 25 259
58 72 25
24 86 549
94 6 46
89 72 620
64 39 603
57 5 1034
54 86 458
85 31 298
63 68 305
30 54 118
6 53 21
32 64 114
64 73 78
41 79 1025
28 87 343
60 66 839
86 81 1011
53 34 19
69 98 657
69 14 764
49 25 1059
14 26 918
93 89 44
45 54 312
14 36 878
45 69 799
48 2 86
87 80 586
32 31 536
82 83 562
25 99 762
90 73 568
35 40 978
56 34 1134
99 42 172
57 59 104
39 97 919
90 76 938
75 31 180
32 87 13
9 66 761
75 97 24
85 39 510
77 26 1054
24 41 605
4 50 813
78 22 837
61 53 811
8 5 381
69 36 553
9 32 688
75 85 1051
90 86 754
5 45 501
78 18 972
66 70 265
97 27 911
61 31 472
80 81 1016
94 90 65
44 32 27
22 66 823
81 85 4
85 11 920
76 94 326
94 65 426
72 76 322
10 50 782
78 87 185
25 7 430
5 92 958
41 61 135
50 12 1145
38 1 1168
91 49 1001
3 57 627
14 58 869
39 3 431
46 26 1208
76 84 769
48 10 113
97 17 221
22 46 333
24 18 935
51 35 940
18 95 1058
11 64 19
19 21 1172
9 24 665
84 45 673
89 9 1151
44 92 1106
87 70 86
29 21 756
20 80 427
28 56 429
51 45 586
28 48 136
12 96 1003
54 63 690
83 78 346
19 22 251
29 4 660
38 17 873
95 13 1096
29 74 848
82 73 362
69 78 1059
46 81 425
34 44 43
29 54 625
56 91 350
68 65 972
69 47 488
50 16 338
63 21 338
83 14 2
89 60 295
97 1 781
19 44 856
57 66 389
94 73 1068
52 56 1196
72 42 1248
38 84 933
48 24 826
32 85 847
13 1 1210
98 84 250
6 56 779
36 95 545
92 88 767
73 33 838
96 89 650
9 20 438
12 97 748
89 87 319
57 29 1131
25 92 1108
58 73 932
28 17 1072
34 88 773
27 90 1078
86 20 714
80 97 835
49 89 647
85 69 1063
76 16 528
83 95 111
27 8 1076
27 46 754
3 7 1167
35 2 725
4 65 1207
53 14 425
58 51 1205
43 61 220
83 22 708
10 65 1034
10 1 440
46 96 1016
64 36 129
78 93 398
45 53 1103
74 45 27
41 33 330
34 19 68
17 58 1294
84 54 708
36 98 768
4 12 7
82 89 407
27 52 959
87 59 1101
20 6 595
22 98 1088
76 9 1148
25 1 885
56 89 542
42 74 950
72 99 985
11 72 33
10 96 635
51 8 453
23 75 638
91 44 1079
40 32 1228
86 75 266
1 43 701
48 83 383
89 90 1017
34 55 968
85 78 967
17 92 741
90 99 145
66 24 526
27 20 1153
28 11 402
22 23 722
88 25 954
69 59 216
66 98 882
68 63 510
11 56 608
93 84 75
87 46 289
91 37 114
95 2 566
30 17 1123
53 42 487
84 40 589
66 52 175
58 60 236
46 39 1019
53 43 1139
7 49 202
50 51 930
89 47 755
40 21 1184
93 96 467
86 36 270
28 54 1317
76 17 388
26 19 622
1 87 176
33 11 204
52 4 1290
42 57 1319
16 97 873
96 40 543
52 73 873
21 45 1201
66 5 806
22 1 797
56 20 66
96 58 1151
78 99 1059
3 74 1258
75 82 1348
97 99 139
44 1 641
10 60 641
99 79 181
77 88 541
57 20 731
36 73 1105
37 26 170
80 6 236
85 90 330
48 4 1254
91 84 307
94 59 665
29 78 866
5 67 1392
32 51 709
79 52 754
28 1 122
49 91 1261
78 50 365
29 77 655
12 82 768
35 20 278
42 55 265
14 47 1125
67 20 1407
80 72 861
70 54 417
23 20 515
3 38 891
19 4 962
17 64 928
87 45 824
29 18 414
10 14 1033
82 33 991
65 14 538
89 99 1409
44 34 952
17 35 1106
58 67 269
57 24 79
39 27 388
2 54 800
20 95 703
90 26 918
67 98 438
87 82 38
70 18 1347
93 92 388
75 98 542
37 42 1166
87 67 484
58 69 960
45 99 302
24 83 946
9 79 658
55 5 569
68 4 1370
24 17 417
87 91 1003
32 7 1259
72 84 444
73 67 404
23 60 1410
86 48 465
95 37 442
72 82 1233
80 77 456
63 70 1137
36 88 972
33 48 206
29 53 852
28 81 77
35 41 315
95 59 13
90 38 1168
72 71 188
56 94 1401
79 30 1210
13 20 205
38 45 1248
38 93 799
24 65 1390
50 90 280
77 82 1221
34 93 1102
6 16 1270
26 33 985
55 31 742
26 61 609
45 77 923
95 90 1348
35 5 363
77 66 1295
80 90 1291
55 29 1076
27 37 88
89 32 1244
72 13 1470
20 45 289
32 33 673
75 33 1045
86 56 583
18 97 1026
6 45 209
80 38 1246
73 7 1236
78 69 1217
36 68 352
73 10 977
25 47 398
84 7 1056
53 31 259
27 50 1301
14 60 1297
11 44 276
35 52 384
81 44 1099
34 79 1245
42 79 458
70 51 974
55 24 315
75 7 42
62 70 1358
56 96 715
89 23 929
71 43 1268
75 42 715
58 17 1467
81 41 1421
18 54 65
47 56 1084
28 38 1444
82 10 546
24 79 268
62 51 457
33 40 881
46 98 170
58 23 647
94 95 809
16 51 906
69 63 753
74 61 1125
78 21 1245
43 62 107
65 86 480
80 68 1163
45 61 308
79 9 110
98 31 678
96 41 891
53 63 1177
37 4 502
10 29 1515
30 94 143
94 9 334
53 40 875
16 14 1271
67 37 1266
70 89 1026
85 29 972
11 39 330
97 10 1033
32 26 480
3 23 923
60 58 583
73 42 434
89 76 108
86 96 1108
47 77 665
29 12 627
81 24 26
6 65 1397
13 69 8
80 31 354
11 61 267
99 50 933
39 30 157
9 77 1004
72 81 1463
45 10 812
90 24 36
79 89 24
26 14 629
80 37 424
51 18 200
29 61 759
74 1 1280
4 34 544
52 23 1041
57 56 610
82 4 548
46 2 1536
39 16 737
92 17 199
91 35 1360
55 77 1204
55 11 638
66 63 1166
33 9 870
92 65 579
2 85 905
7 23 75
25 44 1503
82 79 594
18 30 939
82 67 1203
35 19 1588
75 61 1449
77 28 295
71 47 89
97 14 591
39 51 103
94 34 655
24 64 141
2 11 463
28 33 1327
21 74 1263
54 62 778
57 42 1173
90 68 1218
54 43 952
92 35 1215
76 50 716
19 26 680
62 66 1064
12 66 37
64 6 69
67 38 1057
72 60 942
34 52 960
2 16 937
39 90 726
50 79 126
9 43 131
27 99 345
84 63 733
22 44 129
46 29 1408
70 49 794
49 39 851
87 99 1582
12 71 500
76 53 40
22 92 151
3 64 384
31 65 598
57 6 940
82 8 1206
17 86 664
49 26 475
53 76 1229
80 9 51
63 91 1463
96 19 105
22 14 930
7 56 1007
94 61 1161
68 66 1532
94 36 1065
25 16 360
1 9 1508
24 16 1249
64 21 470
53 70 177
89 24 253
23 26 1250
24 94 1010
18 61 1527
1 91 682
37 41 640
4 87 323
57 36 244
24 33 467
60 81 713
42 21 1441
36 54 231
7 65 204
43 32 398
49 28 587
74 2 507
54 12 1058
3 13 42
24 69 1215
14 87 717
78 8 1537
34 27 838
73 30 1600
98 87 1011
34 60 457
34 39 1152
66 28 921
14 28 863
30 9 1282
10 55 1342
67 55 225
60 3 728
70 90 1268
98 88 536
48 12 700
62 80 1376
20 8 822
69 96 751
32 27 111
42 60 161
95 50 1524
33 5 969
9 53 598
60 7 334
23 25 1601
22 95 1331
58 27 1259
81 46 375
12 92 785
84 33 342
30 75 368
49 18 1019
90 32 589
44 2 1647
94 47 156
73 59 729
47 13 1472
93 50 855
90 54 1434
54 92 968
21 47 1409
31 91 1591
51 64 994
33 65 957
50 20 45
84 6 438
8 10 1216
45 7 752
37 33 1097
24 10 1441
60 10 1278
32 23 470
4 73 1500
55 73 872
73 5 450
4 67 747
29 9 844
10 41 214
81 3 938
58 59 632
4 44 588
9 75 1691
45 18 1095
41 90 74
89 59 1050
21 75 1337
12 52 1599
64 88 693
31 38 1591
13 54 680
91 98 1613
35 60 1384
1 53 354
55 83 1243
33 67 1069
44 23 784
47 2 567
39 98 226
92 12 37
24 45 1621
7 19 812
55 61 305
78 80 126
24 39 452
55 4 650
2 97 394
96 57 868
30 60 183
36 48 127
33 70 1334
24 11 102
73 49 967
21 2 1217
85 53 1536
28 85 608
26 8 670
50 59 513
20 33 1076
20 39 80
88 18 549
99 36 993
61 58 1360
92 10 1274
31 32 1289
24 80 1078
48 25 897
33 73 643
86 17 1369
81 7 944
63 24 1360
81 43 448
18 8 118
40 45 1182
32 61 684
33 27 803
92 22 1313
84 46 451
43 56 575
32 94 1375
95 48 1707
98 32 74
55 14 1384
43 46 1594
21 59 733
38 18 106
2 73 1133
36 25 10
62 28 281
44 70 1097
80 20 891
68 13 1009
68 17 1588
8 48 632
48 94 684
49 69 1578
25 94 257
89 97 396
82 81 113
91 18 630
44 94 959
29 66 521
65 85 951
1 71 996
11 88 1413
5 61 1193
29 25 109
70 44 923
19 11 1832
17 69 812
82 36 427
49 86 602
24 78 242
74 20 721
49 96 1795
7 69 726
82 21 850
98 11 942
9 67 1543
57 40 1671
80 58 1735
61 97 1820
11 30 1350
88 58 169
69 12 368
10 5 1452
81 26 492
93 25 244
90 28 1075
99 74 1058
14 37 1789
96 97 1444
87 24 1837
5 77 1725
8 1 282
57 3 151
92 74 343
48 5 1352
60 48 1701
18 25 96
3 28 577
71 10 1561
91 24 77
1 44 1231
83 76 1209
41 84 1627
91 92 1259
8 53 813
74 86 584
95 45 867
67 96 1146
90 96 889
53 23 343
24 20 1812
5 62 133
86 3 346
72 79 1382
42 13 1283
84 32 368
96 69 194
81 69 1884
59 74 1515
11 90 262
99 54 42
89 12 1124
70 63 1364
9 45 101
62 57 1630
12 5 907
86 74 1054
41 19 1580
77 87 1335
95 12 842
92 19 1033
94 85 709
83 31 720
69 35 1114
23 29 251
59 26 609
21 87 987
61 11 824
59 90 967
46 47 173
69 43 49
83 70 253
20 14 1724
96 6 955
17 25 104
20 34 791
25 24 1773
67 22 1413
62 44 474
7 35 818
42 86 647
54 50 1658
37 7 1092
52 7 1363
90 23 1858
51 94 1789
77 68 203
92 40 902
76 38 1821
63 20 710
86 11 1291
60 46 1155
59 36 198
81 64 1846
20 79 926
74 83 773
87 20 1457
89 88 696
65 21 640
42 5 118
34 98 1158
40 46 684
35 13 1882
65 30 1916
70 47 1386
63 47 1852
87 79 1463
99 68 580
80 46 1018
74 66 550
29 24 1599
90 44 20
33 35 573
47 65 1016
2 42 176
47 38 1633
78 57 1759
71 76 1342
79 16 511
48 42 390
53 67 1048
75 22 160
78 98 238
58 56 439
87 10 210
39 31 1801
39 70 402
4 35 1773
59 41 923
59 80 1812
39 32 1043
91 47 278
88 68 1440
37 83 1393
29 3 374
81 49 1302
50 99 930
30 14 1407
84 17 1779
46 54 1146
29 6 993
53 49 995
6 39 1389
7 2 1181
73 38 1780
33 22 294
36 20 498
34 68 1662
72 69 1603
19 88 724
58 50 258
74 17 771
45 20 1754
74 42 1546
88 65 1127
26 55 1205
88 75 588
35 98 384
59 98 1353
56 33 1186
57 86 1380
82 70 11
42 43 472
18 44 1120
78 53 565
57 51 766
95 9 1712
46 58 1033
91 63 298
66 74 1493
94 2 626
45 8 724
98 3 789
37 60 288
34 91 1735
72 7 928
83 80 1617
44 74 361
70 40 1541
58 43 1760
20 56 859
99 27 1589
48 66 1633
25 33 513
17 23 986
45 4 690
32 47 518
46 70 1561
64 27 295
19 1 96
14 19 896
30 52 683
14 84 1844
91 5 2030
53 61 1056
81 52 566
33 49 249
16 64 1329
94 26 807
36 91 622
19 84 1068
22 8 956
46 21 1948
52 21 1845
61 2 605
70 42 1854
74 46 404
63 56 1626
31 67 372
91 10 142
18 39 81
65 89 1186
47 89 523
76 87 1941
91 60 1155
11 9 1498
94 35 1802
22 26 863
85 84 481
19 10 1011
98 49 272
41 70 493
66 35 1756
73 93 816
20 25 1111
52 47 1937
82 87 1635
35 22 1151
58 2 612
18 48 827
3 68 1662
24 26 409
60 36 1381
60 90 1145
93 58 510
70 2 695
4 22 948
44 64 1985
69 18 715
87 72 361
2 55 1561
50 98 889
32 79 106
45 81 108
24 47 1270
69 73 790
38 13 1420
81 86 270
51 33 1146
88 46 1239
67 9 1089
85 70 1145
51 52 1302
13 63 412
8 90 854
26 79 1690
28 35 1832
77 75 1130
48 95 704
17 51 1189
48 11 2085
50 25 400
67 62 960
19 99 552
38 25 1029
21 35 79
47 73 1613
44 19 40
17 11 746
58 88 1862
68 57 2037
50 64 1433
7 16 1156
18 68 1568
56 58 1399
88 52 1675
98 51 1421
85 18 138
74 24 629
2 87 1751
7 91 2042
93 60 877
44 63 1273
81 47 1046
42 87 1809
81 21 337
70 48 2085
89 62 361
62 97 362
87 47 429
30 55 1019
98 63 362
90 22 1529
42 76 2109
7 33 1442
64 81 1573
25 76 1882
67 23 1923
53 25 872
37 92 1697
24 53 1229
68 79 683
87 43 1758
23 28 790
82 5 1687
21 48 2004
37 78 644
34 18 1709
90 52 1803
12 58 520
83 9 560
17 47 2158
71 29 738
24 58 1809
94 44 441
78 45 2157
83 89 702
41 49 1507
76 30 1430
61 70 85
99 20 1575
89 49 1362
73 60 1775
85 9 1059
54 55 169
58 79 808
58 9 1008
44 11 990
6 23 751
95 17 1148
93 74 1431
90 78 1595
38 66 970
17 98 2130
4 89 678
18 4 613
26 34 447
4 97 701
88 61 770
47 54 1136
84 67 141
97 60 268
73 72 1469
81 60 1077
93 77 1239
95 85 1906
57 78 716
71 23 1258
97 44 1916
87 5 1108
80 42 560
23 89 9
30 56 269
28 69 740
45 21 128
78 6 1974
94 88 871
85 80 855
88 38 1395
8 23 915
36 9 1916
17 73 2104
73 61 1468
56 13 2202
70 96 978
24 27 1491
89 67 1305
71 99 847
51 60 1622
27 53 2192
88 45 1561
86 83 825
48 61 1983
55 44 497
50 7 343
83 13 1663
68 73 563
76 4 2038
26 43 682
59 23 1270
46 20 906
44 20 1173
6 64 731
84 71 1288
5 75 1312
32 17 462
18 5 870
66 42 879
18 21 980
32 43 129
96 63 161
94 50 756
66 48 868
60 68 1175
22 84 1566
56 45 712
22 18 1782
67 17 1385
63 52 69
12 47 1306
66 79 659
77 42 353
19 71 128
88 30 540
22 91 155
23 96 1414
23 27 944
72 93 2016
62 42 1791
10 13 545
61 25 1952
38 7 1611
4 33 1307
88 31 1743
32 67 1017
67 47 61
36 79 1871
60 83 96
30 7 1862
38 89 682
91 12 613
60 41 790
88 72 2053
65 11 1957
92 90 1369
47 4 2051
37 44 1363
23 46 874
80 85 2183
39 82 566
54 45 1143
26 32 1708
75 35 358
13 76 1911
52 62 1089
52 91 1513
78 29 1558
16 69 2213
99 78 1951
17 97 587
58 13 1073
55 84 457
97 82 126
72 10 1186
60 8 1851
91 65 1101
87 4 30
45 31 2173
10 70 1839
59 51 1176
3 42 322
38 37 1267
93 65 128
74 60 1527
96 21 2309
70 55 733
75 53 1446
85 40 70
77 46 1379
84 87 868
41 62 586
57 16 1083
60 35 536
14 44 1009
90 65 1013
13 29 1265
71 93 1398
28 8 1786
7 1 1821
17 18 1761
35 34 976
85 42 438
25 6 1876
46 38 437
9 90 662
61 86 1654
58 20 31
25 89 1683
39 5 2170
55 51 353
89 22 126
49 75 2255
30 50 810
58 49 229
88 79 1288
70 28 1531
82 55 15
5 63 1760
49 53 934
91 80 2133
31 18 2273
66 47 1662
55 82 1778
2 96 1493
38 16 1841
1 20 526
95 1 1816
43 21 954
66 71 417
98 7 2229
85 4 124
60 12 2064
21 18 590
61 28 892
99 62 532
95 56 20
98 70 2108
20 44 748
14 49 54
23 45 727
52 66 1531
21 93 1546
53 37 2301
54 6 1201
23 42 1312
50 94 844
86 7 1198
11 92 534
7 3 1644
70 46 1047
41 5 138
29 10 1407
65 5 362
59 89 2237
74 73 2084
66 80 29
43 82 1015
84 53 907
50 19 849
77 33 2346
95 38 1866
21 78 662
98 62 942
44 51 790
77 94 803
97 12 184
29 71 242
5 58 762
32 91 1304
71 65 3
72 18 1818
18 6 2089
56 66 1992
21 82 1712
23 97 1841
19 95 591
70 24 2053
1 96 1402
97 4 710
30 77 1650
53 20 338
42 89 1214
3 66 2414
96 60 1546
50 74 1169
40 60 281
1 5 471
16 50 1215
52 32 545
82 25 346
79 68 1422
25 43 1080
94 49 2262
17 87 961
78 73 568
9 54 2148
85 32 47
26 90 376
99 24 794
16 20 1495
41 27 950
7 57 2221
61 43 1670
71 67 354
23 83 91
57 38 154
34 87 1314
50 84 1738
34 10 1046
90 43 1128
51 79 628
14 99 2075
4 29 1613
56 12 678
93 22 1053
30 70 1751
21 30 1043
91 25 2152
28 20 2054
35 57 1979
30 96 645
9 7 465
12 43 2072
64 53 1325
97 70 1567
34 90 514
37 95 1754
54 5 5
54 51 1571
67 6 1908
94 42 2198
82 23 1435
98 76 2214
74 76 623
39 50 1731
13 65 2457
73 53 749
8 98 2336
53 69 1798
88 60 813
80 25 1776
70 73 1612
9 72 1230
75 28 2235
36 84 2303
81 92 1584
52 45 165
1 69 1497
38 64 1382
14 62 224
64 7 1994
61 80 1909
19 70 1481
82 24 1526
4 90 1627
74 9 1454
11 83 249
31 22 1553
20 5 939
89 54 796
24 57 930
86 85 1187
71 55 681
48 73 849
51 7 718
2 81 2227
73 9 1695
37 1 2455
99 91 1607
4 70 2207
14 72 87
89 91 864
43 58 1119
4 61 1227
18 64 427
7 51 908
34 7 2509
31 95 219
59 49 1281
18 11 1171
77 54 807
46 19 1312
64 94 808
11 34 2501
6 44 1900
44 69 1866
19 79 2162
42 62 414
0 95 54
0 60 32
0 94 20
0 17 30
0 3 73
0 39 24
0 36 37
0 22 5
0 53 59
0 56 32
0 98 32
0 78 49
0 70 36
0 52 31
0 31 41
0 6 31
0 8 9
0 12 6
0 26 91
0 13 53
0 5 99
0 51 57
0 96 85
0 76 79
0 55 20
0 44 74
0 34 72
3 15 27
6 15 31
11 15 47
18 15 6
21 15 11
22 15 3
25 15 15
34 15 55
36 15 81
42 15 37
44 15 83
49 15 74
52 15 36
53 15 25
55 15 88
57 15 60
58 15 21
59 15 98
63 15 89
64 15 21
68 15 61
82 15 38
84 15 60
85 15 22
86 15 68
87 15 42
90 15 84
92 15 99
