80
36
67 55 0
62 69 0
28 44 0
60 12 1
10 37 0
78 86 2
38 47 5
8 84 1
82 62 4
83 67 2
18 19 6
18 64 8
8 16 7
70 58 11
44 69 2
63 78 11
87 24 14
69 9 17
65 49 2
48 62 3
14 28 17
63 30 8
37 51 14
19 2 3
13 78 14
60 7 4
86 39 26
13 69 2
52 19 2
84 62 28
73 62 19
43 68 7
88 5 21
31 57 14
75 8 7
23 61 23
22 85 26
71 29 0
79 88 0
74 3 31
11 73 36
68 12 14
5 74 12
20 10 10
73 49 34
23 74 25
84 5 47
22 76 1
59 43 5
50 76 37
9 42 8
66 88 16
86 18 40
0 21 21
60 5 20
43 67 19
74 73 31
64 20 18
82 33 41
52 29 24
81 53 22
84 73 23
32 0 26
15 33 57
32 5 56
5 33 55
50 53 49
33 86 11
63 1 13
30 78 4
71 77 27
64 1 40
33 5 3
7 6 2
19 83 9
70 71 8
72 58 75
40 42 19
32 55 61
84 89 34
5 34 18
34 19 83
31 37 4
77 43 48
39 75 10
14 18 81
57 84 49
4 58 64
37 13 84
32 76 58
35 17 85
9 83 90
6 86 58
42 18 15
73 32 97
79 75 69
40 71 96
15 83 92
41 6 97
62 11 24
51 82 45
86 54 39
75 68 102
59 53 13
23 72 47
25 6 2
55 82 75
73 75 113
14 89 104
29 32 33
83 75 22
2 88 73
53 75 13
22 50 15
88 11 67
22 34 49
58 34 28
35 58 96
51 42 20
67 49 71
3 11 72
11 31 55
19 53 80
19 48 109
8 7 42
10 27 125
42 88 95
79 50 83
35 47 131
65 10 83
58 72 84
13 3 13
56 32 78
8 11 8
70 62 69
19 31 17
57 25 89
71 7 104
35 79 111
13 11 144
53 62 141
73 67 89
2 53 33
22 63 116
3 12 118
27 6 145
85 44 24
4 7 111
7 43 97
27 8 70
37 27 63
49 75 68
60 81 143
81 10 32
31 68 36
29 3 86
59 38 5
45 8 93
1 19 131
38 50 154
40 39 22
21 83 119
76 77 64
52 18 107
12 45 106
44 29 137
43 6 143
54 42 31
88 63 56
45 25 172
57 15 90
21 58 123
40 75 101
40 35 121
14 47 4
88 57 89
78 79 46
7 31 45
89 21 85
1 53 171
33 37 3
14 60 43
78 25 188
11 5 6
25 52 4
65 31 85
6 67 182
77 24 32
60 29 73
14 64 24
31 49 73
83 43 13
15 55 165
87 60 37
37 55 175
85 10 55
56 10 122
9 23 63
79 53 72
19 16 10
58 69 129
57 9 70
12 77 158
41 48 48
81 78 143
62 9 208
28 21 211
60 74 23
64 44 168
58 1 26
42 64 72
76 87 86
37 25 46
67 59 49
5 84 170
84 57 181
72 52 116
40 15 128
6 29 206
35 89 92
23 59 174
0 72 90
87 71 163
9 55 86
68 44 110
28 16 74
30 24 109
71 32 152
12 13 105
10 76 69
16 59 47
82 81 35
58 71 203
2 62 235
30 57 239
87 5 47
87 18 57
9 77 164
77 13 120
11 85 46
16 46 239
87 61 249
67 48 65
85 69 15
22 70 182
58 40 41
50 13 246
60 51 153
72 76 248
32 45 20
35 5 64
41 20 156
73 44 68
49 37 216
69 38 30
59 45 70
46 86 251
1 54 108
27 15 214
46 61 20
87 52 251
82 50 165
32 65 147
72 46 241
54 52 214
40 37 193
71 54 244
49 61 263
13 39 52
75 56 186
40 84 106
69 65 27
25 76 101
49 60 52
34 48 177
12 53 165
88 71 43
41 49 31
41 81 116
84 10 60
56 55 260
72 49 171
27 88 140
38 51 50
89 15 31
52 51 223
24 32 162
6 27 229
53 26 196
27 52 296
65 67 192
85 77 221
17 48 21
29 31 264
0 82 46
6 34 127
49 74 108
65 37 117
40 44 189
82 48 108
32 7 184
57 23 99
45 48 314
25 20 273
65 17 109
33 54 15
19 4 241
69 72 112
65 88 271
57 87 241
15 61 189
22 9 109
67 23 125
21 71 322
1 3 60
13 61 177
46 12 262
73 35 167
34 28 74
9 62 165
54 71 329
57 33 208
55 51 15
24 73 179
12 64 279
63 88 2
20 7 82
53 71 298
20 53 236
57 28 192
43 42 317
22 49 116
17 29 11
25 50 343
13 54 164
28 81 167
77 50 214
84 83 104
30 41 178
17 26 75
65 71 13
21 57 244
13 72 341
49 39 169
62 57 167
89 45 184
49 48 82
64 77 165
41 89 348
77 17 188
78 19 42
30 86 253
87 41 292
68 29 217
57 81 260
40 74 328
16 13 99
5 51 126
15 88 199
13 77 37
0 43 106
88 15 320
35 59 133
35 78 298
39 8 108
13 30 76
46 24 238
82 46 89
89 44 326
12 58 160
48 70 197
17 40 79
48 14 238
50 44 57
88 25 97
29 85 287
69 64 311
70 50 304
76 63 184
67 66 113
48 45 189
78 22 214
16 54 152
73 12 135
64 34 311
1 48 290
48 50 5
8 51 212
54 55 231
60 25 159
11 37 383
60 28 320
76 10 51
45 84 366
23 83 370
70 53 386
18 30 9
51 59 292
87 2 102
6 4 26
61 49 291
74 52 298
24 88 66
34 33 224
86 10 366
14 83 229
2 56 244
62 82 138
48 69 60
73 74 155
25 16 261
78 71 72
11 82 58
50 16 349
73 47 0
44 71 140
61 16 352
26 74 245
43 19 222
46 2 226
81 1 393
74 22 367
74 87 222
34 58 141
10 16 74
20 66 109
4 60 195
23 50 160
50 37 19
7 34 354
79 66 389
39 26 48
70 59 228
54 81 9
2 51 381
67 42 6
54 73 296
42 45 271
41 56 314
4 84 411
2 69 88
70 3 1
3 89 310
37 61 278
58 78 240
75 66 80
85 14 424
9 28 99
40 9 394
72 45 178
0 24 380
72 12 164
17 72 333
79 11 276
71 5 203
16 17 260
23 24 344
9 29 40
24 87 84
70 26 420
69 15 302
24 28 120
55 44 436
83 17 253
28 69 173
20 47 449
48 11 304
24 64 7
38 79 473
51 47 171
10 12 191
13 82 300
42 56 315
89 51 471
62 13 112
39 22 169
53 22 121
16 14 127
12 0 218
57 20 487
48 61 434
22 25 84
76 54 319
9 32 125
82 29 125
7 15 336
32 42 386
58 49 183
31 34 94
79 47 203
76 17 346
73 79 224
57 75 358
83 45 250
70 33 66
88 58 410
52 55 362
5 32 349
64 8 448
29 40 343
73 64 291
17 75 2
13 67 226
63 3 123
54 27 57
84 54 52
59 13 214
26 16 281
82 23 65
88 23 263
43 9 342
52 83 240
89 2 510
26 18 280
81 17 138
51 60 66
47 27 253
55 28 181
53 7 69
58 53 165
33 19 435
86 64 159
50 88 374
51 24 531
55 34 131
3 20 124
45 39 435
22 40 173
48 24 253
5 54 164
24 89 22
39 69 90
25 23 486
33 82 158
46 25 487
50 60 269
73 0 142
61 51 500
55 12 374
51 45 394
69 19 325
3 76 455
0 37 524
59 34 228
41 26 370
26 77 139
70 45 182
82 41 55
81 69 429
61 29 124
26 38 208
77 60 566
24 9 402
44 66 304
25 58 131
10 69 473
30 19 58
35 70 415
85 88 431
5 17 534
18 85 342
57 27 416
15 27 441
51 77 344
52 67 415
31 3 34
27 24 466
63 28 105
13 35 62
63 83 573
28 55 533
74 75 365
17 78 191
78 30 288
68 47 465
57 61 255
54 31 576
32 1 386
69 48 548
61 71 158
27 44 165
52 53 131
59 27 354
89 84 594
12 14 435
75 34 398
64 41 71
16 26 296
2 48 26
88 83 140
39 78 522
62 49 241
81 58 386
25 12 605
61 33 375
75 28 186
75 43 91
88 20 179
25 60 549
53 44 529
56 46 364
78 57 15
24 59 6
7 86 261
48 15 309
60 54 162
61 0 413
33 75 401
22 52 136
85 41 501
50 52 58
72 39 621
4 14 143
8 18 212
69 67 375
2 46 434
8 3 321
43 82 231
86 7 14
29 25 588
85 67 393
33 79 364
74 18 504
41 4 476
74 35 254
61 9 514
54 14 206
68 81 70
88 41 222
3 14 93
72 68 35
66 65 158
17 4 190
18 55 414
73 71 546
46 15 353
15 89 442
35 29 144
43 74 527
83 5 534
49 89 570
15 26 202
43 84 169
89 30 525
83 53 489
38 49 176
64 22 658
60 46 581
1 81 269
73 46 380
58 48 429
28 32 137
83 13 527
57 70 20
1 45 502
77 68 466
20 0 185
66 81 16
30 26 394
72 87 514
39 16 127
78 5 31
53 29 346
46 20 319
29 30 148
28 42 473
17 54 212
7 12 637
52 12 513
30 70 187
45 83 207
55 53 278
21 60 402
10 68 316
14 33 653
72 56 271
69 30 626
70 1 389
75 44 316
59 54 14
77 56 318
77 8 549
35 27 177
71 30 686
57 73 543
87 13 656
61 83 525
65 77 707
12 81 692
76 83 494
9 67 592
58 42 61
0 35 114
45 76 526
16 57 403
63 21 566
24 52 156
79 18 556
57 67 502
6 39 267
49 2 525
69 43 30
54 4 306
8 82 214
18 51 157
28 31 113
77 40 247
6 5 252
73 89 13
0 41 511
52 60 85
25 17 609
70 48 370
37 70 183
74 21 453
85 43 533
28 64 278
64 24 700
85 15 365
75 12 324
3 49 253
86 14 540
13 73 168
8 58 301
26 5 351
22 42 102
77 34 726
62 73 570
60 76 217
70 4 447
7 0 44
55 1 23
62 46 530
89 28 199
86 4 497
27 61 42
32 30 507
5 26 129
56 6 387
12 28 116
51 78 570
27 71 131
46 75 91
60 41 305
28 17 634
75 55 422
64 83 468
52 82 401
49 13 169
86 79 454
13 43 518
63 45 679
66 7 339
59 16 262
16 58 398
32 27 16
40 58 519
39 37 387
11 66 599
6 1 514
64 76 375
13 53 86
76 74 497
30 20 104
76 89 67
3 52 556
67 45 584
46 17 388
23 37 717
21 23 199
48 16 615
20 82 681
89 87 188
9 16 762
23 3 73
7 26 529
15 77 484
66 83 593
87 8 695
17 65 671
16 83 510
78 76 393
14 50 208
46 50 375
88 65 424
2 70 226
64 7 486
64 81 571
41 24 190
7 64 547
58 54 798
37 75 137
43 49 663
44 37 554
42 48 241
10 71 167
56 18 604
88 77 558
74 61 161
55 63 16
29 81 3
5 27 567
10 22 465
76 84 84
35 30 346
89 54 624
83 52 326
30 40 333
24 54 10
57 85 451
58 56 792
28 23 542
82 70 155
29 48 507
12 55 271
87 74 4
0 71 174
56 72 744
48 30 480
87 77 474
20 51 799
2 1 729
53 84 38
83 7 751
66 41 440
88 27 739
83 41 686
47 13 34
61 14 631
25 74 546
19 28 494
45 86 467
7 16 814
32 34 742
0 44 133
56 33 515
18 81 367
19 76 63
47 16 0
21 52 386
49 56 320
52 1 274
28 89 326
81 34 841
22 57 437
78 74 226
42 26 713
27 37 864
63 24 369
79 22 847
27 30 496
24 78 602
9 26 229
22 1 418
85 30 656
57 3 480
44 55 817
61 64 489
16 48 698
24 6 245
88 47 817
51 39 37
12 65 865
53 56 766
38 46 392
54 43 72
73 25 104
56 7 93
22 23 465
75 82 160
26 41 489
74 11 323
39 43 647
12 38 107
82 15 198
68 76 45
81 67 275
12 88 215
77 51 707
61 56 269
10 40 652
84 88 878
74 20 733
69 56 842
56 35 476
12 27 62
63 79 600
73 30 669
8 30 821
67 46 748
44 74 908
32 49 221
87 68 291
55 37 197
64 70 672
67 73 742
39 76 774
83 71 245
43 77 390
12 69 389
71 78 95
76 11 230
79 42 598
25 53 658
64 75 319
76 45 761
17 6 459
76 4 141
17 20 198
11 34 681
49 30 921
32 14 641
12 30 812
72 26 66
82 22 671
81 76 583
14 55 518
9 52 827
40 61 542
62 54 788
77 63 861
19 7 259
65 79 127
64 84 29
13 64 395
64 68 560
43 63 923
69 63 757
22 56 825
8 63 234
69 26 367
83 50 71
5 20 386
28 4 599
78 65 443
35 52 413
23 15 669
17 43 146
60 72 194
34 9 647
89 75 641
7 87 478
17 64 96
46 60 886
43 20 129
69 57 494
19 33 675
5 57 449
82 76 534
85 6 923
4 3 166
56 29 422
55 27 903
65 68 784
32 64 44
29 17 28
17 35 25
5 87 277
84 59 750
73 37 693
54 86 1
84 1 662
68 22 185
74 6 889
66 78 543
69 12 32
84 64 64
10 17 182
57 50 19
84 41 583
30 59 307
61 41 658
39 47 869
40 28 730
30 9 637
78 17 576
70 46 60
0 70 397
30 39 660
88 42 856
79 78 72
3 29 290
11 52 950
3 88 327
15 45 435
44 79 213
2 26 792
51 48 358
13 83 737
19 71 864
35 42 644
78 77 841
57 17 325
64 49 552
21 40 178
19 68 571
83 44 795
83 73 850
64 10 566
38 52 515
2 19 127
45 54 975
65 38 126
75 62 318
31 62 635
4 2 275
63 8 934
59 30 249
87 16 13
71 15 934
46 72 842
21 53 39
64 47 916
75 13 95
86 45 563
64 37 782
62 3 624
39 83 252
46 3 183
32 9 200
24 67 903
52 57 266
6 79 417
88 69 53
28 65 288
58 32 267
85 20 795
25 62 705
12 84 265
3 35 807
58 57 636
65 20 623
72 86 355
32 40 523
49 45 882
54 85 898
83 25 338
87 20 166
83 78 529
84 39 980
65 72 420
67 17 1035
77 20 297
72 21 452
54 68 567
33 59 218
38 22 149
48 84 147
20 3 676
6 40 80
16 42 544
79 20 376
66 51 478
29 86 155
8 61 279
74 16 514
28 60 186
4 25 529
81 65 90
2 30 1
67 13 1033
50 32 590
54 46 54
52 10 643
4 55 975
73 53 111
72 73 606
34 27 957
48 74 857
47 55 954
8 70 738
9 21 431
49 51 468
79 89 928
29 89 959
50 2 505
28 56 322
78 49 919
70 64 57
25 72 761
19 20 185
57 8 629
53 32 535
1 8 526
41 2 755
44 46 505
63 60 191
77 71 622
82 66 615
9 13 478
14 5 294
43 0 1043
19 35 638
65 24 270
82 13 705
82 47 14
83 34 458
19 10 410
56 1 569
0 81 931
17 53 958
23 8 1081
32 78 1133
38 81 884
86 31 311
24 40 130
32 57 439
63 68 10
23 44 576
46 8 256
63 6 59
5 78 477
62 41 991
43 86 579
70 41 134
24 30 756
37 52 209
73 54 326
77 42 837
45 16 278
2 55 7
75 71 801
4 59 624
0 68 562
38 59 183
27 75 913
65 35 457
22 61 874
24 44 1039
53 57 559
68 39 257
16 1 996
81 71 911
57 12 460
68 14 560
70 60 910
20 72 556
83 49 817
25 35 1095
29 45 177
58 37 403
40 29 772
82 51 959
88 73 1091
29 46 429
54 17 264
43 39 104
35 10 584
59 3 953
32 20 131
43 47 350
71 65 169
48 56 99
23 73 58
65 58 514
15 30 1155
61 46 865
62 60 171
64 15 712
39 1 858
57 2 524
12 43 795
67 60 201
8 14 1013
85 2 460
72 23 1146
66 44 108
30 31 1062
66 23 540
43 85 198
43 51 273
84 9 117
21 69 1130
76 29 584
56 52 127
74 24 991
41 9 838
22 54 414
44 19 1128
21 55 741
87 84 169
25 73 1132
66 22 100
78 24 114
56 8 1220
41 88 248
42 20 421
41 40 909
19 5 54
77 27 501
63 72 908
35 82 861
84 23 760
74 79 142
38 16 708
8 40 99
87 89 1065
20 29 808
25 28 308
83 63 70
4 56 174
58 13 12
23 10 869
51 75 784
13 84 612
55 39 234
6 26 551
46 59 1118
30 27 560
68 72 970
61 79 29
31 53 997
67 15 1192
2 35 922
1 57 1047
74 7 418
73 45 428
41 35 1139
74 64 395
83 18 452
57 13 1208
54 40 483
22 11 833
18 66 985
72 67 24
82 57 287
76 46 286
46 81 384
58 31 1173
22 14 1172
17 25 478
0 65 763
4 86 854
30 33 967
53 38 1066
16 51 451
69 6 498
58 44 645
30 17 802
60 9 750
19 30 1268
58 27 395
14 45 410
88 32 127
46 51 704
72 51 1230
21 67 375
11 67 1184
37 60 939
2 22 686
22 6 562
68 9 1170
54 51 294
62 20 1028
12 63 194
72 38 411
26 0 157
87 79 1034
87 63 1297
35 74 519
48 37 59
61 39 976
73 33 37
23 75 1024
27 84 151
53 12 1307
5 1 904
73 84 721
60 8 419
68 49 270
66 54 745
51 32 1109
49 77 442
26 24 263
3 9 384
39 82 1264
88 7 239
35 88 848
89 82 574
58 68 1077
89 7 211
21 51 413
14 66 1088
9 30 281
33 56 849
4 6 3
61 25 1224
39 87 750
81 24 1010
3 86 1143
44 52 619
8 56 492
26 60 22
73 5 1203
73 81 491
4 70 611
77 41 1125
8 83 142
44 60 668
85 68 937
63 89 428
81 55 169
74 77 362
18 22 222
69 25 896
88 51 855
28 82 983
78 37 598
30 56 261
20 23 379
84 85 730
6 12 924
59 12 522
55 45 657
16 52 114
45 66 910
69 60 1287
34 20 225
75 58 1141
88 53 1350
83 14 594
1 25 1311
74 19 511
74 8 341
66 26 713
73 27 417
86 24 802
43 88 1001
78 29 1067
72 40 762
35 54 1128
82 11 952
3 45 1354
87 49 1151
67 31 56
13 65 1312
13 29 1257
27 2 231
31 19 1368
47 69 995
47 63 533
28 52 800
31 67 407
45 0 1227
0 52 1048
45 32 589
34 14 725
9 6 56
75 54 1133
10 88 1317
63 87 43
3 16 119
47 8 1066
69 54 439
87 14 1080
53 4 345
26 46 233
49 12 805
1 13 907
31 63 292
76 42 1285
83 69 1329
37 77 1169
63 77 556
75 67 1399
58 87 1206
57 0 59
24 7 555
31 33 1197
65 47 230
15 17 224
64 35 756
64 60 1060
53 64 413
48 43 73
29 58 1302
75 85 1306
15 76 975
13 24 896
9 72 1108
60 21 106
86 83 653
15 6 585
70 24 214
17 31 1362
7 70 1001
25 89 1404
81 38 655
45 9 1389
71 59 977
11 76 866
44 84 918
58 38 852
46 11 703
5 50 691
42 54 783
53 81 843
78 58 540
10 78 1152
18 9 988
6 58 722
43 71 648
61 69 1171
20 61 1016
0 13 412
21 29 471
47 4 292
7 61 1057
8 55 348
22 31 1294
75 89 434
8 73 732
81 50 770
5 31 1044
68 18 1075
71 89 25
14 59 412
74 60 914
71 47 633
70 77 1426
75 88 520
71 37 1081
1 86 780
9 20 668
5 3 1369
14 81 710
57 43 1050
33 69 162
87 23 43
1 79 1254
66 68 573
54 61 1237
4 37 384
59 9 901
42 77 1214
44 89 240
24 26 1167
48 86 55
30 68 1313
28 54 279
17 1 1363
6 78 623
51 18 1314
59 73 190
75 24 880
79 59 1247
14 12 1304
58 45 508
47 72 552
18 74 683
78 89 584
62 4 573
85 33 942
62 64 653
41 62 805
78 42 659
49 24 858
5 4 407
16 50 1329
26 63 852
30 3 329
11 33 591
81 5 658
76 27 954
10 63 170
55 59 1046
48 52 529
85 72 1303
10 1 1130
34 76 472
38 26 865
65 22 826
39 54 61
61 27 1003
78 52 1280
48 38 1286
24 74 1262
58 74 424
74 45 1038
7 11 434
12 72 859
43 65 585
75 35 638
43 38 285
78 50 1228
88 22 424
19 84 972
13 27 791
31 23 397
39 18 577
88 86 1184
31 56 1392
53 76 958
0 25 1151
47 53 1074
69 40 552
3 51 826
56 45 561
1 11 1297
67 54 896
1 4 155
43 56 281
24 41 1525
43 1 420
85 16 1448
53 87 647
15 21 998
74 17 642
65 2 951
7 4 1162
11 83 149
42 3 599
89 85 1342
44 58 1198
78 61 469
81 52 1550
9 51 1281
61 63 1206
46 40 457
19 79 312
64 87 2
45 58 379
27 11 1071
49 41 1037
22 75 1439
38 0 735
45 41 113
81 11 432
59 67 877
25 77 172
30 28 504
71 42 801
6 83 73
29 51 236
61 38 1381
61 68 572
70 68 571
40 70 1293
0 60 1459
59 66 595
9 49 1357
2 16 80
73 51 1397
15 44 147
12 66 1045
23 35 342
29 27 1441
32 21 440
76 33 1278
29 61 290
83 47 999
81 79 173
43 64 1156
55 9 835
30 50 865
29 18 1490
62 28 1398
55 64 1515
74 51 1326
61 42 1302
19 34 607
66 12 221
58 75 1357
8 77 276
4 79 345
40 67 259
21 35 1113
33 71 699
79 34 936
17 30 297
26 89 521
87 69 585
84 60 457
31 45 832
11 15 478
76 81 110
37 44 504
27 28 1080
73 72 1346
16 79 245
0 63 910
84 43 418
28 37 101
33 61 1356
32 70 899
58 46 155
55 31 458
10 61 770
67 76 1185
18 78 1474
4 68 126
15 84 1282
50 21 338
29 60 1173
14 30 385
72 8 853
55 0 90
60 85 1058
27 31 772
81 12 12
23 40 421
64 86 1618
0 86 49
72 48 564
34 41 528
51 26 177
13 71 1556
3 63 108
13 38 851
34 42 1617
40 20 59
43 81 1448
11 71 568
89 62 468
26 47 596
86 6 671
77 9 206
42 10 1544
56 31 1536
0 61 484
66 58 626
13 1 1205
19 15 155
77 32 1660
18 50 642
68 82 1430
29 63 687
4 77 470
30 66 798
31 74 79
24 22 933
87 67 1680
84 21 228
71 0 141
57 37 693
89 14 1089
70 42 859
50 75 128
44 5 1664
7 57 470
45 55 1666
38 56 300
71 45 1597
24 53 1300
89 37 1001
2 34 1670
42 72 1394
55 78 580
67 43 1171
76 68 212
16 0 1455
57 77 1187
78 2 33
60 37 1541
49 71 6
56 57 299
51 54 1332
0 34 59
78 23 796
50 0 1631
77 18 48
30 2 669
17 87 1559
56 21 256
30 53 123
89 56 230
87 37 1288
15 16 375
20 38 552
50 39 53
27 22 147
38 89 550
42 46 227
76 32 528
6 71 167
81 48 1698
58 33 1366
72 25 1255
79 74 716
28 1 1413
51 68 366
18 61 1493
87 56 1058
75 15 1669
66 0 681
8 9 637
29 26 1675
61 78 1046
43 54 572
77 89 1245
39 34 1279
78 11 1058
60 73 679
59 40 1329
55 79 1340
21 39 892
62 27 1714
21 32 1505
15 82 447
15 63 1401
2 76 256
32 6 1561
89 78 1134
0 83 1396
85 70 1721
82 59 1150
15 48 1164
13 87 1404
52 13 885
67 57 1647
79 5 1341
5 49 1540
24 17 773
77 5 1119
52 46 791
45 64 487
75 16 1131
25 46 1239
33 12 641
60 2 1623
38 19 904
85 29 178
19 81 1653
75 45 855
12 57 790
77 15 1254
1 31 1626
28 63 874
17 85 1512
73 88 1668
35 37 553
40 2 1643
4 24 603
73 48 286
35 87 614
63 42 491
69 14 51
4 16 965
5 82 23
13 76 458
12 42 461
28 14 236
43 72 1532
76 9 739
13 62 384
40 69 1688
85 65 1699
38 20 915
34 79 964
42 67 1524
83 62 661
7 73 391
35 65 1319
84 40 602
52 79 1615
85 0 965
84 18 183
37 72 1797
10 39 1650
52 69 380
85 26 178
19 17 1670
28 85 1711
26 87 1134
1 49 1023
17 27 671
5 89 1218
16 4 667
82 63 1666
56 50 458
75 69 506
5 16 1152
70 82 488
23 33 1770
71 19 304
53 19 703
49 68 1800
39 61 424
49 65 305
12 70 1365
65 63 853
54 28 707
55 86 1111
86 25 1417
24 86 915
23 16 1752
23 41 901
2 8 1549
87 19 1493
74 54 827
39 71 431
63 61 1598
15 70 802
35 32 26
83 76 355
71 53 1635
1 72 60
40 62 1448
73 43 758
51 65 1104
32 2 885
27 47 35
49 16 252
18 31 525
16 10 1794
54 69 239
38 39 1477
8 5 547
58 24 290
72 37 1391
86 43 1459
14 86 1482
21 18 1675
74 46 1662
54 25 1698
74 55 574
72 70 1502
9 82 145
43 87 1562
72 66 894
26 85 949
74 12 929
44 16 228
4 75 1420
56 24 1112
5 45 780
85 47 791
79 49 467
9 89 874
48 4 1440
46 18 1138
20 27 316
61 40 1338
78 26 470
87 57 1507
61 76 1488
28 45 1177
32 68 31
45 49 939
89 6 931
58 77 1419
5 14 528
67 84 531
73 18 966
23 39 987
2 45 1120
0 51 1518
66 74 1228
1 37 687
33 68 988
63 70 741
21 56 1143
52 28 217
28 71 374
75 53 156
23 88 1167
27 54 574
72 71 904
52 76 1284
31 39 431
52 62 1344
35 12 1636
24 82 582
10 45 1249
64 25 1187
87 35 86
20 26 95
19 27 1491
49 6 32
50 43 1801
60 49 1853
88 3 154
33 67 905
77 57 1116
57 83 356
5 22 750
61 66 1921
16 47 232
43 2 400
9 34 1190
45 33 1842
47 39 1002
81 73 34
61 74 1172
14 84 1840
83 61 500
86 67 671
60 33 1874
31 66 1648
47 37 1659
48 25 61
28 78 1842
77 39 1652
11 84 1887
43 76 168
10 84 55
25 55 374
71 2 1422
85 7 623
21 41 341
43 61 1622
77 2 1234
24 77 1699
79 82 1771
75 84 755
16 23 489
54 79 1486
24 20 1420
20 54 600
74 40 427
63 29 165
31 73 1642
11 0 1568
72 53 876
15 22 149
82 10 456
4 20 1875
79 81 1072
1 68 1835
10 3 1397
89 23 1238
25 34 1780
16 32 30
12 71 1926
47 84 479
12 4 0
71 38 136
59 61 903
5 42 53
87 11 192
61 82 524
47 24 316
29 66 1012
44 17 1876
57 89 690
47 42 193
56 2 349
53 21 1373
65 48 629
57 7 1428
19 26 123
28 29 134
49 43 1587
4 5 1748
15 7 107
72 47 22
32 13 26
49 73 829
6 42 1778
68 50 1863
22 59 990
72 64 696
72 28 334
78 4 1621
25 11 496
26 52 1908
19 13 122
74 65 1238
61 1 1542
77 76 1277
2 83 1844
9 22 1146
55 42 759
1 23 330
53 49 282
34 72 1453
39 88 1758
69 1 308
47 87 1644
68 2 530
5 69 1141
18 73 711
47 48 347
85 42 1759
85 78 751
34 17 693
73 20 353
81 0 694
69 46 413
3 65 664
80 55 45
80 37 83
80 82 59
80 10 59
80 60 48
80 64 57
80 86 2
80 28 33
80 1 39
80 47 5
80 38 32
80 89 8
80 6 37
2 36 3
5 36 74
8 36 2
16 36 79
26 36 65
37 36 70
38 36 73
41 36 21
48 36 64
56 36 59
63 36 17
73 36 49
79 36 5
81 36 68
88 36 23
89 36 70
