4
10
2 19 20
16 6 22
1 19 98
27 26 19
3 8 2
2 8 3
23 26 28
24 3 96
12 29 32
29 1 12
23 24 96
14 2 26
23 17 4
6 3 28
0 15 31
26 14 30
26 11 61
6 27 40
22 1 74
0 23 51
16 8 7
14 11 98
11 18 69
13 27 16
16 26 60
23 7 70
29 12 95
0 3 28
24 23 99
28 6 61
28 13 14
0 29 64
27 2 52
16 28 13
7 28 95
18 11 51
24 6 68
29 23 76
22 21 88
27 25 55
15 29 63
15 25 22
6 0 35
6 5 8
14 27 24
19 20 58
20 0 31
5 1 74
14 21 27
25 23 87
1 20 46
11 19 42
13 29 44
11 6 80
23 0 22
11 22 14
23 27 65
11 25 75
3 16 67
17 28 24
9 13 40
2 6 50
13 0 41
27 14 73
27 22 72
13 19 51
24 27 77
9 16 87
27 9 94
21 2 0
28 17 100
13 22 57
14 3 57
9 25 26
22 25 22
15 3 93
7 25 95
19 5 92
24 12 26
5 11 41
9 8 47
15 12 76
22 11 71
1 26 97
2 22 89
28 8 44
1 8 1
12 17 36
5 18 96
16 22 53
2 9 39
3 1 12
3 26 52
16 24 37
8 22 0
3 17 55
9 15 52
12 22 66
17 29 16
23 5 12
12 27 47
7 6 23
11 23 73
1 25 16
21 16 63
8 3 59
21 23 74
17 5 61
11 12 95
21 8 67
8 12 39
1 24 60
8 23 32
4 12 96
4 14 100
4 0 79
4 3 63
4 8 5
4 5 95
4 16 93
12 10 46
18 10 96
24 10 82
26 10 80
28 10 54
29 10 93
