27
20
5 49 11
32 43 68
26 38 4
16 48 2
45 18 34
5 26 25
38 24 32
30 19 1
21 31 47
34 44 94
7 43 18
22 9 79
10 13 38
39 13 98
23 43 34
22 10 63
4 36 23
38 4 70
38 21 22
15 23 78
34 14 31
30 10 86
3 28 66
16 17 99
5 23 51
8 9 72
46 34 80
25 44 62
30 32 1
14 13 95
36 41 13
41 0 31
0 36 58
16 6 17
38 11 1
26 29 3
23 1 82
36 19 35
31 8 77
11 32 40
35 5 86
7 49 8
28 33 48
28 26 43
47 16 62
42 36 31
45 6 89
39 44 77
23 11 74
4 15 95
40 44 16
38 25 11
21 49 62
41 22 90
24 16 73
29 41 70
24 4 48
9 26 39
31 13 55
32 21 18
31 43 84
24 26 30
31 5 13
36 9 11
49 0 79
37 44 83
39 9 61
48 49 56
12 30 31
31 9 83
3 15 55
40 29 44
21 32 78
17 7 38
3 14 55
38 46 24
35 4 90
38 12 42
9 19 89
30 4 65
5 21 88
18 44 84
46 38 96
34 11 91
42 28 12
13 33 44
46 49 18
34 29 61
32 25 85
22 47 55
34 26 17
41 26 50
38 8 74
42 16 61
41 9 15
35 40 84
40 36 96
1 15 21
46 11 20
42 40 77
44 49 93
3 24 54
44 10 70
30 5 72
4 35 24
25 18 74
44 12 49
7 47 38
8 44 62
45 4 21
37 4 10
38 33 36
14 5 86
16 14 85
5 2 11
49 15 7
30 37 75
16 21 60
19 32 35
28 2 84
5 29 26
34 7 16
17 14 95
39 48 93
4 37 42
30 1 94
46 19 78
4 3 36
11 25 35
34 18 49
36 4 85
15 8 41
19 23 22
15 10 70
47 5 11
18 37 51
3 45 71
29 35 53
47 25 86
40 28 10
22 3 79
3 47 15
35 24 32
14 35 1
37 0 15
40 24 93
14 11 5
19 38 96
47 32 42
30 7 54
23 16 74
21 23 61
35 2 77
38 36 28
35 41 31
40 26 55
25 4 49
3 37 28
43 45 12
41 29 89
29 16 7
5 37 11
25 13 69
29 1 78
0 10 19
10 4 99
47 37 90
48 32 50
32 4 81
35 11 58
5 12 29
41 38 23
1 44 13
10 46 72
34 33 9
17 28 50
42 12 7
33 11 22
7 18 43
35 6 20
2 16 32
39 37 96
2 18 29
24 19 92
30 0 84
47 13 82
48 29 87
6 9 68
29 38 49
23 48 28
42 5 83
40 37 74
17 49 38
2 7 55
29 10 34
8 7 18
43 16 31
21 39 76
8 16 27
43 42 20
10 7 100
28 9 18
30 18 45
12 40 29
34 39 99
35 8 65
29 32 85
4 32 10
47 22 95
15 1 22
21 18 84
2 13 9
40 9 16
11 44 73
28 4 60
39 21 72
9 39 17
0 2 51
13 12 57
43 37 45
35 21 99
9 40 50
30 35 33
31 0 95
33 45 9
40 3 38
2 21 59
22 14 54
42 10 96
21 2 71
27 0 62
27 13 84
27 49 15
27 21 18
27 17 42
27 2 79
27 36 77
8 20 86
40 20 13
41 20 20
