101
20
51 26 11
21 11 15
4 100 48
23 83 5
42 85 91
19 102 76
63 57 60
37 16 88
108 3 74
44 84 61
16 82 48
13 64 74
68 31 19
86 68 48
52 29 42
36 37 64
27 37 19
103 78 92
28 104 89
53 80 0
22 55 59
81 92 39
9 24 41
82 49 81
87 33 96
98 81 17
75 73 21
98 47 38
35 32 80
96 75 57
103 10 36
71 89 60
40 43 78
33 46 29
1 5 94
44 98 3
75 108 14
104 86 41
85 61 2
41 30 92
78 53 52
63 40 63
44 56 23
102 63 81
34 52 23
37 18 91
39 100 71
79 44 11
28 48 70
98 7 22
40 0 5
97 3 37
28 38 49
41 89 12
30 65 48
35 11 28
109 81 47
50 105 94
77 43 95
107 94 92
75 19 51
4 93 43
37 28 50
41 83 71
8 59 98
50 83 33
3 88 26
45 83 53
50 65 56
17 69 63
30 0 72
59 19 15
1 41 12
87 92 67
87 14 44
92 48 9
3 81 90
3 5 86
43 42 3
60 1 56
5 87 91
45 8 55
10 103 72
106 9 95
46 106 99
49 87 67
84 52 86
28 59 93
57 83 33
13 25 73
61 54 1
70 46 32
92 95 8
40 108 62
107 44 76
92 78 41
64 74 94
4 35 20
26 29 25
65 41 8
12 43 42
102 24 17
89 13 11
94 25 53
67 79 8
8 28 62
69 100 31
87 107 39
3 21 31
48 91 72
9 22 92
88 83 55
2 26 0
76 46 59
7 81 34
17 30 18
74 100 44
13 67 20
94 75 51
31 42 35
105 62 59
37 47 70
82 44 29
28 80 40
92 87 20
2 37 88
70 67 19
86 49 72
51 98 10
60 16 57
21 108 79
82 103 60
109 27 41
52 11 61
93 107 37
69 45 53
37 62 20
73 62 13
2 71 49
77 38 53
41 0 69
32 84 76
36 25 34
54 47 1
24 18 20
89 22 86
60 104 92
25 69 57
83 38 51
48 90 14
31 39 58
80 84 92
12 88 21
88 93 76
73 53 35
98 89 97
90 33 33
5 44 69
42 74 22
28 47 41
102 41 22
104 83 91
42 65 61
9 62 30
107 46 89
81 30 81
4 13 3
56 37 60
16 88 46
36 33 59
67 55 25
10 44 42
32 26 44
26 43 67
65 42 32
49 55 85
91 52 96
14 81 94
69 29 29
4 58 3
52 105 26
78 87 41
53 77 11
70 92 9
58 62 36
3 71 50
29 2 12
13 92 6
26 22 65
87 95 44
39 4 13
51 95 52
68 95 87
105 73 99
70 99 96
48 30 80
9 82 40
57 36 14
96 94 32
74 38 8
68 48 22
78 79 45
23 24 65
88 4 76
63 105 10
30 105 75
64 38 96
97 2 2
100 43 90
68 58 59
105 35 68
68 10 48
93 58 81
32 31 58
19 14 32
42 61 36
100 66 87
72 44 77
72 32 62
4 28 1
48 50 38
108 30 86
6 35 9
35 71 71
76 88 59
10 54 48
28 15 4
104 3 46
97 18 76
16 105 88
8 90 2
33 92 43
30 49 59
47 48 48
77 0 86
9 56 5
65 53 76
83 107 58
72 46 78
97 31 82
48 55 55
41 42 7
17 68 6
23 100 49
43 51 25
68 12 98
15 34 99
6 28 29
80 50 47
102 59 51
99 102 20
40 4 86
53 56 38
23 47 19
55 57 85
93 3 86
81 56 34
58 79 40
42 98 69
15 28 100
100 94 40
75 98 13
2 95 38
76 84 17
74 95 65
9 108 63
38 54 51
7 74 92
62 42 100
106 42 16
45 53 13
26 40 65
63 42 84
41 48 19
108 103 7
91 77 16
4 41 80
106 67 1
100 61 17
65 109 56
11 59 94
108 107 22
66 103 44
37 22 63
66 59 94
13 88 24
38 50 30
100 8 3
50 40 17
12 82 51
30 92 89
79 8 7
26 41 94
77 55 48
24 22 74
69 80 98
106 74 76
45 38 56
17 0 28
9 27 17
28 32 6
4 75 32
81 93 91
107 74 52
8 1 20
84 34 21
88 1 44
79 3 22
76 26 86
23 107 29
78 99 38
39 49 18
9 6 25
96 74 0
45 99 29
23 68 88
16 14 38
56 82 3
39 11 46
56 88 72
74 56 74
27 31 62
1 34 26
32 0 60
19 47 35
93 18 36
51 21 37
14 77 6
0 82 40
28 25 41
102 55 42
84 61 25
42 88 9
97 5 66
28 50 79
8 54 29
23 76 36
61 92 92
61 10 85
62 10 71
82 93 15
35 60 25
108 6 55
107 75 57
57 10 99
42 77 79
74 60 85
94 108 4
95 69 60
31 35 29
105 58 74
3 76 24
77 47 19
28 3 90
92 8 37
21 41 21
31 34 31
11 39 53
90 91 62
58 49 78
9 74 18
45 28 65
97 8 9
88 34 69
51 44 96
108 47 71
2 93 35
69 52 29
100 32 60
17 12 51
43 93 87
90 85 38
29 25 75
89 47 24
98 106 81
34 41 60
60 38 31
90 1 71
48 24 53
66 57 9
72 104 86
16 63 92
107 57 73
75 1 59
26 64 8
99 75 75
23 50 26
10 46 76
84 108 27
55 14 53
76 45 38
43 78 67
3 1 85
12 84 98
88 58 50
11 61 86
87 28 17
9 16 58
26 4 58
36 75 55
85 17 100
25 62 56
109 99 27
31 55 80
17 14 85
36 8 65
5 27 14
28 44 44
72 93 82
53 32 44
102 19 23
107 58 19
31 64 94
87 5 83
35 22 97
55 83 27
60 76 75
97 11 49
79 88 94
76 10 32
10 75 28
43 24 75
82 61 82
93 56 74
69 56 86
51 2 2
44 25 13
82 62 57
107 76 35
69 17 68
60 81 52
64 73 31
75 89 68
84 62 46
107 99 29
36 43 33
91 8 39
42 72 57
13 16 97
88 82 49
103 70 0
96 31 65
14 9 54
19 88 39
70 5 36
32 40 64
47 8 0
72 34 36
59 56 83
41 39 75
100 44 21
75 28 2
102 70 14
81 25 36
106 98 23
21 88 68
97 75 52
61 53 54
29 51 59
58 109 53
11 60 47
75 95 15
58 84 59
50 24 34
17 70 87
27 102 80
26 77 35
48 106 44
13 68 77
95 37 85
98 57 59
94 103 32
92 10 95
69 37 31
30 72 1
0 45 24
75 91 62
97 54 33
88 81 18
16 13 91
89 98 52
58 85 94
93 29 28
92 2 53
97 109 5
8 106 38
76 72 94
103 83 57
42 53 47
53 27 59
49 106 66
21 23 56
55 59 0
54 24 2
85 67 96
12 98 64
103 75 8
66 73 24
78 49 98
80 35 78
84 64 96
2 81 37
1 65 23
104 73 67
35 77 57
42 44 70
18 47 90
31 3 26
4 15 85
65 62 67
17 41 77
80 7 73
45 13 0
54 28 6
25 66 47
28 9 25
11 74 67
13 108 35
102 3 51
108 59 72
36 73 100
75 35 91
97 99 50
32 66 24
96 99 70
7 21 63
96 51 28
81 102 83
28 99 31
108 79 68
99 85 35
33 21 54
94 56 50
2 1 89
94 57 36
16 92 72
34 95 36
37 4 62
77 18 61
27 11 35
3 31 16
83 8 65
76 7 89
39 9 86
58 34 46
27 70 2
28 21 42
25 88 76
53 106 84
31 18 71
12 58 70
18 65 82
38 40 41
44 12 55
42 10 93
82 89 77
46 79 12
90 106 25
91 22 36
104 26 13
17 62 70
33 108 74
51 90 56
95 71 40
15 46 64
68 59 47
102 80 29
90 92 53
67 5 58
94 61 62
67 6 53
62 63 29
18 63 97
95 108 54
29 10 94
53 97 28
51 41 32
65 93 25
71 53 87
76 93 27
73 76 85
24 96 33
21 43 72
80 93 43
108 106 75
83 69 85
23 77 44
76 15 64
22 85 15
8 102 93
50 102 78
105 106 72
17 36 97
32 38 54
7 67 18
47 14 44
65 43 27
3 8 43
13 81 30
49 102 40
105 67 59
29 52 40
1 15 50
37 92 5
55 95 61
72 95 12
65 10 85
80 92 48
54 102 57
28 33 70
56 24 5
61 83 80
106 84 13
95 105 45
27 97 49
56 109 2
94 89 67
17 11 30
59 54 7
13 104 53
90 79 60
59 9 32
25 2 4
42 48 45
70 68 72
99 38 13
102 33 45
27 86 49
80 26 10
52 27 1
17 59 7
100 17 62
40 55 27
51 14 8
72 74 57
5 90 7
11 63 54
68 57 8
7 50 89
41 107 93
38 56 52
0 8 61
86 11 46
107 106 95
41 45 77
16 2 19
46 60 33
26 27 93
16 85 91
54 50 25
26 31 92
53 78 8
106 14 72
42 15 27
34 82 35
58 103 78
43 88 80
33 12 57
18 77 38
84 51 80
40 57 55
96 45 53
36 19 89
72 36 100
51 91 35
108 43 92
76 23 67
92 30 37
78 48 8
12 17 14
31 22 3
18 49 12
0 72 13
52 83 65
0 9 69
70 44 42
6 36 17
4 83 20
99 25 54
42 3 20
27 22 17
99 97 37
76 65 90
47 107 46
24 76 19
72 31 98
50 54 95
104 34 81
18 6 1
31 109 33
63 66 6
52 22 65
44 105 11
77 53 0
44 27 79
79 30 6
48 59 32
96 98 60
53 58 81
13 69 64
10 17 77
37 38 82
6 14 96
42 50 23
57 43 87
95 26 70
85 54 50
91 28 76
53 42 20
93 6 14
12 69 82
22 105 61
84 0 77
40 24 100
103 109 99
81 78 23
28 52 15
105 15 75
46 93 67
6 38 34
94 88 35
38 74 60
39 92 63
95 99 28
37 52 89
59 51 51
71 74 94
22 60 90
78 92 1
51 52 35
70 43 96
79 15 41
4 84 65
94 37 37
70 89 10
39 1 66
64 91 84
81 109 38
43 48 11
1 24 41
86 23 31
32 64 62
75 76 2
64 102 73
21 39 56
7 69 53
14 19 59
40 59 46
50 96 88
67 65 61
61 99 38
80 36 17
81 40 71
88 8 94
95 0 45
41 96 6
107 72 26
63 90 19
64 49 91
11 38 27
86 59 55
64 45 56
42 1 32
45 60 49
19 41 43
94 1 0
46 103 46
102 54 45
76 64 75
108 62 25
55 42 37
41 11 10
27 4 23
5 102 34
39 27 44
92 74 76
5 105 55
39 2 21
3 83 42
11 7 79
18 60 6
28 77 68
56 31 28
6 46 2
6 103 74
37 10 56
32 36 97
45 22 18
87 27 4
23 18 34
39 94 42
60 50 26
91 45 9
82 72 18
34 79 53
81 17 86
49 63 12
2 62 9
108 48 91
99 43 21
70 66 28
29 76 33
22 80 13
22 92 3
94 0 10
35 6 8
35 1 22
28 8 43
103 56 13
74 64 73
23 7 73
41 74 74
46 61 49
96 22 79
58 108 34
10 30 62
27 107 79
99 46 8
82 80 14
79 25 71
1 87 69
95 91 81
29 78 40
68 93 99
80 10 88
89 90 17
36 105 51
91 79 29
106 39 36
74 79 63
19 15 19
27 100 61
91 24 45
98 62 55
42 57 96
65 88 94
52 43 71
51 100 33
65 21 42
29 48 26
1 84 47
39 106 69
103 65 20
109 4 27
11 103 64
57 37 19
102 30 91
107 59 100
18 98 48
68 73 60
70 1 35
60 61 29
17 109 17
48 39 29
92 25 9
61 24 56
71 69 84
102 56 9
36 60 70
41 80 84
70 45 3
67 46 93
50 71 15
88 21 51
82 69 98
91 68 16
11 55 83
34 29 63
35 59 74
78 47 9
24 70 35
103 38 33
84 2 81
0 42 27
11 3 45
54 82 49
84 27 22
14 60 74
108 52 79
13 58 23
49 75 86
59 0 52
0 57 17
49 7 41
5 58 89
33 73 81
82 67 51
39 50 79
95 41 76
62 11 11
68 99 52
5 31 35
100 85 100
92 4 64
39 87 71
35 31 83
98 10 11
24 81 35
37 104 89
54 19 45
16 34 60
1 107 28
97 24 64
36 59 94
73 52 92
3 48 33
82 36 71
6 17 14
99 65 72
84 21 86
94 77 88
50 27 35
30 106 59
67 78 40
104 47 98
87 80 37
5 11 12
57 39 68
6 108 22
9 80 56
25 0 50
76 98 13
73 34 12
52 17 38
29 19 20
98 93 54
63 74 87
65 77 71
37 0 66
43 105 92
25 45 4
8 75 21
19 103 20
107 78 56
26 23 4
62 58 82
10 49 21
38 19 30
46 39 23
47 96 57
14 45 3
29 16 29
35 16 9
82 57 5
102 34 44
68 61 81
21 65 11
73 17 49
51 84 69
3 77 51
10 94 10
105 69 45
41 34 15
33 90 71
36 74 16
47 27 31
21 7 16
11 45 95
57 64 68
9 64 84
45 56 11
57 34 70
63 98 86
27 50 55
95 12 45
72 109 11
8 48 54
75 11 92
27 93 4
46 95 85
88 43 100
102 51 36
100 46 56
48 73 98
47 25 57
98 3 28
55 1 94
16 97 31
67 105 38
89 83 13
32 35 92
52 46 53
26 2 23
55 19 27
62 35 61
100 108 42
59 46 89
22 48 79
2 68 35
15 45 20
84 17 28
88 31 40
22 53 41
75 85 72
33 74 95
9 28 83
100 55 57
63 18 20
16 17 33
57 49 68
59 22 23
44 11 85
100 45 60
55 9 75
37 90 89
81 88 60
87 104 10
65 94 2
58 38 61
38 37 26
84 36 20
107 21 27
22 99 82
36 104 59
19 48 70
47 50 58
33 22 70
55 26 82
29 83 55
67 74 32
103 71 19
88 46 79
107 89 16
22 98 5
11 64 59
60 51 6
54 97 89
79 23 76
70 91 3
97 88 99
47 89 62
51 45 5
19 55 12
63 64 85
44 59 93
74 75 52
7 34 14
23 66 68
38 59 37
106 90 4
92 76 24
67 13 99
95 88 39
97 55 96
15 6 84
1 92 76
33 9 7
7 72 55
81 45 82
68 80 16
35 54 91
43 108 58
30 5 50
105 84 56
90 52 13
34 51 58
74 6 87
104 15 29
48 65 50
27 47 58
72 76 77
62 64 17
56 98 8
5 54 79
5 40 68
105 97 69
68 56 51
66 96 71
11 86 48
22 94 66
108 7 66
45 18 82
77 67 77
75 36 29
30 74 50
13 23 92
0 74 64
32 49 5
37 25 48
8 7 79
73 60 33
93 28 1
82 45 32
93 45 45
47 39 39
43 5 28
43 80 69
21 95 68
66 109 5
105 52 11
64 10 6
63 46 43
72 17 36
23 8 11
92 88 40
102 72 42
11 26 84
68 35 46
41 72 32
50 78 22
5 33 15
91 70 41
92 0 80
46 48 55
88 42 96
16 65 7
49 105 73
88 84 41
105 72 9
37 108 61
7 31 52
26 30 54
61 48 31
67 94 71
46 90 3
35 12 92
53 64 81
53 98 95
86 29 62
69 12 75
37 91 93
90 78 32
108 85 35
80 53 44
74 73 23
94 59 8
73 66 2
35 48 84
93 88 89
9 18 7
33 27 59
4 71 23
26 25 20
16 58 38
88 86 63
68 82 89
36 49 76
45 94 97
52 108 59
37 44 61
56 66 72
103 9 80
87 7 72
106 96 31
89 50 0
99 88 78
13 32 2
14 46 10
19 44 98
47 36 47
71 63 52
47 53 70
87 45 30
52 36 28
63 91 95
25 49 56
19 40 54
7 55 25
66 6 11
107 28 67
105 70 68
53 19 60
12 71 95
3 2 0
53 103 8
11 53 82
95 5 79
82 32 32
39 41 24
78 14 40
59 47 80
83 79 56
46 66 61
44 46 80
79 85 96
66 106 33
89 9 61
55 53 54
62 17 71
9 97 51
92 102 76
97 10 18
102 78 51
32 33 69
51 16 36
68 105 82
57 15 64
25 91 47
21 34 0
98 13 12
77 95 38
39 103 87
86 53 25
25 55 1
70 97 77
59 84 56
57 98 11
59 48 1
2 53 43
30 4 75
51 104 38
67 43 25
43 47 58
39 23 64
103 11 55
65 30 75
10 92 84
103 32 67
95 86 72
32 72 20
86 70 67
27 57 72
93 57 16
77 98 100
72 97 55
32 24 69
73 10 72
11 12 0
109 98 46
72 21 78
0 13 62
82 66 53
7 8 43
109 64 85
91 41 63
13 103 9
108 102 89
24 92 81
82 71 36
72 29 23
92 80 51
65 70 64
48 25 62
31 67 85
38 87 80
71 35 20
91 2 9
1 19 38
91 89 22
49 42 69
36 24 33
62 66 63
46 80 74
40 103 5
15 92 20
29 66 78
41 29 50
63 53 11
71 75 26
1 97 54
2 12 44
37 78 73
31 92 37
53 15 49
21 79 50
66 44 11
54 5 78
53 35 73
24 72 70
80 52 45
105 49 28
25 14 60
24 37 53
107 6 100
87 58 83
88 28 24
54 57 52
92 22 40
6 9 73
31 93 86
18 50 34
95 3 82
108 18 97
14 22 73
41 8 12
4 69 25
63 15 76
15 97 84
44 1 77
86 78 70
89 44 78
36 81 54
18 85 30
76 81 21
58 70 61
92 34 73
107 70 59
86 58 13
61 15 47
99 90 26
70 8 15
29 94 73
106 78 82
102 60 62
48 21 1
54 4 54
49 99 49
73 65 50
64 54 13
75 72 34
97 1 30
79 12 80
99 81 69
50 107 97
10 34 88
40 47 70
78 70 12
84 95 28
86 40 82
11 90 1
39 73 38
59 77 83
74 8 2
9 45 81
96 40 45
52 25 18
49 96 17
99 45 64
102 25 98
36 66 45
4 74 3
87 79 20
53 68 66
45 0 15
102 92 30
109 50 51
54 106 57
7 61 41
76 36 48
81 43 37
37 3 17
21 99 70
107 84 42
14 29 82
97 38 97
48 84 100
82 5 73
45 40 77
12 41 80
12 49 78
41 19 11
24 73 68
17 86 88
40 15 44
96 33 79
34 74 40
63 80 53
32 2 24
37 29 60
3 19 6
72 96 29
17 99 70
12 2 40
1 13 49
35 57 10
102 44 75
4 11 98
22 32 60
73 94 26
100 18 26
75 48 38
46 96 1
59 44 64
92 62 56
55 5 89
78 35 6
43 90 20
64 96 100
96 18 28
85 9 45
60 23 32
80 62 13
95 64 0
33 5 21
13 82 61
85 73 0
58 25 81
32 79 10
84 10 54
63 31 68
46 12 63
21 2 69
65 29 41
96 41 10
26 52 18
80 72 67
79 26 52
35 2 91
84 45 19
63 12 10
103 60 75
48 44 37
32 77 45
103 16 76
47 85 1
46 108 57
36 4 96
3 59 22
44 67 39
13 21 43
48 37 87
66 24 66
31 82 4
105 7 92
82 97 75
104 39 12
44 77 49
10 73 99
93 86 59
38 83 10
40 68 95
86 47 21
38 68 63
13 91 3
3 92 23
24 16 15
39 37 100
57 21 40
8 94 54
86 9 32
56 0 27
40 91 19
103 62 43
50 81 1
1 57 71
105 96 29
85 34 67
76 55 97
49 47 73
105 39 51
10 68 16
70 76 80
95 103 84
32 59 30
94 81 96
10 66 49
18 108 0
28 74 76
53 79 32
91 61 62
19 85 59
46 56 91
27 36 30
72 41 77
63 41 21
32 80 1
94 19 78
47 18 91
58 80 30
73 21 69
98 45 94
4 81 99
65 76 78
60 65 74
74 53 69
14 34 83
70 6 13
16 94 77
102 28 72
7 51 35
1 9 68
70 62 90
51 59 69
0 49 44
64 36 5
1 68 0
23 55 87
32 75 9
19 59 34
58 16 48
17 46 20
39 66 97
86 21 6
28 84 77
52 86 28
15 57 94
105 85 41
93 97 82
80 38 22
79 99 85
82 86 44
89 63 16
52 70 50
48 41 23
97 80 71
76 59 29
48 12 64
24 39 54
74 102 91
107 104 44
55 6 63
15 27 71
13 9 27
77 51 99
66 93 1
28 30 28
60 15 64
6 25 95
47 102 6
108 88 87
24 61 30
75 51 90
109 35 0
33 8 15
88 95 12
57 65 80
95 2 58
3 46 82
14 104 27
95 8 73
31 68 16
86 28 44
104 71 81
27 30 89
103 24 16
61 11 100
38 86 26
68 30 53
84 89 50
104 102 52
61 42 19
109 11 87
65 85 51
40 80 72
9 106 99
100 47 61
64 24 100
60 97 17
18 53 36
13 76 48
1 91 37
29 49 65
99 91 69
77 29 74
66 54 56
17 77 81
36 58 27
106 2 39
25 8 96
22 97 31
58 94 19
56 5 10
31 44 85
22 13 16
71 90 21
78 31 60
1 44 95
35 38 100
65 12 33
58 88 16
19 63 32
15 108 86
93 106 42
93 90 92
105 90 67
41 23 52
72 92 1
76 50 76
2 10 71
23 26 45
8 22 50
23 34 45
88 59 52
61 34 68
32 9 4
30 1 70
56 14 50
45 96 49
75 17 74
106 13 69
33 97 84
73 91 22
90 57 13
5 45 15
25 84 50
83 104 68
15 55 28
22 68 64
98 73 67
9 4 32
106 55 33
72 57 99
88 91 22
64 80 100
53 38 60
17 96 62
36 35 81
3 107 17
24 75 72
66 49 17
23 58 100
18 36 93
50 17 20
69 106 68
90 29 1
8 10 67
16 29 100
54 14 78
72 80 92
47 6 86
18 81 41
63 28 54
53 109 33
13 102 25
14 86 3
77 62 42
105 50 45
46 92 23
62 49 47
72 73 41
13 39 59
103 15 92
52 56 1
21 70 78
90 94 19
30 62 52
16 57 20
25 30 44
30 85 30
18 89 80
50 38 34
30 11 93
61 73 73
49 27 14
18 42 46
102 65 85
18 88 10
109 102 54
18 4 67
1 79 82
75 22 74
73 2 46
95 24 98
85 100 81
47 5 32
14 40 18
107 63 30
34 67 52
13 84 0
87 52 15
99 108 41
18 45 19
3 94 88
72 2 46
2 3 66
87 96 75
72 25 81
71 86 74
59 79 21
55 74 13
103 104 68
22 16 93
70 75 56
83 43 91
96 106 57
47 0 9
75 67 5
68 66 30
28 55 96
1 49 14
32 43 20
7 43 42
59 103 11
78 61 25
16 38 70
16 5 96
82 104 29
90 49 96
25 59 65
91 35 84
49 43 10
72 19 10
30 80 58
67 25 3
79 10 56
95 109 77
15 12 77
41 67 23
86 61 26
67 18 77
66 84 12
89 105 30
68 34 43
30 47 12
91 16 7
54 86 21
46 38 9
28 95 87
5 37 39
109 95 41
78 16 35
73 38 33
3 27 61
99 17 47
75 79 49
108 29 51
2 58 20
99 76 69
16 78 40
51 40 67
71 19 55
41 95 30
49 28 29
60 84 70
62 15 24
57 41 63
42 19 9
56 74 55
95 107 71
36 39 85
92 65 65
59 15 29
19 2 29
3 28 41
41 21 28
24 102 70
82 75 63
49 71 12
43 91 61
39 68 60
76 61 39
32 106 75
46 47 44
66 19 31
45 7 33
16 30 7
38 8 93
72 62 2
40 39 31
70 109 3
22 24 73
49 0 7
9 35 71
95 9 100
59 106 88
4 34 49
104 90 82
60 26 47
62 81 32
58 10 12
101 48 26
101 19 4
101 75 45
101 100 62
101 9 84
101 35 75
101 15 51
101 104 91
101 34 25
101 108 58
101 54 19
5 20 68
6 20 80
7 20 55
10 20 5
14 20 24
27 20 1
42 20 7
43 20 27
46 20 88
53 20 78
54 20 28
62 20 63
65 20 80
71 20 9
76 20 90
79 20 86
87 20 50
92 20 97
