157
187
149 120 60
200 144 91
192 63 48
50 191 95
134 147 16
134 120 82
151 186 38
67 131 77
55 22 64
67 39 12
17 179 99
87 172 94
177 158 90
184 101 41
39 74 38
120 199 90
60 24 14
13 161 39
112 140 60
33 3 94
117 43 68
167 94 26
176 128 23
85 60 20
97 139 53
208 144 4
76 70 0
111 86 90
144 134 68
92 22 83
92 31 19
92 61 78
40 154 42
70 20 44
202 206 15
168 73 84
131 104 75
174 209 67
37 170 36
68 86 76
84 72 98
198 61 60
20 144 21
116 80 93
123 158 61
4 149 84
147 83 33
174 180 25
194 61 41
104 168 7
150 160 20
4 26 12
158 194 97
137 170 29
34 14 90
40 137 74
174 183 65
161 66 79
93 124 84
80 87 26
55 12 69
137 118 22
172 79 0
109 172 69
133 48 19
169 59 89
50 76 49
125 24 87
5 21 64
179 78 99
184 128 5
6 86 66
95 202 28
200 176 51
71 155 66
97 130 80
47 117 98
172 141 19
179 199 30
70 45 83
108 118 65
28 165 74
193 27 20
64 12 2
118 3 34
70 150 15
161 155 70
29 100 47
158 126 42
152 53 45
62 95 19
159 3 75
200 186 43
97 84 21
205 113 75
155 198 2
209 58 22
189 8 14
193 178 40
4 107 62
189 131 65
6 2 64
146 123 3
96 102 10
33 35 66
182 131 74
23 124 10
147 123 97
5 138 61
102 177 58
55 102 69
130 118 27
141 133 75
163 151 19
169 153 43
15 60 68
162 121 41
127 50 21
62 65 79
119 55 16
124 56 51
155 105 97
108 184 29
184 24 33
192 201 2
65 167 99
125 83 22
166 184 46
167 13 93
34 93 24
179 89 82
184 177 87
23 134 89
125 43 21
43 122 94
116 125 16
110 145 48
77 151 76
118 90 22
154 127 17
82 113 49
155 55 40
38 114 55
194 119 59
46 91 30
107 94 98
11 198 36
132 140 52
165 118 3
153 95 37
172 62 68
63 137 45
36 35 22
87 107 57
57 141 52
21 48 86
70 78 41
13 53 18
155 28 94
34 70 73
181 47 91
125 48 89
136 153 47
33 45 1
149 93 46
204 112 15
57 184 96
91 177 6
178 127 19
6 115 74
13 106 8
186 134 98
148 115 68
208 32 48
141 14 67
60 56 97
55 163 4
185 196 94
156 135 90
54 98 47
49 71 89
138 23 58
117 196 61
179 106 50
17 60 82
199 42 82
122 124 69
146 171 9
185 192 25
171 19 0
0 89 24
150 81 9
54 144 96
149 153 99
186 97 17
175 152 41
46 79 37
179 193 12
85 158 87
102 103 10
82 104 82
98 81 79
141 71 97
173 4 42
73 128 26
30 180 38
73 14 42
96 110 17
102 40 17
92 32 15
202 27 6
195 9 98
161 87 95
88 34 81
77 30 89
49 208 45
105 76 87
193 150 83
172 98 47
3 160 88
158 57 42
199 60 18
46 54 85
177 35 37
118 189 67
106 150 69
145 147 28
65 18 48
72 153 30
50 194 75
93 160 69
150 151 21
75 35 79
152 35 7
207 72 73
119 81 96
93 80 29
173 71 67
7 191 20
92 88 46
164 178 32
27 156 31
61 29 45
69 93 53
38 83 33
189 192 2
51 76 64
59 174 82
141 23 1
85 125 40
203 49 77
139 27 81
122 102 15
47 131 35
47 185 23
204 176 83
142 116 27
194 146 8
185 132 0
204 120 54
92 121 94
60 34 8
37 122 50
46 17 70
96 122 74
101 191 63
174 18 47
70 32 71
206 86 8
83 2 67
65 97 67
135 148 38
136 62 60
110 96 90
58 186 29
182 70 94
24 150 95
87 132 59
100 84 84
159 115 87
73 133 90
13 99 9
26 201 25
114 97 89
75 59 96
20 39 54
82 87 94
18 79 11
25 30 94
58 19 3
146 148 94
190 71 38
129 149 42
207 120 58
23 106 4
159 94 4
207 34 49
54 109 75
25 192 31
208 209 58
170 208 14
179 175 51
154 91 62
139 158 52
18 62 41
208 100 99
19 46 58
80 10 17
23 39 13
2 205 71
93 18 99
22 93 82
152 191 48
83 101 14
74 66 49
178 12 93
69 128 98
34 133 72
66 70 66
113 60 78
154 150 30
29 200 54
170 155 24
163 89 46
197 106 66
161 4 16
48 54 55
64 125 99
207 190 37
116 180 9
42 100 8
81 134 67
138 94 11
166 69 86
192 181 48
106 85 12
43 19 67
82 185 5
107 147 28
142 136 82
185 124 58
121 173 8
189 14 75
100 75 25
2 64 98
60 3 67
119 82 48
119 56 82
91 155 38
130 138 12
75 179 96
83 153 1
71 196 50
203 10 78
114 100 40
163 153 44
162 170 90
122 59 17
55 115 44
188 170 92
43 10 42
63 131 55
128 17 97
164 101 84
11 52 86
166 77 84
206 96 11
124 123 25
122 138 28
121 175 55
128 50 59
144 35 2
101 33 1
28 139 53
130 84 40
73 81 58
115 48 30
199 147 66
153 33 69
78 0 93
183 109 3
84 89 86
56 70 42
114 19 93
19 42 69
57 59 85
2 196 45
174 138 85
103 122 55
60 102 56
85 101 42
59 78 17
152 104 29
70 160 17
186 68 96
151 29 53
78 100 43
185 35 55
61 124 87
118 128 70
65 72 12
148 34 67
206 47 13
120 167 26
5 58 78
142 197 77
124 9 51
193 182 40
16 171 41
105 39 33
17 37 40
205 102 10
80 144 88
115 131 9
111 136 7
128 83 39
139 136 69
11 195 20
123 159 68
83 188 100
34 168 31
130 107 94
161 198 88
95 80 34
166 99 58
156 50 84
191 107 31
178 131 96
202 51 29
192 88 10
170 140 24
60 91 18
70 80 97
43 190 62
44 70 9
32 120 67
185 171 0
0 141 92
80 62 3
104 58 74
77 54 39
37 94 7
100 206 67
120 9 6
45 71 19
61 108 94
81 119 23
68 17 22
115 172 51
160 184 57
62 84 55
202 34 9
78 79 40
171 165 29
41 89 32
84 90 89
108 128 58
34 37 69
68 162 78
121 43 97
115 207 47
59 119 32
165 56 52
42 121 19
91 58 28
26 123 99
88 106 87
51 161 69
61 47 71
202 105 20
143 75 69
74 137 1
175 67 24
90 64 25
122 74 70
9 205 34
122 87 44
204 142 34
144 4 24
165 80 70
108 19 75
101 37 83
5 128 25
74 122 83
180 141 89
195 178 60
172 73 35
116 52 44
9 145 66
105 136 42
116 84 15
70 49 59
203 46 46
67 128 20
170 160 59
42 26 9
147 121 37
185 70 63
76 204 95
91 112 85
188 78 71
202 38 22
76 132 13
156 42 4
127 101 39
116 158 32
109 124 35
56 135 25
95 128 59
174 31 69
102 16 70
22 143 20
103 104 92
76 22 26
140 153 82
170 191 4
91 148 68
105 78 16
45 169 42
165 155 37
56 155 92
162 78 38
28 11 5
76 55 36
51 169 84
182 24 63
100 89 34
119 136 16
53 105 26
166 30 92
50 71 6
72 145 13
37 13 3
127 158 20
10 57 25
64 73 97
149 176 40
95 199 50
199 132 75
190 113 75
6 169 53
96 134 46
76 136 44
155 192 73
21 169 87
53 193 64
139 122 70
9 185 66
87 4 74
106 56 82
198 104 30
37 35 15
164 67 79
154 144 37
176 106 19
96 106 75
124 59 15
186 205 35
32 67 56
77 201 87
120 125 85
139 107 20
27 48 61
194 30 37
126 177 25
126 53 23
99 32 54
35 51 30
132 104 53
182 80 39
24 195 37
103 178 4
181 193 91
177 112 90
167 72 1
152 45 12
18 10 49
6 52 24
101 180 34
15 11 90
199 162 26
45 162 74
93 56 11
92 7 75
3 190 45
180 119 44
118 193 32
128 53 96
60 19 64
206 154 5
110 154 70
63 87 14
51 150 94
148 51 24
160 16 37
106 129 42
195 78 57
63 94 20
21 202 27
63 53 23
204 72 37
196 195 71
161 156 17
183 26 22
159 103 43
117 127 61
143 34 8
118 119 19
75 80 25
92 174 76
81 139 40
16 183 36
8 96 72
178 19 64
2 74 18
136 167 88
99 105 9
2 56 39
169 144 4
139 112 38
57 147 45
63 185 4
11 77 97
142 60 19
8 16 80
52 15 36
57 28 29
164 78 70
40 151 41
101 142 20
91 51 66
54 83 68
114 197 85
138 136 2
8 164 70
158 190 71
60 156 25
207 180 79
175 188 9
189 77 1
47 168 51
158 26 41
13 65 22
116 34 85
53 129 77
105 194 82
115 169 0
134 178 48
58 203 24
68 113 60
80 36 26
141 106 58
135 201 29
182 99 43
111 101 29
12 208 14
5 183 75
88 77 23
89 120 30
174 55 86
37 142 66
60 172 95
209 165 35
48 63 84
93 83 5
153 20 10
168 123 44
21 68 23
13 205 100
47 125 84
39 23 14
101 51 32
202 43 70
144 79 45
114 151 46
53 72 25
147 120 87
73 148 75
3 113 54
33 124 79
15 167 54
61 77 39
114 119 42
68 69 89
168 189 77
121 4 75
63 89 72
61 93 58
55 140 61
208 47 51
68 4 96
183 181 80
48 120 92
120 108 27
116 185 82
178 83 66
60 136 35
137 154 8
146 28 39
112 35 88
36 45 38
46 188 38
162 99 88
182 27 96
139 156 83
48 173 23
20 118 8
3 7 3
169 180 30
42 83 62
178 57 90
181 179 84
0 159 54
207 68 41
39 29 59
129 117 95
14 181 21
55 149 84
76 99 41
198 119 6
175 119 57
175 125 43
38 71 98
203 0 36
35 142 11
73 7 90
21 72 46
15 59 23
116 6 0
36 165 71
11 110 69
111 177 45
12 1 6
6 5 36
9 30 15
34 62 14
194 38 26
68 80 7
53 147 35
198 99 23
28 132 16
96 76 20
203 139 46
1 69 3
124 116 45
85 88 4
160 196 68
116 120 2
11 106 21
0 158 32
159 57 59
143 102 86
80 132 41
21 204 26
45 207 80
81 124 33
180 49 54
109 1 14
208 129 45
182 164 14
11 124 10
65 27 78
18 152 48
37 23 58
62 81 85
207 3 33
108 161 97
9 183 83
80 73 43
168 144 39
169 83 60
5 52 27
191 63 68
80 126 83
51 22 48
44 194 39
140 127 3
115 42 47
20 17 23
58 135 31
116 71 41
119 0 35
134 44 47
100 28 14
183 195 51
128 200 7
144 146 52
97 24 64
61 68 34
172 2 46
99 73 36
183 73 50
167 178 10
128 64 36
119 65 41
128 123 12
166 39 2
62 42 21
138 168 92
176 72 42
152 205 21
196 129 83
59 74 24
94 110 37
25 42 37
107 198 78
38 36 51
203 131 65
58 89 89
103 123 0
54 52 74
21 52 57
177 161 87
165 119 0
182 17 43
39 79 87
140 132 75
52 194 62
65 153 38
113 168 45
43 94 66
99 68 22
30 79 66
32 34 64
49 2 95
71 111 46
194 31 74
182 166 97
204 198 3
44 81 18
12 106 78
140 41 7
102 203 66
156 93 73
32 10 33
195 57 38
182 39 82
144 96 85
12 116 27
91 191 77
4 73 49
12 156 62
167 61 77
74 164 50
194 103 67
160 83 3
14 184 43
145 69 85
168 161 41
106 19 94
91 168 54
190 46 98
94 77 68
152 144 89
165 67 42
151 144 0
193 56 61
207 167 6
126 208 90
153 63 97
38 117 22
35 141 10
127 21 3
126 91 6
153 150 82
193 64 70
130 163 44
44 200 57
125 73 98
63 147 57
180 34 24
82 172 6
188 4 5
175 169 84
108 193 51
55 65 10
135 156 43
143 178 86
188 178 6
208 124 18
148 126 24
31 14 21
192 67 55
138 133 61
198 64 98
190 180 76
200 198 12
71 102 53
90 100 84
195 95 40
111 28 5
18 199 48
41 176 70
97 98 24
200 159 86
94 46 22
26 146 45
144 175 65
182 33 17
144 56 53
33 22 53
156 29 98
1 72 14
170 143 92
18 50 83
95 90 15
58 111 60
185 24 1
75 181 81
49 7 77
94 15 32
190 182 21
97 149 58
2 174 81
170 93 72
172 59 0
41 8 77
200 165 24
198 151 81
151 199 47
29 188 43
152 82 51
208 162 18
42 9 8
8 125 59
108 6 9
122 112 89
5 121 92
161 132 34
184 88 3
30 66 21
173 9 68
51 110 85
140 33 72
48 87 44
27 47 47
41 52 67
141 42 64
25 97 79
87 182 55
133 136 0
201 106 85
87 103 61
139 102 80
3 31 26
80 181 63
121 91 60
175 30 54
194 43 39
21 125 66
51 151 44
136 24 93
4 86 9
206 53 55
71 70 88
119 161 85
196 209 70
55 77 69
205 89 70
48 100 29
200 153 75
45 8 77
161 178 94
26 162 18
111 161 84
155 166 83
105 155 58
11 142 63
109 190 17
202 151 2
129 57 50
52 65 96
54 37 100
131 94 43
163 72 37
72 19 60
39 21 8
63 201 50
49 120 98
83 105 95
29 197 45
14 177 52
139 146 41
97 208 17
46 128 29
76 15 77
115 146 88
138 129 41
69 54 0
39 107 77
162 183 35
183 19 53
133 138 33
77 58 31
68 51 82
159 117 15
186 146 52
175 14 65
123 34 6
161 108 39
190 47 98
25 87 84
60 120 39
81 32 7
129 67 23
133 10 21
163 42 11
114 141 53
145 190 80
191 6 99
113 204 56
129 158 69
209 185 56
158 162 82
197 18 71
145 209 30
47 176 83
29 78 61
44 0 23
182 206 85
156 6 92
192 6 76
77 70 99
205 114 25
149 14 11
91 68 43
42 14 90
165 48 89
39 177 9
172 50 22
98 90 17
209 197 72
112 38 6
93 123 18
53 152 40
25 207 9
36 9 10
177 85 47
105 25 7
106 169 73
74 18 29
122 55 14
153 174 58
206 141 52
112 24 87
13 209 60
36 11 56
166 8 39
208 146 71
186 38 94
189 17 56
94 207 80
17 113 71
189 196 25
172 85 27
207 122 44
50 165 68
50 57 71
160 186 61
189 33 22
85 199 0
50 89 61
175 35 39
29 69 79
135 154 83
59 133 68
160 72 8
64 164 38
63 170 44
105 111 23
94 183 30
173 31 62
56 118 64
108 129 89
21 155 55
138 130 69
172 13 90
100 103 84
133 33 71
50 172 9
155 195 26
8 67 63
197 110 78
92 126 72
183 180 31
111 190 76
94 188 21
138 156 57
112 186 43
202 141 87
33 120 82
101 205 96
135 178 47
181 100 90
186 124 15
85 97 48
147 10 81
175 203 80
195 0 91
96 125 21
80 136 95
116 135 55
50 82 26
13 57 98
106 107 41
59 190 33
71 90 37
177 120 29
80 27 42
71 63 44
79 87 32
111 3 9
57 8 9
47 9 20
66 188 79
76 39 100
5 205 11
50 72 46
129 94 28
49 100 50
149 35 85
151 105 43
156 145 62
107 16 8
22 67 17
146 37 17
159 14 98
153 113 9
152 30 16
148 14 66
201 43 97
102 190 59
101 154 14
204 65 22
80 165 45
109 174 56
20 156 2
188 27 77
132 179 11
95 144 28
114 123 85
33 150 37
80 208 87
85 52 93
130 167 10
10 175 85
36 194 17
152 4 4
195 121 33
128 42 45
155 108 13
169 170 69
96 87 11
155 14 43
167 58 79
139 74 67
154 24 34
72 86 4
121 110 78
94 123 74
206 32 25
169 205 77
86 35 53
146 140 30
124 10 30
75 41 63
109 28 29
3 32 26
180 171 78
137 183 28
27 167 46
10 134 64
131 105 53
116 86 96
46 182 29
13 114 88
131 119 15
15 136 28
144 54 39
57 84 23
41 19 92
122 151 20
178 33 60
167 31 97
198 50 43
102 185 45
38 111 19
192 77 31
110 55 60
36 112 71
118 160 85
51 168 66
147 107 17
18 161 19
139 32 20
61 135 92
50 98 54
99 4 91
131 176 40
96 174 39
20 124 79
194 151 51
30 42 96
131 60 69
2 147 100
41 106 31
94 172 2
145 10 63
14 98 70
137 163 74
201 131 47
183 79 4
163 113 6
16 123 41
196 135 15
24 96 44
202 172 85
20 160 36
132 202 52
23 65 36
94 116 47
87 137 78
17 25 38
3 109 97
67 75 50
111 201 68
91 183 27
116 124 3
172 60 17
184 186 48
112 29 49
191 169 84
166 31 88
178 48 29
34 3 31
76 120 69
68 96 89
98 59 96
94 20 58
93 1 15
156 143 50
23 133 8
19 17 76
196 163 2
139 97 96
152 17 80
21 93 98
2 110 98
44 202 46
83 66 4
71 85 48
1 123 29
13 130 35
55 36 87
92 120 46
120 147 17
47 22 59
117 170 43
34 185 69
140 10 73
177 185 4
137 135 6
46 80 56
31 163 56
15 54 9
62 205 89
186 171 25
65 24 82
57 63 73
63 199 53
100 208 34
208 26 12
178 21 76
119 207 98
175 117 65
135 151 57
177 170 99
163 1 82
132 53 96
42 179 96
197 20 60
93 175 24
70 126 28
108 181 63
146 110 65
66 80 84
193 68 29
158 67 1
37 131 100
135 17 47
139 117 52
35 50 78
68 81 47
130 23 58
162 153 80
116 195 0
79 202 61
106 11 5
145 194 87
30 192 7
120 179 76
98 78 62
13 44 20
10 3 16
23 50 41
209 24 8
49 74 20
53 117 87
120 58 74
196 159 51
103 131 93
173 177 69
155 31 72
112 97 34
68 153 54
128 98 40
141 104 81
198 59 22
80 19 78
53 158 46
20 27 96
149 103 32
7 146 37
91 133 12
175 89 99
156 28 60
22 97 61
92 51 73
19 205 49
117 151 43
169 139 18
72 205 78
183 57 72
115 31 65
19 139 46
11 23 48
203 86 40
160 7 68
46 209 77
19 5 29
124 112 52
201 197 15
50 163 46
9 37 41
123 188 9
48 21 90
23 42 46
27 178 81
106 116 17
17 107 19
67 61 50
163 17 55
121 6 80
44 191 22
170 123 26
32 192 58
99 147 87
152 146 76
197 83 36
117 113 23
28 43 29
96 9 50
206 20 72
39 100 57
181 48 46
1 13 58
33 161 63
88 199 57
112 3 65
108 99 43
169 156 47
76 140 71
193 204 41
87 30 58
142 202 84
54 34 85
141 43 92
7 193 42
120 190 18
177 179 77
19 107 74
49 123 40
23 140 47
180 162 88
171 32 89
25 17 69
92 181 23
79 174 50
87 115 18
37 71 90
47 69 3
139 109 53
172 135 10
112 109 68
103 135 93
30 49 72
126 113 94
185 208 6
117 79 92
99 168 33
36 73 24
164 199 86
8 180 83
173 205 67
155 106 55
55 52 98
186 10 43
122 18 14
162 174 33
8 132 16
12 179 88
75 93 26
45 56 36
76 180 50
202 154 94
77 26 0
181 135 37
34 198 91
25 180 93
41 36 11
167 50 95
199 166 38
111 0 37
70 9 90
97 16 9
95 86 44
156 105 52
99 53 90
60 71 31
129 171 13
79 0 21
106 201 25
189 28 59
200 160 5
149 29 73
169 104 30
149 148 71
63 202 46
72 91 34
177 131 67
133 42 80
114 91 94
99 103 66
110 131 22
150 68 51
84 163 54
125 154 21
35 109 69
205 131 29
131 40 92
113 154 83
178 52 35
174 10 36
122 190 89
105 15 48
52 156 51
17 205 97
186 22 2
209 49 55
45 108 48
180 55 46
64 53 69
134 199 79
65 52 81
72 197 38
171 208 30
105 20 70
20 150 50
172 24 54
203 109 80
196 190 40
148 177 81
62 197 28
10 186 61
152 101 80
140 104 46
174 196 100
70 113 86
100 135 17
148 89 8
97 30 9
72 103 45
47 202 82
20 1 16
176 78 45
180 48 6
171 65 1
130 180 5
180 167 11
76 122 26
129 161 5
59 160 32
68 203 20
195 20 19
198 140 99
51 32 67
6 85 64
91 199 60
159 54 31
104 80 81
89 125 15
51 82 26
159 59 13
64 173 51
101 174 66
62 116 81
57 14 90
181 74 20
30 205 14
198 35 5
58 76 75
58 64 81
74 106 61
209 179 64
62 132 24
117 203 94
202 8 18
94 18 46
0 112 11
189 111 10
53 148 16
127 47 92
69 85 57
128 169 2
2 199 78
69 150 50
104 207 81
127 86 75
28 63 79
121 145 28
14 146 18
105 64 67
44 118 68
6 117 78
167 37 5
87 131 23
80 115 82
44 177 14
199 6 62
146 198 99
79 118 51
66 107 95
138 102 100
107 87 2
184 201 22
75 154 60
208 177 48
165 131 6
62 177 68
135 6 79
27 18 83
30 115 64
193 176 18
195 10 34
28 0 32
73 95 4
3 118 82
97 180 79
41 197 26
16 134 98
206 66 94
201 208 44
78 85 24
6 174 21
165 100 6
118 55 87
177 59 91
91 7 78
96 111 20
138 27 11
129 207 2
60 160 37
43 32 50
125 146 92
129 29 12
173 16 62
183 18 72
173 155 26
93 0 79
71 101 45
9 130 56
105 141 98
93 2 39
24 164 38
46 152 26
70 30 99
106 69 83
82 155 75
72 7 9
125 120 80
198 142 8
94 86 37
120 161 74
7 51 11
130 170 92
48 133 22
45 34 36
4 36 80
57 129 43
40 208 43
88 158 50
170 35 64
38 43 30
8 115 69
119 183 97
118 183 90
101 86 41
87 65 100
20 208 86
171 170 18
19 62 86
205 78 18
174 2 0
172 70 35
172 125 45
43 205 79
16 125 52
125 158 97
23 199 90
131 6 45
178 148 41
57 179 78
27 135 10
175 94 33
61 19 95
55 11 3
11 92 2
118 202 46
161 149 38
202 71 24
199 134 29
168 114 23
31 150 4
198 192 42
29 3 38
55 188 99
145 0 39
191 209 78
57 76 91
12 104 20
26 143 54
54 86 10
69 137 6
141 62 41
33 34 77
88 167 16
201 168 36
51 170 4
23 72 33
74 9 12
6 41 26
179 204 30
66 134 90
167 134 8
31 162 57
129 36 46
126 130 86
141 146 17
166 108 73
21 190 91
72 195 29
193 173 17
149 60 81
8 122 80
181 58 22
112 71 48
0 108 71
1 149 93
40 62 35
194 129 76
98 113 28
50 15 2
27 153 91
84 14 93
12 98 72
151 168 47
198 202 21
134 162 94
77 0 3
78 114 77
166 205 16
37 58 30
164 204 62
74 103 32
99 165 36
143 33 73
147 97 13
191 39 68
177 100 75
23 41 68
132 22 21
11 172 51
41 118 56
61 97 34
21 56 30
64 44 43
137 22 80
49 209 68
153 30 32
80 209 40
181 14 89
44 75 40
122 34 23
103 77 90
184 34 95
207 171 71
189 96 100
200 8 28
155 143 90
148 48 31
56 69 68
83 72 56
24 207 19
91 70 74
152 119 67
40 142 47
167 173 98
74 183 62
44 151 70
125 36 96
16 4 55
4 152 15
168 67 0
110 164 6
80 100 36
172 63 82
31 119 88
1 172 55
5 140 14
50 158 30
180 74 33
63 130 53
5 143 55
185 38 96
22 113 21
100 12 28
42 142 9
156 56 8
50 121 35
75 114 96
176 65 4
118 165 29
190 94 73
166 177 96
39 104 41
46 71 91
209 25 33
184 19 16
78 126 84
97 114 63
177 156 29
96 204 85
63 166 37
131 113 24
69 145 24
162 31 38
160 77 49
201 57 61
8 37 81
130 126 4
63 67 62
117 136 77
16 38 65
103 35 85
135 111 74
119 108 2
147 104 41
45 81 23
66 0 33
54 59 72
64 107 17
50 208 72
105 193 50
177 22 42
110 181 9
60 12 30
17 77 27
50 196 24
204 5 37
21 104 98
69 66 95
208 161 50
190 100 83
159 32 30
79 117 4
100 97 14
204 77 23
148 95 65
172 199 4
189 143 61
145 3 100
3 8 50
62 179 100
125 90 30
0 146 45
178 203 95
9 208 28
96 58 83
67 5 33
8 92 45
21 78 28
200 44 48
172 179 68
69 147 45
31 21 32
25 127 10
105 48 32
156 72 40
179 74 70
149 147 65
49 146 2
77 113 18
14 108 45
166 19 92
200 46 27
61 141 50
41 141 98
95 47 77
113 198 63
99 35 96
47 23 88
96 197 63
46 15 41
39 18 74
153 149 85
162 3 75
20 71 95
4 203 90
182 32 70
160 2 98
68 105 13
177 193 9
95 62 9
193 149 96
23 184 39
197 5 55
154 132 85
151 172 2
97 17 71
92 43 44
189 135 56
110 75 37
92 94 9
144 74 59
41 169 92
115 28 17
96 150 100
135 159 49
32 43 0
67 111 41
82 3 53
207 0 40
160 200 16
194 89 63
36 166 30
45 82 98
173 41 45
27 202 38
81 107 11
183 89 56
195 113 46
190 95 75
198 189 99
184 130 15
34 174 13
96 60 62
131 74 46
34 158 80
164 99 51
136 181 38
40 3 89
42 162 79
160 113 7
31 167 24
89 72 97
190 193 99
47 105 95
93 48 72
191 23 22
197 103 93
156 204 72
185 93 99
179 101 65
89 189 0
154 101 4
44 84 22
72 21 2
65 166 53
209 71 94
103 139 85
45 46 46
23 0 75
17 200 91
164 128 66
109 19 59
208 159 57
177 127 72
33 114 7
118 17 89
109 130 16
151 100 37
60 67 76
193 1 1
189 152 52
168 126 18
184 172 67
162 150 79
121 103 7
163 138 51
99 154 63
32 18 86
94 105 93
27 113 72
166 15 77
13 59 25
118 150 3
97 9 97
125 37 3
16 116 21
193 69 95
182 12 78
32 135 11
177 191 91
15 73 96
136 51 89
76 128 54
152 125 74
30 102 4
194 74 0
159 19 52
92 162 8
23 132 67
67 186 80
148 65 37
119 99 90
48 190 6
169 45 13
24 27 65
200 136 40
76 149 20
35 111 65
63 181 38
206 209 3
112 160 89
170 167 24
171 196 16
205 142 75
180 38 58
9 173 60
163 103 37
191 189 17
129 72 62
197 156 84
124 81 85
98 64 93
156 185 100
179 76 46
58 208 81
75 47 28
15 198 42
127 182 16
119 177 23
29 45 85
57 140 34
176 151 98
128 124 92
128 72 92
84 189 68
155 82 99
37 105 22
192 140 8
191 123 45
200 12 75
8 159 87
95 206 92
194 68 23
40 173 42
75 32 34
43 6 76
124 33 37
62 54 11
46 72 73
49 68 61
173 20 100
148 3 62
42 94 77
107 192 49
5 102 6
10 42 58
38 7 9
92 209 53
35 96 97
83 65 86
5 57 63
118 30 89
155 84 2
60 142 65
108 66 37
189 118 44
105 99 87
73 43 74
88 96 4
87 108 46
90 54 41
12 207 25
47 175 88
29 77 27
128 49 91
93 30 77
205 50 70
87 5 85
196 161 51
203 65 14
148 167 22
161 58 8
201 26 96
186 96 45
19 8 9
92 8 79
109 177 53
80 189 66
60 153 84
84 127 3
52 191 63
140 124 80
82 46 97
163 107 71
10 122 72
104 5 46
30 168 40
192 204 53
172 54 15
120 56 95
38 74 57
112 22 89
61 162 4
106 196 34
167 88 9
125 205 99
120 89 79
190 35 11
106 52 6
109 80 54
101 153 6
166 0 94
82 54 6
122 24 85
15 113 75
146 105 65
122 35 36
119 95 75
53 74 93
36 142 59
208 164 97
80 110 37
186 173 88
167 115 76
8 123 79
33 197 48
78 191 41
182 153 22
5 172 54
113 36 71
83 49 36
61 174 74
162 200 84
178 183 70
159 183 4
10 38 92
201 163 51
156 79 45
111 167 58
63 193 7
85 156 72
63 188 65
12 63 12
116 117 80
9 53 17
7 92 9
111 116 23
158 11 92
202 188 64
52 205 16
89 110 63
22 181 26
108 18 92
98 165 48
66 144 18
98 46 78
93 79 22
125 122 30
153 189 33
141 52 56
118 2 21
88 12 28
136 75 95
205 74 70
193 72 84
120 84 19
90 58 13
141 117 97
71 191 79
52 42 12
9 47 59
42 4 39
25 159 76
24 26 44
9 170 42
141 195 43
17 72 84
199 198 93
26 91 34
152 139 42
185 128 51
36 117 54
9 95 3
202 70 79
155 206 37
128 39 26
3 65 75
63 38 97
112 90 70
65 100 22
132 127 98
1 114 34
101 124 9
115 209 25
39 56 56
104 94 13
35 76 98
51 31 24
98 174 93
65 48 86
56 162 68
166 67 92
43 36 24
170 96 60
199 150 63
80 207 34
203 58 9
200 143 61
120 17 36
58 46 63
82 8 17
87 109 80
63 98 18
183 105 15
53 84 82
147 188 24
154 33 39
36 93 92
9 132 78
93 131 23
208 173 98
21 101 71
48 114 51
194 72 48
106 138 10
179 140 98
119 166 57
11 119 0
12 204 55
134 38 42
97 68 46
7 45 6
30 14 10
134 209 42
97 162 12
144 60 43
140 113 59
170 50 60
41 193 95
177 36 61
50 128 100
127 8 85
198 12 40
1 163 16
180 94 94
22 201 37
1 58 11
74 208 44
136 5 58
115 92 33
7 9 32
107 23 72
56 65 77
195 105 28
140 23 82
87 51 86
6 62 22
166 176 18
80 152 29
115 68 73
65 132 64
181 137 29
164 190 11
54 120 15
80 63 38
114 53 85
12 50 65
5 63 4
124 153 79
191 108 38
208 48 27
80 72 17
17 35 38
203 122 29
204 183 65
16 172 55
30 61 89
207 73 32
108 58 45
41 67 51
36 44 16
164 168 60
92 163 39
3 43 57
34 88 93
95 103 50
104 103 83
178 58 37
99 94 78
99 118 81
27 121 55
150 205 59
85 173 90
122 19 20
207 44 58
195 16 54
125 74 82
87 13 29
158 54 27
50 31 87
158 172 32
27 59 15
49 19 75
168 139 20
50 19 4
165 42 66
158 167 52
70 188 9
137 124 25
112 47 72
108 116 57
22 59 9
171 27 35
193 113 28
169 204 86
41 81 100
106 188 81
134 24 3
29 61 71
57 158 10
209 6 39
14 39 67
76 181 98
127 139 45
116 46 52
127 61 82
203 190 50
100 139 18
2 133 76
17 137 23
168 125 62
197 21 37
124 179 12
147 138 91
198 161 29
144 45 12
113 7 2
189 133 39
159 130 58
36 72 41
115 171 23
5 26 12
129 14 30
108 120 19
126 129 26
175 46 66
109 141 36
177 110 23
153 191 36
102 60 28
44 69 6
19 23 66
99 130 11
99 188 18
91 3 71
71 64 80
128 35 29
6 127 30
22 18 71
163 27 62
205 119 42
25 184 30
32 41 65
2 0 22
99 185 46
26 89 73
54 20 58
173 158 79
172 91 93
182 91 45
59 150 40
100 112 45
168 76 48
89 173 62
152 41 70
142 68 41
196 181 66
93 25 7
163 159 18
29 180 51
30 65 8
188 68 12
33 178 54
97 18 37
12 8 12
184 75 87
205 67 99
62 23 3
112 87 40
117 102 11
134 92 73
105 192 21
149 37 59
158 124 33
203 110 81
155 117 36
12 117 20
109 90 27
31 44 37
116 73 96
14 174 95
6 47 51
90 122 61
22 48 79
200 6 44
56 123 13
44 30 70
202 145 28
162 141 11
179 17 19
29 13 32
108 5 54
143 45 69
153 35 5
143 93 73
154 145 78
176 1 41
87 55 92
72 101 53
115 119 10
195 200 38
189 20 24
160 71 59
164 75 69
124 40 36
84 5 18
139 51 89
177 115 18
194 98 55
102 142 40
74 13 91
129 118 17
137 172 73
87 91 80
159 111 61
25 18 53
188 76 59
134 108 31
28 83 54
110 11 9
206 39 61
4 6 71
135 56 15
40 146 82
25 104 62
136 102 47
134 78 53
169 85 13
92 34 13
123 27 9
19 78 39
47 121 100
188 93 61
171 112 93
108 168 96
75 83 42
181 126 38
64 93 20
45 49 12
97 126 68
204 175 30
67 81 71
55 147 10
111 152 2
185 194 38
137 65 22
176 200 35
14 41 86
170 33 62
28 52 61
79 36 100
134 69 98
122 167 84
66 37 1
179 73 46
171 199 46
200 4 80
154 5 83
188 132 7
131 56 100
107 137 21
64 145 59
30 89 59
45 15 1
161 68 89
35 106 16
48 43 72
106 139 52
61 130 0
103 69 85
52 36 38
85 86 58
65 142 4
27 90 46
79 19 93
70 64 28
2 195 88
134 30 8
173 197 57
59 87 76
40 186 51
95 109 13
74 127 99
148 9 65
149 39 57
193 87 47
14 69 100
58 134 48
63 189 71
180 145 27
100 93 98
0 23 57
69 17 84
115 113 28
82 138 78
11 146 97
143 80 25
13 42 59
174 111 10
188 166 73
151 108 90
142 66 38
143 42 9
1 23 75
62 163 62
180 8 39
164 56 56
130 151 78
66 146 94
147 189 54
134 126 72
193 200 32
177 47 38
90 91 97
174 44 8
205 91 73
106 61 38
63 22 49
110 108 51
14 123 81
38 49 7
189 203 55
125 161 48
13 49 63
152 26 73
42 99 89
146 188 60
122 45 82
190 5 43
72 163 29
88 45 30
166 155 98
70 184 56
1 88 52
102 52 20
9 190 7
124 100 61
129 89 43
87 158 100
149 191 39
72 200 87
40 57 37
101 66 66
73 181 96
152 85 50
90 105 57
141 92 52
2 142 1
191 170 57
76 129 91
64 92 89
165 83 77
158 207 85
171 17 45
4 13 38
85 91 100
197 24 70
13 2 14
133 119 50
41 102 44
195 145 90
77 99 64
21 201 38
173 208 59
174 36 74
37 209 88
62 130 88
33 177 71
113 136 3
54 105 2
11 29 73
47 123 40
198 28 45
1 34 17
100 24 59
138 37 31
159 118 72
130 44 58
15 168 46
140 133 86
129 191 45
188 56 88
14 95 66
81 50 48
49 196 83
145 61 37
82 17 76
103 175 76
100 88 83
166 20 72
95 106 14
38 137 30
172 7 0
50 199 88
198 201 85
14 83 88
37 11 9
102 133 19
92 18 14
156 96 7
52 107 77
176 4 79
96 128 45
88 67 47
57 21 3
82 127 24
142 135 21
25 123 93
95 119 59
45 123 50
173 63 62
202 185 75
6 40 35
209 152 67
195 203 73
68 100 36
152 49 41
40 2 87
51 192 61
166 24 86
136 44 88
189 62 60
85 84 88
50 185 57
73 28 82
7 61 64
75 55 22
32 23 88
25 7 79
84 26 50
50 148 0
91 206 93
95 93 66
142 32 12
89 158 93
172 55 62
133 14 68
145 54 42
190 44 82
208 7 38
115 14 77
91 195 5
113 123 15
181 59 20
118 48 26
122 149 3
90 32 62
67 97 69
174 0 74
119 208 48
18 193 9
60 7 71
204 62 31
43 18 43
183 38 52
108 196 19
141 205 24
144 53 28
189 108 39
204 163 69
40 128 26
103 177 56
73 78 22
137 43 85
52 160 57
90 193 34
4 24 84
61 80 19
164 172 18
124 185 58
53 55 23
199 111 36
126 149 1
171 119 19
146 75 4
178 124 49
117 83 29
146 97 24
203 67 22
19 137 91
102 116 22
153 81 58
197 130 88
102 45 67
86 141 28
128 154 85
163 0 30
130 137 53
153 76 12
162 196 2
7 131 2
51 171 12
11 33 49
58 31 84
42 63 36
201 154 33
95 0 69
4 95 28
99 51 22
42 101 63
47 109 54
80 120 5
26 13 14
114 104 23
47 184 3
163 71 26
35 117 25
135 205 66
98 169 80
70 171 92
3 36 61
65 25 75
197 43 38
204 174 43
207 37 64
59 101 86
1 113 51
30 55 5
81 96 18
120 181 12
114 88 66
5 135 22
90 135 84
118 76 56
117 160 97
88 180 72
49 73 24
181 24 68
19 134 57
18 90 87
143 207 72
139 177 24
83 133 58
6 119 99
204 145 50
46 106 45
129 190 35
1 208 76
112 55 99
65 118 88
115 145 87
201 85 69
113 159 38
149 47 33
6 28 36
25 54 69
20 26 15
51 97 67
94 168 71
81 86 81
55 6 51
40 182 93
134 45 83
183 142 3
17 181 57
70 86 28
145 27 29
80 31 78
24 52 42
203 23 29
158 77 93
9 114 67
43 72 89
183 163 100
130 93 10
67 58 16
124 200 65
7 121 52
199 87 46
39 44 96
38 209 38
31 129 36
100 2 55
57 33 17
85 129 6
106 2 53
74 104 34
52 50 23
11 55 53
34 42 54
63 34 32
97 164 12
148 197 37
177 111 17
19 68 47
192 71 64
45 3 46
149 132 57
202 114 66
148 191 40
46 207 43
0 82 61
83 123 28
25 162 16
102 23 78
7 112 51
94 49 15
91 171 97
33 108 34
41 162 92
186 52 80
36 198 75
55 209 24
52 129 49
46 173 17
167 80 37
71 30 64
180 85 77
40 60 3
130 75 16
118 23 67
107 130 69
27 143 37
145 95 45
171 83 65
127 147 4
71 106 87
41 123 22
51 73 97
120 156 49
112 208 50
29 205 90
142 95 97
176 11 26
156 15 30
158 122 28
80 174 77
34 65 21
43 206 44
108 113 67
24 166 77
171 161 0
182 161 66
120 0 86
21 90 61
181 151 32
154 29 63
84 62 91
71 51 46
78 56 85
209 57 6
186 178 39
120 94 58
150 47 35
109 4 66
162 178 55
146 66 35
165 26 41
175 69 56
58 25 57
31 2 5
94 178 86
55 154 87
45 137 23
171 71 99
163 3 38
206 184 22
176 207 13
63 171 64
19 65 60
119 191 100
140 91 91
136 128 7
12 33 69
201 80 77
141 182 46
21 76 72
87 124 45
183 167 22
111 25 24
52 139 8
17 171 49
26 128 44
162 195 31
96 19 7
78 104 44
54 100 91
90 130 30
124 48 8
56 18 76
51 180 61
65 91 25
22 160 79
50 143 26
133 16 84
200 122 31
85 142 10
173 73 84
141 31 57
96 29 57
199 79 80
206 64 75
195 163 0
10 109 90
72 189 38
115 168 44
153 175 20
130 90 18
64 175 42
2 132 49
190 201 4
121 147 85
113 184 62
88 65 39
27 141 57
176 76 14
178 150 40
36 118 16
98 75 69
20 58 80
84 99 97
90 183 47
192 182 76
94 28 25
35 84 17
74 171 72
75 37 87
21 118 17
198 169 61
179 64 75
87 116 93
20 19 48
203 200 60
71 40 15
3 173 45
77 110 48
2 92 73
168 120 96
156 21 66
39 159 3
123 200 25
61 87 59
88 53 1
170 180 74
67 3 67
9 54 92
26 163 21
22 180 32
13 140 19
160 132 76
161 75 80
174 77 4
193 185 61
8 6 100
113 155 8
95 85 11
83 114 29
47 38 44
175 149 33
13 170 17
56 102 6
10 36 67
156 86 0
171 111 66
204 184 60
192 100 14
136 163 4
121 177 29
86 167 0
8 168 47
4 58 60
137 38 29
55 152 97
84 138 84
189 206 18
12 61 83
101 161 97
10 153 95
194 107 26
6 98 25
110 179 78
123 133 59
182 115 19
182 176 6
147 80 56
176 68 96
207 13 51
130 56 80
209 200 29
52 199 4
49 149 83
50 195 23
130 81 73
145 65 7
11 207 52
143 3 21
103 76 7
48 148 83
37 48 34
46 203 96
95 150 36
20 169 10
163 7 62
153 74 61
179 45 64
0 168 86
198 24 16
207 170 77
152 90 96
120 51 67
15 32 65
156 73 73
109 139 36
7 124 25
52 41 56
175 163 15
30 137 8
149 156 23
10 41 64
114 184 70
148 135 24
168 130 56
39 204 96
114 125 50
23 25 89
149 71 52
94 114 6
51 121 45
19 16 60
193 38 51
6 64 44
85 83 28
44 43 30
190 43 69
37 158 90
147 45 39
159 62 59
129 178 22
44 58 84
177 26 98
13 33 59
191 81 85
77 134 14
85 202 96
125 44 24
61 169 48
94 167 99
78 91 66
14 113 46
173 78 21
119 144 12
9 27 100
43 137 85
142 181 55
44 22 10
198 125 90
78 71 66
172 19 87
11 78 71
174 70 27
27 16 83
57 176 17
8 117 67
48 76 44
2 189 4
173 35 61
107 57 71
66 67 52
168 36 44
154 44 32
135 102 55
182 77 9
60 101 61
12 25 23
128 2 53
70 123 37
20 185 45
94 68 97
163 129 87
117 199 24
18 173 75
37 18 56
23 155 38
116 22 30
51 11 95
142 199 77
191 59 54
16 47 55
51 115 52
191 15 57
1 4 0
91 123 65
22 154 87
144 150 77
68 95 69
112 194 37
25 60 100
114 102 3
47 6 43
34 134 30
166 203 6
147 4 34
5 8 34
35 9 39
52 22 62
26 164 30
77 15 86
16 101 100
38 17 2
183 104 1
111 81 40
3 62 31
208 98 52
91 94 92
174 153 10
186 67 52
10 75 52
42 28 34
193 188 26
177 128 2
134 190 19
138 19 69
165 124 51
132 92 56
56 192 20
55 43 96
205 148 58
14 191 91
141 95 82
25 33 32
135 161 62
13 11 84
42 102 83
149 167 43
51 38 65
13 185 67
181 13 4
195 196 61
94 84 98
27 100 51
140 31 43
163 145 84
167 174 96
116 30 2
190 97 75
37 6 83
80 159 63
16 70 40
115 32 41
39 197 58
147 86 97
15 91 33
68 72 74
124 31 23
45 36 5
207 143 46
132 54 62
159 206 82
20 171 51
151 0 49
116 37 11
115 59 11
109 26 77
18 169 91
195 169 88
203 21 67
47 201 9
3 99 1
124 73 89
108 207 46
201 165 52
150 40 79
200 207 90
134 166 57
189 88 28
183 55 71
175 190 14
123 8 95
15 194 78
135 176 48
184 51 7
182 11 76
122 50 55
133 77 28
141 166 17
149 53 11
99 111 17
33 199 23
17 98 48
190 135 38
115 87 56
36 74 78
117 194 90
69 9 43
188 46 82
103 100 93
129 165 72
138 177 82
92 4 2
198 6 48
20 46 27
207 148 60
61 105 65
206 115 66
40 191 5
115 46 77
82 41 38
1 81 78
46 84 40
168 111 65
118 149 70
46 109 13
110 30 8
76 198 10
163 168 42
7 167 80
138 70 98
55 63 33
134 98 50
123 131 37
135 203 46
203 81 24
207 25 77
7 107 51
59 205 44
166 141 43
189 84 95
132 64 6
127 67 44
0 198 21
108 49 53
172 160 68
115 110 91
166 136 80
68 155 44
54 5 92
133 8 98
101 89 85
190 80 16
107 165 18
119 6 27
168 145 100
191 92 3
28 25 32
161 204 70
132 164 33
11 145 47
167 162 17
122 25 53
190 121 47
27 34 84
65 102 48
52 128 0
55 25 28
15 149 61
171 57 99
12 126 84
86 101 92
184 191 85
69 58 77
93 113 9
86 184 97
122 61 56
123 58 10
46 154 50
15 150 64
138 77 45
188 8 12
37 45 1
62 146 21
137 31 0
109 183 0
73 96 50
126 90 58
22 13 57
89 164 59
84 79 100
142 131 5
175 180 21
70 124 56
85 59 78
35 108 95
2 22 72
62 185 42
81 123 50
65 173 16
145 83 84
185 65 15
202 179 24
3 59 1
12 70 83
142 166 21
198 115 74
10 141 81
202 156 45
134 62 91
73 82 13
13 29 31
118 52 32
129 97 29
144 160 84
103 91 64
46 194 79
41 151 32
64 169 33
55 199 3
43 143 96
125 0 98
190 31 25
110 180 85
131 100 71
80 190 85
200 36 35
108 131 51
25 149 23
29 93 10
154 199 53
167 124 51
93 62 67
178 108 22
177 37 12
205 203 28
34 35 100
80 128 32
93 204 18
33 93 11
34 128 85
5 171 76
147 44 69
139 47 74
132 192 75
140 45 48
6 63 68
147 89 48
27 145 16
30 135 44
39 168 56
106 209 88
16 19 8
27 161 53
127 202 56
98 177 82
76 207 3
4 156 3
203 151 77
71 27 75
16 32 90
171 13 6
39 98 51
77 137 98
186 84 23
184 35 59
191 175 11
18 1 42
118 11 76
83 173 45
28 144 87
51 40 30
61 22 37
16 161 85
165 86 17
84 205 99
121 155 85
132 166 29
182 151 59
149 117 24
48 178 16
126 182 29
129 185 18
109 127 79
113 156 63
201 122 36
139 167 90
121 22 28
53 62 79
105 30 4
101 119 48
114 144 44
65 83 54
5 91 83
198 129 79
165 189 83
60 0 17
125 165 87
120 197 71
86 33 36
57 169 22
53 16 67
182 38 96
11 133 21
95 36 33
168 158 83
132 108 22
89 185 73
119 98 57
127 176 47
139 39 73
12 173 16
16 111 29
46 77 62
94 109 44
148 56 52
160 86 81
170 138 35
185 117 82
123 202 71
73 124 70
189 92 30
91 99 50
88 200 55
32 196 48
23 66 57
68 3 43
41 163 87
184 85 57
62 6 32
88 94 57
101 121 49
96 143 23
10 176 44
24 61 82
68 115 14
50 162 17
57 163 4
102 48 49
9 86 73
72 54 39
65 16 70
141 189 27
32 107 39
65 2 87
167 90 63
153 201 80
1 92 26
2 131 42
183 196 66
161 172 15
17 32 63
201 15 61
72 69 86
112 196 51
194 35 7
124 75 48
183 60 74
118 184 0
7 85 91
2 163 100
64 198 65
91 48 100
34 75 44
49 205 86
82 15 29
169 84 76
180 9 46
186 70 75
191 18 42
11 199 64
21 4 58
30 170 8
105 84 37
26 93 45
177 58 23
53 71 21
23 64 55
118 106 42
43 13 5
155 24 70
4 195 78
186 55 93
137 4 64
35 16 54
115 201 83
62 40 63
92 106 1
180 173 19
144 61 8
67 173 1
30 121 19
35 161 19
208 29 40
95 181 26
94 88 18
135 70 20
31 65 28
95 190 3
129 13 0
80 192 70
190 150 93
180 190 59
148 36 43
175 131 82
196 30 29
186 57 29
130 140 7
172 197 55
87 129 61
26 156 0
32 1 96
175 189 48
31 98 34
45 186 81
184 54 76
87 42 22
173 102 43
87 61 68
95 125 23
84 92 65
16 204 42
201 113 92
189 188 54
148 90 51
33 16 96
84 13 70
108 35 7
56 103 96
101 43 2
103 163 78
77 120 45
80 54 22
83 34 71
145 144 86
189 105 12
192 96 88
87 189 79
36 23 71
27 26 4
186 182 40
4 60 25
35 134 7
90 205 18
34 89 39
20 63 66
33 125 0
165 136 97
200 39 5
209 63 54
89 208 50
128 208 43
124 181 82
185 154 90
163 91 86
117 34 68
132 16 55
146 34 71
145 29 35
58 70 30
7 70 93
186 86 88
21 5 74
115 208 80
9 117 0
56 3 26
202 80 15
14 54 91
149 135 49
92 71 72
24 97 17
175 120 95
97 128 29
52 155 28
177 88 39
72 178 71
18 84 37
41 175 58
142 186 48
108 31 43
112 5 52
174 186 68
146 147 66
63 24 26
68 117 6
167 190 97
185 8 35
194 161 18
199 28 14
52 26 100
147 96 40
43 199 70
147 185 49
95 65 95
115 183 17
146 190 72
56 71 83
54 133 15
169 110 43
50 164 35
171 133 57
149 1 79
194 97 78
173 141 82
58 163 76
182 40 0
66 127 92
174 125 82
195 7 35
145 72 33
33 60 0
206 5 44
30 36 0
141 144 77
74 98 68
49 138 12
206 46 28
186 159 7
77 163 63
79 26 100
102 97 74
5 136 96
24 170 11
200 71 7
185 152 64
24 83 81
203 41 26
191 155 47
98 13 6
74 201 95
183 161 40
24 11 30
92 176 63
74 202 100
136 195 91
56 209 96
53 85 58
201 19 23
58 159 96
205 26 3
42 43 42
180 113 27
122 153 2
161 209 72
160 126 96
59 199 41
95 154 66
89 184 83
26 140 57
192 7 20
118 110 79
80 109 78
69 27 66
70 62 3
123 149 15
133 144 100
67 143 35
184 90 42
126 55 45
190 183 23
139 135 84
198 16 22
27 68 36
10 194 78
86 123 84
76 92 7
206 142 91
6 50 35
126 146 76
58 148 49
107 182 16
58 120 4
38 186 29
158 23 44
8 2 79
176 17 8
132 174 15
9 171 21
67 198 3
182 73 17
22 57 29
62 195 60
121 55 68
36 102 45
189 70 92
22 27 49
120 98 77
47 40 76
53 20 46
180 101 60
190 54 63
173 203 71
147 48 40
23 94 17
21 129 68
175 65 11
118 176 48
103 47 71
177 144 92
146 149 63
152 117 45
207 51 21
9 45 87
181 203 64
163 58 96
204 130 64
59 170 3
145 113 69
186 200 27
11 174 23
16 179 28
192 152 97
189 159 23
7 43 71
99 177 83
7 68 49
127 43 90
1 10 62
188 96 42
25 27 94
56 14 78
84 77 22
138 131 22
27 148 25
197 190 59
175 183 60
90 47 99
139 148 79
80 21 3
67 2 8
12 17 79
169 158 97
204 186 90
9 21 90
106 168 18
180 177 89
162 168 44
19 123 23
9 24 38
51 30 57
43 146 27
203 100 54
103 161 93
132 162 21
45 98 59
139 75 93
116 7 87
154 202 6
27 162 68
124 152 41
134 152 65
163 10 15
168 77 91
142 42 11
130 31 37
49 70 50
21 39 100
113 26 17
199 203 92
12 150 31
205 1 36
91 166 94
111 130 89
44 183 20
86 112 63
87 15 96
70 21 1
85 109 20
61 50 96
83 10 40
45 17 96
122 208 78
32 0 64
9 186 18
199 61 73
75 186 67
46 93 51
68 120 80
0 190 20
27 89 57
136 79 88
158 34 80
149 183 19
109 82 20
15 93 40
72 85 18
178 194 32
48 47 55
113 139 99
77 135 92
84 137 11
87 28 56
143 16 9
190 9 0
156 100 41
108 80 66
183 103 75
67 68 11
88 75 35
101 63 17
123 126 89
56 86 21
61 37 16
8 70 32
48 147 93
72 154 46
126 102 75
166 13 32
131 164 62
75 52 19
32 80 83
109 145 28
6 74 90
43 27 79
193 58 75
43 97 36
84 177 10
14 53 21
18 22 60
71 5 25
85 17 50
99 191 36
193 19 44
155 66 3
200 94 80
186 197 42
59 26 32
193 105 38
22 70 36
183 206 53
54 191 88
143 202 35
46 45 29
125 182 55
24 151 74
40 17 40
61 11 31
50 6 34
174 34 22
147 170 46
197 151 9
100 164 72
118 122 9
112 118 83
103 192 51
203 137 8
102 68 71
133 69 93
94 72 32
196 16 39
111 156 27
19 98 8
209 180 17
38 108 81
172 131 20
96 151 35
21 166 58
103 63 20
9 41 48
94 181 49
47 200 95
97 160 13
122 38 27
144 12 3
31 62 64
99 207 91
31 188 36
86 181 95
5 27 15
153 13 43
82 94 58
200 49 57
93 28 32
168 174 40
48 164 48
170 48 96
88 144 19
80 7 36
165 200 13
132 72 73
19 83 76
85 193 88
198 209 26
30 111 24
112 81 66
127 110 24
82 109 54
91 8 93
158 139 11
173 112 50
167 184 94
186 180 6
200 41 26
36 42 55
145 12 93
147 117 100
81 26 49
159 4 86
151 36 33
154 86 84
55 54 20
143 7 23
194 120 67
99 62 39
0 13 80
8 81 36
39 17 22
110 74 83
27 189 3
203 35 26
41 148 76
170 136 10
11 141 70
148 158 4
205 124 33
70 67 65
152 176 99
12 169 29
68 152 62
51 47 51
53 184 51
106 81 34
192 52 46
8 100 53
173 156 80
102 138 72
58 96 0
118 95 100
123 190 64
18 201 10
42 155 64
209 195 8
209 97 16
51 148 95
193 169 72
124 96 92
162 171 16
179 196 40
138 76 90
208 153 34
197 146 88
197 111 11
48 49 10
195 34 70
137 155 97
79 128 72
104 161 46
169 120 51
180 80 69
69 74 97
152 42 19
98 3 86
148 64 67
138 47 66
98 151 60
191 61 48
114 13 52
193 190 97
62 67 100
5 190 82
124 62 21
110 173 43
77 37 68
53 70 72
118 72 96
105 150 80
51 124 9
107 208 80
143 150 0
172 33 48
24 101 85
103 125 89
18 154 40
208 168 33
206 132 39
61 205 13
54 28 74
159 18 55
42 44 33
60 125 75
36 26 58
6 113 99
153 39 78
34 20 90
180 13 38
24 167 84
126 116 63
131 85 76
182 202 6
84 23 100
174 188 46
189 139 33
191 172 27
105 125 100
192 208 71
101 169 62
132 7 26
14 166 92
122 100 38
171 94 17
114 57 35
194 197 91
176 125 94
64 205 20
104 130 86
41 191 31
93 98 70
116 172 79
169 182 22
76 40 38
28 61 8
10 174 48
17 82 42
4 204 75
111 140 32
181 150 59
109 140 43
92 35 1
5 100 45
197 137 95
147 105 39
64 90 41
168 160 16
165 198 7
190 159 24
132 185 64
205 140 23
139 52 16
61 28 2
209 109 13
75 199 32
97 100 15
85 132 90
201 203 72
89 23 73
189 6 18
47 139 11
48 66 95
138 159 71
48 183 10
117 4 31
70 174 90
143 121 21
108 165 35
27 45 8
161 57 70
24 32 70
29 161 63
112 10 83
108 50 43
31 92 69
24 16 5
168 129 96
200 69 73
191 113 61
52 56 61
93 26 61
107 138 28
131 188 97
164 154 85
140 11 97
19 207 44
67 113 12
135 87 15
53 203 50
85 96 36
159 64 47
55 184 98
39 120 47
164 183 13
121 167 58
186 188 16
143 25 17
12 69 35
12 28 7
121 76 37
45 51 88
20 30 5
191 1 57
1 200 72
101 105 12
161 77 37
192 190 24
63 198 46
198 138 42
186 58 79
83 30 34
168 208 1
209 31 6
60 30 86
27 46 45
49 155 90
63 108 18
137 24 3
107 20 13
138 108 50
4 44 75
92 201 47
92 147 25
45 105 53
184 135 76
67 166 83
194 0 19
65 103 97
82 93 37
87 199 27
135 12 61
22 125 89
31 109 53
202 115 32
93 81 56
56 110 40
147 101 79
112 8 41
2 188 62
100 116 95
47 28 99
51 18 50
20 186 19
70 94 34
7 151 48
125 123 76
22 112 82
72 146 83
58 94 29
7 19 95
63 13 44
193 26 33
119 193 62
184 56 79
180 73 40
147 207 8
181 70 100
177 97 31
53 136 17
47 65 60
99 150 76
204 208 73
105 46 7
170 195 74
189 149 65
34 176 23
74 170 19
204 23 26
51 206 95
59 184 82
23 121 21
131 154 18
118 91 52
3 122 89
48 52 37
77 62 87
42 40 59
81 206 84
6 163 92
23 54 15
46 66 30
84 70 23
128 18 84
190 107 65
45 80 75
128 82 63
120 93 74
42 194 21
42 21 71
188 79 11
149 207 55
89 7 16
134 22 63
202 22 22
13 17 4
81 62 60
110 83 59
92 153 66
46 81 91
4 118 35
98 141 21
199 77 97
115 65 59
140 154 18
110 49 4
65 163 4
102 84 32
158 181 66
176 5 97
4 193 3
136 110 93
87 119 17
155 72 78
137 147 6
175 141 65
88 112 49
28 117 60
100 26 19
16 79 5
63 3 6
145 159 29
81 169 13
194 195 34
86 168 78
94 59 67
114 186 33
13 64 64
73 108 18
101 91 52
188 138 92
193 59 30
116 38 97
50 111 4
98 77 84
139 46 8
94 83 5
0 165 48
75 182 19
56 204 59
84 173 36
98 35 94
29 141 16
201 30 21
145 109 72
124 139 30
31 19 7
140 155 15
4 183 20
89 18 31
27 137 45
189 93 42
31 1 6
1 178 10
22 109 35
154 1 70
60 81 2
116 141 31
5 22 27
46 50 8
59 148 33
81 133 87
7 20 23
152 57 20
147 100 7
55 29 95
43 81 20
101 78 69
73 59 81
26 61 54
137 146 17
55 167 53
172 82 36
121 183 0
52 116 46
179 103 33
75 78 36
82 130 29
120 158 55
162 90 30
22 102 56
48 149 96
150 42 68
77 85 53
97 43 41
127 206 77
14 88 75
169 77 78
6 53 29
131 11 55
197 145 3
93 154 74
165 46 84
76 171 77
32 88 67
105 0 75
104 41 25
172 58 68
65 172 90
38 113 76
54 195 63
141 93 29
140 42 63
40 37 68
128 138 50
158 103 95
128 51 82
2 49 58
70 106 45
48 0 79
172 53 19
190 37 92
202 11 87
77 81 68
57 4 26
183 68 33
193 78 40
133 50 80
48 41 53
179 138 54
2 98 54
53 173 100
192 168 5
200 30 75
77 18 25
159 48 61
197 139 6
162 119 83
146 102 66
188 169 16
95 104 71
102 162 41
83 207 13
11 134 100
6 161 39
13 45 59
59 27 50
207 163 25
69 56 57
103 44 96
149 198 30
120 62 23
81 104 46
199 127 19
1 68 85
166 23 62
154 23 89
86 29 42
124 110 28
205 3 16
23 31 5
63 180 73
174 84 100
93 7 58
78 6 88
133 55 22
70 149 92
123 92 34
31 8 4
167 186 89
100 161 28
135 115 40
178 38 90
204 11 47
164 11 25
168 146 57
65 55 16
102 123 75
114 191 32
66 7 17
101 47 12
103 18 42
55 165 42
25 165 10
10 28 82
175 205 69
97 170 88
206 106 43
135 98 68
160 155 98
27 25 65
202 124 63
15 67 16
93 101 99
39 131 8
130 69 17
111 11 87
2 33 8
189 194 48
45 190 27
5 160 90
121 195 62
184 193 92
77 86 44
141 180 51
129 44 97
161 99 57
85 63 81
57 126 52
209 46 38
81 14 5
37 119 43
73 86 6
98 124 18
37 43 65
182 205 78
130 164 72
133 115 4
121 48 74
74 154 73
42 193 28
143 111 53
97 193 39
114 86 67
163 45 76
203 105 56
74 149 75
19 84 38
177 6 62
115 173 52
20 5 82
32 73 63
46 190 43
97 183 56
75 201 7
170 63 33
166 189 85
106 162 55
3 0 45
77 40 15
62 165 61
17 45 29
30 202 80
13 145 55
129 1 22
196 189 100
6 25 12
50 181 47
107 30 63
207 177 71
34 184 88
49 200 32
28 183 71
43 112 18
18 175 58
30 196 60
24 192 32
179 11 41
86 4 72
191 8 1
82 198 86
48 167 95
80 41 61
133 109 73
100 183 41
68 1 52
23 159 64
130 59 6
177 171 59
184 6 71
42 186 96
24 14 86
7 27 74
62 141 56
142 16 49
173 34 23
38 8 67
15 111 95
32 14 52
58 10 64
161 181 72
53 91 19
26 45 99
55 28 70
103 115 47
44 155 31
52 121 85
181 202 15
207 2 82
147 11 8
29 73 83
94 5 21
9 15 39
85 12 97
169 195 51
133 173 59
43 144 5
205 73 82
205 44 90
21 199 66
193 112 85
16 206 23
111 207 57
59 203 89
126 104 57
160 95 22
172 61 95
70 193 52
102 119 43
138 179 12
35 156 70
158 84 84
138 62 69
196 109 84
19 114 16
111 14 75
145 189 38
196 53 60
57 195 23
173 32 82
56 165 42
0 167 3
21 73 13
29 174 90
93 167 72
164 171 1
183 84 53
119 11 12
47 108 86
104 56 82
33 109 15
12 90 47
91 119 78
151 2 83
73 127 62
107 22 26
163 16 37
69 140 64
143 13 54
183 45 72
26 84 28
196 10 98
65 5 37
95 84 46
17 66 61
184 141 36
99 21 77
184 162 61
100 52 37
66 68 69
97 63 84
143 59 88
95 198 22
111 73 71
81 145 62
167 83 0
153 170 4
66 9 4
87 26 37
134 179 96
120 144 79
61 81 79
41 206 6
81 79 43
73 60 84
69 28 15
69 194 93
59 208 86
85 168 33
175 137 97
87 73 44
43 74 53
124 178 12
114 36 88
21 197 35
145 26 44
159 199 91
39 34 6
168 207 96
196 158 21
114 110 29
159 194 37
56 104 98
1 192 21
128 122 60
121 156 36
207 93 96
160 31 34
167 113 56
103 79 31
121 69 34
111 199 81
110 163 16
199 183 40
54 96 34
31 95 55
190 181 1
80 135 46
199 130 78
107 151 95
166 130 0
77 28 91
167 7 73
8 165 80
151 70 54
75 125 16
98 7 40
144 168 9
36 148 33
24 98 56
25 90 60
123 40 66
122 158 18
103 107 30
114 94 35
176 170 23
147 36 4
1 146 62
137 119 97
81 46 7
177 24 66
11 80 80
30 127 82
47 119 99
4 55 75
201 28 45
123 80 4
166 201 5
35 103 55
96 99 41
138 68 97
117 172 59
189 51 21
115 1 66
117 184 3
102 41 31
153 118 86
123 105 86
158 41 3
51 80 2
29 177 80
138 104 90
94 160 42
122 21 65
195 194 60
78 7 39
176 143 99
160 178 51
33 70 75
52 138 11
117 45 43
67 156 9
77 131 2
111 85 74
68 125 98
80 4 87
47 1 42
145 198 58
8 86 99
180 169 12
65 148 37
129 41 67
40 14 7
176 105 35
175 62 89
50 2 43
158 163 37
31 79 22
26 23 90
7 95 23
11 113 5
208 82 29
78 83 83
76 124 51
142 170 44
46 162 30
18 181 84
73 185 91
57 75 78
124 206 72
60 168 65
197 3 2
154 189 76
208 188 26
83 26 37
182 169 50
110 194 10
71 53 98
103 167 17
57 7 7
37 116 8
190 144 13
92 117 67
123 70 18
106 115 41
122 146 31
45 184 90
90 85 94
167 81 62
172 140 37
4 189 0
188 88 51
37 50 8
104 116 25
136 192 96
205 96 27
90 138 47
33 44 28
152 196 25
147 1 27
176 190 8
197 37 95
72 53 25
3 175 91
129 115 31
201 29 70
55 142 43
49 82 78
105 63 22
182 31 37
51 194 43
113 6 53
199 119 28
31 43 76
132 31 38
181 204 84
84 184 61
17 142 36
72 100 64
44 116 93
66 142 93
31 67 32
64 194 49
71 156 63
51 69 73
158 85 13
43 113 36
37 55 67
184 46 67
54 198 5
158 68 52
188 126 36
85 21 61
83 67 71
94 127 49
65 6 83
35 124 74
202 191 87
22 185 50
133 53 55
191 166 42
88 184 73
199 18 5
177 137 26
56 63 16
146 15 74
51 144 44
68 151 37
39 15 88
28 102 45
4 196 75
204 193 78
86 54 56
206 73 71
141 190 33
65 183 61
120 31 63
188 153 57
141 77 19
22 42 35
63 117 94
37 172 57
30 140 41
174 136 49
12 85 96
53 201 28
198 120 62
65 30 89
36 60 72
152 163 26
177 123 89
169 193 13
99 100 56
5 191 25
134 47 58
119 3 99
73 102 48
76 178 87
99 131 33
0 143 3
80 118 86
152 81 16
176 154 3
58 160 2
69 135 80
169 18 8
43 71 61
101 159 55
134 88 67
152 36 74
85 87 37
65 62 87
144 112 40
26 129 24
194 203 24
121 138 25
122 12 84
98 150 14
89 196 19
105 118 70
162 49 87
130 38 40
143 145 99
7 186 91
42 173 54
127 200 72
122 160 73
8 3 46
136 98 97
26 54 74
206 159 15
37 135 47
129 113 96
149 83 84
28 58 92
15 13 51
124 14 84
20 56 61
94 29 6
120 85 13
159 134 73
177 145 90
161 67 31
19 13 100
134 76 5
10 78 89
68 123 40
26 81 28
53 111 41
60 5 100
108 146 16
52 92 89
84 186 73
92 16 65
84 31 47
166 71 16
167 196 51
199 38 42
53 138 25
173 100 96
170 13 22
43 115 32
36 110 76
74 199 37
18 78 58
129 45 77
121 125 39
128 74 43
166 209 55
113 42 8
67 57 35
127 99 7
17 9 9
118 80 44
100 172 39
70 84 100
170 4 75
152 148 5
28 108 18
166 55 86
78 170 33
134 195 55
71 140 69
60 129 32
84 59 64
35 115 13
153 87 31
206 36 90
189 191 88
147 99 7
19 166 6
138 111 76
128 143 98
55 44 62
190 67 47
124 165 55
82 173 40
38 202 83
144 41 52
2 116 45
151 120 13
17 64 77
202 42 19
195 25 33
89 22 50
179 164 68
124 158 25
127 93 47
67 137 62
163 195 74
37 153 38
178 191 20
182 29 22
86 52 36
1 6 38
92 165 36
180 170 41
47 36 82
134 97 8
70 43 6
198 193 38
86 199 29
104 19 87
86 7 41
19 50 10
133 30 70
156 84 25
143 194 62
38 12 27
136 125 46
46 30 48
73 117 30
39 97 59
208 207 59
25 83 93
77 161 38
91 59 68
120 61 100
43 148 81
104 163 27
159 132 84
168 34 80
200 87 57
69 48 61
205 196 1
47 41 74
167 42 61
17 16 6
33 208 78
203 148 48
81 113 59
5 174 92
135 53 77
19 76 33
99 171 28
0 131 69
197 57 92
143 83 26
151 4 6
22 100 98
2 181 59
88 177 81
115 5 77
123 120 58
191 68 42
48 151 3
192 156 72
133 54 82
46 86 36
202 117 17
178 106 5
194 158 50
196 31 32
120 195 20
54 48 10
209 168 3
135 104 74
50 0 83
97 93 90
87 151 82
41 43 80
13 25 2
37 181 57
94 208 16
156 169 2
9 159 43
198 32 64
150 203 58
17 145 51
72 80 22
178 18 10
12 99 7
20 192 42
5 11 17
96 82 79
42 66 49
35 195 79
51 103 43
126 120 67
32 27 77
39 144 95
123 57 62
197 165 55
83 124 31
40 206 10
140 198 31
115 205 52
104 35 33
97 142 18
16 121 87
54 188 28
190 188 36
185 164 66
155 50 10
22 30 10
106 33 90
163 52 14
102 19 45
177 77 99
34 139 45
112 101 5
174 112 37
189 5 28
3 183 92
206 55 85
160 116 19
75 81 65
131 69 5
114 209 99
79 73 30
70 117 50
150 209 45
58 59 90
62 196 12
204 61 63
121 23 27
80 146 37
142 39 92
21 1 46
128 16 22
154 80 90
13 129 88
13 202 4
207 15 69
104 105 76
89 91 26
9 19 90
120 173 29
78 68 39
124 194 86
175 103 34
193 106 76
100 20 30
94 95 66
178 20 33
75 33 85
156 179 86
58 44 19
82 110 84
51 117 86
96 12 55
192 166 53
98 30 82
156 67 28
152 121 59
194 28 90
0 45 11
108 189 85
13 137 34
201 94 23
58 42 51
196 125 32
133 108 17
24 138 31
84 88 44
1 70 24
154 32 75
3 180 90
4 170 35
203 19 16
170 183 40
69 88 40
162 38 57
0 119 10
96 56 57
28 31 100
123 168 72
92 36 97
185 189 21
30 4 10
119 24 82
76 32 46
201 11 76
165 72 68
9 152 87
148 4 43
59 50 70
64 148 27
1 65 28
176 44 94
207 38 49
61 106 14
74 4 44
144 10 74
77 153 28
126 193 52
160 134 52
67 33 9
190 115 87
95 136 49
160 68 41
185 89 68
146 169 65
164 45 93
143 2 16
171 115 30
169 13 50
79 163 82
168 60 42
161 52 71
12 134 32
16 201 100
40 90 35
42 45 10
122 189 85
50 74 36
54 156 26
166 146 74
189 176 66
23 83 78
53 139 19
122 132 16
162 117 53
169 161 2
20 40 34
11 38 50
49 24 88
27 188 46
194 183 29
181 169 56
195 117 31
45 203 90
192 122 72
207 181 65
162 7 99
136 33 23
174 86 83
127 70 28
47 170 57
143 18 60
39 195 59
51 37 63
65 37 32
104 205 83
3 81 36
25 0 64
57 36 80
79 13 96
88 151 56
7 144 2
70 102 60
18 129 5
38 122 41
128 55 43
199 112 72
184 97 100
148 10 40
153 132 4
115 22 51
59 15 41
188 173 73
204 205 60
20 125 70
51 130 60
22 194 86
99 161 100
118 15 55
84 49 28
173 58 63
162 91 58
127 169 91
161 102 7
32 203 66
109 182 64
113 9 10
19 183 94
204 88 55
204 141 82
93 111 79
161 92 92
43 44 82
81 47 4
38 195 98
205 47 96
61 55 27
80 30 48
40 79 73
184 32 41
89 127 56
82 114 48
153 97 9
165 71 10
150 126 3
74 136 97
188 50 44
4 46 61
173 42 21
189 89 75
116 163 33
141 138 47
81 108 100
64 9 3
164 90 39
153 26 52
207 49 9
46 107 21
33 176 4
121 143 25
13 152 59
122 90 49
137 46 12
51 93 34
185 174 2
185 153 82
119 10 16
76 69 22
76 142 68
197 193 69
184 12 69
57 170 40
66 76 88
107 3 79
51 185 99
192 112 59
185 19 100
165 123 78
105 117 83
55 94 55
199 188 46
147 26 31
163 90 1
100 0 87
80 69 7
144 48 4
108 178 2
121 24 91
196 149 95
123 69 100
46 103 9
96 191 38
110 50 17
181 114 15
2 27 0
56 124 69
99 72 0
79 133 54
162 137 8
56 62 71
80 57 9
69 7 48
183 93 8
131 145 0
189 204 69
131 198 76
150 27 55
144 186 15
130 39 79
64 69 5
100 193 26
56 188 22
98 131 10
170 44 82
149 78 72
155 183 52
19 199 45
102 98 4
88 52 29
59 176 20
12 135 67
141 72 21
12 53 100
119 181 91
3 105 31
19 103 34
85 114 56
209 16 85
163 78 94
54 106 84
109 111 48
124 108 40
116 133 10
97 99 67
43 203 75
160 118 55
19 105 16
3 168 57
29 8 70
161 94 99
36 129 77
191 131 38
13 174 95
140 174 82
176 197 45
158 29 49
182 53 45
58 177 0
28 101 37
53 102 35
198 22 57
110 63 96
165 143 89
207 119 22
86 48 89
59 191 40
10 105 38
32 96 90
168 171 79
29 84 58
109 118 58
29 109 41
144 78 22
200 97 99
51 147 87
127 154 29
154 147 100
169 97 39
92 125 62
204 203 34
145 207 63
148 22 81
67 129 17
151 106 22
143 181 42
76 24 65
186 166 10
138 154 13
4 113 81
155 119 61
92 2 95
131 121 54
7 71 5
121 193 46
139 90 100
14 50 56
193 153 81
172 52 86
161 165 4
59 9 36
55 3 4
25 186 75
87 80 72
197 128 30
20 89 28
13 127 63
204 71 68
41 145 68
117 120 86
151 121 9
48 98 25
206 196 28
43 100 47
21 61 3
31 195 86
46 90 73
37 22 38
169 191 21
1 0 2
83 136 19
197 114 67
156 5 86
122 144 3
88 119 29
108 130 59
162 100 74
70 202 51
182 79 17
72 113 20
181 158 96
114 75 0
172 130 20
41 24 65
3 6 99
36 164 83
88 156 2
98 154 8
52 96 50
184 40 66
207 66 0
180 175 8
133 128 94
145 5 27
170 3 78
155 127 47
33 196 52
55 198 11
56 96 75
137 200 61
42 18 62
83 145 57
101 8 1
8 87 11
24 146 9
52 163 69
49 156 6
129 169 91
46 138 59
108 185 93
56 175 99
76 164 21
26 11 18
42 174 59
162 57 55
75 117 38
63 116 62
189 171 17
107 27 30
76 18 87
30 91 34
182 20 94
36 100 80
142 103 49
127 129 92
101 170 22
126 154 67
72 27 15
110 73 56
17 133 75
177 130 83
141 128 53
11 87 18
37 91 45
168 68 18
139 31 85
16 190 11
80 167 56
162 52 28
185 190 17
36 135 38
136 13 50
120 148 84
185 148 6
208 97 42
138 125 85
60 18 37
10 25 64
155 196 50
75 115 63
82 139 4
140 4 12
159 156 61
63 103 78
82 162 99
90 201 20
59 8 88
174 119 64
57 106 34
44 119 83
135 124 44
136 149 24
28 197 72
94 67 88
99 164 87
172 127 46
35 136 98
111 20 90
178 86 10
149 0 36
177 21 49
192 74 10
134 182 2
19 88 50
173 114 82
146 84 78
45 67 84
70 197 92
40 83 90
61 177 1
80 103 51
78 58 36
67 127 57
47 74 72
10 102 84
13 108 65
57 54 91
125 200 5
97 52 54
13 121 99
147 84 19
201 145 83
87 146 89
131 181 99
9 7 65
73 64 82
72 18 49
180 61 48
25 106 72
61 0 39
160 17 7
134 193 70
149 182 24
197 203 73
179 125 71
15 92 55
20 48 78
90 2 98
20 99 96
67 9 13
120 103 40
165 88 83
5 45 63
71 134 37
82 115 96
149 146 97
176 56 84
40 68 54
27 8 46
188 179 15
113 73 73
104 28 75
90 181 5
151 65 23
64 80 18
116 165 63
26 16 15
48 115 20
166 154 3
170 141 4
89 190 52
75 36 75
6 51 84
47 114 0
170 102 81
8 111 50
171 102 79
93 178 34
66 23 21
126 125 3
78 127 53
202 108 43
153 160 80
66 158 57
176 130 59
2 80 97
123 84 39
10 190 79
123 107 99
206 116 19
181 10 64
89 43 43
56 66 47
3 197 17
119 89 56
7 134 63
105 197 25
110 207 21
169 132 89
20 200 74
100 124 60
129 193 98
23 141 82
79 131 40
32 61 65
63 8 100
140 29 83
186 136 63
207 87 75
202 63 7
113 56 60
15 208 23
47 180 61
61 65 64
125 19 94
202 162 39
136 120 69
70 170 78
192 19 27
137 69 54
6 134 76
101 107 68
150 185 76
151 90 13
37 205 48
197 7 93
59 165 92
162 9 13
34 199 87
2 3 12
152 182 33
74 172 28
133 188 9
22 31 24
25 177 93
153 164 78
133 152 70
142 155 81
143 97 22
130 68 94
66 56 25
106 55 63
175 59 33
132 89 10
161 199 62
63 109 8
174 148 4
73 170 96
163 59 19
123 44 26
65 101 18
16 203 65
104 18 19
148 205 19
174 75 35
20 110 87
142 115 50
40 170 21
82 20 94
73 207 20
163 184 25
206 148 51
128 9 84
77 79 57
0 208 24
107 81 14
192 60 63
181 109 8
154 166 8
174 146 13
159 96 94
40 207 80
52 115 54
74 105 77
60 148 77
4 142 1
145 75 31
65 199 15
101 28 87
77 138 5
10 9 92
17 99 17
39 192 92
13 208 3
160 82 13
151 164 28
152 21 18
188 71 39
128 4 17
36 158 10
28 73 91
189 45 23
161 65 23
122 48 84
161 45 76
60 209 17
173 178 52
81 16 44
175 22 11
153 169 54
103 9 32
44 16 20
30 48 48
167 59 45
166 26 77
173 184 57
180 69 23
149 64 3
118 63 14
204 50 10
33 28 43
159 174 11
207 56 16
33 89 84
163 35 77
32 83 60
29 74 64
121 2 53
8 172 42
78 20 36
84 47 93
2 102 95
130 27 81
159 34 44
59 127 89
47 115 52
121 37 61
97 4 68
133 80 18
31 193 46
75 69 43
148 100 12
78 9 43
113 122 57
51 45 58
103 208 59
131 179 57
170 25 31
184 127 52
158 89 66
135 108 1
46 110 36
37 40 59
88 123 22
191 88 51
2 183 7
171 35 39
25 113 28
89 69 87
107 116 67
98 80 6
156 115 27
164 151 66
54 160 2
107 70 74
42 126 23
202 189 27
128 165 81
189 168 89
152 108 90
1 106 77
91 90 45
2 206 50
39 154 13
122 51 3
59 95 53
108 171 26
18 107 81
42 149 38
121 160 41
100 4 27
197 15 56
31 76 43
188 3 83
156 49 88
86 39 57
177 133 21
71 109 92
43 124 60
44 76 37
58 195 17
76 115 79
164 89 82
25 175 72
20 75 53
57 138 86
111 83 10
95 20 41
74 111 15
190 158 4
174 92 15
104 48 22
26 197 94
102 81 87
42 136 68
52 57 80
181 92 97
163 165 18
166 174 81
161 119 79
35 66 38
167 209 3
81 5 93
82 194 88
80 22 39
205 134 58
204 185 49
54 141 30
90 42 26
23 2 21
106 17 42
61 164 34
13 131 71
27 50 61
139 19 51
189 182 48
132 59 67
14 173 71
111 125 40
62 175 14
2 86 69
141 118 43
143 205 69
9 80 44
152 32 14
47 71 12
137 83 37
124 118 30
107 66 15
143 31 34
137 2 47
179 114 58
180 128 76
126 82 71
82 201 51
33 39 89
126 70 18
138 124 84
30 134 18
183 121 31
182 194 44
91 63 10
14 131 40
7 208 34
24 186 1
39 89 74
155 77 62
156 117 0
3 103 88
57 49 98
113 12 8
83 104 97
194 51 40
203 78 88
140 201 51
172 198 20
116 154 53
177 114 17
144 14 48
136 150 89
132 27 73
169 74 86
84 52 16
12 163 2
10 47 97
179 49 100
150 64 19
103 202 44
169 11 95
142 183 67
12 27 37
54 121 20
110 70 97
146 24 12
103 185 65
183 159 79
3 207 33
89 3 2
0 64 63
8 204 72
115 194 99
195 202 86
104 23 97
7 120 36
3 96 90
67 23 60
151 22 73
196 76 71
159 128 36
28 68 32
89 58 47
122 31 31
45 26 23
4 143 7
200 178 59
33 194 95
147 156 31
113 4 22
63 20 61
23 201 53
173 7 89
183 46 57
98 107 25
11 2 4
86 23 8
171 124 88
195 108 71
133 75 83
161 21 17
9 163 93
192 162 38
11 42 91
66 2 100
35 58 83
197 115 97
160 90 4
108 30 87
37 20 38
189 146 23
5 168 5
51 91 51
134 138 38
66 40 20
191 34 60
24 145 57
88 102 5
114 63 10
34 172 37
137 12 32
165 117 69
35 167 84
129 155 84
155 34 46
170 204 97
4 104 49
198 116 12
127 94 56
28 150 4
5 70 40
154 71 96
81 97 43
38 79 43
130 53 55
155 15 98
17 172 55
130 63 34
3 158 41
69 161 79
182 74 88
184 109 76
100 105 100
93 78 3
104 102 72
14 64 87
169 91 45
207 55 24
156 43 22
17 147 22
172 49 52
71 159 53
1 97 100
173 61 39
196 132 25
5 141 21
205 5 22
24 9 70
92 3 59
150 195 10
130 89 40
119 96 97
107 6 92
133 117 26
127 29 48
184 151 23
199 3 41
59 17 97
51 112 7
17 69 34
89 169 83
11 144 49
106 122 77
22 156 40
174 67 87
75 15 33
31 147 72
105 103 39
129 175 59
44 145 76
40 201 56
160 34 70
95 180 67
40 54 21
98 126 40
32 76 46
23 88 92
135 118 57
13 74 71
149 145 100
159 185 4
197 126 11
204 45 18
125 163 10
151 159 60
14 183 2
178 62 2
46 117 29
173 163 51
182 122 100
57 167 99
63 61 37
77 24 35
118 102 36
102 57 56
102 54 51
111 164 34
135 127 86
8 10 24
22 196 35
41 11 56
84 61 86
99 26 69
149 32 88
12 121 66
175 4 32
69 117 53
108 26 27
88 93 36
26 88 100
98 84 89
176 21 39
48 23 2
8 79 60
32 118 27
131 177 18
80 48 47
30 22 72
132 36 85
54 122 19
113 107 63
109 115 71
118 78 34
89 71 27
44 201 44
13 143 62
122 73 62
127 64 21
180 205 79
106 14 76
94 106 18
37 15 62
20 202 77
208 28 4
188 204 3
119 122 82
123 81 80
195 142 41
7 86 72
54 27 90
192 29 99
33 127 83
142 151 10
64 149 38
81 204 38
61 111 39
142 59 83
166 118 6
163 51 2
145 208 32
39 73 21
185 48 76
128 44 17
17 22 23
193 160 99
52 185 80
159 15 67
136 53 7
133 94 48
99 202 80
63 43 30
172 122 71
89 128 23
71 178 12
112 124 75
11 25 74
34 192 25
174 116 98
166 74 75
109 46 61
32 54 16
16 163 60
45 104 39
47 78 63
136 42 90
189 162 64
69 121 29
60 201 19
182 22 73
93 145 92
177 44 12
29 6 30
68 124 19
144 43 75
42 58 58
194 125 46
39 37 96
164 83 76
61 116 90
75 116 41
81 203 17
131 95 48
77 42 5
109 121 76
131 81 3
182 103 77
23 192 78
11 189 76
141 170 43
75 143 95
96 45 4
79 183 13
80 166 71
178 182 59
209 60 28
133 168 37
133 120 5
0 126 71
191 73 48
87 46 42
114 120 55
191 32 95
99 206 35
209 134 100
25 63 2
143 158 7
71 179 76
105 122 8
92 192 64
194 36 98
127 166 90
32 69 82
67 126 39
52 73 14
153 68 59
150 80 34
30 112 62
37 121 10
12 136 14
23 170 91
169 163 32
204 80 84
37 74 59
143 21 89
91 53 34
179 66 59
107 127 1
2 94 53
97 71 22
144 184 64
91 113 57
186 150 73
205 152 88
34 32 100
50 105 33
120 133 97
118 152 55
102 151 71
168 46 81
82 28 69
103 29 47
176 98 84
193 10 21
208 115 60
135 66 32
98 117 34
18 108 89
32 104 64
185 73 91
26 37 15
196 111 76
25 144 11
14 62 88
21 191 67
81 180 94
19 128 10
93 95 87
17 159 34
172 81 14
163 123 15
5 78 22
30 184 51
63 62 85
57 159 86
14 162 63
57 16 56
155 73 63
19 44 44
133 45 97
71 26 100
154 123 54
206 203 19
97 75 41
180 33 48
9 29 58
11 51 65
193 82 30
100 133 66
119 27 32
182 181 12
163 68 35
21 7 81
107 56 59
12 200 85
75 159 84
151 158 0
111 90 99
18 131 88
92 60 68
131 139 50
200 106 13
143 128 21
93 190 67
139 123 46
69 126 12
148 127 41
167 208 10
177 196 8
87 207 26
7 57 14
120 44 90
138 206 12
149 204 26
92 159 56
22 204 10
150 119 91
132 26 15
41 147 31
200 134 76
44 108 9
192 172 72
80 47 39
144 57 99
104 30 47
33 49 47
22 43 49
98 161 71
40 85 72
199 71 3
182 156 66
74 142 94
6 38 8
104 57 51
144 204 52
164 155 80
18 134 76
79 46 64
196 85 33
163 182 35
154 159 41
74 42 75
114 82 34
107 160 1
98 125 24
79 125 39
21 149 65
21 194 11
36 120 2
75 31 74
6 182 98
130 79 2
88 174 65
158 78 11
4 155 11
100 10 83
48 22 45
58 138 84
0 34 75
84 64 81
33 56 18
80 168 93
167 166 49
50 28 37
106 143 30
163 105 91
63 59 87
17 122 12
20 158 66
83 166 70
117 145 89
19 164 97
161 207 93
23 52 24
208 46 78
96 95 99
173 154 92
192 35 70
175 204 86
171 103 68
99 167 69
178 100 38
63 21 44
60 105 99
118 60 75
110 117 14
146 17 63
188 108 53
20 47 8
68 118 100
130 21 47
105 131 16
32 160 96
116 131 52
25 125 69
158 102 54
148 24 49
95 170 42
1 46 52
9 2 83
46 120 18
162 192 75
67 193 88
173 29 47
150 112 4
103 145 0
86 6 75
23 44 34
154 27 19
117 3 28
144 209 94
144 108 61
69 104 32
134 151 16
167 126 99
77 29 87
88 54 5
185 165 70
180 200 48
119 106 71
134 191 20
96 147 89
25 102 70
39 206 18
99 183 2
64 59 75
121 139 99
15 142 5
28 136 100
33 191 7
171 29 86
51 109 90
59 201 11
90 184 67
120 88 48
199 193 41
34 197 99
93 159 60
59 63 46
75 17 36
155 180 60
136 194 93
45 201 34
45 196 19
84 160 72
40 118 17
140 62 100
42 27 25
45 84 48
28 163 25
55 196 91
93 8 28
153 137 77
21 126 42
113 15 20
122 145 51
61 96 44
25 84 61
2 144 98
103 207 38
207 60 19
39 142 44
190 151 41
9 141 28
207 84 79
156 111 57
153 70 72
107 97 37
134 19 14
182 50 98
67 191 25
64 87 74
159 121 37
147 161 98
33 110 7
84 48 71
66 191 13
202 101 91
131 59 4
199 29 96
74 118 73
195 33 73
207 82 44
23 109 69
79 30 81
38 66 66
138 36 50
128 99 86
29 201 96
51 68 84
99 81 85
180 129 72
90 182 100
76 19 35
196 169 65
88 59 69
153 66 93
107 60 25
33 77 18
193 25 99
170 105 21
45 118 97
122 196 39
19 54 49
36 156 10
61 183 41
133 106 66
43 26 62
200 50 87
163 85 90
78 93 26
178 37 14
79 149 37
184 81 27
135 170 69
182 137 13
192 106 38
17 83 19
151 49 51
102 38 86
74 198 5
150 207 51
53 7 33
42 147 38
137 23 22
153 190 26
24 137 72
130 9 79
175 154 8
28 38 73
180 195 83
76 172 86
117 100 26
2 5 30
81 148 15
109 184 58
124 208 67
0 91 80
154 178 55
7 201 60
166 32 59
75 84 32
100 209 76
132 4 51
204 111 41
59 84 89
45 202 46
168 1 39
160 58 16
20 72 79
102 136 34
41 115 86
25 69 19
194 199 45
39 68 1
30 163 5
44 94 72
21 106 65
123 45 6
209 128 59
82 200 50
62 2 15
83 110 89
83 9 92
57 66 28
6 30 78
143 9 89
87 8 54
47 66 23
17 92 57
22 175 49
164 15 11
128 203 28
209 151 73
202 148 85
39 61 46
45 151 51
1 137 32
109 203 98
102 33 33
13 203 65
188 87 83
65 119 56
33 206 39
200 52 12
86 38 64
141 99 84
62 142 59
188 62 5
140 196 18
189 53 97
6 39 73
67 121 51
148 21 91
185 193 80
1 188 25
50 51 74
98 79 21
107 65 70
13 141 7
108 101 48
2 169 94
39 70 36
189 49 39
93 54 15
180 131 35
10 132 83
111 49 36
44 175 86
86 51 2
18 99 59
45 195 8
129 204 60
132 122 3
142 106 24
137 166 17
151 41 20
43 125 74
205 175 51
144 177 33
180 51 30
73 48 89
206 22 20
178 29 2
2 1 62
127 155 5
150 107 34
33 55 24
9 31 89
127 49 42
117 110 0
148 17 9
110 100 31
23 169 72
14 138 73
167 32 55
155 114 60
152 77 7
136 176 87
7 154 71
10 127 21
10 73 98
67 202 86
19 169 52
134 43 48
56 101 27
30 9 29
10 142 24
196 167 80
158 146 91
34 101 94
38 123 86
200 3 84
56 164 28
46 170 18
208 30 53
42 133 18
150 170 100
179 52 39
43 55 43
206 190 1
13 98 7
46 68 56
124 91 66
165 159 100
176 79 46
110 166 93
71 163 13
143 208 0
158 39 52
44 14 25
130 150 75
53 132 99
97 108 9
96 22 5
104 135 74
123 162 45
126 6 84
24 155 63
97 14 69
76 93 42
63 142 76
11 26 91
1 9 8
73 209 87
52 182 80
157 113 17
157 188 57
157 50 88
157 71 44
157 101 64
157 69 25
157 111 54
157 194 57
157 88 22
157 64 95
157 33 95
157 176 3
157 202 45
157 129 26
157 30 5
157 117 5
157 199 19
157 165 1
157 138 67
157 36 34
157 58 33
157 160 13
157 6 92
157 15 75
157 100 81
157 191 80
157 102 61
157 164 71
157 168 76
157 180 65
157 146 88
157 16 75
157 32 60
1 187 88
2 187 31
6 187 49
13 187 100
15 187 34
18 187 43
20 187 55
52 187 57
63 187 44
65 187 84
68 187 6
71 187 6
72 187 33
73 187 81
74 187 17
75 187 17
77 187 55
81 187 54
90 187 43
97 187 73
102 187 31
103 187 97
104 187 37
105 187 30
123 187 55
127 187 42
128 187 77
132 187 35
136 187 51
149 187 40
152 187 88
162 187 84
166 187 71
167 187 73
170 187 32
188 187 62
190 187 1
199 187 4
