61
88
136 135 17
92 147 3
45 76 89
53 98 0
8 55 4
48 128 55
72 98 4
77 49 12
130 108 31
112 19 3
13 53 41
133 58 34
33 40 15
93 128 81
43 46 11
131 98 81
107 129 67
126 63 76
121 22 59
146 119 69
124 143 14
4 10 43
56 108 95
15 130 0
73 102 2
133 123 98
73 135 16
139 40 9
89 136 45
65 112 98
62 105 85
7 2 97
104 17 71
64 132 62
138 115 7
92 10 33
121 140 71
71 113 70
5 28 8
1 15 29
26 140 58
79 42 43
13 76 43
128 98 87
108 9 77
125 8 52
91 85 68
77 76 83
51 143 100
2 70 94
126 43 100
37 103 44
118 5 68
13 73 94
80 41 15
115 131 3
111 73 48
33 139 47
18 70 16
3 52 63
127 48 46
46 121 33
134 6 79
149 147 71
98 111 35
29 123 16
38 66 88
24 78 41
57 128 99
107 0 58
42 45 76
21 70 37
84 37 34
2 137 39
16 122 20
102 128 92
115 31 15
91 31 70
101 30 21
127 58 28
104 52 20
95 100 95
22 46 14
148 125 52
142 146 7
15 86 29
75 4 6
105 134 96
28 100 57
96 101 77
18 29 88
52 114 4
120 119 15
98 25 18
33 70 93
136 113 48
81 102 78
30 24 66
1 34 86
11 56 18
23 108 70
29 134 52
105 121 62
34 112 17
16 124 21
3 45 4
66 101 54
67 38 52
51 134 86
133 103 43
2 43 44
137 37 95
92 116 69
37 54 59
8 51 85
135 78 4
14 71 20
123 13 26
48 12 65
59 124 74
113 110 70
11 27 69
21 74 33
23 99 51
40 122 23
100 47 28
143 127 56
65 26 56
10 125 57
78 7 80
72 101 42
147 1 82
4 78 37
2 66 88
19 138 94
25 139 0
62 46 65
141 13 6
34 10 13
8 92 52
50 108 49
48 39 68
124 13 77
62 13 39
38 26 67
25 101 10
55 31 27
92 94 4
106 141 42
15 112 88
19 110 78
69 137 80
117 121 95
2 138 13
123 48 12
47 43 46
149 84 67
5 122 30
51 15 15
123 121 91
2 60 27
111 21 13
111 79 20
85 48 85
12 75 30
80 104 98
101 27 61
49 50 7
30 114 73
67 89 79
75 0 70
129 83 3
87 73 9
132 144 7
7 8 82
72 110 18
36 86 22
28 57 58
20 31 51
7 33 30
134 112 57
36 54 87
111 117 63
1 31 56
75 127 40
128 44 89
85 145 26
69 139 78
40 53 66
62 0 52
37 12 51
4 149 10
24 133 37
35 62 77
128 114 5
144 45 90
25 82 31
77 106 28
137 44 58
132 141 56
122 137 88
13 99 25
141 65 52
117 42 67
148 128 26
96 53 92
27 26 71
98 93 52
39 113 40
20 136 27
4 107 42
25 138 81
43 135 30
39 86 26
25 140 38
27 135 0
75 32 87
145 21 78
124 35 74
50 4 94
119 71 85
110 19 3
84 28 61
62 117 2
42 25 75
47 82 3
66 104 69
78 135 55
5 135 54
143 41 61
77 94 29
115 73 51
0 125 39
85 77 33
32 113 95
127 111 75
26 134 59
79 5 66
8 12 57
26 27 14
131 89 8
51 125 13
71 50 69
72 107 66
106 76 81
47 46 39
91 79 32
102 103 99
114 117 87
20 99 14
72 27 4
29 131 97
114 86 100
79 31 46
67 65 80
81 108 25
111 140 70
24 53 35
97 69 8
126 99 2
51 145 50
146 128 45
133 147 79
98 20 23
52 18 62
121 146 14
85 56 92
65 43 82
74 68 77
17 36 76
43 99 92
123 37 65
27 23 99
3 65 64
115 99 98
52 130 94
76 98 92
55 74 13
119 13 50
77 36 30
129 113 3
137 147 46
42 86 36
111 26 65
46 3 41
145 2 85
31 16 88
51 2 86
45 42 85
83 56 72
76 1 50
108 123 100
142 7 51
67 78 97
100 91 21
13 15 89
8 93 92
37 94 55
60 125 64
143 118 45
134 25 9
27 95 16
37 79 73
100 108 100
56 86 50
120 16 14
79 1 59
102 109 36
67 99 7
112 129 37
19 114 38
149 128 9
38 11 12
99 34 8
28 3 94
4 79 76
104 70 18
49 79 75
22 67 87
2 126 68
0 143 39
103 47 100
7 147 75
89 70 48
133 90 20
66 87 18
52 112 17
119 14 24
116 9 72
17 117 37
3 110 61
13 96 70
74 93 14
28 56 97
104 110 27
89 64 9
107 112 33
73 58 17
118 24 82
40 73 34
80 12 36
134 23 76
93 50 24
2 78 62
147 35 17
15 107 57
103 148 83
76 64 89
62 98 9
135 106 97
94 43 96
131 101 61
107 78 94
33 140 30
143 22 76
108 30 47
20 22 48
42 38 39
81 95 42
56 14 43
39 51 65
106 115 80
106 83 67
38 45 96
95 110 46
24 118 51
25 43 79
23 87 32
135 66 26
28 102 23
37 53 60
87 59 59
3 117 66
115 118 34
120 7 57
123 2 13
120 70 48
90 134 58
5 110 14
112 46 44
42 74 1
12 44 90
66 56 27
82 126 4
38 74 61
130 59 73
40 74 22
52 85 34
89 120 50
119 65 12
56 109 25
80 22 32
92 113 18
90 113 21
24 73 0
123 138 55
18 19 95
126 105 36
103 27 81
33 77 82
148 96 88
0 84 79
107 134 17
126 45 6
4 145 11
36 77 75
101 36 9
125 6 97
124 32 84
109 121 77
116 45 29
30 66 6
45 18 88
96 74 1
69 63 63
138 145 55
105 8 25
58 50 44
85 59 97
32 16 65
114 94 65
63 25 24
95 140 71
69 144 30
145 91 89
26 12 17
68 29 0
91 113 37
37 146 15
76 119 60
18 140 85
79 22 95
147 83 76
72 56 95
109 39 38
85 134 87
124 0 44
71 77 55
95 132 6
115 71 77
43 20 2
36 22 100
117 74 95
56 47 60
115 35 59
40 1 75
93 145 67
84 47 20
64 46 96
120 82 47
44 83 69
71 12 83
128 109 33
60 73 58
63 133 63
71 51 86
44 114 60
142 26 97
127 63 46
38 15 33
64 42 100
21 41 1
136 4 42
98 1 67
148 123 22
147 125 7
73 2 75
142 124 19
114 47 53
19 100 56
8 2 100
1 131 45
96 104 74
31 134 48
44 8 3
133 35 99
27 38 60
135 147 26
80 62 55
92 54 2
84 52 36
86 51 36
67 140 74
12 93 49
99 9 37
80 90 84
123 74 74
5 70 84
1 94 63
6 109 46
86 103 79
25 3 38
87 107 41
121 80 60
34 52 82
50 83 75
99 5 39
145 32 10
113 11 29
45 39 89
35 110 63
44 2 22
30 65 80
64 67 44
46 32 65
132 91 8
23 129 65
4 31 45
5 87 99
48 84 77
105 12 0
93 13 3
43 78 11
135 79 99
149 104 36
36 146 39
29 77 90
133 6 31
76 51 91
148 85 92
136 30 44
98 38 77
64 147 27
67 100 23
85 69 15
60 82 28
46 79 50
131 146 51
24 83 61
120 26 79
114 55 83
65 30 23
125 10 25
39 84 62
25 19 43
76 85 45
65 104 37
126 1 23
124 82 98
91 18 18
102 114 56
143 110 73
30 105 16
143 19 65
86 98 91
58 19 67
124 102 37
38 16 40
44 60 100
109 102 96
21 131 36
87 18 46
25 97 73
116 107 66
48 111 12
118 34 86
95 52 86
106 86 4
112 2 78
60 67 86
78 62 13
69 57 73
2 17 63
32 75 3
107 94 45
96 113 65
59 17 23
55 58 75
112 142 60
20 23 3
33 124 28
16 100 79
82 129 30
114 8 12
46 98 38
100 50 2
45 72 40
7 30 2
90 4 72
84 148 1
7 69 26
25 128 49
90 133 82
113 132 64
120 91 45
105 13 20
6 32 50
14 119 15
149 145 54
21 125 59
43 96 73
94 89 7
86 133 21
87 110 62
16 142 100
43 107 52
124 108 34
15 57 66
18 6 35
46 97 18
102 73 6
139 16 18
83 34 68
107 23 8
93 0 0
126 68 68
23 48 59
44 92 15
73 85 4
96 112 80
125 114 38
28 130 44
107 147 69
34 141 2
13 116 38
81 87 1
17 75 43
67 111 84
44 4 69
4 33 62
125 42 11
6 147 51
143 60 45
148 15 73
53 2 35
142 16 65
10 70 53
133 97 56
75 99 54
133 107 90
140 122 58
39 31 81
5 0 81
112 28 55
105 92 96
138 112 52
134 107 10
98 34 63
26 132 21
63 89 76
0 110 58
128 22 61
37 57 13
79 27 30
101 69 64
41 137 59
25 120 66
137 115 13
19 74 41
96 62 100
99 56 14
128 143 94
85 45 63
15 135 7
29 129 18
83 35 64
81 36 42
131 92 15
52 65 20
10 136 18
100 19 42
20 14 65
20 43 29
53 55 5
141 139 42
128 27 80
95 60 96
66 9 27
145 51 90
125 48 34
127 103 16
122 95 23
115 8 65
90 38 38
128 18 37
114 129 88
89 73 83
43 97 44
80 11 55
65 105 11
105 16 1
146 80 79
66 102 52
6 100 100
102 78 19
72 44 8
97 31 17
15 7 19
105 77 58
124 73 59
37 145 37
97 136 78
142 69 84
68 41 1
56 8 37
22 141 58
43 146 11
145 78 74
21 13 49
13 102 8
107 74 0
143 17 22
77 70 15
104 56 70
43 67 7
122 8 1
13 124 37
125 36 88
91 50 60
131 110 69
56 103 88
22 56 88
137 98 25
26 56 93
38 21 57
92 3 3
17 121 43
122 68 61
34 126 47
37 2 86
0 98 23
14 95 24
73 133 78
21 92 21
54 72 28
108 135 63
129 27 69
33 37 29
103 92 34
31 141 98
24 84 5
76 7 90
3 13 88
57 13 98
116 3 65
0 59 10
11 105 10
143 79 60
77 137 32
64 3 81
68 77 82
47 124 68
110 120 17
96 145 48
51 50 54
94 6 43
4 95 14
14 100 60
110 83 5
119 0 37
15 4 6
3 99 57
51 114 38
55 126 60
139 148 79
144 60 97
34 135 77
53 68 77
89 74 28
128 122 92
26 137 94
25 22 56
99 41 5
149 6 96
63 102 26
92 64 8
96 133 72
93 103 68
106 29 79
42 1 38
69 85 59
35 125 30
128 115 7
94 11 30
67 1 94
108 114 47
139 142 53
48 52 23
146 5 52
14 30 35
94 28 26
92 40 85
81 99 4
0 71 72
100 89 22
135 37 65
7 46 37
56 34 4
35 96 82
127 3 97
112 100 36
68 55 5
101 80 85
47 83 28
21 134 30
107 124 54
14 125 39
84 33 74
79 147 20
86 108 49
131 113 73
59 45 47
47 91 1
21 102 17
129 145 86
56 5 60
66 32 79
9 34 79
56 134 12
46 148 49
47 10 95
97 99 88
80 53 77
37 66 52
99 70 99
8 145 32
106 12 21
47 148 14
84 112 12
41 86 64
144 2 63
19 63 45
42 10 27
118 130 93
79 13 1
13 38 80
75 36 52
105 34 91
29 66 57
46 84 0
63 44 39
82 9 8
139 43 69
92 144 55
44 3 67
28 115 46
12 107 33
116 82 45
50 43 16
78 67 18
65 33 85
102 33 73
19 38 79
30 3 45
30 100 26
143 43 19
85 144 34
34 29 62
50 17 38
74 41 5
11 116 73
87 15 53
144 66 49
134 122 8
43 13 12
71 120 76
143 131 34
91 80 65
41 135 72
59 145 17
72 15 63
67 132 42
15 46 62
141 51 12
22 112 76
41 141 67
11 60 39
4 65 96
93 76 8
71 33 69
28 47 5
3 93 31
104 139 4
7 42 26
124 2 46
33 84 96
34 70 17
1 33 0
90 40 29
132 7 71
29 19 52
125 49 54
12 48 26
124 16 23
105 53 65
84 128 20
11 90 84
134 9 15
38 96 48
25 34 45
38 149 98
51 56 96
77 67 67
54 60 97
94 69 4
28 109 49
36 128 62
70 127 61
99 125 11
144 82 69
48 65 99
122 25 37
102 9 56
114 27 86
51 120 80
120 24 42
54 117 8
12 2 97
116 98 83
30 67 63
67 44 88
46 52 47
14 1 87
30 92 84
77 144 22
142 28 62
38 67 56
2 55 12
134 137 27
106 75 65
50 41 32
60 105 72
102 113 93
115 26 67
117 16 61
62 25 34
76 118 63
53 0 100
54 35 83
63 116 93
0 44 86
125 9 48
79 58 53
39 22 88
11 30 57
53 31 13
116 23 4
118 18 2
23 51 30
102 81 54
136 138 52
107 7 5
41 97 3
12 132 79
15 65 35
4 71 20
145 86 57
131 19 38
40 114 65
68 37 55
24 143 55
56 1 51
92 137 91
11 146 87
81 56 83
62 24 99
73 28 18
42 119 38
122 27 5
131 21 30
83 41 48
93 87 37
58 74 13
57 60 71
52 28 57
127 71 24
78 100 18
82 107 0
103 33 53
139 66 88
99 85 80
109 8 11
60 25 74
10 114 71
17 62 77
92 13 79
63 9 95
75 110 13
82 31 4
95 97 72
5 9 80
113 62 43
139 101 60
118 149 21
116 60 45
36 52 98
36 11 97
90 146 13
58 71 65
125 127 84
3 134 51
148 29 37
1 60 34
38 58 88
11 12 24
10 39 84
34 56 47
114 111 81
120 132 10
81 106 37
53 54 83
7 52 65
6 51 46
94 148 85
103 86 88
0 12 36
3 8 5
138 99 60
98 99 1
119 100 11
25 14 75
29 30 57
66 37 15
90 114 75
139 10 50
52 86 71
100 8 80
47 119 98
119 109 90
10 142 7
96 43 24
67 79 60
51 91 18
117 59 79
133 32 8
118 127 54
35 60 50
126 28 83
48 136 28
28 93 36
124 85 6
124 110 29
73 18 72
139 81 65
67 48 62
108 86 18
43 53 57
102 86 81
75 57 11
137 4 44
106 47 19
10 118 36
40 9 0
140 2 24
35 40 90
94 91 24
0 72 44
131 86 57
129 106 12
90 21 17
66 10 54
90 58 17
52 0 68
93 139 10
112 14 64
41 113 74
42 65 60
129 111 48
60 27 75
108 49 98
31 92 48
68 36 65
11 92 26
2 95 36
122 145 90
23 93 42
9 124 52
145 136 14
127 4 18
80 68 66
85 111 49
94 122 64
47 8 76
51 105 35
148 97 9
49 120 29
7 122 50
57 62 23
106 104 75
71 17 42
47 62 43
95 29 76
104 69 6
3 41 24
57 71 50
134 115 69
5 58 49
108 112 28
69 94 97
70 67 84
113 53 80
140 82 83
59 5 19
90 79 36
148 133 28
42 30 55
123 134 17
23 111 42
84 54 57
7 22 87
22 28 4
12 105 50
108 77 17
105 41 49
43 62 55
34 19 3
35 59 14
123 19 33
148 143 10
69 52 91
90 87 3
80 145 65
19 33 91
77 25 89
100 76 64
79 46 31
50 70 75
79 132 54
37 20 79
139 9 0
127 17 41
33 11 6
53 119 7
34 125 76
94 93 68
21 127 69
72 30 20
74 15 10
107 70 32
1 43 97
2 131 21
113 37 18
107 42 75
55 7 2
122 29 77
22 82 44
48 79 5
71 124 76
24 124 38
118 117 11
149 69 11
84 116 74
74 25 98
135 130 12
37 18 68
67 73 36
129 56 83
27 90 90
110 13 10
137 24 11
33 62 15
46 89 43
30 149 3
103 140 99
146 66 74
22 134 81
93 60 63
127 122 74
89 57 92
65 9 93
147 120 4
117 76 96
42 24 6
96 114 84
33 25 7
113 33 54
125 140 65
124 112 21
111 69 18
112 145 48
118 20 44
108 57 20
2 127 7
33 145 98
147 92 50
7 55 5
87 103 58
127 143 57
132 82 86
17 95 72
36 144 70
90 52 16
132 106 4
106 100 53
145 130 73
90 80 86
113 128 16
112 64 98
29 74 55
13 58 88
16 141 21
52 87 21
144 15 28
123 135 71
120 12 32
30 97 0
24 136 26
37 129 21
0 35 40
105 35 17
128 83 97
89 143 36
66 57 17
4 54 20
81 16 37
121 67 30
46 131 65
47 133 3
45 58 27
15 145 71
6 22 30
110 62 29
36 12 46
3 43 89
123 117 99
102 51 75
68 136 42
64 102 29
80 39 81
53 73 19
41 148 34
36 69 77
55 146 7
57 6 36
90 19 23
30 70 35
120 79 86
13 135 25
98 137 83
97 16 77
145 92 52
58 16 97
24 134 29
83 28 21
17 98 91
15 92 96
85 13 55
124 121 8
75 19 46
116 102 48
29 140 59
125 0 48
42 22 33
120 130 27
43 76 17
19 41 12
62 6 53
56 55 80
3 114 53
48 31 73
49 24 83
73 43 17
64 135 65
147 131 98
83 47 59
66 116 91
109 132 17
16 118 83
79 115 15
19 96 60
86 44 93
123 77 8
105 66 35
85 91 68
130 103 64
96 140 64
121 112 15
6 53 16
46 53 96
136 7 95
10 128 9
34 39 39
91 130 22
32 5 8
93 144 98
127 105 75
106 146 90
77 97 72
134 87 31
89 39 51
82 143 15
109 62 86
121 83 67
110 121 51
63 2 52
104 39 13
123 21 12
98 29 74
114 74 30
83 51 91
129 91 84
96 15 38
51 39 75
76 140 41
44 112 57
99 148 45
60 145 58
34 82 80
80 109 24
111 42 65
35 87 66
134 28 6
38 24 44
124 86 98
71 72 1
138 111 2
31 4 47
11 25 33
36 135 51
41 1 75
86 8 14
116 143 8
128 131 10
123 109 57
38 14 21
44 52 18
63 4 9
12 80 52
2 34 95
56 6 85
135 100 62
37 135 70
126 127 82
44 41 12
26 25 43
49 57 42
25 36 51
16 90 28
55 5 16
5 117 71
67 4 65
119 73 54
87 146 78
48 147 32
23 60 86
95 101 83
30 84 57
36 44 57
51 140 86
134 70 54
149 93 73
63 111 40
33 113 29
18 141 67
31 27 26
71 81 74
137 120 6
142 134 2
67 46 80
117 79 96
131 35 77
107 2 72
70 123 2
137 14 89
118 31 24
119 3 77
11 78 77
15 93 100
124 69 72
144 70 29
139 5 89
87 126 13
84 42 51
56 91 9
70 50 63
96 89 70
138 143 89
10 78 9
122 59 70
45 75 50
26 47 63
134 65 18
113 27 57
1 8 23
79 45 88
119 143 21
38 75 42
43 15 97
44 103 76
99 127 48
46 101 20
87 149 57
49 135 41
40 46 8
19 75 91
121 69 68
118 132 7
16 104 54
87 143 73
140 101 53
56 128 88
122 57 71
64 4 36
4 13 68
1 30 36
109 51 12
121 40 97
24 129 13
97 64 15
64 73 81
106 96 25
16 116 54
22 83 39
73 78 21
126 70 56
0 56 84
52 137 79
71 132 23
50 36 75
72 111 64
97 30 48
31 10 6
56 40 36
110 148 73
28 5 26
15 55 2
0 78 85
16 108 84
30 123 90
15 71 89
128 4 13
125 118 58
52 12 24
111 66 78
33 116 85
9 98 18
1 147 61
126 101 99
53 130 64
33 38 49
110 125 45
134 123 35
100 99 59
66 115 14
105 141 34
118 50 0
125 102 36
84 65 39
101 11 23
10 115 65
98 131 4
16 39 87
60 93 78
133 144 33
98 79 78
73 22 86
35 69 78
104 37 2
47 30 53
114 36 19
105 20 18
27 31 60
104 62 72
101 28 45
93 98 35
38 142 71
137 8 50
17 108 70
16 70 6
137 38 36
45 20 39
78 121 97
65 40 14
39 2 0
25 106 90
63 87 45
50 51 58
6 33 32
48 41 92
116 42 11
92 105 24
81 51 30
77 22 91
138 81 6
128 65 52
45 142 6
79 129 59
111 30 90
89 56 32
33 133 21
40 17 65
50 6 84
33 127 11
126 18 49
3 68 9
62 116 30
50 93 5
22 33 7
4 129 42
102 72 78
60 3 77
106 17 79
37 83 88
140 95 86
142 121 30
40 111 95
107 24 65
76 86 43
50 45 66
90 111 62
46 134 87
64 84 8
12 25 62
133 22 3
98 41 76
103 9 61
21 1 11
18 55 100
85 147 34
66 141 34
129 107 6
51 103 63
87 68 1
138 34 63
51 67 40
107 38 98
133 91 53
78 46 19
0 30 7
25 86 67
37 143 12
3 46 5
48 149 55
141 127 0
76 113 6
135 54 59
134 129 17
74 49 20
90 84 77
139 7 77
127 11 55
111 17 73
101 49 1
8 107 97
65 135 86
31 148 72
147 11 7
85 52 89
135 149 96
32 54 78
105 3 71
137 132 46
121 25 50
35 7 13
145 89 33
125 137 66
8 134 58
83 10 18
66 121 85
111 76 97
31 113 61
46 50 3
18 41 31
39 67 18
112 146 34
49 56 7
32 60 82
67 60 53
93 80 35
130 5 63
24 100 26
142 111 94
52 129 85
63 51 36
63 148 85
69 50 31
32 117 74
50 79 69
40 107 1
135 60 71
145 107 26
91 24 89
42 125 95
30 128 42
101 51 40
111 28 89
66 60 96
106 68 5
13 118 20
68 39 96
131 22 37
72 123 83
101 87 70
30 141 21
2 148 88
29 3 70
102 17 67
40 142 59
23 65 86
41 21 32
137 54 38
89 119 42
73 13 100
130 105 17
5 53 52
73 67 65
100 74 36
21 64 49
49 101 51
40 130 34
32 128 2
64 83 31
37 21 42
126 82 66
98 7 55
62 50 0
146 68 96
34 148 70
67 29 54
17 114 39
49 148 30
46 107 92
34 144 91
23 138 65
27 43 27
115 64 22
58 81 54
48 20 82
87 49 93
104 122 51
68 126 32
142 122 66
11 130 79
53 51 32
127 55 39
108 81 10
17 83 28
2 21 61
82 121 11
140 22 41
52 103 0
12 29 9
49 87 87
74 18 34
6 66 75
72 92 4
37 89 7
137 42 75
68 96 99
109 101 37
48 142 92
3 22 33
90 32 58
9 2 80
140 115 51
18 27 59
74 52 17
78 56 78
33 74 76
126 13 93
128 31 89
136 123 87
116 93 92
96 106 5
59 34 25
115 12 76
68 100 45
27 14 39
35 4 89
68 82 32
86 15 36
43 55 90
68 66 58
12 0 85
73 92 70
145 74 69
15 138 62
20 28 68
31 114 75
41 63 1
104 80 11
38 42 64
126 78 53
55 144 86
143 90 17
111 85 74
106 49 91
18 37 14
129 75 42
53 113 60
14 106 19
89 128 72
42 33 57
8 147 39
105 73 60
80 43 94
21 23 25
115 39 88
55 28 79
99 67 18
142 13 98
99 136 77
146 144 25
29 122 12
77 65 38
143 53 99
52 6 3
38 52 17
104 59 96
6 149 54
83 92 51
45 114 55
130 81 42
41 52 70
147 77 62
124 23 0
106 45 62
23 148 16
95 111 6
20 5 41
30 142 24
118 22 9
42 108 100
54 41 97
79 130 14
50 35 36
59 7 91
113 24 76
125 54 14
95 58 22
18 125 77
45 94 100
5 106 11
12 69 1
9 133 60
67 128 2
98 17 53
35 147 14
96 50 67
49 144 65
142 89 51
101 42 30
19 20 49
76 74 26
44 1 4
48 68 42
115 74 21
57 26 39
41 48 14
133 60 86
34 63 53
148 1 43
106 6 24
4 66 36
140 120 99
138 101 93
53 101 77
92 26 5
78 30 85
107 53 52
7 57 27
93 143 6
142 116 54
7 50 24
111 65 36
20 44 88
62 93 13
143 70 27
45 64 26
33 132 52
55 134 93
50 94 21
43 104 62
30 39 66
59 75 81
37 47 46
74 28 3
26 59 3
17 71 22
131 76 70
49 53 29
100 66 25
2 26 20
78 37 22
74 140 34
93 31 31
28 123 37
123 58 55
21 115 24
132 11 31
133 83 15
71 138 72
124 140 48
80 32 75
118 57 91
103 50 56
38 49 21
106 142 22
10 36 55
139 64 91
121 142 100
48 132 38
103 5 1
128 136 14
31 44 42
122 49 8
75 79 31
9 16 74
116 87 8
37 113 98
77 136 89
126 74 34
111 64 68
28 77 79
123 136 10
29 104 37
73 70 33
49 37 49
106 27 8
50 125 63
104 1 50
114 11 56
131 13 1
70 106 84
113 72 28
57 115 37
10 22 52
137 69 46
96 92 26
139 119 10
41 100 50
83 67 25
98 12 22
49 100 90
132 59 44
74 66 1
147 38 26
108 10 32
0 6 16
59 58 78
108 15 41
104 90 52
135 90 93
22 117 100
94 117 87
41 58 22
31 46 17
24 31 20
78 32 70
99 113 88
122 82 65
44 127 66
121 133 79
92 57 81
50 74 76
43 58 7
20 140 25
48 33 29
0 82 10
75 51 91
64 142 17
90 83 2
108 71 98
80 132 38
59 44 48
141 122 30
111 115 49
77 145 76
134 39 3
107 56 31
51 144 87
99 31 15
18 139 90
103 119 99
26 34 47
62 16 38
70 84 14
120 19 95
8 96 87
140 21 96
33 1 44
65 117 22
63 122 32
124 36 39
95 121 11
98 21 11
100 64 89
116 83 29
63 19 34
81 105 15
58 131 38
72 74 9
38 18 12
12 111 85
103 114 75
113 71 13
116 12 55
85 36 53
95 115 69
125 5 85
144 134 97
17 147 26
64 104 99
31 77 29
66 50 74
78 91 36
14 58 15
75 53 98
40 44 62
118 51 33
98 126 53
35 56 27
6 14 17
74 17 27
10 144 37
127 42 59
96 120 74
143 112 33
141 105 79
27 0 68
26 81 28
85 58 95
15 3 37
2 142 25
42 70 3
50 23 2
27 25 52
140 80 38
15 117 95
148 87 11
110 69 51
31 19 57
47 112 23
89 102 55
68 83 11
19 18 5
125 135 25
0 62 56
93 33 68
18 50 98
147 3 34
107 15 59
30 79 3
71 147 21
38 87 39
146 64 31
139 147 36
135 123 59
120 95 64
108 119 82
121 120 35
127 60 37
54 132 3
73 80 73
42 118 70
39 96 87
72 82 10
100 122 55
80 23 26
16 56 78
98 127 34
94 54 95
62 125 69
41 77 18
98 135 39
148 58 35
73 75 42
65 45 3
128 55 29
97 23 11
27 45 99
86 104 43
144 123 48
22 35 22
108 7 54
40 85 10
145 64 26
104 58 3
146 18 24
80 79 59
65 14 79
28 135 81
76 40 87
82 89 5
52 64 3
140 87 68
14 103 17
7 25 26
9 57 63
46 111 73
68 56 89
58 33 38
16 18 39
145 72 51
57 119 15
109 100 68
149 42 61
139 41 76
97 109 42
111 83 1
26 63 33
27 53 98
16 8 99
133 42 94
110 81 90
12 95 72
110 123 72
37 60 28
109 123 81
0 77 66
44 38 72
126 54 100
119 43 59
64 1 1
137 49 49
46 22 57
38 46 5
87 145 80
138 137 37
39 119 4
91 32 80
148 48 39
134 58 95
134 37 7
92 47 36
26 17 59
58 127 69
123 68 79
105 21 5
92 1 8
112 75 45
65 142 42
37 133 65
87 1 43
47 107 79
127 96 31
71 65 18
95 62 56
38 131 17
139 134 21
83 132 6
86 72 90
121 44 98
3 107 27
30 134 47
140 54 50
111 74 67
133 13 34
110 15 50
29 112 93
113 94 62
104 112 18
49 15 75
30 62 26
38 135 72
110 76 85
92 143 79
99 33 7
141 84 1
50 111 89
147 136 52
56 99 51
101 143 25
94 14 32
118 49 32
17 115 18
28 29 100
92 15 96
10 45 46
140 132 2
45 27 70
91 146 37
45 89 46
127 57 89
97 51 49
46 120 89
103 36 9
149 34 67
40 27 30
5 96 80
68 59 80
103 41 69
20 149 52
116 112 0
119 38 30
76 117 87
113 122 43
99 59 98
79 89 61
134 81 53
128 138 54
102 96 81
113 20 2
138 100 52
126 122 45
24 40 19
142 72 39
79 64 39
25 47 57
39 110 62
42 138 14
37 69 46
28 83 50
10 82 62
106 66 39
72 41 71
20 9 35
0 139 64
122 123 50
78 113 77
85 148 74
57 76 38
91 81 81
30 52 88
2 130 98
136 68 53
39 129 59
100 65 73
5 2 98
149 24 3
126 141 71
40 113 71
119 86 61
55 73 21
115 123 7
53 71 15
106 69 68
31 108 30
8 139 20
76 44 27
74 56 69
29 4 25
86 30 71
138 8 92
149 113 51
117 31 85
0 49 25
19 128 52
25 126 94
55 37 7
2 69 83
14 78 22
27 58 0
121 148 19
130 84 9
83 142 73
98 49 69
65 136 15
44 67 9
91 89 81
68 48 17
23 20 63
74 133 78
21 120 67
149 111 34
125 68 58
103 130 23
4 108 92
108 58 49
34 111 53
125 30 93
62 5 12
32 19 41
60 71 41
146 45 67
49 27 1
117 91 15
84 115 98
4 41 54
86 58 68
136 3 20
93 68 43
18 85 75
19 92 90
24 101 21
135 76 73
146 2 32
127 38 43
40 36 65
107 60 70
128 11 28
31 122 33
111 126 71
100 5 76
9 147 5
127 37 62
133 136 13
33 7 98
20 45 95
50 21 84
3 113 79
81 125 9
97 100 20
68 57 29
112 81 98
94 13 92
134 59 56
33 134 60
1 51 26
50 71 23
143 100 58
138 89 17
122 17 9
85 73 33
142 68 4
110 93 7
109 72 24
102 77 34
35 16 1
82 94 53
74 139 74
81 89 58
112 32 55
97 3 24
128 134 30
65 46 89
25 41 80
77 99 50
35 14 8
46 31 51
127 24 15
136 83 96
82 64 11
87 26 92
136 59 15
16 75 8
78 140 36
54 10 70
110 8 35
79 43 24
114 107 38
118 78 97
60 42 1
144 56 22
120 97 25
134 60 28
67 129 6
53 121 20
51 38 86
74 38 31
92 118 58
34 21 64
142 23 58
121 35 57
93 32 17
10 93 85
103 79 61
16 79 83
70 135 91
114 145 9
18 36 52
38 141 56
84 101 86
45 116 8
11 18 3
110 27 83
139 76 4
75 134 60
3 54 70
108 52 93
78 120 27
131 68 12
63 31 45
138 32 15
52 82 96
139 11 2
91 17 49
107 20 88
113 149 37
62 106 86
7 120 49
33 49 66
106 26 96
96 99 58
70 30 47
127 25 85
21 58 10
39 14 26
11 138 90
141 82 56
22 63 63
56 39 73
100 113 95
129 121 85
82 81 50
19 2 42
117 123 19
125 128 94
46 42 14
119 106 41
114 82 17
43 49 1
36 98 84
136 73 73
144 114 11
143 30 67
26 126 87
12 60 64
37 90 68
26 58 66
16 58 93
30 95 37
17 19 55
125 58 16
54 2 13
57 2 28
47 69 97
99 32 45
17 64 44
142 98 1
17 102 0
19 127 1
94 26 90
92 111 11
34 4 19
37 97 6
9 20 29
132 135 81
38 63 79
89 14 30
22 74 16
67 16 26
130 20 51
130 93 43
33 136 48
96 45 76
121 91 41
84 142 5
35 9 38
144 4 13
133 138 34
54 128 13
116 119 2
5 32 30
37 93 49
30 16 67
116 66 58
100 58 19
91 112 92
23 15 30
20 116 38
63 86 3
32 27 36
71 6 0
114 30 49
20 129 49
19 90 63
45 122 30
98 142 85
20 79 13
19 94 46
113 60 33
75 73 16
122 2 6
29 35 2
124 125 66
65 50 80
73 105 78
102 62 67
48 146 7
120 50 32
37 36 90
142 10 23
91 119 18
99 66 85
24 102 62
128 7 10
87 32 9
129 43 64
34 13 57
14 55 30
119 139 88
37 65 91
129 117 10
27 140 21
14 98 61
52 95 22
33 111 2
141 81 95
104 51 57
55 72 74
29 142 51
9 114 73
133 76 38
8 27 75
122 99 10
58 35 8
120 69 7
143 40 34
148 64 6
116 17 0
137 107 80
113 144 22
79 125 18
70 79 56
107 81 9
34 106 1
65 80 63
72 81 57
120 71 2
135 28 58
128 74 49
75 92 79
93 104 87
142 136 100
60 122 43
72 139 18
48 22 44
49 89 98
36 129 89
72 148 0
145 25 73
114 33 5
51 89 5
85 83 43
24 64 99
59 13 29
124 30 10
92 112 98
12 103 31
34 118 95
142 38 75
20 92 1
122 52 66
31 121 48
16 0 58
124 76 89
18 104 66
14 53 97
12 131 55
131 95 49
109 14 48
134 139 100
46 5 86
110 17 33
140 52 35
90 82 66
147 118 86
117 141 24
92 20 59
69 49 3
39 11 48
87 140 36
126 93 27
114 51 27
78 41 91
145 102 56
60 63 67
34 8 86
116 147 57
76 52 95
50 126 72
121 137 45
28 80 65
85 34 42
117 23 26
130 75 46
53 60 93
43 90 94
148 111 24
12 9 49
75 29 12
81 129 39
145 1 32
52 26 55
10 105 40
137 123 40
111 137 84
29 81 40
124 146 18
114 63 52
34 115 50
18 63 85
67 7 57
93 58 79
72 144 70
86 0 80
106 119 62
15 136 29
109 149 52
99 90 64
14 117 79
11 134 61
59 24 38
76 15 21
132 85 5
83 32 37
65 48 18
104 16 53
29 85 100
57 58 76
81 84 58
137 80 21
92 123 86
65 39 10
106 103 4
66 2 43
148 40 63
103 3 23
3 16 44
72 47 56
79 120 23
131 115 57
0 86 74
86 46 49
64 32 47
117 89 47
135 7 17
90 5 96
31 68 50
20 94 96
48 73 20
34 2 50
9 78 100
25 122 13
22 6 51
13 29 80
114 60 18
99 104 3
81 45 41
102 48 86
11 19 68
113 131 9
27 139 68
80 52 68
66 12 50
14 59 70
32 93 79
25 145 79
8 4 64
27 86 44
29 0 8
81 5 8
114 52 33
123 148 56
17 39 87
75 66 51
113 41 68
94 66 18
135 134 11
85 94 3
67 107 18
71 3 97
145 143 39
95 86 4
0 81 2
120 0 35
52 3 90
47 108 67
118 42 79
71 75 51
74 27 30
17 43 85
32 145 4
75 37 15
142 114 71
34 38 5
148 139 99
7 134 10
40 14 83
101 125 78
1 66 78
70 4 72
41 25 80
20 67 46
7 24 57
20 54 13
39 109 95
58 11 89
109 104 95
68 11 78
26 119 4
68 53 61
101 15 25
24 132 14
32 47 11
57 46 96
31 107 28
106 127 29
86 117 80
38 125 40
114 96 86
11 110 40
124 138 83
47 20 21
80 100 48
57 112 29
76 65 35
60 110 0
79 93 41
138 41 25
54 122 78
135 137 100
97 22 64
66 33 49
134 55 93
3 76 98
94 146 56
89 59 73
82 36 17
89 4 72
6 98 58
100 71 88
106 28 24
116 76 74
140 78 21
43 48 24
149 53 22
21 7 82
19 5 89
40 97 56
25 108 79
139 82 16
108 137 0
135 73 95
25 80 4
100 23 31
104 79 20
68 108 90
53 47 74
81 41 71
116 139 70
32 99 43
65 139 21
25 0 99
135 17 2
39 114 29
41 47 96
8 149 94
63 75 87
118 37 44
58 98 20
144 31 40
124 90 24
118 120 56
123 110 45
57 53 34
16 65 46
37 26 14
68 43 52
121 76 4
133 36 74
7 82 81
147 102 45
120 134 88
139 6 34
89 26 41
32 71 15
71 44 32
86 39 21
1 133 26
138 76 32
136 0 46
128 32 8
109 75 14
44 108 88
87 11 30
123 70 19
114 91 100
38 103 12
51 101 37
32 38 34
115 107 62
72 36 27
20 134 94
110 136 51
99 0 12
43 37 27
82 26 69
77 109 53
4 22 63
132 105 42
50 109 35
4 23 62
58 104 89
110 45 42
132 104 7
68 0 53
15 104 39
149 80 28
87 24 91
40 106 20
141 131 43
110 42 37
145 48 5
23 0 48
44 81 90
138 19 11
72 21 57
12 122 88
48 71 11
149 112 13
115 103 58
97 34 24
70 85 61
82 113 94
6 80 57
121 68 83
110 10 52
100 14 33
16 7 19
131 143 95
64 96 75
132 24 86
77 44 75
27 97 30
147 113 11
4 72 47
30 56 12
71 53 19
100 124 43
13 71 22
70 24 79
86 114 10
137 31 59
18 8 10
43 68 17
33 41 56
26 142 68
79 143 26
73 17 66
28 63 16
20 126 69
112 35 57
121 98 65
131 36 77
83 118 47
1 4 59
134 21 45
90 54 47
7 138 57
15 58 60
113 116 58
14 12 59
0 73 13
22 94 64
129 22 55
37 139 81
144 52 13
83 120 9
90 118 81
14 45 74
67 33 62
74 115 34
30 44 45
81 148 27
147 121 88
21 123 81
42 96 72
84 51 45
115 46 91
57 10 41
119 28 30
89 109 20
67 142 47
5 36 18
64 120 58
64 20 70
22 7 82
9 60 4
8 80 7
146 67 92
122 33 18
13 54 6
48 116 1
109 38 97
142 73 28
127 145 7
144 137 19
54 46 28
91 26 51
98 78 92
49 105 88
98 59 49
5 104 20
123 145 93
92 25 38
57 103 39
80 30 1
21 73 22
59 68 27
52 45 91
119 91 55
6 5 92
53 5 19
119 24 42
20 16 83
123 26 80
10 9 63
22 8 0
42 64 12
133 143 25
91 116 93
141 77 65
102 15 27
48 99 70
136 91 91
134 100 41
137 47 11
96 70 35
14 149 24
149 70 60
139 21 22
2 41 54
84 119 22
75 48 65
141 53 4
73 123 14
119 101 89
69 70 67
19 71 97
104 77 77
50 115 21
60 1 28
133 110 14
148 135 18
140 138 31
108 32 7
145 116 25
48 16 70
140 145 46
101 18 100
116 136 86
112 141 34
24 49 76
45 0 18
111 44 79
51 24 13
57 22 96
102 101 8
7 116 38
91 13 100
96 63 22
80 74 50
143 98 69
34 54 88
141 147 19
129 102 4
94 125 48
87 109 86
8 63 24
124 99 50
74 33 56
48 56 80
129 14 91
122 72 62
143 10 61
116 25 44
122 131 52
138 148 48
4 18 3
77 116 15
93 11 82
24 43 74
78 112 70
92 148 52
148 69 7
28 20 46
84 91 10
109 60 93
39 1 92
95 32 12
1 64 17
11 3 50
146 113 6
55 41 63
123 101 64
66 144 86
138 130 46
81 149 98
70 65 62
39 45 20
58 52 53
46 139 30
4 14 38
123 50 92
68 140 96
127 149 19
13 56 75
108 39 38
111 5 98
39 107 56
141 108 3
89 31 60
140 68 36
21 100 85
116 44 12
51 59 47
86 40 7
70 90 19
87 63 41
1 29 70
27 72 67
65 62 17
110 28 85
65 102 97
106 31 67
51 23 100
43 121 76
14 92 90
146 52 29
0 135 57
143 49 99
123 20 60
96 132 57
114 131 15
37 29 77
97 127 17
78 35 93
94 17 60
82 83 77
34 55 17
14 56 26
68 12 95
145 85 35
121 29 99
100 49 68
44 105 66
119 72 54
84 83 41
63 113 11
141 58 14
2 139 69
75 30 84
52 51 8
72 73 69
9 90 28
44 50 40
48 5 24
141 126 28
46 85 12
78 102 70
47 136 15
57 117 15
50 95 97
139 32 51
74 101 7
143 95 48
11 20 58
57 105 38
82 71 17
66 125 91
30 133 60
134 36 12
55 2 56
91 120 72
147 0 48
14 127 72
86 52 41
55 36 85
21 42 57
98 13 87
32 41 80
71 112 99
14 86 95
62 15 16
67 13 99
129 69 40
2 97 34
42 9 9
6 69 87
22 126 14
5 72 72
69 101 63
133 8 57
81 11 34
130 42 15
123 111 96
79 146 22
21 4 94
32 29 12
119 110 23
10 48 22
133 15 68
11 112 76
92 124 47
125 47 44
31 132 86
72 23 53
131 37 60
56 9 20
96 81 4
115 112 71
87 128 76
89 27 89
114 29 65
50 49 93
80 127 80
43 19 91
31 120 43
41 0 35
4 106 11
122 23 58
19 76 44
135 95 39
56 13 81
140 50 10
23 137 27
0 29 90
35 143 12
23 132 47
12 70 34
144 17 53
60 85 13
90 119 50
111 39 64
145 105 2
97 118 6
43 116 35
12 89 34
138 20 33
113 64 79
45 78 54
15 63 95
33 64 49
98 92 69
135 27 98
46 138 52
119 60 51
84 114 68
39 3 61
42 133 12
72 31 54
49 90 62
77 43 25
149 82 5
59 120 78
99 95 68
80 47 99
107 137 30
132 29 83
122 39 62
53 127 79
41 53 79
77 120 85
3 149 75
57 23 79
146 44 61
112 54 10
135 45 14
123 33 37
74 40 95
139 140 26
14 112 18
19 77 61
72 130 17
54 78 23
134 118 50
67 80 62
115 5 14
71 114 64
26 92 62
0 54 83
60 81 78
46 145 49
67 53 37
90 98 61
106 80 90
42 56 48
68 144 46
0 109 66
24 114 16
52 38 56
77 45 19
51 142 72
64 29 49
144 100 13
102 108 63
15 100 23
40 120 58
56 41 5
21 72 13
115 52 16
87 89 88
94 21 60
2 80 85
70 136 19
62 81 29
60 89 97
14 20 54
71 104 79
80 89 33
27 103 64
33 31 66
11 121 40
57 135 91
69 44 45
85 132 21
123 86 46
80 10 48
27 21 34
79 135 78
56 112 48
92 0 15
31 18 67
120 77 98
10 16 68
104 31 95
102 30 88
0 105 29
115 145 57
109 99 100
77 1 15
10 91 13
134 131 25
54 39 57
85 136 62
84 121 17
22 13 85
36 2 44
143 91 79
40 47 61
32 1 11
120 98 80
128 72 35
39 122 49
101 90 12
89 12 30
121 135 8
114 1 12
74 3 21
80 87 37
47 13 70
102 0 97
48 83 5
128 33 19
116 10 36
131 137 64
57 126 31
59 98 40
57 27 86
37 13 78
84 106 50
119 20 78
113 1 59
142 43 6
19 98 91
137 113 73
76 35 34
139 20 20
28 35 16
67 5 27
31 71 8
123 78 80
142 19 24
11 148 33
54 89 52
136 32 86
11 34 96
53 126 2
120 36 52
15 127 59
126 84 21
100 106 17
96 29 70
82 102 5
113 129 13
108 3 15
110 54 40
130 149 78
130 37 12
104 50 68
85 109 44
111 98 48
40 3 64
109 47 27
46 41 94
107 13 5
93 53 31
22 41 58
2 134 14
64 86 95
108 28 41
82 86 6
80 137 83
148 89 45
57 68 48
17 11 87
108 51 75
13 8 8
128 92 1
16 5 67
147 33 37
16 92 10
11 4 67
76 27 83
28 107 27
141 144 33
107 87 73
19 129 34
126 94 20
10 124 66
21 48 50
55 59 78
31 81 6
50 145 14
142 32 84
0 70 11
21 65 37
126 117 44
113 66 42
72 7 76
86 28 35
106 93 68
89 71 48
0 103 82
104 106 87
144 138 41
24 62 63
115 57 97
22 19 63
65 114 62
144 133 51
10 80 50
118 73 1
22 51 26
25 59 35
46 36 86
52 127 32
52 75 11
8 19 70
99 45 97
84 64 36
131 4 33
104 136 85
31 97 85
135 62 39
120 63 56
56 42 50
131 91 82
101 147 5
3 121 70
67 94 14
35 89 33
108 22 16
41 16 50
108 125 1
52 24 56
59 65 79
144 64 73
141 94 90
94 25 81
149 126 65
46 43 72
1 74 25
67 27 65
133 56 15
59 133 95
5 6 73
75 129 52
64 70 35
137 138 19
63 74 44
138 131 0
109 22 34
135 38 71
95 16 46
102 25 58
89 144 78
73 82 16
11 141 4
146 11 83
61 65 5
61 41 73
61 81 11
61 20 61
61 140 76
61 67 19
61 56 40
61 10 52
61 59 49
61 42 63
61 128 14
61 118 82
61 38 83
61 71 19
61 50 67
61 11 76
61 15 24
61 66 46
61 82 54
61 123 14
61 40 80
61 86 49
61 13 48
61 122 47
61 97 86
2 88 99
9 88 76
13 88 66
17 88 87
18 88 37
20 88 2
27 88 60
29 88 62
31 88 100
36 88 22
40 88 81
49 88 14
51 88 93
53 88 12
59 88 85
80 88 9
82 88 4
91 88 96
93 88 92
94 88 35
95 88 43
98 88 53
110 88 4
112 88 89
118 88 16
122 88 59
135 88 33
136 88 17
143 88 19
144 88 86
146 88 7
