32
74
58 8 0
43 102 26
42 28 65
21 179 98
49 24 45
59 99 61
194 20 91
16 27 82
99 110 77
169 151 70
99 86 32
135 51 49
44 93 2
116 123 84
194 130 66
110 96 92
165 122 14
59 66 12
9 68 39
133 114 54
37 100 70
14 91 45
59 27 78
64 47 63
6 87 10
40 3 100
52 100 69
29 66 97
86 165 24
36 105 74
1 117 21
100 89 24
168 107 94
144 95 14
11 182 30
116 154 21
130 136 69
9 120 63
138 69 7
58 95 45
137 66 63
177 112 82
162 98 95
194 29 67
64 137 53
31 60 39
189 185 39
157 3 25
109 41 88
95 1 67
17 140 27
46 23 17
21 176 88
101 126 27
18 157 92
68 126 50
199 59 31
182 60 92
7 151 97
141 123 63
2 112 24
50 68 45
35 77 0
20 8 48
135 2 29
93 121 50
170 37 32
93 47 65
138 26 2
40 38 55
7 191 13
192 164 94
130 170 92
189 123 94
2 182 64
5 107 42
113 41 51
159 124 6
143 66 78
60 66 18
194 168 39
41 134 45
168 127 62
39 157 67
60 155 40
51 107 87
82 10 92
156 92 0
148 86 94
129 70 57
65 90 44
58 57 33
69 119 98
75 133 96
76 65 99
174 5 73
170 113 42
11 25 92
163 106 8
33 157 13
108 40 55
78 108 83
156 8 45
31 112 87
30 102 85
52 150 79
102 97 86
34 183 19
128 119 7
38 73 10
83 167 92
27 97 13
47 89 61
139 177 78
53 98 55
45 163 53
60 26 30
182 198 6
62 192 35
112 141 79
72 75 29
44 197 18
123 5 67
138 136 26
193 15 48
101 43 61
169 99 80
30 62 72
112 55 80
24 17 13
13 50 99
115 148 24
116 183 33
127 52 49
131 142 19
67 26 96
183 119 100
169 3 100
125 153 80
122 18 90
4 109 96
127 153 60
102 168 5
19 191 4
50 103 56
84 36 100
129 65 92
90 16 40
48 35 38
131 97 55
91 168 82
22 187 64
172 4 19
118 18 53
153 179 56
86 139 6
8 28 72
136 157 94
21 27 75
33 94 45
81 162 81
135 127 8
59 131 25
47 57 27
40 99 72
76 28 42
175 97 51
6 58 100
37 39 92
196 10 78
87 57 83
156 41 80
181 184 37
138 67 16
138 139 20
10 192 38
45 136 35
112 184 83
153 9 41
197 148 26
159 47 54
73 195 25
12 24 49
28 199 73
100 197 74
199 81 11
45 102 75
160 86 68
91 62 45
91 113 91
166 194 83
177 23 85
17 35 69
79 182 65
108 19 54
28 141 48
84 107 92
2 128 95
116 177 74
119 115 2
186 131 10
192 112 97
116 38 3
144 168 45
83 0 14
156 166 68
55 16 58
188 110 84
122 179 69
60 93 40
35 117 83
68 73 50
169 0 49
118 42 33
6 48 64
199 127 68
112 72 34
190 4 29
86 35 27
170 77 19
163 168 50
7 148 50
177 189 39
11 156 100
25 142 15
48 109 98
31 12 29
169 28 60
24 9 91
180 130 29
89 63 93
163 79 46
90 160 28
70 21 2
18 153 35
197 85 68
106 16 35
62 96 58
169 26 11
115 106 69
4 116 35
152 133 16
2 184 51
195 184 38
107 102 35
36 12 61
144 49 15
66 58 58
154 91 96
103 90 65
108 79 15
77 179 91
140 24 77
146 81 16
115 45 90
38 116 4
163 43 39
165 140 98
117 170 57
130 46 74
51 115 3
178 73 53
176 42 20
59 67 68
186 44 28
188 130 31
57 169 64
161 81 82
79 133 20
197 124 3
122 139 42
89 87 84
108 192 14
118 174 88
186 95 62
86 182 57
145 127 17
45 19 61
52 160 37
82 122 96
68 95 51
110 170 49
77 158 42
11 15 52
165 45 99
186 31 86
129 121 15
17 87 94
14 171 97
16 80 71
143 16 48
182 103 15
67 104 44
85 92 7
142 35 7
197 114 13
26 170 71
68 113 30
73 24 68
82 31 36
13 165 22
182 9 27
31 108 71
68 142 24
49 26 79
4 177 100
132 56 39
25 26 12
39 154 16
198 35 79
111 28 49
70 129 59
9 58 69
164 24 58
104 78 8
61 111 88
156 109 33
8 119 23
58 128 38
168 146 17
141 195 83
95 181 35
45 194 54
45 31 45
114 135 67
111 94 2
154 18 37
94 48 14
17 182 96
93 107 50
152 132 75
2 75 63
174 52 53
85 123 14
138 169 75
192 82 19
151 187 49
81 153 34
184 19 99
88 6 34
100 173 74
113 34 27
176 70 51
51 65 77
39 104 44
77 148 68
92 76 40
71 15 36
27 86 92
29 54 87
197 157 52
157 21 91
22 59 88
98 103 38
128 155 93
114 194 36
132 39 99
162 41 28
36 143 68
185 169 38
179 22 50
96 34 45
126 42 56
2 151 60
157 191 89
87 70 17
64 71 17
64 175 25
198 29 53
66 177 84
129 13 4
75 22 52
13 143 36
147 26 39
82 152 63
142 110 85
37 111 70
7 68 72
145 82 88
56 151 50
53 187 11
160 38 51
72 189 65
195 33 69
46 197 9
75 180 39
55 49 45
132 174 14
85 69 77
160 34 8
158 85 88
177 39 92
34 194 83
184 121 16
154 87 27
156 34 97
51 135 40
120 8 94
21 56 66
55 130 95
98 178 62
21 154 22
148 149 30
61 51 45
18 142 53
10 143 0
45 98 48
193 69 94
93 125 62
102 193 16
27 151 4
112 25 10
66 31 20
177 194 21
103 190 54
80 28 19
140 58 27
22 55 3
3 123 75
142 41 87
107 46 60
43 16 87
170 58 94
89 36 14
37 153 76
58 54 43
73 175 68
160 191 25
188 61 86
27 71 80
12 105 92
109 135 86
199 154 40
13 6 25
172 34 43
33 176 78
120 157 82
57 87 36
38 54 8
164 72 81
177 179 24
195 64 22
195 38 39
36 67 87
135 18 57
158 45 64
121 23 16
48 41 21
172 71 72
196 16 48
124 154 77
130 186 37
49 167 71
157 59 85
42 54 68
52 175 62
131 35 73
33 154 65
194 5 68
121 47 75
49 151 87
1 130 21
162 152 49
53 133 91
108 7 33
43 20 20
175 148 3
17 21 52
136 181 8
33 31 84
95 100 59
1 59 93
125 14 91
157 72 33
163 198 7
101 60 49
105 173 65
193 136 67
171 168 34
67 13 87
153 188 18
189 131 36
83 71 2
156 132 90
53 91 80
171 189 54
157 113 25
128 134 39
189 150 45
8 11 65
144 68 46
67 15 35
165 172 92
26 48 14
79 104 7
183 199 85
98 19 88
173 127 57
69 125 91
102 73 12
174 43 13
136 123 56
163 36 18
115 84 90
110 101 89
142 183 89
159 28 32
37 155 55
26 22 91
31 107 50
28 12 3
187 142 62
141 176 13
25 11 23
108 15 88
150 7 70
64 55 32
22 111 100
14 134 94
85 1 76
142 150 8
127 117 84
31 177 98
152 105 86
78 26 7
79 121 96
33 39 76
91 191 8
131 188 94
75 198 43
159 146 1
93 159 3
157 93 23
159 97 2
60 71 94
125 8 75
148 98 90
144 149 9
88 7 3
173 82 80
54 73 71
65 110 65
138 190 64
85 23 22
65 21 82
63 183 6
92 107 18
176 146 78
10 183 2
28 186 73
7 61 91
24 79 81
175 84 79
125 55 92
175 26 43
10 35 94
193 8 96
198 65 14
151 53 51
65 4 91
110 177 97
21 0 49
44 124 26
64 88 76
100 77 55
196 170 81
112 150 31
165 182 8
1 183 76
163 41 25
57 148 100
125 34 51
139 106 78
156 82 10
115 124 69
177 1 40
168 83 76
67 167 18
177 10 44
89 49 11
3 26 97
169 79 75
168 79 29
4 98 92
23 139 87
70 124 61
111 31 67
179 122 22
57 38 16
123 25 57
118 33 7
35 4 80
190 31 9
3 6 87
122 143 68
64 144 99
91 84 93
110 59 90
77 105 36
119 67 50
149 137 96
111 22 92
162 8 82
77 141 87
193 132 74
140 178 15
146 134 93
182 93 51
198 152 32
185 84 99
190 150 100
154 121 18
102 197 65
24 154 90
17 163 28
179 111 80
8 90 51
181 156 43
33 58 6
122 106 1
103 187 12
82 177 68
85 136 45
31 165 44
31 73 36
169 118 58
120 188 54
177 106 70
20 126 31
93 8 95
104 191 100
178 65 57
63 15 70
119 114 88
1 19 86
50 157 41
147 178 80
81 50 34
34 79 55
92 112 41
87 150 33
173 98 1
54 84 22
190 16 64
75 154 46
155 18 68
174 162 9
101 153 53
51 127 48
123 136 60
190 78 35
0 45 50
197 130 93
38 70 100
158 58 52
60 69 32
3 188 93
135 19 68
152 160 28
8 77 54
97 82 47
91 33 59
137 35 80
83 39 95
131 93 87
189 156 43
191 22 3
161 93 60
69 97 44
27 117 52
119 73 56
37 182 88
33 36 97
35 173 31
42 23 36
62 199 86
62 180 47
37 174 37
27 176 98
81 180 41
23 33 35
139 26 81
25 52 2
52 113 20
69 76 16
198 126 30
191 121 96
78 155 51
46 148 72
64 28 76
188 136 65
134 60 4
190 52 38
145 192 19
106 118 48
100 161 31
44 85 20
131 6 28
190 168 70
151 65 46
112 169 53
155 177 14
141 100 95
78 1 98
76 156 11
39 66 6
137 186 17
157 60 77
59 190 1
127 171 21
81 47 75
33 34 12
182 96 27
33 199 20
67 105 64
103 42 63
56 138 65
66 195 74
104 171 20
13 159 53
49 129 99
175 1 53
132 80 65
115 34 87
146 26 76
186 151 8
55 79 2
12 1 82
179 47 92
59 174 18
23 163 31
95 89 43
80 43 61
136 68 96
179 144 31
115 64 85
161 9 6
190 25 26
189 73 75
179 81 56
156 37 44
112 80 100
80 184 51
1 57 90
171 81 99
34 119 54
108 58 85
47 146 57
84 85 24
7 100 71
147 180 19
0 95 10
126 186 54
78 13 91
97 53 46
195 144 79
12 159 30
30 175 70
24 102 100
130 168 95
129 39 74
86 158 1
5 171 17
95 58 21
102 38 85
16 95 89
72 98 67
186 191 48
96 175 6
187 112 84
146 157 33
18 177 66
41 107 64
140 21 91
12 13 49
114 121 7
117 166 36
167 168 44
33 109 82
11 79 37
188 119 32
8 147 26
9 54 56
98 95 30
11 78 84
44 107 5
146 45 8
159 85 41
102 7 29
89 121 54
66 41 9
195 53 97
196 57 24
139 73 76
62 134 73
139 33 29
178 71 45
134 190 21
173 28 59
21 125 38
59 127 28
130 64 7
149 169 34
163 107 91
123 50 64
146 147 30
121 49 36
14 46 57
50 43 60
55 84 45
130 15 98
93 92 28
123 110 49
52 90 7
181 26 23
34 26 25
153 15 59
113 28 19
102 23 9
182 44 63
126 35 36
58 75 60
127 129 34
197 136 45
183 83 45
108 189 89
137 49 60
9 11 37
56 35 69
47 194 5
173 58 15
199 117 21
124 29 52
126 68 27
88 127 86
114 107 87
73 91 79
187 23 74
72 193 36
49 161 47
60 197 1
128 178 77
185 90 18
31 38 27
82 107 77
98 71 70
194 102 99
26 69 86
129 102 33
65 44 35
130 139 90
41 168 93
8 17 9
38 80 65
108 179 25
121 58 24
125 197 30
3 172 46
15 143 87
50 192 85
29 79 81
37 15 46
92 136 69
7 142 29
62 175 37
22 69 28
31 136 0
170 52 38
140 12 13
141 55 85
180 35 83
56 146 15
109 114 59
1 24 55
117 134 9
60 102 4
52 37 85
138 58 79
194 54 2
174 86 29
27 62 90
176 52 89
13 194 53
90 123 61
191 186 44
110 29 26
18 128 50
172 124 75
15 187 4
183 153 10
68 149 89
70 169 8
185 146 28
3 83 30
87 109 25
28 138 27
164 150 87
163 191 2
61 145 6
185 94 70
14 63 14
14 24 65
11 149 79
42 105 89
156 186 10
196 122 95
119 19 5
62 94 86
147 152 16
137 12 27
176 53 91
193 87 47
145 182 20
9 18 64
1 95 96
159 153 24
68 115 49
151 118 11
58 165 93
147 11 68
127 125 23
9 41 83
135 22 58
93 88 9
104 180 82
106 13 71
90 44 95
115 151 44
118 0 57
183 9 43
56 162 52
56 112 52
24 59 21
188 33 80
10 89 25
72 137 11
168 156 50
174 181 100
67 6 61
18 186 32
130 19 85
192 75 2
140 143 11
92 163 53
187 122 33
195 167 5
12 158 8
182 80 95
88 95 81
139 196 96
15 162 56
184 170 68
111 125 56
71 126 43
151 93 22
126 161 9
123 162 75
30 2 95
172 44 42
186 193 20
186 35 19
38 37 47
102 112 49
137 111 99
52 115 19
183 173 14
7 165 95
61 104 54
49 178 64
96 26 52
121 128 82
22 179 14
127 13 1
160 77 85
22 99 39
56 27 68
90 186 14
12 50 94
135 130 77
28 183 70
15 174 83
48 12 51
134 196 59
63 94 6
30 136 57
180 29 21
190 175 22
12 97 19
66 155 31
122 92 69
19 160 81
28 155 30
93 85 100
68 137 36
123 145 7
179 1 45
87 199 20
94 56 16
113 115 16
146 29 76
1 126 9
155 23 29
36 44 39
72 126 25
73 115 53
177 102 25
8 37 56
72 85 67
81 58 77
170 161 81
41 33 23
192 73 69
96 146 36
136 189 85
143 27 54
139 108 99
198 2 17
24 50 72
145 75 19
94 153 15
117 99 26
165 63 85
12 78 2
112 34 60
108 45 81
167 53 61
58 14 17
125 67 0
82 101 82
127 88 48
145 1 67
164 178 96
172 29 33
189 97 12
145 113 6
165 44 55
6 28 64
124 198 18
162 168 51
161 122 17
5 84 99
91 31 68
143 59 38
134 162 76
0 162 56
14 131 42
77 55 47
60 2 61
21 61 37
169 190 93
180 87 4
124 187 53
90 51 65
29 135 45
199 149 89
90 79 15
59 117 96
143 45 55
18 72 72
93 169 0
193 83 16
106 187 96
2 125 92
19 104 39
132 20 15
179 168 76
75 177 43
102 35 39
26 61 43
69 60 80
68 114 8
159 151 94
123 37 80
47 110 94
66 48 8
21 59 42
8 136 23
22 41 73
162 178 44
56 24 73
139 37 38
44 163 74
41 50 35
51 84 4
31 115 21
108 131 76
136 96 79
125 181 53
10 133 37
0 19 32
144 88 89
18 110 70
195 55 51
10 9 83
91 147 5
185 75 34
133 7 75
72 158 20
171 121 11
164 27 59
68 54 9
28 79 35
14 199 38
65 161 86
50 123 10
51 192 11
78 186 9
86 131 34
193 57 9
68 78 61
100 44 10
16 179 30
34 161 14
25 15 35
95 131 18
72 125 85
152 141 0
77 171 70
157 105 54
103 79 32
4 129 92
153 39 88
89 66 85
72 192 3
33 40 7
50 196 25
150 50 72
135 61 95
183 59 38
15 138 60
64 4 8
36 56 18
82 53 54
43 144 1
67 77 100
34 7 60
117 185 64
100 55 85
52 141 61
133 192 42
41 7 86
125 87 83
120 43 11
68 45 6
37 183 70
57 166 82
95 80 81
59 40 24
29 132 59
0 26 39
111 119 95
61 6 55
91 47 84
57 1 28
34 168 38
177 35 46
65 60 56
114 64 13
95 137 88
59 116 27
183 135 1
146 55 75
14 161 33
43 37 47
20 18 29
162 131 84
151 120 40
108 158 100
84 178 61
118 62 58
27 159 5
188 84 7
134 91 41
31 85 37
34 177 49
96 27 44
49 189 23
144 124 4
11 47 66
159 58 38
106 10 9
55 76 5
157 61 50
62 183 73
182 154 26
193 154 3
161 190 47
1 76 24
119 45 47
44 91 22
177 185 6
174 163 89
62 176 7
89 4 4
92 139 30
95 102 95
118 37 37
83 197 68
98 136 91
98 53 61
12 176 77
85 21 98
103 81 90
52 86 32
186 89 1
60 95 98
27 50 24
90 80 75
93 22 59
181 57 90
54 156 45
128 156 16
5 158 73
126 16 8
16 115 12
55 59 90
169 143 45
3 115 29
137 76 45
159 176 63
192 130 60
188 173 9
108 185 73
101 147 4
145 6 67
115 25 99
128 171 4
35 181 35
64 177 36
75 28 97
174 91 21
174 55 27
12 86 40
33 189 57
195 192 63
140 85 35
30 59 54
137 83 35
102 71 98
176 27 66
105 76 4
100 174 88
151 72 0
58 135 66
103 30 34
46 132 41
121 122 82
99 177 3
78 160 42
70 152 8
123 180 44
175 79 12
33 80 29
45 83 20
163 190 14
43 76 36
158 99 25
122 176 18
86 115 84
107 185 27
181 153 84
148 139 19
193 111 28
178 174 76
166 192 0
70 186 67
134 160 47
78 43 83
3 113 28
103 171 54
96 138 33
85 52 48
56 180 37
104 20 98
137 154 100
95 3 3
50 91 96
115 52 97
184 173 30
100 75 40
38 23 23
163 175 86
109 97 68
182 47 63
27 161 56
130 172 83
14 11 98
1 147 62
66 30 32
187 79 38
120 76 88
176 61 4
30 187 17
125 183 98
181 177 37
69 189 92
88 15 41
47 133 36
39 109 35
128 33 18
95 98 46
182 67 19
142 23 40
119 127 86
62 53 99
134 90 34
89 128 70
189 12 45
96 188 42
175 119 16
45 123 32
115 79 19
163 188 52
192 140 10
0 188 4
94 29 12
133 124 28
56 115 23
172 103 9
31 172 27
169 178 34
21 192 89
111 128 34
47 130 99
59 147 54
82 8 2
179 133 15
59 152 74
67 117 89
94 81 69
179 50 72
131 170 63
67 143 10
194 45 66
193 109 77
182 183 99
60 31 42
94 117 47
77 54 59
123 61 27
89 164 91
64 38 7
73 160 5
132 63 48
63 10 27
39 65 70
83 30 47
149 135 11
38 3 89
143 127 70
34 133 86
52 180 85
79 60 29
113 64 21
138 96 37
93 44 56
55 72 81
179 162 52
58 61 63
174 189 74
169 121 15
161 47 68
105 139 48
28 37 65
115 173 68
132 167 24
121 81 52
168 104 33
145 147 4
36 124 39
167 107 95
81 173 43
168 195 4
108 2 11
19 169 41
52 61 17
37 133 82
3 68 30
167 83 83
76 14 95
27 73 73
21 135 33
149 110 99
106 63 16
178 161 21
149 177 13
93 65 45
77 61 86
40 79 61
53 129 78
33 89 21
120 146 10
46 106 85
146 75 37
164 38 74
90 137 15
6 109 45
101 79 40
118 140 35
140 131 75
140 14 6
128 86 79
81 107 54
52 170 25
49 153 40
77 20 32
132 142 13
168 28 62
63 182 62
81 71 59
98 76 57
59 164 24
116 46 6
53 3 5
23 36 16
55 48 16
89 163 5
31 79 86
21 19 8
98 70 6
195 105 88
187 195 30
149 43 68
88 47 79
7 184 23
160 15 60
12 43 26
9 174 17
155 182 97
11 163 100
37 72 34
64 42 49
25 61 10
4 165 0
47 140 91
54 185 82
197 120 96
86 0 86
37 179 11
104 129 1
30 4 97
113 190 38
91 112 85
160 78 81
63 166 13
21 193 72
85 94 42
94 72 72
23 63 91
171 16 43
31 100 1
146 73 40
63 162 26
198 121 35
15 131 62
13 45 11
34 14 8
79 40 2
195 41 35
60 176 41
93 148 52
154 58 62
59 55 64
182 81 72
189 63 47
82 47 52
82 50 44
19 95 51
173 93 0
170 112 9
131 156 2
131 176 33
51 137 77
70 184 24
113 12 26
170 73 35
60 129 67
24 68 37
37 2 57
43 168 62
45 61 2
156 127 68
73 29 86
112 5 93
57 60 24
160 98 59
110 51 61
153 93 16
66 104 33
57 142 40
56 0 98
163 141 24
7 47 56
141 76 8
47 157 61
38 125 7
80 161 2
174 31 16
127 126 43
33 106 96
117 24 87
183 36 36
141 192 17
106 45 46
143 35 10
127 91 2
30 172 13
95 31 86
71 6 50
168 30 63
22 138 45
108 118 56
70 113 0
119 3 27
17 9 87
10 22 92
152 18 58
51 33 35
75 38 87
4 79 100
190 5 65
52 147 73
184 91 44
184 94 11
117 140 21
152 121 90
141 96 23
129 61 21
170 153 93
28 99 14
154 84 21
143 24 71
118 134 14
179 19 88
184 185 43
8 100 92
125 157 3
6 103 53
42 24 54
36 21 54
110 82 61
146 91 24
14 26 15
188 126 63
153 16 85
62 1 11
139 43 78
199 136 40
41 95 69
113 91 59
35 143 82
87 16 10
56 198 35
84 122 63
55 133 24
84 141 93
62 63 44
120 194 71
71 154 47
73 193 27
4 158 22
109 147 91
191 90 56
11 63 30
103 168 9
54 119 1
119 78 43
109 175 26
49 188 86
142 134 82
156 134 81
133 136 66
66 140 37
149 128 62
168 96 95
7 57 34
33 121 14
97 142 46
128 98 55
186 3 28
188 195 74
166 109 9
85 42 51
26 106 34
196 124 71
43 104 96
38 137 1
145 184 54
117 198 6
78 198 29
83 175 9
107 199 15
55 24 44
94 110 90
60 21 30
26 149 24
88 26 23
125 195 52
109 120 6
138 20 80
57 35 47
61 110 68
155 21 54
101 53 17
143 122 100
61 40 10
95 163 73
41 102 24
137 185 73
91 161 40
197 31 52
197 123 85
83 166 16
51 120 92
38 185 98
111 139 87
47 87 0
167 147 16
97 128 13
47 40 59
154 173 78
194 52 86
154 164 14
31 77 57
185 172 55
12 98 17
133 151 64
189 195 91
126 138 38
191 139 87
104 193 93
113 147 20
26 150 100
43 186 79
199 71 63
132 15 88
29 117 2
136 180 67
182 120 18
141 86 25
20 1 53
85 189 39
10 136 7
196 22 1
134 5 5
101 180 68
25 137 51
194 121 44
194 140 7
57 195 29
64 44 88
174 97 5
51 116 0
126 121 1
59 54 28
70 163 34
173 165 59
161 0 33
197 17 29
44 94 69
132 168 9
53 134 63
76 31 37
183 126 65
86 171 30
100 7 38
121 165 86
114 39 29
11 37 15
41 52 42
70 31 76
21 35 9
11 7 75
115 157 87
84 37 36
137 190 0
173 0 66
107 173 71
17 42 20
158 137 77
176 182 11
90 29 63
22 180 28
129 84 87
198 114 39
70 76 7
165 60 98
50 38 83
52 60 13
5 104 27
6 158 72
167 185 39
16 195 18
114 14 16
150 22 3
63 6 73
77 85 4
155 121 59
118 56 9
158 64 63
18 35 16
39 50 40
173 148 46
113 19 74
69 14 62
172 133 78
152 167 31
30 142 99
100 123 78
110 63 6
50 69 53
150 147 93
150 80 9
172 54 90
138 98 94
5 76 18
120 163 46
19 136 90
87 98 61
158 107 46
157 69 80
153 162 45
19 127 91
152 99 91
166 28 20
62 193 87
143 12 7
59 2 66
128 36 32
21 17 18
177 50 26
1 122 70
46 119 70
7 171 60
38 6 3
130 150 10
37 54 10
137 118 38
147 59 22
90 39 70
6 8 89
161 129 92
76 20 11
61 44 98
104 76 13
12 85 55
99 167 96
63 149 72
5 194 83
38 136 2
122 188 55
127 84 38
172 143 64
6 78 42
68 3 93
70 37 61
73 173 45
92 138 75
137 136 91
2 110 26
150 72 74
47 129 58
165 98 88
192 188 85
106 157 43
5 128 16
4 144 32
142 174 65
3 122 51
66 54 16
54 106 20
68 188 55
71 18 18
102 99 45
155 187 5
164 66 51
187 185 73
138 114 7
160 139 53
80 121 9
142 27 12
70 65 20
124 58 66
135 155 34
158 49 66
197 30 62
59 71 99
104 139 76
173 169 50
178 98 99
187 111 5
2 142 27
138 7 21
31 154 59
2 85 89
1 65 64
125 154 43
195 68 82
16 196 64
65 144 20
3 111 96
103 48 73
97 134 95
2 87 59
60 52 17
145 86 56
21 106 94
41 80 96
183 139 40
28 35 38
115 117 32
45 87 99
93 98 75
51 161 91
88 29 97
0 44 20
161 176 53
65 62 26
62 155 36
186 47 1
192 43 50
178 131 91
70 50 16
56 53 15
81 87 41
100 37 81
20 17 82
93 195 75
120 101 10
137 27 8
106 89 9
130 26 17
95 189 93
39 93 55
134 156 31
25 1 6
105 111 40
193 102 9
148 75 72
62 101 42
54 134 44
199 9 14
184 78 64
51 160 63
5 183 88
132 14 18
122 113 45
31 101 27
20 109 22
56 197 100
154 159 83
192 69 71
153 5 17
102 188 12
40 26 61
153 145 1
19 138 91
185 69 25
3 7 95
170 39 62
43 51 42
14 114 52
15 136 97
78 77 38
39 10 69
131 119 64
81 53 49
114 33 39
120 63 57
85 107 13
165 7 96
127 128 31
17 156 26
94 107 3
45 6 0
75 24 31
133 196 95
92 145 59
67 42 87
81 120 17
25 127 38
175 41 76
54 60 54
52 34 6
91 109 94
77 143 33
194 144 29
31 104 32
0 156 44
18 8 63
82 173 33
144 171 38
34 50 89
63 12 100
157 153 93
46 187 19
119 41 5
58 33 96
194 82 80
169 19 95
152 11 1
148 21 8
126 46 78
44 108 67
70 41 20
60 0 49
174 14 88
127 116 72
112 0 63
163 34 18
14 62 23
125 69 64
92 189 51
141 175 34
35 168 40
88 17 85
92 18 78
88 154 41
62 67 35
90 0 28
49 126 54
37 101 96
38 45 92
57 137 32
71 62 81
165 9 36
22 28 36
63 89 29
54 109 79
198 160 14
176 51 50
174 90 35
163 68 39
6 17 33
34 157 82
147 91 44
147 124 70
38 53 7
24 156 20
180 96 46
91 71 93
167 69 89
191 162 20
160 56 33
197 28 95
165 183 48
197 134 71
98 156 30
101 0 83
161 40 76
169 158 74
76 13 52
149 0 39
79 152 78
175 9 87
169 10 56
169 117 21
161 8 82
153 1 82
175 33 58
110 172 100
88 191 92
151 185 38
122 39 36
13 179 9
153 35 93
171 107 51
8 42 2
152 4 16
50 72 76
9 123 36
50 151 38
96 38 92
166 170 59
3 73 24
81 9 98
139 105 52
130 80 32
1 171 93
127 186 6
5 181 37
106 158 95
43 151 64
79 0 63
145 165 99
24 43 57
155 20 61
119 185 43
165 141 76
126 27 86
198 9 86
198 47 67
157 11 2
70 130 32
176 183 39
83 75 54
174 103 5
104 115 70
66 102 74
162 45 21
145 157 20
123 126 21
189 24 87
72 140 50
36 59 41
87 65 13
12 92 20
87 64 66
9 14 2
107 22 41
106 162 69
50 100 43
129 115 36
65 94 11
14 137 94
112 14 66
19 172 27
39 189 33
169 6 4
147 122 18
84 11 21
60 188 23
71 22 91
111 83 31
50 197 5
46 89 41
97 5 35
143 36 56
158 61 84
2 67 0
4 2 68
16 85 17
172 83 36
113 47 33
85 84 21
2 23 78
26 0 93
17 64 57
140 62 2
139 20 46
151 51 14
138 168 34
184 114 25
46 131 12
113 96 83
130 53 7
4 41 76
16 164 24
185 12 40
64 98 91
9 93 0
1 149 17
81 132 97
91 114 1
123 98 28
193 166 65
58 163 1
66 91 54
195 141 12
144 155 28
95 96 53
115 17 39
129 181 42
137 109 58
70 144 58
17 188 31
191 48 76
175 158 92
34 97 67
135 39 43
87 172 88
3 10 96
54 37 3
195 116 75
2 0 0
76 171 47
98 146 9
136 91 33
116 43 59
103 132 44
116 29 54
28 189 51
181 175 41
124 25 1
127 39 79
35 96 19
159 35 64
171 99 87
43 177 63
169 68 51
53 121 37
9 24 7
126 113 92
134 115 41
5 36 94
51 89 66
27 38 14
150 68 1
83 15 53
88 69 18
66 86 60
54 189 66
182 102 52
138 173 95
182 171 85
146 135 46
82 22 91
129 89 28
155 193 49
180 99 45
144 140 22
178 21 78
177 124 56
165 67 40
150 172 36
6 132 21
166 127 84
174 56 88
13 77 41
85 178 35
103 159 61
27 133 29
161 92 63
39 105 39
167 0 78
153 137 26
188 70 35
132 148 63
48 6 15
186 93 79
20 101 81
179 70 89
26 33 93
77 93 56
130 191 96
198 19 68
133 162 71
184 162 89
171 54 28
1 185 95
155 139 75
138 159 81
118 111 18
112 136 83
68 67 37
95 115 61
124 16 14
11 16 5
44 79 17
33 25 98
185 165 93
97 131 74
67 142 9
184 150 77
195 56 41
85 130 59
56 72 29
181 80 19
64 123 52
15 141 66
64 198 0
67 146 49
67 5 51
85 46 3
22 165 81
10 177 84
82 149 48
75 124 98
145 133 92
1 182 95
137 62 58
85 160 2
24 2 59
118 72 91
111 43 78
147 179 75
121 142 55
101 133 93
111 190 58
24 169 68
184 96 37
55 7 80
84 115 16
161 79 33
125 16 13
113 80 43
157 192 99
160 23 13
133 158 94
112 178 98
142 31 58
30 134 22
94 5 62
87 51 81
170 198 46
196 147 32
41 154 27
41 91 64
60 82 67
68 148 48
153 172 82
3 193 0
79 35 83
81 146 87
2 146 43
156 55 11
191 124 9
27 190 11
42 94 62
35 166 38
34 18 90
103 92 94
69 176 35
14 196 88
118 169 92
69 166 1
11 101 53
118 73 74
90 129 32
153 158 70
73 75 86
191 60 45
135 21 72
91 193 31
79 178 21
95 28 49
199 109 47
191 54 79
31 120 58
97 194 9
145 187 18
121 134 39
56 63 97
24 44 74
139 180 50
113 94 78
62 65 33
195 15 68
199 156 38
36 196 51
91 104 37
57 129 51
185 5 59
186 159 73
8 182 30
127 124 63
183 84 24
120 13 84
115 127 24
40 196 40
193 150 55
89 92 47
115 164 87
76 165 13
49 104 37
147 77 36
152 128 99
152 129 23
107 53 10
79 51 1
98 161 82
88 60 35
29 100 53
159 92 71
21 18 41
155 0 38
144 159 24
38 133 83
83 159 98
198 187 55
16 91 55
86 89 79
62 44 96
59 148 1
3 166 99
187 159 34
37 118 10
115 67 22
80 49 63
115 3 57
57 179 34
18 39 97
105 186 93
88 46 47
192 139 85
148 100 74
141 198 28
192 184 65
34 15 98
129 17 96
75 131 34
27 143 11
146 176 58
87 52 79
58 116 66
112 132 69
89 95 76
123 158 86
153 19 69
9 7 40
171 2 18
65 87 39
25 196 70
7 159 52
56 8 95
162 170 35
127 173 25
101 105 7
23 71 95
25 64 85
2 35 54
129 114 69
158 1 88
193 43 92
109 96 71
95 140 34
64 65 64
33 91 74
110 136 8
24 148 58
101 90 0
67 83 61
77 36 39
93 9 19
187 9 20
30 67 49
10 169 63
58 196 66
60 113 97
48 25 52
122 22 36
86 147 49
162 66 57
196 84 2
140 108 83
141 137 55
182 106 16
111 187 72
99 49 45
155 119 50
1 60 94
164 51 22
18 185 43
34 4 98
77 133 65
87 34 3
79 88 57
56 145 10
15 184 81
30 173 2
29 150 58
100 180 41
30 169 4
37 96 1
77 37 97
10 14 96
10 20 82
140 42 15
10 55 95
88 81 100
40 47 50
142 115 60
73 40 36
188 101 44
111 183 81
89 25 96
25 65 86
95 125 92
140 147 48
108 150 70
70 127 83
39 85 94
50 88 46
66 157 87
65 156 42
198 68 82
135 54 59
149 113 57
146 9 15
118 78 83
160 89 69
21 168 81
198 13 77
167 108 0
148 56 91
116 83 36
6 99 27
79 138 94
1 111 68
61 168 68
189 35 67
198 64 98
190 3 12
38 94 58
174 65 62
150 199 25
133 144 5
58 26 78
3 153 0
15 34 24
94 10 31
144 137 74
20 100 28
19 51 32
199 72 47
184 145 55
8 15 32
160 173 33
187 28 39
31 93 20
25 100 17
93 175 90
13 156 0
159 2 16
103 169 75
104 11 13
33 135 97
4 64 58
183 24 96
168 126 2
191 155 36
152 43 10
163 123 55
12 38 45
52 1 25
24 75 44
99 30 52
36 145 77
73 168 20
27 89 19
15 87 14
5 136 94
109 184 72
90 119 16
157 140 22
16 149 76
130 33 58
145 11 74
94 63 63
150 93 88
52 104 64
82 123 96
44 89 71
188 170 45
77 168 21
122 172 94
112 177 9
66 169 46
147 85 91
155 91 55
178 66 35
181 40 97
170 35 26
196 117 18
181 116 42
14 198 58
69 181 43
195 176 24
155 61 47
187 80 13
95 38 100
45 43 24
129 199 65
106 133 67
115 194 75
173 128 62
59 61 1
165 19 32
33 75 21
66 94 25
27 33 75
126 10 61
44 67 63
47 13 83
193 129 82
13 136 31
96 173 0
159 130 4
186 97 82
198 111 81
1 103 21
76 21 86
24 117 67
138 31 41
155 107 17
198 17 15
178 25 76
65 66 67
21 45 95
151 10 31
2 48 80
42 197 93
188 56 43
129 167 73
139 142 100
107 96 2
60 62 60
84 140 90
187 84 65
10 25 30
197 83 76
3 53 83
41 10 60
25 28 56
26 127 10
131 85 19
29 180 70
69 63 86
189 56 22
95 101 72
167 123 99
113 188 25
198 169 81
75 169 53
111 91 99
75 71 25
114 104 76
151 122 29
138 151 85
190 181 60
198 147 100
80 196 0
76 135 77
153 70 100
146 97 13
63 91 86
152 188 93
84 76 10
47 163 14
183 55 40
15 126 51
67 119 27
77 172 80
27 100 29
87 10 42
11 112 26
191 115 46
22 33 20
156 26 24
168 102 3
97 103 86
90 30 19
5 177 35
189 61 18
107 28 74
6 30 43
70 42 57
76 112 46
7 160 27
96 126 84
33 17 70
9 29 5
26 58 66
20 29 69
52 48 94
153 112 15
113 139 85
109 23 40
172 73 99
54 17 9
194 170 83
37 95 37
121 157 87
35 164 12
158 126 42
76 3 55
152 98 38
42 149 99
161 188 50
55 11 76
133 125 13
59 144 94
181 45 8
37 57 16
180 31 91
22 52 91
170 179 33
86 41 66
149 76 26
48 26 100
18 160 51
96 41 52
65 190 97
109 108 57
13 53 10
119 188 98
79 153 76
182 160 69
92 198 69
5 26 40
115 135 17
75 10 32
4 187 92
101 1 75
100 140 60
11 154 33
47 198 87
196 70 43
20 140 75
40 16 30
98 110 94
87 58 37
161 49 79
35 116 63
188 141 56
8 134 67
67 40 65
85 50 64
193 45 31
198 174 57
65 115 58
69 178 90
129 174 44
178 115 94
82 150 3
63 134 43
124 70 87
158 169 23
1 84 29
7 94 35
2 196 12
195 11 17
1 37 75
186 14 9
129 192 91
101 164 100
55 155 64
99 25 35
44 55 67
160 71 26
97 88 57
178 17 67
193 182 18
40 45 7
143 195 84
157 110 62
116 112 70
199 103 44
165 93 60
59 0 20
165 46 27
20 33 28
41 176 41
192 101 28
196 47 64
58 180 77
10 16 89
114 188 97
148 91 19
130 90 99
48 112 89
20 48 14
196 111 42
82 13 33
143 20 65
116 1 91
191 64 100
40 18 97
28 119 79
138 188 43
27 5 28
138 4 23
69 144 33
157 56 12
4 137 3
5 108 51
83 63 9
57 18 25
121 171 84
187 153 77
37 167 57
193 40 58
53 152 62
123 156 6
196 89 41
39 190 54
52 9 93
173 126 57
115 119 39
17 10 76
122 12 23
40 31 73
118 183 43
150 1 49
108 142 39
30 1 48
174 112 83
29 137 68
152 146 2
179 151 27
107 157 23
192 144 63
20 187 88
182 94 93
149 85 41
120 65 34
138 192 6
43 178 37
6 196 99
95 154 87
39 48 8
26 168 58
50 180 80
104 89 64
29 16 43
138 112 38
173 159 49
124 195 96
117 11 33
63 147 91
155 70 18
181 163 84
37 30 89
148 55 77
20 34 89
37 33 44
21 83 63
125 116 57
152 180 33
190 66 58
199 146 6
122 185 59
163 181 0
160 150 87
92 148 43
152 112 82
198 73 27
161 111 55
171 86 0
24 128 0
122 56 53
104 114 7
130 77 76
157 57 67
149 51 83
79 102 91
107 143 31
43 31 0
133 24 83
175 161 56
187 93 78
195 47 68
146 30 92
145 83 2
72 174 93
15 10 79
48 14 1
68 33 11
36 133 49
171 69 17
186 56 47
61 148 61
69 122 39
163 169 85
37 137 21
96 22 9
167 143 57
86 94 42
81 178 41
151 158 99
80 98 18
190 133 77
193 85 34
153 186 86
134 166 4
172 186 1
84 123 73
117 133 67
82 1 8
54 56 92
47 69 64
167 48 55
170 124 82
68 48 39
29 107 92
104 60 10
106 169 15
39 79 70
13 169 63
189 77 86
175 31 40
111 194 93
134 118 33
89 33 4
39 73 88
57 149 76
176 25 0
117 128 61
189 160 11
157 170 41
191 117 62
66 98 38
98 169 88
125 184 84
64 26 62
115 177 87
112 98 29
76 124 95
193 112 5
198 40 77
186 91 44
134 126 23
164 86 50
144 99 32
146 118 55
135 132 36
49 173 91
171 172 0
103 146 95
112 42 58
155 99 83
65 35 10
82 30 17
87 43 98
153 136 59
124 11 14
180 10 74
24 91 14
78 171 62
43 180 66
84 54 7
108 144 53
128 41 66
84 170 97
171 157 29
191 110 73
33 153 96
126 9 28
69 58 42
94 121 12
54 33 12
133 131 98
64 43 11
110 185 38
189 38 41
71 127 35
132 69 0
59 151 10
28 166 70
72 73 11
104 9 52
92 35 3
96 113 65
147 55 61
59 97 64
132 158 71
35 183 61
10 159 56
143 107 34
16 104 48
64 145 33
87 77 24
179 87 91
92 114 86
31 150 50
134 105 93
4 167 14
93 179 49
28 82 40
54 1 87
139 66 14
43 96 93
162 100 85
60 86 93
87 18 55
90 168 75
7 81 41
126 50 16
58 63 100
158 177 82
94 170 43
51 12 78
142 56 89
31 86 54
115 122 98
48 95 4
153 141 94
12 118 18
164 30 71
136 76 52
24 150 100
117 71 95
158 79 33
53 145 20
120 19 38
78 163 21
164 41 18
165 142 50
198 41 59
89 73 51
98 36 94
185 23 19
93 151 79
25 4 49
147 21 82
170 131 9
143 191 83
81 185 33
42 18 24
143 126 47
31 153 99
171 196 49
85 57 25
33 163 31
48 79 26
89 7 82
106 39 87
134 168 64
121 16 82
15 166 54
22 68 49
142 36 86
121 106 93
36 165 27
18 166 55
118 12 91
165 3 100
191 28 35
22 153 94
166 20 77
59 146 52
164 163 96
35 111 35
152 191 54
33 23 81
90 155 87
54 170 79
62 135 33
171 106 75
100 10 92
41 65 18
146 28 57
118 106 66
185 72 54
95 82 77
81 140 30
132 160 76
169 156 25
187 59 64
96 83 4
149 50 68
101 168 69
151 16 67
45 180 52
128 64 67
66 150 5
171 26 22
15 54 99
87 37 70
86 154 4
143 80 83
46 117 61
177 181 83
55 15 90
40 82 76
107 0 41
93 158 35
40 65 13
121 28 79
24 38 46
10 170 32
185 141 77
93 136 59
24 27 82
155 144 56
65 170 62
175 52 88
90 86 10
115 149 31
75 68 44
199 96 94
95 109 52
47 170 85
0 66 20
1 181 55
121 196 81
124 26 22
34 197 86
17 106 42
159 140 13
161 62 92
96 183 48
50 185 90
81 117 42
147 27 54
29 72 75
125 21 37
53 48 16
188 3 30
127 103 54
174 197 89
115 69 36
120 135 74
121 29 76
129 103 44
35 20 44
161 160 57
132 170 45
174 26 40
115 49 63
49 10 90
27 83 29
85 12 70
52 168 74
113 170 68
92 108 43
34 198 23
161 194 86
110 167 9
48 31 71
168 14 86
13 132 53
116 160 25
91 192 92
24 166 72
63 11 95
72 170 52
73 17 22
108 22 22
16 181 85
90 151 79
171 85 5
177 135 22
112 129 72
142 15 56
28 156 82
100 141 34
155 135 7
103 71 88
195 22 21
97 72 20
25 166 47
140 132 57
180 17 67
84 62 57
153 169 43
57 156 98
197 111 77
87 69 94
64 163 87
124 38 78
129 0 91
3 140 77
54 0 43
194 180 16
112 8 65
168 99 82
129 134 95
68 46 6
162 132 14
119 92 55
64 189 78
164 183 97
13 46 47
68 36 90
199 40 84
105 45 58
67 43 66
179 117 5
195 193 94
98 100 99
80 97 86
118 154 73
54 194 3
85 192 19
134 36 94
168 169 54
122 117 37
168 59 79
109 18 43
137 98 1
193 126 5
92 49 8
3 116 71
159 12 76
9 116 48
41 69 41
33 13 12
133 3 60
187 13 20
6 144 99
153 10 55
140 125 0
43 169 61
183 113 50
122 70 74
1 49 34
127 109 88
46 58 1
106 196 44
124 68 15
195 10 51
101 8 18
26 129 91
102 122 56
147 105 2
116 129 49
12 185 68
15 178 69
58 40 91
138 105 17
33 93 62
57 167 85
88 101 72
186 136 98
66 180 34
135 89 61
123 189 0
147 140 100
88 188 62
29 92 43
168 137 29
1 125 62
165 8 1
7 33 93
52 30 95
19 154 11
139 80 10
192 171 95
102 170 61
72 128 9
33 198 17
55 30 93
39 31 79
147 118 49
4 186 72
143 10 97
193 79 92
71 198 80
112 73 43
52 158 24
20 183 100
71 160 60
176 152 76
78 20 87
117 159 96
42 39 90
12 11 11
152 95 32
159 11 14
34 159 16
141 1 5
68 154 18
62 72 99
48 60 36
78 192 31
107 171 82
121 59 3
79 58 62
162 84 51
16 46 31
86 59 12
156 199 1
23 189 99
0 58 86
84 128 9
132 186 34
21 95 89
19 158 89
100 29 25
8 144 50
132 42 42
92 150 28
118 29 67
95 104 35
13 180 86
76 92 15
99 182 100
33 76 49
177 28 20
59 143 32
191 134 28
87 124 75
44 2 9
148 128 25
29 193 67
7 116 13
172 43 38
68 109 7
103 121 24
117 199 53
157 121 24
196 165 7
135 93 68
178 86 47
163 135 2
33 6 44
195 188 20
188 157 12
110 20 77
20 56 72
20 73 89
129 159 6
168 145 89
139 19 60
6 47 72
101 135 29
110 174 31
160 187 70
186 81 55
176 3 53
80 15 61
87 123 33
134 181 47
124 180 21
132 21 85
47 183 98
172 136 87
143 76 59
182 141 26
106 129 1
82 137 58
193 183 62
110 135 56
132 141 95
196 90 96
190 189 70
72 62 25
166 106 54
137 18 3
153 75 12
100 31 26
156 56 48
53 73 43
127 122 42
119 163 15
85 102 70
33 151 32
49 157 23
8 24 48
113 105 94
33 107 72
43 107 59
16 117 58
50 53 41
125 4 37
117 94 77
146 16 61
21 49 13
38 30 8
101 110 75
149 66 12
55 180 7
131 79 87
45 137 62
54 142 65
86 179 89
6 134 52
48 7 37
143 39 71
70 103 73
35 108 72
80 18 27
93 4 91
51 106 72
183 93 27
71 173 11
100 98 75
117 69 16
155 14 69
148 162 40
109 87 50
28 103 80
82 29 40
34 135 4
127 77 71
192 170 68
172 47 13
75 78 83
37 9 20
110 158 27
77 119 46
104 118 71
190 161 36
151 6 20
46 65 61
56 22 91
64 182 83
162 194 66
98 3 67
60 181 73
10 196 2
83 124 67
158 114 84
126 71 91
180 41 3
90 179 79
30 69 16
139 175 53
8 86 79
95 177 29
124 94 24
9 161 97
33 16 7
109 38 13
170 197 33
169 92 63
128 10 77
69 85 55
23 5 71
18 3 81
37 35 14
123 142 63
100 116 29
143 103 86
36 159 84
154 169 34
87 92 70
137 36 96
105 24 8
66 71 49
116 144 8
154 54 29
104 45 14
62 141 80
189 43 41
34 186 57
188 98 61
151 142 56
6 160 99
60 147 60
77 24 12
169 167 76
197 119 16
134 187 12
119 24 26
179 89 47
144 13 55
132 47 22
122 67 23
36 116 32
115 130 58
53 124 96
199 150 30
118 67 26
160 75 70
62 184 65
118 68 67
187 177 64
9 121 86
87 15 77
176 31 25
177 81 69
176 124 5
185 189 35
54 29 14
99 115 44
38 63 54
101 103 66
45 119 10
44 121 4
78 89 0
20 164 86
92 80 68
42 86 57
108 62 29
25 49 57
120 107 36
135 140 79
7 51 6
138 99 83
128 117 82
59 121 34
151 26 43
176 175 37
136 16 69
109 73 48
16 121 93
147 138 22
5 169 50
162 177 58
174 62 36
88 155 49
5 58 69
9 38 50
106 103 83
86 49 92
110 142 62
95 21 76
27 37 48
94 148 35
54 98 88
15 4 81
169 124 45
93 56 75
63 42 20
172 116 92
40 63 37
79 148 89
121 37 54
155 62 81
141 191 3
143 114 1
66 146 56
153 95 56
14 57 9
18 65 29
131 41 43
81 24 20
33 49 50
10 63 49
69 168 88
65 176 85
147 154 40
38 168 50
115 42 75
87 29 95
86 46 8
167 102 56
176 38 73
127 190 100
35 107 49
81 36 15
101 122 76
138 142 56
119 29 93
8 152 27
56 165 23
4 75 38
34 178 98
138 45 25
124 172 48
78 14 81
56 54 27
197 92 22
154 195 60
114 62 96
160 48 47
69 61 96
174 168 24
156 125 98
157 115 93
70 140 14
95 103 82
138 28 59
131 15 69
174 182 17
168 75 43
113 4 75
67 169 27
26 40 61
42 178 94
53 81 71
15 27 44
91 171 98
151 190 19
62 22 3
102 169 79
150 64 75
113 124 88
166 12 7
177 67 30
195 189 49
72 17 33
5 1 46
15 94 84
110 166 44
138 70 24
150 16 3
125 28 38
34 68 62
122 25 5
57 49 63
13 73 79
86 53 87
120 92 57
124 103 55
18 23 82
197 191 23
35 138 73
100 95 49
117 66 68
180 173 53
92 132 5
78 135 92
159 52 100
20 61 74
142 98 43
34 145 67
50 49 6
171 57 58
126 66 74
39 186 25
183 63 26
22 131 26
17 86 35
120 97 24
90 81 45
151 153 34
35 8 85
119 26 68
172 145 46
103 96 22
86 90 8
163 87 30
161 139 89
98 30 7
103 49 33
15 193 31
189 25 87
63 102 68
142 97 27
86 71 42
66 56 86
198 143 45
97 140 66
128 90 7
183 103 92
111 153 90
116 99 92
84 150 29
107 44 44
20 77 61
133 64 26
92 61 88
171 70 88
114 37 31
103 152 100
84 52 3
155 129 23
11 111 94
21 48 20
184 110 18
95 72 88
47 138 34
97 16 23
40 89 58
63 68 21
134 114 30
36 76 26
191 174 89
45 183 26
69 160 83
12 170 71
105 27 2
191 63 77
40 92 55
48 97 54
77 4 19
89 150 35
126 147 16
10 127 44
101 118 84
155 72 28
134 39 100
164 136 26
19 189 35
58 170 40
195 119 39
135 44 57
170 99 11
121 104 65
108 136 95
37 84 40
10 60 67
143 41 3
38 112 94
53 126 20
182 11 12
60 53 50
91 45 45
110 152 78
82 109 10
73 45 67
181 150 79
12 64 75
149 48 17
139 103 81
110 84 96
0 43 77
51 165 16
151 175 70
99 97 31
151 13 69
133 50 14
43 138 98
55 43 91
51 69 48
165 72 6
25 101 29
111 15 8
27 13 31
188 185 16
170 12 90
37 108 66
78 38 14
94 144 65
132 91 85
103 138 83
38 127 60
176 101 40
52 136 84
114 49 92
179 178 74
60 130 93
183 150 65
147 63 48
187 6 44
51 50 26
157 123 98
148 57 62
85 96 56
80 63 14
23 181 8
151 167 41
71 56 84
26 180 47
113 195 63
22 5 78
59 112 55
70 134 7
167 38 86
7 115 77
67 184 71
66 9 59
47 90 93
75 195 25
106 41 46
156 30 96
102 166 64
125 29 15
75 193 66
112 83 36
140 94 22
152 5 56
99 194 47
160 186 5
64 76 96
0 100 92
102 123 20
156 182 11
114 124 46
84 171 44
100 20 7
147 72 96
128 84 85
123 104 68
72 78 62
12 19 78
152 177 49
26 21 68
186 51 16
66 82 18
83 53 26
6 121 21
56 19 74
174 21 16
182 3 48
95 156 14
129 81 80
103 86 44
62 92 79
124 7 45
39 24 79
173 105 8
127 166 9
107 190 5
175 58 53
175 63 32
150 71 33
190 124 27
20 6 82
199 79 97
54 38 7
55 114 7
106 65 24
161 48 26
75 123 81
173 41 74
68 191 41
88 41 11
96 111 66
133 86 84
189 67 56
69 50 42
132 16 46
153 178 81
136 169 7
76 18 4
198 180 26
167 134 36
136 104 42
180 77 90
63 103 35
188 192 14
53 19 60
96 25 14
30 185 59
70 104 20
114 165 40
154 2 83
170 49 42
182 123 40
91 105 29
73 50 48
191 166 32
4 69 1
27 141 89
111 102 95
42 62 67
31 129 7
136 164 21
157 133 20
190 6 99
137 22 42
196 5 18
51 29 48
16 162 27
133 102 49
79 87 85
63 78 95
76 123 56
94 69 24
187 172 46
185 38 62
80 34 67
40 48 100
126 51 9
104 123 60
155 45 49
172 76 71
3 23 10
99 168 55
154 99 16
180 60 62
189 41 51
148 64 84
31 63 31
180 54 21
116 10 56
5 168 87
85 47 77
158 100 1
185 179 48
127 140 17
67 173 99
71 75 4
95 151 76
84 162 73
176 14 58
154 198 29
47 56 59
172 149 6
197 91 68
24 125 36
146 5 0
56 47 58
65 163 75
137 198 41
24 5 61
176 160 0
141 196 83
4 162 10
154 29 83
133 4 74
64 142 89
157 24 81
172 127 39
122 116 42
16 41 91
186 160 61
117 8 94
53 110 58
22 62 74
49 105 74
1 109 10
196 66 89
183 149 19
129 77 57
159 188 99
75 87 36
64 156 14
52 195 94
103 60 44
161 26 64
164 50 18
189 173 55
188 90 30
194 75 26
102 41 79
18 195 17
19 70 56
137 124 61
194 55 95
51 70 97
132 120 82
139 44 32
123 160 43
50 135 58
15 13 8
99 68 72
120 191 14
118 21 70
48 29 65
62 26 15
159 39 53
123 109 46
104 88 82
117 85 35
97 80 35
183 146 88
44 118 33
56 11 23
139 99 92
129 19 5
161 118 0
194 190 85
120 127 2
164 108 56
28 193 8
107 41 64
163 48 8
27 29 5
47 21 31
147 96 29
121 160 57
128 118 21
130 116 73
80 142 59
170 145 74
106 116 45
87 72 15
130 83 29
176 73 9
180 28 59
99 125 76
8 71 77
12 5 48
73 106 25
116 91 88
19 17 30
130 192 68
51 142 66
12 194 16
139 190 43
117 103 11
175 71 40
18 113 75
51 28 89
38 142 51
78 10 57
197 45 3
19 23 32
55 139 31
71 98 61
152 181 35
118 141 18
41 118 91
34 56 67
83 131 99
118 57 71
185 150 39
17 191 16
31 24 70
164 90 13
150 9 78
199 145 35
68 60 24
118 186 80
174 2 5
161 71 77
75 99 67
58 104 90
100 61 42
159 61 28
43 95 33
91 0 37
98 35 3
127 66 2
20 86 60
93 115 38
129 189 9
177 159 1
130 12 14
31 151 46
162 19 95
22 141 34
85 131 6
18 96 85
119 8 83
182 136 100
2 55 58
181 142 51
181 171 37
121 64 47
173 180 49
87 163 88
20 138 66
187 95 48
87 93 31
164 177 64
45 67 69
8 44 93
113 181 0
91 174 76
46 158 90
141 79 82
30 44 13
7 25 46
18 191 51
140 196 100
58 69 13
67 99 70
158 0 16
102 196 16
184 99 57
136 8 84
59 4 60
79 140 90
140 166 47
19 38 27
151 192 27
137 135 72
107 39 74
122 198 76
188 67 25
163 70 5
175 49 82
189 107 93
116 152 92
128 28 0
143 23 37
166 148 35
104 142 92
122 145 58
0 153 79
80 38 85
95 166 19
109 163 58
164 114 48
162 76 15
122 156 29
111 79 44
7 173 43
61 55 6
179 98 65
50 62 13
68 23 73
108 84 35
172 141 80
194 167 38
164 8 47
35 78 33
180 86 69
34 6 41
111 26 79
156 184 97
81 157 80
93 5 54
83 176 10
117 81 32
7 89 0
192 108 26
18 43 21
81 108 75
97 112 100
181 38 60
141 164 25
152 111 18
117 174 67
199 128 84
122 110 78
111 85 57
127 161 42
138 108 78
86 164 95
42 13 16
175 55 1
190 77 44
192 22 20
183 198 42
170 1 92
153 199 10
142 178 13
169 73 30
158 30 100
133 84 79
97 64 88
168 7 91
120 166 23
11 58 2
27 126 56
130 196 24
124 129 66
126 38 7
191 10 95
176 20 85
187 61 42
173 164 92
122 77 56
171 8 58
156 152 79
110 16 69
125 59 17
28 174 18
36 160 10
68 173 56
118 92 62
149 111 66
195 132 92
49 133 83
159 82 51
22 127 71
95 11 91
94 158 34
147 172 12
160 103 53
54 46 27
7 72 3
77 34 62
1 53 66
120 185 50
21 137 73
24 158 64
104 133 11
20 165 12
111 97 73
28 176 33
39 16 31
8 151 93
19 62 95
42 148 61
16 112 71
103 54 77
44 71 81
186 64 63
20 71 61
186 149 6
17 162 33
29 172 29
30 158 5
57 145 62
198 157 30
6 108 12
99 84 17
7 0 95
25 186 57
4 35 51
36 110 53
190 38 79
30 71 88
8 128 56
25 179 64
158 57 67
159 24 12
153 183 64
86 112 79
95 110 86
80 56 62
31 19 52
61 140 84
16 108 9
58 182 80
143 169 65
41 151 92
79 134 45
65 175 87
51 83 94
112 89 67
8 63 56
3 150 30
128 9 86
57 14 16
100 94 52
149 81 17
7 71 57
102 128 17
98 79 1
12 172 42
54 179 96
143 181 14
63 90 52
91 79 83
184 154 93
175 36 42
4 113 87
81 84 71
130 72 85
100 8 49
141 20 64
111 135 93
177 85 76
122 181 3
108 101 15
174 30 100
34 72 43
14 186 33
26 165 58
15 45 57
27 163 64
156 163 33
114 176 9
180 138 36
115 88 32
6 19 37
199 50 26
197 196 84
164 159 53
7 29 29
37 55 62
70 49 93
180 5 96
155 160 9
4 34 97
104 190 39
141 134 3
6 100 31
168 65 99
157 156 85
89 35 95
77 66 63
20 122 31
17 81 60
127 4 60
87 47 30
20 129 10
14 51 6
85 184 73
182 78 94
81 95 85
181 103 49
82 5 93
50 61 18
87 111 93
162 61 83
78 36 83
75 6 100
97 11 73
97 176 86
108 111 59
66 6 21
81 174 31
172 140 87
46 184 97
134 107 52
133 194 13
80 96 50
138 42 36
179 148 27
26 176 32
171 30 39
0 103 6
24 182 62
42 97 58
132 36 2
73 20 62
28 5 92
183 57 39
153 37 95
150 118 100
179 152 25
115 171 54
156 170 65
60 47 98
52 108 76
59 43 88
9 125 96
181 30 62
155 169 71
27 171 81
49 144 67
161 76 73
10 71 55
134 180 31
108 67 16
120 49 61
139 24 24
115 110 58
69 113 61
184 161 2
176 149 31
134 147 15
80 2 100
36 177 73
194 93 98
195 30 35
140 29 46
64 168 96
18 29 61
14 70 89
124 132 55
186 177 73
71 143 9
178 38 82
132 130 19
126 73 66
117 93 14
195 134 83
89 143 66
109 164 19
81 145 43
146 104 37
65 188 87
154 166 17
149 183 94
114 170 73
63 167 19
83 112 89
170 62 54
102 124 43
109 48 97
17 94 42
73 34 23
151 97 24
34 20 88
19 140 75
16 175 68
150 168 31
173 175 48
106 178 43
23 128 82
117 116 57
115 78 86
175 99 18
31 179 1
4 29 76
185 11 51
162 82 83
44 180 85
157 62 83
46 136 45
153 159 59
5 61 33
0 101 19
97 95 57
101 38 35
73 147 44
129 63 24
125 98 2
100 115 33
171 169 19
183 106 36
196 148 54
180 24 99
72 103 93
57 172 7
191 67 89
178 2 82
128 149 10
35 26 65
103 180 68
199 53 88
81 18 13
55 12 97
125 199 65
62 177 46
2 99 15
138 164 84
156 97 76
36 22 26
153 87 76
185 109 54
142 116 89
108 162 58
129 6 7
73 44 95
25 0 59
11 130 80
126 174 31
154 191 27
145 188 35
42 183 4
108 16 77
25 66 15
4 101 88
12 128 0
69 175 95
45 93 44
132 125 40
82 81 71
145 16 22
152 78 55
105 47 49
111 93 16
16 176 38
34 9 66
115 16 95
131 185 7
189 20 15
180 72 52
12 124 94
48 132 81
161 136 9
8 43 63
148 137 69
63 175 20
177 17 52
197 118 38
172 9 52
70 197 4
192 88 89
116 94 58
136 182 93
59 52 75
7 107 53
169 168 34
96 73 81
94 139 29
154 22 17
47 134 25
139 144 80
31 5 65
107 60 72
58 35 47
170 67 75
183 154 73
136 132 40
110 7 77
116 174 13
193 6 95
18 63 1
123 199 76
33 50 39
88 180 40
33 133 55
0 147 57
160 129 40
124 197 82
115 94 21
117 47 95
50 76 62
104 106 19
160 120 74
199 48 56
196 193 92
123 155 75
30 196 100
22 38 6
83 106 17
91 68 57
5 178 27
3 34 19
177 142 78
34 2 8
94 140 14
113 5 75
182 187 47
54 138 27
46 139 66
143 134 57
53 169 9
30 99 31
153 185 37
8 113 89
127 40 19
78 59 17
114 189 11
26 184 69
96 12 47
115 89 9
159 75 68
55 195 52
109 154 17
158 37 56
23 129 19
136 15 34
141 0 6
121 192 54
151 20 4
135 31 43
47 94 24
156 48 92
65 194 1
125 7 50
24 94 55
121 180 61
86 100 21
52 139 75
131 70 74
185 136 74
150 59 54
63 155 98
139 94 96
86 108 99
117 175 74
131 143 31
85 81 28
192 105 28
8 47 99
80 167 81
0 152 53
9 49 85
198 63 9
120 171 0
117 39 22
171 68 37
106 194 9
127 60 69
147 143 24
69 94 63
166 25 58
108 186 41
9 79 66
82 174 59
137 85 46
175 30 90
112 2 33
186 154 32
94 59 85
140 109 64
121 26 92
80 122 59
137 71 36
99 12 76
51 164 16
30 68 65
123 4 15
94 119 36
117 98 12
72 63 67
40 21 27
138 126 52
13 30 22
188 109 79
43 78 49
170 122 20
62 40 48
128 105 40
49 128 77
186 192 43
61 102 73
185 153 65
116 61 70
46 98 13
176 141 99
113 22 75
177 88 38
168 116 61
136 90 28
131 78 35
13 41 77
141 39 48
117 67 13
96 40 97
80 188 91
178 163 46
169 30 72
70 172 74
162 109 13
153 88 85
130 59 42
120 198 13
28 113 89
0 23 9
149 53 79
62 165 50
13 82 76
21 54 68
19 26 99
151 108 20
140 180 40
33 175 31
24 141 15
17 141 19
42 170 29
188 93 75
137 80 48
133 135 2
110 131 21
55 88 22
176 65 57
175 12 56
30 5 63
92 69 92
186 150 78
116 69 11
40 154 68
98 61 32
23 195 39
8 154 42
55 178 59
160 110 28
124 17 14
191 127 27
138 187 19
102 6 36
46 16 86
114 27 60
165 92 52
153 96 90
116 22 54
144 62 57
99 20 16
141 78 57
147 51 91
20 54 36
156 57 59
31 55 59
64 117 77
111 171 75
82 117 84
44 34 64
99 14 77
79 131 90
162 134 86
4 50 87
94 89 98
14 47 87
147 83 64
148 101 81
33 54 47
71 166 68
25 21 93
136 196 76
112 30 91
187 2 91
110 148 28
138 0 77
68 53 89
118 148 57
98 173 75
186 1 13
150 170 54
30 166 54
80 140 80
199 187 55
65 128 18
137 128 41
65 48 87
72 169 88
75 188 35
96 172 99
129 49 32
26 121 14
89 119 37
140 123 57
69 34 64
139 193 70
188 129 63
178 143 39
34 40 89
37 141 0
41 187 2
11 66 27
52 132 13
1 138 1
95 164 85
195 67 38
80 59 55
188 58 13
18 78 11
119 189 90
50 30 32
144 133 88
66 194 96
94 168 98
167 68 100
87 166 5
158 112 95
199 108 30
146 58 49
125 192 13
83 95 6
64 162 50
177 95 82
122 96 62
40 24 74
47 39 66
106 107 44
50 51 24
81 48 44
63 73 78
178 95 58
153 184 100
39 134 25
133 83 95
179 156 5
27 162 90
154 33 26
105 138 70
142 173 1
64 59 40
6 106 88
192 83 77
78 60 75
90 14 67
171 97 80
181 148 36
43 34 16
177 69 42
184 17 80
84 183 39
88 13 1
24 109 80
153 20 11
11 153 19
170 59 45
81 82 60
97 139 79
90 91 69
90 82 58
97 118 36
103 178 41
139 47 11
11 61 57
4 110 47
136 102 23
12 55 2
37 13 45
22 142 74
185 82 1
29 153 4
96 131 31
170 115 49
125 65 76
192 126 21
140 157 79
51 25 22
133 173 52
75 141 1
11 170 70
178 168 31
70 47 25
45 109 33
82 70 13
163 151 86
193 90 90
18 105 44
48 155 34
139 195 4
167 151 77
164 112 33
94 95 60
16 14 40
3 9 61
1 28 98
112 10 97
96 140 35
173 62 69
105 154 82
20 97 62
65 25 56
54 172 25
133 199 97
195 60 79
121 12 8
193 2 20
123 58 31
144 67 51
67 178 29
141 188 74
23 138 67
110 53 6
172 195 94
91 134 18
169 78 1
152 157 5
195 24 16
106 138 23
11 35 23
33 122 26
106 6 21
47 46 27
171 72 29
131 177 14
116 143 17
24 197 84
34 30 47
52 21 24
37 158 69
36 115 94
193 106 83
142 130 22
113 23 74
78 56 14
10 95 78
162 71 72
142 194 69
42 119 6
48 128 29
162 70 51
110 76 1
169 129 75
5 69 87
17 51 36
128 187 10
10 62 73
157 135 17
35 79 23
79 125 48
65 102 95
163 194 67
29 116 35
119 171 70
104 163 58
159 9 1
151 49 1
19 16 24
64 178 67
1 29 81
59 166 40
21 148 3
141 179 70
127 133 62
71 4 93
180 49 45
5 39 78
69 70 21
72 54 11
176 157 1
157 52 43
124 37 63
162 68 29
133 174 35
141 177 79
39 9 71
158 77 41
63 118 74
151 40 100
16 84 36
150 10 43
186 40 39
61 174 65
194 188 38
129 94 57
82 67 42
148 45 86
126 195 18
2 72 35
174 68 10
149 84 31
27 119 85
95 83 22
145 80 7
134 113 54
4 198 82
7 1 88
6 185 50
118 95 28
61 22 11
124 158 58
171 31 87
71 53 95
72 57 56
129 143 81
103 165 94
119 129 56
108 183 10
99 83 71
150 60 63
163 125 60
13 22 78
149 167 34
191 2 81
102 138 55
139 0 6
34 171 54
44 73 23
117 79 42
190 116 10
87 191 42
183 89 37
172 144 12
65 154 27
100 86 32
93 141 92
73 41 5
121 2 49
181 123 55
183 127 93
172 13 1
122 4 3
129 179 59
112 57 69
97 81 44
153 2 82
157 175 63
111 110 41
196 97 47
195 166 68
137 170 97
75 111 49
87 24 86
88 99 0
69 179 21
87 67 89
147 68 59
137 77 71
170 155 18
122 35 17
33 143 54
23 9 78
17 194 76
179 175 92
175 174 47
198 139 85
137 65 89
149 13 65
73 144 22
165 39 36
67 14 35
193 174 79
127 185 29
144 117 25
153 155 39
197 46 66
97 185 31
92 91 67
23 156 96
194 25 60
136 146 42
49 46 60
39 125 38
103 139 97
44 158 86
51 149 88
3 81 81
80 170 20
154 112 30
101 11 48
93 53 41
193 165 82
67 109 88
186 114 4
152 107 84
34 51 9
164 71 70
27 145 83
153 0 79
155 168 29
82 80 19
10 116 2
98 141 54
70 36 44
75 98 65
14 88 71
85 145 1
128 184 8
189 30 89
17 110 51
88 121 48
118 182 24
89 104 6
36 142 66
30 39 7
167 181 65
22 4 11
57 107 59
177 191 78
108 190 44
183 90 5
188 26 17
179 16 1
29 118 7
82 156 55
76 185 37
16 78 12
82 119 79
28 6 74
125 37 62
35 67 28
182 150 90
140 164 66
28 91 41
192 104 67
121 186 4
193 117 35
69 53 38
105 34 58
185 85 40
0 184 54
147 25 76
78 162 62
132 92 57
68 69 62
116 170 75
145 198 48
181 125 75
41 164 55
136 145 54
142 48 68
39 22 65
55 143 5
193 68 59
146 133 81
196 38 99
70 91 70
159 199 58
37 66 77
5 132 29
186 49 93
75 144 39
83 137 43
88 182 87
117 17 68
173 73 95
30 114 21
46 2 24
65 81 51
34 8 3
2 174 95
51 72 23
77 84 82
181 173 56
101 177 86
190 186 41
176 36 28
93 28 45
124 48 69
69 191 24
107 182 42
176 119 13
8 162 15
118 9 29
16 158 83
115 27 98
177 118 35
30 125 44
191 13 85
170 15 30
136 95 18
17 143 24
166 193 90
175 168 75
23 154 42
58 114 60
186 141 86
150 115 48
41 116 89
13 44 40
112 106 28
64 12 92
188 95 48
171 129 20
136 9 79
26 62 15
181 165 91
57 144 55
123 152 24
22 18 100
83 148 29
175 147 74
158 36 29
94 4 51
19 107 20
160 185 71
120 12 87
145 136 79
174 133 1
174 141 3
114 44 37
15 57 18
154 71 18
54 3 41
179 62 16
187 72 30
60 13 27
102 47 40
142 166 81
173 125 39
49 55 92
125 33 20
73 179 52
170 110 69
157 103 50
195 150 53
40 97 17
158 193 80
20 124 57
2 1 13
58 29 92
131 199 69
86 121 10
101 127 63
100 138 68
12 108 68
39 44 53
155 41 32
14 13 60
104 87 19
16 17 90
55 66 26
139 172 96
75 79 5
24 81 3
107 198 30
91 179 10
45 21 64
62 95 21
43 123 34
54 147 20
41 188 16
129 73 72
157 80 0
99 35 32
33 65 7
163 139 84
38 40 9
67 124 61
60 127 29
170 48 15
9 144 76
88 161 94
186 37 52
45 105 68
143 73 24
6 140 79
48 17 97
188 36 39
195 172 66
188 150 61
181 71 61
187 115 75
65 98 95
184 1 55
40 178 62
13 144 98
199 125 3
101 107 82
125 112 74
40 127 60
76 86 72
136 65 11
25 141 86
99 71 3
86 7 79
176 94 2
105 15 38
152 48 60
167 103 93
148 96 72
156 161 18
92 128 60
133 178 3
83 84 99
98 191 3
144 0 11
22 135 87
58 167 58
29 57 81
122 88 82
137 90 8
35 112 68
15 156 23
186 20 1
48 90 10
80 132 35
0 131 41
40 199 14
31 171 63
152 52 44
172 102 16
112 139 51
95 37 100
180 58 89
167 39 43
124 73 9
67 165 49
165 196 80
173 4 67
34 114 1
185 2 17
128 180 19
141 72 48
189 16 72
53 56 99
142 47 77
41 67 77
133 159 14
26 142 47
10 54 76
171 29 26
90 184 3
158 4 18
18 141 38
27 23 85
94 79 18
56 154 28
42 128 28
47 79 2
189 75 1
114 173 80
49 102 82
12 190 58
188 187 23
52 93 89
80 126 83
40 124 31
115 66 74
106 121 90
158 131 23
198 188 18
36 86 0
6 11 66
44 63 1
99 4 81
126 95 94
163 1 40
47 113 34
105 70 75
61 41 21
45 91 35
58 150 32
5 7 51
151 1 64
188 156 4
181 78 50
113 39 66
182 181 94
146 181 13
188 81 28
155 28 94
130 145 49
121 130 26
137 179 25
112 29 39
20 158 92
56 2 64
4 179 17
190 131 18
190 7 41
64 63 76
10 165 65
23 121 94
100 158 0
117 124 51
61 28 15
15 49 12
4 17 53
169 90 10
150 103 82
102 113 90
133 188 72
184 37 98
35 23 68
54 152 27
81 38 16
169 165 73
33 182 59
37 161 71
134 148 30
179 14 99
126 84 25
15 154 59
194 191 18
162 187 80
186 15 26
21 25 8
94 103 0
85 62 39
146 54 63
49 169 76
11 107 36
129 101 39
151 121 51
150 117 67
34 66 47
138 117 39
13 40 26
68 152 37
178 194 40
18 30 34
15 183 30
26 195 94
198 110 43
189 58 2
134 153 67
187 139 1
61 101 0
150 160 66
112 64 11
59 153 60
10 161 62
157 2 40
33 48 80
96 89 75
166 39 53
29 87 9
195 70 52
36 163 7
105 82 73
40 117 8
92 29 66
140 103 66
144 40 6
186 111 73
157 70 56
183 96 89
118 8 18
46 171 49
140 170 100
88 150 24
160 153 7
157 38 87
99 147 31
145 196 62
106 100 41
180 115 100
153 99 12
29 37 56
96 97 37
105 155 11
196 19 18
179 82 92
143 4 84
25 163 41
83 117 98
76 36 54
122 137 92
193 110 14
28 142 19
104 189 55
103 24 53
0 12 68
14 182 38
11 81 40
4 22 8
51 187 6
103 40 0
8 184 9
124 47 66
86 111 91
73 140 55
187 19 8
168 152 80
127 174 13
35 48 80
193 49 96
128 57 19
78 18 90
30 119 44
170 121 97
114 167 89
39 197 77
106 175 89
144 177 70
82 102 11
171 45 43
21 67 14
182 139 42
37 89 56
151 58 32
166 178 94
173 112 92
162 146 14
198 90 50
159 86 37
7 108 51
91 70 22
106 143 80
44 78 25
184 39 89
118 83 43
184 176 15
104 108 71
151 159 91
29 0 17
50 138 35
113 193 15
186 67 15
173 18 74
88 199 61
68 124 8
177 37 15
110 71 13
27 48 97
19 53 28
126 115 79
114 145 71
72 11 46
59 122 80
164 28 15
40 28 15
138 13 37
57 109 75
81 159 46
67 95 75
6 115 40
197 142 44
38 145 31
117 177 60
68 41 58
87 192 84
82 59 97
42 93 38
78 165 26
17 45 44
170 111 33
108 102 49
181 114 8
96 91 74
87 80 69
52 39 56
158 109 22
43 55 94
6 147 20
116 42 6
23 45 36
83 64 5
140 49 80
77 159 49
89 69 51
26 78 3
172 51 98
63 196 20
176 72 5
10 85 13
65 76 41
25 153 80
115 142 74
97 151 20
195 92 90
189 94 22
8 94 58
48 145 44
7 104 57
30 18 45
17 8 87
78 3 70
179 104 53
24 187 41
104 140 27
159 48 91
30 80 98
22 90 60
7 23 23
184 142 100
77 11 15
164 119 94
11 92 54
43 29 0
58 34 88
14 15 13
62 178 8
128 153 92
59 136 78
112 105 77
38 18 62
192 138 87
83 170 5
3 2 0
30 199 8
198 113 23
107 17 85
102 133 89
142 22 57
112 145 31
25 188 0
114 157 55
41 121 66
49 115 14
125 13 29
42 184 0
101 149 78
150 98 78
4 112 59
197 138 0
6 73 33
9 2 38
129 119 86
17 34 26
1 110 96
41 24 16
170 36 23
194 92 18
9 172 46
13 155 96
170 43 82
78 66 85
94 195 99
54 160 96
151 171 78
120 88 1
75 101 21
62 50 3
170 139 25
50 169 79
157 31 59
198 109 96
103 76 43
38 114 18
52 164 12
44 164 77
29 125 16
62 90 68
73 136 43
27 130 70
65 26 25
65 85 26
147 97 51
25 60 4
11 134 97
62 138 9
91 159 85
152 3 78
48 158 87
5 161 51
151 164 82
117 141 82
153 109 96
60 75 59
68 7 62
7 123 97
133 59 88
158 172 89
146 100 39
42 96 65
174 161 41
145 141 48
33 178 57
184 159 16
67 66 79
177 101 85
141 120 79
107 130 22
117 59 88
143 91 81
191 149 91
107 146 41
94 33 36
138 49 87
115 178 5
68 116 75
49 44 70
93 109 26
9 78 48
25 48 85
81 118 49
50 26 55
96 165 2
192 163 87
192 71 40
36 172 10
121 137 2
7 193 84
165 167 32
178 64 83
36 77 33
159 148 67
175 116 31
155 44 4
163 2 87
71 79 1
159 152 30
23 14 70
146 25 67
165 64 88
135 34 65
162 121 8
93 189 95
114 141 58
70 80 28
63 61 30
177 24 67
138 133 36
116 166 91
131 9 20
180 166 4
158 191 29
63 17 92
16 172 85
14 156 36
50 174 33
186 5 63
9 97 43
35 75 62
3 134 7
152 127 4
50 56 25
73 33 9
41 26 7
157 122 93
170 24 24
21 175 19
110 134 47
2 178 56
169 177 52
55 193 5
179 119 70
2 195 55
17 137 98
95 15 64
53 106 70
88 96 7
63 112 27
16 30 97
42 124 62
91 121 35
146 86 59
99 66 62
80 115 3
80 172 84
97 23 89
126 15 12
121 51 38
80 168 78
73 119 54
183 117 44
52 63 41
194 11 61
99 73 16
142 113 7
48 34 15
164 2 33
169 38 34
56 60 84
129 24 50
169 108 80
83 38 55
76 102 1
128 78 75
155 68 76
35 55 92
156 43 67
89 96 18
150 185 20
15 89 7
188 114 69
47 8 8
12 133 75
35 89 34
190 48 51
117 20 5
173 100 14
36 167 26
67 195 37
25 144 46
9 175 63
114 112 81
187 66 89
173 123 63
22 88 57
68 56 98
104 15 19
21 181 73
173 33 100
143 22 21
104 25 7
23 108 75
45 88 86
93 186 32
39 108 84
43 172 48
37 165 88
104 122 80
167 6 93
23 140 34
109 67 70
171 84 38
195 125 44
160 140 0
158 96 94
120 138 39
147 185 32
5 176 34
69 55 62
40 37 97
35 127 31
130 169 78
19 119 66
81 158 32
14 150 75
128 89 9
57 101 11
134 89 44
18 91 44
52 137 66
166 185 48
35 95 1
83 8 66
127 28 13
21 108 96
85 120 15
44 182 18
20 151 31
160 35 54
185 129 14
100 41 30
135 69 8
179 59 34
102 179 57
53 34 17
198 82 64
19 105 21
132 137 72
155 149 87
148 73 42
19 93 91
170 38 41
124 184 87
21 7 14
152 175 43
199 41 72
107 137 26
166 138 46
17 48 82
188 106 8
93 170 34
129 50 45
15 129 43
149 121 72
197 52 2
15 23 51
170 109 46
51 91 33
142 185 50
113 48 27
81 155 84
116 49 55
95 79 100
8 50 2
190 68 59
181 70 23
116 82 13
80 148 42
138 116 89
73 49 57
183 129 83
181 61 83
160 198 80
41 196 92
183 179 53
33 41 8
190 162 18
174 179 57
101 63 73
55 120 6
13 38 100
75 104 85
151 131 95
89 172 67
48 100 63
144 78 33
19 81 78
102 157 57
130 31 40
37 6 64
161 20 49
156 157 6
105 148 58
189 3 50
9 152 44
145 35 93
17 127 59
7 182 22
120 105 68
121 89 62
50 47 97
165 158 33
192 197 79
155 195 6
192 16 5
136 149 30
173 157 99
7 63 56
192 79 38
28 164 21
102 153 52
48 174 27
11 146 44
47 151 6
60 43 68
196 64 11
157 102 88
155 92 66
138 107 9
17 33 88
152 33 81
194 195 22
172 59 53
191 101 95
190 94 22
38 191 2
128 129 60
97 197 40
98 81 94
147 8 5
140 89 31
84 88 99
135 182 44
87 4 57
109 30 32
71 180 30
197 122 47
75 13 93
188 128 4
39 166 46
91 30 22
38 78 71
159 76 20
153 101 40
24 34 36
31 166 10
29 192 20
102 106 10
182 164 4
195 124 40
39 84 50
104 62 27
54 30 45
43 164 99
150 186 12
118 153 55
24 0 30
40 17 60
95 86 38
75 77 91
107 135 23
39 142 6
98 179 93
12 179 51
69 26 70
39 137 71
198 167 58
57 163 48
71 66 94
92 185 79
0 130 82
12 62 87
71 83 25
180 176 78
69 193 43
11 195 76
140 112 87
80 151 15
9 112 30
23 25 93
138 71 92
14 153 6
31 159 99
121 34 64
50 144 83
122 1 25
83 139 98
11 77 0
195 146 95
90 84 68
143 129 53
156 78 84
105 180 7
71 172 55
33 166 74
67 27 65
13 62 1
162 111 60
5 37 4
78 7 9
3 173 4
75 170 44
80 11 51
12 42 55
168 157 89
87 19 94
101 68 30
1 80 25
75 41 14
88 65 18
78 0 66
98 163 17
167 14 3
164 113 9
31 76 41
155 75 65
25 180 90
140 153 89
178 22 51
38 11 68
114 65 71
151 7 49
168 40 47
58 68 83
61 115 82
7 58 9
41 122 55
157 46 83
181 147 43
5 172 8
105 29 21
116 181 68
166 4 75
121 177 44
96 23 47
166 78 2
157 76 18
163 176 53
41 58 94
172 52 91
138 92 36
193 128 61
88 174 11
157 141 90
93 68 93
97 68 34
117 139 97
194 61 24
87 108 91
183 67 84
66 92 86
0 83 96
27 64 78
154 70 66
177 147 59
189 197 87
193 26 4
145 64 76
176 134 70
124 155 42
53 78 24
125 0 18
110 100 8
21 194 90
185 53 66
57 180 100
193 130 8
15 77 29
193 143 0
126 67 97
168 111 20
126 176 6
77 46 90
1 157 45
159 143 58
11 108 10
132 191 42
101 134 2
194 127 1
13 162 27
7 64 26
17 38 31
199 98 30
94 23 27
26 183 38
29 174 25
103 195 93
119 85 99
96 93 85
14 92 99
58 55 77
37 127 93
36 125 75
128 2 45
21 130 89
102 83 80
89 111 0
9 176 50
176 112 50
88 44 59
160 100 64
167 82 49
139 199 77
22 188 54
179 154 0
147 73 27
80 125 69
178 12 40
44 46 26
76 54 2
141 129 29
62 139 47
62 196 99
32 74 38
32 63 67
32 179 97
32 118 67
32 94 40
32 7 30
32 154 49
32 114 4
32 24 5
32 85 94
32 116 40
32 92 73
32 49 59
32 65 93
32 61 2
32 12 89
32 30 58
32 66 3
32 68 64
32 164 58
32 87 47
32 182 96
32 175 14
32 137 13
32 46 90
32 44 96
32 142 84
32 199 87
32 4 11
32 56 21
32 54 55
32 111 12
32 105 68
12 74 26
16 74 61
17 74 18
29 74 84
36 74 38
68 74 96
79 74 18
80 74 62
84 74 77
86 74 71
90 74 64
91 74 29
101 74 58
109 74 83
114 74 77
117 74 27
118 74 49
122 74 55
142 74 83
144 74 24
158 74 12
163 74 65
164 74 31
168 74 22
183 74 19
195 74 1
