21
0
14 17 53
23 17 56
25 2 77
9 8 17
13 20 23
17 13 81
28 11 49
15 14 25
3 26 98
12 10 35
27 22 89
1 11 49
19 7 28
8 1 47
26 15 46
10 23 27
12 11 79
13 29 74
1 29 90
26 16 48
1 12 53
7 10 86
24 3 77
20 17 7
28 23 33
28 4 22
23 16 23
25 15 66
26 22 93
1 15 7
17 20 18
24 27 99
8 23 88
25 10 80
13 9 28
16 20 47
15 11 21
19 11 77
2 6 25
3 2 53
9 7 67
25 28 60
22 11 94
28 3 53
20 18 37
22 10 84
11 29 47
5 15 13
23 20 72
7 11 32
20 4 13
14 24 66
5 2 99
2 22 96
13 2 81
1 3 47
8 9 57
16 27 44
14 7 1
10 17 82
17 9 40
5 29 86
4 10 55
22 17 77
24 1 66
1 4 56
22 14 1
9 29 63
14 19 71
25 29 18
23 2 22
22 23 16
20 29 86
21 3 70
21 14 91
1 0 92
