56
52
15 31 96
23 25 82
41 35 46
0 3 79
2 3 80
3 25 64
24 15 9
3 29 45
7 29 41
3 20 56
36 11 29
44 0 96
29 53 99
24 31 79
19 43 86
49 23 76
14 33 59
4 36 92
43 37 6
47 57 3
31 58 17
19 5 66
7 24 9
18 6 11
32 13 70
27 54 60
51 3 60
16 30 17
3 4 23
44 19 11
12 22 11
24 6 67
51 45 92
40 32 65
9 19 69
3 23 77
39 12 91
19 21 88
4 18 51
14 29 90
35 22 90
9 20 59
7 46 83
15 5 36
25 1 88
14 49 55
24 26 18
26 27 26
40 14 17
50 33 39
54 5 48
11 4 95
28 13 81
50 28 94
39 49 55
58 47 23
20 42 39
8 18 70
38 24 74
19 31 5
41 54 35
46 50 94
1 3 83
17 40 4
34 48 51
43 30 94
58 2 22
33 43 89
34 18 42
3 1 71
44 39 45
0 21 98
1 46 44
12 38 34
46 34 69
12 16 36
16 22 75
35 59 99
24 19 15
11 3 70
32 28 86
28 45 76
19 30 76
57 7 100
34 0 47
4 35 47
51 55 73
6 10 37
27 18 80
26 31 23
47 40 46
27 47 87
59 33 46
15 33 15
40 37 70
18 54 36
54 22 51
19 23 83
42 40 5
27 33 21
54 34 21
39 33 4
41 43 88
4 25 84
36 0 13
17 47 91
6 42 97
31 19 80
4 34 55
47 42 18
27 12 17
19 33 44
44 31 41
12 1 44
14 40 20
26 57 56
27 44 2
18 4 63
58 7 35
10 49 65
36 35 52
12 8 14
4 27 2
31 51 23
43 6 35
40 55 0
48 38 1
18 41 40
8 4 46
32 9 41
44 34 80
4 21 71
17 57 68
13 21 58
57 25 53
31 48 72
5 38 12
23 57 76
36 5 96
21 3 88
14 59 82
28 21 91
9 6 70
6 39 80
35 19 65
7 23 100
16 46 14
45 50 26
4 51 24
49 0 87
3 42 1
25 46 33
30 44 42
40 58 21
42 31 56
35 8 68
47 46 84
20 11 60
39 29 12
17 14 71
20 6 11
17 13 54
40 9 69
46 45 58
47 38 33
54 26 69
11 28 35
49 19 93
44 24 54
45 13 6
22 17 7
6 51 0
18 13 42
40 26 74
26 28 0
32 39 1
17 0 33
33 49 42
35 20 99
45 40 59
10 6 22
21 46 40
0 8 66
44 49 70
7 21 71
15 38 89
30 26 71
16 42 14
17 3 38
21 55 46
3 46 46
11 46 94
29 30 22
38 44 19
55 32 8
13 59 60
25 44 87
31 39 95
0 57 0
13 20 19
19 2 62
33 14 44
1 12 78
8 36 53
7 40 25
5 33 18
47 20 77
5 35 36
15 32 60
34 20 88
41 46 65
35 50 65
44 23 84
26 44 63
3 8 84
51 39 78
10 25 6
45 47 0
15 54 100
19 47 1
24 0 91
55 37 79
10 45 78
48 44 57
37 38 40
48 22 20
57 46 30
21 39 23
12 7 25
34 33 45
17 26 69
34 13 17
33 24 70
33 5 82
4 40 65
25 35 87
27 19 43
27 6 33
4 33 19
6 25 17
12 48 49
55 10 39
37 35 48
9 8 0
18 0 75
29 11 74
24 53 3
28 40 39
38 15 23
26 39 52
35 31 79
38 46 0
47 51 31
19 7 91
53 6 55
39 20 47
49 33 51
7 3 73
22 12 8
27 21 33
54 0 57
59 54 89
20 44 76
15 49 49
36 19 11
41 0 12
15 55 82
54 25 4
3 37 63
14 12 37
18 37 55
19 41 30
16 54 84
16 10 49
16 24 81
20 55 13
45 16 94
36 18 77
10 4 61
36 43 75
47 14 62
22 46 91
24 44 63
17 31 74
10 30 57
29 4 93
0 44 77
28 24 9
50 53 25
35 29 87
18 36 85
39 31 62
10 37 63
19 3 13
25 31 58
6 55 21
50 9 4
22 58 30
44 22 84
59 40 40
49 26 89
51 8 44
40 22 44
45 33 3
13 55 94
15 1 67
40 38 71
41 59 31
21 10 18
30 7 3
38 34 14
47 43 23
3 57 36
25 54 55
3 45 35
46 55 34
42 34 74
28 58 95
18 1 33
13 16 59
26 23 22
51 15 56
4 46 80
11 6 36
43 22 88
30 10 2
3 10 18
23 9 95
36 8 54
20 47 75
35 14 59
23 5 79
55 40 17
55 8 36
28 7 80
19 16 70
34 32 74
32 18 98
12 2 47
18 46 26
16 49 42
45 51 19
15 45 78
22 29 62
31 57 19
6 53 94
27 55 22
5 46 83
49 5 58
22 23 51
13 18 73
24 51 21
20 30 22
21 20 95
35 5 98
40 45 87
24 41 50
7 38 94
37 4 39
11 51 100
31 50 60
53 49 75
20 8 7
29 15 90
54 48 67
36 29 46
14 2 75
15 42 77
59 32 56
48 16 85
1 9 46
0 38 96
54 30 14
9 37 4
6 20 86
27 23 93
8 38 78
48 9 51
30 0 74
19 17 37
15 23 50
18 15 2
32 17 29
50 6 29
26 35 57
41 42 97
14 44 28
11 43 24
38 39 67
39 3 26
9 45 79
15 18 22
11 45 95
24 47 23
45 20 31
30 3 66
26 12 60
21 17 75
26 21 14
15 29 26
17 58 82
47 11 28
33 41 22
23 50 44
2 24 48
55 57 51
31 29 49
1 44 71
45 36 46
6 38 95
50 20 8
8 22 50
29 55 22
16 40 74
12 46 44
23 3 36
49 7 61
12 29 76
2 58 31
4 47 32
16 48 56
24 57 90
42 19 71
40 29 0
15 2 45
49 44 10
13 3 57
1 35 44
14 35 85
54 29 92
37 59 60
47 15 65
8 9 59
50 21 8
24 42 51
58 18 63
10 42 3
38 13 33
20 59 84
51 46 61
50 44 6
5 15 33
12 6 6
22 54 98
50 49 33
3 24 12
25 43 62
13 12 16
13 27 98
45 42 31
49 25 5
4 59 1
51 29 55
30 29 53
6 49 51
44 59 1
38 4 11
8 13 92
30 9 72
22 4 94
22 38 1
29 47 22
59 42 12
26 3 32
8 16 72
31 14 51
25 10 100
8 45 5
12 13 81
2 5 12
40 3 67
5 45 65
17 53 43
47 4 93
50 16 13
34 26 2
12 54 32
16 59 26
50 25 43
21 30 87
22 13 62
57 21 71
55 38 53
49 17 53
2 53 15
42 38 99
45 2 57
40 18 53
1 6 38
43 15 5
46 13 67
18 47 15
9 33 87
58 54 15
10 18 29
53 23 84
22 10 90
27 59 53
37 34 24
50 58 75
23 49 27
10 41 29
49 59 67
56 3 1
56 41 16
56 6 61
56 15 0
0 52 85
6 52 63
33 52 45
35 52 17
39 52 90
43 52 19
55 52 26
57 52 5
