15
52
14 51 49
47 59 84
56 27 66
19 24 2
25 32 19
9 8 29
24 4 74
42 37 80
42 45 78
22 6 13
46 36 6
6 17 34
49 42 13
55 5 56
55 45 55
57 2 33
2 10 40
31 33 82
53 51 88
13 2 91
30 43 95
13 19 19
40 25 95
46 18 39
22 19 41
57 45 26
35 13 77
29 45 69
42 12 47
49 55 82
11 33 13
56 24 61
30 11 35
49 3 62
13 47 35
43 8 13
55 27 66
17 49 93
43 44 96
17 3 79
33 11 25
42 56 77
7 3 55
46 43 19
44 18 21
1 9 35
11 29 63
48 8 15
9 10 23
16 10 17
45 34 61
36 49 52
44 54 24
6 30 36
9 7 12
46 26 93
18 29 47
50 37 84
4 25 99
19 23 3
29 20 66
32 7 30
41 12 41
13 32 14
37 46 91
59 48 39
30 41 69
33 14 80
6 9 52
11 28 5
0 49 52
14 29 36
13 48 82
49 35 66
51 45 99
35 24 35
29 41 91
47 25 62
28 35 24
9 32 80
55 35 63
22 25 44
56 51 8
45 33 70
35 1 76
57 26 87
58 7 70
16 13 53
0 42 9
35 19 46
29 4 94
48 7 62
40 11 57
19 6 61
24 21 67
43 36 62
4 41 9
26 56 19
49 32 98
46 24 66
22 43 67
2 21 59
23 2 100
32 56 63
4 53 83
58 16 27
20 47 95
58 33 50
3 56 50
49 8 13
45 55 75
50 7 17
50 16 77
3 55 97
29 35 11
35 25 35
32 37 98
44 8 86
51 53 57
1 13 6
21 34 83
29 39 80
11 40 34
39 2 69
27 21 11
33 12 43
31 47 43
4 12 35
31 30 81
35 51 57
25 40 84
35 26 1
56 21 43
4 42 55
57 32 55
23 41 41
38 25 20
35 39 20
13 16 61
34 2 69
50 58 91
33 58 6
5 54 96
25 24 52
16 18 43
46 5 21
32 31 56
24 14 5
39 11 63
36 14 87
32 39 99
23 44 83
16 14 18
20 26 90
27 36 76
25 37 3
33 16 65
59 29 18
10 59 34
3 47 49
37 24 16
9 49 75
7 55 74
36 41 26
43 49 45
23 11 72
42 49 40
2 3 21
35 33 90
38 40 29
50 45 78
39 6 50
23 22 34
56 13 67
56 30 70
21 42 97
57 13 31
23 33 90
32 13 63
14 53 75
42 47 90
23 58 68
58 31 28
9 45 13
11 55 61
32 59 58
1 23 40
5 18 59
26 21 90
17 55 26
54 27 17
38 57 60
47 46 34
29 31 50
1 17 25
18 38 51
57 40 9
39 42 82
34 53 12
40 8 58
34 42 35
1 32 33
25 17 19
45 19 76
2 59 89
1 7 78
26 13 44
1 42 44
46 38 100
55 21 67
11 38 59
49 41 23
27 51 47
18 1 37
34 11 41
0 33 86
3 34 83
48 6 30
21 13 92
46 19 62
57 55 65
51 12 5
53 11 81
40 22 48
4 3 34
10 39 35
16 30 55
38 49 65
58 28 82
45 54 64
3 48 72
31 4 57
56 6 55
20 24 10
12 39 84
55 56 90
45 22 23
6 53 100
3 12 17
19 21 70
3 37 20
45 14 13
27 53 17
4 11 6
12 55 23
3 31 65
48 54 9
5 19 46
18 2 59
19 49 37
32 11 48
42 58 80
46 11 90
48 34 7
29 54 1
7 36 71
6 59 37
54 10 9
28 51 44
47 1 27
5 49 31
17 7 54
35 9 63
48 25 50
17 35 51
51 16 69
1 56 21
57 34 26
47 27 38
13 49 39
33 6 51
23 47 86
59 40 31
20 50 89
8 40 98
24 59 41
6 40 51
33 36 60
50 9 30
44 48 71
16 29 91
48 38 18
55 51 74
41 9 74
47 23 57
27 16 50
21 27 32
21 54 84
28 26 51
25 51 4
18 10 27
8 59 20
51 24 85
50 19 66
36 35 13
13 28 96
54 42 68
0 54 29
48 23 53
10 6 69
59 17 53
12 20 22
56 26 30
19 38 55
36 43 64
38 5 69
39 18 3
59 3 50
3 36 83
54 40 29
33 38 36
6 2 44
38 16 43
12 26 48
0 39 93
50 32 39
56 0 2
10 22 3
31 34 30
34 1 49
28 12 11
17 22 79
38 53 55
41 59 81
4 44 67
8 31 70
14 18 10
25 28 70
15 10 88
15 26 8
1 52 10
4 52 9
39 52 81
53 52 18
58 52 38
59 52 37
