98
69
77 75 35
93 100 68
3 20 32
52 46 19
19 145 98
49 45 45
42 20 86
18 108 97
79 63 69
58 73 95
148 129 80
129 128 40
148 37 55
97 119 36
47 124 88
140 60 93
122 100 45
20 146 11
79 133 78
74 121 63
125 72 66
61 88 28
88 68 23
28 107 68
61 20 16
92 52 8
62 1 26
84 102 85
117 137 26
37 68 18
125 54 54
1 73 29
149 140 43
99 121 32
15 133 58
5 81 65
136 53 83
66 58 52
122 68 53
3 42 37
41 83 33
128 31 69
127 116 94
131 62 99
48 132 7
109 58 70
120 72 37
21 84 58
5 56 79
104 111 27
20 113 82
110 84 35
65 100 11
76 1 41
128 75 37
129 106 31
42 115 69
1 68 87
33 58 53
65 10 6
85 52 1
90 58 54
79 10 30
31 107 0
109 87 94
112 46 0
108 49 37
38 101 26
92 96 79
123 149 27
143 17 83
95 46 75
63 67 39
101 143 40
45 61 11
39 63 20
135 83 71
149 118 87
53 120 7
6 17 40
42 75 46
121 71 53
125 68 41
16 19 27
95 80 10
121 99 26
24 117 80
103 99 70
48 112 16
5 110 79
86 107 40
77 1 31
63 49 21
125 45 17
37 91 96
30 85 40
47 33 16
33 132 53
115 4 33
36 6 98
113 32 79
49 127 49
22 55 46
21 65 55
149 42 47
15 49 6
57 106 59
95 102 42
103 78 16
4 10 4
103 20 33
114 79 86
79 67 28
78 73 56
142 60 38
58 88 40
91 5 49
21 136 31
31 75 39
80 54 4
142 102 22
82 67 36
73 86 28
127 35 34
142 116 2
37 132 76
16 109 33
50 41 0
72 100 26
77 72 5
26 94 36
53 127 11
54 29 32
66 63 6
19 57 10
48 110 52
74 43 29
114 100 7
45 44 46
142 140 8
19 138 58
77 97 18
29 43 34
109 122 87
5 68 97
116 64 59
0 34 56
97 112 96
68 63 77
26 140 28
100 25 64
40 109 1
104 55 66
18 68 86
55 71 46
81 134 60
57 55 51
56 76 96
1 136 81
32 105 69
125 135 43
72 60 48
104 96 22
57 128 66
93 144 88
81 6 42
21 68 1
25 104 85
43 70 48
14 31 56
103 80 92
104 119 92
94 74 26
84 104 21
129 12 87
123 11 29
111 11 27
101 92 50
33 18 43
140 142 70
71 62 95
89 112 51
54 41 77
36 147 6
124 7 29
29 77 22
134 135 32
86 70 89
18 23 43
49 146 78
80 81 14
77 133 60
26 143 26
96 14 39
24 17 91
90 81 41
41 115 17
74 23 0
92 42 73
126 122 96
18 20 30
60 122 89
51 6 15
67 45 34
43 11 51
58 80 34
87 50 100
73 113 51
126 140 64
67 120 78
0 94 22
61 41 53
57 14 94
25 50 22
126 22 16
96 0 43
72 118 43
64 24 59
44 3 31
35 64 45
74 120 2
73 24 23
128 90 83
111 25 75
141 83 59
127 125 26
123 62 7
145 27 40
9 45 57
15 130 11
20 148 82
78 120 45
12 6 54
144 14 22
15 80 100
74 41 72
124 53 52
65 79 25
99 48 76
37 64 39
142 127 62
117 72 4
2 118 33
111 102 94
61 22 37
23 100 81
116 27 70
18 3 7
60 117 3
114 113 0
122 74 83
104 79 36
130 75 72
146 55 34
117 93 72
42 96 54
54 6 27
27 29 84
39 38 58
50 8 46
135 7 36
19 45 66
149 109 86
8 140 20
125 67 20
140 5 27
73 8 40
2 20 74
48 130 16
46 62 25
89 120 47
134 116 98
39 100 54
36 117 44
12 92 14
39 15 40
103 141 96
31 102 97
32 36 59
9 103 55
5 99 70
94 29 34
29 38 67
97 125 92
73 67 44
88 107 97
65 31 35
57 137 30
57 15 76
66 29 85
122 15 14
55 3 0
103 24 84
141 108 10
86 102 57
60 29 52
79 111 73
87 30 75
144 80 18
72 149 43
40 101 61
70 39 68
48 119 77
93 20 6
48 115 25
53 147 45
104 87 61
121 128 22
119 44 47
45 37 9
116 136 37
21 89 92
77 26 70
86 3 55
146 108 57
7 99 18
113 100 7
70 66 31
6 71 21
130 49 46
7 111 64
141 12 85
143 109 30
64 146 23
44 93 14
45 1 73
76 84 5
50 148 32
48 116 23
24 124 29
95 82 28
58 75 25
112 148 37
93 63 89
140 29 9
37 138 35
95 103 73
36 144 12
108 103 31
119 46 93
144 84 75
99 127 40
143 11 21
84 71 14
118 121 43
52 36 57
17 129 65
128 54 100
79 113 50
1 7 70
68 84 71
103 127 86
26 111 69
45 76 37
18 88 24
59 141 36
29 125 53
44 127 49
80 0 51
79 53 83
22 52 98
67 106 15
61 55 97
144 65 5
121 50 82
27 147 32
100 50 17
47 39 37
52 134 47
89 127 98
139 12 37
126 43 22
29 42 27
126 91 23
32 134 63
147 87 4
73 15 63
19 5 26
28 141 28
84 7 51
66 21 1
144 35 99
96 75 14
8 0 38
7 49 57
104 143 95
138 58 29
93 74 6
41 61 15
54 148 53
127 28 94
78 88 42
101 35 97
144 146 7
68 61 55
8 11 93
112 1 46
126 56 74
33 109 83
130 39 17
32 2 52
129 46 54
78 11 69
104 32 50
72 54 70
74 72 45
41 126 95
21 91 55
120 41 62
36 70 59
18 48 28
34 32 84
143 110 36
107 33 40
31 91 27
35 144 81
50 90 37
96 79 6
57 78 77
57 54 57
82 149 73
89 130 46
126 65 60
20 138 64
79 55 0
111 5 74
44 91 12
100 93 94
40 7 66
36 48 100
143 84 64
38 50 47
67 23 27
137 44 84
30 104 2
72 121 81
102 8 64
85 141 89
84 21 77
30 50 4
72 107 95
122 70 51
129 67 55
11 28 68
117 130 48
149 52 93
133 91 33
127 108 25
25 105 97
88 100 62
9 99 27
45 39 64
21 6 50
8 112 34
71 104 24
148 70 93
148 118 62
18 10 31
56 112 22
44 131 34
129 36 36
16 128 84
30 41 50
136 60 64
18 37 11
104 144 93
102 109 81
91 55 12
13 76 57
100 83 73
49 111 70
42 58 100
133 121 21
70 40 13
75 97 47
113 55 94
55 63 10
9 24 96
126 6 38
52 40 10
127 70 23
124 105 91
57 62 47
95 19 95
93 68 58
8 89 4
6 16 41
35 56 48
148 48 18
0 30 82
16 7 31
28 40 81
74 142 30
1 39 87
116 39 96
11 120 74
22 101 49
124 86 85
38 120 54
90 100 26
131 13 58
100 56 55
93 12 81
124 82 44
9 137 0
146 6 57
88 84 67
58 113 55
80 88 30
13 82 6
107 72 93
18 147 70
47 23 61
87 84 71
16 97 42
13 84 36
147 27 79
19 146 18
123 127 23
126 115 50
88 51 9
144 125 98
82 41 3
31 120 68
140 76 93
32 59 52
100 96 14
12 19 84
135 43 58
10 147 60
28 70 41
66 49 0
142 134 91
114 43 83
74 147 1
23 45 84
94 145 41
11 101 30
137 66 56
128 38 66
143 83 13
92 62 18
127 106 34
125 110 28
47 103 38
80 107 23
57 143 89
137 34 9
25 110 65
147 74 41
149 78 11
34 64 80
80 136 21
12 7 76
149 66 71
128 100 34
111 76 50
22 80 23
100 0 4
129 134 67
125 22 14
130 131 6
44 118 44
29 41 37
59 121 44
113 121 1
114 135 71
40 42 76
67 37 3
3 82 39
87 18 60
40 4 82
47 8 25
74 129 39
111 142 73
61 91 80
8 93 64
123 148 8
115 113 87
77 65 86
20 131 87
45 46 10
55 38 8
76 129 87
103 16 45
131 68 100
107 88 96
143 135 10
16 133 92
39 77 60
35 49 41
70 1 42
79 20 27
23 149 43
42 48 42
57 43 47
4 35 77
23 134 41
13 128 72
111 56 23
70 50 34
83 140 32
56 65 54
6 81 61
55 49 42
96 119 63
30 103 94
17 30 77
3 21 98
65 124 64
40 116 11
94 103 64
53 23 46
13 123 71
128 148 74
118 56 32
76 89 7
91 121 33
9 141 61
143 139 45
134 72 52
75 102 33
79 42 85
20 124 67
58 99 42
143 96 86
131 88 4
85 121 52
123 76 12
145 3 52
144 28 65
19 60 9
11 89 37
56 64 31
82 104 22
4 53 93
87 134 54
70 27 76
129 55 41
40 71 42
84 94 25
132 35 50
87 131 68
3 129 51
147 37 22
7 96 66
64 41 52
132 11 19
9 119 2
27 50 52
67 8 42
64 91 63
3 111 88
24 0 99
103 23 14
53 130 92
78 48 17
129 82 52
119 43 8
149 81 29
65 147 71
23 82 44
118 57 62
146 130 25
108 67 61
99 70 42
55 65 87
135 22 15
144 139 23
109 34 6
135 57 59
62 130 35
124 132 4
46 15 86
140 16 28
22 89 72
8 88 17
70 42 97
138 20 61
112 62 23
53 106 79
104 24 0
117 71 31
122 149 13
89 41 90
96 64 95
2 80 24
143 35 15
147 114 78
61 39 53
33 110 22
143 92 2
13 49 76
123 101 33
12 57 32
0 126 96
17 105 81
135 32 32
33 115 51
106 1 51
82 78 70
77 122 38
100 108 30
145 40 74
50 113 13
80 15 30
111 107 32
47 59 30
62 81 52
0 60 50
65 37 86
59 109 11
59 119 50
21 109 87
114 11 73
137 82 55
140 82 92
115 59 92
142 83 45
36 77 34
42 4 31
115 38 33
9 93 14
100 92 36
53 103 76
84 16 94
38 97 1
20 88 66
60 133 70
138 45 40
136 34 91
131 14 3
140 28 96
16 127 19
79 45 13
2 135 18
85 87 0
86 33 42
132 136 34
134 131 1
93 128 4
96 81 60
75 89 99
25 80 85
135 27 9
52 63 80
14 73 37
92 118 68
10 21 47
30 5 26
17 50 13
29 126 56
51 78 48
122 104 91
56 37 66
95 1 43
28 111 68
48 38 59
80 50 90
22 73 74
120 75 11
43 111 71
27 6 79
42 141 57
106 110 54
44 83 33
26 54 77
29 28 57
95 35 60
96 118 76
47 3 24
18 43 10
111 85 97
48 19 75
25 31 14
32 33 20
68 87 47
94 86 30
103 121 18
77 5 97
61 123 67
70 143 71
125 136 55
3 71 6
132 112 10
13 15 1
99 41 93
17 101 66
92 140 35
126 62 77
53 83 48
84 96 80
2 90 100
129 49 84
41 30 50
30 27 44
134 137 80
101 28 70
26 39 26
54 122 28
127 17 83
129 61 43
70 115 28
139 38 48
137 140 50
40 66 28
146 84 76
62 44 79
85 0 48
15 112 43
96 121 26
82 33 78
71 9 56
67 92 34
4 86 55
128 30 0
53 11 43
68 48 78
129 34 76
12 64 68
143 106 23
92 51 89
25 44 67
121 40 71
79 58 85
90 39 37
81 94 82
121 134 92
77 87 44
39 146 91
51 114 27
54 65 77
64 37 23
11 51 89
144 133 86
39 145 54
104 59 2
82 1 57
102 113 82
73 5 32
58 64 31
8 67 42
111 45 4
9 128 3
61 109 91
67 91 100
42 36 82
85 144 32
94 136 15
88 63 66
137 19 38
40 122 32
12 126 57
141 6 55
18 139 67
47 68 60
68 144 88
124 32 65
118 12 4
139 45 39
112 132 96
80 134 85
48 6 88
107 41 0
82 42 90
8 101 92
59 31 93
107 105 43
102 122 8
92 116 14
2 57 2
17 117 39
59 17 66
23 64 73
104 73 54
58 28 35
147 22 17
17 13 23
21 23 95
106 71 22
8 61 55
147 137 93
75 122 68
97 134 88
126 85 24
50 96 16
76 87 85
56 86 13
28 97 89
140 37 27
88 103 57
79 99 22
144 59 82
13 140 42
93 23 64
72 143 17
92 27 10
100 86 81
136 67 63
111 41 77
15 10 77
140 141 52
29 129 64
149 36 25
138 73 38
52 39 98
139 78 10
122 75 71
72 97 38
130 68 72
78 97 4
124 43 69
138 94 82
37 96 21
131 43 13
78 18 20
62 13 91
67 135 24
147 100 67
107 29 11
14 111 65
132 31 50
112 19 59
56 29 73
79 48 79
19 23 33
59 94 16
19 111 59
76 48 87
64 28 55
49 24 79
43 78 45
72 93 57
101 139 62
40 102 85
34 124 2
0 114 95
126 108 70
62 38 2
61 38 54
65 106 17
109 97 8
43 81 24
133 56 18
41 138 85
145 0 43
130 55 27
115 123 97
24 103 92
71 107 41
104 62 19
146 14 57
96 36 19
10 5 80
22 84 79
47 112 23
72 56 22
10 128 53
13 90 83
55 4 91
111 13 91
114 86 6
32 21 43
78 129 88
64 104 9
44 136 32
91 40 41
129 140 87
78 1 11
43 82 41
91 36 43
39 12 15
99 19 69
135 116 27
131 22 68
24 93 22
136 79 75
113 92 6
36 61 14
48 147 82
42 56 62
56 127 27
58 85 65
7 45 56
55 70 55
114 12 13
64 39 62
28 117 22
145 39 95
22 13 80
92 44 37
113 102 46
82 39 31
53 110 50
20 42 54
128 71 96
64 55 32
60 51 94
83 91 87
146 67 15
41 78 81
26 80 68
118 93 7
61 99 29
125 141 37
43 125 64
23 55 49
131 19 86
93 49 50
133 110 23
101 70 64
115 97 12
130 102 36
104 112 45
95 12 46
66 24 15
103 116 50
129 7 23
16 31 11
111 18 75
147 113 89
87 9 55
97 123 13
20 58 4
39 124 92
111 89 3
47 85 49
43 52 88
88 105 42
123 80 88
127 78 23
143 1 82
11 70 87
52 66 10
1 50 42
22 96 70
93 50 67
126 3 59
146 124 55
39 54 3
142 108 41
31 99 51
146 65 10
55 116 73
105 93 25
145 132 5
121 68 94
59 137 11
9 139 60
128 49 89
30 40 5
141 61 58
131 134 14
101 106 77
73 127 60
51 48 100
18 77 79
7 73 8
130 56 34
0 146 57
34 104 99
62 127 68
119 140 71
29 96 27
9 105 42
57 124 11
49 6 5
97 37 87
143 29 26
142 51 77
121 8 8
81 138 79
131 46 21
14 81 56
29 109 38
86 139 34
107 89 93
73 99 57
115 52 100
67 6 27
46 110 68
122 65 62
20 68 25
72 30 92
23 25 6
143 107 10
146 31 50
74 133 13
83 113 62
57 65 48
107 10 11
136 0 94
104 71 56
60 138 78
148 0 63
14 64 97
141 113 48
15 129 97
42 106 38
125 145 90
119 94 37
58 143 82
45 101 79
29 26 85
37 110 11
104 135 39
125 52 14
20 85 89
73 29 73
146 149 12
9 66 20
60 106 53
10 149 6
128 52 78
94 95 52
16 28 17
148 53 80
5 10 76
12 97 82
14 24 22
56 116 7
134 111 84
26 110 92
110 138 30
99 34 56
131 95 85
55 97 3
27 148 72
97 66 60
48 14 48
144 79 30
36 80 47
68 56 79
40 118 67
128 96 3
57 85 47
20 136 37
71 129 13
4 51 51
9 40 58
105 8 78
63 48 89
106 129 49
14 106 68
75 128 91
65 99 54
133 125 45
49 29 47
88 106 5
145 48 26
41 84 34
44 80 54
141 85 76
75 11 95
105 77 7
14 93 91
11 118 39
34 15 56
7 42 66
49 75 65
21 32 84
24 37 13
1 131 36
45 10 55
9 36 31
42 135 78
133 85 30
38 37 54
29 72 65
87 121 96
133 103 76
120 8 46
47 31 85
148 141 23
72 26 45
81 101 69
140 15 39
65 18 72
0 111 5
51 71 82
97 146 36
130 70 81
60 127 46
90 8 23
48 106 82
91 99 96
148 131 56
94 4 11
147 65 68
45 43 21
65 25 60
97 83 87
144 113 25
149 129 5
27 5 46
72 131 12
38 32 75
53 99 78
89 33 3
90 64 55
145 79 47
126 24 25
10 86 7
145 28 47
126 7 33
24 22 96
22 125 99
94 68 33
50 6 76
79 3 64
91 72 63
27 138 19
71 116 25
46 78 90
11 53 95
78 89 3
13 35 82
45 102 89
58 139 95
40 97 36
46 148 100
2 51 42
25 65 20
93 132 26
10 53 26
37 141 28
72 12 47
135 108 15
84 85 71
110 12 7
48 39 78
117 67 42
103 135 18
94 81 73
102 27 54
51 81 66
113 110 87
49 36 5
25 91 71
56 71 4
141 117 87
125 1 18
142 82 47
148 90 4
124 18 83
110 149 10
44 70 60
120 57 92
131 140 85
122 44 89
87 147 40
135 41 79
35 9 56
72 90 4
88 3 77
6 57 57
9 94 72
61 92 33
25 77 50
29 45 67
125 40 98
85 91 5
127 56 26
52 141 7
20 12 17
60 42 98
33 2 64
147 92 70
24 57 77
136 66 97
128 21 63
89 116 92
67 77 27
19 105 33
134 128 57
8 44 87
81 0 100
149 61 28
38 139 11
65 23 5
25 42 83
112 31 45
56 66 45
133 134 29
48 124 22
76 57 71
51 131 61
22 77 85
40 37 38
145 10 0
129 23 59
63 140 60
86 117 72
43 83 20
43 74 13
95 74 56
53 16 8
71 70 98
13 117 33
123 49 72
130 1 84
63 41 53
68 76 18
103 29 81
20 53 56
47 6 27
68 124 96
47 102 48
9 129 96
79 2 82
104 114 85
0 120 53
85 9 11
37 88 57
132 81 32
149 7 53
80 106 64
106 8 93
72 24 100
51 93 84
73 108 9
23 6 59
90 32 7
11 84 74
89 32 3
143 24 72
134 103 62
110 140 19
24 112 74
62 18 31
120 104 22
82 21 19
5 76 69
95 111 33
45 121 14
64 96 100
52 0 55
137 33 53
77 42 54
147 56 50
130 10 63
22 2 2
133 67 67
55 39 16
104 110 65
92 56 70
14 91 17
17 3 21
49 143 90
34 130 51
123 70 29
15 38 43
92 136 18
60 130 61
123 72 55
82 142 72
79 141 31
24 77 30
10 16 1
123 138 62
114 99 32
108 18 21
31 122 46
58 104 67
26 47 16
74 148 21
11 71 56
80 12 29
100 79 95
46 26 18
91 135 24
137 43 37
149 117 86
68 75 45
146 47 32
89 76 36
40 55 23
55 120 42
148 57 85
142 129 90
70 114 18
4 78 27
112 135 53
54 16 89
99 33 88
121 107 63
55 86 81
66 136 25
123 27 38
51 17 74
136 9 19
36 59 52
126 32 52
111 128 94
95 70 95
15 44 5
99 88 13
144 73 12
44 129 58
35 139 71
15 132 28
106 83 25
79 14 55
34 4 59
74 78 39
99 133 46
6 87 73
121 143 94
78 77 88
45 36 9
141 132 36
129 110 12
5 107 17
72 87 99
123 14 16
140 45 27
82 101 75
29 79 88
64 113 93
131 66 66
45 136 2
120 118 49
22 9 18
5 0 38
65 130 80
143 113 29
37 46 54
56 19 80
55 107 10
38 23 30
2 93 7
3 95 16
11 128 32
115 60 99
110 124 54
78 42 56
108 118 15
136 10 21
73 121 46
113 70 79
49 114 45
76 95 68
135 148 79
135 87 51
17 34 23
8 104 71
107 38 12
80 125 58
52 34 76
123 47 40
72 92 50
112 2 73
5 85 2
31 114 85
149 26 35
75 114 93
37 48 39
9 53 27
5 37 69
42 66 73
56 87 84
83 62 45
62 109 49
54 49 14
49 38 80
71 131 49
83 89 95
92 84 20
20 125 72
68 88 79
66 83 23
82 58 33
148 4 51
44 106 50
68 116 56
123 85 71
104 91 20
81 49 3
30 138 57
8 143 82
32 13 83
53 118 79
99 50 9
81 48 82
119 84 7
85 127 2
88 43 12
93 149 77
93 2 32
37 58 9
85 50 43
2 12 28
70 45 88
81 15 48
74 105 54
94 7 17
2 36 14
39 4 16
93 40 29
71 24 21
12 39 99
104 37 73
113 112 6
135 121 55
55 28 34
134 108 61
54 135 33
24 61 90
126 5 91
40 99 79
5 144 66
36 18 9
144 114 12
25 147 15
63 52 25
139 140 44
27 95 80
107 2 56
37 113 22
120 128 35
122 116 36
110 13 73
83 59 12
142 118 90
107 115 30
15 9 59
125 30 46
59 73 50
83 68 72
119 62 33
57 9 58
127 115 57
41 31 74
89 31 26
14 89 47
73 119 88
144 52 49
125 83 10
52 90 15
116 113 23
37 89 10
93 90 23
55 50 3
30 28 60
71 89 46
119 132 78
16 137 68
131 121 12
146 2 66
68 89 19
118 139 57
89 109 48
16 26 19
111 22 1
20 129 84
124 78 10
65 72 61
113 36 89
135 68 78
94 139 7
99 40 96
2 104 63
115 140 44
21 114 45
138 77 64
59 43 61
23 66 80
137 94 23
71 58 74
112 0 38
78 68 0
67 10 32
52 18 95
144 13 58
58 55 62
58 57 82
89 43 51
113 96 95
147 41 37
38 106 30
99 147 57
40 12 77
123 66 8
30 51 32
57 67 38
32 64 68
26 93 80
34 38 93
79 109 15
148 115 51
21 55 47
19 6 24
52 83 98
58 70 65
36 90 63
5 52 73
134 39 83
112 133 50
18 73 94
122 113 9
1 11 1
38 5 2
125 87 72
116 18 47
41 29 11
131 54 45
140 24 53
142 114 32
62 17 41
57 81 26
96 125 39
67 1 23
77 8 28
95 126 71
23 1 61
47 93 50
118 111 56
66 20 46
119 15 84
147 90 19
100 48 88
145 111 23
12 37 37
73 76 33
0 31 24
32 20 85
51 44 22
47 51 40
96 28 19
95 87 12
36 60 55
0 138 21
102 35 47
59 120 15
91 64 43
88 11 4
83 35 45
132 95 68
16 35 38
52 139 45
66 118 36
145 112 16
147 12 98
127 143 24
6 125 60
125 24 65
73 149 54
70 94 42
20 133 79
36 15 65
23 77 78
18 14 84
107 85 17
19 28 38
96 83 12
28 101 17
89 142 6
128 34 98
52 29 48
2 28 74
62 21 27
137 81 70
134 107 93
48 97 46
32 102 23
126 55 45
107 11 84
52 123 81
120 101 24
28 50 30
5 94 22
114 118 19
110 5 89
132 27 8
77 136 66
118 68 74
52 117 90
85 74 73
7 114 8
89 61 79
75 107 3
102 143 23
122 135 29
64 93 32
141 68 8
133 39 5
148 107 94
37 26 54
128 56 90
87 118 98
55 32 50
14 131 86
65 144 68
122 109 75
0 117 63
127 132 36
75 57 56
28 35 55
60 34 75
15 2 9
119 146 88
73 104 27
23 99 12
1 18 59
121 10 5
37 128 52
122 59 94
90 140 23
29 146 6
55 58 97
1 24 73
108 140 92
49 28 40
17 118 72
24 71 59
14 137 13
134 126 44
79 19 78
133 140 76
53 50 79
116 131 35
144 54 13
8 13 59
36 71 67
118 146 58
72 37 42
125 29 82
140 95 65
44 88 62
87 108 79
39 72 76
37 15 9
123 1 36
58 129 6
24 31 83
14 105 99
135 78 27
143 8 78
23 105 33
141 14 11
130 72 87
15 62 94
138 28 57
85 94 70
59 114 71
30 75 66
147 117 92
0 132 27
28 48 98
85 109 91
134 16 15
52 110 74
68 103 37
27 103 99
65 73 18
142 26 69
38 3 20
97 88 17
14 118 16
94 47 76
38 13 82
105 89 77
148 128 75
23 75 6
9 125 86
30 81 29
145 129 53
110 46 71
92 83 52
37 54 42
118 47 9
15 113 57
26 134 100
25 97 93
106 26 63
10 134 86
48 42 72
133 29 80
14 123 68
87 27 40
61 25 8
142 115 27
9 29 4
119 67 1
127 9 95
82 148 38
115 135 85
21 75 12
38 95 41
41 92 98
27 75 57
108 9 68
91 136 91
34 118 18
65 80 92
122 90 72
63 91 78
123 58 25
46 113 74
50 27 5
84 132 28
133 36 98
87 90 24
49 1 9
77 113 68
56 8 41
64 26 46
122 46 3
33 81 36
26 10 40
128 83 90
116 141 29
9 87 10
22 25 65
130 139 25
141 73 12
55 78 91
111 137 69
22 58 70
89 145 31
84 73 13
84 79 90
48 13 18
62 147 12
35 121 96
91 82 10
110 17 31
48 3 68
49 145 78
12 105 29
80 43 75
64 123 2
58 14 35
112 27 71
90 146 0
27 92 37
28 55 0
130 143 92
138 132 44
38 26 89
25 49 48
40 44 19
147 93 30
78 33 60
110 67 79
58 83 76
61 5 14
90 43 88
6 92 59
118 147 82
65 135 71
61 134 78
2 137 13
146 81 61
15 101 63
97 135 63
140 75 55
118 119 63
140 1 81
105 82 25
34 108 32
23 140 17
17 52 31
65 133 97
39 35 53
149 71 68
135 42 67
48 114 11
142 20 31
120 105 88
118 76 55
7 57 57
44 34 6
76 86 23
31 65 63
43 89 84
139 148 44
77 19 82
123 22 78
7 39 92
97 61 7
111 94 91
119 55 76
95 133 97
94 41 100
7 90 1
21 148 72
37 13 88
118 39 16
134 42 89
67 9 31
100 58 57
38 144 16
129 4 80
132 109 96
15 33 50
141 34 38
12 62 70
141 64 87
64 19 69
117 68 63
40 131 30
49 128 52
58 15 26
33 62 74
137 91 74
20 134 51
144 51 15
16 147 17
42 16 92
124 38 48
114 122 22
65 48 86
121 105 84
102 73 62
12 127 89
66 149 68
75 81 26
40 83 19
53 126 90
31 116 71
95 20 72
52 82 12
68 22 73
18 74 62
64 130 60
87 142 60
107 131 10
2 139 43
118 131 43
123 145 14
58 87 57
91 123 92
31 133 76
38 93 10
93 48 89
63 44 41
82 132 42
148 8 11
45 106 96
76 133 63
38 107 47
24 49 27
55 22 0
137 23 38
35 71 14
60 67 37
32 100 49
59 88 55
34 71 22
149 70 70
90 9 10
145 93 6
140 50 42
30 117 32
40 30 73
135 92 74
99 23 16
94 52 90
32 47 51
15 59 76
50 9 32
63 77 88
89 96 97
39 122 5
51 33 23
62 64 13
68 148 42
131 39 87
52 87 80
90 70 32
99 96 89
94 137 27
58 115 84
106 148 87
96 85 12
60 112 43
3 38 37
28 146 34
17 131 38
134 115 37
107 78 11
146 87 45
126 70 64
90 52 12
15 117 75
131 21 77
93 11 32
28 44 9
117 135 72
141 65 47
21 94 4
128 53 64
1 103 37
25 73 57
50 48 44
57 32 90
131 32 16
136 132 71
33 93 75
97 92 11
131 59 75
123 77 83
128 47 44
147 68 33
1 137 77
88 57 60
68 29 2
75 67 32
137 42 67
70 97 8
21 122 48
126 26 78
56 135 82
97 67 3
114 50 40
111 20 64
136 15 8
103 101 57
110 100 67
123 35 34
49 95 7
130 47 75
59 128 65
100 147 13
109 24 19
110 71 53
34 77 88
129 76 59
126 46 37
37 21 28
86 60 16
64 56 88
35 120 73
129 141 76
86 38 60
137 1 50
103 109 37
117 53 4
10 137 58
107 101 70
70 63 89
101 5 72
29 101 13
43 67 44
47 7 39
23 26 86
1 101 8
15 109 15
5 138 54
11 106 98
34 120 44
19 147 13
93 28 14
96 128 48
31 43 100
9 118 98
52 103 79
127 89 92
84 121 47
70 137 15
137 149 57
139 58 7
104 29 88
128 6 18
21 47 75
148 19 64
5 38 82
2 71 74
83 18 74
144 66 19
111 100 25
65 125 7
78 126 97
149 120 96
28 2 98
112 137 79
53 77 96
80 72 95
45 65 36
46 61 49
120 102 54
26 49 6
139 136 51
15 104 52
81 120 91
20 128 33
27 77 12
112 99 89
102 62 56
128 114 80
105 46 6
88 77 6
56 144 62
115 74 60
40 138 56
110 76 28
43 77 76
2 30 65
104 31 28
129 137 16
23 88 27
26 91 16
20 19 52
7 3 59
116 130 12
116 91 73
115 64 60
38 133 67
81 128 71
68 122 80
122 114 52
66 74 44
106 77 2
57 47 100
72 4 92
55 48 13
53 13 10
33 3 37
50 134 17
15 77 2
4 81 43
129 109 40
82 138 56
23 28 29
124 112 31
38 82 77
26 11 83
88 48 14
28 83 90
5 36 98
36 26 52
124 131 39
10 131 72
123 132 68
84 24 30
106 143 62
107 140 70
44 24 48
29 133 68
45 14 24
20 145 40
148 137 42
146 58 28
5 123 98
65 126 95
28 20 55
0 61 92
76 8 96
126 60 87
64 95 17
5 105 82
148 143 45
108 1 18
82 121 15
52 149 96
89 44 91
124 50 16
26 117 47
101 15 75
41 148 90
92 106 87
79 81 46
146 114 39
127 102 30
66 53 16
119 76 26
61 19 32
33 35 36
72 65 58
125 75 59
77 73 14
9 92 10
103 148 25
30 135 37
90 85 17
127 42 100
6 132 29
22 67 68
58 50 46
47 89 46
133 28 73
8 128 98
120 63 41
6 130 56
41 45 32
61 80 14
74 85 99
78 137 67
106 95 74
73 36 7
44 63 16
75 147 35
141 88 22
8 71 33
60 93 53
24 44 30
95 130 19
132 141 89
77 55 49
74 124 48
77 106 28
147 130 19
141 129 78
101 47 72
75 141 47
12 46 80
132 57 59
25 36 40
56 60 34
93 41 32
142 119 33
19 0 56
106 136 41
142 68 58
136 55 52
43 48 3
8 110 93
123 4 85
65 119 10
44 90 47
36 38 55
90 33 95
0 125 0
93 33 28
22 102 79
39 59 15
136 78 18
31 85 50
129 148 37
47 87 0
133 52 54
135 45 16
147 145 97
78 124 62
0 76 94
77 48 20
50 86 22
141 149 26
128 135 6
67 57 28
108 44 47
148 78 43
136 97 86
11 12 48
24 84 41
13 32 52
99 1 91
92 45 34
49 46 63
122 128 9
79 64 53
61 27 73
135 29 16
141 120 89
4 135 43
15 83 56
74 0 2
136 71 39
19 116 2
117 48 30
28 145 40
47 148 17
58 107 22
149 65 57
56 115 9
35 31 29
26 78 30
19 133 81
136 57 90
40 43 0
108 120 66
18 84 61
78 43 73
103 44 19
21 88 97
55 46 90
139 119 94
23 73 2
33 107 10
127 6 47
111 50 98
132 135 68
15 61 87
106 99 76
3 2 83
100 126 24
114 68 17
39 81 41
75 44 25
116 73 34
82 49 99
9 11 74
87 54 79
7 89 85
45 110 19
7 132 24
29 88 22
52 16 6
133 58 38
95 105 88
135 129 100
78 27 20
26 149 25
83 45 8
51 145 88
15 125 20
1 100 10
52 131 15
104 147 79
45 108 55
113 141 47
104 12 12
30 20 19
33 47 31
62 116 91
46 122 30
19 30 31
15 115 99
62 68 0
31 130 19
9 75 10
118 6 34
33 12 29
127 32 58
91 141 18
76 28 55
44 97 12
116 60 12
55 57 87
118 89 46
77 30 83
46 128 5
92 79 50
103 50 91
35 109 25
1 78 30
90 119 43
19 148 60
133 130 75
88 125 48
86 44 23
108 78 6
138 65 8
128 14 35
23 80 89
44 86 87
9 14 12
96 16 59
84 35 80
9 117 79
46 139 48
94 13 97
76 142 36
10 65 2
83 111 40
59 18 60
61 145 48
128 147 91
0 81 76
30 87 35
1 34 97
27 142 91
77 118 34
83 85 63
120 32 90
144 121 57
47 76 76
127 64 17
6 82 59
84 141 54
105 104 24
120 123 84
67 51 82
90 51 49
84 90 28
111 138 67
7 54 8
5 46 60
84 112 64
35 100 28
47 42 43
24 3 21
65 63 36
72 16 49
48 145 45
53 82 98
60 78 95
88 14 46
134 106 73
17 95 85
46 64 37
118 104 28
18 132 35
130 93 47
22 137 50
121 42 70
8 46 83
71 148 3
75 50 3
34 127 33
82 47 74
112 120 52
106 70 94
4 62 90
65 67 60
37 144 70
132 72 19
111 109 14
137 120 48
125 129 92
41 74 14
145 113 31
115 8 30
74 71 78
38 123 48
83 39 7
44 140 92
0 51 41
26 105 34
42 49 26
49 21 9
147 86 90
116 140 54
54 121 4
127 88 49
101 100 63
44 84 30
61 54 96
41 35 1
124 74 8
145 52 49
138 149 8
146 70 61
1 26 6
82 136 41
94 56 39
90 121 4
83 74 90
20 15 80
43 116 98
115 118 70
72 146 54
2 130 34
20 87 68
99 146 61
73 133 65
131 56 92
12 4 9
56 124 25
125 43 6
27 32 3
21 104 55
60 54 85
107 0 61
99 102 66
128 65 10
109 51 3
73 7 6
63 144 75
105 42 73
41 89 60
103 51 67
122 32 47
131 135 2
119 48 63
29 136 69
79 43 28
15 63 65
107 138 8
58 31 51
27 139 11
34 40 67
107 148 50
144 46 60
23 127 51
59 79 49
103 17 94
15 136 81
15 37 75
13 144 6
108 25 54
65 66 52
102 49 13
129 149 45
52 95 4
72 31 31
89 75 55
40 103 82
7 84 1
101 123 33
147 111 99
43 33 92
70 44 80
30 15 87
46 123 65
78 37 19
4 96 19
55 122 19
95 86 35
28 1 0
14 90 7
121 112 91
74 27 32
147 102 43
63 9 17
47 128 58
144 78 17
36 81 38
1 145 60
124 24 90
45 107 22
143 34 50
30 64 71
100 106 83
46 27 1
40 95 16
78 59 86
108 30 17
76 67 33
75 20 6
54 102 86
139 146 81
67 146 78
147 132 89
48 79 38
94 20 63
47 9 32
115 78 93
21 78 83
67 73 40
124 96 54
77 41 33
121 140 68
97 12 100
77 128 18
97 25 66
121 141 45
107 135 55
30 3 96
141 21 74
86 18 90
24 145 58
113 114 93
30 38 68
5 141 21
33 127 93
97 72 16
140 94 1
106 59 50
115 72 56
99 68 77
141 118 26
24 102 53
129 9 70
18 58 86
76 46 86
34 116 50
44 17 37
24 115 44
48 85 77
6 23 7
127 131 40
68 67 27
112 41 81
39 36 21
108 17 80
137 48 81
36 35 97
116 146 98
75 1 52
129 27 26
119 0 89
72 84 71
3 134 76
74 65 84
122 123 100
11 66 4
44 51 3
68 37 64
92 73 59
41 121 65
30 61 72
89 97 80
47 57 88
125 139 29
30 23 48
44 139 36
114 142 41
109 21 67
149 119 22
90 28 1
13 37 63
82 87 30
67 16 50
39 47 91
138 18 79
50 64 49
120 40 36
133 46 33
106 66 94
118 90 39
73 96 33
111 81 37
127 149 2
141 87 12
4 128 75
44 22 76
91 51 97
138 93 66
74 77 67
42 142 0
44 114 9
40 76 30
31 126 94
26 97 3
68 2 62
133 124 26
2 44 27
136 20 95
14 6 65
58 17 3
65 123 62
141 17 50
8 2 80
49 0 84
147 67 98
8 76 67
95 142 16
133 40 95
85 102 15
58 96 86
55 56 13
87 75 16
59 107 14
133 34 77
149 21 19
94 66 28
19 128 72
143 19 38
133 95 32
61 126 85
114 10 76
126 77 18
6 60 32
131 90 48
19 76 23
104 146 46
41 71 46
148 81 28
19 86 48
56 120 98
18 126 76
125 112 38
104 88 44
126 79 13
86 56 16
31 15 49
17 66 17
3 89 73
129 29 71
8 137 43
72 78 16
2 113 91
137 118 98
10 33 60
3 88 55
51 123 89
24 95 52
16 12 76
49 39 60
47 80 83
108 137 95
142 29 81
125 140 85
40 77 65
74 82 30
97 115 11
43 88 61
39 5 16
83 16 32
117 23 69
62 95 37
99 106 10
10 42 8
144 120 5
148 35 49
100 26 56
43 26 92
31 115 13
83 6 82
43 21 8
7 63 45
11 133 2
50 89 7
36 12 0
148 1 64
146 113 99
70 123 5
66 121 67
72 137 90
90 143 13
1 128 98
15 14 48
31 24 77
24 105 76
41 57 50
121 5 29
91 23 82
53 57 27
59 127 23
32 25 36
148 42 85
50 39 20
17 103 88
111 72 46
35 43 2
33 37 33
142 122 77
123 146 54
125 99 32
146 60 92
107 4 22
106 36 98
49 50 46
38 131 74
6 46 53
124 87 10
58 6 9
109 23 59
27 102 52
39 79 66
66 2 58
128 95 24
117 121 50
67 118 4
57 144 21
70 129 55
123 44 96
139 144 32
34 60 95
125 86 55
68 3 14
109 44 18
71 122 71
142 19 53
62 134 3
112 149 47
85 61 90
0 85 48
45 88 72
19 49 78
52 24 15
88 70 55
76 107 43
115 48 90
26 35 82
78 145 2
95 138 84
32 145 83
112 121 50
106 11 43
126 138 91
4 11 77
23 79 30
39 121 73
63 120 78
5 147 36
100 120 82
109 0 85
132 102 42
54 70 78
51 4 29
8 102 36
83 101 82
120 119 3
140 27 27
104 26 83
41 103 2
57 114 83
57 73 0
53 63 76
90 74 44
137 57 1
28 84 39
11 105 10
117 88 41
95 140 86
105 119 9
136 70 37
73 37 34
139 126 66
144 18 1
97 41 69
47 115 29
93 124 68
105 129 42
80 39 28
105 118 23
119 45 23
19 1 46
82 119 64
9 108 22
11 2 3
114 25 92
121 129 78
142 131 16
140 47 18
67 121 75
45 2 6
92 143 20
49 12 33
131 8 29
70 140 54
118 113 95
1 38 34
128 138 11
134 6 33
17 37 95
106 90 33
61 17 0
26 118 49
83 23 68
76 130 80
119 39 1
63 123 17
39 86 76
95 79 64
47 108 22
37 135 30
95 84 25
56 149 70
71 29 58
88 9 17
96 21 85
80 92 26
106 22 83
114 136 82
39 113 55
27 120 81
71 84 39
116 68 7
71 137 51
55 101 100
129 26 91
78 66 79
115 12 82
92 124 5
86 58 20
125 73 34
70 116 83
12 45 87
36 73 50
3 10 82
5 77 49
56 136 88
139 62 73
19 88 29
2 106 2
15 53 34
135 6 19
15 114 99
115 89 85
131 139 23
18 24 67
59 8 73
7 65 71
118 124 85
38 117 99
111 55 23
70 87 43
90 10 94
4 45 58
83 146 14
50 101 21
63 113 66
114 138 66
63 14 52
134 123 79
97 53 3
142 96 74
131 76 18
49 85 47
71 18 56
63 147 94
65 5 20
142 57 89
95 124 9
55 149 30
120 27 100
139 57 86
108 125 17
31 56 53
23 67 52
145 7 69
85 123 94
86 123 83
110 60 73
24 76 33
59 108 74
49 79 41
115 105 37
28 112 41
41 106 14
1 27 42
149 89 96
10 26 83
16 32 75
118 45 57
107 93 19
142 111 58
102 121 47
103 37 16
145 86 75
129 35 24
106 128 95
120 34 83
119 19 74
28 14 42
125 41 98
111 61 93
2 116 73
134 4 61
137 45 59
66 32 20
131 36 41
9 81 50
16 84 79
143 131 27
9 136 48
57 88 11
54 143 20
119 54 66
124 71 38
117 78 33
62 51 97
100 76 91
11 38 27
29 139 71
83 3 40
143 47 74
77 112 5
9 67 37
93 121 28
124 55 91
93 112 38
50 108 22
41 2 30
31 35 98
75 15 83
29 105 15
120 48 66
60 140 83
108 73 9
56 104 48
48 108 82
4 72 30
1 52 6
130 101 84
144 10 99
36 138 34
41 114 46
31 136 99
106 64 40
18 103 47
104 145 59
61 106 88
107 81 11
66 84 56
9 22 18
142 79 51
135 144 86
107 134 30
73 144 24
136 31 61
27 2 58
54 74 18
76 68 55
11 21 6
4 8 12
59 133 99
2 111 64
114 38 56
33 57 14
106 91 79
52 91 60
6 53 2
31 36 68
70 31 90
77 148 12
70 17 20
149 1 39
34 113 82
19 46 43
148 46 68
120 94 65
39 45 22
85 44 10
52 128 77
37 130 39
51 96 11
16 37 61
12 76 91
78 138 5
133 123 80
39 115 98
7 16 12
130 87 90
148 24 11
49 44 63
119 20 12
123 8 91
107 16 72
11 35 51
110 130 45
102 6 24
48 51 18
60 92 21
48 64 97
106 133 47
10 95 45
23 31 61
47 22 82
18 104 98
56 18 84
19 102 75
65 131 89
134 101 86
127 60 35
87 73 52
116 1 37
146 71 24
12 142 79
17 114 24
120 44 15
88 27 7
139 17 21
145 104 64
89 47 91
16 121 89
66 96 79
42 86 84
25 64 9
67 35 58
93 52 10
129 139 49
47 140 45
125 8 6
12 106 27
19 100 61
54 88 46
139 118 4
72 124 62
133 57 3
58 146 26
60 77 74
116 143 28
56 95 13
87 122 4
11 61 82
101 108 71
78 26 54
146 25 70
46 53 77
119 147 41
130 149 76
107 39 47
64 18 62
81 145 67
91 134 5
1 77 48
1 96 61
138 31 7
80 47 86
86 122 93
18 149 20
71 5 82
100 37 70
93 122 90
56 94 68
7 135 27
71 83 58
54 73 70
3 122 2
145 1 56
7 97 52
123 73 91
84 0 39
32 121 70
72 7 69
137 115 22
53 28 39
39 93 40
54 19 62
134 136 43
58 18 9
106 146 84
46 112 47
136 3 23
5 54 13
58 40 99
112 143 48
132 1 11
57 74 5
64 46 9
147 8 58
20 122 90
139 97 39
64 59 6
13 79 32
140 26 10
96 133 77
38 15 18
15 13 65
24 125 76
97 30 22
42 64 77
6 44 76
36 82 94
74 141 34
46 127 33
75 87 58
113 39 100
147 55 81
118 143 17
64 124 53
22 26 26
143 127 90
121 52 36
110 55 92
26 126 71
103 57 63
39 131 27
132 59 11
95 27 65
76 45 87
23 68 82
14 44 39
131 148 100
138 39 78
123 26 5
139 21 31
120 149 35
65 74 70
33 66 79
84 78 63
122 83 9
5 89 90
62 58 37
25 61 80
97 38 23
52 11 12
144 105 2
134 27 4
54 80 52
45 96 68
21 4 83
87 112 43
129 65 84
133 15 40
144 47 31
99 116 41
64 112 55
60 84 50
4 44 37
55 79 62
99 9 65
105 144 89
79 52 84
142 37 89
134 84 30
46 20 76
77 36 72
108 132 40
131 38 56
136 95 82
130 74 60
60 25 1
46 18 56
71 95 57
134 58 67
132 134 82
47 74 94
14 30 24
81 12 6
144 64 32
83 94 51
118 1 41
41 4 12
87 89 12
135 107 52
87 92 24
70 145 66
20 102 29
89 2 10
113 22 66
137 37 94
102 129 36
2 74 43
147 24 3
54 109 86
107 118 31
6 70 83
114 27 38
34 85 17
91 83 42
126 57 85
13 48 24
95 73 37
8 122 63
48 81 61
89 70 50
78 36 29
86 126 36
41 1 54
148 96 66
67 105 18
26 68 96
144 107 100
80 56 40
89 107 60
52 105 4
102 50 69
110 36 3
99 149 30
17 96 6
99 31 36
7 64 80
142 103 61
85 17 26
5 128 50
41 14 67
127 1 83
136 21 48
109 145 12
14 61 97
23 46 55
141 26 32
79 77 94
43 86 64
141 56 35
33 124 0
0 74 23
82 50 96
93 126 32
73 60 72
16 79 75
30 80 69
50 137 97
8 54 71
91 10 97
13 41 19
29 3 46
116 54 54
55 130 66
130 12 22
98 17 42
98 52 36
98 147 90
98 127 49
98 44 91
98 146 90
98 141 18
98 29 30
98 131 25
98 95 26
98 89 3
98 126 26
98 53 24
98 75 42
98 139 95
98 9 71
98 51 96
98 137 83
98 0 35
98 22 88
1 69 84
12 69 50
13 69 71
17 69 55
20 69 12
26 69 15
50 69 94
52 69 31
72 69 40
77 69 58
85 69 29
87 69 74
100 69 63
103 69 53
109 69 69
113 69 63
114 69 14
131 69 41
132 69 61
133 69 59
143 69 68
147 69 78
