139
199
41 193 90
27 178 22
228 29 13
94 68 68
188 192 39
216 3 97
106 224 19
105 34 76
40 225 63
3 89 76
96 70 61
21 33 69
226 154 64
59 134 23
29 111 79
23 52 1
195 98 44
169 196 46
34 46 36
73 140 9
91 40 75
67 213 88
207 58 57
209 94 65
98 34 37
78 176 82
109 71 71
131 151 52
141 0 88
193 201 34
65 207 9
124 67 59
49 58 77
99 140 15
113 44 6
198 151 78
185 217 4
175 49 68
116 31 23
203 165 64
25 4 91
14 120 30
22 92 6
2 94 47
148 202 4
179 108 33
125 32 23
26 0 68
190 1 78
174 91 80
80 76 15
118 150 97
153 226 75
226 148 78
112 73 44
29 158 79
134 32 63
95 155 64
161 111 82
225 82 17
109 52 46
162 89 15
71 148 19
157 214 68
110 75 86
203 138 43
73 210 55
36 219 1
63 26 89
175 47 9
222 127 51
53 49 75
111 10 57
0 197 18
49 126 90
219 26 96
173 20 42
89 141 35
184 31 62
123 82 40
151 76 74
223 4 52
215 136 7
151 63 85
109 105 53
96 191 82
178 229 24
191 204 5
0 189 10
67 219 98
207 61 14
102 70 37
121 193 14
78 121 8
157 219 30
134 228 3
120 132 23
5 175 36
14 176 50
163 19 67
61 42 48
183 136 14
197 81 50
144 210 56
157 128 60
58 185 69
172 127 50
58 82 42
117 13 26
174 93 45
30 208 26
19 164 74
90 49 34
138 26 12
114 210 25
3 52 30
66 157 22
63 14 16
194 20 44
84 51 35
137 103 38
78 62 26
187 224 44
111 228 5
83 138 90
203 209 30
94 201 72
150 144 38
193 182 98
28 55 56
73 212 78
222 36 24
166 211 69
167 5 34
118 217 96
191 208 52
170 63 86
68 202 93
30 36 21
214 5 3
20 53 80
86 173 77
135 216 48
9 198 100
61 71 59
15 110 95
71 226 33
87 40 60
18 29 5
218 140 95
206 66 89
88 92 27
30 207 2
71 11 96
130 114 12
222 197 28
220 181 55
152 110 15
229 202 96
54 120 75
207 193 87
82 137 55
57 22 12
190 185 70
74 82 96
100 53 46
54 44 56
63 167 79
110 89 4
224 4 32
179 168 74
51 46 47
117 80 14
175 11 87
124 187 84
191 96 71
189 36 71
51 70 52
120 193 16
40 167 51
202 221 4
170 1 71
5 23 3
57 97 52
127 58 41
70 220 86
20 21 13
156 154 81
65 80 89
128 64 43
175 151 91
10 183 26
43 141 11
144 207 45
133 56 10
7 86 58
75 26 19
103 100 10
163 166 98
190 172 61
157 109 6
175 163 15
48 176 45
130 170 12
174 169 75
175 168 96
50 158 80
0 144 84
226 4 27
173 224 64
92 18 92
52 82 63
132 209 34
164 11 43
147 168 30
82 214 14
141 38 27
169 191 95
126 14 64
141 203 5
111 120 72
44 114 84
32 26 47
184 101 81
187 161 4
75 167 46
150 22 81
169 80 95
159 73 95
74 63 11
99 145 51
41 172 3
188 16 75
77 9 47
220 72 63
43 77 28
210 219 28
111 28 81
175 71 64
35 92 71
183 143 58
140 163 75
206 195 43
77 30 96
101 8 40
158 50 59
184 149 38
41 146 16
5 196 90
25 115 41
81 74 45
106 151 31
11 138 22
193 183 3
220 193 52
153 55 12
189 42 79
31 60 68
204 172 40
112 11 52
161 213 26
15 36 55
105 229 7
38 169 18
126 92 12
198 118 2
150 79 84
60 87 88
116 79 56
190 57 18
187 160 99
125 31 55
39 222 79
81 161 71
144 81 44
194 59 83
113 177 40
88 11 96
39 95 9
10 212 64
107 209 43
52 185 30
131 141 10
80 227 37
204 163 54
122 194 40
35 5 100
98 14 60
12 38 74
102 126 57
172 198 3
149 169 38
126 7 76
55 214 28
126 173 18
3 29 25
3 90 17
102 171 55
97 23 56
69 169 26
219 167 15
223 204 35
72 66 98
23 206 18
128 140 83
135 107 55
60 105 59
63 179 83
121 162 37
61 137 12
222 3 100
71 88 0
166 44 100
38 92 75
5 210 21
162 111 26
52 94 28
191 19 26
87 94 62
169 182 76
14 5 3
177 75 96
58 211 80
57 131 100
218 120 71
212 163 65
144 7 76
206 88 65
183 118 77
168 13 56
87 215 56
164 143 68
164 171 24
132 101 52
62 3 74
0 160 38
196 203 72
124 15 23
226 208 73
2 56 44
52 21 26
177 87 73
120 181 72
200 12 11
225 44 3
173 99 45
7 120 79
107 18 24
189 159 86
118 183 29
2 20 79
0 196 79
74 93 82
151 30 15
19 206 10
220 164 83
16 166 50
203 187 82
102 19 47
181 31 45
23 68 63
59 145 77
113 109 66
122 36 45
225 203 21
81 144 20
190 11 56
215 167 17
15 70 33
152 213 40
104 133 14
89 192 97
194 204 6
22 119 74
0 98 83
136 37 44
135 226 7
117 223 93
220 49 44
30 21 24
113 45 70
14 133 68
108 178 83
30 1 69
69 206 63
223 138 56
137 91 32
156 6 65
27 124 90
209 130 83
229 107 20
65 171 25
10 61 55
133 97 23
221 204 22
5 224 21
57 196 10
11 53 28
141 77 4
51 117 28
7 76 20
191 201 34
226 190 76
175 58 10
147 186 26
190 67 5
11 84 13
83 99 64
7 148 3
132 48 80
92 14 0
54 57 56
92 226 56
12 141 69
65 94 88
155 69 13
96 181 66
33 191 71
204 92 48
169 63 36
22 124 74
13 181 70
227 107 58
168 181 40
184 208 31
152 58 4
178 228 34
144 65 80
79 95 77
18 215 54
131 142 88
102 177 63
90 4 52
35 144 8
164 47 81
88 64 89
148 197 39
106 121 13
81 215 22
11 85 72
218 186 70
202 113 22
92 3 3
101 19 1
40 188 78
200 177 56
0 63 33
66 176 1
210 123 82
88 202 21
103 211 44
112 95 41
88 29 43
75 85 16
88 30 74
190 90 49
7 107 54
143 130 42
125 166 65
60 108 3
13 63 59
117 34 72
214 17 94
226 229 9
90 84 44
229 175 12
145 106 15
228 46 50
227 147 98
10 59 71
214 59 49
215 184 62
97 18 10
21 99 17
168 226 9
24 224 66
148 66 0
135 122 66
172 94 65
50 216 45
228 223 77
99 21 66
130 168 86
46 125 40
46 54 3
176 157 58
1 163 48
104 3 92
63 185 34
94 55 75
35 226 25
66 167 29
221 12 96
121 62 91
136 196 72
61 225 40
170 190 78
182 49 79
124 5 16
50 153 53
34 17 23
181 68 1
24 47 34
194 221 66
66 105 10
192 25 39
58 25 24
172 29 8
164 72 28
141 165 89
106 150 37
100 60 54
11 108 88
224 48 57
142 125 73
120 29 24
52 192 72
131 81 90
108 223 49
174 89 94
71 174 7
114 150 15
202 52 75
88 8 57
103 91 10
8 18 12
187 69 26
156 210 26
221 227 25
0 184 0
155 124 44
197 53 6
56 156 25
201 170 22
147 98 47
24 181 92
137 188 21
122 182 75
1 116 43
79 141 48
110 19 21
111 104 90
112 194 74
21 133 71
185 44 81
120 103 29
228 87 4
64 87 77
4 26 70
174 178 45
56 110 72
131 122 3
87 96 51
94 163 49
116 123 12
161 94 79
148 173 82
91 5 47
29 13 42
153 157 90
65 148 1
88 58 16
223 145 18
176 85 45
193 85 92
120 117 36
161 90 100
183 198 68
126 26 33
182 166 48
184 122 62
103 217 77
118 35 39
69 80 88
127 89 57
198 49 90
6 213 94
51 200 34
67 73 63
194 169 18
202 142 87
33 153 0
141 69 81
36 227 27
204 195 35
153 180 87
48 6 91
151 204 77
28 184 97
42 82 49
59 108 40
122 6 94
71 14 67
85 161 0
179 129 39
204 213 11
204 23 70
111 30 48
36 94 90
209 194 89
162 61 90
108 126 76
227 137 10
47 8 33
226 121 64
27 215 58
136 124 72
57 116 39
34 207 97
82 161 91
189 191 36
48 23 16
104 55 76
87 229 72
72 87 8
153 215 20
219 195 91
203 82 49
163 31 47
82 71 11
40 123 28
133 8 30
151 150 98
179 174 23
138 158 97
198 62 95
160 27 81
217 61 85
189 17 67
49 67 25
194 21 93
120 179 24
89 59 41
78 155 49
132 25 71
160 36 64
131 6 5
194 187 21
175 206 74
75 176 16
5 91 89
121 72 49
146 206 16
125 116 51
71 75 91
15 169 60
24 160 80
202 1 50
107 67 68
172 227 82
27 160 58
132 104 66
222 151 98
185 52 44
69 154 82
85 213 18
140 165 69
184 8 34
100 131 53
40 201 92
81 52 76
57 89 11
76 91 1
153 216 91
192 198 31
217 165 65
190 83 40
185 103 41
50 224 73
0 131 24
190 70 91
192 83 99
197 54 97
92 34 74
103 196 79
127 182 30
160 40 77
65 52 83
211 8 75
204 33 15
128 44 21
198 7 93
179 11 87
154 23 66
138 24 49
72 107 79
28 217 99
154 184 71
228 106 38
38 93 93
30 149 59
75 100 89
37 157 100
197 157 8
198 189 56
49 14 57
8 164 2
175 17 45
55 1 51
43 34 93
3 134 40
178 113 0
212 208 27
137 78 75
58 130 10
118 177 95
33 72 54
49 23 19
229 19 4
194 166 42
26 189 86
123 217 54
180 16 31
177 8 25
173 115 56
20 206 56
79 111 64
141 28 99
171 97 96
210 92 10
155 198 76
166 2 93
181 187 58
43 227 93
126 160 43
109 204 38
4 71 17
227 74 85
172 154 55
196 86 97
147 107 71
118 8 68
158 108 95
129 116 6
182 187 50
167 219 100
33 80 34
92 224 36
76 50 3
21 59 56
118 110 38
111 165 93
174 112 68
196 13 81
34 170 43
29 135 42
196 46 15
40 186 20
187 137 28
65 25 91
129 161 80
65 173 46
148 14 3
183 38 46
110 182 74
148 186 13
214 219 37
122 138 72
79 214 35
138 113 47
42 90 99
113 111 66
61 118 37
144 129 50
71 140 68
9 101 90
27 109 8
160 173 42
75 66 65
86 176 97
176 147 14
38 78 36
126 0 39
94 72 74
142 218 38
82 26 97
161 186 56
158 195 53
44 92 52
161 32 19
140 188 6
92 75 14
50 125 22
202 161 68
96 0 84
95 47 54
106 96 55
173 225 100
170 111 68
153 48 93
122 163 9
84 89 11
180 112 89
64 157 61
91 105 82
46 105 79
173 47 3
195 51 17
120 68 51
108 130 98
196 145 30
169 17 40
53 31 0
224 144 97
165 155 33
131 58 14
207 163 10
141 76 100
102 219 91
34 52 35
104 229 21
117 204 51
147 179 50
184 187 57
45 85 100
42 11 96
157 222 44
180 177 47
140 92 73
129 47 26
58 229 64
17 71 51
32 195 45
8 225 22
42 145 44
26 49 20
218 65 24
71 172 28
82 222 66
103 104 29
223 179 31
223 114 25
98 223 46
193 31 28
64 28 99
41 210 3
106 135 74
32 154 57
3 150 97
11 10 36
89 183 74
111 71 72
198 50 30
182 122 8
198 56 28
10 126 27
52 207 53
37 11 56
195 8 60
201 219 15
203 49 72
157 13 0
164 27 85
200 8 53
114 135 35
63 227 64
196 61 99
1 39 62
98 205 27
101 54 14
48 166 68
107 28 4
220 36 2
129 214 45
136 212 50
85 227 4
201 196 5
132 103 40
9 218 46
184 170 78
56 204 57
30 38 26
22 0 46
1 30 31
71 217 66
136 182 26
39 217 9
149 137 74
99 226 93
146 63 49
57 197 63
78 145 83
69 40 51
142 98 2
82 146 6
110 96 4
154 211 24
75 51 27
161 18 64
218 49 77
22 134 100
106 229 58
99 124 92
81 157 89
77 97 32
104 7 4
107 146 31
207 138 25
173 193 14
2 174 80
113 34 74
50 15 9
100 71 75
31 95 52
184 3 26
25 74 3
179 106 43
96 229 57
144 43 2
164 153 37
227 22 21
202 141 89
183 23 60
102 187 41
49 113 43
5 31 75
206 24 11
47 58 70
5 79 52
218 128 36
206 48 100
57 208 91
80 54 57
189 168 25
105 74 0
47 167 50
62 133 92
172 80 90
145 121 38
162 2 6
20 169 29
117 75 16
169 9 42
190 85 61
60 21 66
124 211 63
130 67 2
222 74 44
229 32 19
69 72 84
168 194 95
62 19 37
85 141 71
210 110 27
27 35 73
200 67 59
17 23 88
29 33 57
3 143 22
71 209 60
191 98 0
61 114 42
99 15 66
162 32 40
89 14 53
220 114 6
176 224 44
125 40 58
47 98 20
140 26 0
177 176 47
37 34 11
213 208 70
226 52 56
66 36 12
5 94 6
2 151 99
161 29 79
148 156 48
67 48 97
85 36 43
137 76 27
114 156 77
55 216 34
145 115 25
197 145 8
174 220 70
42 74 14
219 137 49
53 89 66
73 63 44
164 93 40
19 116 63
169 171 47
125 179 65
48 63 91
8 170 94
18 198 33
188 126 59
211 71 73
10 148 8
31 43 87
135 120 62
156 74 87
27 122 30
21 79 58
11 203 34
168 80 52
43 12 29
131 214 91
211 212 65
52 101 52
159 114 16
52 204 74
113 88 12
62 4 4
181 25 51
26 156 36
5 20 26
186 56 15
19 100 100
80 122 78
15 194 36
229 16 41
22 181 44
147 70 2
118 228 94
115 186 95
8 142 5
112 156 6
74 136 87
97 186 68
28 210 27
209 66 92
137 183 70
197 92 25
229 110 61
208 71 38
136 193 2
19 114 5
222 229 49
174 51 94
170 37 79
112 63 9
50 166 3
227 136 1
56 229 79
131 121 89
56 103 27
25 213 88
101 145 85
48 197 52
211 6 4
24 223 52
45 223 57
149 211 3
114 134 71
201 164 59
75 34 38
121 31 53
175 48 91
24 39 29
175 19 22
49 93 84
112 189 56
58 143 21
116 168 92
40 24 57
14 36 3
160 174 53
63 133 92
85 128 50
89 128 66
39 177 55
9 206 87
157 83 15
203 104 45
40 58 90
59 183 6
210 31 14
81 75 2
85 5 82
216 180 71
15 164 12
123 36 34
204 133 76
211 128 74
215 134 69
3 17 89
164 209 80
105 30 82
193 113 28
112 142 43
29 197 60
2 83 39
83 31 86
108 81 81
204 62 43
9 31 65
203 101 64
46 70 89
164 12 0
128 157 0
53 165 5
186 70 79
64 152 65
201 28 36
152 177 78
212 71 51
221 0 93
89 187 24
133 211 34
220 176 10
131 228 40
65 129 54
84 126 48
10 13 11
66 124 36
67 23 40
12 95 65
42 152 85
101 173 76
157 10 69
11 208 26
1 217 90
212 66 10
65 10 41
157 52 11
99 205 9
21 168 18
8 105 66
52 138 98
204 15 8
12 13 68
170 133 53
156 112 66
56 150 96
117 142 21
56 84 35
184 53 29
35 41 88
213 173 32
33 209 45
179 141 45
140 120 90
171 133 88
173 94 99
181 35 74
205 197 91
181 204 17
196 84 6
150 59 51
9 86 8
217 178 20
146 35 26
207 226 73
179 142 30
128 227 92
167 25 37
66 153 60
176 182 54
204 160 41
144 33 72
45 184 61
0 209 79
195 159 81
142 84 79
77 178 86
228 72 58
169 13 15
123 57 29
39 119 29
51 179 61
39 58 21
71 1 84
147 93 67
108 112 28
89 93 4
148 222 58
101 68 66
212 125 34
131 137 34
22 80 85
120 148 65
38 149 16
98 154 94
81 5 62
205 6 33
211 201 76
183 107 32
98 125 100
228 43 65
221 29 90
73 219 52
90 75 36
0 213 11
144 164 20
173 229 71
223 26 70
117 200 54
120 122 42
32 37 84
181 167 17
32 184 80
226 181 52
120 192 92
14 142 70
190 125 18
162 150 83
143 107 36
111 185 3
65 40 82
152 143 75
103 165 90
9 115 32
197 15 59
166 45 33
112 84 45
132 121 54
119 154 72
158 35 46
83 61 81
130 9 44
131 225 100
142 164 55
209 117 21
161 166 2
96 93 99
124 197 2
43 225 76
118 163 77
177 60 36
149 164 18
156 103 45
223 197 36
159 138 90
73 194 64
93 216 81
51 125 56
145 151 52
135 142 29
123 58 64
198 182 97
54 190 60
125 229 6
182 43 55
152 91 84
7 80 76
195 96 56
97 63 72
89 8 38
213 156 40
134 126 59
225 90 65
68 167 41
210 30 82
151 160 75
24 78 35
151 196 62
178 73 32
137 26 12
52 107 39
22 116 76
2 9 8
58 137 40
102 163 56
46 121 28
167 164 90
208 174 90
108 159 14
206 147 9
214 145 67
215 163 89
102 85 63
67 77 15
31 140 54
15 41 79
56 89 63
76 170 61
16 121 42
149 100 21
219 61 24
201 57 40
179 161 14
40 227 17
68 179 17
2 182 10
125 123 56
55 120 42
21 3 16
2 12 97
227 184 94
55 211 4
158 162 96
10 26 0
203 48 79
164 21 14
141 109 61
106 177 87
93 184 59
100 166 25
203 40 78
200 33 67
94 145 69
118 207 30
72 155 94
151 64 27
196 107 46
104 21 20
29 83 79
201 2 71
46 102 89
27 161 55
44 38 97
97 207 40
130 79 86
220 56 65
33 16 73
65 175 37
46 17 52
24 77 55
212 13 55
189 182 68
64 119 58
222 160 28
195 116 10
18 91 3
168 124 5
121 149 38
229 60 28
116 96 81
149 224 59
4 18 5
206 55 0
74 85 9
45 137 95
113 160 16
22 171 53
166 34 81
187 38 17
124 224 82
141 39 5
224 35 85
82 74 24
50 91 37
218 25 81
6 175 14
224 47 95
214 174 29
20 19 97
185 197 47
179 122 43
96 64 53
108 141 47
61 68 17
82 40 91
37 78 65
170 112 29
178 42 71
226 220 76
111 162 43
2 121 41
33 0 21
115 212 46
137 205 97
166 186 93
196 193 77
194 110 26
18 1 88
32 125 4
26 54 88
31 66 48
96 62 7
72 24 3
150 77 1
108 58 84
222 0 32
148 119 24
122 100 37
151 162 68
5 146 43
121 122 56
122 197 84
110 63 33
227 52 76
167 157 79
91 89 24
37 47 38
36 17 56
175 56 87
153 224 64
87 203 87
76 48 22
35 64 9
45 151 72
218 30 33
225 33 84
162 43 30
194 50 84
14 15 52
168 208 91
178 136 24
30 225 41
94 44 94
74 142 70
61 108 25
182 202 97
156 125 96
175 203 68
216 194 16
179 53 97
24 127 30
201 165 34
126 169 73
118 19 3
52 109 81
183 150 40
156 42 83
36 7 94
191 8 20
102 156 85
9 214 65
27 38 41
150 93 91
146 192 98
89 154 54
151 217 61
55 18 47
188 194 9
187 176 6
39 80 43
169 138 16
136 73 95
224 168 43
221 113 11
209 167 8
64 217 11
175 226 31
104 12 41
157 6 64
125 173 72
23 191 32
62 39 72
52 18 63
165 56 78
78 3 85
133 29 48
116 218 63
210 155 31
63 131 45
72 121 75
94 64 53
190 113 10
167 183 32
86 115 24
61 16 4
133 84 35
220 55 34
62 193 84
128 223 16
81 176 90
125 209 37
142 60 93
93 215 32
38 218 33
15 97 56
70 221 47
224 53 69
180 19 66
136 155 61
55 39 42
187 206 66
160 8 96
183 175 0
156 223 36
175 147 86
121 44 77
62 48 36
134 210 14
141 197 78
192 84 15
90 175 68
46 201 89
118 47 53
205 217 42
63 178 22
197 36 7
54 133 51
226 227 36
147 198 27
73 185 3
96 112 67
62 182 77
88 36 72
55 56 21
191 194 15
91 167 12
220 104 48
9 108 57
157 16 69
183 32 92
167 71 61
191 158 6
3 101 87
194 167 76
17 213 58
6 200 93
145 23 36
117 60 0
107 109 53
36 212 95
130 14 81
149 47 82
71 18 33
48 208 16
202 180 22
31 28 18
177 193 36
187 122 0
229 198 13
79 23 71
223 153 100
75 200 86
130 208 67
143 4 48
145 10 23
37 22 94
72 158 85
186 112 100
142 86 60
141 81 74
105 56 6
152 108 23
34 117 56
25 94 87
48 57 61
183 114 99
204 210 3
127 112 24
16 124 25
125 147 4
77 156 37
169 47 93
229 22 77
229 92 18
150 6 79
59 228 31
177 134 61
210 147 19
110 40 10
125 99 39
28 59 24
110 26 49
204 180 85
220 165 40
82 163 17
151 201 68
108 211 9
168 121 38
40 198 22
177 196 95
8 186 1
187 55 56
180 22 95
208 156 15
1 196 15
67 11 40
151 131 87
208 196 17
100 184 95
136 19 11
177 156 60
70 107 50
106 16 78
146 83 39
9 143 93
213 113 28
197 182 70
5 96 10
192 149 87
129 79 81
189 190 47
130 13 29
228 214 41
69 105 28
34 91 23
37 68 0
205 169 97
216 197 81
159 173 30
219 200 14
20 111 39
104 204 89
147 146 43
189 186 58
46 2 73
142 145 49
142 229 3
142 194 43
80 105 37
152 77 3
3 216 50
40 107 26
195 183 18
69 70 76
82 193 53
3 125 67
184 137 67
157 53 91
73 200 95
12 104 99
166 147 12
65 208 82
75 182 44
22 122 84
109 225 41
53 17 59
52 22 56
19 137 67
101 5 86
216 133 47
18 9 48
25 83 82
34 126 47
91 35 93
124 221 90
197 63 74
0 10 57
216 0 67
80 135 30
74 37 14
53 34 70
163 27 5
68 156 94
186 225 6
50 89 49
168 94 37
210 228 83
228 225 2
22 37 66
214 126 98
166 43 88
38 109 75
128 200 66
62 74 42
163 42 95
76 118 71
1 184 56
28 160 96
42 128 82
4 228 53
37 18 62
23 153 18
153 182 35
69 205 66
138 63 51
24 30 75
15 73 46
113 161 32
134 168 85
110 159 0
90 87 30
127 61 58
85 49 9
82 117 39
158 141 49
53 80 14
176 187 60
4 65 94
101 46 80
35 44 55
40 8 18
108 197 78
185 143 10
178 92 23
45 133 36
17 81 64
37 218 72
133 198 79
35 62 36
228 44 77
120 73 17
40 127 16
101 229 26
45 150 38
18 182 10
226 92 45
48 141 7
13 165 44
94 227 92
208 147 77
128 68 53
82 155 53
185 1 33
125 225 74
156 128 45
50 4 76
182 14 52
220 149 38
215 142 11
88 44 25
149 60 1
39 209 25
209 109 46
92 72 78
131 27 50
29 218 99
5 186 46
164 0 96
66 67 44
87 72 18
98 136 67
140 61 90
131 73 68
141 131 15
96 136 38
124 171 57
177 191 30
125 114 61
130 32 46
80 83 26
174 142 5
189 92 100
226 167 99
47 46 37
66 92 97
2 64 31
39 165 23
128 125 68
20 121 38
114 126 25
101 147 12
60 138 17
10 137 69
211 4 37
175 120 24
85 126 80
228 19 45
159 113 51
14 34 25
133 155 43
30 125 78
153 10 55
196 71 22
9 52 100
19 126 97
56 41 71
163 14 26
66 182 42
162 88 4
38 150 3
89 153 56
206 65 8
120 178 29
145 197 55
49 167 0
112 40 87
83 65 3
93 6 8
58 10 44
229 212 9
24 228 70
65 36 20
183 57 61
208 81 62
156 66 31
109 151 95
179 192 40
99 179 31
101 144 71
22 90 14
88 225 51
98 117 19
55 132 39
167 135 9
6 118 100
86 227 17
119 91 30
13 12 67
130 71 87
197 98 34
170 142 17
42 16 27
117 190 80
10 86 68
12 195 59
44 0 58
96 124 63
85 34 37
179 112 83
217 97 62
58 148 10
136 30 34
94 66 24
142 220 20
163 128 80
37 108 40
122 121 75
29 65 52
104 27 35
216 78 96
134 67 63
114 62 96
134 88 8
125 109 61
75 117 26
209 99 46
108 180 1
171 11 40
3 113 86
179 37 31
69 162 33
0 61 73
133 142 47
53 7 85
189 90 4
165 10 79
105 83 46
41 109 9
97 188 29
20 31 89
162 115 19
90 224 87
88 176 88
227 212 78
195 94 64
113 203 37
188 220 65
124 144 75
121 1 100
40 100 17
152 1 53
174 182 7
20 83 70
189 18 16
37 130 65
209 141 68
98 33 83
176 106 79
53 87 33
126 108 26
217 207 85
206 115 84
158 203 19
121 222 29
123 79 20
12 228 23
81 4 51
13 135 83
184 156 11
102 114 61
158 72 86
130 158 25
23 151 54
210 38 25
186 206 22
169 122 29
123 193 26
33 115 40
216 135 81
212 40 40
173 15 16
99 86 94
50 203 5
221 75 39
214 15 24
221 173 55
192 32 61
53 64 16
116 98 86
191 140 100
168 182 57
181 198 95
153 200 43
62 114 99
190 126 45
38 166 3
27 214 39
224 205 35
98 44 95
122 147 34
178 91 31
126 191 62
182 137 18
91 168 35
201 217 57
89 21 44
108 215 96
62 49 28
225 65 99
1 20 16
99 184 99
221 165 15
192 108 75
76 174 76
78 124 72
168 129 51
56 119 69
111 217 94
68 21 33
50 220 64
186 6 51
178 216 98
55 203 81
228 32 41
43 220 84
137 29 62
156 82 28
21 38 92
226 35 70
211 208 54
134 137 75
49 188 44
33 222 60
219 111 37
108 5 15
147 10 18
123 62 20
133 66 87
20 30 43
43 206 37
78 82 27
21 181 14
64 165 75
74 191 48
40 50 26
78 29 32
8 29 63
158 65 97
89 220 13
50 217 32
171 95 36
159 121 17
172 228 90
29 74 5
186 92 100
74 226 68
185 36 65
56 220 83
25 103 10
43 69 48
141 12 19
120 152 11
101 126 97
206 109 79
127 117 36
86 79 37
63 37 98
143 100 9
65 79 16
35 75 69
99 4 11
16 187 39
110 55 78
92 51 51
62 167 18
219 158 54
208 142 20
171 206 50
124 161 31
150 120 88
126 35 97
45 144 92
41 75 15
40 78 87
206 83 26
59 20 3
158 97 13
123 136 92
31 25 61
10 219 11
175 97 97
15 147 80
183 149 78
109 181 100
160 229 14
46 72 99
101 130 95
157 62 43
80 183 18
119 210 43
146 212 72
172 171 0
146 33 54
154 219 54
184 10 57
16 172 28
105 17 73
227 213 73
65 209 42
196 207 17
24 119 90
134 42 71
60 42 38
157 30 26
6 212 25
93 126 23
46 83 75
215 63 98
41 155 85
75 202 93
89 69 39
159 57 19
10 87 93
156 14 60
161 100 68
189 88 9
50 164 59
188 166 96
51 19 51
11 182 68
185 167 2
74 213 92
210 21 60
198 171 66
106 144 53
26 6 10
63 43 20
190 12 43
102 86 56
25 42 56
179 100 64
45 47 25
0 78 100
98 76 76
9 147 69
226 207 87
6 146 35
208 105 92
112 147 4
12 132 10
184 45 3
223 83 92
192 50 32
131 227 41
217 226 100
194 190 87
105 142 91
105 49 49
64 187 46
91 226 93
198 210 95
145 63 27
214 163 40
93 214 42
200 173 17
125 33 49
148 61 53
52 60 26
50 113 79
150 108 27
214 220 51
150 45 90
69 104 43
174 31 27
43 13 2
5 198 48
164 100 67
141 27 10
219 123 31
225 55 40
104 158 71
8 50 7
128 116 66
49 21 58
174 164 79
179 226 32
90 35 75
71 124 87
228 102 75
145 93 93
59 115 46
156 108 65
81 99 28
79 161 27
115 214 59
21 55 73
220 154 86
228 31 61
33 43 52
186 126 16
196 74 21
127 62 75
168 207 55
16 159 21
23 111 76
64 98 47
155 37 43
208 155 94
120 164 62
189 95 36
5 121 3
129 12 93
189 109 73
71 103 30
192 122 48
119 63 25
165 32 93
92 126 25
121 123 37
74 104 40
38 135 19
34 140 99
158 194 74
182 141 5
142 114 95
212 183 33
43 166 98
41 124 24
228 40 18
61 216 17
42 45 5
164 43 56
90 115 31
46 124 39
73 23 37
111 176 39
212 51 19
124 2 81
45 179 88
82 184 66
31 227 2
30 80 64
211 100 66
41 167 59
154 78 66
86 113 88
97 13 98
156 46 74
76 128 41
170 32 28
186 38 48
93 190 97
166 62 76
195 5 63
35 43 26
162 130 61
154 89 63
72 11 60
115 184 17
23 28 23
151 33 20
117 149 73
146 55 41
46 215 13
154 86 97
75 207 17
1 4 33
210 64 95
3 138 43
197 207 10
207 18 59
132 116 9
132 176 73
184 189 46
74 59 36
28 157 17
71 31 65
120 8 56
189 178 68
193 168 38
194 103 44
174 62 85
117 3 15
107 192 11
128 7 42
33 44 12
33 3 68
145 119 30
143 162 26
225 76 32
172 1 60
110 191 80
90 147 59
151 25 57
214 45 58
92 133 70
114 204 4
135 170 66
102 172 50
66 96 93
25 119 52
106 43 68
209 171 42
30 190 11
0 212 52
46 12 59
86 172 98
205 65 38
177 35 36
145 132 73
84 149 7
168 68 45
186 145 97
174 2 25
107 134 81
177 89 38
115 32 58
202 24 69
18 120 10
35 14 89
46 58 72
150 171 52
12 56 47
9 193 43
170 169 41
84 120 91
18 110 38
33 229 45
91 179 38
33 27 96
216 79 36
202 21 54
44 46 73
5 192 92
189 15 49
79 38 40
102 57 9
169 218 62
70 120 0
85 18 78
71 170 27
74 198 22
93 23 24
132 105 38
6 106 77
220 57 20
195 206 96
126 147 17
208 14 68
158 196 35
80 197 80
50 154 46
37 181 7
212 179 80
190 207 2
86 107 50
0 124 31
143 169 66
13 221 75
32 21 13
120 34 83
59 168 4
3 93 1
1 185 33
9 176 97
129 70 58
110 203 26
112 165 67
213 27 68
11 60 37
59 64 32
135 29 100
161 141 2
146 82 72
134 102 95
195 95 100
193 74 44
21 209 73
25 225 32
142 166 29
169 215 74
130 177 14
213 61 66
10 133 32
176 149 76
148 42 19
110 112 93
205 10 26
227 70 27
228 209 26
106 30 36
44 68 11
154 228 9
12 136 98
58 145 50
160 193 12
3 106 26
90 14 7
76 207 95
59 210 88
224 101 90
94 104 52
216 72 28
149 106 28
109 61 67
182 114 68
227 156 10
90 62 72
228 201 16
33 118 23
20 28 68
143 149 18
136 65 82
45 187 62
105 110 8
7 130 77
196 51 33
41 99 26
77 142 8
218 15 63
88 156 11
140 62 19
196 98 88
181 18 15
178 159 68
9 38 45
157 77 27
14 94 20
163 81 97
83 148 23
22 71 69
31 73 26
85 197 88
154 98 57
203 145 100
229 164 88
95 22 99
0 19 47
207 111 27
124 4 94
148 43 6
53 33 25
210 9 24
108 226 22
134 140 69
127 191 33
27 179 12
142 58 80
205 200 80
31 149 59
50 69 31
44 55 79
228 76 39
48 144 96
87 109 46
216 48 14
226 98 98
147 182 42
64 144 65
219 46 91
140 63 68
119 158 2
96 114 28
22 108 45
215 147 96
90 58 38
201 135 83
157 207 93
4 95 45
183 73 84
183 95 59
71 20 94
217 154 23
120 218 84
41 74 65
166 187 77
133 189 91
87 38 54
45 166 68
196 3 49
82 212 79
147 154 49
85 228 44
136 204 82
5 181 10
74 168 95
27 140 80
50 43 76
214 229 79
3 221 51
17 172 33
102 83 13
216 27 48
219 32 46
85 166 27
48 83 9
218 41 73
91 143 21
63 89 76
102 203 65
146 207 7
209 219 28
222 205 7
62 123 81
196 120 31
22 29 2
85 215 54
34 68 39
164 82 73
56 99 27
98 119 70
113 20 9
72 68 27
88 137 41
209 214 53
134 162 99
15 67 74
142 175 20
206 187 31
87 136 36
128 201 64
29 42 21
52 121 18
7 82 18
228 118 50
172 63 30
87 155 48
215 1 96
6 116 27
154 30 47
55 188 57
206 106 90
62 222 94
37 154 15
137 5 50
88 135 48
81 67 80
46 202 81
131 206 37
54 31 6
63 166 63
90 152 13
28 34 46
165 13 57
222 82 0
212 64 96
54 185 32
22 69 57
200 17 81
106 50 29
85 207 19
221 76 68
42 110 22
163 2 11
201 208 90
142 131 44
70 163 53
95 186 32
200 10 96
158 77 66
156 229 48
140 154 18
219 211 4
41 88 45
28 12 87
141 97 30
223 5 85
55 174 53
93 13 28
0 103 19
178 138 46
173 96 71
84 180 69
1 68 0
109 179 27
9 44 51
52 91 97
208 188 48
95 14 60
156 41 30
38 105 55
185 41 58
158 183 56
60 20 0
136 0 87
68 57 75
122 153 19
190 134 62
210 191 67
194 113 1
31 177 8
188 121 69
116 213 28
39 75 47
94 126 58
180 149 90
161 135 93
109 212 61
162 140 60
17 30 11
160 197 90
26 37 47
122 190 63
112 158 50
77 129 68
183 49 47
162 144 43
167 1 64
81 84 49
123 41 76
62 170 58
87 120 36
131 62 25
156 183 7
9 90 99
77 8 77
54 45 83
196 227 20
170 4 73
128 3 30
0 30 63
157 3 100
72 201 69
110 144 48
63 83 18
173 28 34
193 42 95
58 29 21
81 138 63
53 179 52
217 26 79
46 220 77
144 19 54
182 63 17
168 164 19
22 229 2
68 24 15
0 73 10
101 72 34
224 63 24
212 77 89
18 8 60
173 181 46
140 210 31
5 98 28
88 195 75
82 172 93
44 93 28
67 78 34
171 184 57
15 83 81
26 151 61
7 28 4
162 207 71
2 206 42
134 149 12
36 54 23
225 69 34
191 44 13
221 30 94
33 120 84
88 27 38
46 51 30
212 80 37
4 51 93
118 29 84
135 134 74
226 172 87
61 147 28
193 184 16
172 45 99
223 218 94
5 59 37
57 156 49
68 134 42
55 179 67
97 205 21
43 35 17
191 203 41
79 229 96
62 51 60
227 92 49
23 200 47
80 16 11
56 127 14
3 28 52
209 142 65
205 99 62
218 148 65
24 203 71
93 165 14
188 141 30
49 222 37
113 118 35
101 225 86
92 68 5
81 169 23
12 80 70
134 181 68
54 65 98
84 103 14
174 6 88
58 204 43
57 45 27
122 224 70
130 185 69
54 183 59
21 112 7
182 110 14
130 134 78
79 66 87
18 41 10
171 116 63
9 79 40
191 33 13
72 78 89
221 89 47
189 198 67
157 144 42
113 131 47
204 187 95
21 13 18
129 155 72
19 160 18
49 97 97
113 174 57
154 201 72
33 102 45
162 67 50
75 78 70
76 86 9
163 119 62
192 211 71
114 22 57
141 33 80
168 213 57
20 58 99
225 224 42
90 26 34
90 194 20
186 25 0
169 49 2
90 89 48
30 181 53
171 204 44
77 126 19
172 109 48
207 45 74
44 59 57
206 158 70
112 228 24
220 60 57
69 54 77
58 116 22
113 136 8
5 15 16
96 55 76
227 68 38
79 101 63
217 6 32
36 42 63
80 210 93
86 81 70
97 135 16
84 144 6
1 97 0
133 191 29
74 32 51
175 5 2
85 51 61
169 165 97
96 38 43
171 150 99
57 100 68
215 220 65
31 47 80
157 143 31
58 99 86
72 17 30
221 100 78
221 23 46
42 153 58
135 110 37
72 147 73
130 38 36
149 3 78
153 42 62
215 100 31
170 193 10
167 90 82
55 112 31
44 77 47
194 33 100
91 49 45
56 205 78
161 8 49
32 216 63
216 227 63
157 54 75
35 33 70
126 196 41
5 193 23
147 218 25
70 193 62
140 116 76
80 87 54
84 171 4
83 169 24
219 176 42
133 117 81
59 140 56
152 212 28
79 35 96
221 145 84
154 120 52
227 133 73
216 6 6
85 125 88
143 189 89
60 122 74
34 153 52
184 119 62
96 18 61
154 1 56
33 179 67
1 16 78
64 174 22
211 7 49
46 80 33
136 118 50
30 130 100
46 158 5
162 176 99
66 62 40
129 135 57
196 30 11
209 124 59
148 54 10
132 189 83
219 107 33
166 145 6
219 151 84
61 80 89
108 134 42
196 6 92
142 176 58
121 60 19
146 179 39
22 175 16
3 126 12
149 0 77
121 80 98
207 109 58
174 106 1
105 181 9
121 61 84
119 201 47
99 187 62
70 34 15
192 17 7
0 39 1
143 203 23
9 4 56
217 134 35
149 63 2
165 128 80
197 219 17
146 150 42
189 201 27
35 151 53
156 20 12
208 207 60
135 112 19
163 158 81
205 172 74
116 75 88
69 128 42
56 208 96
101 153 75
202 70 15
168 23 32
136 226 47
110 61 1
215 219 12
85 101 54
101 189 44
115 161 17
218 172 5
205 100 13
211 3 88
88 213 52
160 140 18
58 170 65
173 86 89
152 16 83
21 176 18
150 86 37
64 185 56
166 85 99
26 57 66
47 24 15
94 121 13
103 207 21
219 155 35
220 51 23
52 177 53
45 104 46
16 119 88
7 143 24
178 164 60
20 197 89
97 183 16
58 28 19
210 172 31
51 41 100
105 19 17
37 184 86
98 62 38
58 121 89
191 52 37
204 37 77
29 87 52
70 40 34
90 83 56
163 58 55
179 203 40
162 104 11
168 69 15
215 141 15
99 78 21
165 94 39
9 6 7
97 201 91
210 206 1
77 21 7
95 57 68
213 72 29
150 24 38
57 10 7
152 94 98
29 188 16
192 74 91
133 46 20
141 60 74
221 211 4
99 126 11
96 213 54
154 190 16
92 153 97
156 93 79
154 163 25
216 59 42
77 135 48
176 206 83
223 226 38
11 160 4
17 14 55
167 227 0
115 59 3
122 64 0
63 204 99
90 72 91
208 10 25
29 89 21
59 170 59
197 97 27
15 115 10
38 190 28
203 92 78
219 113 62
66 69 81
15 2 58
63 29 55
99 81 92
103 34 48
203 188 6
227 220 47
221 196 7
158 20 67
105 175 2
219 124 74
7 33 38
16 140 60
148 87 32
45 224 52
44 121 20
51 67 89
88 39 100
191 154 12
184 132 50
28 103 37
220 7 45
64 70 35
228 37 98
178 3 95
16 153 25
200 49 75
221 55 86
164 68 50
162 33 27
171 211 52
78 55 85
107 198 24
216 119 35
152 19 11
226 126 63
101 39 98
84 71 52
216 101 79
47 48 32
224 123 24
72 114 89
76 225 62
98 109 55
39 40 88
166 210 77
3 99 8
161 67 92
74 218 26
219 149 18
157 46 52
183 90 38
92 48 77
46 62 30
77 28 34
45 89 54
218 97 78
158 219 28
102 82 32
50 81 88
206 73 20
195 130 69
16 191 16
165 84 78
188 195 96
22 26 7
56 71 73
193 114 100
143 208 67
195 212 22
87 64 72
3 188 39
181 144 56
57 227 78
112 88 76
69 168 36
9 171 54
177 126 19
158 1 18
190 158 0
19 50 44
148 157 43
44 156 49
69 84 48
32 158 24
2 195 60
160 84 64
132 70 48
131 184 24
68 166 14
65 95 59
110 85 31
36 159 94
179 70 64
60 58 1
128 144 68
106 2 59
191 155 51
226 17 78
14 88 40
220 170 94
164 9 11
4 68 88
33 206 41
111 45 9
0 205 46
220 68 49
187 223 67
207 156 67
24 31 23
90 20 2
94 160 31
189 41 67
73 130 33
129 157 15
6 147 1
44 186 28
106 122 38
112 106 40
184 13 10
63 144 49
116 80 95
169 155 77
84 72 82
210 14 3
220 106 99
108 205 79
12 28 77
116 51 3
206 213 74
34 93 11
229 129 53
57 152 50
194 192 93
121 164 77
56 9 26
27 136 61
147 156 91
5 76 88
50 169 35
78 28 67
52 89 16
117 153 68
132 27 11
133 35 76
32 176 21
124 131 83
129 29 30
151 127 96
150 122 63
124 205 94
116 91 42
95 88 72
53 122 37
181 0 50
35 81 79
4 174 4
156 193 21
58 202 23
74 144 39
57 190 10
203 108 50
143 1 63
59 123 25
56 172 55
40 163 65
59 31 41
87 188 32
92 89 49
20 12 29
50 57 67
191 222 85
21 191 80
216 107 81
94 2 64
222 200 48
59 103 12
118 1 60
153 33 67
23 217 56
218 50 68
221 51 9
138 3 8
17 226 97
137 66 31
6 0 32
89 84 96
99 13 59
170 217 73
57 53 65
204 34 19
152 79 44
11 55 97
122 127 15
168 85 70
18 75 4
224 214 39
115 196 93
118 134 55
10 12 32
69 135 66
192 147 28
74 1 70
33 125 12
183 156 61
190 143 87
122 128 34
153 91 16
222 206 60
169 143 12
215 12 64
184 134 100
141 160 8
75 23 53
126 90 53
21 219 22
146 99 4
183 26 91
107 195 28
183 137 33
142 26 10
211 184 86
19 136 13
53 1 74
178 66 54
173 180 79
33 218 91
190 224 73
140 68 39
65 3 29
61 132 70
18 47 5
147 136 18
189 20 14
22 225 87
135 56 18
169 31 75
151 89 79
15 219 16
167 49 39
129 188 49
190 47 34
70 218 53
105 172 27
202 68 1
226 195 94
94 113 89
126 101 0
217 138 30
51 35 18
144 189 77
207 11 100
166 87 32
37 71 27
125 169 88
93 42 13
47 142 60
5 200 79
153 30 19
107 91 46
82 45 26
217 142 58
182 214 3
2 107 76
40 86 61
24 90 69
205 166 15
62 35 89
127 70 96
150 228 58
153 225 8
229 10 50
130 188 32
93 186 60
152 37 95
180 202 97
14 157 48
148 145 12
202 57 47
138 25 9
93 204 86
87 66 20
3 30 19
222 88 12
193 126 79
120 28 91
70 188 15
229 100 9
198 181 89
89 56 91
84 66 89
122 160 45
155 73 63
101 129 29
94 153 39
104 141 0
141 159 93
65 50 49
63 58 44
166 103 89
96 75 76
32 119 32
86 71 41
100 208 22
5 143 39
73 127 37
176 208 7
10 211 39
192 14 1
142 222 23
68 157 32
114 27 98
34 23 10
21 80 81
88 72 49
77 118 81
43 140 21
218 175 12
197 4 90
176 153 98
195 141 63
15 153 98
63 122 41
165 18 11
54 109 93
116 211 4
164 37 13
27 130 36
10 168 15
86 211 48
56 188 87
150 219 97
120 212 13
145 3 43
2 123 35
108 116 19
146 169 73
214 9 79
73 16 51
219 77 73
43 218 28
147 181 85
3 195 29
144 216 95
31 124 94
99 9 49
166 172 60
100 17 24
112 151 1
120 82 83
93 229 53
13 18 86
54 25 17
210 189 59
159 15 57
201 200 22
104 222 77
7 141 70
124 33 74
127 105 58
159 93 16
119 116 33
23 130 60
101 73 76
59 19 83
56 65 35
48 102 12
14 52 49
125 145 88
102 143 37
93 223 44
105 133 87
116 165 37
72 82 76
6 41 64
106 115 30
99 146 48
113 143 0
183 64 67
8 106 47
60 68 62
162 177 57
115 118 24
225 150 46
207 25 44
173 16 92
210 5 78
3 131 68
35 204 13
70 138 44
212 26 97
218 178 1
68 178 59
77 10 5
206 54 28
40 77 79
185 75 74
198 3 100
122 65 1
40 4 76
178 68 85
3 110 54
56 223 20
65 91 32
69 63 11
130 129 64
91 38 7
103 209 45
168 46 43
108 115 47
195 175 67
37 215 65
138 48 74
24 68 87
179 117 3
67 60 33
77 222 43
35 12 13
169 134 91
56 181 42
143 145 10
146 4 58
206 103 97
142 136 52
177 116 78
193 228 98
82 113 64
201 43 91
222 133 68
42 39 68
224 225 8
150 210 89
157 24 47
161 177 44
31 136 39
18 55 68
155 12 37
221 140 99
122 79 77
72 51 63
13 50 44
154 204 75
118 148 42
147 23 83
178 45 37
72 67 68
72 222 25
0 195 29
158 120 40
19 156 95
66 35 94
3 173 17
13 112 38
67 35 73
213 189 1
190 159 60
83 41 90
140 99 98
53 61 22
9 20 73
49 1 90
165 205 6
68 23 0
210 98 34
137 122 14
171 198 43
133 178 76
213 223 18
4 94 69
14 19 69
122 102 46
147 26 19
163 112 53
201 124 71
52 203 17
16 49 34
42 219 95
53 57 53
224 188 88
120 168 75
31 14 38
107 57 32
196 47 79
17 86 38
158 205 49
172 207 7
29 121 86
124 196 60
42 169 3
38 205 58
149 221 29
161 66 78
73 174 31
16 24 100
40 103 57
145 35 23
179 207 27
0 219 67
146 102 3
37 131 57
175 173 73
116 126 68
101 151 61
82 66 32
227 100 37
155 85 24
37 191 76
68 174 6
43 130 28
45 226 20
83 63 65
210 169 24
41 34 34
162 183 92
189 13 94
48 107 24
201 21 58
229 52 99
152 141 26
164 167 80
186 85 91
178 225 67
127 216 22
170 185 42
163 115 85
10 5 87
98 129 76
202 174 38
178 100 62
76 33 97
65 14 66
179 85 50
219 20 81
52 27 84
74 135 9
85 25 19
93 178 82
16 9 41
141 104 57
11 68 19
143 50 56
11 193 21
13 97 15
14 153 4
179 163 38
6 36 68
215 123 2
34 24 99
62 104 0
108 120 60
21 101 25
37 182 49
100 219 1
63 5 84
174 176 100
73 104 28
66 11 93
38 16 67
63 75 77
86 69 55
118 125 76
94 158 89
141 18 76
173 125 45
212 74 76
42 189 15
109 31 44
39 156 21
119 200 60
131 154 16
37 117 93
19 144 65
86 109 28
213 144 90
34 119 15
89 17 11
217 28 31
56 183 31
103 13 58
103 212 2
95 18 97
85 53 99
189 21 34
123 29 84
165 65 55
3 174 51
225 101 71
191 55 88
104 157 17
128 151 1
89 112 11
134 183 13
123 67 2
204 103 52
225 156 85
166 77 14
160 58 18
12 8 11
208 52 73
58 227 58
206 160 79
82 89 78
160 162 36
32 169 39
59 190 22
89 125 23
134 37 42
81 70 86
192 144 78
218 6 95
116 41 61
11 215 86
218 142 0
17 163 11
117 187 43
1 57 97
41 40 22
151 49 25
72 195 18
219 197 55
171 2 92
228 189 91
95 73 20
164 71 44
35 150 52
51 171 98
179 181 96
63 120 40
136 172 37
125 154 95
45 74 85
105 184 6
228 5 94
18 31 17
185 108 90
13 166 65
96 17 87
229 78 43
3 4 6
133 19 82
185 146 76
165 143 32
207 182 91
127 223 19
118 100 70
51 217 18
179 206 88
170 156 66
168 188 38
195 13 53
226 76 34
221 106 89
222 154 39
112 164 7
68 141 10
55 183 97
170 136 22
71 110 54
91 77 42
68 116 65
161 183 32
136 200 52
129 227 20
229 97 90
154 81 1
181 128 89
136 86 7
118 176 9
93 41 76
64 224 33
13 99 74
66 29 100
226 219 11
194 12 50
203 74 37
28 187 98
120 36 69
188 17 54
58 177 26
221 209 33
4 156 39
27 162 87
89 26 35
227 140 61
52 150 28
47 33 89
192 143 14
90 94 10
223 216 26
43 163 15
1 109 86
184 84 28
64 23 24
116 157 75
201 155 68
100 129 0
205 26 43
134 6 9
222 59 2
162 184 95
137 100 70
43 54 72
49 81 46
85 158 20
81 77 59
119 112 44
203 79 75
46 170 33
114 143 56
122 185 7
175 32 53
28 190 2
148 44 6
223 99 82
204 60 5
133 136 90
32 109 61
61 156 38
226 89 48
216 17 77
172 183 50
74 116 91
157 99 97
46 160 22
68 96 73
88 123 11
159 197 78
176 209 24
204 226 57
170 138 60
224 92 35
88 93 1
202 178 95
9 227 56
20 119 9
202 8 27
162 217 65
84 105 55
149 197 1
146 136 66
114 213 74
7 146 93
79 37 42
42 144 62
74 163 99
167 26 11
197 91 11
118 6 86
68 228 68
213 116 82
79 54 36
135 27 98
182 177 51
35 115 61
111 42 9
104 189 55
193 19 37
93 133 41
33 123 29
23 224 68
85 146 36
226 102 96
39 113 22
32 143 50
151 99 43
187 180 59
179 216 28
221 176 89
68 173 17
41 50 44
53 205 22
2 109 0
86 186 8
157 134 21
122 27 66
159 31 42
136 14 53
224 82 92
78 107 81
47 89 59
209 27 45
38 213 44
51 75 1
205 192 52
100 64 48
227 8 39
122 111 44
47 103 39
21 93 86
109 186 31
153 74 3
204 40 51
113 73 53
19 109 45
107 19 34
72 189 55
184 120 73
89 167 20
185 116 49
92 76 38
180 197 79
27 87 56
58 190 72
175 152 49
52 147 73
148 20 27
40 56 8
100 178 33
26 40 97
176 78 49
76 67 32
65 85 70
56 171 57
32 17 21
33 69 93
75 109 77
83 176 89
212 198 89
36 201 20
102 72 23
22 162 46
143 44 69
94 157 37
35 212 78
190 8 15
60 94 29
69 194 18
117 208 100
144 5 72
116 49 18
45 63 64
161 103 95
187 37 82
160 31 8
206 140 100
109 112 2
205 62 15
120 176 32
36 123 97
56 151 86
6 81 29
39 151 51
60 26 18
32 22 52
100 33 17
14 32 93
159 59 78
85 222 40
134 185 9
188 210 61
87 90 73
166 135 3
70 142 36
186 210 62
48 78 6
9 226 29
229 128 44
61 160 36
45 80 44
222 219 91
21 207 39
101 219 11
152 60 76
46 84 92
79 201 2
115 62 50
82 171 52
109 143 38
11 165 17
21 118 22
49 221 11
65 41 39
72 152 56
190 226 17
96 166 38
158 102 46
18 35 30
217 121 0
193 107 91
180 122 23
56 70 67
5 229 36
94 138 33
26 125 87
223 60 58
69 138 11
51 176 45
223 135 55
149 4 72
163 73 86
184 93 92
4 180 88
189 32 21
191 48 43
5 113 67
84 9 85
192 46 41
61 25 31
221 142 27
71 44 28
95 161 48
189 108 14
143 173 95
8 10 43
117 225 70
206 136 37
196 178 66
123 161 97
14 213 71
140 215 9
192 162 5
152 178 9
38 229 75
190 162 74
196 147 49
4 163 27
51 228 15
206 99 8
190 46 95
63 45 83
134 62 2
4 30 28
207 220 4
219 207 37
155 77 9
208 124 73
74 71 65
27 61 57
29 12 71
168 175 39
5 106 85
135 194 4
207 84 20
158 7 30
121 14 70
79 22 32
26 112 15
212 15 38
100 57 15
169 78 18
4 221 39
68 113 60
52 206 17
100 103 23
61 190 43
211 99 24
227 216 55
94 38 34
103 206 30
223 165 4
116 112 48
76 96 36
53 202 36
118 82 56
34 159 21
70 14 4
99 90 61
202 177 28
39 1 29
19 11 67
57 145 30
204 78 69
80 191 58
30 109 0
228 180 96
77 71 72
81 204 34
48 195 21
51 227 8
172 211 56
165 152 67
7 144 52
94 23 99
156 146 63
187 214 75
219 214 33
223 172 13
49 99 11
29 59 32
65 108 65
56 177 95
209 34 68
127 109 77
189 220 12
110 60 21
172 225 83
186 218 23
115 86 18
124 146 36
104 193 26
47 123 33
123 83 58
121 90 32
146 21 66
193 40 56
28 193 14
46 196 34
111 156 38
76 107 27
103 37 21
167 47 98
43 215 23
226 174 24
115 64 90
148 95 50
149 117 17
214 222 75
203 20 86
194 218 31
126 40 69
19 149 94
219 17 69
159 149 37
52 43 71
214 90 56
178 147 67
118 186 37
220 28 1
114 211 7
17 45 92
81 104 96
33 105 49
195 223 92
86 167 77
195 48 1
99 173 72
87 9 43
31 10 68
21 201 84
132 125 46
71 201 38
127 86 98
210 49 93
106 14 15
39 145 34
28 136 42
93 63 87
74 105 82
114 70 16
210 128 27
70 137 74
190 92 56
125 54 12
113 76 19
94 7 2
149 18 38
53 143 16
78 30 34
144 147 79
228 107 45
204 174 19
221 15 3
19 145 75
46 226 20
195 72 52
12 64 31
82 91 74
173 170 29
100 122 99
25 143 97
183 41 99
37 155 35
103 144 96
151 32 90
140 93 78
130 64 12
56 161 64
137 59 54
24 221 63
125 130 76
224 217 10
30 15 27
86 52 86
144 167 75
120 88 62
144 109 90
204 123 44
65 136 94
176 129 17
146 3 83
127 93 18
69 125 100
62 27 39
193 14 96
213 110 96
82 75 51
76 228 42
146 42 80
107 126 26
19 194 59
181 15 89
171 136 33
182 209 65
111 22 84
190 71 18
65 197 42
94 59 51
136 154 81
143 17 23
200 38 83
168 77 28
119 55 62
225 143 24
52 169 12
9 11 96
157 173 95
140 65 16
23 157 9
85 84 53
82 25 36
226 9 81
43 63 85
22 1 72
19 183 87
227 10 67
12 146 22
115 191 71
188 202 40
77 195 16
11 122 94
101 3 87
205 181 26
65 200 38
171 51 58
130 181 94
56 186 3
11 167 78
57 72 73
69 13 50
47 15 19
95 99 71
36 70 99
219 96 3
163 192 53
209 11 89
13 28 58
9 180 4
198 86 96
183 28 52
57 166 99
31 32 18
175 204 13
111 88 52
86 12 75
133 40 15
167 158 5
61 172 25
216 114 46
164 206 1
44 35 40
63 7 32
151 202 75
25 140 82
62 12 44
128 220 90
60 127 62
198 188 15
104 153 12
82 9 64
150 101 40
99 158 53
30 92 54
39 134 38
117 219 23
16 86 69
93 34 91
193 220 13
16 93 79
8 162 48
26 229 66
150 166 39
34 108 40
188 172 56
29 113 52
193 73 12
156 194 41
163 212 84
112 60 94
32 150 76
69 44 65
224 204 55
116 24 35
159 36 16
36 115 81
170 23 23
6 136 45
30 209 93
17 55 78
166 158 29
171 62 3
132 201 62
36 48 79
145 155 31
168 162 12
92 85 63
128 63 95
143 219 24
146 91 62
134 1 44
78 200 85
160 107 41
16 120 15
83 187 96
85 192 17
128 228 99
145 77 55
108 151 95
35 3 20
181 168 48
135 93 8
23 205 47
8 161 94
222 75 59
84 33 75
212 185 79
204 208 79
181 127 69
22 103 20
37 229 19
97 17 50
161 11 7
203 35 37
43 208 96
21 61 69
172 95 98
56 95 49
77 187 12
184 140 36
224 13 14
105 68 86
104 209 73
72 202 12
22 63 73
62 211 13
147 170 89
12 52 81
203 44 31
11 132 86
91 107 73
30 178 59
19 74 56
210 152 67
60 55 87
203 103 50
6 142 38
142 212 88
115 87 28
32 181 84
195 145 65
5 109 7
127 72 51
22 190 68
43 135 75
138 122 76
181 173 47
42 66 8
159 147 28
210 69 95
191 50 21
109 19 36
35 11 57
216 14 46
197 183 79
99 155 37
28 21 39
218 211 25
174 90 89
202 162 66
100 143 96
170 182 35
93 174 98
68 191 88
183 180 58
64 131 79
206 64 31
64 40 4
152 224 19
198 124 87
223 38 0
13 109 27
95 111 6
30 91 27
119 73 87
112 3 65
189 218 45
162 226 59
41 82 59
119 214 61
156 222 67
121 6 85
110 156 6
165 214 98
125 202 42
212 177 35
88 49 93
60 212 98
180 32 62
87 218 50
146 166 5
71 196 82
188 167 57
21 126 89
103 66 33
29 196 42
208 37 61
175 10 40
187 156 75
74 170 43
129 45 61
154 176 67
136 213 22
165 34 43
189 2 48
47 125 42
24 108 42
10 57 12
184 155 49
101 137 50
12 77 36
25 196 16
101 91 74
194 90 71
173 192 82
133 123 30
72 194 62
35 119 31
136 179 25
85 147 44
76 80 72
8 220 91
169 201 79
20 217 78
85 124 94
104 90 32
64 56 14
15 193 75
116 46 53
16 56 90
223 168 47
104 130 90
175 228 88
203 33 39
21 214 22
87 107 30
19 76 36
146 53 59
38 193 20
182 95 38
45 207 49
55 79 63
121 81 77
193 99 5
11 163 70
20 155 24
22 110 90
220 70 74
134 167 50
228 14 4
61 134 13
87 106 8
9 35 99
166 173 93
20 172 94
179 154 59
191 173 24
81 0 18
30 140 11
126 158 61
167 32 67
36 168 7
62 175 77
23 152 51
194 226 100
132 170 81
67 88 23
22 227 58
38 126 63
145 53 83
169 82 1
218 89 11
133 185 92
178 158 50
94 118 7
9 87 21
214 36 12
103 76 85
168 159 1
227 229 4
109 188 92
32 35 26
14 168 51
25 211 34
201 215 43
173 76 55
74 36 21
49 172 42
94 25 26
25 76 83
127 155 51
122 210 62
223 20 11
54 216 47
46 206 23
152 165 87
208 72 28
72 108 32
132 178 11
212 162 64
153 144 76
114 77 39
8 56 68
188 77 23
23 47 19
126 174 29
203 67 54
208 38 37
134 57 13
65 24 53
31 225 16
123 216 75
90 208 90
15 207 9
70 210 97
129 225 48
111 15 87
45 28 34
16 228 24
80 77 96
72 76 63
206 210 54
195 137 99
179 138 1
186 52 9
29 9 24
105 206 9
183 55 4
60 8 17
207 188 65
67 2 4
203 114 37
131 147 91
193 177 54
128 22 93
143 131 2
151 104 46
128 170 59
229 228 75
160 52 56
133 50 64
224 65 15
14 148 64
220 66 97
103 130 32
170 54 40
185 100 87
40 122 14
193 214 61
189 99 22
43 226 2
56 42 20
215 151 24
182 75 0
187 33 53
184 225 2
164 222 39
53 111 37
47 127 82
197 6 23
120 64 18
102 175 51
95 149 82
156 152 9
10 120 12
110 100 17
40 170 70
217 143 84
86 55 77
223 211 80
213 133 94
171 77 93
186 47 10
225 179 11
191 177 100
81 110 11
33 157 83
118 70 77
161 74 96
211 133 32
101 115 36
27 111 6
153 65 46
70 152 25
25 178 34
177 169 65
185 70 85
111 155 94
220 37 57
192 91 20
82 88 72
216 205 96
181 87 40
87 119 41
70 1 33
88 34 79
220 158 15
26 123 88
111 196 15
154 210 36
83 28 29
99 60 70
85 116 20
2 55 23
25 217 50
69 185 77
52 146 67
162 172 0
179 162 54
40 11 90
130 207 65
175 99 46
182 102 43
179 221 36
68 159 21
97 65 11
114 116 7
142 216 77
194 34 40
108 123 76
161 69 61
137 74 89
59 149 89
188 56 66
131 25 89
57 217 19
117 84 69
108 136 17
163 135 38
152 57 46
61 212 32
17 21 10
184 62 29
104 221 7
177 114 15
18 164 10
211 83 99
81 43 88
50 92 23
20 29 12
147 96 8
187 18 4
40 101 3
181 66 84
100 25 54
122 82 97
210 197 36
8 22 82
106 142 71
151 186 99
112 49 10
64 20 68
43 110 9
154 61 54
122 31 47
154 131 76
76 192 77
185 21 29
32 43 18
90 155 65
16 108 40
211 122 36
121 187 70
98 133 47
195 42 81
140 74 16
161 101 51
83 103 15
109 208 90
29 216 67
138 84 34
172 164 8
147 37 73
221 62 78
219 206 45
71 115 6
112 188 84
64 76 26
107 104 25
124 163 29
189 120 29
146 223 14
82 44 60
157 44 72
53 98 5
151 85 57
223 149 79
16 19 14
46 152 8
92 42 15
15 182 92
210 218 99
211 114 13
49 72 86
103 108 87
131 24 36
56 24 4
106 221 45
146 92 48
120 118 23
131 191 90
123 196 35
210 73 86
172 43 85
223 7 61
110 192 64
71 202 82
130 35 30
207 153 67
192 11 99
215 104 27
117 102 83
49 128 52
105 176 2
174 226 18
26 15 38
29 195 83
163 191 79
6 133 19
195 179 7
70 28 7
159 127 75
46 30 32
135 20 77
111 191 97
91 9 28
5 81 36
106 223 79
89 31 7
200 42 5
108 61 6
95 223 4
30 14 55
69 92 49
57 207 56
75 82 4
188 119 88
19 211 16
35 180 63
130 61 56
137 142 50
176 195 38
111 9 21
84 26 72
178 58 58
229 184 49
39 132 53
105 214 14
179 176 39
210 150 51
7 3 56
11 63 37
52 92 99
18 191 58
160 218 84
190 216 32
101 78 94
164 158 9
193 101 10
153 195 31
54 40 28
102 4 86
189 205 54
98 155 5
186 153 42
141 89 61
79 181 61
53 171 31
87 93 34
28 54 47
117 137 53
224 16 31
196 24 33
156 8 6
95 98 79
74 92 4
47 52 63
214 20 0
181 178 72
228 85 74
166 181 90
140 226 70
151 77 22
22 44 73
179 101 79
25 84 70
106 149 5
97 200 40
215 32 92
22 168 67
128 92 78
22 132 48
128 166 6
193 72 58
104 185 56
141 161 24
0 187 14
205 49 37
79 162 89
50 77 51
59 70 95
185 99 42
227 38 84
48 147 72
132 76 12
126 71 24
138 12 21
142 174 6
12 193 82
201 140 37
116 17 92
40 97 12
186 130 65
165 179 6
18 162 99
200 20 0
83 67 93
114 16 99
193 26 66
133 33 75
219 194 77
172 226 51
4 155 19
109 118 93
32 0 59
56 6 44
207 89 45
167 123 2
0 154 58
156 83 69
5 111 10
114 69 79
172 125 54
97 96 96
166 160 22
133 5 79
218 35 15
77 45 70
149 111 96
140 115 79
151 207 86
228 224 32
36 131 35
32 189 53
129 16 49
211 59 78
14 31 54
116 132 69
182 20 9
138 97 13
124 222 14
153 178 81
8 0 53
12 188 86
51 106 92
198 51 87
216 130 4
197 179 30
95 177 21
18 131 50
152 200 43
98 97 12
57 162 64
35 137 3
227 30 73
112 35 69
169 162 33
32 218 59
123 109 62
214 132 100
35 162 38
79 46 36
216 203 90
72 53 88
101 208 46
147 140 47
221 127 75
134 48 13
59 2 51
192 67 31
47 65 84
34 145 70
75 130 8
30 78 39
211 214 27
78 136 10
30 193 62
7 105 12
224 121 20
110 12 93
17 103 8
36 5 16
103 113 23
158 191 19
15 90 43
107 183 18
156 162 14
153 207 1
86 127 87
171 175 83
7 51 13
149 228 82
10 158 89
73 20 76
107 95 62
218 205 58
77 84 72
137 163 13
39 122 84
132 109 64
109 42 71
15 3 44
121 186 26
191 42 13
145 137 6
105 62 26
58 138 13
72 221 46
71 181 32
157 105 74
77 60 78
12 208 38
121 16 29
118 142 55
98 61 93
114 194 57
7 12 54
153 161 62
31 76 68
34 225 83
185 63 46
24 131 48
73 218 90
113 7 17
9 125 68
2 1 99
227 2 22
188 65 53
88 3 43
96 83 27
75 77 97
106 145 68
107 102 88
73 196 20
87 128 71
45 175 47
18 40 23
120 56 81
99 177 15
0 178 58
213 34 59
125 93 82
221 109 67
185 113 4
86 42 54
76 108 91
128 147 48
49 57 34
116 149 95
111 56 35
59 74 56
204 136 88
18 84 4
53 118 32
159 156 18
173 22 13
225 31 59
181 148 63
202 149 97
113 62 89
157 76 57
112 41 33
118 166 15
175 4 18
0 186 48
194 130 99
18 77 41
19 202 72
44 106 81
213 45 9
172 221 37
40 152 92
75 80 67
30 12 99
47 185 31
100 86 88
196 192 83
3 94 54
133 174 17
160 3 97
70 145 51
147 160 50
208 114 39
112 111 33
168 115 28
166 226 29
41 225 61
180 14 4
196 177 99
205 168 95
18 210 66
109 122 83
138 133 42
197 68 52
99 111 85
7 136 61
120 1 79
50 36 24
34 162 4
153 104 85
128 222 32
217 140 94
69 0 82
70 211 80
11 25 65
215 189 62
98 110 25
42 149 26
223 174 68
174 131 28
122 50 56
190 41 59
19 146 99
84 212 49
148 6 8
163 101 98
150 225 29
227 214 22
154 12 60
112 200 8
96 109 21
208 27 13
74 118 34
0 25 23
45 62 74
63 67 49
20 10 80
191 209 24
198 164 7
98 31 10
15 13 36
47 225 45
185 186 58
42 190 100
146 117 53
84 50 26
137 81 17
103 110 99
91 68 4
210 184 35
76 217 68
25 16 54
42 52 92
23 74 98
123 87 42
71 70 67
19 62 41
12 175 69
88 134 57
34 96 40
20 164 44
113 212 74
1 131 22
195 4 51
77 76 86
46 173 84
113 89 38
64 110 56
177 10 73
127 5 92
78 185 79
167 216 26
171 108 1
159 128 1
194 157 59
146 106 1
211 80 24
209 168 0
65 168 4
195 54 13
174 206 91
1 189 25
165 219 33
107 86 1
122 200 13
77 62 5
203 212 96
142 76 63
82 12 83
165 41 90
164 154 75
101 221 22
195 2 69
78 187 11
162 47 0
194 168 73
33 87 80
62 21 85
179 127 71
148 60 30
94 56 65
76 101 71
163 152 18
17 28 83
158 107 94
195 156 92
38 122 26
142 141 69
165 150 69
157 166 81
80 71 36
109 76 27
46 164 60
146 122 68
177 190 42
210 131 68
117 22 96
205 87 98
105 67 76
13 174 28
220 131 53
144 29 94
9 63 45
220 178 55
207 130 40
8 66 76
89 219 50
91 44 21
68 53 100
32 121 1
72 172 79
223 191 8
177 36 84
33 63 72
55 189 42
212 157 69
132 195 28
1 178 53
98 170 15
98 116 47
102 158 85
99 63 96
109 107 54
182 190 79
190 225 18
216 152 78
86 46 84
214 121 26
61 200 34
191 102 73
222 109 31
186 8 47
87 112 82
74 201 29
1 160 82
92 49 38
92 98 93
223 128 30
141 140 46
226 214 33
55 197 43
146 163 73
179 59 50
81 167 13
31 63 5
78 172 78
135 108 79
150 175 50
14 11 67
78 23 34
169 175 42
122 42 81
86 218 57
195 38 13
45 75 0
208 15 89
158 160 89
223 203 76
102 15 96
142 201 16
126 64 30
90 207 70
229 35 43
198 132 36
46 180 95
86 27 91
45 123 98
208 154 73
125 136 43
208 87 96
103 145 89
69 28 30
229 153 65
37 98 49
191 137 7
218 1 28
103 133 40
195 14 63
95 212 3
123 19 28
89 13 48
138 228 69
226 178 18
122 9 20
92 93 38
66 15 70
103 175 96
107 108 72
196 85 80
16 179 18
128 82 86
109 222 98
153 106 23
194 63 92
2 223 20
187 135 96
136 147 90
220 45 6
89 189 10
160 99 91
163 79 11
210 224 48
19 102 28
98 53 84
206 2 82
143 45 37
173 38 78
58 23 90
176 46 4
146 164 95
220 222 82
146 120 99
56 148 71
183 74 91
125 167 15
206 204 66
206 92 28
80 103 76
192 177 54
81 152 35
176 52 29
159 54 2
136 71 29
1 5 43
10 33 71
148 198 65
98 15 67
9 26 15
162 71 76
140 91 63
173 1 6
98 115 78
173 57 52
140 126 81
34 72 34
1 45 7
25 33 56
39 130 67
35 187 52
79 153 95
101 79 66
224 6 62
105 213 94
42 72 71
98 156 100
186 164 17
183 115 37
56 15 83
29 110 5
127 192 30
61 29 57
52 42 80
1 24 32
225 41 36
140 6 40
206 105 91
222 179 31
81 82 70
216 51 44
191 153 98
197 95 14
38 20 37
130 126 41
83 88 55
56 197 55
151 193 39
221 112 8
95 3 4
226 56 2
72 132 31
176 105 27
99 176 71
113 155 24
114 117 98
173 223 43
44 223 20
79 43 59
162 194 69
194 99 19
157 94 36
226 215 65
68 37 84
133 140 33
147 177 32
29 45 67
226 0 80
23 188 81
173 17 83
93 180 12
228 69 83
104 227 76
28 4 34
195 83 66
80 152 100
141 153 15
159 42 72
160 89 76
170 97 46
71 59 80
187 211 6
174 63 27
11 117 45
154 192 70
164 135 37
26 42 56
96 71 63
22 50 78
136 122 82
116 160 14
124 138 25
85 121 24
2 49 91
71 118 91
25 87 1
216 62 42
105 177 51
68 94 45
178 1 95
179 25 8
204 143 34
187 105 62
23 178 44
229 68 46
196 112 87
13 137 32
213 46 61
60 116 48
150 27 36
91 53 48
228 20 46
201 82 54
45 214 53
111 91 85
215 69 19
214 178 52
106 78 0
133 20 41
134 214 29
26 187 75
154 0 18
25 60 28
164 63 99
190 66 32
73 86 77
116 177 82
219 57 9
209 60 10
173 53 72
61 38 1
8 27 60
108 209 70
90 23 14
42 51 45
227 154 77
81 155 7
115 193 8
166 104 52
150 66 23
151 169 7
135 125 1
113 86 96
84 40 22
42 26 42
81 148 86
179 32 44
100 42 26
91 198 44
161 229 2
168 82 93
31 55 55
70 112 2
147 119 39
73 207 87
88 107 83
140 227 88
189 82 74
101 21 91
11 40 31
212 91 3
39 97 43
2 100 82
170 167 56
221 208 91
87 37 34
181 172 50
122 211 13
68 26 81
79 200 94
66 9 80
194 145 24
11 187 19
49 161 37
80 221 65
223 45 57
188 164 0
96 129 69
42 17 78
3 159 68
132 79 85
157 112 58
185 27 98
55 212 48
123 209 61
115 69 34
79 191 8
62 87 80
2 115 89
10 162 88
57 194 17
162 35 65
156 99 77
21 106 60
85 138 45
136 163 56
81 182 68
165 162 4
171 4 79
109 217 12
49 53 40
175 1 3
68 98 37
41 221 49
163 3 76
76 171 50
212 118 55
185 81 79
4 227 91
108 198 77
38 26 26
117 163 77
4 41 17
191 43 57
203 58 59
23 149 90
174 158 60
80 155 59
222 176 39
177 102 72
195 181 9
84 116 54
40 102 62
114 54 94
188 162 37
136 27 2
50 1 35
218 146 6
86 206 10
150 49 4
123 44 48
22 123 88
36 127 95
53 185 89
160 184 82
124 79 27
227 189 100
189 31 36
218 106 61
123 112 61
171 14 54
201 143 86
224 216 57
220 213 40
87 84 54
6 46 99
217 189 66
166 194 58
5 80 58
80 217 44
120 23 56
75 8 27
153 45 34
70 173 36
191 1 95
20 8 22
219 73 50
120 141 98
74 96 41
114 218 15
70 141 72
70 170 17
36 216 81
75 153 57
45 30 77
127 64 13
21 116 68
202 10 60
204 122 43
75 192 1
129 128 43
216 128 90
151 106 67
18 89 30
208 184 46
6 201 2
160 102 53
102 60 62
75 180 56
110 92 90
215 150 55
12 72 65
110 41 15
43 210 47
147 206 20
100 149 100
207 121 83
106 94 14
155 21 12
112 217 39
39 19 65
0 67 81
94 13 71
79 177 72
188 200 30
53 92 94
205 90 91
17 74 93
195 108 73
179 60 94
114 19 91
164 130 20
51 96 90
40 94 92
114 76 96
132 168 20
175 29 5
164 125 20
43 10 54
192 20 86
206 200 91
145 49 97
132 202 46
36 68 58
124 55 86
90 105 71
127 153 46
115 91 56
17 75 45
4 170 100
167 190 45
119 28 71
69 86 17
153 82 29
95 207 51
34 82 41
68 219 38
23 154 89
28 155 53
47 205 67
151 225 72
124 167 31
215 14 67
59 148 67
32 84 94
13 207 0
186 192 54
218 109 57
22 94 12
161 64 0
28 111 87
80 4 93
120 55 26
220 137 42
112 92 39
99 166 21
109 21 0
143 144 100
110 151 90
108 71 14
148 18 33
134 111 51
20 64 66
209 110 13
226 160 18
165 157 83
130 46 49
135 113 95
158 146 58
8 85 54
218 114 97
29 192 45
88 57 44
153 49 98
214 56 25
83 71 98
138 7 85
228 138 72
173 128 24
132 19 27
71 45 80
73 52 23
158 142 88
127 124 88
160 190 83
82 48 84
47 163 1
67 98 11
23 53 98
222 105 72
5 160 40
66 59 77
216 29 74
23 176 58
56 80 15
32 193 6
62 36 7
127 63 3
222 148 68
115 110 95
122 2 90
185 173 21
93 94 93
196 17 10
86 54 33
98 169 90
10 107 21
84 150 15
37 141 90
211 145 27
198 59 72
88 168 42
70 123 91
37 116 33
184 88 37
71 57 5
171 69 80
161 72 26
189 112 54
24 55 77
229 134 26
5 3 17
117 126 71
153 206 60
204 147 25
120 170 52
216 22 41
110 95 17
38 160 18
64 84 27
118 187 38
8 23 44
188 151 92
51 63 45
124 106 33
214 205 83
40 16 59
126 149 86
162 59 42
149 55 22
70 100 37
163 186 27
186 149 18
68 105 73
95 198 69
208 203 36
174 163 69
45 162 52
180 47 35
99 14 93
60 152 76
38 58 100
167 41 16
147 15 78
113 0 8
93 2 90
200 145 53
187 147 78
208 11 91
98 89 12
147 91 20
52 54 69
220 161 61
53 207 15
181 157 2
114 81 36
160 68 26
185 188 23
43 21 46
157 122 7
131 40 81
190 88 98
48 67 91
118 159 38
51 98 68
0 7 77
51 38 53
105 120 77
224 110 10
176 156 54
73 203 21
165 22 67
180 164 77
9 91 28
194 101 42
177 227 43
80 157 32
21 81 80
130 225 39
151 182 3
40 59 30
3 46 24
91 70 26
62 217 100
212 45 68
12 128 67
128 150 25
99 188 71
103 228 0
123 218 85
87 52 85
98 104 25
222 172 64
106 28 42
7 174 45
17 19 91
154 37 34
113 152 45
140 27 47
223 52 86
172 2 53
71 91 23
75 49 77
0 118 94
126 177 20
105 36 71
154 83 89
158 129 84
57 111 35
181 151 0
57 0 81
213 60 12
167 2 61
218 86 2
184 96 68
22 7 95
37 207 10
118 189 25
24 106 17
200 179 36
3 24 5
45 220 38
5 24 14
207 176 8
180 70 96
149 201 93
63 186 11
203 77 78
119 146 2
178 144 53
64 206 22
169 213 78
169 127 16
210 36 27
93 75 70
72 183 50
2 158 38
116 22 45
227 152 86
153 187 18
187 11 97
12 61 90
135 215 22
82 79 76
35 214 23
227 106 66
180 28 63
176 8 33
33 161 5
4 98 45
14 4 45
214 122 63
85 193 69
225 135 19
153 25 21
218 125 43
8 3 33
84 181 60
102 53 91
55 116 63
27 1 77
102 130 64
54 191 21
125 19 7
66 61 50
72 37 69
217 219 40
35 54 56
193 1 92
200 129 81
77 6 43
131 116 10
28 116 9
203 193 10
222 181 31
43 224 81
57 34 23
10 165 2
54 124 73
205 213 86
35 209 10
80 18 77
173 82 41
201 211 15
65 29 30
70 119 50
58 4 89
3 85 18
151 179 59
69 20 46
146 149 70
203 210 89
197 144 42
202 153 91
144 182 69
34 185 32
190 122 83
45 81 4
45 102 83
38 85 97
27 70 22
203 155 75
180 15 33
150 188 95
94 117 86
32 52 62
184 106 89
52 184 23
203 131 7
212 111 7
144 75 66
198 67 34
212 168 46
142 6 91
54 170 81
12 229 49
228 220 66
156 157 40
33 84 21
89 39 49
56 168 28
167 145 66
37 219 91
198 97 5
44 132 3
167 179 31
166 117 5
65 178 29
108 8 28
90 131 58
11 12 70
8 52 51
12 145 10
11 77 28
213 176 58
65 92 42
167 53 73
212 4 16
83 141 24
99 144 69
192 41 46
96 206 1
121 189 20
188 64 66
90 128 20
106 195 38
125 95 24
14 40 14
141 119 84
28 172 47
107 204 32
225 95 65
217 33 1
186 30 17
190 29 57
204 177 91
47 75 54
110 217 51
122 68 2
56 66 77
74 130 99
124 34 51
140 129 48
183 112 59
120 133 22
217 40 24
211 147 52
25 175 22
170 53 21
119 46 68
109 95 83
194 154 56
219 196 57
164 176 91
106 33 100
131 8 54
172 55 73
5 84 74
47 183 18
147 169 40
37 110 80
147 27 44
14 50 18
163 154 1
192 210 68
183 116 56
88 73 80
207 143 63
83 36 35
168 105 31
33 183 59
52 223 31
162 28 65
190 136 40
46 198 83
68 55 61
87 162 77
114 158 23
223 122 0
41 53 96
121 37 29
137 77 30
81 208 66
165 97 20
62 206 1
89 48 78
70 183 12
197 119 12
73 188 65
173 49 31
111 99 12
78 194 69
184 38 94
51 2 21
103 73 15
223 214 54
87 177 62
43 0 11
30 52 64
173 182 72
37 45 41
61 145 9
207 23 49
124 107 76
213 115 51
133 196 58
181 176 7
185 58 25
93 227 41
1 149 12
5 142 84
226 145 52
104 183 18
144 66 58
141 228 60
73 182 92
48 28 17
220 21 22
6 95 99
102 35 26
46 20 35
105 6 9
68 129 10
145 4 14
128 181 64
80 43 52
100 176 60
209 129 17
69 100 42
49 143 26
90 47 3
43 14 9
50 60 82
227 210 71
79 0 33
145 79 72
84 30 77
84 183 12
87 45 99
147 219 20
122 165 23
77 47 25
227 105 17
24 193 45
187 155 30
193 142 80
134 118 49
211 43 67
146 198 60
183 66 13
181 62 88
130 186 16
221 27 10
61 144 89
136 175 34
183 97 47
17 164 57
216 171 0
115 38 91
209 181 84
147 90 0
17 223 71
150 198 46
191 78 8
190 101 22
222 209 79
150 106 65
28 131 25
159 56 68
29 219 19
200 127 54
9 174 10
170 50 75
48 155 30
200 9 84
161 160 58
186 137 90
225 123 18
186 1 81
176 58 62
137 50 63
120 50 18
210 178 33
180 165 17
86 33 42
6 3 10
229 55 97
186 216 40
174 171 61
115 135 39
5 64 6
97 78 59
95 192 43
188 76 34
88 175 55
66 81 17
127 188 35
53 35 79
181 84 97
125 57 66
68 8 59
204 152 59
65 227 79
15 56 47
66 75 67
182 191 2
225 140 67
89 217 35
178 190 84
28 128 51
151 132 73
180 66 61
84 44 16
2 196 20
24 54 19
161 202 1
229 70 9
155 9 56
222 96 0
101 209 66
184 110 31
171 60 47
222 20 54
85 208 93
177 212 71
42 122 20
205 61 73
181 45 21
76 105 80
50 209 29
154 122 61
183 173 3
34 165 26
167 92 6
122 189 3
121 159 15
217 103 96
16 80 0
62 81 45
13 57 86
79 132 67
41 21 19
26 155 3
147 188 3
42 155 52
37 153 98
63 34 2
90 144 98
88 25 35
111 65 76
171 124 7
19 3 10
190 193 16
93 84 39
46 143 68
117 150 49
186 203 5
141 13 43
174 125 3
191 47 42
60 215 72
14 125 41
76 220 69
53 135 69
29 119 17
162 103 46
167 58 55
228 175 47
107 171 72
171 31 45
179 98 98
60 30 68
52 171 98
189 23 75
202 18 33
184 15 47
205 34 25
16 14 84
214 48 20
126 132 64
135 23 7
14 155 54
0 149 71
135 1 7
144 1 4
93 196 75
179 210 25
116 206 86
189 141 76
177 170 34
55 27 58
91 160 38
174 60 26
70 10 31
179 133 95
30 107 21
132 196 87
213 159 96
87 213 92
198 223 41
140 200 81
102 74 22
123 75 8
128 98 18
218 54 66
93 179 55
23 90 64
127 131 83
147 158 71
48 43 26
188 59 78
112 52 46
37 77 3
170 129 36
167 57 4
115 53 49
93 221 83
35 227 10
125 112 83
183 184 99
150 92 34
108 34 52
128 137 80
96 80 31
59 62 4
96 224 26
33 36 79
227 185 8
214 74 62
210 54 15
214 215 31
65 69 65
60 40 54
1 83 97
141 71 7
23 220 39
16 0 23
26 87 76
123 180 34
102 46 75
80 49 9
200 63 47
141 132 86
227 84 24
136 85 87
90 174 82
82 77 16
6 63 66
28 171 23
84 4 74
184 223 37
188 132 44
121 104 48
49 175 18
228 215 57
151 222 75
224 219 27
176 38 97
227 168 97
130 22 4
65 201 59
224 26 66
166 90 78
2 14 37
75 37 68
70 106 49
211 5 7
65 78 67
172 212 10
21 177 12
36 192 71
36 97 85
64 17 85
203 19 68
133 134 78
21 198 62
131 101 93
9 119 4
84 175 0
88 100 59
173 84 5
198 23 26
0 153 53
158 190 76
116 178 4
167 100 76
39 126 32
11 213 98
130 153 43
218 193 86
87 48 0
58 73 42
19 205 43
18 223 46
189 27 27
223 229 48
21 26 40
141 227 24
220 48 9
202 207 90
159 187 71
51 204 41
34 15 49
71 206 35
166 105 87
216 188 20
42 192 31
97 27 93
206 74 81
119 67 91
210 134 79
140 29 12
220 183 91
17 80 68
49 225 90
132 46 18
177 72 68
72 116 37
113 30 59
108 55 94
186 152 44
33 62 6
126 17 25
49 195 94
111 41 23
176 204 59
18 189 23
130 107 28
63 39 70
17 119 12
133 95 18
120 20 37
100 82 69
215 200 69
228 226 64
108 50 79
14 71 33
8 64 96
133 135 23
16 11 30
169 144 77
36 82 27
75 110 90
11 128 89
219 58 82
136 112 82
114 189 43
149 206 97
159 92 20
152 215 26
133 224 50
175 2 36
165 187 81
13 173 91
125 42 79
115 114 9
214 135 68
118 201 63
129 195 43
151 65 42
55 171 97
221 195 43
89 207 48
144 204 14
129 59 1
165 186 47
98 144 23
60 172 10
36 223 21
198 130 70
146 58 81
107 85 54
51 148 18
95 86 27
188 165 22
129 36 82
6 34 53
45 26 58
148 129 33
127 197 30
99 191 3
31 164 99
104 62 41
229 30 23
58 75 93
211 220 95
30 82 19
135 6 54
90 177 21
3 222 79
123 223 53
128 89 10
99 96 93
5 6 2
221 21 12
48 88 74
119 138 29
63 159 11
137 10 13
70 29 34
87 169 40
25 172 84
4 106 99
178 141 62
48 196 51
59 36 23
15 210 27
212 81 34
185 193 63
145 60 32
33 106 78
160 17 6
146 75 42
181 33 17
226 95 27
108 117 10
30 131 98
152 80 0
5 184 40
208 119 43
109 99 91
54 116 71
10 39 19
137 228 1
145 220 40
203 55 75
90 8 6
213 152 55
181 53 79
200 155 86
82 123 40
214 207 90
6 79 22
68 9 57
19 179 74
106 131 61
135 162 76
105 39 8
72 211 90
206 173 97
4 160 87
125 201 98
203 106 71
227 76 52
214 210 49
11 20 53
151 80 69
39 168 8
93 37 66
211 217 88
37 26 33
194 98 0
212 126 43
104 145 90
204 221 41
119 99 62
45 34 4
30 50 60
216 5 70
26 60 99
152 25 68
122 167 3
155 13 47
9 112 83
148 142 27
225 70 82
168 223 21
169 229 25
16 229 59
40 54 36
55 147 61
135 46 2
74 122 23
108 84 0
186 88 24
12 205 62
62 50 99
44 94 60
221 43 57
224 213 17
3 16 55
192 71 93
58 219 1
150 111 79
218 99 64
130 72 8
0 222 79
214 155 93
129 202 77
163 147 50
206 178 89
225 16 6
194 47 18
120 184 43
206 120 0
200 101 69
209 189 42
17 46 80
184 158 11
155 71 61
137 79 27
6 26 87
1 2 31
183 59 20
224 164 10
217 64 8
97 174 69
227 80 96
166 84 83
175 153 19
19 204 77
110 49 29
124 45 28
20 123 10
103 39 70
146 52 42
191 0 18
191 2 85
71 205 49
109 182 96
184 194 46
56 137 49
123 138 44
85 86 83
81 63 64
192 172 78
182 103 96
137 57 39
31 49 25
62 147 93
4 176 75
159 69 74
205 54 33
125 70 82
169 211 67
212 153 52
211 143 72
159 190 54
225 34 47
145 33 49
68 197 35
71 155 69
23 106 38
11 42 0
118 203 52
29 97 94
189 111 51
47 191 34
111 168 88
105 45 38
34 84 99
89 35 95
89 213 20
77 36 69
206 86 22
220 157 54
228 210 77
203 85 9
126 204 29
59 95 95
50 205 6
209 198 51
229 159 4
207 202 45
219 54 75
148 183 9
35 40 7
85 191 34
152 98 82
211 151 67
193 24 26
134 216 35
61 205 55
112 7 96
140 127 20
15 227 29
60 165 50
203 6 55
120 160 35
142 192 49
172 9 18
140 125 81
192 27 60
179 198 82
47 40 17
201 50 26
102 151 26
204 58 64
67 17 71
49 205 61
124 93 28
190 217 44
28 6 1
94 127 18
163 203 1
208 116 17
219 6 39
228 22 82
64 153 18
104 115 78
61 221 80
26 103 93
111 202 71
51 55 25
17 117 20
129 212 54
176 168 36
78 153 96
15 223 17
86 169 98
22 25 99
164 65 21
118 157 25
92 130 60
43 194 28
172 216 94
78 10 68
119 9 76
91 228 24
142 68 8
167 140 39
21 8 9
137 146 63
181 94 24
45 11 21
96 34 0
207 203 48
200 30 25
129 142 45
104 125 41
134 68 76
150 75 42
52 122 34
20 229 9
202 38 23
3 146 96
33 182 54
101 96 75
160 172 13
165 45 37
113 150 95
28 108 78
35 223 32
184 5 96
182 59 97
89 178 77
120 114 31
16 144 43
179 104 87
28 79 94
11 17 16
3 11 71
189 169 94
182 147 41
191 95 54
42 65 66
109 51 92
110 209 52
165 137 62
88 16 96
146 17 93
24 107 86
63 110 79
94 193 53
104 118 32
126 9 82
205 98 0
214 217 55
171 70 56
65 169 22
126 211 92
217 152 11
229 116 20
102 146 15
128 57 70
180 101 50
15 132 67
130 44 90
187 82 70
67 137 64
63 94 47
141 191 9
56 21 42
197 193 95
165 59 60
195 61 57
49 11 55
18 105 27
158 40 56
205 60 2
126 225 0
157 132 20
191 75 99
124 114 24
66 64 73
89 200 18
122 124 36
195 64 79
35 0 40
124 137 46
132 136 80
101 70 19
96 215 8
229 227 77
39 147 11
227 142 57
181 217 77
21 190 63
194 19 77
194 112 6
128 55 48
166 224 33
77 39 78
36 95 61
35 165 16
220 133 83
39 34 41
202 53 52
147 193 73
142 223 76
140 95 46
81 29 82
74 164 1
147 52 26
100 77 77
129 25 60
203 197 15
168 153 29
109 11 47
69 59 48
131 145 93
38 176 50
93 10 57
185 32 64
143 14 0
24 146 82
80 110 38
52 32 0
116 53 60
31 103 35
110 143 93
84 156 41
125 66 87
33 20 86
136 31 19
55 82 81
61 179 100
149 184 96
88 48 76
33 24 22
142 186 78
1 219 82
225 35 96
176 220 96
89 110 35
38 91 25
99 208 66
31 74 26
12 131 37
173 130 9
90 31 22
223 79 98
120 15 97
26 118 70
214 180 45
91 147 16
218 133 91
179 24 70
198 15 93
45 182 74
228 105 51
56 207 58
7 9 17
4 24 29
209 3 72
68 119 40
37 99 74
160 14 4
32 53 96
74 177 2
102 167 83
57 93 82
168 2 57
228 25 76
181 180 34
70 182 76
158 48 61
4 104 52
198 69 0
68 143 32
147 108 36
85 164 26
9 75 22
163 71 70
10 66 8
72 218 78
165 112 90
162 108 9
93 20 81
154 185 20
65 156 7
100 133 92
5 173 85
224 154 40
201 189 91
8 159 43
40 111 31
155 180 30
225 23 72
189 10 25
185 142 93
165 200 56
156 186 34
197 211 67
207 81 23
95 130 53
162 105 81
178 172 33
44 198 12
46 133 97
198 160 79
166 116 87
2 198 97
83 15 80
108 181 64
184 197 83
123 46 58
74 169 19
142 134 65
67 20 71
52 137 67
101 119 85
98 190 77
62 157 87
184 130 72
33 94 8
18 21 68
173 174 40
168 225 100
221 124 3
158 47 97
56 57 30
138 209 10
5 195 49
194 125 49
200 171 3
201 8 18
61 142 50
93 27 87
38 124 50
74 228 16
94 37 21
25 18 91
88 109 58
95 171 70
122 8 29
227 121 41
228 153 92
160 7 16
109 170 86
190 60 53
47 120 92
122 184 23
136 123 10
181 58 46
4 97 11
49 89 15
197 89 82
197 80 98
7 206 74
172 197 83
72 162 54
185 119 99
18 115 91
82 3 91
9 103 1
31 218 50
204 127 22
165 28 78
135 11 85
154 13 92
194 23 71
15 88 70
27 103 70
9 228 98
26 131 75
201 12 92
69 81 34
175 118 30
165 91 2
217 186 25
35 96 20
132 155 33
37 52 71
161 146 81
170 214 66
190 39 77
105 218 15
138 19 77
197 38 35
185 117 5
227 53 66
191 7 77
23 129 21
20 131 5
55 60 98
17 6 66
63 113 68
83 17 7
95 120 18
123 80 2
216 52 76
107 173 9
153 101 87
136 158 77
9 49 17
179 99 82
192 170 17
118 37 91
18 87 38
176 75 6
159 166 85
96 205 96
27 23 76
136 142 61
182 173 27
1 133 68
36 86 2
94 99 34
53 168 10
25 147 6
11 184 44
1 59 33
8 6 72
31 77 67
114 74 82
127 176 48
121 226 36
180 131 72
80 114 57
202 225 37
96 29 17
12 89 16
4 196 62
196 63 34
100 29 83
138 196 36
148 163 40
168 103 70
68 79 88
62 69 27
19 15 13
173 26 85
137 61 93
131 87 37
180 99 54
26 119 89
57 128 39
17 11 8
23 122 94
76 26 68
102 9 35
89 176 81
19 185 81
28 223 63
103 164 63
10 227 62
132 222 60
228 47 85
9 134 67
141 194 28
38 106 45
44 90 88
99 213 86
101 69 77
129 110 15
132 172 60
29 5 69
172 130 27
56 132 24
120 110 11
65 216 94
188 155 46
107 138 88
229 158 59
78 112 47
166 151 18
168 17 41
3 197 69
206 72 63
159 216 59
96 207 52
90 212 9
23 110 87
150 156 13
23 100 99
50 95 35
219 210 66
197 107 73
85 106 73
11 214 93
115 211 49
228 222 90
20 216 69
34 227 77
112 210 33
93 111 81
7 8 77
129 85 30
165 124 19
157 67 51
25 70 35
85 47 18
143 204 66
88 172 6
89 58 31
152 34 72
20 9 39
88 13 25
228 15 59
53 140 55
200 98 24
120 47 79
58 156 19
170 166 100
67 119 50
32 10 54
210 70 77
206 197 49
18 156 0
192 69 69
147 55 8
206 153 79
71 214 52
143 135 64
212 99 75
107 40 25
75 171 62
165 173 30
34 128 92
158 124 94
221 19 22
183 193 81
193 106 89
71 190 46
179 225 98
211 70 53
60 182 13
6 76 3
193 146 91
128 96 72
177 172 41
33 7 76
228 54 33
135 191 7
142 163 20
205 45 42
39 129 12
211 126 3
124 203 21
4 186 0
57 178 40
195 167 59
214 124 79
220 27 48
145 2 78
77 96 90
192 208 69
36 149 50
99 57 49
107 217 18
36 92 65
93 131 15
8 76 74
72 103 84
76 28 74
132 31 90
125 7 100
164 1 35
159 50 83
145 213 44
82 20 43
140 50 31
66 212 84
57 215 74
77 164 10
98 222 16
196 149 96
226 104 68
165 203 75
226 131 100
203 28 79
116 25 62
148 34 3
78 216 57
6 149 18
157 121 76
209 223 84
64 204 0
123 103 70
112 83 56
149 143 6
182 210 33
92 35 53
161 58 51
220 107 63
215 41 22
87 184 26
167 223 88
68 225 95
127 198 92
193 84 35
119 204 50
173 144 27
220 179 0
175 115 71
122 16 77
26 96 27
38 5 17
211 73 78
87 51 29
58 63 27
37 210 64
224 1 7
1 208 33
33 207 5
162 54 74
43 123 26
186 156 100
4 21 15
144 157 33
170 197 23
78 173 41
71 198 50
102 23 31
225 217 100
156 213 94
204 114 55
153 3 32
120 84 9
144 153 34
75 179 72
166 140 0
218 32 33
157 145 37
194 175 34
25 58 5
102 77 37
207 184 53
224 151 82
31 71 73
171 88 26
155 58 51
102 196 93
41 163 14
179 211 85
132 66 42
44 185 78
146 2 12
228 88 79
194 92 73
81 178 16
140 201 28
49 63 80
190 149 2
229 13 83
45 2 30
122 154 5
147 84 67
83 163 36
148 207 20
68 124 33
193 138 97
214 188 16
107 31 16
28 42 60
180 104 26
136 130 3
180 207 88
134 105 95
174 161 0
42 161 24
149 46 73
74 30 14
212 165 60
157 130 34
71 41 82
132 34 16
133 188 41
135 51 71
75 157 54
14 210 14
0 4 82
208 221 83
36 205 22
95 144 44
18 62 19
180 128 99
64 180 29
17 204 78
9 33 10
202 85 49
161 16 50
28 201 1
167 40 51
58 2 34
11 116 76
218 43 87
177 221 58
181 228 65
31 9 4
62 68 59
54 1 23
22 96 43
111 68 17
72 12 66
62 88 55
81 165 83
201 76 4
142 155 10
58 100 49
173 196 54
174 118 96
17 225 95
158 181 80
18 27 78
10 69 78
214 224 56
64 227 36
52 40 51
169 118 63
194 2 44
130 151 24
25 12 82
145 205 48
185 15 81
208 182 5
212 203 80
201 113 47
188 5 45
1 71 65
158 225 65
137 110 30
196 160 33
102 30 18
30 218 38
172 186 6
31 215 21
44 178 57
38 36 70
163 218 58
90 33 70
33 17 41
180 191 67
211 33 64
215 18 11
102 103 37
111 127 33
133 119 41
38 4 59
5 32 18
8 207 91
179 160 10
172 79 54
55 7 23
173 39 87
8 69 7
172 71 55
54 90 36
142 21 51
181 13 22
200 169 85
85 109 75
202 136 0
82 205 81
147 13 78
185 189 70
56 206 90
176 107 34
49 60 82
63 151 38
44 142 0
219 183 3
213 24 26
99 214 15
124 10 14
228 98 94
213 106 96
157 5 47
100 187 91
87 226 90
17 211 15
189 215 89
151 177 55
170 104 6
62 124 68
122 108 68
225 191 33
191 213 73
101 41 62
6 210 0
56 163 71
84 214 37
87 80 33
18 23 54
179 121 46
187 97 30
60 95 55
76 49 38
210 51 61
125 191 36
3 22 7
187 215 87
107 190 35
36 87 57
146 41 72
227 179 38
129 68 56
128 106 44
137 84 16
146 94 95
15 186 90
52 15 1
44 224 82
13 113 61
228 95 1
175 36 80
16 184 91
189 5 35
152 188 37
211 142 22
143 126 71
40 197 89
39 0 33
217 227 9
93 55 45
156 33 58
165 29 4
229 98 26
179 159 91
222 99 70
154 24 32
173 121 7
30 191 59
98 3 80
31 1 75
51 100 60
120 37 48
200 32 84
155 113 6
20 14 58
15 19 52
43 1 39
104 75 37
144 134 1
143 61 66
83 217 24
192 155 82
79 40 41
47 130 59
58 51 9
60 121 82
215 145 45
52 75 86
140 152 9
164 147 29
148 13 51
91 81 40
81 201 75
221 82 87
20 158 36
2 32 52
2 226 23
178 215 15
39 57 62
10 54 15
15 116 6
197 112 73
83 200 80
158 54 70
37 90 83
149 57 63
119 167 94
64 69 94
37 88 85
119 164 37
108 218 17
23 79 50
16 52 56
127 78 8
130 184 49
130 144 90
136 35 72
145 25 65
137 125 7
134 125 34
21 211 26
181 90 7
20 189 43
121 41 38
194 89 18
11 157 5
56 200 84
213 35 75
227 134 25
144 68 39
154 79 56
29 133 6
104 156 89
116 61 42
206 95 71
126 202 62
138 172 19
115 219 64
103 218 98
32 207 16
53 82 39
37 83 91
205 42 7
46 76 70
45 124 97
132 134 62
41 200 93
80 40 1
133 141 89
229 123 88
88 127 9
169 148 35
33 140 25
41 46 19
81 205 52
213 158 58
11 183 86
171 93 72
168 142 32
205 133 81
77 16 46
149 219 19
16 12 21
89 61 32
31 39 94
202 223 96
115 25 16
60 187 52
227 78 91
43 65 10
59 135 55
198 68 32
33 128 21
81 88 78
10 7 75
2 216 12
226 31 17
56 140 10
66 121 48
78 189 9
198 12 82
209 131 71
6 31 5
13 114 7
38 79 39
21 94 100
221 214 12
177 185 15
209 22 26
219 150 4
76 70 24
48 80 5
131 93 23
185 53 28
77 193 47
115 177 49
84 64 17
9 163 55
90 30 48
8 97 18
106 4 32
4 76 1
184 143 35
15 33 18
35 191 36
213 28 6
131 13 11
4 38 50
178 185 53
11 51 49
218 217 11
216 154 21
222 146 44
92 170 66
39 195 67
60 111 45
25 214 97
101 82 98
174 141 68
36 74 54
99 227 75
117 48 16
153 176 41
24 56 23
117 87 6
211 50 49
188 57 56
13 201 2
178 179 26
141 73 53
34 53 11
201 110 99
228 70 74
203 146 93
174 136 88
151 108 95
46 49 10
27 217 5
29 120 26
21 73 94
161 3 53
130 96 65
184 51 53
133 162 36
6 191 54
192 59 81
13 17 3
74 173 27
86 174 98
187 0 40
118 106 21
153 169 39
34 196 60
41 44 59
221 64 33
60 12 11
206 59 96
218 95 11
95 48 49
36 28 26
2 217 21
84 194 38
208 111 59
227 201 23
153 47 82
42 129 28
112 45 43
2 222 27
29 123 85
56 215 22
105 108 100
38 53 89
106 112 23
168 114 8
98 162 19
58 194 29
50 58 29
63 134 39
210 80 25
90 37 91
19 31 54
100 101 42
83 39 19
78 195 55
32 65 54
160 194 76
7 61 29
59 208 7
39 229 67
47 4 49
52 193 67
186 106 46
47 104 94
85 151 61
86 45 58
12 212 66
106 49 38
22 160 2
8 51 31
141 154 7
43 180 32
67 28 49
128 33 70
3 137 33
201 55 46
145 223 70
83 131 50
114 177 22
108 138 58
47 114 0
3 213 21
19 120 36
118 50 20
18 46 23
143 66 95
160 153 26
156 67 64
121 191 59
102 31 57
5 120 57
77 2 57
129 125 50
70 7 16
227 157 18
50 123 48
165 73 39
82 154 22
33 174 48
9 27 61
108 190 5
52 50 84
213 130 55
208 23 22
19 225 39
140 228 36
166 47 66
194 70 3
50 101 39
144 221 52
37 67 48
56 85 35
114 162 84
84 73 44
64 222 19
84 177 82
99 16 10
49 91 98
204 201 87
90 28 46
137 69 59
61 193 33
69 113 90
110 59 46
175 223 15
203 123 100
91 97 73
168 61 26
214 106 20
86 24 90
141 147 77
102 69 57
88 205 8
194 225 55
111 77 11
163 223 87
166 17 48
28 200 41
143 55 88
197 178 43
58 6 42
131 22 48
93 226 70
193 77 47
0 34 91
97 42 86
192 7 72
116 176 28
122 35 84
195 119 99
35 55 36
188 182 21
228 80 7
170 108 68
95 89 82
152 131 52
177 217 40
79 188 31
54 66 70
136 114 32
153 145 51
114 175 79
166 83 82
167 110 77
87 28 12
206 81 99
216 129 63
104 105 29
81 218 32
66 117 37
103 31 54
112 16 43
90 168 69
72 157 30
140 82 64
192 101 2
106 174 53
80 34 16
55 161 69
217 39 68
215 170 40
150 221 45
175 198 31
98 185 4
114 25 44
39 64 24
138 198 13
170 151 98
189 115 9
211 91 59
98 87 36
185 218 85
87 81 21
137 21 47
194 147 16
17 160 32
159 125 33
142 27 57
173 124 69
106 208 45
15 23 2
195 203 38
19 113 22
186 26 14
204 89 9
189 98 74
93 92 95
54 181 45
71 34 86
88 158 97
77 26 8
172 173 61
31 155 32
227 45 73
94 147 17
49 229 50
62 5 73
156 117 46
159 123 69
187 182 10
134 110 44
196 114 89
155 202 20
17 174 92
125 195 2
158 111 22
147 16 41
17 188 27
114 170 29
52 190 31
186 75 93
143 166 2
207 104 48
88 84 43
15 146 100
212 132 51
200 140 76
207 60 46
193 55 86
204 113 6
45 53 93
149 152 11
78 204 80
68 114 8
178 101 51
165 119 72
135 76 87
153 140 74
176 33 51
104 87 54
168 92 8
138 223 73
109 195 80
98 141 12
181 191 53
7 219 36
50 213 17
50 223 71
159 72 73
70 174 29
101 102 33
48 163 85
50 172 10
102 73 62
75 61 88
149 165 87
140 132 9
222 204 77
184 178 83
16 211 85
19 188 94
105 43 12
11 192 38
58 158 29
130 47 88
121 151 92
12 124 68
26 97 74
104 6 72
98 225 36
15 65 72
36 225 23
185 155 53
196 128 7
81 229 50
167 151 71
129 96 68
62 66 58
27 33 69
166 40 69
80 22 91
179 52 99
180 92 98
56 10 45
79 65 90
81 132 96
15 59 70
195 147 30
86 108 45
148 92 37
136 98 69
24 173 76
184 63 43
215 132 88
162 6 90
51 71 94
55 114 0
186 55 91
69 208 57
58 105 88
183 167 59
106 227 84
115 90 47
131 33 1
97 149 25
203 227 44
225 7 46
146 37 62
157 59 88
25 153 73
82 11 66
63 164 71
186 46 93
7 152 86
217 70 100
219 216 44
159 82 8
207 217 84
87 176 18
172 61 76
84 28 44
163 122 23
9 106 41
160 78 47
25 54 67
221 154 8
204 166 94
6 93 4
172 62 38
123 22 5
226 2 33
180 33 2
196 28 32
42 56 36
220 162 30
185 66 91
90 2 3
137 214 28
64 135 89
82 156 35
183 210 59
117 154 94
181 200 46
37 176 20
25 226 52
14 1 83
40 116 51
19 4 48
56 216 53
168 24 44
203 225 92
76 198 47
56 46 37
201 149 73
12 33 60
167 33 44
74 83 4
186 173 26
192 151 83
167 168 26
8 152 51
159 26 71
99 54 64
22 178 92
204 120 16
170 201 92
13 102 19
5 183 65
204 61 39
18 90 49
229 63 72
164 152 59
134 122 87
130 201 58
192 196 64
118 221 0
218 152 44
217 126 60
190 192 3
167 185 0
186 128 26
100 190 28
173 25 97
9 92 41
40 2 30
83 190 64
154 114 2
207 83 89
203 214 25
21 143 39
59 151 9
119 190 27
177 110 10
54 99 8
10 204 89
225 96 5
98 120 64
45 183 37
162 66 62
93 124 17
79 124 93
44 75 38
207 67 85
106 217 15
55 113 45
205 68 2
72 113 46
179 219 45
76 200 21
120 187 11
229 217 66
3 104 45
225 84 67
184 126 60
173 205 95
75 31 53
4 188 10
129 38 65
136 152 88
115 9 9
87 57 74
27 201 97
228 132 95
181 170 13
98 227 29
63 91 2
26 143 89
188 161 88
177 106 29
108 11 28
216 185 65
192 124 42
28 177 70
57 130 62
208 129 17
192 54 42
13 53 65
48 169 85
214 34 76
128 136 33
184 142 2
62 85 73
19 75 12
2 211 10
94 164 61
169 23 22
76 189 55
15 92 2
164 183 81
86 175 9
126 94 62
160 146 58
19 83 66
54 93 80
205 85 57
78 211 38
23 223 73
138 82 60
98 164 95
47 211 5
17 228 27
66 23 32
121 82 95
142 132 55
104 80 29
50 178 37
32 206 100
166 136 17
213 57 96
185 183 82
154 153 83
225 144 17
167 39 58
63 218 16
66 80 2
215 138 81
106 37 72
131 15 89
17 140 88
62 225 78
48 127 65
122 152 36
14 192 55
84 115 61
204 212 64
46 223 82
40 69 8
80 88 40
70 88 40
138 147 76
98 7 15
126 161 87
102 227 42
59 104 49
112 219 13
168 113 40
141 63 88
81 28 75
48 29 43
229 59 6
151 143 79
131 82 40
52 179 92
16 134 21
119 226 59
20 102 92
82 7 62
108 92 87
188 92 15
167 209 63
30 156 41
82 126 23
64 223 9
191 164 60
91 23 67
14 41 74
30 201 86
155 147 44
212 44 4
22 17 51
156 91 44
37 119 86
77 29 80
65 107 32
221 103 8
93 119 78
187 143 98
126 28 5
38 71 86
58 198 6
159 162 98
198 91 22
195 101 80
150 126 4
175 38 28
162 93 77
151 208 14
45 66 31
187 89 41
210 180 23
20 88 24
26 84 97
45 132 9
43 36 48
38 75 18
176 141 15
218 182 91
85 148 100
163 110 98
207 76 50
190 168 59
156 123 3
169 221 86
161 108 28
43 146 79
66 174 51
213 13 68
125 137 93
139 27 85
139 51 77
139 178 9
139 132 64
139 42 36
139 226 10
139 97 90
139 167 98
139 120 29
139 11 7
139 82 96
139 145 58
139 116 14
139 63 17
139 154 69
139 46 88
139 7 74
139 62 66
139 87 41
139 213 70
139 118 54
139 38 82
139 58 95
139 2 49
139 32 34
139 109 99
139 80 20
139 64 37
139 150 12
139 170 37
139 143 53
139 57 94
3 199 45
21 199 53
26 199 83
28 199 66
32 199 37
43 199 2
50 199 22
53 199 44
57 199 94
63 199 27
69 199 41
70 199 92
78 199 54
86 199 51
87 199 18
88 199 52
96 199 16
98 199 17
103 199 71
106 199 11
112 199 53
114 199 51
116 199 8
120 199 87
158 199 28
162 199 60
163 199 94
170 199 85
179 199 9
192 199 58
216 199 87
218 199 50
221 199 42
228 199 94
