57
47
4 48 17
39 22 23
6 21 10
60 18 41
24 64 36
0 31 41
51 59 16
32 60 26
77 74 94
5 24 66
5 70 75
61 9 0
67 28 70
37 13 91
38 10 7
44 55 31
38 79 78
74 75 23
55 71 29
71 76 32
22 67 28
61 8 57
20 22 57
53 5 18
40 31 16
64 2 24
24 54 48
15 71 57
19 7 94
74 34 83
72 44 21
66 48 65
64 78 42
44 19 89
25 59 36
59 46 54
0 5 49
3 67 58
58 2 9
30 71 67
26 0 10
3 43 91
53 75 71
63 25 44
8 30 17
32 22 71
72 28 20
75 4 59
28 66 72
77 1 37
45 70 50
61 13 81
48 25 39
0 37 53
56 76 71
72 79 41
12 42 28
61 50 59
13 4 38
30 40 31
14 7 85
65 10 39
49 27 24
30 56 92
58 7 64
79 50 47
30 66 83
16 51 43
24 35 48
62 5 39
31 49 37
39 72 4
66 17 57
29 40 43
41 3 91
22 32 21
40 67 62
27 24 51
74 77 78
50 48 40
79 62 46
52 66 68
38 52 88
76 53 96
16 67 39
32 51 64
15 55 27
11 56 71
71 27 95
62 78 83
12 1 82
27 77 75
58 66 61
54 34 31
51 69 49
63 39 72
69 71 85
77 31 3
59 24 75
60 14 7
24 22 7
16 41 29
24 39 14
70 46 54
7 60 91
62 52 35
38 60 32
37 78 82
54 70 98
25 18 95
56 3 95
66 65 0
27 79 88
35 40 44
9 36 54
16 18 50
9 43 77
33 60 81
76 38 62
3 6 4
68 1 76
38 13 14
52 49 90
76 28 65
49 22 63
63 75 67
67 60 24
42 40 62
65 77 38
74 68 64
9 58 27
26 23 45
58 60 21
55 15 43
22 79 36
62 13 75
66 67 90
49 42 5
72 54 80
65 13 13
19 13 29
14 45 63
54 13 63
20 64 33
71 22 57
26 19 36
22 2 38
23 27 53
73 40 90
68 69 43
24 55 98
60 42 33
64 33 16
4 32 75
25 24 61
71 70 82
29 46 94
0 71 35
59 15 55
13 30 41
44 35 50
45 24 80
2 5 60
41 49 45
4 69 4
62 51 0
56 73 11
36 23 58
66 37 63
17 50 57
41 24 60
65 34 18
45 2 30
41 64 17
71 25 60
26 13 47
10 40 86
72 19 90
40 15 95
74 30 19
51 29 99
31 74 73
40 54 72
43 26 38
18 42 92
25 30 87
7 17 71
16 36 100
14 62 18
6 35 4
65 49 68
49 15 64
65 60 62
39 43 35
42 23 34
9 10 64
24 26 64
62 65 56
30 72 75
6 67 11
15 36 49
3 23 67
16 0 45
53 16 4
28 58 66
25 58 98
31 10 87
63 24 81
76 19 81
62 71 79
35 9 50
44 64 48
64 53 70
41 71 26
9 62 59
51 24 82
68 23 55
4 24 42
67 36 83
78 68 42
15 40 27
79 31 4
9 61 28
63 44 1
12 21 67
71 41 96
73 16 36
12 46 99
29 15 82
34 36 44
25 76 52
31 28 10
5 38 65
58 36 94
1 11 86
72 11 39
41 2 57
42 28 13
54 40 25
1 31 70
36 27 1
68 26 53
55 72 27
79 45 56
52 33 81
29 11 40
1 73 39
61 76 44
22 60 76
64 63 2
19 53 47
52 0 27
5 4 63
8 26 64
29 19 19
60 41 84
51 5 93
51 19 24
15 13 92
31 4 93
46 60 34
34 41 53
8 52 98
29 9 37
70 14 80
69 51 96
68 9 84
60 53 68
23 79 21
10 17 50
25 77 48
23 11 45
75 10 61
38 36 69
19 14 90
67 30 1
7 52 47
26 9 12
63 48 4
54 62 68
43 53 46
53 38 84
44 63 3
22 0 90
38 68 40
74 73 37
14 32 12
62 21 0
37 42 21
66 24 46
52 58 19
16 48 59
26 32 99
76 67 80
39 17 32
78 5 96
12 25 76
48 21 32
7 41 100
31 12 71
69 3 28
12 3 15
11 54 16
63 13 8
66 41 25
52 71 2
76 7 12
0 73 100
79 3 84
28 50 87
20 44 3
67 45 44
41 38 100
67 51 72
38 51 94
43 7 48
32 72 68
2 13 66
23 69 53
31 5 51
63 50 98
62 29 33
71 31 89
62 60 18
24 14 80
12 8 91
28 62 83
22 64 66
32 37 58
54 48 12
16 7 99
45 34 94
27 74 96
37 34 63
37 63 28
20 35 30
18 4 99
26 54 74
28 40 94
79 75 72
8 51 16
45 35 89
67 18 41
68 14 2
73 63 16
45 66 90
66 42 45
69 16 85
32 45 38
79 9 86
76 13 22
60 27 46
48 29 13
20 78 4
62 24 74
71 39 63
23 20 98
71 21 57
71 20 14
14 65 41
9 0 16
4 42 32
24 28 28
73 4 96
78 16 86
42 11 18
75 62 43
55 10 31
38 62 63
66 64 93
77 6 45
19 66 69
75 37 62
20 48 100
58 22 34
75 73 56
36 5 15
8 78 84
38 69 65
72 65 74
33 39 24
48 15 92
0 39 93
12 67 69
70 72 88
18 14 3
37 79 64
51 70 72
50 59 53
22 74 35
13 55 63
71 0 96
79 59 56
77 60 38
46 6 58
14 12 97
1 67 97
45 39 4
58 17 93
35 67 96
4 46 30
62 22 23
63 21 29
48 75 25
8 17 57
12 50 73
50 25 61
70 17 30
74 42 78
69 28 61
26 11 26
61 28 43
75 25 61
38 64 28
71 67 91
71 33 5
78 74 73
62 32 6
9 50 46
1 7 73
21 39 35
1 16 6
20 51 94
79 42 41
22 3 18
25 16 84
37 75 81
30 33 17
23 1 66
38 8 31
18 8 32
25 60 46
13 40 9
76 49 12
48 42 6
62 25 18
59 73 40
0 52 99
43 9 26
34 70 25
59 70 0
78 13 2
74 66 46
42 5 73
49 6 96
33 25 34
35 70 79
32 61 39
68 49 18
21 55 70
21 61 61
25 38 12
51 67 52
4 29 51
77 68 94
54 26 53
8 61 97
53 29 64
30 6 5
42 32 67
75 45 86
77 49 5
23 2 18
37 0 4
53 32 69
13 21 90
1 3 84
43 64 91
69 0 5
56 40 30
45 51 65
66 51 1
72 78 83
64 48 44
28 16 96
67 56 87
8 44 14
41 76 69
4 40 3
53 6 13
64 37 49
53 36 45
69 7 50
17 63 85
75 60 25
68 60 96
21 54 27
22 31 98
36 2 90
16 73 38
6 74 93
2 42 41
17 36 14
35 50 84
49 16 74
37 14 61
14 66 46
56 77 47
74 36 35
13 70 95
45 7 100
37 15 59
54 4 32
25 17 49
48 16 64
0 65 62
7 65 79
79 64 47
70 26 41
46 74 36
74 12 56
7 10 75
28 18 32
50 36 22
48 22 47
58 37 76
24 59 84
43 41 10
52 68 80
64 11 64
32 75 35
21 51 10
0 10 71
25 50 16
13 35 60
39 11 84
74 71 24
61 46 74
73 43 66
38 71 95
53 17 73
11 30 0
78 11 79
27 56 44
28 26 72
28 52 83
32 64 91
44 48 2
7 79 39
65 38 49
4 77 65
50 0 98
67 21 95
3 41 91
17 27 64
49 63 94
4 30 94
3 71 47
48 14 57
20 71 74
50 51 82
63 20 62
31 52 58
79 74 9
67 79 94
12 24 30
73 7 93
10 9 94
62 61 80
15 18 11
52 76 73
14 1 47
40 64 66
1 28 7
62 30 29
46 53 70
24 12 28
48 1 10
35 68 14
34 2 31
43 55 60
11 0 33
55 19 89
3 70 48
23 12 50
20 25 2
70 54 43
44 33 23
33 79 37
66 75 25
42 1 66
49 4 64
42 10 63
23 9 29
79 14 85
13 7 96
75 11 24
63 34 29
6 61 59
6 18 50
60 11 29
75 61 48
56 50 91
5 27 70
71 62 0
32 33 20
58 71 67
19 51 32
28 72 36
51 45 26
37 67 28
7 76 92
6 50 80
58 74 15
44 11 84
50 34 4
17 25 21
78 25 67
50 70 81
42 74 48
65 7 63
29 1 71
73 15 22
17 38 12
52 25 20
31 66 93
56 54 53
50 60 5
78 51 10
3 26 6
19 61 49
72 53 5
49 2 38
71 44 99
11 63 93
69 10 24
58 9 68
59 18 48
62 1 82
45 9 8
5 48 4
76 6 90
38 1 79
52 42 30
6 79 90
56 71 52
51 17 16
26 22 64
2 44 80
23 65 96
69 68 95
16 55 45
4 59 63
30 35 57
44 77 95
5 69 60
42 16 5
64 12 38
28 64 42
46 73 39
75 54 29
67 74 53
15 24 34
33 1 88
59 39 37
44 75 29
77 10 84
28 25 41
52 21 56
74 48 37
54 20 43
77 21 92
65 69 11
33 10 38
69 1 17
10 36 48
41 74 32
46 70 6
74 50 14
31 14 75
16 66 34
8 73 24
17 61 16
11 44 80
54 39 31
23 64 20
4 52 39
39 34 6
74 10 86
69 32 51
9 15 69
76 60 26
44 3 19
35 10 23
69 24 60
56 53 31
53 25 52
28 53 43
28 14 79
73 41 31
16 71 40
50 72 45
75 0 34
70 45 37
30 53 9
45 56 33
77 25 49
20 77 17
1 53 13
41 51 99
5 37 67
59 74 65
70 75 57
21 69 58
11 43 67
53 73 77
75 71 36
25 37 41
61 32 63
73 3 77
32 43 81
46 8 95
62 79 88
70 2 41
51 76 36
75 48 4
17 19 61
50 23 51
2 38 0
9 72 4
51 44 34
15 22 26
79 24 7
43 37 39
4 79 18
52 36 99
43 65 1
34 73 45
18 63 46
31 20 2
43 73 20
59 29 61
3 19 63
29 8 28
37 8 63
65 3 65
2 69 69
68 3 13
58 29 72
15 25 80
51 13 87
75 2 55
52 2 67
48 54 38
26 14 51
38 41 81
31 61 25
0 8 53
51 72 4
28 46 27
10 76 40
27 76 47
60 8 37
13 53 75
73 45 51
38 75 45
70 71 3
42 4 14
70 28 73
37 23 92
49 21 55
64 65 17
24 15 33
28 24 77
26 34 33
65 66 55
54 9 57
48 71 16
37 26 59
58 55 52
25 28 16
48 79 64
29 68 8
54 52 46
72 62 81
48 59 45
34 13 87
78 12 22
20 43 73
42 73 60
0 38 19
66 26 47
14 37 94
30 52 89
79 40 97
36 54 39
78 44 24
48 74 61
43 30 34
35 72 66
9 74 56
26 76 77
63 60 31
34 6 49
39 3 11
18 43 49
34 27 65
24 68 90
15 68 72
31 2 53
49 79 23
12 22 75
56 23 51
42 20 33
72 55 72
33 11 7
54 11 65
30 77 31
60 15 44
45 41 59
71 55 47
43 46 60
24 69 37
23 40 6
39 24 46
60 17 68
10 22 56
29 63 69
9 37 26
20 45 90
16 22 61
19 46 93
27 75 81
33 5 87
59 20 37
58 77 73
68 17 62
38 23 37
63 76 57
76 37 60
60 38 5
72 52 13
74 2 30
63 11 25
56 62 5
34 48 26
66 46 58
31 33 66
9 12 87
77 42 60
19 67 42
55 66 68
30 61 77
42 54 37
61 21 59
6 26 34
78 27 95
16 35 35
8 56 59
42 66 17
75 66 0
64 32 57
55 54 62
76 23 11
25 20 33
14 55 44
11 48 70
11 50 23
59 67 84
8 9 86
35 62 82
65 26 8
33 35 19
17 65 73
44 68 100
15 76 87
15 14 1
16 75 64
39 67 65
38 77 50
3 55 12
0 14 48
54 56 91
23 0 21
9 23 31
45 46 77
58 0 18
1 6 21
74 67 54
28 79 25
75 39 76
41 25 25
22 39 33
28 55 91
4 62 3
69 36 14
59 12 99
68 5 40
60 63 59
8 37 61
63 40 30
32 63 29
38 45 59
6 28 30
56 22 18
79 28 35
19 3 25
40 42 1
17 41 81
15 60 87
63 15 61
56 17 0
59 44 45
7 55 59
39 52 51
73 53 62
74 78 30
57 60 54
57 64 31
57 75 75
57 38 87
57 45 36
57 3 85
57 36 25
57 71 5
57 16 67
0 47 52
3 47 51
4 47 51
13 47 3
34 47 43
36 47 100
42 47 76
45 47 73
52 47 69
65 47 28
