120
4
45 1 99
41 43 94
140 96 80
167 31 23
59 67 96
164 197 72
94 146 92
150 113 35
94 156 78
51 125 79
0 124 93
113 129 50
170 54 2
18 114 91
2 23 25
95 160 69
57 34 58
171 174 1
118 34 10
8 64 80
41 96 80
198 132 34
163 184 98
102 183 81
143 125 73
20 131 74
92 40 5
131 181 10
123 49 6
129 15 50
197 26 77
8 63 31
158 5 25
148 152 44
197 96 44
24 186 62
122 103 55
40 180 77
54 150 43
107 17 16
65 67 88
62 18 4
94 181 13
22 12 15
127 116 30
9 169 74
20 148 34
142 77 71
176 119 14
92 11 67
154 194 41
48 57 24
38 31 24
182 28 53
108 146 32
12 75 68
67 65 53
86 168 34
16 163 20
142 108 83
180 117 6
173 105 66
179 71 52
163 1 32
165 134 14
29 16 74
177 60 44
23 15 53
185 94 29
9 54 7
71 190 1
15 97 31
48 58 93
140 104 74
186 84 98
103 180 96
75 100 74
180 32 64
19 168 84
191 74 39
117 147 43
150 134 10
169 56 67
156 135 67
7 3 16
197 82 65
142 145 60
141 69 29
32 35 53
27 17 46
145 52 30
179 181 46
179 13 21
196 139 22
127 30 71
124 87 99
86 126 12
183 161 15
101 68 89
167 73 18
73 65 55
153 91 19
198 28 17
199 35 37
21 199 59
51 100 55
12 128 13
113 74 89
106 139 15
76 129 37
26 182 72
153 15 67
154 177 100
152 185 21
163 88 29
139 84 57
108 40 95
36 7 29
110 136 39
84 94 38
49 151 43
111 192 35
88 160 59
29 123 84
37 144 39
156 34 23
119 76 84
138 171 79
175 61 55
43 101 61
189 22 1
152 104 67
45 162 18
135 9 1
21 115 25
91 88 95
62 119 22
110 194 95
125 100 68
111 96 76
162 142 95
87 125 44
102 78 84
7 71 92
81 121 4
182 101 3
122 63 8
30 166 77
64 119 25
42 164 82
33 56 90
13 82 0
78 118 71
42 151 53
113 176 53
79 137 69
138 135 85
24 1 49
49 13 69
77 27 25
24 193 72
198 46 22
142 188 41
159 109 24
104 49 84
43 164 87
174 25 15
180 122 94
171 113 64
170 166 60
172 162 96
98 90 73
189 170 78
25 20 93
105 155 9
8 46 86
73 102 58
31 45 60
198 124 70
186 139 9
175 93 65
1 169 95
89 8 5
49 142 7
181 198 9
163 172 83
119 163 5
89 192 81
13 185 21
173 126 100
139 59 7
32 177 25
156 17 77
197 110 59
94 118 21
157 127 15
127 79 45
31 105 7
118 145 92
63 51 92
89 3 17
118 40 16
107 90 82
136 166 29
45 114 80
27 40 22
55 48 43
169 69 91
165 14 51
149 66 39
179 127 93
116 64 68
132 55 38
169 94 33
128 189 13
103 15 41
60 44 48
79 190 14
146 199 88
182 85 34
7 81 27
24 2 16
186 131 50
58 21 40
174 154 33
41 98 11
188 70 58
15 134 41
67 137 69
21 80 91
80 29 100
97 60 96
87 110 54
97 176 63
148 12 49
148 83 87
75 77 13
45 57 4
117 130 10
81 47 95
27 145 97
150 103 37
113 166 94
187 110 38
118 164 18
183 33 5
133 129 17
131 179 40
115 166 28
122 6 33
88 0 76
117 146 14
98 118 60
148 96 27
65 121 23
173 81 49
155 123 70
45 178 51
137 167 33
94 7 97
84 93 4
61 44 65
47 169 74
128 0 41
171 147 85
42 52 66
164 64 43
16 45 28
44 174 40
165 51 58
86 81 7
35 179 22
184 1 71
128 192 79
199 135 56
112 61 37
177 191 29
192 167 36
41 139 21
143 199 24
98 127 56
170 44 36
90 108 60
110 1 16
132 134 81
139 180 88
90 83 40
116 53 2
55 137 95
42 168 86
178 152 26
61 169 25
88 90 17
122 7 56
110 105 40
169 24 57
113 183 61
89 54 69
164 30 27
118 107 90
20 114 27
106 83 96
174 59 44
164 19 22
159 2 36
161 1 14
193 74 71
126 147 72
169 144 35
26 18 37
9 118 50
6 80 4
69 20 96
62 16 60
191 155 65
131 42 2
72 68 56
116 191 88
40 44 21
70 172 67
37 67 71
142 103 84
170 125 20
156 170 80
121 124 78
45 89 0
185 59 45
183 99 57
91 28 94
59 10 33
15 107 81
14 153 56
32 186 13
190 52 28
189 53 24
125 90 97
111 66 31
65 77 2
194 116 44
114 119 6
35 161 56
107 85 60
196 18 7
161 199 63
154 178 49
139 175 11
193 42 24
179 153 68
99 128 40
63 132 78
185 24 41
36 135 16
182 177 99
94 162 10
187 138 90
109 149 4
141 111 55
14 134 4
148 55 91
121 115 70
39 7 57
36 32 64
88 1 60
105 48 97
19 75 13
183 178 48
157 145 54
49 190 65
152 81 86
152 30 88
10 55 91
46 48 15
123 11 27
88 49 8
74 48 30
18 49 23
83 155 53
44 79 8
181 169 93
126 123 52
45 175 85
19 135 40
184 35 52
176 146 20
133 41 87
181 100 2
106 191 94
97 16 82
34 65 91
168 194 93
12 66 34
122 106 87
93 148 63
20 129 16
197 36 97
179 62 8
51 190 21
9 181 38
158 122 74
179 191 28
122 51 22
198 155 16
71 52 92
6 137 51
113 15 68
23 177 5
56 196 61
127 65 10
165 153 19
163 177 7
41 192 10
38 192 22
72 155 65
129 81 49
190 69 31
53 134 43
177 169 43
97 50 69
155 92 86
85 13 42
67 78 36
141 1 88
72 143 10
168 167 30
46 61 4
138 192 71
177 64 11
188 181 68
116 36 19
6 199 83
83 97 94
177 47 54
36 123 9
171 76 36
119 148 53
48 84 59
189 162 24
87 193 18
17 54 97
21 72 32
166 198 56
116 31 36
45 68 72
21 89 67
72 189 8
74 5 11
190 191 64
7 143 59
158 56 42
153 109 7
41 75 55
173 99 59
68 65 56
12 133 32
146 166 91
37 185 25
146 53 74
172 50 4
175 37 70
23 40 34
76 112 18
130 192 70
3 64 83
39 192 85
47 64 1
32 80 18
51 128 29
69 166 12
188 107 45
191 141 76
3 51 46
16 58 21
67 187 82
25 107 4
106 25 72
77 51 47
56 162 89
171 3 93
166 47 8
108 99 80
125 144 21
108 48 81
100 97 8
48 47 14
160 87 59
31 104 74
89 139 35
68 41 73
184 114 14
145 112 89
23 152 95
146 74 89
72 57 47
129 119 24
184 110 12
38 144 35
155 109 53
126 113 24
13 28 29
136 46 55
18 17 15
167 93 92
102 107 70
112 177 91
46 17 52
45 7 99
148 171 26
104 117 5
63 21 2
143 115 68
46 122 73
27 37 81
140 91 93
124 5 34
121 189 67
94 150 19
199 173 37
85 6 6
128 56 0
174 10 18
10 123 67
125 71 5
184 148 51
135 114 1
167 135 44
109 43 59
97 163 43
107 99 76
3 191 29
148 72 99
69 44 94
112 124 32
175 140 25
184 18 89
21 119 45
175 173 58
71 65 71
54 189 29
44 159 71
49 70 2
48 186 7
114 53 70
178 81 78
176 28 87
124 101 88
133 44 67
17 100 31
73 20 98
64 2 90
151 73 90
149 174 29
113 198 99
148 17 57
84 105 96
146 32 38
37 20 50
43 145 34
38 138 69
74 178 49
62 28 88
102 172 95
171 195 12
111 190 95
29 168 24
47 22 46
13 172 94
135 39 43
76 113 97
192 15 39
170 192 69
72 103 79
44 15 78
195 193 90
128 113 91
9 155 66
77 165 73
20 10 58
116 143 13
106 66 92
16 116 81
164 27 83
173 148 63
124 152 22
114 139 45
134 44 54
106 150 51
192 152 68
112 170 54
54 181 72
121 175 7
60 96 51
2 154 54
87 29 56
157 35 21
182 178 7
197 78 65
20 51 26
68 191 30
139 18 35
164 22 89
161 22 16
137 173 98
95 113 64
180 103 25
87 56 37
88 44 64
64 32 93
88 58 34
100 65 87
22 52 78
127 150 46
96 69 8
55 27 18
46 52 88
116 44 66
7 125 89
6 19 85
141 192 1
63 44 70
106 104 76
68 192 67
127 149 94
197 55 78
3 48 13
166 182 91
182 45 43
66 94 27
149 146 54
153 43 38
152 161 49
58 45 72
13 177 42
60 61 70
110 34 4
178 140 44
49 53 8
93 101 70
67 39 89
173 134 63
61 15 61
141 100 43
8 130 61
148 41 82
115 50 60
79 117 18
41 38 42
46 191 19
47 164 98
105 55 52
148 30 41
159 133 60
26 118 64
29 89 51
121 92 34
25 163 13
58 192 51
159 63 20
88 162 16
51 189 65
69 14 3
117 179 74
76 30 87
151 95 41
7 88 25
102 66 40
160 48 17
13 37 11
0 160 14
99 87 72
111 29 70
8 66 34
169 113 35
73 133 1
11 110 29
177 147 25
99 96 55
67 47 8
175 152 35
32 22 84
137 146 7
100 76 19
194 63 37
63 92 35
1 16 41
75 71 96
165 140 72
74 197 79
137 75 69
36 65 76
114 121 79
147 49 22
193 17 22
25 160 19
90 168 0
138 172 15
53 39 40
123 145 68
137 89 68
64 108 14
191 31 92
8 99 47
163 170 65
147 165 99
199 156 51
44 76 39
48 166 93
84 36 73
39 14 79
116 91 84
13 32 75
168 21 9
157 74 65
128 79 10
53 138 53
121 30 9
143 54 62
108 0 72
14 119 50
172 136 53
149 163 29
59 179 27
70 23 39
103 185 54
104 148 40
16 84 74
79 174 47
66 181 56
90 56 43
64 33 51
85 116 31
85 10 65
75 144 60
138 183 98
138 182 52
94 193 88
140 49 57
95 29 28
176 147 19
184 164 93
63 97 75
13 42 46
56 155 66
198 30 31
163 17 56
39 49 67
116 88 80
160 117 47
27 28 35
23 181 25
125 129 46
91 2 21
18 68 72
116 54 3
156 102 66
75 150 66
161 24 46
36 109 69
127 86 22
189 73 19
115 61 33
187 6 67
90 137 90
80 162 6
173 147 58
71 187 93
6 186 99
118 197 99
48 193 25
5 170 89
180 191 34
148 180 11
122 104 54
169 179 35
194 91 35
143 196 15
144 143 90
109 15 32
53 33 48
166 27 42
69 109 46
175 147 33
151 21 36
158 25 85
74 21 53
101 46 31
89 90 39
80 180 32
68 88 96
34 186 70
92 18 54
47 92 21
72 89 11
170 10 33
97 159 29
25 136 33
141 133 54
170 43 46
186 173 39
124 7 30
73 199 1
59 164 13
103 141 87
160 75 9
96 121 37
176 180 41
110 15 62
181 143 91
171 90 1
129 169 58
162 16 88
89 0 20
84 171 33
27 150 20
35 44 62
95 34 71
44 178 13
89 12 56
191 75 21
43 169 61
174 184 58
162 157 36
181 140 67
112 75 0
10 183 80
146 3 16
66 179 0
178 65 67
0 134 92
62 64 29
93 96 42
138 15 91
103 5 78
131 11 61
127 70 70
48 119 38
194 17 91
117 193 20
160 90 25
169 64 18
50 158 38
169 198 86
50 188 54
41 168 36
147 7 90
151 88 95
0 57 3
154 156 68
174 148 65
125 95 30
160 86 0
167 17 80
44 18 34
87 162 59
9 40 57
174 161 96
92 89 21
94 28 45
15 56 65
84 153 46
162 106 50
26 183 44
145 106 46
182 72 13
47 137 78
23 130 75
145 15 54
168 127 41
176 22 80
23 186 47
71 79 100
102 153 64
40 197 86
190 132 53
102 77 93
89 144 13
123 114 32
162 132 48
32 151 20
163 56 75
135 18 18
116 105 94
81 22 23
24 104 86
59 82 7
17 88 1
131 78 34
140 155 81
133 10 45
104 43 42
122 165 50
148 109 13
157 179 79
64 63 97
170 135 4
6 185 54
13 105 20
46 164 92
191 71 77
184 85 30
180 10 23
176 106 26
34 184 98
98 36 42
161 189 55
189 129 5
74 186 21
44 132 78
109 102 94
170 80 66
60 168 80
190 15 88
42 166 52
169 72 45
73 94 29
37 183 91
84 53 35
32 155 55
48 114 37
153 29 81
147 46 71
81 56 60
162 187 29
179 94 44
79 63 1
38 108 13
48 197 75
92 87 14
154 172 45
89 132 31
165 157 14
76 62 61
157 19 67
128 1 33
11 134 99
95 115 59
32 131 34
109 121 34
145 9 52
173 73 5
13 149 73
35 70 91
105 147 86
38 18 15
78 179 65
179 114 12
184 19 83
38 16 76
109 158 26
193 75 74
169 79 43
74 151 58
24 73 51
22 153 39
39 141 31
86 161 10
177 132 28
21 150 30
179 119 31
31 176 17
182 0 41
43 82 63
59 11 51
144 190 56
110 63 66
176 154 9
184 37 100
161 81 56
94 92 69
198 31 7
26 161 37
12 99 35
1 34 3
26 87 95
162 131 69
185 12 92
194 104 69
96 154 40
73 41 84
59 193 60
122 192 60
169 30 71
156 9 47
81 52 19
139 145 14
72 123 14
181 150 86
190 87 30
85 160 37
79 135 48
2 12 82
181 199 62
191 149 65
179 9 13
163 159 90
149 141 65
58 119 4
55 109 37
16 105 70
167 154 39
138 60 83
129 148 79
107 92 25
109 92 35
100 47 46
110 92 35
46 185 13
51 185 18
53 64 49
140 163 42
59 97 53
73 158 69
107 186 10
50 54 27
172 12 84
107 127 55
57 185 52
17 91 98
87 147 17
87 46 37
137 190 74
72 8 87
24 109 53
162 0 41
173 29 87
146 69 10
85 137 44
29 156 17
148 101 24
188 2 30
51 94 85
188 26 90
137 54 47
17 84 13
98 27 91
59 169 3
116 170 71
78 45 29
114 30 36
46 41 46
65 180 2
37 68 54
131 169 26
72 5 2
51 77 29
97 26 53
106 148 59
145 125 79
95 96 21
83 144 32
91 83 58
49 121 3
12 162 27
170 13 15
192 89 69
55 132 37
168 82 41
40 147 61
9 100 93
151 128 21
16 185 42
44 100 33
57 132 50
175 54 58
133 95 61
155 62 78
48 3 83
70 43 43
45 86 75
190 114 89
15 153 0
114 65 65
116 17 91
55 133 52
115 162 100
47 52 33
22 162 45
102 197 23
70 24 43
168 161 72
14 126 84
142 13 14
55 35 55
186 130 54
132 0 20
112 194 31
59 63 65
90 5 3
158 187 76
128 32 61
71 47 11
163 165 6
124 17 69
122 54 87
74 47 73
144 187 20
76 189 34
73 112 73
5 20 70
103 97 29
53 99 90
63 65 87
28 81 13
154 113 44
122 19 8
115 2 77
72 77 75
14 48 33
156 14 50
134 71 12
67 103 2
75 12 37
167 78 96
198 161 64
194 89 3
173 50 15
57 3 5
186 176 14
41 196 80
121 145 23
49 191 45
153 178 28
68 36 92
196 31 30
68 19 70
52 7 81
102 132 51
51 149 65
81 140 44
166 100 55
151 119 67
86 30 98
76 18 40
174 172 22
144 153 46
178 185 36
187 74 62
117 195 12
99 94 42
132 46 45
130 141 35
137 139 68
112 195 89
48 81 36
2 49 20
163 65 100
18 44 4
195 2 55
56 6 53
194 115 17
90 32 90
71 94 35
119 113 26
77 84 86
78 72 94
38 5 76
73 168 89
185 56 63
141 74 62
86 140 48
8 35 17
164 148 5
192 94 33
31 103 14
163 182 5
189 93 30
140 26 15
147 6 74
22 145 72
32 102 28
83 175 58
47 100 14
112 187 74
199 83 53
38 105 65
50 127 6
1 187 79
86 79 70
74 121 93
169 103 73
85 24 19
194 157 7
182 55 23
149 14 95
25 187 61
77 153 32
54 93 52
15 121 8
77 117 71
112 49 39
135 38 64
104 105 10
183 182 66
69 0 63
65 102 35
188 86 82
164 36 73
118 46 41
43 63 55
100 40 47
68 153 19
88 191 27
142 24 30
190 104 85
139 181 80
66 188 84
104 21 23
32 164 75
138 71 53
128 40 22
74 70 65
154 67 27
40 73 56
163 8 57
67 192 55
100 94 6
159 147 10
111 163 93
12 83 92
65 153 43
171 92 48
101 102 65
165 117 95
140 111 36
178 25 79
44 21 51
191 109 93
169 1 82
124 29 67
159 129 53
107 56 13
146 80 30
82 172 29
186 199 97
55 191 6
15 61 91
5 86 87
88 83 27
102 147 63
165 92 18
11 149 72
75 93 29
51 163 19
184 5 78
21 187 93
75 148 91
49 34 42
149 111 36
28 150 49
44 87 68
11 27 85
193 107 36
116 3 55
197 7 16
98 77 9
23 144 17
54 185 61
143 179 79
167 54 28
25 78 3
80 181 84
126 154 98
39 44 2
116 114 36
113 27 57
75 58 7
13 127 90
154 152 36
175 80 40
51 52 80
12 1 23
113 34 87
193 133 51
131 133 62
118 138 15
53 54 53
33 123 58
10 157 93
29 84 24
177 131 77
41 27 81
26 179 53
177 106 19
186 150 28
147 146 50
74 90 16
74 41 80
95 80 20
164 151 42
136 16 25
197 117 6
183 153 26
35 36 46
112 16 83
64 149 76
19 97 37
127 188 36
177 152 30
139 41 39
83 5 44
22 117 44
157 101 92
146 124 87
59 48 12
149 148 89
36 137 42
127 73 67
61 188 65
26 15 94
12 155 31
169 192 5
43 47 48
161 73 48
45 32 41
106 190 91
129 168 57
47 197 39
97 35 12
77 151 87
31 99 43
51 150 32
77 57 65
143 8 75
149 169 8
101 157 1
63 57 77
64 56 63
162 191 17
33 57 1
181 83 95
142 160 46
123 41 36
53 169 100
85 19 99
115 104 27
162 123 86
133 146 8
20 83 36
11 22 81
38 3 82
154 81 28
165 24 93
82 175 45
101 37 58
55 93 45
161 29 27
46 178 99
138 142 80
152 163 52
62 179 62
163 147 11
182 167 4
62 105 93
134 123 82
178 26 9
186 52 78
45 39 74
23 63 40
195 95 100
173 185 43
80 65 28
99 13 84
137 180 79
83 179 72
94 25 53
64 192 86
67 195 32
142 21 46
135 127 38
98 42 4
27 164 87
187 20 99
144 42 16
110 186 20
9 149 90
139 34 9
156 174 95
97 126 41
113 51 87
67 182 7
66 186 40
95 138 97
136 122 74
105 123 72
72 6 85
5 80 73
17 115 87
92 64 100
176 169 54
62 91 3
57 93 79
106 41 20
53 175 1
125 131 87
194 24 76
6 118 21
116 164 55
105 121 28
65 175 46
81 89 67
169 123 19
97 1 100
11 26 7
97 114 37
159 5 65
76 192 83
99 32 18
64 80 31
43 72 36
45 12 55
100 64 83
77 147 47
167 35 40
110 134 50
25 79 85
123 122 93
113 24 19
33 174 91
1 60 58
54 38 45
37 151 59
11 83 95
91 175 7
180 0 25
54 49 5
136 116 67
49 173 5
195 94 3
39 51 58
198 144 48
75 172 73
77 136 14
82 12 92
149 59 57
11 55 74
8 60 71
65 71 94
139 109 77
169 77 56
32 65 95
42 3 96
199 170 58
12 79 11
86 188 29
189 138 37
84 64 84
92 117 7
178 128 61
197 191 89
5 10 53
160 72 58
29 148 91
198 44 100
161 121 14
192 118 56
156 186 95
191 29 87
116 140 61
85 121 64
94 19 22
177 28 8
89 158 6
182 53 75
98 146 83
126 138 90
96 43 25
45 80 6
75 179 83
199 153 80
67 199 39
113 157 43
43 182 15
161 166 23
152 97 69
3 100 85
170 169 81
142 106 48
17 45 48
152 138 47
105 25 50
166 152 4
63 147 23
96 182 5
180 28 32
21 182 53
92 166 26
185 113 78
68 103 33
124 189 42
114 69 65
28 107 1
123 113 13
139 164 97
60 87 73
181 109 45
183 48 67
29 151 65
135 59 60
19 107 39
125 142 23
184 61 23
72 160 11
155 176 11
55 90 19
77 185 59
76 94 76
50 198 72
144 107 49
143 84 0
8 105 59
67 143 33
189 70 17
171 22 64
132 187 22
96 197 43
128 177 42
20 195 15
3 146 90
87 184 41
167 36 35
131 158 38
58 17 46
35 75 12
61 76 39
96 18 21
98 71 14
113 170 6
133 92 74
114 9 13
59 108 64
76 29 37
76 21 33
69 140 31
116 34 51
165 185 63
27 122 45
76 32 40
101 117 38
198 141 68
99 125 84
69 106 56
135 162 14
41 160 61
60 136 67
22 64 2
141 55 92
46 78 98
18 88 25
79 141 45
7 187 88
59 192 58
78 124 49
172 170 43
110 49 45
188 140 56
139 0 50
110 18 15
39 33 83
33 20 30
94 176 6
169 92 65
21 125 28
128 64 31
123 1 41
127 101 1
89 75 85
62 79 91
35 31 100
23 129 50
153 147 68
139 1 58
199 128 25
38 169 85
123 100 0
35 174 6
142 78 97
70 7 27
0 145 52
102 5 30
94 123 78
144 193 7
28 154 2
130 12 59
190 110 76
164 128 46
172 149 10
133 80 28
27 160 15
147 129 72
62 48 94
33 101 17
176 118 53
60 89 0
151 81 99
171 56 75
99 84 66
86 195 67
63 179 94
9 91 70
180 173 41
169 28 37
86 88 71
179 68 3
67 184 43
95 63 24
148 181 93
103 61 45
189 148 75
128 49 79
175 97 90
26 74 44
192 121 40
11 158 73
106 96 83
158 148 55
159 51 21
93 104 85
188 43 49
155 5 69
7 114 85
140 144 47
149 186 63
167 55 25
68 13 9
27 128 14
136 160 96
61 153 71
187 140 87
62 67 18
25 124 11
85 99 0
13 160 79
105 42 43
44 173 90
123 112 27
105 171 29
62 100 13
74 20 23
118 158 26
101 72 48
1 19 36
22 177 6
183 82 61
148 23 10
148 67 69
69 52 63
2 76 72
113 161 3
6 114 44
145 95 80
181 56 63
194 85 84
190 199 93
83 104 98
195 182 88
115 66 14
30 140 1
94 80 76
169 67 67
85 159 42
126 61 30
19 100 81
5 138 96
111 19 49
186 29 40
127 122 74
16 101 37
72 13 50
156 150 50
93 41 85
146 176 11
72 159 19
91 192 81
121 195 79
151 199 70
26 46 63
156 47 72
111 145 79
168 86 61
22 150 48
191 139 84
100 149 5
81 175 21
2 144 53
0 190 68
7 40 0
43 84 80
52 2 73
118 192 80
0 77 94
50 99 36
121 167 71
191 62 86
187 125 99
87 64 99
57 63 11
178 122 24
26 34 44
157 94 54
139 70 11
144 6 53
26 42 0
23 26 15
144 188 92
75 81 36
33 6 92
130 194 8
199 96 23
5 124 16
40 187 56
84 103 96
150 56 50
119 12 20
67 90 26
37 21 37
96 159 36
113 187 60
174 14 0
157 75 1
95 51 61
43 189 51
171 26 99
182 61 48
142 144 2
186 49 40
111 150 48
189 181 84
122 94 27
102 69 35
22 7 75
173 80 76
195 113 64
133 5 100
44 51 1
188 99 78
106 197 56
42 56 31
98 112 92
62 101 86
23 9 18
66 106 52
65 53 14
31 142 84
145 43 82
27 89 48
144 109 34
38 135 19
47 180 74
110 39 2
56 157 97
45 104 37
103 13 60
102 126 20
190 38 54
10 34 69
14 18 58
147 157 19
72 178 29
84 73 89
48 46 97
10 137 49
147 112 6
40 110 33
14 170 67
87 188 22
194 61 42
42 93 55
38 83 20
85 62 13
110 23 90
71 93 93
15 37 43
161 173 49
5 108 93
27 44 17
95 194 67
35 46 57
180 55 61
63 3 33
157 149 73
35 197 94
110 52 9
147 23 89
110 12 83
169 136 36
41 191 78
50 63 60
115 64 71
138 48 45
162 45 14
194 29 70
90 2 60
122 32 1
45 185 75
82 20 43
162 184 48
73 118 19
24 152 2
6 58 50
193 165 48
176 39 37
126 188 74
21 123 16
14 29 35
199 183 74
131 59 63
140 70 21
102 21 94
21 96 48
178 150 69
84 80 86
158 132 59
189 175 63
159 121 31
164 24 8
148 9 6
20 28 46
191 106 59
196 153 50
157 48 1
198 196 50
111 102 99
78 62 59
95 103 88
176 9 56
90 183 73
18 101 41
195 119 82
29 181 1
83 119 10
50 71 61
1 17 16
46 59 54
165 195 51
1 27 83
60 100 53
104 35 57
186 197 12
100 2 37
128 18 2
185 107 16
13 78 37
90 37 21
78 19 40
175 180 83
195 135 2
35 108 38
22 134 84
98 37 15
148 195 62
40 137 8
189 72 24
55 150 54
195 41 17
100 127 55
62 173 32
62 41 10
119 27 56
27 147 63
190 18 79
10 125 73
84 127 99
139 169 45
199 75 5
64 183 76
177 6 69
146 119 71
138 13 97
164 40 93
30 142 91
129 76 53
89 94 15
198 126 50
81 46 37
138 198 50
28 26 79
145 34 83
21 43 77
72 9 83
191 121 98
89 33 99
104 3 61
70 177 7
115 37 27
63 195 22
49 15 37
124 191 23
66 69 32
92 151 93
161 176 79
79 101 76
20 43 60
70 129 78
148 155 88
111 142 99
125 17 65
62 169 12
89 80 77
49 61 68
151 76 3
147 8 41
87 67 83
111 174 77
155 104 39
140 74 76
14 107 50
8 184 71
75 96 51
102 31 43
42 136 74
7 155 5
126 14 58
156 114 62
165 151 73
160 85 16
163 72 55
137 58 34
167 45 0
22 65 19
58 55 93
172 131 15
162 62 59
42 124 79
92 22 47
111 131 70
109 159 44
39 178 92
94 145 81
45 77 81
190 42 61
56 47 77
138 121 8
150 199 34
180 194 42
81 168 95
167 82 14
104 7 77
118 24 56
12 23 26
116 111 83
6 53 22
61 3 85
85 78 74
7 96 6
178 146 34
102 164 66
84 107 30
56 128 45
21 26 81
65 89 89
137 26 90
15 148 21
10 171 91
101 156 84
23 88 15
18 13 32
144 154 70
14 87 88
80 6 5
89 84 25
90 106 58
62 144 23
85 157 70
77 139 97
80 143 8
183 66 63
31 196 30
138 82 10
190 83 56
165 147 12
122 0 56
154 111 68
136 161 7
89 92 38
87 161 94
183 32 62
35 194 67
75 140 74
17 158 66
45 110 85
17 46 64
40 118 95
42 97 24
197 83 46
152 52 8
156 178 30
115 136 65
38 180 27
94 35 81
157 39 42
44 83 16
187 172 60
67 123 87
149 85 63
74 183 33
93 169 73
68 40 32
156 26 74
21 136 89
158 20 24
62 107 29
132 23 95
99 2 52
147 2 11
87 17 96
63 129 79
167 182 48
197 12 76
175 41 24
131 49 13
173 176 63
114 190 82
8 18 66
181 131 50
61 114 0
160 99 63
26 112 5
32 47 94
166 162 45
62 113 54
179 91 13
76 46 36
27 102 88
84 121 21
15 1 8
102 168 51
110 57 85
64 26 53
179 56 51
190 44 60
30 184 64
70 30 97
96 119 30
151 86 40
50 103 34
196 60 65
95 91 92
80 108 50
14 195 78
170 122 26
109 21 49
117 168 34
168 71 33
24 177 80
173 69 69
101 144 33
31 63 52
148 159 16
165 32 8
108 133 40
199 68 62
2 25 52
43 153 20
150 126 14
81 5 45
125 153 96
60 76 11
81 34 48
95 184 13
141 32 26
138 186 97
32 21 46
185 36 65
43 173 75
68 57 77
52 110 70
15 32 15
75 65 52
116 79 19
63 8 10
106 56 69
181 148 9
71 39 82
162 32 28
67 40 46
1 89 85
93 160 46
129 63 42
43 31 90
143 73 67
99 76 35
184 77 14
79 17 28
75 149 81
105 85 36
158 161 0
44 36 73
1 48 94
185 9 67
63 27 98
188 61 98
176 79 99
33 146 6
138 55 63
145 173 49
101 138 8
20 18 80
124 183 22
43 92 18
185 151 63
100 36 36
102 90 88
189 50 21
58 3 40
49 130 13
170 0 70
56 39 92
118 116 7
185 174 35
23 7 9
184 140 71
33 183 55
114 62 60
118 16 80
82 41 8
84 49 33
50 125 75
190 78 95
117 64 72
93 31 62
113 145 39
6 39 22
123 166 91
160 66 14
168 85 21
78 119 56
13 108 39
100 85 60
70 121 13
63 81 22
136 106 55
172 37 38
160 60 4
65 3 82
161 127 86
42 70 50
167 89 47
28 1 66
187 93 54
39 159 52
152 76 0
23 137 28
63 100 97
24 54 90
176 126 22
141 184 14
89 152 23
77 9 68
45 177 82
42 105 38
159 10 50
23 179 61
14 177 66
199 28 15
185 187 35
5 117 73
50 77 18
181 0 53
140 28 16
63 173 74
182 59 30
102 127 75
5 49 6
96 107 15
3 107 85
130 36 13
35 61 41
116 100 63
110 122 94
163 97 85
188 143 6
166 175 91
119 83 71
150 77 83
186 181 37
105 77 64
63 126 17
2 35 18
81 68 59
155 124 70
82 71 20
144 41 41
177 40 82
31 135 91
188 34 39
24 192 81
11 87 67
69 58 28
86 43 52
82 26 68
115 100 83
68 96 61
189 79 23
92 93 79
33 135 88
74 44 47
135 118 0
49 52 69
192 88 62
170 145 62
37 76 34
13 119 87
130 98 2
143 36 89
151 35 21
19 28 43
125 180 69
89 106 14
175 82 99
124 57 62
199 44 39
48 89 45
36 159 69
98 117 69
56 148 84
70 107 19
29 96 45
129 54 23
32 159 92
198 33 58
140 45 55
178 11 90
2 179 27
96 60 69
174 165 73
117 77 11
153 18 14
77 21 95
36 192 79
171 95 18
149 10 65
66 110 35
127 126 16
77 45 10
181 79 33
42 138 53
54 41 17
97 139 9
77 56 82
199 40 63
81 158 76
165 106 61
26 180 88
44 58 16
38 121 20
159 194 38
159 126 59
194 169 29
136 68 17
152 165 71
159 127 32
194 118 27
101 2 32
198 91 8
193 130 97
116 137 79
136 145 22
106 107 60
163 101 60
184 41 81
13 35 100
85 177 62
173 85 93
9 48 87
162 41 58
115 158 17
131 124 45
75 84 55
134 150 92
95 148 70
61 171 31
22 62 8
118 97 18
112 196 48
25 69 44
44 96 81
5 59 78
158 124 33
79 61 80
24 157 22
83 131 30
85 69 11
166 107 30
189 42 48
85 36 56
36 118 73
177 143 7
55 111 42
145 16 69
10 178 68
147 18 6
2 119 44
72 7 54
20 166 16
85 143 9
18 6 45
181 65 29
36 10 45
138 97 93
128 91 20
112 18 87
106 55 80
80 197 28
184 76 40
24 179 94
104 28 90
172 34 54
15 51 20
0 76 30
199 151 97
151 63 65
196 159 34
134 128 7
16 180 52
170 105 100
16 183 12
161 175 40
139 146 78
169 32 35
88 132 96
151 113 7
138 181 10
136 35 56
53 117 72
196 115 15
6 153 50
188 138 18
114 187 87
70 48 29
112 91 72
40 141 75
69 71 83
29 184 84
125 11 47
183 79 2
97 54 81
184 144 62
190 129 47
34 57 44
63 103 6
116 172 1
169 50 78
156 18 51
135 132 57
56 130 49
22 147 50
154 85 62
136 102 22
92 98 2
189 17 74
199 106 46
115 30 70
163 192 54
196 51 25
35 18 55
10 24 42
16 147 86
123 179 37
59 85 51
98 87 77
27 36 65
172 19 42
45 95 19
170 81 46
168 9 46
2 195 91
153 182 29
155 93 0
190 158 100
2 172 16
92 170 36
113 86 24
139 104 60
25 83 46
129 32 23
1 168 94
64 157 44
162 10 2
75 125 97
86 130 3
35 88 83
57 90 57
16 64 65
61 118 71
25 1 88
9 170 1
12 118 75
47 38 33
119 64 100
33 116 71
46 23 64
145 141 72
27 96 59
145 110 0
88 110 44
153 33 37
25 47 69
139 22 66
56 15 76
104 178 85
165 178 13
37 137 29
130 123 6
134 27 97
38 56 81
31 81 65
84 24 53
152 61 3
158 66 61
119 164 4
58 93 3
186 121 86
91 1 44
59 161 11
90 86 49
164 18 31
0 48 14
176 30 53
173 11 85
197 80 53
31 71 13
54 124 99
171 107 52
84 26 96
0 6 94
37 156 27
168 37 12
81 33 17
122 46 82
192 155 10
193 30 85
72 127 9
149 151 26
110 47 61
30 164 56
126 163 93
117 9 22
13 197 54
137 124 69
173 25 69
149 40 84
47 188 52
141 45 7
172 38 75
88 116 78
128 179 43
6 25 69
163 37 5
56 198 7
137 115 35
199 45 83
125 113 23
146 136 24
45 146 28
148 82 74
42 101 99
166 38 2
0 92 11
35 0 63
29 50 90
25 95 49
83 146 65
125 164 60
75 151 49
142 35 30
166 55 16
99 22 85
103 175 93
112 111 56
67 49 64
142 184 74
85 51 2
187 158 33
34 141 75
192 30 0
127 41 34
64 47 100
17 89 61
170 42 63
6 180 12
58 88 29
195 192 2
18 41 10
50 136 64
35 196 85
27 0 57
107 9 43
190 71 1
111 20 86
110 132 19
172 154 75
95 140 68
119 126 43
75 157 92
26 31 23
124 125 39
143 142 31
178 109 79
94 57 100
75 173 40
23 158 65
20 123 76
60 79 66
188 162 60
17 99 26
112 23 81
70 109 64
193 8 79
82 63 80
73 36 56
116 144 42
58 34 50
39 112 19
78 93 34
100 35 29
48 174 21
57 5 63
111 90 95
154 101 70
124 163 7
148 57 2
92 176 14
110 40 64
71 82 23
167 37 23
159 75 86
91 152 97
123 74 46
107 50 58
13 173 75
16 92 92
92 155 66
174 78 81
126 135 78
18 61 75
58 121 30
21 35 25
144 125 25
168 112 58
60 32 48
15 74 50
94 144 92
57 137 25
97 158 60
147 15 44
52 170 76
118 66 31
190 30 9
152 160 14
113 89 70
160 81 56
5 144 61
52 108 65
71 89 4
159 42 77
57 173 16
191 117 71
107 27 88
82 44 4
165 53 17
104 129 93
195 147 1
162 174 71
53 182 24
88 76 10
41 42 67
34 154 72
185 99 4
176 71 72
104 61 4
36 25 66
2 136 62
18 0 70
49 183 18
167 118 30
39 132 58
193 129 87
96 31 89
90 10 24
35 43 39
152 68 58
126 10 69
76 45 50
115 79 35
143 182 11
146 133 65
148 162 17
159 101 97
130 35 7
131 51 9
14 46 97
189 46 98
79 147 28
60 50 84
83 34 56
117 109 72
126 52 37
151 84 66
95 137 20
166 102 46
123 197 50
145 192 87
53 35 86
137 6 35
11 20 71
101 86 79
48 107 30
124 49 52
111 148 45
170 180 70
121 192 45
28 12 71
160 124 89
121 36 59
69 143 21
77 110 4
20 147 90
147 71 63
80 188 20
92 122 7
58 147 60
128 100 31
169 154 91
161 124 41
145 142 15
135 36 99
87 155 74
99 42 68
15 111 29
76 57 71
2 64 62
158 72 11
106 193 34
18 153 95
91 10 62
63 161 13
40 169 46
177 194 90
83 15 44
129 89 83
96 187 13
44 154 98
88 127 26
186 105 48
14 109 79
122 25 90
199 166 34
47 51 33
175 90 25
53 90 29
177 12 87
165 110 98
111 18 5
24 22 59
138 153 45
169 178 8
157 33 8
11 84 36
198 67 47
156 134 73
24 162 20
54 164 25
101 199 63
31 107 90
100 96 95
7 5 68
47 174 77
165 182 64
25 171 60
79 50 68
123 62 17
0 18 76
62 139 27
33 136 88
39 70 62
192 41 34
52 173 47
105 22 0
161 25 55
45 5 77
70 153 92
89 160 11
38 195 82
90 20 8
133 178 33
123 43 26
63 38 82
49 40 72
78 7 39
46 35 35
49 86 22
187 54 55
174 129 78
147 11 87
145 71 66
134 161 46
143 85 58
42 84 99
191 5 17
181 160 49
193 131 38
119 58 100
181 185 0
146 130 96
57 82 20
105 5 40
9 10 37
98 138 49
62 13 22
30 24 42
66 129 46
72 50 76
77 50 41
51 5 88
118 62 52
87 145 62
43 113 46
162 55 50
125 173 57
65 183 95
146 180 42
73 106 53
43 103 7
27 14 0
63 23 66
114 156 90
139 173 68
58 179 32
195 160 62
95 104 78
54 161 3
15 103 7
158 94 4
195 11 67
188 84 64
88 99 95
123 97 88
147 141 9
137 55 55
21 127 50
27 11 91
107 55 24
0 157 51
113 190 11
146 91 59
163 51 63
114 66 40
116 25 38
130 23 29
47 134 42
83 55 55
91 77 91
171 154 49
30 99 3
81 129 50
78 129 79
3 23 43
150 114 70
99 119 68
182 108 2
43 195 41
42 133 86
13 154 15
157 56 9
168 140 31
175 85 72
164 142 18
111 181 10
50 72 52
157 92 100
133 61 96
70 159 94
196 174 11
67 116 37
79 155 28
113 75 50
67 27 63
192 87 64
22 3 49
27 76 33
106 39 19
45 18 72
31 191 45
84 89 68
91 63 31
185 115 55
51 180 91
33 65 20
76 196 39
76 49 34
75 155 69
67 12 24
124 102 39
74 63 47
185 42 45
55 154 30
48 104 95
66 56 61
85 94 62
32 147 95
19 37 0
92 6 11
40 1 20
146 185 28
77 146 37
88 91 86
76 199 21
165 79 12
77 141 100
184 6 69
42 169 4
143 6 41
43 191 4
102 141 54
78 165 96
157 55 86
93 143 63
52 107 67
166 161 14
39 36 84
58 37 33
64 124 27
97 156 35
195 9 49
18 96 8
20 116 30
58 131 52
77 6 9
57 27 65
86 119 66
77 113 30
193 194 79
183 145 69
144 77 4
147 109 65
147 93 36
108 105 43
80 100 16
55 19 84
168 159 32
125 31 56
17 61 38
77 189 72
80 124 96
144 12 8
192 136 36
82 115 98
180 95 92
37 80 72
89 146 76
80 174 41
67 154 79
92 57 74
54 100 58
10 115 41
166 54 88
198 88 13
63 25 60
123 142 77
167 198 28
104 51 49
25 152 64
36 155 5
193 92 64
115 119 99
137 60 58
9 51 45
92 138 35
109 16 11
115 9 91
179 14 92
128 168 41
122 17 13
113 149 9
178 168 66
126 67 1
110 85 61
131 105 67
45 60 100
79 129 91
54 37 24
191 172 71
44 113 42
54 33 36
142 88 57
189 117 18
142 105 51
198 134 29
109 62 34
24 41 57
146 114 44
46 85 63
80 156 39
99 199 4
198 54 94
14 67 24
3 139 67
159 160 94
95 162 92
136 39 35
139 112 2
154 80 2
41 40 88
131 27 74
102 159 4
180 145 55
124 1 93
141 135 56
169 49 26
52 157 71
154 95 47
63 64 6
77 49 6
145 42 7
39 118 89
181 67 45
184 198 33
194 14 4
99 160 72
113 56 4
91 82 50
151 134 47
87 13 6
84 51 97
122 59 79
64 71 30
106 23 7
12 119 35
60 156 19
130 100 78
93 102 74
154 68 92
1 20 92
57 69 83
79 92 50
193 21 48
178 181 12
41 9 62
184 105 13
34 8 48
44 88 34
35 55 24
140 175 94
1 149 78
100 68 19
151 106 67
124 55 73
51 56 75
41 61 37
103 140 33
43 157 46
12 134 34
176 1 10
44 157 27
87 25 2
153 166 5
187 122 26
126 25 56
97 29 88
14 102 92
49 104 87
86 80 70
51 131 34
155 95 13
83 109 88
143 97 92
3 145 1
16 166 21
101 165 18
7 113 93
20 156 62
192 164 51
36 74 79
150 149 15
33 153 81
97 12 49
138 199 15
40 171 51
176 174 69
152 129 27
162 89 86
74 18 5
47 127 44
19 5 64
67 20 89
115 89 4
27 101 1
116 29 55
14 86 28
146 82 67
190 11 58
137 194 43
186 151 71
28 102 91
42 186 37
198 180 72
102 101 78
21 51 76
54 152 25
107 48 24
74 185 68
46 25 87
97 175 33
189 146 89
99 113 53
11 72 44
22 173 32
32 107 58
105 51 72
146 30 88
127 82 48
160 141 56
11 63 16
188 164 99
197 41 5
93 17 53
30 72 2
21 71 96
37 75 79
177 56 85
71 152 62
30 23 45
138 86 93
180 175 46
173 35 59
184 56 6
136 175 56
135 73 39
81 165 98
7 1 98
123 94 2
65 154 88
128 148 51
80 85 50
83 161 81
139 50 23
168 103 41
96 80 99
132 165 11
122 84 66
37 39 17
52 36 42
27 18 70
88 196 76
138 167 5
27 78 28
117 170 55
194 94 97
167 20 43
33 115 67
65 44 69
150 45 7
84 78 17
155 134 32
78 149 39
161 86 83
50 109 52
136 168 98
122 86 44
177 39 20
152 115 85
110 37 73
142 42 11
52 33 6
74 99 59
41 109 50
188 72 99
193 138 85
52 118 10
12 168 8
177 103 94
169 139 27
140 34 45
60 104 94
50 57 51
20 42 43
188 100 78
113 79 52
55 76 39
188 51 58
44 11 4
83 47 20
90 197 79
110 102 73
17 140 25
139 36 78
172 197 72
196 173 72
182 48 4
178 46 67
79 112 67
130 57 62
12 84 17
144 7 91
36 35 53
34 199 71
2 192 32
172 83 0
172 99 20
37 128 81
68 99 18
143 186 82
180 76 30
12 161 27
14 115 75
19 20 77
109 107 22
5 180 47
63 73 46
114 6 39
16 157 70
41 166 99
104 65 28
142 150 34
134 70 12
17 138 87
195 19 20
29 72 83
135 77 40
115 15 53
23 105 89
40 185 12
94 51 37
22 78 68
182 63 20
74 56 17
113 29 75
102 3 41
84 155 5
60 193 62
94 99 68
145 5 32
187 111 84
139 133 10
96 9 30
160 23 27
156 81 45
98 70 20
54 43 2
12 178 69
53 32 7
73 100 34
92 10 85
152 128 33
134 140 49
64 27 26
162 139 79
18 12 45
14 8 30
91 119 80
190 37 38
25 153 68
10 105 48
124 71 39
131 108 54
162 154 51
99 55 32
138 106 2
10 71 40
188 63 94
83 118 55
140 132 100
134 38 81
26 25 50
57 144 13
74 38 90
24 56 83
78 26 89
94 81 62
62 51 79
43 109 21
28 2 70
114 49 20
35 119 31
181 1 84
157 53 19
5 22 41
124 11 33
189 30 24
84 191 95
83 100 40
93 28 14
67 178 100
32 62 98
187 193 6
56 168 52
130 180 55
5 149 39
8 193 33
145 184 94
139 33 2
55 151 65
89 9 43
93 130 95
33 161 69
63 187 12
105 163 30
49 197 98
104 89 95
112 3 49
152 142 23
81 147 8
157 98 38
166 184 8
10 65 33
84 20 26
82 21 8
190 146 49
108 106 82
58 56 18
75 39 74
79 83 9
106 102 91
78 1 9
161 44 86
37 138 53
18 22 90
180 188 2
64 24 95
38 129 94
70 49 49
129 173 23
117 192 87
51 54 34
18 132 85
38 143 34
101 53 38
132 92 74
118 152 39
155 129 88
155 101 74
123 136 93
165 109 93
168 199 88
23 194 47
82 194 94
46 38 40
32 41 14
30 175 83
154 59 57
176 137 75
164 56 30
177 99 47
164 132 49
50 135 69
41 37 9
179 113 61
17 169 15
139 43 56
157 96 19
114 105 81
94 168 70
101 22 51
134 78 49
23 68 57
166 12 44
52 112 84
43 147 92
173 92 14
128 21 30
131 183 20
8 198 35
35 177 61
90 30 17
199 160 66
104 33 37
53 12 66
110 6 49
170 11 45
123 124 26
194 113 66
11 53 77
198 39 40
49 181 59
21 152 43
155 53 17
114 124 48
147 101 28
0 171 82
109 110 50
1 134 65
22 126 17
83 116 85
82 162 6
141 48 51
183 73 100
155 112 9
6 55 84
154 32 21
46 39 58
199 142 58
59 183 22
186 35 3
70 103 11
2 164 41
24 124 0
16 132 68
63 194 74
54 13 73
87 27 45
168 171 33
160 19 56
46 155 60
178 75 45
19 95 46
52 74 22
131 129 58
125 184 97
62 161 0
50 25 18
14 189 46
146 50 13
187 104 89
143 31 38
13 180 4
144 40 63
74 62 88
152 59 1
151 20 0
197 137 75
164 174 84
190 151 11
6 97 94
79 88 85
82 184 32
40 93 22
196 67 77
114 77 62
151 180 2
14 12 15
34 31 17
39 96 92
42 54 55
18 124 40
195 97 23
21 94 91
140 170 89
140 47 42
130 68 17
145 108 84
51 41 59
177 116 78
198 142 87
129 27 82
195 159 75
88 128 48
116 130 67
78 145 59
1 68 54
9 105 95
195 166 21
194 154 63
159 137 51
174 193 91
159 189 77
53 25 98
188 69 40
0 135 86
73 187 4
24 92 79
147 39 36
134 52 83
96 15 5
131 121 63
106 44 60
0 41 61
29 116 33
60 99 23
174 169 23
199 57 55
154 93 67
154 141 65
147 90 43
45 199 53
195 75 82
112 174 51
187 198 94
31 32 50
2 40 82
148 51 42
64 57 43
113 72 82
30 93 38
19 148 59
148 44 2
52 0 47
179 66 41
17 160 18
164 80 44
186 163 27
145 189 60
189 126 51
18 79 20
97 116 65
41 101 15
34 144 61
62 92 7
60 194 35
95 136 60
86 137 81
146 147 41
137 156 23
152 182 72
49 176 74
78 56 84
17 103 5
78 69 83
21 151 0
181 45 3
25 67 78
163 14 76
11 168 7
66 125 14
85 79 55
67 104 40
136 47 36
114 58 24
131 144 69
100 142 84
155 19 76
153 187 26
108 61 1
192 7 41
155 65 4
20 33 96
126 133 77
12 163 24
34 111 13
198 178 0
152 171 52
140 198 57
171 34 10
174 8 67
114 102 14
18 65 66
30 57 36
181 29 11
100 11 46
11 153 66
5 175 65
63 1 10
185 117 69
176 67 81
43 46 57
70 126 75
81 13 95
84 27 60
99 133 7
149 42 30
72 140 11
62 1 0
159 33 48
143 60 53
116 37 40
142 165 37
38 194 17
178 20 41
151 16 54
124 6 40
73 5 46
115 77 74
171 31 83
138 53 87
66 185 3
177 34 40
154 145 23
55 100 62
190 41 23
138 88 22
166 85 50
82 167 100
127 111 70
22 155 86
171 5 24
130 13 47
126 108 29
47 6 88
105 64 59
188 68 45
37 58 94
189 35 3
164 37 7
183 76 32
104 10 96
142 61 0
114 128 78
35 87 91
198 105 21
144 157 53
29 194 46
62 9 0
51 127 48
100 95 98
65 76 14
88 101 83
178 106 63
169 156 9
22 19 82
74 194 24
78 170 58
14 96 38
74 189 52
36 188 24
89 129 10
49 51 35
142 129 66
30 2 76
75 68 39
142 183 100
176 189 25
35 181 5
25 66 95
119 131 83
62 17 89
76 110 6
186 128 79
198 188 34
22 136 20
74 153 57
74 65 39
128 22 91
155 16 97
80 58 62
112 118 46
125 133 29
173 130 40
192 8 0
45 156 95
12 70 60
191 194 43
26 165 50
21 158 74
105 179 44
71 12 49
66 160 86
137 154 96
48 59 57
104 24 24
149 193 39
137 184 34
97 191 81
88 26 70
118 161 71
136 101 80
197 161 62
78 196 78
62 57 35
169 195 62
154 73 70
161 122 80
78 91 19
2 134 75
147 61 96
8 27 91
97 25 36
113 173 81
69 70 44
144 72 15
179 163 97
36 140 60
158 53 53
52 97 85
151 115 82
24 135 22
175 36 14
174 102 61
51 22 39
116 71 44
109 39 92
34 168 10
115 78 54
177 55 58
176 56 5
59 21 10
32 179 75
8 162 50
36 183 29
143 69 26
121 172 66
101 1 78
160 97 27
93 158 22
177 79 20
108 77 48
13 57 37
165 26 20
126 46 87
29 42 11
102 106 73
165 21 60
16 149 32
85 165 99
115 105 30
9 175 64
101 62 43
146 164 1
18 198 16
180 87 24
5 50 81
159 86 4
57 50 100
151 58 77
2 163 79
43 133 81
96 112 3
118 27 4
90 48 36
173 166 95
166 98 69
19 0 88
86 113 56
16 38 10
190 10 68
11 74 81
28 47 46
147 113 53
81 125 8
82 85 10
8 7 18
34 97 35
22 0 90
173 182 51
89 161 15
68 66 67
139 179 42
152 34 27
152 195 20
28 134 2
146 55 71
107 100 12
5 189 56
8 56 9
186 116 79
155 105 38
161 148 80
54 28 62
89 31 65
138 160 29
149 195 29
114 25 57
185 90 24
153 45 94
162 91 48
189 14 61
47 55 2
107 123 47
165 61 89
35 175 45
115 159 41
18 90 54
53 46 87
112 198 14
13 157 76
70 188 63
29 51 16
12 9 44
117 53 86
58 5 23
102 143 37
93 75 68
82 10 40
20 176 56
91 182 70
3 82 19
35 39 38
152 100 39
162 175 80
10 82 96
155 73 93
122 190 50
154 27 72
66 141 13
95 127 65
72 119 71
36 9 87
88 106 9
25 114 88
173 153 17
153 156 84
111 128 17
16 144 83
151 67 39
60 98 55
143 168 95
189 124 2
61 122 80
47 80 43
184 26 42
124 171 93
20 133 63
151 147 33
34 175 1
173 40 71
129 179 80
189 5 61
165 54 60
45 91 23
140 183 18
99 131 7
116 195 13
188 88 6
54 133 29
53 86 8
180 30 82
69 85 57
168 36 15
72 2 5
52 30 15
174 144 62
181 8 80
41 133 27
55 36 79
115 107 4
114 130 7
106 9 76
81 190 26
38 133 66
55 128 79
88 53 54
119 42 64
84 122 62
8 21 70
127 102 19
149 23 7
142 196 57
111 123 80
111 28 62
107 11 8
106 75 18
130 109 16
123 25 91
173 155 43
151 83 24
170 159 36
176 131 54
29 112 69
159 148 39
47 122 73
64 111 68
39 117 87
187 163 26
181 72 4
16 129 51
170 92 92
18 149 16
163 118 35
153 137 26
16 65 61
80 196 47
24 17 51
1 2 43
12 191 91
87 52 60
46 56 67
65 109 20
128 54 8
164 57 40
98 186 31
162 178 26
58 152 68
143 169 47
187 67 52
164 41 69
1 132 54
148 88 0
26 37 86
197 108 21
152 28 13
79 176 97
141 92 81
78 186 66
14 94 5
146 75 64
121 133 94
20 135 26
139 78 61
182 125 5
103 44 49
53 60 75
57 20 21
50 152 24
145 62 75
146 165 68
68 82 32
142 85 72
2 75 13
60 53 49
79 45 29
56 179 58
170 149 82
100 51 29
157 108 66
27 126 93
53 94 79
59 116 56
158 125 82
127 43 19
46 198 51
61 147 58
84 71 5
138 169 3
195 186 91
38 45 2
174 119 96
91 144 69
159 74 18
169 68 88
52 142 7
175 67 86
61 192 95
53 122 73
162 124 26
175 150 85
157 116 87
140 17 60
198 117 83
155 68 79
183 164 46
32 2 75
123 27 36
154 66 38
137 5 28
183 171 73
19 104 1
88 197 38
127 89 95
68 167 7
127 24 58
60 127 99
63 52 47
170 134 74
175 128 97
41 8 91
110 140 17
171 10 89
162 88 0
31 52 87
145 31 50
44 129 58
91 19 92
131 70 11
57 33 78
133 34 49
53 74 98
50 76 53
131 118 20
3 160 87
90 112 80
85 114 58
164 16 19
56 78 84
117 14 39
196 88 82
70 173 79
163 46 80
94 9 28
103 65 66
18 70 90
73 64 43
2 196 71
123 176 45
173 86 60
25 117 86
91 135 31
71 83 54
158 60 6
196 95 20
88 94 89
31 139 73
116 6 19
46 174 43
109 65 65
185 100 48
175 129 36
103 135 14
165 189 44
113 110 16
117 197 74
167 134 53
13 51 47
53 22 86
125 119 41
50 51 19
75 37 53
71 51 36
34 119 0
164 38 93
41 15 14
138 26 64
30 102 61
195 53 23
115 62 24
97 143 68
114 26 72
159 132 75
15 116 18
142 159 5
38 57 22
162 93 21
191 122 93
159 165 0
81 45 82
53 65 55
114 141 48
128 153 15
2 160 28
52 150 61
67 122 41
188 114 67
6 83 27
133 159 73
152 108 52
47 131 15
25 195 13
71 84 4
176 122 75
155 59 97
32 20 42
23 31 1
69 17 50
78 163 37
6 123 94
96 170 20
1 103 13
148 70 18
157 37 22
35 162 71
75 113 82
96 8 9
56 108 9
32 50 52
145 163 25
45 16 92
164 198 52
135 100 79
89 66 54
2 48 26
100 121 53
45 183 10
29 44 68
160 171 54
42 123 53
21 40 45
184 157 28
46 135 59
52 6 62
81 23 1
128 13 36
38 177 44
95 121 93
69 81 4
27 64 41
97 15 44
142 99 48
23 32 75
184 100 15
119 80 25
121 31 80
6 88 21
132 108 87
173 159 47
74 122 6
137 196 12
34 60 14
64 9 2
34 42 42
154 84 28
79 52 94
93 186 85
142 171 44
130 178 38
174 178 20
89 37 79
84 184 87
62 37 11
138 155 72
78 11 6
179 54 52
9 29 19
192 172 14
58 94 16
81 42 55
197 178 87
189 89 27
94 41 53
67 14 98
187 90 16
167 168 22
133 165 6
13 10 64
31 79 67
51 31 86
69 66 45
19 105 31
160 156 59
184 89 59
117 151 4
194 193 9
34 33 66
184 97 10
94 42 10
53 137 1
29 14 24
63 78 19
91 123 66
126 93 84
148 31 24
189 121 19
28 32 90
29 20 34
99 9 49
60 46 39
37 27 57
146 196 54
74 13 97
74 176 29
66 108 73
36 68 58
54 89 35
104 176 15
108 163 45
34 105 46
94 17 14
141 103 86
11 184 89
28 63 85
20 27 7
170 59 36
114 145 83
144 63 67
53 140 84
40 182 35
97 161 16
166 13 73
8 59 42
140 168 57
32 83 32
12 148 8
191 8 61
36 164 58
130 52 34
63 5 30
40 29 9
192 117 68
93 29 9
61 52 19
67 102 23
49 109 19
33 112 71
196 30 20
37 36 36
78 132 35
151 117 25
17 153 85
27 81 30
123 106 100
159 199 88
20 66 20
43 149 4
166 122 87
182 44 82
75 79 14
176 15 68
92 52 86
196 75 21
5 34 21
165 197 34
72 66 61
30 96 23
98 151 93
160 193 59
175 47 24
176 162 82
177 18 38
194 165 19
127 7 33
142 60 12
148 80 94
181 113 15
66 0 2
79 43 19
94 155 40
183 21 46
100 144 47
24 81 44
14 159 19
30 147 24
6 151 73
13 130 77
118 69 62
160 34 14
50 133 68
96 91 31
9 184 4
60 129 56
15 24 31
3 17 11
101 198 86
1 80 14
112 100 77
12 11 86
175 107 2
117 28 82
169 117 1
199 111 61
140 194 20
22 6 25
137 51 11
144 164 45
110 38 65
76 93 65
197 193 85
164 169 26
199 10 71
95 32 1
156 23 40
127 22 60
69 195 32
187 175 50
181 23 10
149 39 70
99 27 62
170 118 8
71 97 12
178 177 48
160 11 22
66 14 27
23 133 16
45 109 69
197 181 50
114 22 86
65 31 27
191 56 83
124 94 48
142 151 32
57 156 100
80 167 10
46 28 21
10 72 65
166 115 86
82 96 85
72 134 87
45 143 99
82 193 70
66 87 15
95 102 30
9 114 24
25 49 27
168 147 3
6 116 0
69 47 57
174 15 62
16 20 67
62 127 99
167 110 78
38 34 17
67 48 21
90 77 34
42 167 28
7 198 0
135 176 44
33 154 58
30 71 64
93 109 7
187 26 65
24 117 83
32 44 55
155 122 63
64 94 23
172 109 14
42 38 91
162 158 21
23 121 88
47 156 93
6 89 71
87 114 25
159 122 73
94 136 23
24 143 96
175 104 16
177 102 75
11 124 56
66 20 13
122 112 56
83 129 35
55 72 36
90 71 65
185 73 91
145 117 100
78 15 44
144 53 78
160 109 94
100 173 62
122 115 51
55 127 27
166 24 73
154 37 3
54 81 65
29 61 30
83 63 46
97 65 57
11 82 18
70 80 15
173 161 76
57 83 91
143 134 51
149 166 2
168 32 42
15 180 78
58 8 81
54 98 77
19 156 36
9 109 94
97 125 1
117 57 27
29 128 4
183 127 19
70 133 31
158 79 17
142 189 100
124 149 56
147 12 36
171 53 56
195 51 49
157 40 14
83 36 9
169 142 8
116 94 36
114 151 83
1 163 31
135 159 6
175 146 26
89 191 74
1 72 9
168 142 68
77 36 57
84 12 62
14 64 99
59 60 54
116 178 19
172 173 50
146 63 56
174 2 61
109 119 65
17 117 92
160 157 25
185 21 7
2 190 18
138 23 80
189 190 42
75 187 82
94 186 31
163 198 83
17 124 39
130 155 50
20 50 73
75 31 53
131 171 47
19 70 43
125 12 18
123 51 84
108 104 35
110 73 12
113 70 36
130 11 20
140 185 27
83 28 49
184 104 91
95 13 87
94 173 43
91 33 19
145 13 100
49 164 97
170 126 14
38 9 99
3 137 67
170 160 35
111 144 8
73 58 50
13 162 91
82 174 18
29 180 20
146 51 20
5 199 17
163 196 53
131 151 10
81 105 56
149 95 66
110 97 87
23 78 82
88 115 56
125 103 93
64 135 83
38 140 14
98 149 61
106 12 7
88 8 28
127 137 58
89 74 93
33 111 41
37 109 80
123 118 4
23 167 73
146 121 85
130 97 10
133 67 46
101 151 85
49 99 30
110 59 14
80 74 65
75 1 95
22 70 39
74 95 76
168 99 8
157 109 76
65 159 55
131 176 54
115 148 33
3 99 36
88 107 85
40 102 86
8 1 50
160 101 84
195 91 46
105 74 65
11 38 61
104 1 99
165 41 76
192 2 9
144 133 91
133 97 89
186 192 31
127 140 30
12 150 98
114 169 71
111 74 43
190 80 50
80 187 49
88 70 51
108 73 93
137 126 41
114 59 28
192 90 59
49 160 55
63 140 0
14 77 1
35 103 79
118 108 95
193 37 44
150 174 75
169 51 35
6 198 41
108 53 27
35 30 1
91 5 68
173 94 43
187 81 44
10 68 73
10 150 58
188 147 42
190 24 63
20 125 85
74 167 74
149 57 71
124 126 85
6 2 28
154 138 86
161 40 55
174 126 72
13 140 73
57 99 0
85 141 78
130 190 12
174 199 4
87 180 23
147 94 92
38 185 100
176 40 57
23 66 43
121 148 90
168 164 1
64 107 20
163 98 58
80 40 68
93 107 98
171 42 76
52 32 48
149 165 94
141 152 83
128 23 18
13 79 4
22 39 83
80 38 63
92 83 15
49 95 42
48 16 68
161 34 95
98 100 11
187 31 26
123 141 36
142 174 7
2 116 47
109 24 3
96 118 61
184 189 6
161 19 85
21 2 20
133 30 86
173 175 11
11 94 18
165 18 18
45 69 28
188 28 90
137 118 2
43 28 53
98 0 86
68 151 31
160 106 28
155 128 33
132 33 80
121 174 63
36 85 26
58 27 40
154 23 12
55 68 76
129 162 71
144 35 95
36 67 60
139 191 70
157 122 94
174 136 46
194 58 81
105 3 65
149 86 55
188 64 27
183 71 25
167 9 96
123 128 4
24 125 64
1 98 44
60 115 96
175 89 83
33 10 17
156 57 63
111 171 98
26 189 96
125 5 38
64 189 27
137 28 35
161 16 19
92 91 99
85 40 73
101 66 58
181 132 82
36 191 91
82 171 67
47 75 54
183 98 37
107 46 51
167 160 73
111 194 0
5 196 43
193 44 99
193 168 60
94 0 78
63 17 61
86 163 86
48 70 61
69 25 73
85 122 80
90 3 15
22 166 30
95 43 24
184 27 40
108 126 44
183 149 59
183 189 23
153 164 32
171 54 68
59 27 80
20 15 3
11 137 92
91 145 68
156 69 9
42 100 65
159 143 96
2 33 11
85 196 50
54 102 35
159 178 86
26 147 46
150 24 49
105 58 53
190 179 48
135 29 92
147 80 4
60 73 94
55 166 46
48 64 10
158 149 9
146 7 17
141 79 68
140 9 36
177 20 74
158 135 19
47 14 31
150 116 10
37 77 20
123 79 12
54 163 0
99 122 72
123 199 11
138 150 16
111 104 42
171 29 84
24 122 34
188 25 41
3 53 54
130 197 55
132 83 38
98 157 51
118 132 58
66 99 91
73 193 81
129 38 65
172 188 86
135 136 53
173 108 63
63 164 26
136 182 14
169 155 79
165 171 98
170 153 64
23 3 89
35 105 61
181 15 53
2 129 33
104 93 80
144 104 100
90 82 89
191 39 67
7 99 70
166 140 64
83 68 83
41 151 63
22 51 11
195 29 25
173 15 79
45 145 72
108 50 30
149 1 97
136 191 41
159 157 0
146 198 28
76 86 74
179 155 94
7 124 58
197 48 6
2 169 67
197 34 13
125 198 27
12 139 23
65 167 18
18 143 38
88 114 53
27 125 67
0 180 59
182 124 20
49 107 98
197 141 57
178 143 23
15 163 26
71 73 63
42 137 24
6 98 48
168 52 64
176 184 82
86 123 86
73 59 13
18 107 18
33 122 48
74 184 23
8 94 74
130 150 91
95 185 66
85 48 4
64 92 97
170 57 58
191 165 14
89 52 30
125 93 91
117 38 10
68 100 79
103 170 3
175 174 53
95 70 99
65 140 97
108 178 24
39 64 49
64 74 77
85 182 23
113 84 64
182 190 48
175 169 39
139 148 38
166 171 97
116 167 84
14 180 21
140 157 25
82 124 52
143 126 87
82 164 94
45 47 74
87 5 55
32 97 32
118 76 75
141 172 34
103 150 0
14 196 75
39 190 20
101 21 32
23 116 54
104 91 15
138 110 12
174 13 6
178 187 2
82 170 82
172 177 98
98 193 47
127 15 100
96 33 80
6 86 28
93 165 35
156 10 83
34 30 42
167 152 69
17 7 48
52 88 100
12 14 60
88 145 74
59 195 100
118 140 89
32 182 88
38 67 63
97 118 35
27 31 42
76 103 25
9 86 66
192 191 8
91 27 2
98 35 22
2 106 73
178 147 19
23 20 78
92 141 30
31 167 26
48 156 63
156 42 58
65 129 31
95 78 91
91 165 30
143 53 33
83 89 35
184 13 73
75 189 29
53 193 78
89 115 40
197 40 0
16 56 95
36 112 63
149 181 60
9 101 85
70 26 60
109 139 43
58 175 43
167 180 18
23 193 100
151 155 32
164 178 22
125 141 49
39 169 74
59 14 97
79 3 89
94 178 85
152 166 24
57 107 34
46 63 81
122 50 93
131 38 80
105 164 55
100 12 9
118 174 88
99 189 64
35 63 0
109 148 57
74 142 18
3 24 41
139 52 60
9 139 20
147 188 21
54 3 21
31 152 70
131 79 61
65 86 50
183 139 13
61 113 54
62 150 81
44 90 29
67 44 100
102 186 35
137 56 15
77 96 99
94 130 47
158 191 60
132 8 30
195 133 57
26 13 70
172 59 76
121 84 33
37 125 14
5 135 38
186 104 54
92 195 48
98 155 79
75 156 3
152 167 84
106 182 38
158 63 70
7 84 19
185 88 76
80 15 90
90 47 40
49 110 16
108 132 43
90 147 12
77 22 77
109 134 53
14 125 28
176 11 67
136 109 10
145 72 57
139 185 69
179 82 59
146 79 35
6 66 82
32 100 42
7 115 26
3 12 28
185 16 76
160 91 47
109 133 31
151 12 47
195 61 9
113 31 88
12 135 47
52 119 47
52 147 15
59 196 67
67 138 85
132 155 0
76 104 23
139 137 31
196 48 77
41 197 27
171 109 21
46 140 90
139 14 86
157 0 96
150 64 99
52 87 71
6 164 52
136 52 62
155 143 25
42 154 45
43 85 10
77 154 21
25 51 56
84 181 65
62 89 28
114 39 41
158 70 52
139 114 93
143 79 65
78 172 87
57 74 96
15 54 74
178 51 17
166 156 52
21 102 98
68 128 41
86 149 35
180 34 62
174 156 37
0 122 22
62 52 23
182 68 44
149 153 92
97 9 46
158 107 46
184 143 88
49 74 90
24 77 33
48 78 92
32 54 18
185 171 12
57 58 16
181 102 82
123 143 38
70 175 36
175 121 71
70 5 17
30 124 54
137 96 71
155 180 92
67 164 56
128 16 6
37 157 17
163 23 98
55 42 75
130 66 90
79 114 83
59 12 78
44 110 42
15 199 91
191 150 29
197 84 95
0 69 1
184 185 17
167 138 27
148 26 2
110 197 51
26 173 25
169 15 91
56 21 0
30 65 4
70 15 19
129 22 84
143 24 51
148 16 79
168 47 5
195 188 84
113 185 83
10 25 67
30 38 39
150 170 78
137 186 17
22 140 50
117 94 47
149 20 29
58 68 61
168 128 100
163 119 29
154 107 81
117 150 35
133 124 12
164 45 44
147 172 46
25 185 3
37 33 96
73 159 46
3 65 0
128 190 53
153 173 52
103 93 30
129 25 98
27 129 88
157 47 24
71 86 92
94 44 76
58 26 94
100 27 77
25 28 44
96 65 76
88 54 91
166 62 65
172 111 14
139 89 89
183 45 51
88 92 56
186 6 91
63 171 66
107 184 44
161 171 84
58 99 18
173 14 33
72 113 26
115 124 38
125 194 17
134 17 86
175 158 76
121 38 45
125 45 95
72 193 4
13 46 36
185 160 7
83 127 21
5 160 81
13 122 79
167 3 27
128 199 23
50 123 8
172 102 3
88 142 0
103 40 35
187 85 33
198 59 78
11 194 82
62 159 0
194 53 11
0 50 78
123 184 14
96 72 81
150 143 81
76 144 18
86 154 33
183 84 4
46 88 1
34 62 47
150 86 5
189 179 10
58 87 50
47 133 17
38 176 45
52 23 77
17 149 11
142 34 6
93 175 7
69 132 83
175 76 97
197 121 17
106 65 55
128 31 90
106 123 90
107 182 53
99 5 11
55 153 83
22 195 0
135 167 79
37 155 73
108 160 20
96 150 27
139 11 57
25 164 43
119 199 20
62 147 20
178 190 21
39 95 99
173 38 26
104 15 47
3 14 56
37 129 78
132 91 88
158 6 10
14 93 6
5 48 26
28 138 38
182 13 11
105 15 5
54 15 55
91 199 93
149 176 2
48 0 55
33 35 59
52 50 60
50 28 49
80 115 83
117 7 10
30 47 22
82 197 49
167 142 35
32 165 100
195 68 38
118 35 86
73 184 71
136 139 34
134 158 25
121 5 90
78 90 73
15 33 60
20 105 67
137 31 80
53 50 10
76 119 59
121 64 2
40 8 81
167 156 76
190 181 10
121 42 57
21 177 3
95 114 39
153 171 29
43 65 59
9 137 18
194 151 36
54 74 29
31 136 49
144 128 67
145 7 24
70 31 75
157 58 5
174 46 63
69 151 99
118 154 35
165 136 66
102 145 1
36 194 57
146 49 91
151 142 77
188 170 100
13 12 44
66 137 11
117 78 97
139 32 33
71 175 43
92 150 97
108 7 38
72 76 75
2 135 59
173 75 2
168 10 45
44 109 56
70 117 42
164 78 29
115 33 87
56 23 11
185 189 65
80 45 15
191 12 59
187 38 9
60 70 84
14 83 18
155 76 83
74 66 57
112 58 36
89 159 65
1 161 37
1 173 52
90 76 69
160 2 18
194 70 100
118 146 81
193 115 11
91 179 2
192 189 2
154 57 38
111 82 52
89 165 37
41 80 76
83 73 86
44 146 4
69 186 32
140 42 8
46 36 18
31 72 18
147 44 40
183 9 53
32 59 29
33 106 68
111 41 44
179 79 52
45 130 13
121 179 0
166 21 39
113 146 93
157 99 30
151 79 28
49 24 46
92 28 68
17 144 10
19 15 13
161 8 92
30 17 92
169 73 86
45 75 2
74 144 49
157 172 42
92 154 59
106 121 68
80 28 3
142 185 52
179 2 43
26 81 17
0 139 35
183 63 49
20 69 79
39 61 87
143 156 92
155 189 100
25 143 37
195 114 17
109 57 39
170 184 8
166 56 27
7 177 65
65 144 67
162 57 26
141 162 31
8 171 70
193 96 45
159 78 5
82 119 94
29 15 30
199 55 65
88 129 97
68 89 19
175 95 6
90 194 0
123 40 79
66 18 26
159 104 8
5 33 71
75 3 29
51 85 33
151 122 66
87 118 40
32 40 35
63 76 7
76 180 0
76 108 49
34 53 38
178 33 39
197 25 38
138 185 0
177 45 36
16 67 63
37 83 18
140 162 3
109 192 81
45 63 6
146 126 56
100 138 70
166 170 67
10 88 100
91 136 33
91 166 26
60 182 98
6 148 82
96 77 35
127 40 31
134 15 88
179 199 63
176 141 4
12 62 39
79 59 54
177 84 72
83 61 42
169 127 84
90 109 54
31 180 83
122 80 63
133 164 4
133 142 34
7 55 32
55 189 60
144 159 84
74 193 90
68 145 44
3 104 83
73 52 78
130 91 39
185 68 42
119 53 23
72 10 20
154 114 50
169 153 15
13 151 46
19 33 66
65 42 30
93 197 48
50 115 57
104 137 75
87 75 34
98 48 82
95 123 41
152 123 37
40 77 37
187 192 96
71 2 8
129 100 48
102 62 27
69 57 92
193 46 87
25 123 75
104 41 75
26 192 4
126 139 13
128 55 47
40 6 61
178 149 4
98 86 19
33 102 61
58 22 28
166 151 31
40 127 36
154 82 71
31 36 100
79 18 97
29 110 28
135 80 20
8 6 6
157 189 91
67 83 21
160 137 41
40 48 20
149 17 3
26 44 43
163 44 48
39 104 45
175 42 36
19 55 95
33 66 25
176 98 62
65 21 82
126 127 10
22 183 3
116 101 29
177 81 23
139 177 11
18 9 12
168 148 12
6 119 36
148 78 43
65 93 37
62 5 61
109 95 10
104 74 91
28 57 92
6 195 62
66 73 35
115 183 17
156 187 47
166 61 34
180 38 82
15 55 88
84 199 57
21 126 4
109 170 46
167 190 8
3 161 6
190 145 68
58 145 45
163 111 51
57 109 100
30 121 43
156 188 57
26 119 51
46 21 92
86 143 63
186 32 6
31 84 57
21 45 32
93 60 40
49 12 44
96 19 88
11 160 76
2 71 63
141 118 21
127 91 81
186 156 100
123 111 26
81 163 20
60 110 78
102 137 64
69 45 50
35 84 83
41 159 7
183 93 3
78 155 85
50 139 4
93 46 39
22 122 10
172 89 41
107 124 83
114 52 37
46 134 96
123 161 83
123 42 53
112 113 98
22 193 15
126 195 21
190 81 13
45 44 31
50 55 88
176 178 2
122 8 99
15 125 8
150 187 80
122 15 57
53 128 14
187 64 10
175 51 34
75 43 0
55 20 78
153 102 46
189 186 4
16 75 90
86 160 52
28 110 8
10 195 55
31 169 33
118 170 42
155 29 58
82 100 81
134 198 36
38 48 76
12 166 43
106 134 75
3 143 11
154 26 75
113 135 85
164 62 52
46 100 27
11 41 2
47 15 79
83 56 99
94 1 48
70 171 48
145 138 43
64 176 50
18 108 98
196 16 46
181 68 68
77 161 12
34 158 19
0 91 23
20 193 48
116 189 28
169 20 1
187 121 21
136 154 5
121 53 37
30 105 49
31 64 44
173 168 82
101 150 45
173 12 53
114 47 27
106 67 93
151 172 45
114 93 73
138 29 51
5 57 76
77 197 14
145 87 14
53 87 89
159 16 9
149 90 11
9 34 90
174 54 4
85 9 5
148 69 34
192 160 36
170 195 85
112 101 76
104 26 83
199 13 13
61 121 97
31 106 21
156 62 20
139 159 8
90 153 25
182 133 91
168 96 96
152 48 20
98 76 56
130 112 77
193 144 2
12 57 47
132 185 57
171 145 56
105 72 99
7 86 35
32 175 5
195 153 19
130 25 30
12 101 14
64 158 12
20 164 81
7 47 43
102 68 33
21 95 28
23 160 13
70 69 34
145 177 45
113 111 19
158 26 99
149 41 53
6 122 99
1 15 91
22 83 2
66 158 60
97 101 38
199 86 86
19 16 85
49 186 44
102 8 9
141 88 36
130 199 4
33 108 90
37 141 69
12 22 63
119 8 0
77 19 50
157 9 10
67 107 21
126 114 1
59 187 16
129 175 81
39 160 2
153 20 5
12 136 98
32 111 87
85 71 59
51 152 73
62 30 86
42 147 71
132 171 95
74 24 74
77 1 15
19 49 2
114 131 38
76 9 33
146 160 11
105 65 81
62 143 25
80 161 62
87 151 31
95 128 35
199 47 8
138 20 60
181 10 33
173 186 64
139 124 88
136 6 98
144 93 5
158 153 45
135 124 33
180 126 93
173 103 72
43 174 55
162 90 1
20 11 68
163 55 9
134 133 30
91 67 21
117 59 93
141 146 79
94 149 71
78 27 11
199 50 67
102 80 11
92 15 1
40 22 90
33 109 51
165 77 33
111 9 77
45 168 68
58 197 13
60 171 96
176 182 13
98 134 80
93 177 40
59 102 34
109 162 71
125 46 90
187 126 87
132 12 55
9 55 74
116 18 42
191 86 73
13 54 75
33 24 1
28 133 88
134 69 79
33 62 2
195 82 45
168 95 9
138 69 77
77 184 36
45 11 42
146 58 26
35 123 71
97 36 85
45 144 36
70 113 99
77 144 66
153 65 82
87 131 68
74 26 4
131 9 89
121 16 1
13 44 90
118 85 19
185 181 71
37 53 11
185 163 66
100 198 85
199 187 100
136 135 81
99 175 84
58 176 74
162 110 19
162 112 83
164 73 72
193 28 94
84 113 89
65 96 37
168 109 83
125 108 44
115 6 85
130 156 74
93 153 55
61 111 60
86 75 9
104 70 43
64 95 10
12 48 100
166 91 6
147 118 74
8 172 56
95 56 45
28 39 46
182 77 82
0 20 53
127 54 72
99 53 8
20 184 96
46 58 33
8 131 68
48 56 93
51 10 1
161 99 95
9 156 93
57 41 22
141 137 68
83 38 50
45 179 34
22 112 38
38 80 92
79 178 71
16 131 50
158 52 7
50 14 64
117 37 78
23 117 94
0 196 9
5 89 78
13 84 38
89 196 96
50 48 75
164 32 13
133 9 6
183 102 93
128 5 51
28 95 38
23 157 7
16 36 29
123 155 44
26 68 28
182 194 22
186 24 78
177 105 44
118 175 91
0 89 1
52 90 8
124 66 46
122 110 13
40 104 16
112 67 90
132 104 54
167 153 43
77 132 20
128 188 26
43 77 61
199 95 2
172 25 26
32 51 37
122 133 92
136 17 62
61 161 16
118 49 61
103 166 31
76 70 58
59 149 80
139 64 31
32 170 71
72 21 22
58 1 68
129 9 35
111 5 98
65 188 33
52 19 94
180 20 69
33 133 1
40 125 52
189 127 14
45 34 1
142 163 45
194 189 89
56 123 96
146 13 8
143 137 17
19 127 88
35 182 84
66 28 60
24 40 42
49 20 76
194 86 72
119 142 42
24 11 32
187 127 17
141 155 76
106 119 37
196 101 58
127 80 2
6 76 94
196 91 62
197 146 74
180 72 49
112 32 17
165 177 4
156 84 17
31 187 89
0 43 78
197 109 90
64 11 51
8 173 85
137 140 84
157 78 95
60 42 62
126 174 51
35 66 10
43 78 23
32 25 61
130 93 15
53 196 40
49 81 99
30 144 69
32 3 30
95 41 98
180 155 35
51 173 53
91 34 32
101 50 92
151 75 10
175 30 9
104 23 85
60 176 96
38 168 80
102 82 100
88 12 83
110 81 24
52 190 44
10 127 71
129 82 59
159 71 53
141 76 77
147 13 77
137 87 71
68 171 39
163 174 6
73 25 79
181 99 58
101 23 26
143 144 10
37 31 61
174 162 76
141 107 30
123 138 14
86 103 67
86 47 68
93 85 35
43 125 37
65 133 53
179 131 68
45 43 90
60 24 74
131 30 66
107 14 13
66 24 75
48 24 2
18 54 50
139 144 25
44 16 66
162 2 65
113 136 46
179 180 99
90 35 55
154 22 36
13 83 63
189 98 65
58 173 11
95 10 43
100 188 90
33 166 100
53 123 17
59 79 69
94 183 35
140 80 72
177 178 19
24 141 37
170 193 63
36 105 43
15 35 92
61 167 29
119 13 83
144 54 74
99 118 6
26 47 54
165 38 8
195 36 99
175 74 29
190 195 12
48 19 3
5 72 93
115 76 34
144 176 88
135 191 72
12 190 16
16 71 94
108 134 44
143 189 66
172 196 60
174 194 81
159 150 46
158 91 46
5 154 93
61 14 78
156 148 93
195 26 68
18 106 94
99 146 6
177 80 34
95 163 10
126 196 71
68 150 9
24 75 56
195 16 53
175 20 80
196 165 19
90 27 98
80 154 31
138 179 28
133 156 95
93 131 42
101 16 20
14 140 30
186 183 62
119 33 15
138 68 74
164 117 90
156 104 73
135 94 33
9 187 66
112 134 55
130 49 61
10 78 52
177 57 42
105 57 25
85 53 69
113 178 16
193 197 58
177 119 82
180 102 38
162 59 87
28 156 22
131 43 68
40 170 23
177 0 21
115 59 22
137 95 33
192 134 75
49 153 36
33 160 81
79 182 96
198 131 5
106 60 32
54 91 22
196 32 70
17 34 28
11 73 33
167 65 50
188 10 58
137 189 95
81 53 5
24 155 91
103 0 26
65 150 54
151 190 58
174 1 50
35 136 56
186 11 61
140 171 89
58 194 43
42 98 51
110 53 60
18 118 12
179 36 72
103 2 1
138 66 27
199 108 92
91 195 71
86 21 38
23 199 23
163 18 79
61 143 2
25 60 72
13 48 85
75 64 44
196 38 56
25 121 90
79 185 74
95 60 31
184 50 41
127 29 2
76 187 90
83 25 57
191 95 42
37 19 100
166 189 0
103 158 46
151 159 44
84 75 64
178 22 62
66 177 82
184 161 32
58 18 50
97 109 58
171 183 49
5 169 61
21 191 68
85 107 37
139 66 52
70 143 39
65 173 80
185 126 12
55 38 40
166 186 31
188 73 21
39 92 69
56 52 32
7 141 11
112 33 63
147 73 51
70 134 66
83 19 3
52 43 69
5 132 46
95 110 41
166 79 10
152 84 55
0 53 99
72 152 18
120 20 5
120 51 80
120 99 93
120 95 99
120 35 9
120 132 50
120 73 88
120 190 60
120 47 88
120 127 17
120 197 57
120 102 100
120 162 68
120 128 27
120 171 59
120 133 13
120 161 70
120 27 5
120 1 57
120 192 89
120 182 79
120 23 8
120 111 68
120 72 54
120 185 49
120 115 91
120 104 24
120 129 3
120 79 50
120 75 78
120 157 66
120 137 59
120 186 6
0 4 22
1 4 21
15 4 1
20 4 18
21 4 48
27 4 65
38 4 43
41 4 12
53 4 77
55 4 12
66 4 62
67 4 42
77 4 94
87 4 61
88 4 28
89 4 95
91 4 34
102 4 13
112 4 31
115 4 89
117 4 26
129 4 37
131 4 42
133 4 9
151 4 39
159 4 80
172 4 93
175 4 20
193 4 18
