66
27
59 2 18
41 33 93
55 35 60
32 40 44
23 51 13
12 4 22
0 58 29
23 57 71
55 57 58
14 21 39
56 37 69
2 67 11
28 2 81
3 25 36
17 19 14
40 9 43
44 15 38
8 6 28
56 62 62
42 40 44
23 14 46
14 12 75
29 21 7
31 13 23
2 5 0
56 53 86
29 57 10
24 33 61
43 8 57
3 57 11
45 17 94
47 3 99
4 43 85
53 59 98
18 7 33
21 26 97
39 11 44
8 64 23
25 34 42
44 13 92
53 25 66
17 37 97
8 20 72
16 26 94
26 47 83
32 21 41
51 4 95
64 62 38
41 12 80
29 3 25
7 60 41
1 23 87
58 44 68
12 47 43
14 20 57
28 18 32
17 50 72
64 69 79
48 68 29
44 68 82
59 61 92
25 7 81
21 12 50
28 30 61
31 22 40
7 36 34
37 58 73
62 1 96
52 10 73
69 61 93
4 60 2
53 3 11
8 12 52
36 7 47
29 58 69
67 8 84
13 18 100
21 55 74
11 4 72
41 30 91
31 64 5
43 33 71
63 34 10
40 63 3
22 41 42
47 36 73
6 49 56
39 67 23
1 3 15
31 1 80
52 56 50
24 20 23
37 35 0
24 68 93
47 54 20
6 52 3
67 40 36
23 48 64
6 54 74
46 51 8
11 63 32
29 50 34
2 22 83
7 51 97
10 57 22
18 12 83
5 34 24
53 68 80
14 4 38
65 16 33
35 43 26
2 63 89
39 6 53
47 11 9
7 13 37
60 17 63
2 4 77
46 34 0
34 1 65
4 6 4
30 48 37
38 56 12
43 1 82
53 26 10
45 5 27
49 13 72
54 12 27
59 57 6
62 34 99
49 62 45
52 2 76
60 41 60
62 67 46
11 6 29
42 2 22
42 12 90
2 32 56
19 56 45
44 50 9
28 9 44
0 23 92
26 19 19
25 16 34
6 5 37
59 48 64
41 7 37
63 29 6
25 42 37
34 67 88
59 55 78
53 62 12
5 25 17
10 38 74
22 20 11
54 15 10
37 3 16
34 13 4
23 18 47
17 62 85
62 15 29
46 48 71
38 23 100
41 53 85
51 5 32
36 22 69
23 61 30
24 9 12
62 3 44
17 14 93
10 18 78
21 32 22
32 64 39
50 6 47
19 48 97
33 68 56
30 9 97
24 32 21
22 2 43
33 0 24
21 24 37
30 56 45
17 4 6
61 39 24
67 21 29
39 52 73
13 15 82
44 48 34
2 31 76
39 64 60
9 10 84
63 54 88
48 22 70
55 2 52
52 14 30
68 43 51
21 58 37
51 8 94
56 69 37
51 49 97
52 28 17
23 22 80
45 50 87
9 62 90
52 62 44
18 34 79
36 46 37
51 0 59
50 38 89
24 2 43
15 44 42
62 46 84
5 46 27
19 30 62
43 64 18
6 15 54
48 56 35
45 22 9
11 1 11
38 32 62
13 5 51
8 16 51
12 63 53
38 6 9
6 20 58
34 45 53
56 58 86
10 50 1
60 63 1
41 56 88
8 7 48
63 53 7
65 67 30
25 23 0
45 21 89
13 22 51
62 55 52
41 21 43
24 23 10
2 62 98
51 61 92
39 20 14
57 31 90
17 69 16
41 37 23
19 17 73
56 65 0
13 62 49
49 53 50
39 30 44
19 9 57
3 45 23
45 1 2
42 14 44
6 16 32
44 60 65
49 14 83
51 46 7
67 5 2
24 14 14
61 50 27
32 44 96
42 35 52
68 35 23
10 0 39
12 28 57
39 34 55
32 10 19
58 0 67
16 6 6
0 28 77
12 3 18
64 25 13
11 31 64
37 13 11
9 56 11
46 42 91
42 64 42
63 16 49
44 57 92
38 10 2
3 41 48
28 24 32
54 28 42
17 39 19
64 22 61
25 22 86
65 57 6
48 15 2
18 63 43
3 68 100
41 65 98
30 10 48
48 29 14
41 43 73
52 43 56
22 59 80
60 64 59
14 59 77
29 36 32
49 15 93
34 41 62
19 1 26
65 11 25
16 24 81
67 46 71
29 23 90
59 54 13
60 2 79
49 25 23
26 62 73
60 4 7
58 17 63
34 64 7
36 51 63
55 28 8
54 39 53
37 28 11
0 10 37
62 32 94
58 20 31
47 28 0
51 59 82
37 41 64
59 42 5
56 11 32
9 29 30
46 28 99
40 0 56
69 23 29
49 20 16
11 5 60
7 3 34
49 68 87
55 62 78
50 46 86
9 5 57
40 43 46
9 11 2
55 36 38
67 56 84
42 22 21
28 44 8
46 7 94
34 47 99
18 55 22
8 24 7
13 32 93
10 14 84
49 67 49
52 68 3
28 12 66
54 69 19
53 19 21
15 0 33
40 34 32
36 43 14
15 61 3
40 7 27
65 23 15
9 2 66
18 10 1
25 10 44
7 69 73
2 17 51
14 56 12
13 60 44
68 40 73
53 57 38
49 7 17
21 45 30
45 10 19
51 18 40
17 2 36
8 50 4
57 36 79
8 35 77
26 22 17
9 40 19
42 26 27
6 13 95
35 5 72
3 11 2
45 11 94
29 5 66
69 59 21
32 33 48
37 62 69
55 50 15
46 17 54
64 42 100
59 24 84
13 19 44
59 5 35
22 25 34
38 26 52
0 65 61
43 15 85
14 24 44
28 39 7
65 29 12
45 18 69
16 22 5
47 53 11
10 55 45
48 55 76
16 3 2
29 35 15
4 13 87
34 57 94
22 1 17
48 3 1
16 7 10
23 10 38
11 61 72
13 42 73
54 6 39
60 20 30
4 62 41
12 54 95
3 24 76
42 59 53
58 42 55
38 9 58
38 21 65
34 2 73
55 49 75
10 67 63
24 48 66
6 50 11
3 52 90
34 12 15
46 58 0
67 47 78
22 69 14
31 35 97
21 46 44
64 7 35
57 1 19
29 51 24
15 68 39
31 68 40
47 34 54
30 4 73
48 69 69
68 53 26
7 5 51
22 4 57
41 25 49
48 16 29
21 44 64
54 47 33
33 4 81
41 15 61
35 16 0
9 39 63
18 2 2
11 55 64
52 33 29
28 41 56
17 40 85
5 68 23
16 37 49
56 5 46
23 32 47
17 47 66
10 40 83
3 56 78
22 29 72
60 42 95
16 35 50
28 22 4
12 18 68
57 11 85
4 21 67
37 2 16
25 19 8
55 26 45
16 50 44
32 28 28
49 16 91
16 21 38
48 57 70
10 20 73
38 29 47
41 57 85
30 33 93
54 53 36
5 11 21
62 43 55
45 63 95
62 65 25
55 33 18
15 41 66
39 63 4
30 39 7
54 13 100
50 67 13
6 7 66
64 18 52
34 38 4
17 41 43
17 11 8
36 16 41
38 53 2
47 67 20
41 0 72
68 23 92
57 35 1
18 1 55
57 25 6
15 5 89
68 25 92
32 3 29
3 58 48
2 48 81
47 41 78
16 32 70
4 12 24
31 24 29
11 3 100
60 7 14
31 8 84
14 13 8
57 49 14
30 53 100
58 64 99
8 56 61
18 52 55
4 67 44
25 5 93
16 61 46
20 53 39
28 61 74
38 33 6
64 35 99
61 18 42
69 24 47
59 45 24
15 13 2
18 62 22
14 49 27
23 55 64
49 58 100
34 15 65
68 61 63
0 54 17
2 42 81
68 41 44
19 40 14
48 17 75
30 14 72
12 2 63
34 29 2
4 64 68
47 65 60
17 22 80
23 19 11
39 57 42
44 1 91
0 16 41
12 40 45
67 37 22
47 38 6
48 21 67
42 28 51
8 69 85
39 60 64
48 2 50
36 68 73
11 18 84
43 42 34
48 65 87
58 67 4
34 32 96
59 31 23
56 1 30
9 7 71
34 19 45
9 63 90
33 57 20
26 21 78
51 50 91
29 54 35
61 19 80
46 12 31
68 0 57
8 26 91
2 47 17
34 22 54
1 22 53
12 15 58
42 18 6
48 61 0
11 0 50
19 36 100
16 45 80
65 28 50
22 52 34
21 49 78
11 37 51
47 14 96
20 4 8
29 8 64
59 41 22
10 9 39
61 45 81
3 65 81
49 61 29
10 53 85
47 61 81
54 11 2
1 32 80
63 26 45
62 63 34
12 53 7
47 33 1
21 39 62
34 25 23
8 21 78
53 52 15
51 43 85
59 35 27
39 53 69
60 38 97
13 7 64
23 45 56
12 55 51
52 16 95
20 3 2
12 57 21
47 56 90
19 57 83
44 63 32
56 31 96
23 17 45
2 36 77
2 51 83
5 29 5
9 16 55
31 6 76
3 62 30
50 30 98
59 1 97
55 8 0
59 49 85
1 53 4
1 19 80
43 11 72
30 7 74
38 19 67
51 37 39
16 47 7
44 6 36
59 65 39
10 51 37
63 1 60
23 37 39
24 35 31
31 2 50
38 31 54
16 4 62
36 57 29
49 45 90
51 45 30
61 24 0
35 49 82
23 1 54
42 1 21
42 33 31
19 15 59
35 18 21
20 40 66
63 33 26
36 40 13
42 19 30
26 52 88
46 16 34
66 35 95
66 19 48
66 67 53
66 39 2
66 56 7
66 57 60
66 29 87
66 3 71
66 33 78
66 40 54
66 58 53
66 21 89
66 62 67
1 27 25
4 27 32
12 27 74
20 27 0
21 27 17
26 27 30
29 27 4
37 27 61
43 27 84
46 27 66
49 27 50
51 27 76
