30
3
0 17 96
9 33 50
10 20 22
31 42 68
24 38 48
22 56 85
48 25 94
46 45 29
1 57 4
1 4 52
13 38 65
12 6 55
29 49 54
24 15 78
23 20 98
27 13 50
27 10 81
25 43 34
13 18 72
11 59 50
57 22 22
35 53 4
31 37 7
25 28 100
47 14 2
6 13 54
12 45 29
48 32 34
53 8 97
43 46 44
1 0 93
2 54 93
45 58 48
44 34 94
13 10 75
18 35 42
27 56 83
48 28 39
42 48 12
43 22 77
25 29 71
29 17 26
51 9 98
58 5 53
16 43 12
56 36 82
33 44 72
45 9 33
51 13 20
0 39 72
42 8 58
52 45 11
48 17 69
19 33 18
51 31 77
9 26 88
26 7 48
28 51 12
49 14 89
39 31 84
13 17 51
58 20 58
25 18 92
40 4 56
9 5 75
2 45 49
54 40 92
56 28 83
34 49 48
31 9 6
47 15 67
58 55 14
23 49 28
10 1 100
21 5 90
16 49 33
43 47 86
28 12 11
37 11 29
1 18 98
25 8 60
40 17 25
29 2 43
40 42 27
20 9 55
48 58 59
17 26 34
55 52 99
21 26 40
26 33 54
43 11 100
55 35 75
56 58 56
5 59 69
39 34 8
44 16 71
27 34 16
35 39 30
12 19 58
44 38 65
1 46 27
46 58 6
34 36 34
53 34 65
27 2 28
1 2 84
49 17 6
18 4 71
45 18 7
36 21 85
26 20 88
31 20 53
59 21 8
29 9 57
2 22 66
0 41 17
0 2 96
2 20 68
51 46 69
0 43 36
37 13 68
11 52 25
40 19 42
48 50 93
8 26 77
39 48 88
22 8 75
53 48 50
48 23 49
51 15 28
49 47 41
5 24 91
25 37 28
28 15 68
11 17 16
25 53 66
50 40 46
55 33 89
53 56 38
49 12 70
11 47 9
45 34 91
19 45 93
46 36 74
22 31 23
11 48 53
24 16 91
54 44 19
57 1 66
33 5 13
35 18 8
26 35 1
32 36 47
57 51 65
22 0 43
47 22 11
32 34 56
37 38 25
36 34 7
29 15 38
36 26 26
29 33 88
11 46 2
9 42 52
50 12 98
45 19 89
15 14 62
50 11 25
16 40 9
34 16 40
41 12 97
26 52 6
55 9 51
36 11 35
51 5 49
46 21 41
20 44 85
31 17 42
47 43 90
12 29 1
52 8 22
47 34 31
40 10 27
12 14 46
10 55 13
57 39 17
50 16 5
11 24 10
17 14 41
9 2 1
47 36 90
15 43 76
54 42 66
47 56 37
45 44 6
4 18 61
14 58 12
7 10 45
27 14 73
11 45 15
50 43 75
43 9 94
59 56 53
46 43 14
35 52 79
42 9 82
42 27 6
8 33 33
22 9 22
57 18 38
12 21 66
45 37 12
31 53 15
55 46 87
41 38 99
32 48 45
16 12 9
47 57 72
39 7 34
10 35 19
44 26 50
28 46 45
46 5 75
20 39 35
47 10 46
13 28 78
50 7 82
17 2 44
22 15 51
18 49 88
57 59 93
15 39 51
27 24 10
53 32 12
54 46 86
52 14 81
51 27 72
46 22 20
53 54 21
20 10 92
33 57 44
51 26 27
41 11 68
35 32 40
55 6 51
31 12 50
8 5 90
38 45 34
10 2 32
6 53 57
56 13 21
33 56 46
40 29 79
4 15 25
15 10 40
53 38 46
39 57 85
50 23 46
18 7 98
32 8 53
5 55 34
26 55 68
44 41 92
57 40 55
6 24 53
39 0 97
58 16 23
37 5 69
44 4 37
14 2 59
42 35 91
39 9 4
49 18 81
1 23 96
55 36 26
20 17 6
43 10 75
9 0 92
33 9 34
12 20 4
59 52 18
1 24 8
5 0 59
33 6 76
25 14 83
57 20 73
16 29 41
55 40 85
18 47 40
19 21 85
58 4 62
13 16 16
56 55 6
27 59 100
2 33 54
51 44 67
57 47 26
26 0 64
16 2 37
32 25 31
25 6 59
34 5 14
1 54 94
1 9 93
6 16 69
59 23 88
6 41 80
9 44 1
32 38 48
12 15 35
33 27 36
18 51 98
36 9 54
23 32 94
4 25 27
37 19 86
50 20 58
23 18 78
29 19 90
10 52 89
23 58 98
43 15 95
22 50 11
38 7 62
38 16 42
17 41 100
44 42 18
29 11 66
41 46 32
5 21 37
27 40 40
42 56 68
55 56 20
57 36 44
14 56 2
22 21 42
47 5 58
10 25 86
32 18 36
8 34 16
26 28 42
17 34 27
14 9 84
7 45 51
23 11 12
2 0 93
18 2 100
34 41 86
21 24 43
14 54 31
34 28 38
39 56 78
23 56 64
18 40 8
48 19 63
10 49 87
44 52 34
19 52 1
22 53 94
33 37 83
7 54 92
29 59 96
27 29 53
50 39 43
14 18 81
26 32 46
21 38 96
24 41 11
51 48 13
22 42 64
58 53 37
50 36 89
50 57 89
23 27 84
14 46 10
35 9 45
59 16 51
7 31 49
49 55 60
57 31 20
45 2 76
13 57 34
10 36 3
0 36 39
21 8 71
29 35 24
36 24 40
21 13 26
54 41 43
49 2 80
56 34 61
43 37 9
0 24 13
15 40 14
39 36 51
24 12 9
46 1 89
17 12 19
5 25 6
15 8 57
20 1 26
15 13 57
49 32 88
36 38 22
1 55 77
14 35 49
0 54 47
53 44 85
28 27 37
4 27 7
19 57 5
50 13 90
9 36 29
32 28 46
53 29 33
22 54 76
29 48 51
4 40 77
51 45 61
42 58 60
4 12 40
50 6 97
21 45 70
22 57 80
42 47 85
51 14 94
36 22 21
25 17 73
59 22 47
1 29 39
40 25 81
40 21 77
49 4 37
4 24 24
14 40 75
53 28 12
18 20 27
32 22 80
46 47 100
23 12 82
33 53 94
13 33 77
26 2 37
42 31 33
16 31 67
23 48 66
45 48 31
0 47 55
13 24 1
58 24 31
11 37 53
12 59 15
55 27 93
58 0 97
29 36 99
52 11 81
52 34 42
12 7 17
25 36 83
9 55 48
2 7 22
52 57 71
58 25 16
1 49 44
54 5 87
34 18 44
48 54 86
5 10 42
59 45 62
4 22 90
0 50 56
0 31 63
41 23 61
8 46 25
35 43 38
45 0 80
58 26 62
52 37 10
19 8 80
2 4 96
31 57 64
31 28 93
9 23 25
7 2 3
24 31 90
14 52 23
24 32 44
16 0 30
47 41 87
15 19 65
8 29 90
39 58 31
13 19 39
7 47 51
50 22 95
41 20 29
26 51 97
34 45 20
6 17 27
10 46 41
57 52 86
21 23 42
27 9 60
38 49 57
13 43 48
58 47 16
25 35 75
57 27 31
43 44 85
49 51 81
19 9 15
57 38 21
22 44 60
19 31 24
18 5 58
5 7 36
17 51 38
10 43 36
27 18 66
26 16 13
1 51 44
52 50 17
11 41 76
14 33 25
46 35 82
0 33 21
12 46 58
54 29 39
12 41 11
26 58 82
14 11 72
0 35 86
58 23 61
57 29 70
2 49 76
21 47 98
53 59 30
45 13 53
26 44 27
12 10 26
34 52 22
22 35 82
5 32 85
24 44 45
2 58 5
9 13 67
36 10 32
55 23 38
57 45 58
45 8 98
7 43 65
36 51 88
54 10 7
25 11 16
18 58 30
20 11 19
51 17 16
25 41 12
32 14 65
13 20 89
50 5 1
21 53 58
37 57 17
21 42 68
58 56 1
31 4 52
9 10 37
48 18 83
55 22 24
56 57 33
58 33 23
39 5 84
19 41 74
6 34 41
43 33 54
20 55 93
58 6 28
6 14 82
59 1 53
19 11 65
15 33 96
18 43 18
51 54 32
13 37 23
20 41 72
53 7 90
45 25 60
52 33 2
42 54 48
13 40 66
48 6 97
14 49 94
14 29 24
47 23 63
9 34 32
41 44 56
5 31 75
23 31 58
21 43 70
36 4 13
51 49 63
11 10 43
53 15 11
32 31 18
4 34 4
10 57 63
15 1 89
27 5 86
35 25 34
43 8 86
29 26 30
25 13 60
35 58 40
27 17 45
21 54 34
5 48 32
22 36 6
27 41 50
48 42 82
22 5 45
51 11 4
13 15 2
24 54 16
38 50 44
33 50 22
55 29 62
38 36 85
54 7 47
53 52 57
59 12 5
41 8 57
25 2 23
52 29 26
22 6 45
6 22 56
42 21 38
43 28 46
4 52 12
18 34 38
12 2 25
1 22 7
40 5 69
17 55 52
16 1 35
11 21 61
54 20 4
37 42 72
24 29 2
8 56 51
54 45 97
18 31 72
5 4 42
58 1 93
10 21 27
37 10 64
59 9 53
6 48 91
20 47 27
25 33 64
49 39 25
23 42 72
54 15 1
12 34 30
28 43 84
24 57 75
6 59 74
6 25 40
33 41 28
38 58 23
17 43 8
10 45 15
15 46 43
47 9 76
15 59 80
40 37 16
59 24 33
2 56 68
15 47 76
57 8 4
53 31 90
42 29 33
43 23 88
35 20 51
35 19 35
6 28 46
40 32 65
17 53 56
58 46 49
19 47 91
17 39 55
11 42 94
8 37 90
54 13 70
18 37 92
22 45 95
52 19 60
41 51 81
51 28 52
43 45 4
4 58 95
22 40 100
58 9 53
13 27 69
20 15 78
34 43 91
28 18 19
47 50 90
32 16 55
2 36 96
0 29 33
7 17 55
8 52 62
16 19 72
14 19 56
37 39 38
58 13 29
1 43 71
21 44 60
31 21 32
57 15 61
42 2 68
21 19 9
24 26 58
44 33 81
1 10 53
37 9 8
18 23 82
33 17 27
6 0 46
43 51 27
41 14 94
23 24 97
39 19 19
29 13 18
27 45 32
12 43 27
44 20 40
28 17 83
20 5 28
4 49 93
12 49 98
47 17 70
10 27 57
26 8 78
45 31 1
1 56 82
17 7 11
34 14 67
12 35 30
43 6 11
42 6 96
38 14 78
31 0 65
39 40 58
6 36 92
27 58 50
42 34 23
21 1 93
15 22 38
48 14 67
13 45 77
28 2 66
48 27 76
0 49 79
35 24 21
21 6 58
1 38 66
19 25 50
13 21 77
45 56 1
48 38 79
37 8 60
49 0 24
8 44 9
14 37 64
27 12 45
43 39 16
0 42 18
19 39 62
42 52 91
24 13 45
50 21 13
18 26 61
40 13 36
33 7 80
45 14 16
54 57 48
40 46 87
18 44 86
6 4 58
55 17 22
4 8 48
42 18 21
23 5 11
20 25 5
35 28 39
17 54 20
14 36 51
32 6 86
24 36 75
19 20 44
53 27 72
56 50 98
54 32 69
36 39 85
29 55 38
17 36 17
5 57 91
23 34 90
14 41 18
40 48 20
7 51 73
7 1 89
46 19 71
5 29 38
13 26 59
6 8 94
59 37 33
7 11 50
42 17 50
57 2 22
35 34 34
31 39 45
57 26 4
44 27 32
36 43 32
50 1 57
39 16 93
13 1 44
11 33 37
57 46 76
26 40 88
29 46 96
12 5 46
57 28 89
49 8 72
46 37 17
42 57 97
48 1 72
14 47 5
20 27 41
6 51 10
13 47 25
23 54 38
43 48 87
16 36 89
34 1 96
50 41 77
36 8 4
23 2 47
17 22 84
24 4 60
39 1 50
38 4 54
6 47 4
31 19 29
47 4 99
7 42 83
41 28 39
54 49 20
27 48 59
55 31 46
40 33 97
41 7 63
9 47 61
41 43 76
29 50 25
36 33 67
34 24 2
53 41 77
13 52 96
29 16 87
47 21 27
28 54 7
12 44 40
56 6 4
24 59 6
53 40 96
7 44 94
23 35 25
38 15 61
8 9 3
20 33 69
36 40 61
46 25 45
21 49 87
32 33 70
21 22 68
26 27 37
32 5 66
57 42 36
34 54 96
39 47 61
57 53 43
4 46 78
33 15 26
6 20 93
46 7 28
8 13 51
52 31 68
5 1 74
21 7 27
59 51 74
50 53 98
34 21 78
55 13 30
42 26 82
1 26 26
29 39 100
52 28 54
39 17 39
1 20 23
24 39 71
39 23 75
28 55 48
44 54 73
15 36 88
49 43 78
7 55 13
38 20 73
41 16 39
16 54 34
37 33 89
13 42 9
9 20 72
12 51 35
16 34 65
17 27 66
20 7 67
49 13 99
37 23 1
58 28 64
4 23 73
47 46 100
56 20 8
5 46 29
44 19 14
36 58 18
50 46 86
10 41 90
39 43 18
6 31 54
25 46 29
11 7 73
40 2 9
53 50 83
5 13 95
38 0 56
24 56 48
8 28 16
28 31 64
6 58 64
24 37 75
43 54 18
1 28 47
36 17 37
31 6 93
11 8 46
52 22 70
14 22 76
33 46 12
0 8 71
20 22 3
26 5 87
18 15 24
36 1 54
8 23 72
56 31 27
12 38 77
58 43 25
43 7 31
6 21 21
1 21 5
49 23 9
36 7 15
33 47 30
38 5 38
25 20 16
6 37 39
18 11 52
7 37 63
8 47 63
40 26 19
43 36 86
59 44 5
17 28 98
19 2 38
25 40 54
40 34 2
32 27 1
33 32 15
35 42 59
41 59 17
24 10 62
53 45 10
14 8 94
19 23 13
49 53 15
28 16 85
16 33 50
53 23 98
55 1 50
16 11 47
41 52 58
26 36 58
31 22 81
59 40 74
10 32 4
49 15 67
21 52 12
15 49 59
38 31 12
58 27 82
45 22 13
36 5 60
7 23 74
2 13 53
28 35 18
49 9 60
32 51 44
36 32 20
43 41 99
46 24 21
17 25 75
32 57 37
20 14 34
18 57 61
45 15 19
46 33 39
59 49 35
32 58 47
40 45 2
42 50 6
35 37 18
24 40 83
35 16 49
36 42 10
0 11 70
46 53 67
41 5 63
21 50 95
47 13 10
28 41 69
56 5 58
16 55 93
48 13 42
38 56 78
20 24 86
56 32 46
14 6 49
12 16 37
24 7 15
47 11 81
20 38 14
26 11 73
49 22 99
2 29 67
0 28 8
38 48 4
8 12 72
5 51 32
31 49 9
22 48 7
40 16 55
21 37 52
46 15 83
8 42 70
55 47 91
2 18 6
16 10 23
24 1 90
49 36 92
55 58 88
51 38 85
23 44 82
10 14 47
43 34 100
16 41 97
44 32 16
1 8 20
9 40 34
55 39 54
23 45 81
59 48 84
29 25 2
19 35 22
18 29 36
32 21 68
41 19 63
56 39 87
18 46 45
29 22 92
37 40 58
12 13 5
38 19 77
55 50 30
51 22 43
44 40 77
53 51 88
21 0 47
2 1 80
11 43 49
51 24 2
53 5 22
41 0 100
34 4 44
46 2 4
28 22 93
38 25 61
59 32 89
51 34 86
45 11 3
5 19 18
44 11 90
4 31 59
52 48 36
4 38 10
9 24 53
39 53 12
37 35 14
51 10 99
16 28 8
56 9 30
1 19 12
49 1 59
4 11 5
29 1 26
4 1 18
48 4 10
58 49 8
41 1 28
34 20 65
48 9 20
36 44 7
57 49 14
23 52 38
43 26 89
35 46 10
41 57 61
4 17 20
48 15 93
52 35 16
5 23 89
16 45 99
46 17 91
15 44 80
28 58 47
59 35 3
40 35 20
36 45 21
31 40 54
13 2 29
11 40 16
40 8 59
52 56 100
48 37 22
57 10 40
48 24 28
52 59 79
31 35 94
45 1 25
38 57 84
26 10 28
10 50 77
4 55 34
59 50 17
10 8 42
47 7 70
12 31 20
55 37 23
2 57 26
35 45 72
39 35 64
25 21 89
14 59 15
16 4 80
31 56 33
40 51 65
42 49 77
18 33 80
46 27 15
41 17 55
55 49 99
44 37 88
9 22 87
1 33 1
7 34 96
16 39 48
22 33 89
32 35 55
20 31 52
15 28 62
32 37 29
10 51 75
1 48 84
36 41 86
32 17 73
40 12 55
9 17 57
21 32 14
40 49 57
12 11 69
2 21 8
37 15 91
31 58 63
36 53 67
51 33 3
31 2 88
27 55 32
22 13 27
52 4 91
59 43 56
46 0 28
28 9 53
9 25 7
22 38 72
56 51 97
22 25 13
0 59 4
55 38 39
54 21 35
34 2 47
2 37 37
47 6 78
58 31 58
32 29 79
15 34 26
35 48 26
6 11 1
6 55 95
45 29 36
36 23 55
54 17 70
37 36 94
41 2 61
38 59 71
18 14 40
34 42 23
31 33 99
5 27 79
31 8 39
25 56 5
19 55 29
50 0 1
27 44 31
5 8 23
41 53 5
45 50 49
8 11 72
40 22 35
36 27 61
10 9 45
42 11 55
57 7 70
38 8 6
58 59 75
40 14 10
36 25 48
17 16 62
23 17 57
48 35 72
37 27 59
56 22 79
57 21 56
49 26 77
45 21 85
29 18 54
48 2 71
10 56 66
31 14 6
16 17 97
50 51 74
21 59 78
23 28 31
4 56 55
46 38 45
14 38 69
0 52 97
50 42 78
39 28 99
18 25 71
29 28 90
19 40 36
52 26 27
41 37 19
52 39 63
54 47 13
24 9 98
49 45 63
11 14 9
56 18 63
29 5 48
0 15 80
40 39 36
26 1 53
33 24 83
23 51 91
17 23 26
21 41 17
20 34 14
55 32 40
10 53 71
24 20 42
39 26 83
58 12 87
1 42 43
48 22 27
5 37 95
44 46 96
48 31 28
37 16 54
23 16 70
18 27 80
40 44 38
33 55 96
45 6 74
33 20 71
20 23 23
26 46 31
46 4 40
38 52 25
17 18 34
10 24 42
59 34 25
24 50 57
42 36 71
45 24 63
36 15 18
14 15 54
50 14 81
22 18 12
18 56 90
28 14 39
10 17 76
15 35 27
10 37 94
40 55 61
7 22 65
43 5 8
22 24 41
8 27 91
42 40 80
5 34 23
59 55 31
11 49 77
27 35 88
8 38 92
7 38 83
13 59 52
54 56 67
57 16 20
5 49 29
48 11 79
44 21 98
34 47 36
35 10 70
14 20 75
51 12 100
26 43 45
21 34 84
35 21 1
23 59 17
18 32 70
6 12 68
4 10 57
50 35 9
56 4 81
7 4 2
5 20 57
20 4 74
54 52 92
14 39 44
18 13 25
7 58 11
16 51 6
9 15 54
24 52 33
31 48 59
29 20 52
17 38 44
28 23 4
34 23 43
9 39 87
4 19 97
49 41 28
8 24 78
19 43 45
28 0 71
11 15 97
49 10 30
25 26 89
52 18 58
49 27 36
46 29 40
55 34 81
59 26 73
44 45 85
17 9 37
49 31 72
51 50 7
25 0 71
28 34 87
41 42 22
4 48 59
49 29 57
4 5 71
37 18 73
11 53 52
18 6 4
33 43 23
54 1 27
19 10 70
20 53 7
16 13 17
20 32 50
43 13 96
0 56 23
5 45 61
25 23 61
19 15 27
47 45 83
14 57 2
42 53 62
33 34 64
31 13 73
31 43 47
17 37 6
44 12 55
26 37 65
9 51 47
52 12 41
1 25 25
13 12 45
51 16 47
1 14 51
40 1 15
14 55 64
47 18 50
33 26 100
17 6 17
21 48 73
50 4 62
8 41 96
49 58 63
15 21 24
34 26 39
24 0 79
0 27 98
9 19 55
20 0 76
46 9 55
37 26 73
31 50 67
31 36 71
53 4 85
8 19 10
44 22 19
38 11 15
43 25 52
31 16 64
33 48 98
57 13 55
40 31 47
46 14 65
47 37 33
41 49 28
1 31 59
27 54 97
17 29 78
29 21 65
55 51 43
19 7 27
59 36 35
24 51 86
50 33 28
48 39 47
41 9 66
37 49 89
29 47 69
51 52 50
36 19 13
46 11 81
38 51 83
46 32 22
21 35 41
38 13 25
8 31 75
47 51 62
26 42 95
18 21 45
15 2 80
33 13 81
0 26 81
7 41 62
52 17 10
49 11 25
21 16 10
33 8 78
51 20 8
51 19 10
26 29 42
17 45 72
27 20 70
9 50 85
26 22 72
26 38 76
32 15 66
10 5 85
15 20 66
15 53 100
57 23 23
42 13 75
35 4 69
40 24 17
13 39 85
42 4 75
59 19 91
4 7 81
23 38 74
1 47 77
52 10 48
7 16 19
59 25 21
25 24 8
21 4 54
16 46 92
47 40 92
55 25 58
42 41 41
33 31 42
12 54 60
42 43 8
37 2 66
56 44 89
51 57 93
9 16 26
28 57 70
44 9 99
41 31 24
8 48 51
54 26 10
13 14 91
44 1 72
7 9 12
58 21 76
50 8 33
19 28 94
23 36 52
39 51 63
32 45 15
27 33 53
11 12 41
11 55 93
2 24 55
7 19 10
2 35 74
15 55 30
10 15 11
20 29 23
53 46 49
2 26 9
2 42 96
56 21 13
6 27 11
48 5 74
44 57 60
27 32 24
24 33 15
0 20 51
2 19 23
12 52 73
27 23 59
37 17 54
24 58 72
34 46 98
27 37 69
34 37 99
35 54 93
43 31 42
16 32 41
13 11 41
50 15 83
38 10 1
44 7 74
0 22 68
37 29 84
55 44 61
59 47 36
18 24 45
18 55 69
20 16 91
24 47 72
10 11 57
4 33 46
26 21 36
18 17 60
13 7 61
26 45 84
5 2 73
49 40 2
37 51 83
44 31 38
10 47 32
59 5 65
1 15 16
56 19 48
41 18 51
5 28 96
36 6 52
2 53 55
37 25 83
47 27 19
16 53 97
1 32 57
57 55 64
1 7 92
15 41 82
47 29 85
27 0 8
7 52 52
23 55 81
5 39 46
26 53 71
48 29 97
39 14 98
5 36 33
19 34 29
33 35 21
12 56 17
22 11 73
6 52 53
55 57 41
2 34 19
54 34 61
5 22 83
49 5 49
19 26 94
58 34 87
55 21 8
12 1 35
0 23 5
22 23 47
10 28 95
31 7 50
2 46 34
59 15 99
37 58 58
11 50 8
15 5 69
14 43 25
38 17 29
29 14 70
29 6 18
17 50 17
7 25 37
25 50 75
44 15 37
0 44 86
37 50 92
14 45 59
56 17 54
40 52 8
46 12 26
45 16 52
10 42 9
5 14 63
46 26 41
28 52 96
7 53 62
14 25 11
15 0 50
52 0 3
16 26 77
32 43 6
53 26 29
47 55 39
5 16 77
59 58 30
31 29 84
39 24 85
22 26 90
1 45 60
34 0 64
56 35 79
58 15 23
40 0 99
22 7 43
50 52 61
44 6 15
8 43 86
52 38 5
1 12 52
44 2 6
35 31 52
10 58 8
46 50 78
21 20 59
8 51 58
52 54 97
45 27 90
33 12 63
58 36 62
33 18 41
59 39 13
15 11 90
31 11 47
23 14 10
33 51 20
11 58 51
27 7 73
0 12 25
45 33 37
50 54 62
46 39 73
56 14 36
47 32 52
46 41 90
28 6 82
11 6 17
21 27 63
23 41 23
33 14 10
5 6 12
19 53 82
6 44 13
51 40 88
45 41 20
23 26 58
53 6 89
15 16 35
10 48 72
5 12 20
49 20 10
32 20 24
15 6 78
50 37 47
27 31 21
4 37 31
14 28 30
43 21 15
6 10 70
33 42 99
2 6 53
58 10 7
28 56 8
24 25 88
15 37 79
2 9 42
4 16 54
58 50 43
36 56 56
42 32 24
33 49 80
46 8 52
58 22 6
45 54 22
41 35 59
25 49 73
48 47 62
41 56 11
33 4 81
22 14 39
42 33 41
16 27 12
34 35 69
11 38 29
35 51 76
21 10 84
13 46 71
33 16 48
58 7 92
23 39 9
12 33 89
32 56 19
56 8 93
44 50 37
14 24 22
45 23 66
35 1 54
25 38 47
27 25 79
56 38 54
5 53 90
5 11 81
8 1 29
56 23 78
43 4 54
16 44 27
10 34 73
34 40 58
35 0 94
15 4 4
25 15 17
48 7 20
21 57 1
26 4 6
10 0 7
39 22 61
14 26 32
5 54 9
38 27 58
8 35 62
51 56 42
47 33 14
5 33 71
27 4 65
28 19 84
26 18 92
53 39 1
7 24 3
14 4 92
33 39 81
17 19 55
25 55 19
22 19 47
28 10 87
11 20 97
13 58 75
23 57 15
35 29 81
40 23 73
2 39 85
52 36 96
41 27 94
9 43 97
49 34 23
26 56 52
58 37 15
9 32 75
19 36 31
53 57 85
38 44 37
33 19 9
2 41 72
31 25 38
44 56 12
22 4 52
4 54 14
11 57 69
52 2 43
36 14 87
58 45 63
27 11 4
48 45 53
6 45 79
25 32 33
49 16 35
48 43 53
35 26 87
11 34 10
56 53 7
52 58 15
19 54 10
42 59 33
48 56 4
18 38 60
17 10 92
45 28 26
49 21 77
58 57 20
16 5 97
43 52 24
49 42 12
13 48 85
37 41 38
9 56 58
14 34 70
44 10 13
17 49 47
17 59 22
20 12 84
21 18 40
20 46 15
52 32 61
16 25 54
9 21 14
18 53 5
11 51 16
57 5 61
46 42 23
26 17 38
44 43 57
28 21 81
1 53 42
0 46 40
0 16 71
48 26 47
43 0 25
46 20 99
7 27 7
53 13 38
28 13 12
2 31 3
19 49 87
28 29 26
20 2 11
48 8 38
1 58 75
0 40 43
12 24 56
13 51 89
10 54 58
19 42 12
34 6 3
9 11 40
53 42 61
15 25 95
24 27 92
32 2 45
15 42 42
49 35 97
39 6 69
51 36 55
12 9 70
2 15 38
32 42 79
28 8 83
28 47 40
38 35 61
11 0 69
14 21 81
0 5 3
15 58 50
24 11 42
53 20 69
33 25 50
14 17 37
18 50 66
48 12 23
23 7 82
56 46 90
26 47 16
15 57 13
8 54 89
43 32 37
13 54 98
59 20 67
51 4 94
31 44 59
18 52 51
14 5 72
39 8 73
16 9 91
19 37 31
54 59 39
19 1 29
47 19 15
54 2 38
40 53 56
22 37 89
6 15 35
37 20 65
35 33 22
15 17 59
4 32 49
7 6 87
46 16 81
48 20 58
59 7 42
37 1 73
19 51 32
45 10 15
26 25 97
8 49 87
49 52 37
25 27 44
2 32 39
36 46 28
13 9 28
22 47 39
45 57 34
54 31 23
7 28 59
28 26 6
59 31 76
11 27 84
18 16 5
40 28 64
50 58 91
21 56 51
48 40 48
43 42 34
12 57 3
33 52 37
37 47 73
4 51 10
57 6 87
40 27 69
27 51 89
4 13 60
10 59 26
52 5 31
54 11 88
54 25 36
41 40 66
29 41 45
45 5 90
55 53 64
31 59 86
16 57 61
25 31 49
23 43 57
50 32 78
43 27 43
49 44 72
37 32 41
45 59 12
39 41 76
54 38 78
8 4 56
57 54 59
32 0 29
5 41 56
51 7 14
58 29 71
32 39 60
18 45 7
15 52 75
35 55 39
46 51 26
44 48 80
25 4 96
8 57 37
2 28 54
8 14 87
48 44 38
59 57 56
46 13 88
21 51 2
11 13 60
28 39 32
59 41 50
47 44 75
44 8 11
18 8 4
13 23 48
0 13 88
10 38 96
35 38 10
20 48 70
5 44 68
58 52 41
23 13 91
49 24 51
16 22 64
17 13 28
16 20 22
27 8 76
55 20 93
20 13 97
56 37 59
38 18 53
56 42 87
25 9 75
21 40 8
15 48 81
29 57 57
9 37 51
53 58 63
12 25 24
47 58 58
20 21 95
12 17 48
34 27 92
34 9 80
39 29 70
43 49 49
54 6 97
22 59 75
58 41 82
32 11 20
15 31 3
13 41 23
8 45 38
42 55 5
27 6 49
6 26 13
17 58 9
29 12 97
43 20 29
19 14 10
45 52 66
23 33 14
36 47 88
25 59 7
59 28 11
16 59 61
23 53 36
35 5 61
43 58 3
56 2 70
12 4 11
50 17 33
13 8 41
40 9 93
28 25 94
34 38 55
17 0 22
14 0 98
26 13 98
56 47 43
28 24 98
49 57 92
26 57 12
42 37 7
10 29 21
34 10 33
12 48 51
24 19 67
43 35 56
28 4 81
6 50 95
42 44 6
54 9 57
39 10 54
53 16 2
41 58 30
53 2 30
38 47 42
44 58 46
57 33 81
33 21 48
29 32 14
8 50 68
2 50 100
11 23 32
58 17 80
54 19 87
36 52 44
9 28 73
32 26 36
26 50 49
16 15 28
24 42 81
2 23 26
16 50 70
7 36 5
45 4 47
57 50 82
17 33 19
20 42 68
51 58 70
38 55 12
31 18 64
46 10 71
0 21 5
8 18 24
52 49 12
12 28 84
36 28 96
28 50 39
58 18 58
50 25 44
57 48 98
53 1 17
27 42 66
25 1 37
53 22 78
42 16 65
34 59 20
8 25 22
27 16 61
11 56 40
0 51 54
42 38 3
52 40 50
44 53 54
38 37 99
50 59 91
17 20 67
48 36 67
0 32 47
31 46 16
21 17 16
33 54 83
7 46 69
11 1 79
0 4 45
6 9 33
32 19 39
19 0 75
52 7 56
0 34 53
36 35 21
49 19 4
15 56 88
22 55 7
51 43 54
1 16 78
17 4 71
39 2 86
37 45 63
13 25 17
8 20 2
25 52 51
49 56 8
19 38 67
35 2 75
58 38 25
23 6 16
10 19 83
23 29 70
58 39 6
41 54 16
50 49 88
2 11 76
48 21 18
45 38 80
28 53 34
14 51 56
14 1 98
46 48 9
20 37 85
21 25 88
53 36 17
43 56 2
5 56 41
51 6 10
9 27 84
16 24 98
18 41 38
2 55 52
35 40 20
14 53 27
50 31 86
21 15 51
50 27 52
31 41 93
56 10 17
56 45 75
40 7 55
24 43 88
2 10 28
54 0 88
24 49 3
35 44 57
36 37 32
7 13 54
4 26 89
2 44 17
57 19 50
46 59 64
58 2 100
42 12 21
10 6 66
4 36 89
13 56 16
45 26 27
28 36 49
32 53 14
59 4 36
22 12 97
39 54 90
27 21 51
24 34 65
50 44 39
26 48 33
42 20 26
53 11 70
11 54 79
37 48 44
32 41 89
20 57 43
7 26 7
39 52 10
43 17 69
37 54 48
13 4 96
38 54 100
43 12 97
12 22 95
39 38 71
25 58 61
22 51 43
19 6 72
45 42 70
46 31 15
54 58 78
53 18 31
8 16 27
7 35 2
2 52 57
48 49 7
27 46 23
5 15 37
37 46 54
16 18 62
4 2 69
0 6 33
55 10 28
11 28 83
16 38 100
18 36 99
31 52 85
20 36 66
6 42 39
15 9 63
22 17 13
42 46 70
29 53 100
10 18 91
15 45 52
45 39 56
8 36 39
1 11 60
29 4 89
12 58 23
0 38 41
22 43 1
42 39 66
7 32 14
25 51 41
59 54 55
54 23 62
6 1 82
1 34 11
5 18 20
4 21 24
37 24 65
40 11 48
26 19 39
20 54 69
1 36 34
34 57 34
32 46 80
11 4 45
45 36 21
46 28 11
17 32 82
7 59 93
41 29 39
2 16 37
17 40 62
47 35 58
28 49 65
28 20 93
0 37 38
38 9 11
13 49 92
19 17 30
33 45 66
29 52 23
46 23 23
47 20 32
43 59 44
31 5 49
26 23 94
35 49 41
51 53 62
36 57 65
13 0 2
22 28 56
59 10 77
32 49 51
40 41 65
39 50 26
29 7 92
25 44 39
50 10 94
6 57 20
0 45 31
39 18 2
57 12 100
40 57 92
9 12 96
55 26 48
47 25 40
43 14 27
25 48 29
32 44 11
44 35 1
43 24 34
11 22 16
45 46 94
54 43 29
45 40 71
20 45 77
57 11 6
37 56 75
42 24 67
51 21 56
45 49 7
50 55 70
41 22 52
21 11 33
0 10 8
44 25 63
54 33 31
10 31 86
48 0 3
10 22 65
6 7 65
26 59 73
21 2 16
44 47 32
25 7 24
43 40 95
56 0 43
41 45 20
48 41 89
47 16 15
7 57 99
41 48 46
28 48 72
38 23 23
12 32 1
11 9 20
35 15 5
35 59 45
37 44 54
54 27 78
7 8 6
29 38 19
9 52 45
12 0 70
11 29 9
34 58 57
20 50 22
37 4 21
6 35 4
17 52 74
50 24 32
9 7 29
12 53 32
39 46 69
17 24 18
31 26 82
50 26 48
45 43 14
39 4 19
1 35 53
5 50 25
2 38 7
9 41 41
49 7 17
54 18 92
1 39 51
26 14 86
28 42 48
6 40 94
21 14 39
6 43 40
48 59 18
26 15 47
4 50 69
28 33 69
52 27 41
6 46 75
39 20 42
29 8 27
51 42 32
44 51 76
33 38 50
23 4 90
9 14 6
25 34 45
56 59 29
24 8 66
7 50 93
28 40 80
19 5 86
29 23 100
52 6 3
0 14 45
29 34 19
40 54 36
1 52 80
7 0 69
58 42 57
35 36 100
35 27 57
58 48 14
27 36 25
18 48 89
40 36 32
31 10 46
56 26 9
9 8 81
46 44 63
54 8 25
22 49 32
19 22 4
47 52 16
41 21 24
26 41 84
24 48 55
30 22 50
30 47 72
30 21 53
30 38 100
30 28 45
30 23 80
30 12 56
30 0 17
30 13 6
30 55 3
30 50 39
30 27 79
30 11 55
30 16 99
30 56 100
30 6 79
30 44 95
30 1 45
30 54 94
30 15 40
30 41 44
30 4 5
30 59 38
30 37 84
30 25 44
30 29 92
30 14 23
30 57 13
30 8 79
30 42 87
30 19 92
30 18 30
30 32 74
30 2 92
30 7 86
30 24 69
30 48 37
30 20 26
30 36 37
30 9 91
30 40 6
30 33 93
30 34 64
30 51 50
30 49 69
0 3 85
1 3 100
4 3 93
6 3 59
7 3 66
8 3 95
9 3 54
11 3 27
13 3 49
14 3 50
15 3 82
16 3 84
17 3 21
18 3 80
19 3 44
20 3 54
21 3 60
22 3 84
23 3 74
25 3 97
26 3 50
28 3 36
32 3 67
33 3 68
34 3 37
37 3 63
38 3 30
39 3 1
40 3 98
43 3 99
44 3 22
46 3 25
47 3 19
48 3 76
49 3 72
51 3 39
52 3 75
54 3 47
55 3 17
56 3 2
57 3 53
58 3 55
59 3 7
