79
42
82 58 0
35 34 0
10 71 1
58 62 1
97 20 2
18 16 0
46 62 6
8 39 0
12 64 0
58 75 4
92 11 2
31 33 1
76 9 10
52 81 7
81 18 5
27 91 8
85 60 4
60 78 12
2 29 7
60 25 16
67 29 19
80 81 15
51 50 12
12 75 6
63 97 22
62 30 2
94 22 24
98 35 8
48 86 18
10 87 21
65 46 7
90 99 24
43 23 3
64 40 10
84 17 30
50 56 34
62 69 34
32 47 19
36 82 8
39 31 35
34 23 23
94 8 29
13 27 23
2 26 16
96 88 35
81 45 13
90 15 41
39 74 18
60 34 3
92 19 20
1 83 46
69 18 32
61 29 12
31 27 25
32 19 44
11 73 34
3 83 21
45 76 44
2 90 35
13 44 58
83 14 29
16 18 23
75 32 40
94 16 23
16 85 32
88 43 17
49 63 4
16 3 15
46 67 50
43 52 69
45 64 23
61 33 9
98 19 4
53 9 30
48 53 66
89 78 49
38 70 64
1 84 8
12 1 20
73 19 53
67 84 50
50 74 59
58 70 49
13 21 23
2 52 70
3 70 80
94 60 46
61 53 6
6 95 83
74 91 69
11 1 56
2 78 9
75 46 16
17 5 45
89 50 27
26 34 28
7 28 2
58 39 26
13 99 17
16 23 9
23 67 50
51 16 1
90 71 33
98 82 40
77 38 46
44 58 49
32 69 30
85 59 97
58 31 15
33 80 53
64 50 5
72 73 66
5 18 41
68 64 75
75 83 97
93 18 108
66 36 45
39 11 85
82 53 79
31 44 31
65 89 54
91 39 7
13 22 35
89 44 111
91 72 112
35 13 93
28 53 14
78 33 75
31 48 34
60 38 90
82 28 135
74 95 7
65 64 64
94 64 3
66 94 138
85 39 67
98 37 103
50 67 56
22 75 2
83 75 136
80 61 111
30 91 146
87 28 96
64 96 73
64 7 11
9 39 86
15 8 81
93 34 101
74 65 128
28 34 109
65 90 21
57 94 19
16 55 99
86 0 25
65 54 70
78 3 149
12 73 66
21 87 83
70 77 34
71 73 135
24 89 8
71 30 40
67 16 114
82 30 115
57 46 1
97 52 33
24 5 37
38 95 90
30 17 30
75 70 111
1 96 51
83 30 23
62 91 104
67 60 2
50 99 17
91 20 174
39 63 42
58 78 157
97 22 124
33 38 103
69 26 168
52 37 43
72 76 49
88 99 32
10 86 112
2 46 150
1 90 191
78 54 152
84 47 78
90 45 91
38 30 166
9 78 157
11 86 172
73 32 90
40 86 164
10 27 172
43 67 169
71 29 23
37 85 41
11 8 152
20 1 114
16 66 204
80 15 187
6 35 51
69 32 162
30 36 20
81 66 20
53 32 91
93 30 206
72 91 118
14 20 157
44 18 36
91 38 22
66 37 154
12 85 195
86 47 143
63 8 74
1 36 124
11 71 153
46 36 119
97 46 212
14 21 140
63 72 200
99 95 8
50 17 145
34 31 193
81 89 113
73 43 86
3 65 28
21 33 112
90 87 7
93 72 244
25 60 105
13 35 152
85 47 166
11 53 8
49 6 102
74 83 205
71 75 198
8 91 54
56 37 139
89 94 5
87 64 179
53 27 174
40 36 137
10 85 174
30 49 213
33 35 19
87 33 240
59 80 121
31 73 161
1 78 176
87 49 146
20 16 259
56 64 75
78 36 249
54 38 104
22 11 16
67 92 25
17 77 28
2 69 27
19 40 273
40 15 33
65 16 75
98 65 97
69 38 220
39 92 87
46 66 181
31 58 190
88 72 60
91 61 69
73 64 63
87 23 218
63 61 127
45 36 104
97 82 174
21 98 225
27 88 139
14 66 215
63 41 135
19 66 171
12 14 163
18 71 291
38 85 251
5 8 28
29 4 122
7 97 131
59 31 264
28 63 209
6 15 90
47 31 208
8 95 5
0 9 304
0 64 113
53 72 273
27 85 196
75 9 249
37 19 263
63 29 39
69 23 64
22 41 176
29 87 152
99 33 88
67 5 49
67 32 14
57 55 19
54 8 268
36 84 53
26 44 139
13 95 164
37 38 208
82 34 166
23 99 231
80 63 232
72 94 289
19 12 33
85 45 142
13 28 132
17 37 271
89 57 63
58 10 192
36 96 174
51 71 299
89 0 117
31 28 183
48 45 337
5 99 70
19 33 156
26 23 25
61 38 219
98 33 43
5 85 272
46 50 306
44 65 49
27 69 126
83 81 71
48 27 123
81 85 213
22 84 108
12 90 122
65 62 144
56 92 66
89 73 221
19 82 224
38 8 62
67 99 201
2 20 328
14 96 0
73 38 188
4 63 236
70 44 363
5 23 42
35 2 168
77 58 231
30 64 23
1 74 281
1 22 271
23 73 303
72 33 100
68 12 153
51 81 45
14 71 53
5 2 349
15 34 89
44 22 125
6 80 229
21 37 46
57 97 29
15 48 142
81 65 189
69 48 180
48 44 50
11 65 250
98 70 340
16 31 113
90 28 19
53 24 9
80 67 255
97 21 76
23 92 224
34 11 46
72 71 99
78 11 228
46 24 281
85 25 305
43 28 112
61 90 315
11 32 122
63 5 114
98 92 297
25 11 361
80 46 390
47 75 209
33 43 111
98 11 127
23 7 167
86 31 328
99 76 364
21 2 92
32 1 303
97 60 52
71 72 254
21 92 339
5 83 419
20 88 178
63 14 43
71 59 407
81 39 315
54 92 165
25 40 376
63 58 132
9 53 63
47 57 216
53 10 202
47 70 178
64 83 414
39 60 59
21 7 340
72 41 112
65 3 245
71 61 225
98 94 381
70 84 211
97 71 352
8 58 360
76 72 152
49 78 281
86 85 54
75 90 157
54 70 377
64 24 244
81 95 311
89 34 7
2 82 316
93 33 44
45 38 348
10 92 195
50 48 427
27 35 303
77 50 190
52 18 10
80 90 142
60 50 341
80 17 264
75 29 451
0 50 81
60 12 351
57 17 219
53 35 107
66 92 369
21 43 260
19 27 134
55 3 133
68 38 357
14 90 244
41 9 292
77 63 327
18 20 246
38 66 211
82 57 424
26 55 31
20 9 480
78 50 28
7 90 62
64 25 67
66 95 488
98 0 356
97 54 456
3 61 287
3 76 315
56 63 431
7 33 390
31 93 85
75 63 412
48 65 118
59 29 395
98 43 37
30 82 505
57 59 401
28 37 116
43 85 33
6 85 341
47 67 334
52 74 504
34 2 5
7 73 230
1 98 22
69 63 235
92 31 476
75 5 506
75 55 249
32 64 454
95 27 246
78 53 393
29 3 286
87 91 20
50 2 245
33 25 71
78 46 290
55 19 47
25 91 304
33 51 268
11 24 78
48 80 31
9 61 193
27 80 513
68 37 530
45 71 415
15 67 172
94 9 200
26 97 61
29 85 302
76 54 411
92 75 355
96 8 119
81 19 310
0 35 94
51 37 109
22 44 172
26 85 95
61 60 133
5 72 290
36 3 240
9 25 455
2 81 438
12 11 69
84 33 317
62 9 232
28 56 336
92 12 9
57 28 114
46 48 459
33 82 537
98 88 435
78 44 8
39 81 374
83 0 87
23 28 427
66 76 64
30 5 513
3 80 194
19 74 454
11 0 341
69 98 517
8 10 273
59 75 297
64 65 222
61 14 542
1 71 559
77 46 513
11 99 209
83 13 503
12 92 241
52 58 327
61 19 102
9 50 15
22 18 98
72 98 206
25 3 467
51 26 428
7 3 37
30 29 174
23 49 73
87 18 514
98 85 401
45 92 104
98 84 79
28 18 18
26 22 430
94 83 132
2 7 364
44 43 262
40 38 3
15 87 316
27 1 315
17 0 525
63 32 185
54 29 380
93 63 119
56 61 439
30 76 394
13 59 437
70 91 144
60 1 282
88 95 125
86 57 206
6 28 254
9 41 129
54 30 91
90 36 46
62 65 445
41 61 620
70 47 286
65 96 256
7 29 473
11 34 12
6 55 182
30 0 290
37 10 448
9 32 254
49 33 61
17 7 25
94 67 224
50 26 304
98 6 377
91 3 115
93 75 347
28 98 466
43 76 584
53 43 108
77 35 423
28 40 301
89 82 572
76 48 384
32 55 112
65 8 140
34 87 132
70 3 6
49 43 177
76 86 588
73 96 514
77 65 276
14 22 18
30 45 209
56 98 36
28 94 620
55 57 351
85 16 326
27 55 192
56 70 102
40 12 558
54 14 318
34 85 38
34 41 184
71 21 47
63 76 466
16 2 467
35 12 309
70 52 348
55 24 409
25 87 376
47 32 632
36 14 61
49 52 261
39 84 617
55 60 121
83 45 490
53 82 293
68 97 193
14 65 112
1 20 259
39 94 366
73 48 340
56 43 27
2 86 662
67 93 195
93 90 256
51 67 633
4 34 146
5 6 25
35 64 431
75 71 168
55 83 266
21 35 240
8 51 403
16 87 341
17 81 422
5 68 569
58 93 687
81 67 532
71 11 218
48 23 481
30 37 132
46 3 267
5 62 26
25 67 197
80 53 269
54 35 380
94 3 573
67 2 152
97 69 126
19 94 589
59 12 320
61 52 432
78 70 92
37 23 16
49 70 115
26 58 166
72 31 454
51 9 215
18 61 156
87 52 708
25 92 390
83 4 729
7 23 47
4 32 109
13 70 488
39 26 691
65 77 330
75 28 200
19 90 634
59 84 162
58 28 443
28 73 736
31 34 323
83 86 264
40 32 609
33 2 494
93 92 57
81 22 200
29 66 519
46 43 358
67 69 39
13 11 240
68 51 16
67 55 153
41 52 685
50 95 3
53 73 454
75 10 484
60 72 330
70 15 252
54 68 569
73 1 217
64 49 377
66 91 454
63 77 333
27 29 142
85 7 751
87 77 369
13 62 275
73 18 690
44 4 109
4 41 289
80 7 85
41 30 389
73 28 287
48 54 417
70 53 63
82 13 175
41 8 273
24 10 454
31 32 332
96 66 38
8 43 383
51 45 208
27 41 762
14 57 73
86 72 153
74 66 661
27 47 709
53 65 208
7 95 167
17 50 755
95 12 646
53 70 585
66 38 792
13 87 0
89 96 327
58 1 551
10 15 20
5 97 486
6 11 719
64 6 671
20 28 110
19 28 541
29 70 688
17 86 326
60 10 724
35 98 590
64 9 219
7 46 432
34 40 451
1 5 656
88 33 366
46 10 804
71 56 227
44 66 115
22 95 192
12 8 210
93 46 788
9 51 13
64 45 18
59 40 224
24 16 644
34 92 523
94 80 686
80 58 330
46 7 162
2 77 569
74 41 58
61 81 358
36 93 106
86 19 675
80 14 499
26 2 805
91 26 220
29 95 608
78 0 687
24 31 193
13 61 226
60 94 815
88 98 520
29 10 563
39 62 322
77 39 443
49 75 778
84 15 140
99 68 612
9 18 563
15 71 766
71 37 382
85 48 773
47 87 188
9 10 405
21 66 88
70 55 832
49 26 135
27 22 93
99 52 182
47 39 164
70 22 555
68 93 190
95 17 194
55 88 268
97 36 1
97 28 692
95 22 840
55 31 776
51 84 617
65 81 178
53 13 353
93 10 616
84 67 91
12 10 96
69 6 200
90 6 347
99 97 289
23 72 617
27 67 27
0 49 875
10 13 136
47 10 452
23 65 218
16 37 820
28 43 40
31 98 596
44 80 122
87 41 263
44 86 363
41 98 709
59 32 858
73 60 335
91 89 148
78 39 647
76 83 854
31 67 665
46 12 878
29 41 79
40 63 367
72 53 38
52 72 230
35 39 736
33 60 143
15 21 15
88 18 565
4 5 852
95 2 370
50 70 193
24 9 701
16 74 144
0 63 112
76 66 809
98 10 720
26 96 520
65 95 548
83 66 176
62 59 716
47 98 407
98 75 766
17 48 93
41 95 127
25 22 457
7 71 692
72 58 801
60 64 898
30 62 306
66 44 619
7 84 907
94 76 419
26 47 827
11 58 479
90 48 271
56 24 537
45 65 155
15 92 414
27 0 501
44 21 913
61 55 942
7 41 49
87 14 363
70 40 607
22 2 583
84 52 618
75 81 727
17 14 12
4 25 769
78 43 231
38 86 62
10 91 513
86 74 838
2 57 922
62 44 389
88 44 513
31 97 790
28 92 823
55 47 696
67 17 44
54 43 228
8 81 403
67 41 771
34 15 959
36 28 172
17 96 970
18 1 613
66 25 599
14 85 351
77 44 3
70 17 696
14 38 42
16 49 757
3 22 592
46 60 248
62 16 6
59 54 232
83 59 614
70 46 263
56 36 660
55 94 560
40 54 908
17 2 501
89 22 913
20 3 958
76 15 766
66 23 972
82 81 138
27 99 883
61 56 498
51 80 129
72 97 264
39 37 147
7 92 803
27 68 964
94 33 329
59 53 535
17 47 522
7 89 758
96 56 232
32 95 263
26 69 349
45 95 385
66 54 648
28 45 292
22 38 360
60 4 802
11 75 452
26 38 846
86 22 207
73 74 804
80 70 922
95 72 232
37 71 379
61 24 104
97 45 14
45 8 181
86 21 736
25 48 484
18 96 174
23 58 1025
63 95 486
44 89 454
30 23 792
47 37 823
61 58 471
98 31 618
14 69 769
95 90 422
45 85 20
67 39 767
96 31 758
71 65 461
95 76 681
65 92 512
25 73 611
73 10 959
26 59 484
25 1 948
71 51 743
82 76 1025
65 85 797
16 28 546
5 48 502
27 25 675
37 44 673
93 76 700
33 9 145
35 76 410
37 47 734
24 33 855
51 73 118
28 58 1034
95 52 894
15 19 238
6 8 1029
88 60 883
81 8 962
87 85 490
47 44 144
90 7 780
39 10 836
43 26 702
57 92 342
19 15 870
50 20 373
14 48 791
71 84 402
83 95 446
41 56 98
99 75 49
3 63 321
51 94 660
95 73 244
26 98 136
54 25 631
39 33 105
95 85 876
92 97 355
35 94 37
66 83 137
11 64 944
90 84 649
94 7 300
77 15 588
63 73 48
30 22 205
59 2 810
83 62 1079
99 83 1075
48 47 438
82 90 818
1 33 200
12 69 308
61 98 750
86 99 539
41 13 591
11 44 1081
61 15 1026
48 63 180
60 93 337
33 20 987
31 59 342
7 25 556
10 23 870
76 26 378
58 54 631
18 50 483
63 57 493
49 9 893
4 27 933
23 3 687
14 95 842
6 24 129
57 11 608
61 11 508
18 25 983
89 6 719
48 64 990
5 53 572
49 18 418
64 16 17
32 31 1004
13 51 44
43 36 663
36 30 844
11 18 676
21 3 882
34 56 693
65 61 614
66 73 691
94 32 178
94 70 1127
72 19 717
77 6 258
46 75 837
29 51 941
84 22 89
73 56 884
73 70 490
50 31 1074
95 57 296
95 25 1020
33 71 9
7 76 92
50 97 183
99 90 839
22 8 1019
35 5 22
99 62 981
15 88 1062
64 51 668
31 25 400
36 19 249
7 85 622
76 2 120
53 25 132
23 39 137
15 35 537
87 50 370
72 8 966
1 50 771
8 97 42
14 98 373
36 39 537
17 55 890
70 73 91
69 16 753
54 11 425
63 99 1070
75 84 893
55 50 532
96 76 98
16 80 1037
50 66 453
1 51 492
51 55 43
69 96 698
25 39 161
70 88 427
88 51 317
6 71 61
9 67 347
99 9 434
86 18 109
93 17 1166
92 61 702
33 40 891
21 84 688
43 49 1024
24 81 992
89 74 96
88 45 1159
75 78 862
78 34 957
55 10 502
41 78 376
6 59 300
74 81 655
32 65 1016
32 54 944
46 33 1198
69 49 803
80 99 126
90 53 333
10 73 419
43 66 203
81 86 650
71 92 248
87 61 326
88 48 319
95 64 713
21 22 643
53 66 669
13 67 961
99 50 113
93 64 1088
74 26 309
68 21 1049
46 94 1191
91 49 1090
36 67 408
12 95 328
9 15 214
95 20 702
78 98 666
95 75 999
26 95 941
36 44 865
93 36 150
70 10 318
37 45 582
41 99 1041
91 69 1100
1 41 331
48 0 386
67 66 724
77 11 103
10 49 673
80 20 847
32 94 924
86 40 135
53 57 404
45 87 811
45 89 642
31 43 126
56 96 367
98 83 94
7 75 926
24 38 333
77 81 201
4 24 1119
43 81 253
33 57 153
0 55 209
94 69 1121
77 40 802
88 32 970
94 53 1220
62 46 1004
11 72 652
57 91 480
62 24 919
50 21 274
58 7 1039
40 91 90
68 85 739
70 24 518
56 19 373
26 0 538
41 90 105
29 48 190
91 22 101
47 50 1081
40 34 54
3 28 505
67 74 317
59 60 685
50 72 39
50 49 375
26 70 702
19 78 997
71 96 692
80 98 637
25 93 142
98 27 1250
50 64 274
62 54 181
97 12 996
74 72 903
16 40 103
59 22 598
2 19 126
57 38 1185
59 83 487
33 69 961
93 39 949
57 53 939
74 6 78
6 45 1159
8 90 372
8 24 1003
11 89 1086
43 65 1062
51 97 306
21 95 1196
33 67 977
37 29 683
76 52 1236
53 56 5
83 48 453
37 88 1296
51 53 1128
5 57 1315
21 29 997
64 72 452
95 81 514
44 35 1052
62 34 479
2 8 1033
34 47 867
61 35 830
69 19 303
10 56 923
8 20 296
51 54 440
69 44 1150
68 59 1066
9 99 891
56 5 90
7 38 286
45 22 1113
11 41 197
44 3 914
99 48 685
97 55 600
11 68 125
82 52 1108
8 22 510
60 51 253
8 52 141
95 37 851
52 86 850
7 39 191
72 61 697
59 15 1251
5 96 396
99 5 779
4 90 182
48 3 149
32 70 1105
46 25 328
97 27 1239
41 40 1094
50 0 486
63 47 237
99 22 268
75 52 1036
75 72 285
6 0 1162
81 37 1142
62 68 121
18 59 29
21 17 1084
69 24 1321
62 84 700
26 33 1011
87 24 168
86 3 348
16 95 250
57 24 1248
88 8 315
74 24 1291
39 1 223
52 84 612
76 56 371
8 48 288
34 97 627
76 64 645
94 99 812
20 17 857
35 86 99
17 20 93
93 14 755
53 81 98
83 31 497
33 22 865
64 67 1051
74 15 1001
81 26 1215
66 3 315
41 23 68
36 15 808
50 4 869
17 10 299
33 19 388
92 14 303
12 3 825
67 23 714
91 48 580
89 65 1226
85 94 699
74 70 343
78 58 1321
55 53 462
47 80 833
74 92 19
50 62 495
44 84 908
92 78 907
44 83 756
4 2 162
32 63 491
87 3 1270
93 49 1013
38 0 166
35 3 1327
3 73 1089
84 4 4
56 59 680
57 5 240
35 28 247
29 16 1286
64 97 993
56 12 908
69 54 1226
66 89 332
22 47 611
31 68 669
31 82 1163
67 54 569
16 91 820
44 17 813
74 64 188
66 90 577
22 81 102
19 71 1017
61 37 1331
17 54 459
5 45 1265
66 43 1016
81 20 455
13 26 782
67 37 1127
5 74 410
81 93 888
45 43 1445
38 2 213
59 55 610
19 39 611
91 34 1377
56 1 560
10 88 225
77 12 80
4 17 257
81 96 1400
15 32 542
49 35 853
70 19 1243
29 17 513
44 96 1442
57 78 1259
76 35 892
84 6 391
59 3 1113
44 20 1158
27 19 944
81 87 1445
67 46 22
29 43 698
32 14 1073
60 48 1318
30 95 638
57 36 1018
88 27 943
35 48 450
90 59 1383
60 15 434
3 56 1301
51 4 891
77 23 495
29 77 1410
11 91 864
78 80 518
25 66 1157
6 23 459
95 48 960
34 81 1216
68 82 295
0 40 1179
80 66 1344
47 71 875
46 1 1384
65 50 1273
4 68 755
80 59 165
7 53 1025
75 51 883
55 46 1127
74 77 935
2 3 589
26 81 227
74 22 226
80 89 1519
37 72 1470
44 25 799
93 48 1034
4 37 106
87 66 1469
57 66 1202
5 35 1408
80 95 997
36 41 603
36 11 946
26 82 57
65 22 860
5 63 1350
95 24 575
45 77 1025
36 0 1306
38 7 1149
76 7 1511
93 13 575
98 76 1427
30 80 460
92 66 238
87 8 776
90 89 650
12 16 1521
89 68 903
66 49 1106
31 3 1304
85 82 323
10 24 304
65 33 1041
54 1 83
85 65 1102
34 95 104
41 81 1344
20 92 519
16 98 775
1 27 427
32 24 1517
47 60 316
29 88 1275
99 78 1480
91 96 949
66 5 533
55 68 226
21 39 703
91 28 399
44 94 1231
32 2 730
96 16 201
7 63 1413
44 1 588
56 15 263
23 43 1538
58 2 1354
46 86 347
3 30 1300
40 95 122
97 56 1583
49 46 855
7 14 1058
93 66 793
97 64 405
71 27 1076
62 10 103
44 49 621
66 1 1091
64 75 566
36 74 1158
3 75 430
32 38 1464
41 92 935
31 8 1039
90 76 135
54 57 502
80 96 83
83 77 1188
9 44 442
77 92 206
93 89 54
4 56 840
95 35 402
61 66 876
8 34 563
85 83 1490
8 94 827
17 41 1566
25 68 1060
1 40 1383
60 81 407
18 5 765
94 43 51
83 32 921
99 77 1396
59 57 1623
34 5 850
11 82 663
40 0 71
80 36 816
33 55 314
25 15 1301
14 64 64
58 61 18
20 80 1126
15 11 1464
30 60 638
44 75 1362
13 88 585
7 40 922
64 60 506
51 83 665
47 86 581
52 85 1014
99 54 95
97 61 1538
50 18 251
19 7 1112
46 74 1466
88 59 659
36 40 1283
56 20 1281
92 21 1479
37 32 453
75 17 482
92 49 1238
69 71 1332
37 46 1308
3 39 590
83 88 1074
43 4 1303
53 52 347
83 99 1392
49 27 831
13 45 1531
43 60 244
14 34 886
77 2 397
50 63 943
98 15 1483
37 77 648
96 44 182
67 78 887
35 87 1464
2 75 841
32 39 893
87 51 230
48 73 1679
34 39 0
46 89 963
63 81 95
96 15 104
60 66 146
45 7 796
86 64 111
53 17 694
43 2 1539
90 80 1020
97 8 642
57 47 688
1 38 490
5 98 821
61 63 915
58 6 762
88 80 1476
18 78 96
20 36 247
97 6 659
85 49 72
64 52 1495
88 85 1037
8 3 112
66 45 933
48 68 1294
73 87 717
70 12 1051
17 29 802
62 51 1222
52 2 1322
96 51 103
9 76 872
74 46 1401
74 33 931
9 40 248
59 89 1319
36 6 395
1 66 232
18 80 523
16 50 916
50 37 1461
1 29 1330
36 90 1565
24 40 779
21 4 1407
93 71 333
41 85 1164
92 50 129
51 35 848
19 22 890
48 18 473
58 3 629
28 60 667
94 19 587
12 27 149
12 17 424
1 89 493
97 73 397
49 50 605
73 17 1304
58 25 204
98 58 280
14 68 1512
21 64 765
99 34 1675
53 21 1225
40 92 696
14 88 108
10 47 1631
51 3 1740
99 24 450
23 27 1557
27 92 864
48 7 1688
62 7 1718
53 11 29
80 75 1338
34 20 216
99 87 313
9 84 79
21 25 1489
68 73 1137
45 68 735
70 97 211
19 37 905
98 97 915
12 89 965
62 38 1075
8 83 1502
21 72 1047
19 32 446
5 39 376
62 93 1032
22 66 1105
57 9 1474
7 65 1026
57 23 1216
66 51 1014
54 49 963
67 40 1471
66 74 222
62 82 385
54 9 1129
37 33 346
2 88 232
10 26 332
74 69 1636
8 67 1529
22 6 769
0 66 1490
93 95 1094
51 25 866
66 31 744
38 49 835
28 95 866
62 94 1549
23 6 1282
72 95 115
58 59 1283
9 5 1649
78 35 992
62 6 16
48 87 1557
2 83 1782
86 69 1334
13 23 737
87 71 234
25 44 480
89 81 925
17 46 1036
1 32 429
68 53 1037
63 4 230
47 93 256
98 78 1641
3 74 1665
13 12 1476
49 15 1148
27 57 281
39 17 1046
60 97 1046
57 99 1503
62 63 943
16 59 950
88 68 644
28 46 1601
41 4 297
22 63 1663
77 88 1049
44 97 553
32 18 1381
37 26 576
63 31 698
84 59 317
82 20 1767
13 25 1254
29 23 364
2 92 1565
87 45 1845
3 44 895
57 85 1485
30 88 1031
40 17 312
83 92 1148
86 20 1773
69 41 1384
4 3 1200
99 73 1044
31 0 410
76 31 213
70 48 665
1 56 1691
26 30 1027
90 81 1297
72 32 1721
73 58 1352
95 28 598
89 11 175
28 70 882
57 62 131
7 21 318
84 56 597
23 76 1378
50 5 1025
7 22 1654
43 82 670
81 10 1084
99 69 1796
55 72 279
74 3 1823
43 17 427
10 59 12
10 9 347
53 98 1801
74 60 83
16 52 175
60 58 1180
33 50 292
38 45 1532
36 18 1612
22 96 1446
86 46 127
96 9 858
24 68 609
51 12 843
89 75 1630
73 6 23
73 89 985
83 67 1170
18 92 904
83 36 237
58 94 217
97 75 283
3 14 293
46 16 1859
41 64 387
95 11 499
58 8 1480
4 21 1518
83 80 1584
13 52 1456
26 4 613
3 7 1155
62 96 922
71 9 780
24 17 1113
57 18 494
28 9 1700
48 94 630
72 22 544
1 80 279
68 52 419
33 94 197
86 37 479
88 38 324
0 32 1543
88 34 1537
94 50 580
72 49 1813
86 44 304
3 41 1485
81 63 1918
45 53 392
18 52 1034
69 75 970
56 11 143
31 61 1468
11 43 1061
81 41 1129
91 8 1716
58 14 952
74 61 1543
25 55 308
93 74 954
38 44 1867
47 22 1568
98 91 138
96 21 1648
3 20 314
67 96 536
52 41 1357
87 56 1307
46 22 1790
59 87 788
0 10 1092
20 11 804
91 57 1731
88 89 1641
82 3 1782
58 91 882
8 17 709
80 23 630
3 66 1944
23 56 577
99 46 1821
8 92 907
77 48 1832
29 99 1175
52 11 1277
15 75 246
93 59 1074
21 56 253
8 27 761
81 14 1284
10 44 956
49 61 398
41 69 789
93 38 1115
86 59 1031
8 71 821
41 26 863
23 16 415
32 76 980
73 55 1108
68 67 1797
39 88 950
69 43 995
66 40 1082
39 61 1855
33 26 713
20 96 1593
22 21 981
57 49 1555
69 66 98
7 81 1151
98 51 432
21 5 8
52 88 1708
39 89 925
84 34 350
97 43 1484
43 40 563
94 6 983
11 40 314
59 94 1067
35 25 47
38 5 1299
26 66 1903
50 16 991
90 73 294
97 44 509
19 95 1517
68 49 1511
57 37 1667
92 60 1909
11 80 361
22 86 693
53 34 839
38 10 559
88 0 1817
98 81 666
67 31 1949
76 47 1261
3 15 1236
13 40 265
4 7 1694
32 25 426
27 30 1951
10 20 1077
99 45 1675
27 11 457
70 86 1623
84 2 1510
5 36 1665
76 96 564
19 20 850
54 0 197
84 41 949
83 34 198
19 77 1362
94 92 111
62 71 601
54 27 957
85 18 909
30 52 883
86 12 652
92 35 716
39 34 424
67 28 1784
39 23 1414
30 66 1094
84 38 721
52 78 39
48 72 821
20 32 789
59 19 1537
66 14 1358
29 93 838
58 87 417
4 88 1660
6 36 192
91 13 774
66 50 820
96 74 552
70 29 809
63 66 1530
89 61 1544
16 90 1330
22 68 1848
22 83 918
11 12 1474
14 43 1195
2 56 237
81 59 51
51 10 692
66 98 1188
12 36 620
44 57 1744
85 54 1849
35 49 1131
46 17 1058
20 38 296
45 31 717
96 61 148
0 87 1050
20 12 1792
33 64 1414
90 11 989
39 20 1621
36 21 964
0 25 848
6 83 629
68 8 557
69 2 1886
60 55 323
40 89 225
27 81 399
92 29 1752
34 35 926
47 25 1551
54 61 90
52 34 768
19 70 2095
64 23 1853
73 63 846
90 67 2090
84 43 233
77 31 1581
73 22 1436
51 93 1491
18 95 393
30 1 962
0 60 1143
30 25 1995
58 80 1527
21 18 292
6 58 90
5 26 1924
21 14 506
77 62 957
11 30 1930
83 54 1443
56 95 27
17 1 1090
18 40 1548
34 6 1228
5 40 866
74 32 381
15 43 1067
37 13 2061
66 39 1703
59 85 983
25 20 585
6 57 960
50 89 624
59 33 271
53 54 1349
44 64 375
97 29 2010
10 16 864
4 47 527
19 1 861
23 66 730
94 45 1165
70 18 2088
89 18 1756
40 62 1999
16 44 637
10 57 1789
37 30 1046
95 1 577
36 22 1409
54 39 995
22 76 1723
8 26 1456
32 26 1584
94 74 1432
75 21 1405
1 55 1133
75 4 212
80 72 848
5 60 1617
31 74 1149
52 59 1201
75 56 1519
21 45 2024
71 64 1261
41 49 1320
46 59 1641
75 24 912
92 73 2021
5 50 538
56 33 1280
20 64 536
61 26 1378
26 78 601
87 96 1188
96 65 1810
87 72 2181
57 26 818
87 4 510
87 15 1489
97 50 1242
29 27 414
18 8 825
16 7 865
69 84 898
72 83 1477
72 36 1675
67 83 340
61 45 627
68 91 1307
38 84 792
95 3 90
76 25 1594
2 34 1074
17 23 1142
32 83 2014
8 59 1946
39 80 11
29 34 1066
4 85 1040
1 60 2180
38 17 340
83 64 1139
27 59 1198
66 28 88
5 16 1789
58 67 224
29 94 2136
64 86 118
71 80 1733
34 96 2202
6 27 252
74 23 1804
20 57 895
48 26 114
54 65 573
43 92 2117
4 72 642
82 29 725
89 47 1015
85 0 236
5 89 371
72 89 1792
67 95 48
89 51 2057
17 62 1513
48 97 867
63 30 1927
23 78 330
35 99 2146
18 86 960
28 1 1578
46 92 955
9 22 1019
17 45 421
66 48 1438
93 12 1320
48 55 1933
40 19 1083
72 6 844
9 93 731
57 84 538
52 65 1046
29 36 1924
25 31 261
74 20 1379
90 3 932
38 31 433
77 8 223
86 88 1963
99 70 1831
8 30 1429
12 32 1226
8 45 1743
26 29 1195
95 61 501
28 47 1539
39 57 1381
92 33 1271
86 62 356
16 60 962
74 35 2093
61 21 123
48 31 1850
50 68 1713
88 22 881
77 61 448
66 77 1812
80 77 1059
54 77 138
78 65 357
21 9 964
60 67 1147
60 35 1293
37 89 415
8 14 960
47 84 2277
6 4 2072
41 94 2157
23 95 798
57 61 104
25 50 1485
73 37 1977
6 21 36
95 50 2299
65 28 392
78 14 146
73 12 1159
9 68 1317
18 89 1978
19 60 595
17 43 1466
55 66 736
5 7 641
80 78 509
98 28 1303
67 43 488
67 71 1659
58 16 1949
81 4 2097
37 31 1509
13 9 301
77 24 1710
26 16 1235
60 17 2249
35 71 474
40 57 394
58 23 1864
55 48 885
78 7 795
51 43 312
30 28 1197
71 49 979
96 67 1433
88 53 1938
54 85 1383
93 15 994
83 41 70
23 37 1483
74 45 1374
91 63 216
51 5 90
67 7 458
72 59 2058
57 10 1438
18 47 1778
72 9 2061
47 11 147
22 90 1913
75 34 2239
10 90 1648
18 90 342
23 80 368
82 33 1615
22 24 2225
24 11 1393
74 48 1965
84 49 1786
37 2 657
15 1 2044
35 93 1236
89 26 2016
93 60 600
99 40 947
22 57 2301
49 45 323
92 39 904
54 55 501
39 6 1689
18 81 776
71 13 91
63 9 641
84 99 1768
10 21 1940
77 80 2149
40 65 1502
54 97 1477
6 49 1131
35 38 798
57 68 1164
48 36 639
5 14 102
12 13 549
30 18 820
7 87 1777
85 22 1779
9 92 2136
26 92 1074
76 0 791
68 78 898
71 76 1438
19 98 1136
10 36 61
62 20 1339
21 96 2369
95 55 931
52 16 1418
35 14 1601
44 70 1547
16 24 1978
0 24 1908
6 20 45
40 1 1451
15 29 1546
86 61 124
57 64 2356
30 78 1151
45 97 968
0 43 1515
37 43 165
32 10 1092
57 77 1999
58 81 689
30 41 261
51 88 1251
61 12 695
38 50 28
32 12 141
90 5 2204
9 13 548
89 85 1101
15 54 2411
84 12 541
14 45 293
52 91 1970
93 85 960
61 75 262
16 63 2266
16 20 2334
10 78 1845
65 58 368
21 90 2111
8 55 964
66 9 818
89 19 293
25 26 1919
55 32 2167
77 72 156
92 51 1813
74 1 535
3 49 369
77 43 1871
46 63 1046
2 13 267
64 41 625
89 84 1161
19 54 1842
94 63 1609
76 13 1185
78 21 799
13 8 1615
52 13 481
68 2 1458
98 30 396
16 73 1098
59 35 1363
20 70 581
11 33 668
36 64 518
56 35 1072
13 74 1695
94 26 1244
56 18 1039
85 78 1192
39 67 812
38 88 439
93 45 2204
55 43 1723
78 31 94
52 17 1297
94 44 2347
14 18 2385
82 89 1166
43 72 796
71 46 574
35 69 1962
45 47 875
32 23 822
55 84 1613
85 81 103
53 3 1654
54 87 2099
19 96 560
39 49 1821
15 97 1608
7 32 515
57 88 504
32 46 977
19 48 755
63 0 814
44 53 485
92 85 769
21 52 1124
65 59 2062
71 87 307
50 38 830
5 95 1895
58 71 1628
55 13 1073
76 59 2453
87 19 1101
34 52 2161
59 86 2184
75 2 1841
96 12 1023
5 90 531
14 47 374
16 10 1051
28 23 1588
1 88 1677
26 86 1940
61 1 450
67 80 1267
63 96 1763
34 63 1905
70 35 1017
65 97 1605
49 24 224
35 66 66
84 73 1754
22 54 1203
81 68 425
33 66 874
69 86 2402
41 29 358
3 60 479
75 44 201
41 1 7
96 24 1656
2 12 885
36 51 350
35 67 2057
35 6 2532
93 65 1649
26 99 2321
40 64 1469
46 96 549
65 31 436
96 43 716
56 74 2285
95 96 1477
4 66 2354
23 21 196
29 47 2295
33 96 1482
49 92 1373
65 68 1471
82 88 450
46 9 1436
36 26 261
59 16 2024
19 86 437
1 82 2032
66 75 690
35 10 2309
9 7 345
96 73 1942
13 36 315
75 31 2253
1 87 1170
14 9 1233
9 77 1731
58 20 1591
18 49 2436
22 85 1603
68 46 1436
34 18 1872
98 49 1574
46 0 2251
70 30 853
92 98 1354
67 50 2457
38 96 1161
93 26 2142
41 43 119
8 53 2089
31 6 1353
85 34 1876
35 21 2094
94 38 1786
6 65 819
28 78 876
22 97 904
22 61 161
26 14 11
22 48 1152
6 72 1098
47 30 1192
26 53 1802
30 46 773
62 29 2304
36 95 571
41 73 1936
72 65 679
19 31 225
86 28 1848
97 74 1179
9 27 1555
64 31 981
34 1 1119
31 40 36
49 19 1395
72 74 1385
59 14 101
82 18 2470
9 88 1110
76 50 169
51 23 1152
33 1 996
37 21 454
78 63 2090
95 5 148
87 47 799
78 12 2382
34 65 915
73 25 797
36 47 1148
7 82 972
10 8 1268
61 25 272
2 1 2083
28 75 1107
33 5 2377
82 71 195
68 18 2609
50 78 1805
39 22 1370
23 18 530
25 16 930
54 13 1902
20 29 181
81 13 912
22 3 821
11 49 2217
12 70 199
38 58 2123
84 3 910
70 89 399
40 9 1106
73 62 2220
11 39 699
1 0 1126
64 36 969
73 51 231
17 25 1424
84 19 758
30 53 730
94 24 2488
14 92 1478
73 44 1778
19 11 433
29 5 1700
86 81 252
74 90 1259
97 72 2192
89 13 963
32 16 1514
69 87 1106
96 94 74
59 39 162
53 90 1940
70 37 184
1 43 1035
92 89 388
8 54 1011
34 71 688
54 47 981
91 80 931
51 20 1142
23 87 2560
4 64 1920
28 12 2486
95 13 2511
94 51 2197
12 61 1146
26 17 801
41 2 1826
33 47 1559
91 83 1362
71 58 1201
76 71 121
46 2 1603
63 45 1057
44 51 1885
80 28 2204
91 12 772
82 45 962
63 49 798
68 95 1208
24 70 2339
0 38 2537
88 87 1918
26 63 10
4 94 2508
85 41 2336
38 36 2292
94 71 30
47 41 1484
94 29 447
14 46 2449
65 5 1603
62 39 954
49 72 596
30 99 614
92 17 1087
51 21 366
24 32 749
7 57 142
45 81 1029
26 41 189
85 27 173
33 18 1732
5 55 151
88 37 1816
73 27 1279
12 54 1287
35 53 2374
53 80 2479
24 66 2602
45 27 2609
23 62 1614
45 78 1137
44 26 644
63 56 2189
13 55 2
20 47 89
52 39 1902
27 50 1490
14 32 969
21 63 2653
89 93 618
33 62 13
37 8 1130
0 44 667
54 16 1460
93 2 2225
37 73 164
37 36 1495
65 57 763
68 1 715
87 80 1435
70 34 2001
95 84 425
22 15 1391
47 54 263
49 7 1377
29 58 2588
35 91 855
25 30 1307
77 29 1520
25 72 1856
73 50 1538
41 32 252
95 98 2422
30 85 2625
32 78 2045
68 17 1280
0 98 1214
32 9 1022
74 13 2251
67 24 825
23 51 214
18 15 516
57 67 2178
22 87 1050
63 53 2638
31 54 679
35 90 1416
85 15 1084
18 7 1901
49 14 2141
76 30 2388
70 5 406
51 92 2704
29 32 1839
15 63 665
91 59 1286
3 16 975
87 62 2703
45 75 780
53 44 977
34 72 476
94 27 2274
12 50 593
15 85 1327
95 40 19
57 19 782
68 41 2379
81 78 364
77 87 2636
17 13 1602
81 49 643
22 4 2626
83 17 987
0 71 301
89 86 2232
20 59 717
14 72 2481
55 5 1670
2 9 604
65 30 1407
66 67 959
3 2 1493
95 86 2351
94 0 1035
75 11 877
0 41 2304
81 69 387
49 94 4
88 24 1926
76 21 1521
96 72 1116
26 3 1687
85 32 222
3 36 267
2 18 757
34 48 471
4 60 2474
37 41 2277
44 62 1962
9 38 627
10 22 378
34 51 2644
9 0 1881
0 56 1808
17 94 1717
52 38 2369
64 53 704
81 52 1742
68 27 408
24 88 2355
98 29 543
95 39 1130
21 60 2514
44 69 2623
96 52 1254
10 83 738
87 57 900
72 96 909
76 80 1415
22 45 1108
23 38 196
50 19 2225
89 28 528
1 57 895
37 93 356
13 46 612
99 1 1717
10 0 1959
67 98 1641
37 98 2083
95 66 2576
52 90 1231
11 5 2450
40 61 73
84 85 1967
15 49 867
59 23 1937
74 88 819
64 66 2065
34 45 2572
66 32 1548
86 77 637
46 21 712
0 86 2143
10 5 677
17 52 471
82 12 2649
63 44 2682
63 27 485
25 21 1830
31 89 2636
30 87 1649
72 68 900
83 63 2146
8 35 389
35 59 109
89 35 2105
17 71 1043
20 18 248
49 95 80
61 82 2893
59 8 2070
19 24 834
94 59 1946
9 96 2203
8 64 1919
80 9 228
13 60 1082
44 14 1464
18 63 625
41 20 973
33 68 1105
27 77 2477
40 88 103
46 84 15
82 86 962
19 21 2006
62 98 1094
75 6 1793
49 87 501
13 20 1818
41 6 780
31 13 1851
96 75 2767
43 97 1994
29 2 862
48 22 2147
35 47 2764
1 67 1456
72 37 2162
80 13 2339
36 78 839
52 26 1660
24 12 634
26 24 2257
67 25 621
30 15 2722
28 36 1435
49 0 1603
45 39 71
65 56 1610
93 55 2053
34 25 1159
26 57 2073
72 40 2522
16 89 2069
24 78 2855
72 17 1327
62 3 84
28 22 2716
53 64 2130
53 91 2542
2 39 1988
50 82 1877
65 44 1404
75 40 2814
4 98 1464
34 53 1315
72 87 2287
0 31 508
85 86 1445
13 19 216
85 57 1222
92 47 1501
31 78 1064
38 6 1494
93 21 2639
52 73 1303
73 3 676
92 65 1208
92 62 847
25 14 531
4 38 2796
12 0 2181
71 3 890
5 29 2682
38 59 1912
15 18 1039
93 84 1874
85 89 2920
27 7 2219
18 22 1546
32 92 2369
87 20 1268
67 1 2622
56 58 1791
83 53 2297
3 55 1266
40 98 538
81 62 962
20 26 2607
77 49 1042
35 78 972
21 55 1008
52 33 661
90 41 46
48 51 2191
22 70 2288
40 48 2244
99 27 2884
62 99 21
10 84 60
7 24 2816
52 28 815
89 29 1114
85 53 240
33 89 595
44 91 328
34 46 2845
29 68 1062
12 82 2222
32 68 170
46 64 774
50 61 403
10 69 1837
16 94 1607
41 83 3004
14 73 643
75 65 1929
49 98 1577
29 54 1200
10 4 2088
84 86 376
75 0 2678
71 47 868
24 44 1926
6 53 895
21 12 2559
0 51 2736
92 23 885
49 88 1768
60 37 2034
27 72 2503
0 85 1173
52 15 1707
59 34 314
61 28 2508
30 16 442
96 49 246
75 27 764
4 97 516
68 22 2457
73 99 1043
21 32 482
95 91 1230
91 77 1139
38 20 2788
69 7 1443
67 35 1335
17 87 2648
78 41 2601
52 75 396
85 11 3027
75 59 520
49 34 2724
55 27 107
48 14 631
97 91 1364
60 33 2835
99 8 592
59 63 2087
23 47 2151
78 68 589
2 21 1924
55 63 2367
97 90 1124
91 35 1971
97 67 1860
30 7 2915
60 61 541
38 77 1732
4 40 814
85 71 2658
71 4 2702
15 95 648
9 56 1822
51 85 2649
91 45 2179
68 57 1856
12 77 621
13 94 1657
60 22 2870
24 97 113
71 32 214
77 76 798
77 55 1111
18 91 1782
99 21 2263
18 37 2886
20 4 2827
88 91 2523
51 90 167
23 86 1169
15 60 1361
99 41 1632
43 44 225
51 27 791
93 87 2845
67 20 612
91 85 1617
84 55 2471
27 71 526
12 22 2883
70 74 1940
35 73 1036
71 90 1445
65 6 2304
95 43 520
95 0 732
50 84 1703
73 23 2576
65 21 1154
32 72 2701
41 60 2499
9 69 163
1 70 3028
10 99 1880
55 22 195
93 86 2705
32 29 1406
16 5 610
46 83 1849
48 34 3083
86 26 51
19 83 41
33 49 1201
21 36 1476
6 38 390
45 93 1120
56 7 445
99 57 2022
86 66 864
46 8 3000
21 78 1653
26 25 2129
34 89 2311
18 66 878
90 75 1284
80 10 935
86 49 1490
65 13 2705
50 8 1523
81 36 310
71 26 2555
54 72 519
83 20 341
91 44 1387
61 0 249
48 8 676
16 84 707
29 62 925
33 75 2046
38 69 1379
8 82 3098
23 59 2997
57 51 1926
10 97 1266
84 51 2144
1 31 3025
43 5 768
91 70 2925
63 70 2766
92 22 1180
10 52 2842
24 86 1977
94 58 1511
43 87 347
64 18 851
39 82 183
31 76 1071
58 27 1159
39 50 384
74 12 2134
95 7 454
8 57 1963
69 31 2257
3 81 771
78 49 1495
62 41 55
18 14 2660
97 30 1886
10 29 2255
25 62 95
58 17 2377
83 37 1864
83 9 393
45 17 2544
15 72 404
32 86 1517
31 5 2421
91 50 433
83 29 2466
70 95 1035
70 90 554
68 96 1724
5 56 2230
69 58 84
90 78 1603
39 25 2954
82 10 1183
97 99 2492
96 97 3134
9 47 471
68 81 2593
77 54 2465
59 45 1300
72 90 2333
15 76 1688
22 56 177
73 69 1438
99 17 3009
59 47 1196
36 62 1686
64 29 2654
35 88 1482
31 19 2842
12 78 368
31 39 2743
38 15 2732
96 34 2686
62 66 2736
26 18 116
68 25 1622
35 51 218
90 32 429
91 75 1656
93 62 2042
52 76 2500
77 97 1623
37 0 658
16 58 2638
61 94 90
40 97 1397
5 76 700
39 8 2151
84 45 2134
59 98 1146
4 70 1209
38 55 523
38 18 739
84 61 2579
48 2 179
1 25 2271
54 20 3198
82 68 1501
8 76 2595
89 38 1467
94 20 3200
99 64 2024
32 87 1767
37 78 2657
57 76 2963
25 90 699
34 70 322
98 93 993
14 6 1973
83 87 270
96 22 1902
23 70 1118
77 73 373
62 36 1901
44 24 254
80 22 1594
64 84 591
56 85 2066
83 71 1796
98 57 114
43 15 900
64 17 2136
47 63 1724
0 30 3113
52 92 2813
91 81 2180
75 60 475
14 1 153
41 22 1522
74 51 2571
66 24 1895
92 57 755
33 87 625
52 5 2055
89 95 2688
64 95 3199
35 52 313
8 66 2457
10 18 406
24 36 2548
38 83 901
2 44 2257
15 58 1305
70 4 1545
73 41 3186
8 61 1503
34 12 1720
94 49 935
89 4 158
19 38 130
5 12 1691
89 70 2928
27 38 2280
78 75 2151
50 47 3275
47 59 2367
58 33 1912
36 10 2927
62 43 2585
33 74 2686
13 54 2987
27 70 1824
84 63 215
53 58 2333
37 92 1554
17 66 2569
10 43 1520
97 11 186
80 44 1329
49 41 2048
85 93 1179
20 19 3283
40 7 2138
68 48 2900
82 97 1672
0 54 375
0 74 2383
62 40 631
67 56 2580
32 74 3147
22 12 1588
57 74 295
31 41 1405
4 53 1495
28 52 1140
39 0 906
88 78 983
5 38 3061
29 19 480
90 14 623
18 72 2356
81 30 2724
38 11 1315
64 98 1334
37 34 979
49 64 543
8 40 1893
16 22 1417
97 33 2362
47 26 842
89 30 2593
15 98 2935
98 47 2105
9 3 1528
30 97 1574
84 11 3287
98 68 2066
82 99 938
45 26 462
63 11 2807
27 39 1592
91 93 1811
19 47 3328
23 84 1953
55 12 2811
99 80 390
43 90 407
20 99 2807
67 91 2627
83 38 2015
91 31 1549
81 56 1442
51 74 1463
0 70 3014
41 75 182
43 47 1042
78 20 3302
48 96 2471
77 17 825
93 1 674
35 63 1304
70 51 729
32 59 1915
83 46 2099
33 21 153
59 56 1994
66 47 2229
29 1 336
44 76 1003
81 12 175
18 39 2352
35 4 2954
43 56 3205
65 23 3114
88 50 3067
52 10 1072
7 17 1254
20 72 1464
24 8 1206
76 97 930
96 2 2416
22 16 3362
78 15 254
58 51 3050
49 29 700
99 66 1581
58 53 1131
17 19 3372
22 55 3266
47 2 181
28 8 3160
86 29 891
15 74 3298
83 11 2939
87 48 52
2 48 1762
53 60 581
2 87 2872
39 36 3235
12 99 1392
20 75 2971
82 36 1510
5 93 2519
20 91 410
5 51 3420
65 63 330
21 27 2074
74 31 2915
95 30 1275
56 2 1587
68 33 1594
2 59 718
88 57 3280
44 78 2632
22 99 831
64 47 3279
91 95 2051
77 9 511
56 23 1897
3 97 1441
78 32 2194
60 47 529
61 77 2729
58 52 3085
94 52 3111
15 13 2102
69 11 1642
63 2 2336
11 15 978
39 86 2972
38 81 1479
97 57 354
24 74 1749
27 51 2536
89 48 2370
37 55 1356
83 27 1724
5 17 1946
14 87 311
49 53 1771
18 88 1664
86 65 1365
56 72 43
38 67 2071
61 18 3058
22 19 2242
49 17 968
61 86 3343
62 90 1974
41 18 653
64 74 2920
20 77 1803
65 70 1075
28 30 2246
10 3 2805
89 63 1536
7 20 2911
37 94 2357
75 19 1574
85 5 379
20 49 790
5 1 1884
17 78 1235
69 37 653
29 97 3153
45 99 3430
28 3 503
3 40 1188
25 71 1605
18 64 1247
75 36 2145
68 14 3443
66 34 2347
40 2 938
57 63 462
93 88 605
2 36 797
54 36 1307
7 54 74
29 75 2521
94 87 1574
95 83 297
88 40 803
50 76 1890
79 57 97
79 11 47
79 60 90
79 12 76
79 70 36
79 14 76
79 53 79
79 91 38
79 0 60
79 88 98
79 21 11
79 20 99
79 96 37
79 22 39
79 47 25
79 16 92
79 80 38
79 10 29
79 44 18
79 30 3
79 61 30
79 34 53
79 27 84
79 68 25
79 98 50
79 56 63
79 85 39
79 37 19
79 75 39
79 89 57
79 86 93
79 94 86
79 62 96
79 73 49
79 65 22
79 26 32
79 58 61
79 45 73
4 42 8
5 42 11
7 42 54
8 42 5
9 42 66
15 42 82
17 42 77
20 42 34
21 42 90
23 42 48
25 42 92
26 42 91
33 42 47
37 42 67
40 42 88
41 42 30
44 42 6
48 42 82
50 42 96
51 42 90
53 42 82
55 42 3
64 42 36
65 42 24
69 42 18
70 42 4
71 42 89
73 42 24
74 42 65
78 42 59
80 42 46
82 42 58
83 42 39
84 42 20
89 42 53
90 42 70
92 42 80
98 42 45
