17
16
27 9 39
6 38 9
35 28 14
13 7 89
32 38 57
38 0 6
20 19 98
36 11 25
14 13 35
11 30 61
5 6 70
37 14 34
36 4 35
10 8 51
11 1 9
39 20 84
5 7 88
12 11 15
1 21 32
18 25 74
34 4 57
27 6 4
26 3 28
8 25 46
25 14 61
35 21 6
7 21 40
3 33 68
9 39 20
6 4 34
28 7 74
32 9 56
34 9 6
30 33 81
12 35 46
32 33 63
19 31 100
18 22 23
30 21 83
1 28 99
8 3 28
11 25 80
4 22 29
14 34 63
19 13 9
11 12 67
28 29 82
14 11 64
33 26 81
10 38 42
25 6 25
8 15 95
10 25 47
31 19 90
24 20 73
9 2 68
24 34 76
35 13 38
37 12 80
4 1 7
8 30 59
23 11 36
25 3 93
38 2 38
39 4 39
1 35 34
3 5 43
34 3 86
31 25 45
27 18 7
8 2 99
2 19 49
21 6 54
34 31 70
11 36 68
20 29 61
2 35 79
32 34 75
0 32 7
29 33 47
15 12 6
10 36 80
32 0 88
34 21 46
18 32 80
30 15 32
13 12 65
36 20 72
20 36 64
15 3 3
33 15 41
4 37 74
8 4 68
12 30 27
5 21 73
10 3 55
27 39 17
2 8 24
12 28 41
18 1 97
30 5 5
15 22 91
5 32 77
2 7 19
10 24 74
2 1 56
10 0 73
35 7 28
6 3 39
37 18 84
23 30 57
38 35 49
18 21 51
39 19 37
14 31 44
3 8 66
14 9 93
8 39 85
12 19 76
39 27 28
0 10 93
15 0 71
4 19 39
22 2 8
18 4 59
21 8 1
21 23 36
2 32 38
0 5 31
29 0 36
2 33 16
9 26 15
10 27 50
26 30 57
4 10 78
19 1 57
31 28 54
31 27 82
31 13 7
26 9 84
27 20 33
2 23 91
39 36 15
35 9 68
37 24 71
22 9 73
26 21 8
18 13 98
36 33 22
7 22 72
12 25 40
22 37 52
25 0 56
3 24 7
37 10 39
32 26 18
3 19 89
30 12 54
33 29 69
25 20 72
8 14 87
21 36 70
5 20 41
39 38 47
14 2 23
33 10 2
2 37 93
9 38 50
30 31 27
21 24 81
1 12 14
3 36 11
8 11 58
34 22 43
25 13 83
8 13 30
22 4 66
19 33 42
25 23 51
8 31 52
3 31 69
3 29 4
12 13 38
5 9 37
39 37 7
39 30 4
30 38 55
37 4 54
11 31 66
27 26 77
33 23 58
2 38 55
25 18 52
14 39 92
29 22 9
11 28 11
15 21 39
21 34 45
33 18 38
7 1 17
19 23 89
37 13 84
7 9 95
10 5 97
28 9 47
8 29 96
22 24 47
10 6 71
3 30 50
13 28 78
30 37 45
23 5 93
35 14 83
2 5 29
34 15 20
28 20 18
35 4 8
31 11 30
1 26 10
21 38 18
1 14 24
24 35 13
21 30 90
35 15 48
25 19 46
26 23 73
26 38 30
11 20 25
27 37 85
26 1 95
33 1 98
39 29 12
6 8 32
34 27 13
25 30 27
23 24 81
30 9 88
15 8 98
12 14 9
26 4 43
20 11 9
2 34 84
28 18 54
30 8 76
18 0 93
13 21 35
23 26 29
3 4 80
1 0 63
33 39 87
39 21 93
2 14 47
7 28 29
35 1 61
31 3 59
20 28 32
36 2 1
10 2 12
4 7 27
13 1 46
15 23 30
28 36 91
1 24 81
38 31 14
19 26 49
28 15 91
8 26 90
15 2 73
33 19 47
9 23 83
33 21 5
37 27 37
4 27 14
2 6 76
20 24 33
26 28 93
8 10 76
9 21 31
27 2 50
36 15 2
28 19 26
19 8 7
14 35 9
8 33 55
27 30 33
33 3 84
0 28 4
8 32 50
39 5 90
0 20 38
30 24 16
5 1 43
13 3 45
23 36 90
3 9 83
10 21 15
21 20 15
5 19 83
15 29 9
38 34 76
25 35 89
19 12 59
10 13 44
12 37 2
0 4 91
38 33 59
5 35 20
33 12 76
25 9 42
29 9 86
24 39 36
37 29 46
10 20 22
4 35 48
31 18 20
4 25 43
20 35 75
28 25 47
12 1 10
23 33 47
10 9 18
6 29 43
33 24 62
20 8 51
25 5 24
25 12 1
12 33 47
36 26 44
29 12 26
8 19 80
7 33 35
20 6 70
21 18 87
4 28 29
20 14 80
35 18 37
3 20 61
32 20 51
1 2 89
34 38 90
28 5 67
18 34 16
12 24 87
21 7 89
3 18 29
25 31 64
5 31 29
39 25 26
4 14 72
23 1 88
3 15 70
25 28 93
0 2 51
36 25 60
36 10 14
10 15 18
19 7 31
20 9 9
14 10 90
39 10 31
32 13 49
29 38 28
12 38 69
28 30 97
9 35 74
1 4 13
38 19 76
26 25 1
22 6 68
29 11 16
14 12 82
28 2 46
8 20 70
0 1 64
29 30 2
27 22 48
36 22 43
35 33 87
37 0 25
27 0 60
0 26 30
26 14 7
33 37 86
10 39 57
39 3 22
1 7 93
14 22 30
28 33 56
30 25 43
25 7 53
31 33 15
9 36 43
18 35 64
6 5 8
5 13 38
3 6 4
7 20 56
9 19 21
6 32 82
9 12 18
36 27 95
5 33 87
28 13 76
35 10 4
27 7 64
15 24 27
14 28 99
33 4 9
24 12 32
31 38 18
20 7 100
12 2 38
19 27 34
13 27 95
14 19 15
12 18 97
22 13 91
27 4 16
22 23 55
22 29 5
34 12 57
38 14 15
35 6 8
11 32 47
31 12 67
6 39 58
18 19 97
11 8 52
9 1 8
19 14 13
28 23 90
37 21 56
26 19 48
37 1 100
9 31 72
15 9 89
19 30 67
37 32 60
28 6 49
0 8 11
11 38 80
8 34 56
10 30 12
26 2 45
22 30 86
18 14 64
19 9 84
35 23 18
25 11 2
32 14 65
1 13 52
15 31 12
39 9 79
29 31 76
21 10 96
36 9 6
38 27 99
30 26 48
32 3 73
0 21 83
8 38 54
11 27 78
3 21 62
39 15 64
34 35 93
23 25 30
9 34 88
29 39 9
12 36 48
37 2 72
35 3 52
38 13 71
0 30 37
21 22 10
6 12 80
39 14 13
21 15 65
28 1 54
7 26 73
38 36 94
6 23 45
12 15 43
31 5 45
31 36 76
0 6 67
29 37 6
28 4 23
18 3 36
8 0 76
7 15 90
21 13 5
23 28 92
27 11 6
2 29 44
14 1 81
24 36 22
7 5 9
27 13 82
15 19 12
18 7 14
35 36 13
3 12 26
7 39 18
4 36 47
21 29 47
1 33 70
36 31 59
23 0 64
19 5 51
0 29 44
5 22 19
21 5 31
12 22 41
7 36 94
25 36 27
13 18 28
33 20 36
32 12 57
10 7 44
24 10 42
4 34 29
31 1 69
11 5 11
12 32 80
38 15 62
8 5 7
37 26 58
27 8 100
33 32 100
29 1 73
29 25 73
24 1 42
10 32 64
29 8 7
36 30 57
6 35 35
23 4 1
30 0 4
6 2 92
29 6 5
39 8 60
15 33 56
4 29 80
21 31 63
30 34 84
3 10 40
34 30 63
19 37 90
23 38 48
14 27 41
4 0 90
37 39 18
20 1 38
4 24 23
30 23 63
31 23 43
27 14 52
0 38 79
10 12 37
3 26 12
39 6 47
2 20 56
9 0 63
14 26 51
19 36 48
33 2 15
8 36 3
19 0 60
21 1 62
9 25 96
13 26 14
36 12 41
18 2 12
28 10 39
18 33 75
38 1 62
34 2 86
27 29 20
3 35 34
10 4 51
2 15 52
30 22 50
21 32 53
15 30 80
9 10 69
10 28 60
3 38 56
20 3 29
26 13 6
2 22 93
20 13 66
34 28 64
1 36 13
27 1 25
10 22 39
1 34 76
11 2 15
15 11 70
1 9 54
7 14 83
2 28 64
30 4 98
13 19 43
38 32 26
8 23 74
13 32 35
7 35 61
12 20 64
12 26 56
27 10 58
26 36 44
9 18 31
20 22 18
6 11 87
9 24 53
37 9 30
12 23 75
34 10 63
7 6 95
14 20 40
4 33 71
26 32 89
26 35 34
30 1 17
22 10 8
38 23 63
11 23 82
2 4 16
14 5 87
23 21 94
37 11 69
14 29 72
18 26 69
21 39 52
8 7 59
24 0 4
2 31 43
15 28 18
3 32 100
35 29 12
7 12 39
20 18 35
6 9 4
25 34 60
20 10 79
5 29 40
32 29 84
13 31 93
38 26 61
26 15 87
0 34 86
34 7 53
18 12 39
5 25 20
24 30 65
33 14 45
6 18 54
19 39 69
1 23 41
13 22 82
19 2 46
27 23 16
31 8 61
4 11 17
3 0 11
25 24 13
31 35 63
18 5 96
0 15 48
39 23 56
36 38 42
29 21 16
33 13 59
37 38 3
5 27 53
34 39 65
32 22 21
37 36 8
37 6 95
1 18 5
30 18 66
29 14 22
6 33 18
19 29 78
7 2 66
30 35 24
13 35 86
24 14 55
7 19 49
7 30 24
22 8 91
34 1 98
26 10 59
15 35 2
5 3 89
26 27 14
28 21 25
36 6 76
8 28 79
21 0 25
36 19 2
8 1 33
7 25 18
12 8 84
9 3 90
32 28 60
14 30 30
3 14 7
2 12 4
31 0 100
0 23 1
32 25 44
26 34 27
10 19 44
14 33 19
7 13 79
1 30 68
37 31 14
15 27 86
35 20 74
4 38 84
15 5 67
19 20 8
39 0 59
19 15 92
37 8 88
11 4 7
31 20 25
21 11 17
3 13 32
29 18 12
28 32 42
15 26 15
9 37 69
0 25 49
22 38 29
14 38 55
24 26 21
13 2 55
7 37 95
1 5 84
0 33 89
19 22 58
33 36 23
36 28 99
37 3 24
35 27 23
13 36 88
12 7 37
39 24 34
34 26 36
23 12 42
21 25 64
38 29 45
18 36 97
36 24 77
9 14 7
2 27 79
1 27 25
22 3 21
5 4 7
37 23 79
32 21 13
39 33 81
2 9 43
14 7 66
13 14 68
32 36 48
32 30 23
30 10 34
38 30 35
3 34 92
35 0 55
35 39 98
24 29 28
38 8 18
29 24 3
24 8 8
1 11 87
9 30 76
0 31 14
9 7 68
36 0 4
36 39 64
20 15 3
32 23 32
36 13 39
22 11 65
22 1 45
23 9 48
7 4 27
5 10 79
9 15 17
33 35 20
22 31 31
29 20 41
9 32 96
28 27 33
33 0 48
19 24 64
15 6 62
0 19 69
31 4 15
31 10 5
36 8 21
32 8 5
25 37 35
18 6 68
35 5 86
24 9 51
19 32 63
13 37 38
10 37 91
2 24 18
19 38 28
38 25 78
22 15 22
33 38 84
3 23 67
1 29 51
7 11 23
20 2 44
15 4 62
24 7 72
22 21 48
18 15 79
10 14 80
25 2 66
39 13 91
27 21 33
22 0 100
31 21 57
24 15 87
23 27 8
18 39 95
13 10 58
22 32 28
10 31 49
2 26 94
29 5 95
6 24 70
33 34 16
13 20 21
32 19 93
26 37 72
1 6 98
13 30 27
24 22 20
6 15 36
13 29 80
32 6 57
32 11 11
38 18 57
28 11 39
8 21 49
12 3 5
14 32 66
32 5 84
38 9 12
0 27 5
3 1 33
6 19 80
18 23 83
31 9 77
30 6 98
24 25 16
22 33 29
4 18 77
26 6 93
14 8 78
25 39 32
2 13 22
27 32 19
32 10 13
12 6 63
24 2 13
22 19 74
29 3 34
30 27 11
26 20 39
25 21 15
24 6 17
10 33 13
24 13 26
35 31 66
34 8 73
21 14 72
14 3 46
30 11 41
11 21 55
11 3 51
20 39 38
14 25 39
20 26 7
11 26 68
37 35 79
26 39 55
1 38 65
10 1 80
5 2 51
2 30 79
18 28 96
15 36 61
22 34 80
34 11 88
25 15 32
11 34 82
29 15 28
10 29 45
10 18 8
39 32 73
5 37 27
34 36 16
22 14 78
19 11 11
38 24 82
27 33 67
39 28 89
14 21 6
21 3 16
38 10 79
30 13 72
20 38 60
21 37 95
33 9 29
27 31 40
13 24 31
15 38 65
30 19 56
23 35 8
0 37 27
24 38 4
27 28 10
37 22 88
18 31 91
18 9 66
10 35 71
15 1 8
30 39 66
23 29 83
8 24 70
15 25 56
6 14 87
30 14 99
29 28 24
35 24 36
8 27 78
36 32 99
6 0 41
9 33 68
15 18 19
1 22 100
11 39 3
21 12 8
27 5 57
23 39 14
26 33 35
26 5 29
31 6 82
32 39 35
11 9 89
26 29 45
32 7 13
11 33 17
34 13 36
34 37 68
24 21 9
20 33 40
29 4 40
8 37 31
5 8 47
1 8 60
25 8 20
26 12 64
21 35 50
3 2 30
6 21 44
36 34 11
20 12 99
22 12 74
36 1 8
13 11 97
29 10 17
23 7 34
4 26 8
39 2 44
27 34 59
30 36 59
26 31 60
30 2 33
2 25 94
33 25 100
39 1 60
11 22 1
18 38 56
25 1 76
28 39 71
10 26 91
23 34 12
35 12 36
31 24 56
38 39 92
6 20 18
13 0 92
25 29 79
4 6 3
8 12 15
11 24 96
23 14 94
3 27 84
6 31 71
19 34 73
9 6 51
9 4 30
5 30 97
26 8 60
23 22 27
19 4 53
36 35 76
8 35 97
8 22 30
21 9 38
26 22 62
18 37 72
4 23 65
9 11 29
35 22 76
21 27 54
37 20 39
30 29 2
19 10 13
27 24 41
36 5 88
37 33 94
13 8 76
31 30 46
33 22 10
28 24 64
37 19 41
38 11 28
28 34 41
30 3 18
29 34 74
7 34 21
28 31 74
24 3 85
7 38 31
23 3 69
8 18 76
13 4 22
33 28 43
24 32 21
23 8 20
5 11 80
12 0 96
20 27 77
36 7 74
10 23 25
32 4 81
14 36 78
39 7 67
5 28 49
35 19 78
3 37 88
12 34 16
27 15 52
33 11 49
22 20 63
34 0 96
24 5 80
28 12 41
0 39 55
35 26 5
0 9 15
7 8 71
30 7 19
38 3 21
4 31 23
36 3 81
32 31 21
3 39 11
20 0 98
0 11 1
15 37 22
12 5 40
14 24 3
21 28 90
31 29 16
21 19 47
2 18 49
18 24 90
31 7 71
5 39 4
37 5 5
18 8 25
14 4 18
35 8 40
7 23 68
24 4 71
9 28 4
5 38 6
36 21 16
37 25 4
6 22 85
9 13 25
22 18 6
5 15 6
21 26 40
14 6 84
35 38 63
5 0 65
11 6 24
10 11 46
38 37 15
26 24 63
11 37 71
35 34 26
0 3 51
9 20 58
31 15 50
0 14 50
21 4 29
0 18 26
14 37 31
14 15 11
7 10 46
32 18 89
24 23 48
37 15 86
33 30 94
2 21 32
36 29 23
19 25 41
0 36 33
4 2 38
4 13 58
24 27 40
9 22 61
2 11 98
38 22 90
1 15 3
24 28 60
20 31 59
19 18 66
31 2 97
25 32 19
20 21 14
11 19 79
12 21 8
7 27 63
12 39 22
20 25 46
4 20 21
15 20 69
20 23 39
27 36 84
6 27 91
7 3 56
13 25 22
4 9 4
38 21 71
33 5 30
14 18 35
29 23 18
28 8 73
28 35 36
18 29 80
15 14 78
19 21 45
39 35 76
11 18 15
25 26 50
7 0 77
25 22 79
28 14 90
6 34 94
0 13 13
28 3 51
23 15 77
37 34 96
23 18 50
36 37 58
15 7 93
28 22 97
20 5 49
11 13 19
22 36 21
13 38 13
38 6 43
31 26 57
29 13 9
18 20 47
35 11 65
15 34 18
7 29 7
34 20 63
9 27 26
4 3 83
39 31 56
32 24 51
34 24 63
31 39 35
34 23 15
23 6 48
6 25 21
3 25 22
2 39 43
4 32 65
0 7 92
1 20 66
28 0 2
0 35 61
28 38 45
4 39 83
25 33 10
35 30 46
32 1 94
27 25 55
6 26 52
15 32 52
27 35 38
12 4 14
29 26 86
5 23 47
20 30 24
21 33 88
29 36 92
11 10 1
7 31 96
22 25 46
7 18 14
18 27 45
0 22 10
3 11 81
26 11 18
24 31 73
38 20 49
23 20 52
3 28 65
6 13 69
34 18 59
34 32 25
29 2 57
36 18 34
1 19 80
12 31 49
32 2 35
10 34 93
25 4 73
32 27 69
1 32 67
24 19 53
23 37 43
14 23 33
29 7 71
7 32 6
12 9 54
13 23 51
32 37 30
12 10 13
17 13 25
17 32 9
17 39 64
17 8 27
17 7 35
17 37 2
17 19 5
17 29 38
17 5 16
17 34 86
17 25 54
17 26 24
17 16 54
17 2 89
17 21 50
17 20 100
17 18 38
17 24 22
17 38 45
17 36 22
17 1 61
17 12 11
17 35 83
17 28 80
17 33 16
17 6 28
17 14 64
17 11 87
17 4 13
17 0 24
17 22 26
17 10 85
17 30 90
17 31 61
17 15 2
17 27 76
17 23 59
17 3 53
0 16 87
1 16 89
2 16 95
3 16 2
4 16 36
5 16 66
6 16 4
7 16 75
8 16 19
9 16 61
10 16 57
11 16 98
12 16 35
13 16 15
14 16 11
15 16 50
18 16 32
19 16 13
20 16 10
21 16 68
22 16 52
23 16 35
25 16 35
26 16 5
27 16 23
28 16 83
30 16 78
31 16 7
32 16 94
33 16 34
34 16 85
35 16 80
36 16 70
37 16 17
38 16 29
39 16 95
