64
63
13 40 75
15 10 35
23 21 96
42 44 81
17 13 55
42 61 27
56 8 62
32 33 97
36 27 32
36 38 26
4 41 99
51 10 15
65 53 94
46 19 88
29 10 6
18 58 72
39 52 15
26 69 93
49 28 88
6 10 19
20 21 91
10 12 73
2 35 97
66 28 27
15 56 13
16 44 52
68 34 16
48 57 92
12 14 71
8 9 91
49 23 94
49 0 52
29 1 28
60 19 33
56 25 37
68 25 77
29 31 53
41 27 29
39 25 49
57 14 7
32 22 11
41 68 28
41 19 38
38 62 8
24 41 53
39 60 42
26 10 16
42 15 91
16 20 91
68 7 43
27 15 69
55 52 53
20 2 82
65 38 53
59 46 99
33 48 9
69 26 45
1 52 39
43 49 42
39 56 11
68 30 43
32 2 67
5 37 7
51 19 18
44 50 69
39 66 3
18 9 83
30 19 84
55 9 45
22 56 14
29 2 10
45 0 51
1 5 50
17 59 31
65 39 94
40 7 95
12 5 97
16 48 55
46 52 4
62 67 27
28 39 96
20 32 65
28 52 85
50 66 41
33 13 96
2 51 59
69 62 18
53 51 41
52 43 73
17 36 29
9 26 99
0 48 13
16 2 2
15 41 10
37 5 83
21 41 96
38 18 85
67 39 78
0 23 77
14 44 73
53 10 96
44 42 19
32 66 37
52 29 45
8 58 77
25 10 60
23 31 56
6 69 36
60 52 33
30 21 3
0 6 52
39 50 92
67 68 100
57 62 46
53 24 5
22 34 18
33 38 74
48 39 12
43 48 27
4 44 37
35 36 51
18 1 35
14 13 7
46 68 84
61 44 96
16 15 47
58 41 25
28 14 68
30 42 94
44 6 60
56 45 46
24 8 99
66 35 4
58 16 56
68 23 61
21 18 85
60 29 63
58 34 73
0 58 78
52 54 44
56 27 7
49 65 91
18 37 81
61 50 36
43 45 8
34 3 75
39 17 21
48 5 86
45 4 96
29 4 29
45 18 89
42 23 72
56 19 40
40 36 26
61 37 43
57 4 43
69 20 63
44 4 71
65 3 8
25 32 35
66 39 35
14 9 92
24 3 7
49 57 58
33 37 68
37 28 13
36 68 42
3 34 69
62 45 72
51 29 64
48 49 85
56 65 86
35 30 81
12 68 69
4 10 83
32 14 50
48 8 96
25 18 51
34 38 19
37 14 44
37 2 93
12 52 78
21 51 53
0 9 71
9 58 2
26 65 62
15 27 6
33 21 31
32 3 52
43 33 72
41 13 53
37 31 73
31 20 27
62 2 28
29 33 99
11 15 79
4 12 31
41 9 46
48 53 34
56 12 29
24 19 8
61 65 8
27 16 79
65 48 28
26 41 7
38 37 16
37 47 89
48 10 98
59 61 57
46 38 8
58 57 35
0 11 13
54 42 74
69 43 6
21 26 38
67 3 24
1 51 24
48 69 12
18 17 48
40 51 62
40 35 71
59 2 18
14 30 74
62 24 18
68 16 19
19 61 66
66 37 8
38 30 10
57 51 98
69 49 35
60 57 39
69 3 17
20 15 55
65 33 91
41 16 88
38 54 41
13 22 35
60 65 24
56 18 21
9 15 18
41 23 97
8 21 48
29 53 73
57 46 3
28 60 64
57 45 84
9 16 46
24 9 43
14 17 72
46 67 15
16 53 59
9 55 14
68 50 2
58 24 49
15 35 55
50 38 48
8 31 43
68 13 48
37 59 64
43 39 63
56 41 22
29 52 11
58 40 32
20 42 77
17 42 60
31 7 98
65 8 44
59 38 64
31 8 42
9 3 43
41 31 43
51 43 9
11 7 15
37 17 33
13 45 86
58 55 22
53 46 31
9 24 28
29 61 38
23 58 49
20 30 49
62 32 10
48 16 61
41 30 4
32 16 66
21 42 30
28 17 66
27 54 74
0 50 88
16 41 55
36 6 93
36 3 64
22 59 72
11 2 86
22 15 15
35 4 42
8 33 56
52 12 77
68 21 8
19 21 29
9 27 57
13 30 99
53 50 50
15 49 49
54 9 24
68 1 4
8 65 94
52 55 34
9 23 64
60 33 51
30 40 80
50 7 67
53 33 9
26 24 64
20 69 93
19 67 23
38 57 82
48 50 51
18 39 7
33 49 76
61 27 50
46 28 82
23 8 54
38 1 57
19 43 100
8 0 47
29 49 60
62 31 47
39 19 19
58 61 72
20 11 4
67 56 65
7 5 3
67 34 7
0 53 98
55 43 26
45 2 6
60 18 7
22 41 67
35 25 27
62 48 82
11 19 68
10 2 58
41 28 31
50 42 35
14 58 15
50 43 81
38 48 62
53 18 84
65 35 52
39 33 54
11 58 68
69 25 31
22 29 60
60 8 63
42 11 92
15 2 11
30 15 13
48 46 97
57 42 68
33 57 27
38 20 35
8 34 21
21 60 95
37 39 55
30 52 35
48 34 47
17 18 88
22 24 84
68 35 56
44 61 7
27 23 31
35 33 40
33 62 97
27 56 88
12 38 73
57 18 74
0 1 45
45 5 81
37 27 38
9 22 44
54 58 13
28 10 77
9 2 32
31 1 89
10 6 64
35 0 71
33 15 79
8 17 24
17 69 91
46 32 38
12 26 89
22 6 56
41 22 51
2 14 34
18 68 12
41 33 33
12 60 78
54 15 77
56 29 19
2 50 92
0 7 72
42 40 12
3 5 72
2 25 46
5 4 98
4 1 52
50 1 69
26 34 49
23 49 67
54 59 32
33 44 83
32 59 41
62 37 16
49 56 43
15 24 32
10 25 72
11 48 29
6 45 56
58 54 9
8 59 70
17 57 43
2 16 22
3 57 44
48 56 77
23 61 18
36 50 64
58 56 15
29 44 44
20 29 22
15 40 27
31 12 98
35 67 17
41 61 100
65 14 97
16 56 91
29 34 80
49 45 26
4 56 6
6 3 24
56 58 57
56 31 66
44 0 50
17 50 76
62 47 60
59 15 93
11 25 23
43 11 95
54 13 64
39 36 40
68 37 46
55 44 93
10 45 52
69 15 29
58 65 84
54 62 91
21 34 55
0 40 64
49 42 61
24 13 90
35 61 70
36 46 42
2 32 50
12 6 24
56 43 87
16 62 84
14 49 89
45 56 83
48 58 93
56 57 35
20 19 84
14 6 58
52 57 86
53 66 42
32 29 17
28 36 22
4 67 76
41 42 85
4 22 94
67 20 98
19 1 23
60 62 85
19 54 87
8 24 49
34 43 70
45 24 70
5 39 66
50 20 26
19 32 20
10 69 5
48 9 66
50 39 93
3 14 16
30 48 61
62 27 88
38 36 22
4 11 74
55 17 24
12 44 22
49 26 17
18 60 85
42 45 12
30 49 20
67 65 93
10 0 51
67 40 49
9 69 74
11 37 38
21 23 69
5 36 10
39 42 62
55 10 84
4 43 74
29 17 72
30 29 51
55 16 11
29 46 16
42 0 29
14 65 39
12 1 43
21 61 61
18 5 92
46 18 79
54 12 45
30 62 40
48 32 37
36 19 21
35 9 63
21 6 82
36 31 63
65 24 44
43 31 42
18 24 44
24 28 42
61 3 59
14 61 49
55 23 1
26 29 22
28 9 88
5 8 88
69 12 11
12 28 40
1 55 44
66 42 9
60 5 35
45 65 19
44 23 41
56 13 21
65 46 11
41 5 21
52 58 67
18 4 97
16 68 23
43 55 81
29 28 60
17 39 61
47 26 87
55 59 76
43 60 25
1 14 65
54 65 10
21 56 11
6 54 60
68 2 37
31 39 63
19 41 78
43 53 12
56 49 98
4 7 5
45 11 87
19 56 62
23 19 14
30 26 69
39 26 40
60 42 61
41 38 59
69 24 45
15 61 77
39 22 21
40 49 64
2 18 84
66 59 95
41 39 37
62 66 78
43 61 96
29 0 34
3 10 78
59 50 55
25 62 65
19 35 26
37 13 19
62 20 64
46 20 12
31 40 96
9 33 40
54 10 22
69 29 69
62 42 50
36 2 53
38 22 20
35 44 6
26 42 79
36 13 24
67 55 34
61 20 56
13 48 50
47 19 96
13 17 93
13 28 76
57 21 40
51 66 47
45 13 12
61 67 79
12 8 10
45 66 3
68 10 85
33 60 35
35 17 28
29 47 86
26 30 38
60 28 10
50 30 91
10 13 43
5 41 25
53 37 86
55 24 4
45 44 36
59 55 99
11 44 8
12 4 59
37 52 5
20 53 82
47 57 40
36 10 77
4 61 82
37 67 80
57 26 44
1 61 23
66 43 47
45 35 27
36 18 77
40 10 100
46 51 40
1 2 61
11 68 7
61 68 25
7 33 55
14 26 79
26 51 56
27 60 6
47 58 15
31 67 73
23 4 82
2 36 93
19 53 93
66 8 87
18 66 29
49 68 36
20 22 86
30 3 25
27 18 23
10 68 6
7 9 10
66 52 75
47 22 30
25 59 74
22 21 82
43 24 40
19 68 24
9 35 78
40 24 48
66 17 30
67 51 83
48 29 39
42 52 97
42 14 19
14 7 62
13 20 61
40 2 77
67 28 64
12 24 45
5 56 53
65 17 81
8 39 50
53 58 72
58 26 33
37 41 28
14 33 13
28 57 15
25 51 39
48 38 79
67 59 51
60 44 26
6 11 12
41 15 63
17 38 100
9 0 95
11 14 26
50 44 68
5 6 59
16 17 52
16 38 64
58 3 44
49 11 36
57 2 16
57 37 63
12 22 36
26 58 6
62 40 43
45 20 86
4 45 30
38 10 6
29 5 97
17 5 10
38 16 56
9 6 29
46 42 14
51 18 26
42 6 11
8 23 56
47 52 40
45 16 2
67 29 72
26 46 82
56 36 64
19 11 83
45 32 29
39 51 60
22 32 6
26 16 26
55 61 6
65 2 57
15 8 85
3 58 15
43 37 68
58 18 45
68 43 26
61 24 62
35 3 99
10 3 99
17 62 12
21 9 2
27 55 55
59 40 9
35 56 11
44 47 39
15 33 98
56 1 61
22 9 53
46 1 56
47 67 25
53 47 93
62 26 56
33 8 39
26 55 19
38 44 65
15 57 31
49 6 44
46 22 16
48 61 12
7 53 45
11 69 52
45 1 81
24 39 45
0 42 24
60 50 46
62 18 91
67 4 73
67 22 8
28 35 36
19 17 1
65 21 79
65 10 11
9 12 41
23 69 85
50 40 96
26 27 8
48 45 94
28 69 9
54 38 57
13 2 11
67 16 64
17 46 74
14 11 60
7 23 30
49 8 66
65 9 61
51 32 4
23 55 3
56 24 19
0 37 80
60 67 25
28 31 81
12 13 59
61 42 61
33 14 42
16 52 56
58 68 72
58 50 19
2 12 35
45 12 7
13 41 67
17 6 1
9 41 86
39 29 40
52 8 62
15 13 30
58 30 61
42 5 76
54 56 74
66 5 91
51 40 50
37 61 83
46 59 88
0 49 21
52 65 8
55 34 68
45 59 95
52 26 11
10 53 26
38 46 75
34 37 71
47 46 73
43 59 71
20 10 17
43 69 27
55 5 87
50 9 21
8 60 77
53 29 88
5 27 92
49 60 9
12 47 6
53 14 92
6 35 39
57 0 67
66 24 54
38 32 8
23 37 22
68 28 58
68 20 79
3 45 10
69 0 85
23 45 60
10 41 8
33 39 20
52 27 12
59 44 46
41 66 47
13 51 97
54 18 43
50 8 99
31 2 90
15 34 13
55 1 58
41 40 1
9 47 38
68 33 19
1 13 37
23 68 65
7 56 4
67 60 3
39 69 50
36 4 36
58 4 20
44 10 67
6 46 25
65 61 86
37 40 49
25 26 22
53 8 93
50 24 97
42 69 11
32 21 66
30 4 66
44 65 29
11 47 25
25 7 100
57 10 61
22 4 33
53 41 38
60 41 50
66 62 100
65 57 77
36 51 88
44 27 2
12 56 95
41 20 14
55 21 39
31 24 18
34 69 80
31 48 39
12 53 30
48 13 92
0 47 89
0 18 74
2 46 24
47 3 73
42 16 13
67 30 31
66 51 18
6 36 100
53 69 59
2 34 74
47 21 97
18 12 80
54 52 95
10 18 10
5 21 35
14 37 84
17 56 66
9 42 12
33 53 23
19 46 23
59 52 77
12 30 66
17 32 87
3 32 3
11 61 26
4 60 91
20 36 20
60 27 9
13 49 35
36 65 16
24 58 9
47 28 13
36 59 14
20 16 16
22 58 13
17 23 73
42 41 38
13 65 83
46 53 86
56 16 7
34 41 94
58 27 44
0 30 41
2 53 25
18 14 29
8 30 15
51 12 35
0 41 15
40 15 91
6 60 42
17 40 36
33 30 90
5 57 51
19 31 67
1 36 4
8 54 80
2 38 43
66 48 82
36 61 33
62 59 84
13 21 77
16 14 82
32 19 63
46 7 32
62 41 41
34 4 4
25 29 28
68 45 60
52 34 8
43 1 57
69 10 67
29 19 91
9 50 66
21 19 41
44 17 73
8 52 33
12 34 87
5 20 16
12 50 20
56 20 78
34 1 52
4 40 23
0 24 29
68 17 63
69 36 14
10 47 92
22 47 73
69 40 52
17 8 42
12 20 1
3 52 70
43 46 83
8 25 59
5 3 50
42 60 62
30 36 57
44 8 6
25 48 90
66 47 22
40 4 76
40 29 1
55 26 89
10 26 30
59 11 99
32 61 42
44 29 8
14 68 100
17 2 31
18 32 60
6 5 9
24 1 17
11 21 62
59 25 11
31 56 49
17 22 20
61 56 88
61 45 26
28 8 1
10 36 55
67 47 26
14 60 58
46 33 98
20 37 40
48 15 47
8 27 84
25 8 75
27 11 39
60 17 46
60 49 84
4 38 42
24 62 52
24 5 90
57 5 45
16 55 97
32 28 20
62 1 6
12 27 71
69 33 45
35 5 41
20 5 4
31 50 77
59 60 62
27 69 9
20 54 33
30 53 93
69 37 50
1 42 89
24 12 18
41 2 2
45 62 17
59 67 13
61 8 16
51 52 6
10 22 52
20 14 69
13 67 54
68 67 3
33 31 87
25 53 64
3 26 100
35 23 38
61 13 16
51 25 14
44 26 34
27 33 33
24 67 7
10 21 94
3 47 65
42 3 88
3 55 90
0 2 41
23 26 72
27 36 48
38 33 51
67 32 13
44 24 9
20 0 13
43 9 77
31 62 4
44 51 7
52 25 30
11 49 46
15 52 96
15 28 57
17 3 30
45 46 19
26 6 10
47 30 49
53 4 14
41 37 15
45 54 87
27 34 89
60 68 34
60 34 74
58 17 30
50 11 13
3 13 91
4 69 89
65 25 47
69 6 67
16 65 28
53 22 25
69 2 78
58 37 51
0 25 55
37 25 83
25 47 83
36 33 99
42 30 44
30 25 3
38 28 51
57 48 17
39 57 41
30 1 27
41 21 62
13 4 8
47 53 93
62 29 5
66 61 35
6 22 22
69 44 70
51 35 78
5 38 91
66 38 60
36 21 7
55 38 30
9 51 67
36 67 87
29 41 25
62 49 48
33 25 64
57 54 67
55 28 77
6 13 56
35 52 10
65 6 85
60 0 51
47 9 2
9 20 2
27 30 29
60 15 12
0 61 10
33 0 40
35 20 76
22 19 24
57 50 37
21 7 3
60 21 18
32 17 54
9 57 1
37 16 51
52 13 17
58 28 29
26 22 27
27 1 93
21 45 19
37 42 87
39 34 64
44 48 29
39 48 62
7 18 71
9 18 78
50 62 37
20 51 53
8 7 41
54 60 29
57 9 10
55 25 16
8 19 57
18 51 34
20 62 93
53 28 56
20 28 4
4 68 94
13 33 39
12 31 63
52 56 11
15 58 65
16 61 96
44 52 75
66 20 80
8 22 18
7 26 49
16 11 22
9 34 67
51 14 4
62 22 78
14 16 93
15 21 48
17 52 8
21 2 55
54 14 95
53 13 1
18 50 83
57 60 79
42 68 88
25 67 76
59 56 79
40 68 100
24 45 51
33 24 2
55 42 74
27 12 32
55 60 84
62 28 48
58 69 87
44 11 86
49 54 57
60 7 56
45 8 79
40 55 87
11 45 37
56 61 69
1 39 32
31 54 54
49 12 88
27 28 25
40 9 89
39 58 10
30 27 72
31 37 26
23 47 14
47 7 87
49 48 41
67 9 69
57 33 1
7 40 4
41 49 55
33 29 6
59 3 6
27 62 28
20 33 99
6 40 50
56 17 73
62 21 42
43 0 15
60 55 78
32 30 36
9 38 34
24 52 40
36 69 95
69 67 84
67 37 75
21 59 20
51 46 20
51 30 17
24 31 99
59 28 69
39 6 2
38 14 18
14 3 2
50 46 13
13 61 73
39 1 23
1 26 7
7 3 100
57 36 30
3 21 24
48 3 10
6 61 3
4 6 36
67 2 32
35 48 37
55 40 27
59 31 23
41 56 25
28 12 8
65 45 61
3 66 39
8 68 36
58 62 2
1 60 100
57 13 80
58 8 3
35 66 9
54 23 9
18 11 92
3 65 55
16 5 81
29 67 53
6 66 45
68 55 55
67 10 53
23 52 57
67 62 55
14 18 8
16 31 3
39 62 12
60 69 22
56 30 98
61 16 76
14 32 35
25 20 48
26 23 49
24 57 70
46 26 85
6 38 95
18 44 34
9 29 49
26 5 17
24 38 91
42 13 56
18 15 37
65 41 30
18 62 59
62 60 3
42 31 77
44 35 43
65 11 96
31 41 43
20 52 100
59 13 85
1 22 18
36 25 81
40 48 56
40 6 42
61 35 69
33 66 17
65 49 9
58 35 29
43 56 64
17 58 72
65 40 78
1 10 77
24 22 71
25 24 56
58 31 22
67 14 40
11 17 57
11 42 78
29 65 43
12 9 30
33 2 71
2 42 8
13 35 97
68 24 91
32 15 53
41 3 3
35 31 4
45 39 22
25 50 91
29 21 46
11 16 35
57 69 55
69 8 62
12 7 76
19 55 72
4 53 97
8 36 17
59 35 40
49 44 100
11 41 70
38 9 26
68 40 59
7 69 89
32 53 84
51 42 4
3 6 52
16 4 94
21 62 50
24 35 99
22 10 24
31 61 45
5 26 57
16 58 53
61 6 38
65 30 63
13 5 84
60 31 35
23 66 37
3 36 36
66 55 98
24 11 72
58 9 4
38 8 58
6 39 34
67 38 97
52 16 4
31 45 62
55 6 52
44 28 80
12 35 77
12 40 83
10 16 91
19 10 16
55 53 15
1 18 59
44 25 44
12 17 35
55 12 98
34 49 62
20 6 30
26 33 75
38 24 43
52 66 38
35 37 91
51 41 45
24 46 30
59 21 30
55 30 28
60 4 88
47 16 53
5 50 26
9 66 28
69 35 51
7 25 52
9 68 67
66 69 41
48 11 2
45 51 72
3 33 100
35 41 27
61 62 74
38 58 5
35 69 4
47 0 55
41 12 67
17 61 96
19 42 85
14 23 93
40 47 59
32 37 84
12 21 25
47 27 44
18 29 43
30 18 40
20 26 86
46 27 66
10 55 71
17 45 18
40 11 21
14 10 1
22 0 41
50 27 60
46 4 3
67 0 30
53 35 27
60 45 28
69 11 98
42 58 13
25 4 68
52 45 59
10 34 57
38 6 94
46 12 53
32 31 73
16 0 50
55 41 94
29 58 55
6 59 38
22 35 16
42 10 41
62 56 12
23 7 83
58 15 39
13 39 16
61 22 95
32 20 76
15 3 1
11 35 8
59 66 58
31 9 73
57 66 31
11 23 13
61 18 3
2 15 46
19 24 32
61 29 63
61 17 97
3 56 10
17 15 2
12 37 31
3 49 74
5 25 93
27 61 18
50 25 6
16 59 100
6 16 81
33 61 15
56 68 56
66 4 62
28 6 45
3 27 58
38 68 91
68 19 37
47 36 57
3 38 19
29 26 85
42 21 32
5 46 98
10 59 22
7 30 72
27 5 7
31 32 10
0 44 82
50 35 81
65 59 80
27 20 86
20 39 37
67 33 33
13 58 84
25 42 71
20 24 79
66 46 84
39 16 86
25 27 18
24 25 22
51 59 64
62 25 30
25 31 72
25 43 79
5 60 14
54 21 84
6 47 90
62 5 45
3 1 13
51 4 48
46 62 99
20 55 28
24 20 37
11 32 13
60 23 10
15 6 59
31 33 48
6 42 26
37 7 36
15 51 9
34 51 90
42 39 87
35 57 52
66 16 22
20 27 95
38 34 42
16 60 73
59 23 58
47 35 37
42 19 91
61 15 2
6 4 54
2 49 42
51 22 84
21 14 80
30 6 46
54 67 89
32 8 44
49 67 87
13 3 51
49 33 57
61 11 21
8 4 29
39 14 73
36 34 73
62 43 21
25 66 69
29 55 62
9 48 52
0 60 79
27 26 32
15 20 73
0 57 75
47 24 56
49 25 79
57 7 1
2 43 39
18 49 63
25 11 71
45 58 79
11 30 54
51 55 10
67 5 80
67 42 100
66 31 41
55 66 48
46 17 25
59 58 76
38 31 44
67 36 24
20 49 5
11 29 24
67 45 41
16 33 69
24 26 27
41 6 75
4 26 20
22 18 65
8 37 35
5 42 16
23 12 99
5 45 44
61 10 70
66 34 38
15 69 19
38 4 18
2 30 55
58 49 64
20 9 19
14 24 56
56 55 4
15 29 45
21 66 68
0 36 8
54 61 34
3 44 99
5 68 20
4 58 73
51 49 94
45 6 59
52 24 31
40 45 86
66 2 87
19 15 68
10 37 39
21 36 62
27 8 71
28 25 73
37 68 86
38 43 24
43 17 5
5 11 79
36 52 48
51 26 58
28 67 47
21 8 99
14 2 27
51 56 2
13 66 51
3 20 45
2 5 19
44 67 94
3 51 39
44 57 89
23 53 30
27 51 15
46 40 17
27 42 28
3 24 88
41 57 45
36 16 63
26 53 25
43 14 3
4 31 13
23 13 84
1 3 40
32 54 80
24 30 29
52 62 85
32 40 60
0 13 73
61 55 50
15 36 6
61 30 71
27 40 47
19 50 3
14 48 58
56 32 9
66 23 7
7 2 53
25 68 97
54 57 35
18 43 78
25 22 84
32 67 76
17 12 89
28 46 33
59 18 39
5 33 58
7 32 59
21 33 50
26 28 96
5 10 39
67 6 10
43 18 100
17 19 46
49 9 72
34 47 26
33 32 27
10 52 14
60 6 11
30 45 18
37 69 94
40 59 31
22 65 17
33 56 19
37 65 15
17 37 78
62 9 35
13 19 20
35 53 94
46 50 1
55 67 92
41 18 49
4 24 53
2 62 54
3 25 64
55 36 18
19 20 66
54 29 73
25 1 18
61 58 21
5 15 97
57 32 46
59 10 86
42 2 29
20 17 20
13 24 64
31 15 69
11 9 64
68 6 20
65 23 54
69 51 55
39 9 35
20 47 44
50 65 82
36 26 46
34 59 27
69 18 93
31 25 60
38 23 45
11 38 18
30 67 99
3 7 37
22 50 100
5 61 68
49 18 39
65 32 61
12 41 69
7 8 35
33 22 87
68 18 36
34 60 21
33 5 80
30 31 16
5 35 67
27 7 46
3 15 42
56 10 88
50 54 3
43 62 46
45 41 37
7 37 4
1 33 47
3 53 29
48 52 65
22 42 52
24 69 56
51 48 36
26 61 9
25 16 9
40 52 96
34 61 35
47 1 43
12 54 15
21 0 40
11 67 53
62 4 21
36 55 97
33 45 25
39 47 73
1 24 28
8 16 32
44 7 43
50 28 3
21 22 37
16 9 32
49 35 54
16 42 63
38 66 73
24 50 64
47 33 77
48 19 93
41 54 11
25 55 81
30 43 75
30 69 42
41 0 41
1 25 91
69 65 21
48 27 74
40 0 52
22 31 7
37 11 4
44 54 87
57 1 53
33 41 26
53 65 74
59 30 27
1 66 77
56 37 86
49 19 64
23 59 76
57 17 54
51 31 68
68 57 19
24 33 69
19 45 37
62 46 22
0 29 28
0 31 61
29 56 82
34 55 99
34 0 98
12 43 55
68 0 44
65 55 38
28 24 12
7 39 83
24 54 66
21 50 8
37 29 88
51 67 18
67 26 23
50 32 24
47 40 61
61 46 59
42 65 39
19 7 44
23 28 8
39 13 83
58 6 63
54 8 35
22 23 14
15 55 83
60 53 84
22 20 93
50 6 15
68 69 21
43 6 33
2 37 7
43 28 2
31 6 62
68 60 39
38 11 93
43 7 99
7 14 5
49 47 90
61 53 83
39 18 68
8 42 52
62 30 80
25 39 94
38 55 28
15 59 87
15 17 19
45 26 81
5 19 68
18 48 29
48 20 37
57 47 22
24 14 56
42 47 35
69 42 32
5 53 39
55 15 93
31 27 76
52 40 50
58 21 56
9 25 16
54 22 68
4 30 27
30 34 94
32 13 40
53 17 33
62 53 90
37 57 89
48 60 11
32 55 35
52 61 1
21 16 74
65 27 3
46 6 78
47 38 25
37 8 54
12 2 3
68 4 29
41 36 79
66 10 50
4 34 99
24 65 33
8 49 81
31 21 58
47 5 4
30 2 36
50 68 52
22 43 17
4 59 43
9 17 6
43 29 19
13 42 5
45 30 77
50 3 34
18 8 73
23 5 67
65 16 20
13 32 48
52 19 60
16 54 90
16 29 42
59 43 89
69 5 77
29 22 24
8 46 32
34 5 36
3 68 36
23 56 80
38 40 84
8 2 61
60 11 87
25 56 96
33 6 57
69 7 46
54 47 86
14 62 72
24 0 44
24 68 11
3 42 51
66 3 88
15 12 73
57 28 99
32 51 30
54 45 98
60 48 22
40 28 13
11 24 84
5 52 34
61 40 62
40 27 29
38 13 89
54 3 50
50 69 57
46 58 93
36 11 98
0 34 22
11 12 65
36 20 24
15 19 71
31 53 35
40 57 85
22 62 52
42 7 27
69 54 34
29 43 54
3 61 16
44 1 46
46 39 44
22 53 60
36 57 85
38 59 96
42 35 51
37 12 66
49 58 36
53 40 54
46 21 35
28 43 64
46 31 91
43 22 38
6 37 72
45 33 57
58 48 90
1 9 46
11 13 27
1 54 50
12 25 41
32 47 29
61 25 49
60 32 79
6 15 95
52 48 94
2 9 99
1 37 95
11 36 89
10 14 80
43 25 12
69 9 23
32 38 63
1 62 49
15 16 78
41 62 37
46 69 64
53 45 46
68 49 56
33 46 92
66 58 30
3 17 19
50 53 46
66 1 4
49 31 100
26 4 18
65 54 75
14 55 49
42 55 25
25 44 51
28 55 99
27 6 100
26 57 46
53 38 2
68 39 95
66 50 29
28 23 47
19 66 53
53 7 31
35 1 96
0 69 23
66 12 96
35 7 47
45 27 97
21 55 84
34 28 85
59 54 9
46 55 79
45 19 70
10 54 73
12 45 25
28 51 30
29 60 87
42 22 92
48 6 63
67 25 87
8 51 87
0 62 36
67 17 69
31 5 68
46 2 18
40 42 66
30 38 54
2 6 92
26 19 48
34 11 27
18 69 32
42 27 99
8 57 89
68 65 87
58 60 40
46 3 41
35 18 50
33 26 6
65 19 16
40 56 1
56 11 19
14 36 80
19 33 78
24 55 56
13 57 50
24 44 89
65 15 36
5 59 59
34 21 27
34 53 24
29 6 21
13 55 84
25 23 78
33 40 36
57 22 57
8 1 11
10 62 13
38 39 23
2 47 10
68 15 95
52 51 40
52 3 45
47 55 8
28 32 98
24 48 71
17 14 24
16 21 26
9 53 94
57 56 87
33 1 54
34 20 62
61 66 74
56 62 48
43 21 70
36 54 19
22 49 1
19 30 84
67 52 60
10 9 20
59 48 57
30 54 9
66 0 95
18 52 69
31 57 2
20 61 84
57 65 47
53 30 81
21 24 97
11 33 94
55 13 65
3 28 22
4 39 92
4 47 14
56 4 32
33 17 88
13 44 42
12 18 74
21 10 9
1 34 65
65 36 43
18 61 38
33 19 39
22 54 37
50 15 1
29 16 28
67 13 7
67 31 81
47 23 9
19 13 98
40 50 41
30 60 55
62 16 82
45 49 64
61 39 94
16 46 56
32 42 48
11 56 29
13 29 54
15 7 63
19 25 6
6 57 53
58 11 93
2 17 69
29 18 65
51 27 10
21 44 47
31 68 30
34 58 64
6 58 44
27 38 26
21 58 23
22 46 33
44 34 100
6 62 78
50 31 81
29 15 18
16 69 3
39 67 57
10 23 65
17 30 86
49 22 74
69 57 75
49 29 35
21 35 14
62 33 68
34 8 84
4 0 84
4 48 68
23 15 9
28 3 78
20 67 93
53 56 6
56 50 74
5 49 10
22 1 27
49 37 80
35 51 7
26 43 62
21 54 12
15 18 18
37 4 38
48 36 10
16 47 93
10 8 26
25 14 32
1 28 62
39 32 17
28 18 49
57 15 88
9 5 100
12 51 71
1 45 89
6 28 94
53 60 69
66 57 25
52 68 70
53 67 73
31 29 24
7 50 55
47 41 79
1 23 95
43 44 4
13 8 56
18 2 80
56 6 18
28 34 79
28 2 78
13 9 93
26 3 64
2 23 39
60 20 62
7 6 69
5 28 15
55 2 71
40 46 7
37 1 81
68 61 43
37 34 85
1 56 87
8 44 17
22 12 83
29 7 38
7 10 12
0 14 48
27 47 24
65 44 50
25 61 63
9 32 94
52 11 5
41 7 73
49 1 91
55 19 74
54 34 52
54 69 52
19 37 86
8 3 99
13 34 17
39 23 63
34 17 45
0 67 8
49 13 65
5 16 100
32 52 47
42 38 21
30 9 58
46 34 72
58 14 61
52 67 52
20 12 92
46 54 69
69 68 29
62 44 90
31 43 46
34 57 56
30 41 89
42 25 73
14 50 39
48 21 56
13 7 100
32 10 31
62 38 46
12 42 89
4 55 90
43 50 74
9 7 71
14 31 9
24 37 71
58 10 36
59 37 22
67 61 24
18 33 24
33 20 83
12 46 94
51 8 22
41 35 70
53 9 18
10 65 22
25 21 97
59 9 38
56 69 16
27 50 43
60 54 36
44 49 48
51 13 29
26 9 35
19 12 49
45 57 75
51 37 7
52 7 6
36 40 39
13 1 100
12 55 92
34 42 94
28 0 62
17 44 7
23 32 99
23 25 52
18 3 66
44 14 81
32 43 97
34 6 43
34 36 38
15 11 72
47 34 3
53 19 27
37 23 28
29 8 61
45 14 93
54 25 88
7 15 69
36 44 50
33 11 2
2 39 31
29 24 2
45 50 34
59 34 90
18 42 1
8 29 44
28 5 8
18 16 53
41 59 89
10 67 34
17 0 2
68 5 76
37 45 17
43 66 36
48 55 34
25 5 26
11 51 83
47 15 85
52 22 81
68 42 73
16 39 90
58 53 42
45 21 92
35 24 47
13 46 52
18 46 6
40 26 42
52 53 77
62 69 22
15 31 91
45 48 89
11 1 56
42 9 81
60 3 10
14 27 86
42 1 36
4 50 68
26 35 57
10 29 7
10 60 11
53 36 90
57 16 10
32 68 24
35 21 50
28 16 34
5 14 94
15 9 15
38 21 67
59 49 32
29 12 84
27 57 97
2 66 4
66 53 92
16 30 66
60 59 3
56 52 1
18 6 16
34 44 10
38 45 94
9 30 16
33 55 57
6 12 13
46 36 4
52 2 45
34 26 27
26 62 70
35 46 8
66 6 89
52 4 86
38 3 84
5 65 8
48 43 97
34 2 71
45 22 8
69 48 84
26 11 4
55 57 14
15 46 21
57 23 69
18 30 44
44 36 39
43 36 68
0 5 85
61 41 30
7 11 17
37 46 79
62 15 45
66 15 98
27 22 14
5 69 50
7 31 94
62 8 62
60 40 59
43 54 79
7 38 77
11 0 30
49 55 94
53 12 67
24 16 81
58 7 53
6 56 53
65 5 84
11 4 38
66 54 59
33 50 6
3 18 7
4 49 5
31 49 29
56 40 16
23 46 77
29 54 15
5 48 11
54 16 64
8 6 77
67 18 94
14 28 22
4 14 10
34 15 17
69 32 13
31 36 21
22 55 60
9 40 17
58 59 89
15 45 60
52 0 33
14 66 100
21 48 87
33 12 44
10 32 72
57 44 7
39 53 39
23 22 7
17 41 63
55 3 49
34 29 89
41 55 71
46 56 59
11 10 53
12 3 67
39 12 89
6 29 23
1 65 74
38 17 11
59 16 34
48 68 95
42 32 15
62 11 69
17 47 74
41 58 18
39 30 81
5 66 5
36 15 88
17 26 7
35 6 91
61 49 49
5 2 95
7 27 61
55 22 82
61 2 35
57 68 90
51 57 87
33 3 39
48 0 73
34 19 30
56 5 30
16 6 20
8 15 100
39 68 42
37 56 35
21 46 98
61 26 43
0 4 47
34 7 90
28 26 48
42 28 65
20 58 81
59 29 61
5 54 45
6 23 59
10 17 69
39 0 99
48 31 68
54 26 30
7 24 42
53 57 75
57 41 82
68 51 40
31 44 5
25 6 62
25 3 75
2 10 24
16 10 27
65 47 45
37 49 54
23 36 32
0 68 41
43 38 91
1 20 96
13 27 95
21 49 66
36 5 49
5 58 34
22 51 9
17 51 34
28 37 73
12 65 25
1 67 15
33 69 77
16 25 49
40 5 93
29 50 19
39 43 57
46 25 14
33 28 14
34 62 44
8 18 20
33 65 33
57 19 68
47 12 7
28 42 9
17 35 20
67 53 34
60 26 61
54 30 60
1 43 39
11 18 61
39 41 43
69 22 92
45 60 3
53 6 74
8 67 16
42 4 1
44 58 62
15 60 100
6 7 4
2 20 81
50 48 81
16 36 29
14 35 99
12 66 37
30 17 1
10 28 87
65 58 96
35 27 42
51 39 74
57 53 94
13 47 69
52 33 27
49 53 100
4 66 80
20 66 7
46 44 76
22 28 13
54 33 49
19 4 10
59 0 92
40 62 64
65 67 83
69 66 50
4 8 65
56 38 38
28 33 100
57 3 85
61 52 70
56 59 73
21 11 17
2 26 9
43 3 16
52 18 58
62 54 30
14 52 15
53 0 8
14 46 53
39 8 53
66 13 94
27 45 74
41 8 11
65 62 77
17 33 28
41 52 29
11 20 28
1 57 68
42 62 98
37 36 85
24 59 37
34 46 83
19 49 14
38 47 20
0 56 96
11 50 17
28 44 25
58 51 15
30 22 69
45 55 45
9 61 43
10 40 93
2 28 63
53 26 11
35 60 41
16 28 69
33 52 93
61 23 37
36 45 15
9 45 75
49 51 63
24 51 90
41 43 14
26 17 51
60 39 97
37 32 30
49 62 17
0 19 19
41 60 26
56 35 87
58 67 65
40 43 75
32 7 9
21 30 88
26 13 49
16 67 11
67 58 55
29 69 8
55 33 43
59 47 67
56 44 53
0 51 44
29 51 55
62 19 4
27 67 49
21 25 35
46 8 12
43 2 86
40 38 5
66 41 93
20 18 89
39 3 76
38 15 42
56 60 60
2 40 69
0 66 49
66 45 36
13 38 62
27 46 58
9 62 55
66 21 75
2 58 74
4 46 5
24 6 9
50 41 6
48 51 5
18 7 93
38 56 91
30 24 98
3 23 67
61 7 36
24 7 46
42 17 82
46 9 39
40 22 45
44 21 51
60 1 67
35 59 19
22 16 10
5 44 69
32 35 69
38 7 96
10 19 39
8 12 79
15 47 53
68 44 90
35 68 27
53 5 36
49 46 99
44 53 91
50 22 88
22 8 48
7 66 18
44 5 72
3 40 63
35 13 47
54 43 70
6 68 93
50 59 75
59 17 85
53 48 65
6 52 32
33 18 86
56 46 73
62 6 83
16 43 87
35 10 6
4 3 98
28 59 28
60 16 45
43 15 9
59 6 71
10 31 68
14 22 82
59 5 1
40 21 81
58 12 12
31 16 14
10 24 57
23 16 22
65 26 75
27 43 70
35 34 6
26 60 28
39 65 53
39 20 40
44 37 13
5 30 39
26 20 69
68 22 87
12 23 4
23 9 82
48 25 9
48 33 70
16 18 92
0 20 70
20 57 25
13 14 72
0 45 25
44 13 13
31 23 7
38 49 26
24 4 34
26 39 19
32 44 26
46 66 19
18 40 15
6 53 100
15 53 46
28 68 22
66 22 56
40 69 32
19 51 59
2 11 25
3 2 94
67 21 51
39 28 55
67 46 49
45 15 55
53 49 41
40 17 42
11 52 4
58 38 94
30 61 36
56 2 20
7 67 22
7 43 99
54 49 91
35 29 55
27 32 76
9 44 87
44 43 52
29 11 94
52 6 66
57 6 50
22 3 33
21 69 21
23 62 25
61 0 44
43 16 68
47 11 46
59 20 57
59 33 11
40 58 9
7 42 9
45 34 30
57 38 15
9 46 93
12 36 31
66 56 53
24 29 52
46 61 75
29 57 73
41 65 87
40 66 24
43 5 44
65 60 52
21 65 1
12 16 24
13 23 93
66 40 72
51 60 90
33 42 94
1 68 30
32 6 43
22 7 19
68 36 47
4 35 15
8 11 61
2 41 16
41 29 4
26 50 82
68 8 87
50 21 65
5 34 35
58 39 67
15 32 32
0 33 88
45 43 64
26 56 45
54 19 12
27 59 70
48 40 61
20 34 98
44 69 94
15 67 95
1 17 24
18 13 19
3 46 25
14 12 10
14 57 29
34 24 25
67 15 64
55 56 50
33 7 6
50 10 33
60 47 82
16 35 58
22 52 84
34 35 56
8 5 35
6 67 18
27 65 14
29 40 75
40 44 38
5 32 12
50 23 30
11 60 70
48 66 81
5 13 86
47 65 97
62 50 46
11 66 18
40 33 93
26 48 70
32 41 9
60 38 70
34 52 61
45 28 77
18 35 6
67 35 47
35 12 54
32 69 73
15 38 99
29 45 31
55 4 26
11 5 51
69 47 97
67 66 97
15 4 95
19 2 99
40 39 74
51 36 96
46 49 14
28 4 92
22 2 55
68 29 39
16 19 31
36 8 97
69 61 95
5 9 45
20 41 31
1 6 23
48 41 29
19 16 71
28 61 81
13 62 55
17 48 91
29 68 54
37 54 84
31 58 88
5 67 61
32 62 85
8 55 86
9 60 84
42 49 25
53 2 63
32 65 6
12 49 30
42 37 35
22 30 95
11 43 86
35 42 91
66 11 65
46 60 93
28 1 78
33 35 75
6 51 42
39 24 45
51 65 66
27 66 66
1 40 84
27 0 42
8 62 2
31 38 31
49 41 6
8 66 16
36 24 40
48 67 22
39 44 81
40 60 79
54 32 56
62 57 98
12 69 57
12 32 39
62 39 25
54 2 60
61 4 69
13 15 96
59 8 32
56 34 42
20 3 1
3 69 33
56 48 81
16 23 57
16 50 24
29 39 82
30 28 79
5 7 5
3 59 60
23 20 64
42 24 95
20 13 93
55 58 78
46 35 83
55 18 66
48 54 4
47 68 92
21 39 51
19 39 53
58 33 94
36 37 2
67 24 89
21 40 63
19 6 3
23 14 85
31 60 84
3 43 52
34 16 33
2 31 67
36 22 89
11 55 74
58 36 28
50 4 65
6 65 87
19 58 68
7 59 6
53 68 37
30 5 44
1 21 70
42 18 13
26 47 66
53 3 30
36 17 78
62 13 68
34 9 65
33 16 86
2 29 50
17 4 5
47 10 52
55 48 77
48 14 73
25 54 50
1 32 59
18 26 19
48 65 36
32 36 57
19 62 53
67 7 20
19 8 77
66 67 11
43 42 5
52 46 19
7 35 98
26 54 78
33 67 41
41 48 39
2 60 4
31 3 39
41 17 25
17 7 6
2 4 89
54 11 90
52 15 58
30 37 98
23 54 10
59 1 23
42 59 85
42 34 86
6 24 87
44 32 42
47 62 31
21 57 22
18 54 77
12 15 91
51 15 51
53 31 50
41 26 67
51 62 19
14 38 10
31 35 32
60 66 96
39 61 11
2 22 84
22 44 25
6 14 71
23 39 29
34 48 18
49 14 42
42 66 37
1 30 55
18 21 64
29 59 98
39 46 86
1 50 3
56 7 89
30 20 14
28 66 1
42 29 47
38 52 64
36 42 3
56 15 13
35 39 8
47 8 62
62 12 87
27 2 65
13 53 45
55 47 64
44 46 17
26 18 36
38 50 78
31 30 59
45 7 72
31 14 32
46 15 49
66 44 44
45 10 39
39 21 61
26 59 63
24 2 80
59 32 87
34 32 4
35 54 12
61 34 36
14 20 84
45 42 18
47 49 36
27 17 58
15 0 92
7 61 78
48 42 27
60 58 83
11 27 27
14 4 66
50 55 23
45 53 46
68 59 76
11 28 5
25 2 94
27 53 100
10 27 27
18 22 7
55 54 55
13 50 94
62 52 82
59 19 60
20 68 64
18 20 49
41 44 20
0 15 18
51 9 91
33 34 55
28 65 50
57 35 56
58 42 39
20 8 14
67 54 23
20 59 51
16 1 45
16 12 6
54 6 56
51 5 31
18 23 100
20 35 63
55 50 42
52 14 82
36 39 75
24 36 67
24 23 85
52 59 22
31 17 60
46 29 48
46 30 90
9 10 89
45 69 84
34 13 56
4 36 42
21 13 99
11 46 11
29 23 20
10 39 13
22 36 7
11 6 50
13 6 37
6 44 30
62 55 90
2 33 17
15 68 54
3 62 12
15 25 93
8 43 35
13 68 21
50 67 35
54 50 52
7 0 29
62 10 52
49 59 17
12 62 44
45 37 89
24 34 67
62 3 24
56 67 80
41 1 14
30 32 79
58 45 19
14 45 36
4 32 16
50 58 29
8 14 20
51 24 46
58 23 45
32 50 5
34 40 97
27 31 97
5 31 53
49 69 80
66 32 98
33 9 68
14 53 6
23 1 73
46 11 74
2 7 90
7 51 9
57 11 16
31 11 85
43 58 23
59 36 31
52 31 30
47 43 15
9 1 48
59 45 72
5 43 69
40 16 95
17 11 58
31 55 79
65 42 5
30 39 74
37 35 22
28 47 68
17 66 27
40 41 4
38 25 36
53 16 60
0 17 10
25 45 90
40 3 67
18 27 12
60 35 100
40 53 39
23 3 94
13 16 5
36 53 70
1 11 16
13 56 28
28 50 32
16 3 65
49 21 58
46 65 15
69 27 35
53 23 17
68 32 71
14 51 99
26 49 70
11 8 95
9 52 4
25 34 28
20 48 85
35 26 50
40 31 79
41 32 67
19 18 25
59 62 80
27 48 35
31 13 21
54 0 97
18 53 12
59 68 53
53 61 29
38 51 77
31 18 14
14 41 25
54 37 47
31 28 24
24 49 98
26 0 52
18 34 99
14 0 49
54 24 73
39 40 39
0 27 75
47 60 79
61 60 5
49 17 19
37 21 4
46 48 93
35 38 86
57 25 88
21 4 80
69 53 87
30 56 3
11 31 20
13 11 64
2 13 29
60 56 60
61 21 58
57 24 25
62 34 98
67 27 90
4 42 22
55 45 4
49 20 8
7 54 8
65 18 42
11 62 49
6 20 31
51 33 77
37 26 66
5 0 16
24 66 89
44 19 54
17 21 20
3 39 50
14 56 34
8 28 90
27 19 72
2 67 18
14 43 98
51 16 52
33 58 26
36 30 17
8 13 2
50 47 60
2 68 38
39 59 5
48 7 79
2 24 61
60 24 98
20 65 94
0 54 32
60 51 89
54 55 15
3 8 95
50 34 65
51 53 97
11 39 22
43 34 24
4 2 12
37 19 46
26 8 100
6 21 41
30 51 39
7 45 56
4 28 17
66 68 72
4 25 84
44 68 68
52 20 25
42 12 8
30 65 18
17 1 55
34 27 22
49 24 33
31 10 16
4 16 20
46 47 26
6 43 3
68 26 60
25 13 10
22 17 9
59 42 65
57 52 55
54 46 1
36 43 94
21 27 18
69 58 36
26 44 40
15 62 10
25 41 75
44 59 92
1 8 2
67 8 38
36 12 52
35 47 17
39 35 9
14 40 85
7 4 61
32 27 49
11 26 85
24 17 5
45 67 72
68 54 69
52 35 86
34 18 72
55 14 76
50 52 41
56 26 75
49 15 65
59 14 100
37 30 74
67 43 25
54 20 88
50 61 14
4 9 24
29 14 81
19 60 46
6 8 17
52 10 58
13 43 51
40 20 58
36 9 94
2 52 43
30 33 91
8 35 39
30 0 69
65 0 95
12 19 54
26 38 96
25 40 17
69 16 15
53 21 81
43 20 40
38 41 8
62 68 71
17 54 89
16 7 40
9 11 46
49 39 16
17 53 11
49 2 78
6 18 28
36 29 66
37 24 5
3 19 80
35 14 19
6 49 7
52 49 45
36 7 48
7 29 5
27 13 44
11 34 1
17 65 38
68 62 95
3 22 91
38 69 93
13 37 51
17 27 99
61 48 73
25 57 98
19 29 72
26 40 47
45 36 89
37 33 75
33 23 97
53 44 34
7 19 71
44 18 4
58 22 18
14 5 47
48 18 99
43 19 26
46 24 18
12 57 14
10 35 97
43 23 66
52 30 52
8 61 2
20 25 79
51 3 91
32 0 59
59 22 9
25 33 30
1 12 26
14 29 74
69 1 25
42 57 39
34 54 48
45 40 8
44 22 69
48 24 56
34 33 58
47 29 84
16 49 33
66 60 90
52 39 31
21 32 43
40 67 86
58 0 63
20 45 84
7 36 11
32 9 26
31 59 72
25 38 37
38 5 80
51 23 36
68 27 26
6 0 74
46 5 75
4 52 53
27 58 98
27 39 91
49 32 54
64 45 68
64 54 98
64 56 14
64 29 50
64 2 72
64 40 67
64 32 24
64 31 75
64 10 86
64 28 95
64 20 71
64 50 33
64 26 96
64 41 16
64 5 52
64 34 68
64 44 2
64 43 45
64 52 72
64 53 32
64 25 69
64 46 58
64 60 19
64 19 84
64 63 29
64 1 78
64 65 84
64 14 65
64 66 50
64 61 48
64 4 55
64 23 7
64 3 38
64 30 84
64 7 25
64 68 44
64 49 80
64 6 58
64 37 82
64 33 56
64 24 79
64 67 25
64 51 99
64 35 45
64 39 96
64 11 2
64 15 14
64 62 9
64 36 97
64 18 53
64 16 26
64 8 24
64 0 60
0 63 97
1 63 64
2 63 21
3 63 14
5 63 94
6 63 51
7 63 62
8 63 30
9 63 97
10 63 60
12 63 39
13 63 73
15 63 47
16 63 45
17 63 42
18 63 92
20 63 37
21 63 37
22 63 68
23 63 51
24 63 98
25 63 32
26 63 88
28 63 42
29 63 62
30 63 43
31 63 45
32 63 97
33 63 53
36 63 15
37 63 22
39 63 70
40 63 64
41 63 91
42 63 62
44 63 15
45 63 68
46 63 84
47 63 73
48 63 88
50 63 14
52 63 98
53 63 49
54 63 37
55 63 31
57 63 94
58 63 1
60 63 90
61 63 55
62 63 76
65 63 77
66 63 40
67 63 46
68 63 94
69 63 4
