14
20
17 27 13
2 25 33
5 2 33
24 22 60
8 18 90
3 27 71
28 1 62
4 19 28
9 27 58
13 18 74
3 18 75
7 1 40
22 2 33
6 1 87
18 24 52
12 29 59
16 25 35
17 4 31
1 9 26
2 16 8
17 22 24
10 2 91
18 0 1
25 17 55
23 13 37
28 5 3
4 17 21
10 12 27
26 22 64
21 4 51
26 6 42
19 15 60
17 26 100
24 17 28
11 17 30
8 9 89
25 24 42
9 24 60
25 8 15
25 19 28
16 22 93
3 25 97
11 26 75
23 21 51
8 13 83
13 28 83
10 22 93
4 1 65
0 24 47
4 24 59
10 24 3
18 22 77
2 10 74
6 22 28
5 1 9
19 8 65
16 4 22
5 6 99
5 26 91
24 2 59
0 29 83
3 15 72
11 25 89
5 9 82
27 13 99
16 7 70
22 23 96
1 11 0
25 0 97
13 25 41
16 23 68
8 1 21
27 29 11
0 23 53
29 15 22
5 22 1
18 17 10
22 5 87
1 12 56
9 29 62
27 17 37
12 15 10
24 9 49
12 22 19
18 12 92
27 8 88
23 28 1
1 27 73
29 18 97
13 22 62
28 24 41
9 18 32
18 2 9
13 7 27
15 26 15
6 26 52
7 26 69
26 28 29
22 15 28
25 3 90
9 5 33
5 15 54
3 19 40
24 0 81
26 13 60
7 10 8
25 13 38
15 23 35
22 4 30
26 29 57
17 9 91
26 25 9
21 9 12
29 21 87
0 8 16
14 12 29
14 11 76
14 24 70
14 0 35
14 23 62
3 20 81
21 20 91
25 20 45
