48
31
73 76 0
20 78 0
67 41 0
37 0 2
86 79 2
20 2 1
41 69 0
4 5 6
43 86 2
92 74 3
81 0 7
3 83 4
18 29 0
81 34 4
77 19 8
69 95 6
14 18 2
14 36 4
13 38 2
39 38 14
76 71 18
99 58 5
36 1 4
0 84 7
99 83 16
12 62 14
55 14 2
35 18 27
96 85 13
71 38 23
15 71 11
45 41 9
22 23 8
62 32 32
69 73 25
60 98 27
45 15 30
93 15 11
55 68 12
94 44 4
66 44 37
68 69 30
14 65 39
1 54 35
12 29 1
38 7 41
57 69 39
14 35 6
56 60 19
99 9 25
82 15 11
90 5 4
61 13 50
87 40 20
83 4 20
69 56 27
14 12 5
73 65 8
90 27 51
33 60 14
67 61 61
62 20 18
43 96 46
68 62 6
61 84 17
93 75 32
16 10 38
91 99 32
50 71 49
15 95 45
53 49 12
62 71 24
68 51 29
96 61 65
57 22 66
54 22 48
86 3 54
13 5 61
59 4 38
72 54 19
36 3 33
15 86 39
85 30 13
70 84 26
49 65 6
85 34 44
64 40 34
36 23 58
96 3 51
84 65 78
74 51 66
26 60 87
1 30 53
58 38 76
9 38 1
15 22 34
23 98 52
87 82 26
56 36 51
6 9 73
41 44 18
65 78 67
38 39 70
39 67 19
73 35 100
69 0 8
52 47 44
56 69 30
43 99 35
5 89 13
3 84 58
24 56 2
97 12 105
87 76 35
98 61 76
65 73 31
0 63 68
22 3 70
69 7 42
53 37 114
95 63 24
43 90 74
32 54 7
27 94 73
84 47 61
63 22 62
59 56 30
7 54 46
83 33 26
96 72 58
12 72 11
38 6 97
17 92 1
92 9 67
56 58 117
60 13 128
2 95 82
46 83 140
55 60 27
4 39 55
68 75 0
47 73 96
45 42 36
99 97 79
65 90 48
37 14 45
60 28 114
26 41 53
79 87 77
59 93 150
7 42 25
74 21 6
92 76 39
7 99 142
99 33 150
75 77 138
64 39 152
74 73 103
41 38 28
5 92 30
82 1 15
46 13 159
74 27 108
83 75 168
68 47 54
44 92 36
32 64 76
61 9 148
56 38 144
63 2 35
24 58 134
93 49 41
32 3 24
57 26 134
14 93 59
5 2 92
82 84 81
72 18 161
79 19 182
27 74 35
40 59 109
74 94 97
67 25 63
98 51 49
64 67 54
54 9 168
38 50 58
38 28 160
11 76 127
40 58 136
33 51 62
16 5 125
5 41 39
43 18 108
10 51 77
68 12 181
21 40 4
50 37 99
62 18 64
55 28 9
26 69 34
71 84 51
23 33 100
30 67 61
15 76 4
59 88 163
54 43 61
63 44 57
55 27 101
68 11 63
77 20 6
79 88 132
12 38 17
36 75 203
98 63 50
36 88 30
22 6 55
41 58 102
18 75 45
94 46 166
13 26 99
64 32 147
70 58 112
71 11 114
6 73 56
87 93 212
8 75 32
57 39 173
22 83 212
18 13 21
16 7 238
59 49 230
52 49 18
10 75 117
61 85 154
83 42 99
76 95 181
25 43 50
4 85 225
89 43 100
95 15 122
89 91 217
23 39 83
77 98 209
98 67 249
25 62 240
71 49 43
70 30 137
26 57 86
39 26 71
70 50 25
28 92 93
45 35 45
39 52 185
35 46 259
49 0 216
78 83 251
87 60 79
18 82 17
44 20 129
96 7 2
37 81 266
39 56 203
91 25 196
83 19 75
28 65 31
13 11 192
7 85 134
83 61 98
75 59 23
88 63 50
63 1 53
91 76 250
92 43 14
34 96 249
33 9 26
81 20 60
77 54 31
25 84 247
87 12 9
28 37 39
84 76 241
42 52 286
14 8 280
95 30 208
15 89 93
70 32 223
10 50 227
32 75 153
25 51 113
18 78 104
18 80 163
28 83 70
87 25 240
84 17 19
19 41 284
40 16 100
73 10 121
13 7 207
2 86 145
56 42 162
63 71 188
19 28 141
95 77 95
54 42 17
6 43 104
87 72 274
46 8 127
66 28 254
15 74 71
12 73 86
91 95 264
8 9 270
33 67 122
94 41 214
68 79 3
35 69 30
21 88 97
73 11 52
49 97 91
58 18 231
21 55 73
73 25 140
83 98 221
5 93 49
53 76 288
52 53 133
4 79 337
57 96 84
76 56 83
51 58 155
22 84 111
0 34 77
54 65 85
84 54 334
87 35 56
72 92 116
99 44 30
52 63 37
0 27 109
79 89 238
95 97 47
88 0 61
16 74 125
98 83 274
57 5 146
24 40 276
78 29 209
99 36 52
67 27 299
98 81 309
40 52 24
67 94 70
0 95 100
8 60 177
86 7 130
55 80 345
47 44 132
61 33 242
82 81 226
34 75 57
55 17 61
69 60 143
55 12 14
36 71 233
15 43 182
70 20 6
70 76 224
95 9 357
41 71 327
3 49 33
1 57 44
40 99 274
5 25 228
45 58 104
72 40 298
38 47 59
45 3 168
91 83 390
11 89 22
18 81 311
13 37 6
8 2 78
68 9 343
73 23 105
27 59 219
0 79 48
90 32 130
79 13 285
64 25 404
81 76 346
49 55 172
39 1 47
39 80 173
67 53 127
61 35 51
19 22 285
54 64 93
24 88 348
26 17 337
46 49 407
66 3 141
97 52 324
52 16 419
53 1 48
29 50 263
36 64 348
79 70 383
33 94 44
62 90 359
83 32 144
67 1 116
51 41 190
98 47 432
10 57 124
32 20 354
74 38 266
34 68 326
23 2 240
41 10 238
57 14 381
50 46 390
65 84 149
16 46 112
97 8 19
46 86 308
68 56 222
85 60 324
27 72 332
93 83 171
98 6 426
21 94 59
2 52 257
98 82 244
37 82 61
79 77 5
96 40 385
39 64 120
81 19 99
55 47 410
96 27 123
70 26 107
83 54 368
4 17 166
62 70 29
16 83 454
82 75 112
45 89 278
32 93 433
19 40 222
34 32 89
53 26 35
32 45 197
19 89 88
45 23 223
17 67 71
41 16 408
36 14 163
19 47 1
35 28 32
47 56 107
36 22 444
70 97 353
88 53 223
3 42 70
80 32 218
88 23 374
57 62 3
34 56 130
17 9 20
52 90 406
39 45 357
82 70 111
68 22 371
29 37 73
19 76 287
88 42 125
46 12 363
50 14 197
64 88 392
76 88 337
71 94 127
8 17 58
19 11 357
92 84 22
76 2 294
98 9 154
84 22 212
47 0 397
90 37 111
19 74 345
99 71 443
35 41 73
0 49 59
61 32 332
69 99 438
78 79 75
10 4 260
2 66 458
75 71 302
24 80 517
82 51 350
4 66 94
7 22 221
37 29 99
93 79 110
89 3 363
23 60 490
55 98 146
16 75 253
54 38 160
93 71 69
44 88 365
65 79 527
78 92 133
23 57 8
21 6 106
38 70 377
86 94 377
42 85 378
40 30 173
49 95 405
78 8 362
38 81 459
27 60 249
58 66 124
34 17 515
51 79 243
34 84 155
7 62 292
87 59 11
42 87 266
4 15 513
99 90 298
50 36 23
47 92 521
20 43 505
55 71 103
84 57 466
97 60 466
22 10 218
19 18 97
87 97 44
47 57 390
12 57 189
28 9 298
36 76 8
40 53 343
57 8 572
33 21 460
4 59 308
85 65 55
16 35 156
15 65 163
76 94 212
33 61 308
17 15 54
86 73 456
22 69 336
55 99 203
83 94 267
76 63 472
76 35 228
69 72 417
87 88 130
82 41 15
45 59 80
62 68 503
26 98 518
51 46 58
21 29 179
25 45 528
37 35 511
55 93 1
85 94 551
84 25 392
27 89 23
80 2 288
16 22 119
13 90 162
45 65 280
60 22 329
80 50 39
36 49 421
44 97 386
90 43 591
0 80 537
35 23 505
44 49 546
63 82 555
50 23 142
78 41 262
55 19 585
8 18 171
2 46 389
90 59 364
10 79 418
64 99 499
24 26 10
89 70 53
99 5 84
58 83 63
47 72 512
82 64 400
41 64 24
76 99 405
99 47 414
93 85 435
23 80 312
47 64 635
9 86 216
76 89 210
39 54 38
36 77 132
86 34 91
90 16 9
10 86 167
60 93 563
10 17 7
65 18 248
53 71 396
61 25 436
86 46 396
5 84 407
41 20 470
81 46 395
5 67 445
42 18 536
87 90 32
35 27 540
78 10 543
80 62 543
75 74 106
94 89 593
34 1 6
16 13 634
96 98 280
4 60 164
15 54 272
29 35 475
3 54 388
2 56 656
63 29 39
23 92 231
60 17 533
54 25 446
86 12 476
98 58 241
79 10 575
60 39 634
49 47 168
62 25 156
2 15 168
52 1 656
61 99 94
45 9 667
13 64 563
72 81 371
8 69 504
45 81 439
35 62 347
95 73 392
44 29 608
87 89 203
42 15 19
69 84 491
78 34 356
0 45 390
15 32 361
63 98 147
96 81 276
4 90 529
67 95 353
9 98 609
68 50 314
79 56 269
2 58 611
82 73 354
0 89 137
78 30 638
33 23 30
62 93 648
64 87 230
79 34 389
37 12 487
78 9 24
2 36 365
47 50 271
65 0 518
25 80 707
10 25 552
92 8 268
46 24 559
49 10 576
77 86 271
77 73 495
72 87 350
93 18 716
15 56 431
58 17 591
94 95 343
11 87 22
72 39 674
54 82 347
68 43 618
56 17 76
9 66 388
3 30 367
57 21 562
41 30 374
72 66 692
5 90 209
23 49 567
51 37 669
12 22 564
21 91 22
66 64 433
96 73 739
80 25 483
97 85 617
98 26 76
76 51 548
2 68 252
28 58 71
78 17 384
85 54 425
68 30 689
65 77 76
50 92 744
44 0 698
42 30 294
81 47 273
24 66 638
98 90 305
91 84 430
78 60 288
74 78 259
6 60 89
74 29 702
15 55 459
65 70 202
53 23 163
20 46 185
13 15 665
63 70 499
97 2 592
61 55 359
99 86 372
38 36 679
50 97 537
77 5 394
5 58 669
75 80 750
98 23 85
46 81 84
75 9 736
92 80 28
18 19 643
27 16 34
30 72 633
5 23 467
41 75 512
61 94 333
97 13 525
92 82 24
13 2 506
22 13 654
3 52 697
23 6 672
74 14 742
82 76 505
32 95 646
92 6 521
73 32 491
73 44 620
56 23 792
35 36 530
40 96 470
71 70 739
3 11 678
92 29 556
75 78 728
83 63 531
94 39 635
55 32 583
12 58 746
97 22 629
72 45 741
37 71 470
78 6 105
18 89 445
90 44 348
24 39 193
87 3 304
2 45 419
7 2 827
62 13 463
73 14 352
37 65 502
28 3 596
75 46 467
94 74 321
78 25 803
14 60 73
34 7 563
44 55 312
38 88 66
34 10 248
26 78 28
73 83 746
45 33 31
70 69 395
99 88 761
83 77 171
39 4 547
80 93 843
53 30 72
7 72 219
58 80 665
27 39 805
2 98 711
85 79 776
25 37 22
86 4 422
35 84 395
2 8 337
56 51 290
53 91 550
80 65 505
83 24 3
50 93 686
88 86 651
19 0 307
80 26 57
27 9 61
58 26 71
57 6 427
90 47 577
70 75 371
0 62 454
93 25 564
57 77 181
11 10 106
91 5 60
15 13 787
79 26 123
32 2 541
1 90 825
63 66 553
60 36 390
30 41 196
61 91 719
16 38 447
28 5 586
86 57 516
37 80 873
52 83 288
1 51 480
70 88 175
68 37 193
50 85 625
79 92 357
41 21 587
84 93 212
23 85 446
55 86 188
13 69 191
23 76 866
68 98 851
43 62 421
27 18 434
60 92 699
6 24 157
43 73 661
63 62 771
87 54 58
43 92 669
82 77 31
85 2 503
43 81 307
20 64 350
41 53 749
8 87 805
5 8 123
68 92 505
19 83 837
34 98 306
40 11 144
1 44 919
8 91 106
34 89 252
18 68 285
12 24 914
75 24 664
9 23 518
8 15 402
72 91 679
32 65 308
25 28 48
46 2 755
40 93 64
41 7 894
21 84 428
56 9 178
82 67 286
65 41 580
4 67 481
55 25 489
44 47 831
5 27 517
9 55 720
98 86 249
73 47 369
23 56 806
78 22 306
30 52 915
12 45 593
73 98 212
83 17 528
97 68 305
43 16 900
78 20 144
66 52 216
26 68 518
42 47 516
81 8 313
9 51 496
93 54 163
1 55 393
11 96 510
43 22 34
58 84 312
51 64 912
14 9 221
84 12 204
92 17 634
96 26 396
97 42 367
59 89 945
72 63 620
85 64 581
89 39 18
72 50 581
14 0 463
7 73 550
29 96 864
93 91 351
18 51 905
35 68 825
41 83 544
22 54 157
49 37 656
42 46 114
95 52 752
49 8 618
12 14 299
22 87 499
89 27 962
63 96 408
99 28 268
86 93 71
55 72 820
90 29 319
71 51 597
21 32 773
86 89 516
91 32 406
75 1 991
27 58 28
46 5 996
76 44 692
77 60 249
30 88 588
81 24 62
62 69 587
64 78 959
56 94 481
53 33 5
6 62 137
68 36 87
80 24 199
6 98 85
57 47 743
83 35 174
47 83 322
51 82 314
99 66 175
1 84 12
66 56 326
52 24 116
76 64 4
54 95 840
55 34 813
87 38 386
81 86 795
16 56 212
92 30 113
68 35 3
71 30 864
14 87 160
6 95 770
71 53 493
74 19 253
86 76 742
40 66 437
50 76 973
56 28 350
86 84 737
72 15 698
75 36 708
88 89 542
54 66 114
96 69 879
59 23 742
79 96 859
5 95 937
88 41 164
69 1 1032
41 35 689
77 88 409
0 26 732
83 59 701
81 18 988
36 69 885
95 69 174
82 92 801
51 36 706
53 86 773
77 85 359
97 81 284
45 10 963
13 95 97
80 86 858
37 7 998
60 18 663
83 14 670
52 8 697
50 84 577
50 29 721
36 42 482
72 25 852
72 35 851
14 78 234
64 38 900
94 47 289
23 13 428
7 67 367
38 59 276
35 26 172
88 72 214
47 62 296
10 40 558
2 42 582
40 2 447
18 5 605
37 59 907
88 43 615
27 83 323
33 13 438
94 59 161
85 1 1074
69 82 906
33 29 205
40 86 126
34 49 280
40 97 1041
30 28 61
15 87 456
88 83 696
91 14 497
93 35 1047
62 10 759
69 32 579
15 25 24
93 46 957
45 97 256
59 92 501
76 7 104
74 7 957
23 1 163
86 28 929
90 79 235
90 39 547
74 64 549
1 4 1090
62 3 120
79 21 732
77 69 761
15 2 134
19 5 730
17 63 248
69 41 1013
64 46 611
68 24 390
73 92 982
22 39 292
22 0 654
5 11 334
71 45 278
99 0 452
1 83 726
30 69 705
10 15 771
43 77 355
26 52 1058
35 71 515
34 6 231
18 93 239
60 38 266
85 42 680
30 10 253
29 98 774
95 19 863
4 23 4
57 36 8
62 29 318
39 12 144
90 72 728
1 77 1032
52 21 648
73 63 292
30 64 799
18 20 149
66 1 946
50 2 790
91 51 1141
68 2 310
2 53 409
29 16 413
21 28 505
28 90 1025
7 79 1103
2 76 257
47 68 143
98 93 690
91 70 59
26 6 598
2 73 187
22 80 412
83 65 324
84 68 124
51 21 323
72 88 240
0 47 274
53 20 1165
50 10 705
49 4 933
3 60 1030
25 2 285
46 0 817
84 29 1155
6 55 539
38 15 1041
30 24 528
5 49 840
90 91 508
46 68 754
45 72 51
90 8 263
22 97 201
83 55 533
14 92 1109
98 66 655
33 1 987
87 16 224
46 9 482
69 5 158
60 8 291
16 61 602
35 93 379
13 6 758
63 61 213
20 5 678
70 93 181
51 53 426
16 86 503
37 87 593
93 45 1117
92 70 952
40 42 477
62 49 470
54 50 954
13 59 315
16 98 259
44 84 873
37 75 343
75 33 515
85 91 894
81 37 1047
1 21 513
26 83 1206
55 33 276
51 98 1028
13 97 723
97 6 757
83 56 650
94 77 384
37 78 395
14 74 956
54 11 32
77 32 687
84 88 728
32 79 693
93 55 1147
84 89 899
63 13 1172
2 84 1149
43 23 474
57 4 1031
30 18 1259
29 95 499
15 14 981
9 82 359
1 0 943
2 43 870
36 50 397
77 50 908
1 13 359
70 17 640
63 27 228
30 84 204
62 8 1172
25 73 285
87 23 264
68 41 334
82 25 870
18 97 402
37 94 1040
2 72 23
68 59 268
9 27 979
28 98 431
45 98 5
71 57 294
72 33 970
60 83 384
45 28 1040
43 52 715
20 15 825
37 42 1081
97 78 48
39 69 626
94 61 169
87 37 169
24 4 660
47 6 100
68 4 95
19 69 783
20 52 1248
15 77 929
9 73 726
42 56 1048
81 53 433
40 3 730
43 87 511
91 42 477
86 43 654
96 6 1024
11 22 651
18 17 803
20 29 900
32 4 886
70 23 1001
86 54 503
52 41 1152
65 26 649
70 85 94
24 92 530
13 40 93
39 88 308
91 94 1181
24 28 730
58 44 796
22 77 1174
95 17 691
30 83 195
75 88 1231
44 98 914
83 7 581
53 22 593
89 23 129
34 57 579
12 21 1132
11 32 843
4 27 462
81 82 84
8 27 425
11 24 1207
19 73 884
79 57 1135
64 34 1154
15 16 416
75 96 241
32 8 343
49 91 324
26 40 1147
45 20 502
38 67 855
42 53 1249
25 54 487
42 27 688
86 56 550
87 68 481
80 51 984
75 32 247
53 72 992
60 41 731
27 30 756
81 5 638
42 10 1101
56 95 48
1 46 1309
36 87 1000
59 68 52
16 96 501
68 44 1225
51 62 849
33 81 458
50 70 336
80 35 935
44 17 694
50 73 588
13 93 812
81 49 753
61 39 770
72 51 429
76 61 732
92 69 666
6 56 663
10 49 181
62 21 259
7 81 175
96 97 1160
93 1 976
94 53 674
1 73 633
45 36 239
53 9 533
50 80 469
90 40 1174
50 43 820
88 87 1204
65 39 172
30 20 438
26 50 1251
21 19 438
22 74 970
10 89 0
70 51 301
95 61 443
42 65 830
75 39 1332
54 55 209
97 9 1142
55 3 398
63 41 85
77 6 578
67 11 790
34 27 171
40 9 137
61 23 960
1 81 1045
53 75 928
67 45 1380
35 37 483
89 11 191
91 36 609
76 85 0
24 6 790
74 61 1123
22 30 1196
36 9 930
40 25 295
14 51 288
74 81 1363
22 46 734
74 35 1163
50 52 1202
0 50 484
41 67 861
5 79 911
80 36 1149
24 37 736
89 54 1435
97 5 204
55 63 773
67 22 683
23 88 1062
10 84 384
64 27 602
57 24 1033
14 91 271
80 28 621
64 14 1179
35 39 518
29 5 722
22 91 1189
65 89 739
96 42 564
54 8 326
59 61 1385
46 39 856
13 81 553
22 88 776
81 2 1298
92 95 164
57 54 1415
65 63 1192
87 69 612
0 99 855
89 15 516
90 23 62
20 59 1243
65 81 266
87 67 1393
98 50 1104
35 38 1465
9 1 491
93 82 892
69 39 1430
61 87 579
67 52 823
65 74 282
54 53 658
6 7 583
78 96 239
54 30 175
92 53 1079
19 91 226
28 80 478
23 36 1137
26 76 1070
72 7 378
86 78 1032
26 3 1430
29 89 1135
49 77 962
35 50 164
82 93 884
86 90 15
93 56 1459
85 38 632
34 37 1093
70 16 153
96 99 730
17 46 663
6 37 619
91 19 1272
51 32 363
83 87 644
66 6 246
54 93 50
22 50 94
95 25 275
42 90 1379
75 51 1509
35 20 565
93 42 464
71 59 306
67 46 618
61 82 995
5 83 744
49 32 375
61 12 558
94 81 1264
76 50 211
79 83 664
70 55 550
20 71 934
24 65 765
93 88 562
66 14 942
19 46 1324
86 14 1092
77 15 175
7 20 1238
47 53 202
37 96 422
63 84 1480
22 52 1001
39 90 931
2 28 682
23 25 1290
41 84 1433
20 40 470
18 12 103
80 47 730
47 85 1283
38 13 414
85 47 709
14 21 457
12 65 296
11 16 307
7 75 364
51 45 1015
42 32 19
6 57 514
41 14 433
70 1 686
81 95 1342
78 94 1443
99 87 540
53 66 732
40 7 165
38 97 725
49 23 869
26 97 609
37 5 1268
53 36 1526
85 77 1297
20 25 1516
6 12 1337
8 90 1450
61 51 1069
46 88 1579
83 86 1141
93 3 982
20 57 786
57 71 275
41 97 1385
70 40 247
21 45 372
50 33 575
51 12 454
89 53 1302
11 74 1175
94 60 1541
86 27 39
78 7 569
74 43 269
13 91 1411
57 75 336
75 42 1084
93 53 43
44 75 1225
52 86 1370
92 54 333
60 77 1544
64 43 853
45 16 55
52 92 1431
24 18 586
26 18 912
29 25 1371
39 21 127
59 74 920
33 93 1457
6 18 15
67 30 97
58 72 1065
7 23 313
94 64 444
13 58 572
6 79 1019
13 20 733
74 97 208
34 43 1577
41 50 594
66 41 1468
43 78 530
33 43 616
88 12 63
50 47 1120
88 34 1615
1 69 537
78 56 721
62 12 1240
47 87 586
83 92 276
65 87 1535
32 99 356
80 73 1036
36 52 483
66 51 1297
16 14 684
54 16 9
69 36 969
25 72 940
38 95 369
34 79 825
49 79 1517
20 9 1635
33 37 1422
40 49 950
3 4 761
21 86 14
9 59 1446
14 52 316
22 26 862
84 7 1090
65 24 288
14 17 462
18 50 1041
73 79 1231
79 66 209
35 5 771
82 56 623
73 60 97
17 95 111
9 76 740
61 89 729
62 34 125
61 7 280
40 71 1046
9 89 872
17 18 31
1 96 1421
5 46 1311
98 49 663
78 66 1170
22 20 165
8 49 1347
98 37 843
76 92 65
55 51 438
64 20 574
62 82 603
71 88 1391
51 89 690
24 61 22
46 4 203
41 47 1217
46 94 331
34 95 1582
73 68 308
54 37 427
55 5 1205
12 23 1062
91 37 903
41 37 814
92 23 1594
57 59 74
90 61 1543
86 96 1586
34 3 917
59 80 708
67 6 961
68 38 1254
54 97 1047
95 59 5
73 93 839
39 73 574
8 67 509
27 26 721
73 40 910
60 99 439
73 1 154
3 98 1629
37 9 291
21 0 450
99 68 1538
67 13 1358
83 95 456
81 62 1678
28 27 1708
0 66 1241
83 69 618
76 78 922
84 3 168
80 70 1578
16 44 290
35 13 116
15 35 1454
71 62 143
97 49 1395
3 89 1276
62 83 1032
50 4 903
22 41 187
42 37 665
86 62 975
9 13 488
83 80 41
76 21 17
65 76 952
51 63 651
34 55 1511
53 63 1400
52 40 198
82 57 85
4 1 1282
83 22 1109
93 61 287
3 79 632
28 81 1300
56 92 1266
91 49 684
84 50 466
30 36 1424
63 74 890
89 38 1082
25 27 748
44 67 1150
10 0 1394
83 21 1227
20 39 340
58 60 1270
30 39 1679
76 40 1268
37 18 1337
79 99 1418
34 19 1387
98 85 1061
42 2 1371
36 95 471
93 73 1410
39 77 1590
35 98 921
29 74 468
45 57 621
17 88 1317
86 83 431
50 94 1392
26 4 194
67 74 180
71 32 1652
49 24 868
61 69 802
51 93 115
3 56 160
98 38 1474
58 92 75
41 76 706
96 44 1397
78 55 474
2 20 1684
36 39 132
85 86 953
94 7 1271
65 91 1656
4 19 536
50 89 1550
5 52 793
65 33 1381
61 70 971
84 27 315
96 63 1565
28 76 1339
73 95 255
14 70 1268
38 76 363
52 88 863
66 12 154
3 82 1244
66 39 1554
77 79 1656
25 41 1234
86 55 1337
71 35 657
59 16 1475
57 50 1199
35 95 1658
52 3 102
67 14 9
50 20 132
86 50 896
70 67 307
44 43 1583
75 49 1519
96 54 1423
65 30 347
87 26 1566
2 62 633
76 10 459
5 20 1442
94 66 112
34 74 586
92 41 1364
35 30 1082
56 65 1064
82 58 1230
89 86 632
95 55 159
21 30 278
2 5 1549
45 32 1651
55 58 640
65 80 855
50 60 1132
87 79 148
97 56 1208
83 53 650
34 67 974
87 4 1392
87 43 392
65 75 521
26 87 1108
80 77 285
5 33 258
6 93 590
37 69 594
91 98 1327
28 1 1303
8 39 1205
98 32 609
95 8 1711
78 36 46
77 4 371
46 51 1591
97 53 655
50 90 1502
45 24 1635
63 47 1415
73 42 985
2 6 636
62 46 1663
17 61 1572
95 67 211
10 8 428
44 62 1097
69 61 921
78 40 1620
89 44 634
64 52 1518
52 9 1821
12 83 167
13 55 1004
59 5 600
38 53 167
24 81 582
78 90 1399
28 86 248
58 10 869
44 46 1234
28 16 1199
99 38 637
16 65 1865
2 41 581
51 27 297
72 20 727
90 41 468
85 28 30
9 80 1584
89 16 1569
6 97 1748
91 88 601
69 54 1090
98 19 1557
59 55 308
4 21 1535
14 94 643
45 30 424
91 4 796
78 63 1063
85 62 1323
1 12 687
39 49 407
78 4 334
43 45 276
17 13 781
81 39 668
55 21 752
61 19 102
45 94 75
20 38 324
35 25 862
44 64 470
20 18 439
27 86 460
79 3 1048
89 17 388
0 81 1624
83 30 464
7 34 1524
53 5 1477
80 44 890
98 1 776
40 24 1517
25 61 90
9 58 1652
9 61 62
90 80 1517
10 77 1116
35 34 1845
62 50 545
8 73 1395
94 92 1155
65 97 49
57 15 817
50 91 1163
21 53 321
62 19 426
33 19 1802
50 41 1519
59 6 445
38 63 1859
9 88 992
21 11 641
24 90 639
88 68 1289
66 38 764
95 64 1603
70 73 1195
20 99 788
29 26 689
62 98 1250
17 70 521
72 93 556
99 35 46
39 17 617
66 40 563
20 50 1802
16 62 1844
3 64 267
1 67 439
54 12 734
37 1 1292
93 84 436
81 92 1497
27 66 713
67 40 1435
82 72 1990
49 44 1967
0 60 1428
98 95 1243
53 7 1411
49 56 110
44 73 631
29 81 1960
82 18 371
41 19 1765
82 33 212
85 46 288
20 17 1744
14 73 742
6 22 350
20 73 220
21 47 775
65 99 250
3 53 1035
28 6 1968
42 8 1843
18 49 1097
58 16 238
48 75 21
48 83 17
48 93 44
48 37 0
48 38 50
48 10 72
48 50 37
48 1 74
48 19 16
48 54 35
48 17 40
48 44 50
48 46 68
48 3 64
48 24 14
48 36 27
48 89 55
48 28 17
48 52 74
48 79 91
48 4 25
48 60 28
48 70 56
48 12 8
48 25 76
48 85 16
48 18 63
48 43 87
48 31 18
3 31 71
5 31 20
9 31 75
11 31 49
17 31 53
22 31 98
23 31 85
38 31 40
43 31 35
57 31 67
65 31 14
69 31 80
77 31 42
85 31 85
93 31 49
97 31 64
