13
16
43 7 6
3 7 20
50 53 84
5 67 75
12 6 84
59 54 1
19 9 73
26 65 96
64 48 10
56 8 84
28 4 2
59 21 94
29 12 74
18 57 48
46 7 13
2 9 97
35 32 11
44 59 60
58 32 86
53 18 33
44 19 39
6 23 1
48 33 36
2 14 41
47 27 32
5 24 10
69 42 95
48 38 18
2 36 29
50 63 70
42 21 38
39 63 81
40 39 50
19 30 70
28 59 49
39 35 53
67 7 64
25 21 31
15 34 46
24 54 6
65 14 98
6 56 93
32 7 16
7 4 31
32 10 57
10 59 44
2 19 70
23 3 64
46 36 88
50 45 84
67 5 84
12 53 66
64 66 74
40 14 53
58 52 30
4 24 52
12 39 78
63 46 20
27 67 48
10 53 19
53 11 29
63 7 89
23 17 65
62 21 97
33 50 65
66 27 96
36 45 61
6 67 24
50 0 36
15 8 33
6 20 48
7 44 8
17 57 35
25 51 6
41 52 43
24 20 61
1 51 58
42 34 31
63 6 90
67 68 17
25 26 3
48 1 84
30 23 98
0 38 44
66 58 18
21 57 76
0 64 25
54 57 61
62 69 5
43 25 67
43 24 26
37 51 31
12 3 38
47 51 95
15 49 44
21 62 52
27 32 26
27 30 46
64 53 90
38 24 55
46 51 96
55 39 100
15 52 60
33 36 13
63 54 78
69 31 20
25 30 63
20 30 55
35 50 19
69 46 77
56 53 13
26 62 73
15 10 14
27 61 84
1 52 39
25 43 46
38 18 26
64 45 68
26 3 60
10 23 35
53 44 30
7 64 37
24 47 46
65 56 84
66 56 89
30 55 69
33 68 60
46 43 36
10 1 42
21 37 85
62 44 57
22 45 33
34 58 98
12 22 7
56 32 96
18 10 1
56 49 83
6 60 38
68 11 50
59 0 48
38 56 1
18 44 91
23 36 26
47 3 82
37 28 19
30 65 23
40 1 28
32 30 87
48 61 50
48 12 50
10 5 3
20 28 71
52 61 59
27 5 79
40 6 55
3 42 12
24 30 81
20 36 40
65 53 25
10 20 4
59 52 97
41 60 51
4 38 12
8 0 45
61 51 81
65 17 41
23 57 59
69 50 10
47 8 82
29 14 37
61 25 11
5 33 17
15 19 1
30 4 42
37 50 71
18 21 85
49 60 28
23 35 63
31 37 10
40 41 60
17 34 47
69 43 83
30 51 91
18 1 80
12 40 79
8 57 80
19 15 85
34 31 41
63 5 73
7 30 20
42 19 86
60 50 64
64 29 44
14 15 61
7 17 93
0 43 49
37 69 54
21 40 17
41 5 90
65 40 67
6 5 77
1 41 87
62 47 82
57 51 72
65 0 30
61 49 59
24 29 38
46 24 11
67 26 46
42 36 98
64 40 33
36 47 58
54 29 85
60 21 38
59 51 61
22 19 67
65 58 45
12 47 13
45 39 62
1 40 25
14 47 39
48 63 45
0 48 89
40 58 7
35 28 35
17 7 76
24 69 89
22 0 71
47 69 66
43 8 41
9 37 5
24 10 97
17 22 100
46 67 34
24 2 55
66 29 52
67 42 62
14 63 85
68 21 5
46 69 68
4 19 96
55 27 4
46 47 85
29 34 63
24 50 4
61 60 95
29 19 4
12 59 13
40 3 27
4 8 14
19 60 12
57 10 24
54 31 51
1 9 11
57 34 69
19 18 15
14 58 30
49 21 26
55 29 96
21 63 6
51 37 62
21 41 17
64 59 8
42 44 63
61 19 44
32 17 12
44 49 18
8 9 5
30 31 70
31 8 9
44 60 48
69 6 74
63 47 98
45 47 21
22 23 40
37 38 83
8 47 67
40 15 29
5 65 52
18 24 15
25 0 93
49 18 96
47 29 87
18 41 13
57 14 78
23 66 28
12 37 62
24 31 95
48 36 95
41 32 23
26 9 17
9 39 90
52 57 85
50 58 11
24 42 36
1 60 90
4 42 90
63 43 58
0 14 35
12 31 8
15 61 43
4 31 96
47 1 9
27 66 50
53 43 44
43 65 54
61 20 2
59 29 33
54 44 28
6 68 68
50 9 100
33 34 38
59 14 11
67 35 1
19 56 99
33 47 93
59 50 77
3 32 1
40 59 41
24 11 84
9 54 90
39 56 94
28 20 11
17 2 12
59 40 91
43 45 78
44 29 52
2 65 77
36 65 97
5 58 13
41 53 10
28 52 18
2 66 8
47 30 40
31 10 65
36 35 13
53 48 3
65 25 13
32 0 47
17 3 50
14 35 86
39 58 68
67 4 24
57 33 54
7 61 57
30 6 10
46 68 96
65 48 4
66 18 3
38 60 38
55 50 27
69 37 88
69 66 95
60 36 27
14 45 1
1 20 34
49 5 39
59 20 46
22 8 99
25 37 51
68 9 27
11 0 28
43 26 56
66 28 74
6 26 11
49 45 76
12 49 73
14 0 56
55 3 4
8 38 18
61 32 13
59 22 19
11 58 26
37 44 65
50 43 51
59 62 96
45 12 71
5 19 91
38 28 27
54 20 76
9 49 18
61 45 50
26 6 91
47 41 97
61 68 94
60 68 70
7 67 99
66 4 11
42 20 14
29 46 77
59 11 97
18 20 94
8 4 45
26 45 99
44 45 61
26 41 62
8 17 38
34 36 88
60 59 91
4 41 68
19 45 26
29 1 71
36 49 24
4 58 31
60 29 98
9 31 84
36 10 30
36 61 78
60 47 63
55 67 73
19 25 69
51 4 9
51 17 54
22 53 1
59 15 81
23 43 89
9 52 14
47 36 60
17 58 6
27 44 10
28 66 53
25 40 85
15 64 70
28 10 21
11 43 99
6 27 16
61 5 80
14 28 25
26 23 6
8 49 19
28 30 15
66 39 27
42 56 69
66 34 74
4 1 6
32 18 89
23 41 91
12 19 16
19 59 77
55 38 92
4 37 16
2 64 7
1 42 53
63 44 87
54 42 90
24 23 70
10 27 60
46 0 69
48 0 58
58 23 9
43 44 92
11 46 81
28 63 30
22 3 97
32 48 48
40 60 36
31 0 78
11 37 73
14 19 38
1 64 37
50 41 26
54 21 7
23 61 65
19 66 56
49 25 84
8 25 47
65 20 92
36 25 76
42 12 3
25 4 89
53 51 20
50 37 2
22 25 45
48 23 21
44 32 42
9 51 45
63 66 62
11 66 72
53 17 38
66 2 15
15 17 22
66 14 10
21 52 59
42 52 4
55 0 85
41 55 84
10 56 42
23 45 21
39 32 39
15 20 89
60 27 94
58 3 45
0 67 3
2 29 17
61 44 26
45 51 46
38 7 32
33 37 85
61 53 95
7 39 68
12 8 76
37 58 48
63 10 97
35 2 49
33 43 7
30 54 56
6 69 59
12 15 56
47 6 89
43 18 36
27 23 56
59 69 74
59 37 32
20 6 44
38 30 21
26 14 13
66 37 87
63 45 11
5 34 83
33 38 44
52 40 8
66 64 24
15 66 8
56 29 80
10 2 61
19 2 73
53 67 84
66 26 91
6 10 7
53 28 97
52 53 94
57 21 16
49 42 93
43 2 30
21 15 55
49 68 21
59 4 34
26 5 14
4 9 92
46 38 87
41 1 35
32 64 2
41 18 50
56 0 47
39 38 88
67 15 49
8 26 40
30 58 69
69 68 98
45 24 80
45 30 15
35 12 88
30 63 93
10 47 65
26 11 25
19 8 100
50 35 6
7 2 73
54 12 9
10 34 8
61 59 58
5 42 17
63 19 7
11 55 52
66 32 1
4 33 53
34 38 86
63 68 62
32 24 20
55 6 43
0 41 48
63 35 64
14 49 23
4 46 53
22 68 98
61 7 24
9 35 96
31 43 56
25 1 76
17 6 13
60 42 13
52 10 77
3 68 27
11 10 89
2 33 34
19 36 100
31 36 62
59 8 14
7 29 16
42 23 22
39 45 44
57 9 55
20 35 83
48 2 1
28 67 79
26 31 79
10 65 46
59 61 53
12 4 58
37 43 36
46 35 89
49 53 94
65 49 59
67 57 35
55 9 78
8 51 18
38 12 77
11 57 44
7 69 44
52 18 73
23 28 77
60 24 66
5 20 53
57 43 38
54 7 22
23 10 18
3 66 55
45 34 51
39 23 48
57 11 90
11 53 51
47 39 12
0 62 35
12 62 18
24 55 43
22 64 6
46 53 42
18 42 15
49 6 31
67 66 50
18 50 73
51 5 8
15 68 3
25 41 9
68 2 44
3 65 27
8 19 5
8 44 12
38 55 77
28 11 24
6 12 12
24 64 68
41 2 41
15 36 2
43 47 48
3 18 38
46 42 65
69 35 46
23 37 82
45 26 95
4 39 100
49 47 3
51 12 64
19 35 19
22 43 48
32 31 86
21 32 40
69 45 99
47 53 96
35 25 19
0 51 23
8 56 95
62 36 99
34 21 2
19 37 93
4 20 4
68 40 3
45 50 72
63 65 84
10 8 62
63 28 37
31 41 72
49 38 11
42 45 4
17 42 16
23 62 16
25 7 74
10 12 100
7 18 49
1 4 10
49 11 19
22 59 91
57 7 68
2 44 90
10 52 87
55 49 86
33 9 42
20 17 55
39 48 47
11 40 22
51 2 75
45 62 61
62 34 97
12 45 79
7 3 25
27 6 64
43 29 81
17 60 72
67 21 57
55 7 52
62 12 89
25 50 70
55 34 17
62 1 85
32 4 77
3 63 59
31 56 88
6 58 63
64 61 68
55 63 54
1 35 75
35 47 85
50 59 40
6 32 41
64 0 26
57 63 68
46 14 13
59 41 78
20 11 43
42 33 7
28 1 69
31 60 23
48 56 1
62 18 95
53 62 59
0 40 99
10 29 90
10 54 48
60 66 28
25 33 54
64 33 61
17 11 81
57 12 55
64 1 82
2 24 36
21 58 91
49 23 60
69 34 56
7 66 97
12 38 57
21 61 18
61 67 58
9 10 98
59 6 89
67 12 34
2 49 94
6 37 49
22 57 20
64 56 48
23 8 54
64 27 31
62 28 56
52 46 78
40 31 54
21 26 92
38 57 16
0 37 98
30 47 42
11 54 8
46 34 61
56 66 99
59 3 99
24 36 44
49 65 20
21 23 26
48 52 79
45 44 38
27 34 40
20 67 48
2 54 48
68 39 80
58 44 87
32 33 31
34 29 41
35 41 38
37 63 4
62 9 31
44 9 23
35 18 76
28 65 33
37 25 82
48 44 8
69 55 21
19 32 27
50 26 30
5 26 66
15 23 41
23 32 67
61 37 63
21 20 12
42 43 82
47 34 10
5 46 56
34 3 37
44 37 47
52 37 19
31 48 88
52 51 25
20 29 40
67 62 69
21 19 34
19 54 41
12 61 87
45 61 17
11 5 13
31 69 32
14 23 91
52 5 31
0 26 53
39 33 12
6 48 97
26 51 58
54 19 70
24 57 66
51 25 99
15 50 37
68 52 32
29 47 37
48 59 71
21 7 29
20 60 16
39 2 91
64 22 73
38 8 11
18 27 63
7 25 58
12 32 87
15 1 79
41 65 31
31 11 100
18 23 69
28 24 75
9 42 29
38 31 39
24 52 64
20 59 64
54 47 73
64 55 42
43 5 4
27 1 80
31 62 59
60 43 74
40 50 47
25 57 9
58 21 37
50 52 20
60 56 6
44 0 29
45 38 99
28 18 53
35 52 91
68 59 52
63 62 58
65 51 54
51 27 53
4 2 65
22 69 31
46 8 39
17 50 9
9 12 29
15 57 71
11 67 12
67 30 95
12 56 70
49 44 29
44 1 56
35 34 12
37 36 20
27 11 12
34 18 40
59 34 96
1 28 63
55 59 9
60 37 20
54 66 18
63 55 26
10 68 57
68 17 80
48 29 52
6 31 66
66 20 3
5 48 85
41 30 81
24 1 51
36 18 26
54 45 40
21 50 50
8 58 46
47 59 94
47 65 44
30 32 87
51 20 19
12 44 100
9 20 46
45 68 1
40 47 7
26 19 28
47 25 27
30 18 94
11 30 84
35 42 79
4 63 84
43 28 4
9 8 41
17 44 83
21 43 9
40 24 41
2 48 23
36 20 36
24 18 15
33 49 5
36 5 20
43 46 92
7 15 59
22 1 65
11 6 87
31 29 90
56 69 90
28 15 64
29 60 92
20 54 64
17 27 88
24 45 37
34 50 85
40 33 18
19 5 31
1 30 98
46 26 77
58 43 43
30 50 55
60 63 66
10 11 83
69 57 75
68 3 98
37 17 52
64 34 81
6 28 39
65 6 20
41 66 70
12 54 74
43 52 94
66 52 74
64 20 46
28 31 28
8 15 58
23 42 98
32 59 9
39 3 87
52 48 21
30 14 21
12 46 80
23 44 60
14 12 79
21 28 99
7 42 48
27 43 79
55 11 45
27 26 36
7 5 1
3 15 82
33 28 89
62 23 58
5 55 96
48 42 94
41 67 74
56 30 51
34 10 71
45 29 41
49 59 6
17 18 68
25 23 38
14 55 21
0 65 83
1 11 63
48 35 1
1 34 16
37 62 97
17 37 56
63 60 75
60 4 76
8 11 48
41 47 48
27 4 73
32 62 57
64 6 45
3 14 61
41 23 26
38 4 21
56 21 83
40 38 98
19 20 94
32 8 100
10 7 21
54 37 34
67 53 79
67 38 98
6 44 22
17 35 39
45 41 91
43 6 65
33 10 21
56 9 94
10 66 99
68 14 14
38 35 83
24 9 73
44 50 29
8 60 67
59 46 95
67 11 51
50 20 50
37 20 42
11 22 51
56 50 34
59 31 28
46 59 13
11 14 74
65 61 38
10 69 69
38 9 40
61 55 28
28 48 64
31 6 72
55 65 67
5 31 35
68 44 81
40 7 47
42 62 65
52 4 67
68 23 8
10 32 67
24 61 85
48 57 90
53 3 13
68 8 16
15 67 83
37 48 24
55 30 7
45 40 94
57 53 17
58 19 46
10 18 2
32 50 89
22 46 2
59 25 53
41 46 64
50 1 17
63 42 64
65 46 5
61 31 69
54 51 28
18 17 51
11 38 30
6 63 69
25 10 58
50 29 96
51 11 18
33 18 13
14 62 32
49 1 53
39 44 44
55 57 89
67 58 54
9 22 48
18 5 80
7 19 75
3 55 77
39 6 37
40 11 26
0 42 1
32 58 81
63 29 98
31 63 58
62 22 49
2 35 99
54 55 58
62 31 28
59 55 58
1 49 62
47 44 87
24 14 38
3 49 57
27 8 80
27 46 69
60 64 59
67 64 98
29 42 38
65 38 14
35 33 89
26 28 59
10 46 75
56 39 67
31 28 100
32 51 43
69 51 53
42 8 81
37 60 21
7 55 47
61 11 32
39 62 41
12 35 62
41 7 82
64 28 25
49 7 13
67 10 79
4 61 40
59 19 53
58 29 16
6 7 52
65 59 49
0 53 19
68 34 60
65 5 34
8 43 66
68 46 59
19 14 46
14 21 83
63 34 6
28 2 32
22 7 76
8 42 70
2 39 24
15 55 11
38 22 61
57 28 6
9 60 56
12 64 68
5 7 53
42 67 94
49 62 6
51 40 58
51 69 94
19 6 98
18 52 91
19 43 4
32 22 25
6 51 95
66 30 68
34 2 28
43 53 39
58 59 33
25 68 31
19 23 1
10 4 33
56 45 29
45 55 4
1 45 30
20 22 48
35 7 80
22 40 53
36 66 3
10 0 80
0 55 40
9 23 10
21 0 89
51 8 19
17 48 29
60 17 35
57 46 93
7 32 62
2 45 88
11 51 69
48 26 28
64 46 45
26 47 55
57 62 69
49 30 2
1 56 41
41 43 79
50 51 84
59 17 15
48 43 78
35 46 48
3 41 9
18 12 57
41 11 7
31 53 37
20 42 52
44 52 81
67 19 45
44 65 43
26 36 93
69 14 52
69 53 35
58 10 30
39 41 71
68 62 45
23 48 51
64 26 86
50 15 5
58 60 62
30 3 94
45 59 60
43 49 81
0 11 2
5 23 43
6 40 49
41 36 28
36 42 57
7 11 93
37 49 4
51 26 67
66 54 44
14 42 69
58 63 16
53 61 33
68 24 97
34 47 46
23 50 58
34 33 69
33 64 30
15 32 3
65 62 93
26 1 59
52 67 52
28 25 90
60 35 49
39 24 11
31 59 84
9 17 28
58 65 29
1 66 92
60 46 78
22 38 35
62 64 73
1 23 98
60 67 24
4 60 27
67 37 68
59 33 43
23 58 29
64 37 45
37 66 20
4 17 43
8 46 47
32 69 43
35 56 12
37 6 70
49 54 3
65 28 43
53 5 55
45 27 72
18 26 46
55 12 53
12 23 87
7 28 94
20 50 28
6 14 80
21 8 28
63 27 90
0 17 75
29 25 84
8 6 100
19 28 62
57 23 38
48 64 66
37 8 48
26 29 41
22 9 37
19 63 77
35 19 62
62 68 58
65 63 7
52 64 38
56 26 83
43 64 85
39 1 34
14 68 11
50 62 77
33 26 13
43 10 44
33 61 96
19 31 11
53 27 62
45 64 92
3 67 14
69 10 28
39 53 65
37 59 14
44 11 63
0 24 80
46 29 57
42 51 85
64 50 22
58 31 82
23 59 6
62 29 69
31 23 74
47 45 78
45 67 1
10 37 74
2 61 88
18 38 95
21 6 18
67 6 36
15 4 95
58 53 2
15 5 53
9 67 52
25 35 15
54 40 78
14 31 37
3 45 1
43 68 57
49 3 83
19 26 49
3 17 50
59 57 41
25 42 80
0 7 32
29 11 97
53 32 90
47 18 76
27 9 77
37 26 1
42 15 45
51 62 52
53 50 86
15 56 40
33 31 63
6 19 23
64 30 79
3 39 4
23 67 14
54 67 7
66 25 45
69 5 92
29 23 69
45 58 11
34 12 85
18 55 86
46 65 50
28 64 94
29 37 84
0 66 28
6 24 57
14 9 99
21 17 27
58 56 89
1 19 6
0 52 53
25 19 87
18 14 85
5 66 99
46 5 26
47 67 83
55 48 78
49 58 9
8 68 16
51 65 54
66 53 47
2 60 57
67 48 25
29 41 32
17 69 16
54 1 71
32 43 58
5 3 23
30 60 1
11 32 56
67 14 96
12 17 31
12 30 45
34 40 45
53 52 39
68 69 18
39 14 34
58 5 1
3 27 90
4 50 64
47 54 93
46 57 10
20 1 77
25 59 52
34 56 65
65 33 68
58 24 28
37 40 77
62 66 7
48 10 49
44 2 77
31 30 100
19 12 82
9 25 28
37 39 22
51 10 77
11 44 34
52 55 76
32 68 95
17 67 3
0 19 95
18 15 18
65 11 65
52 22 94
57 55 6
49 17 94
61 4 63
14 60 73
54 17 92
3 8 75
18 32 12
3 33 9
51 42 3
28 45 24
67 1 39
64 57 7
12 18 38
56 38 21
37 0 88
32 54 56
31 14 94
58 1 17
32 46 16
9 55 64
20 0 53
27 45 64
21 45 33
56 36 23
66 44 95
50 14 37
26 12 27
62 42 35
26 27 39
58 18 51
15 45 91
32 3 97
1 36 41
32 61 32
68 51 81
20 25 91
36 53 37
9 61 78
7 58 65
48 20 69
33 25 78
4 51 19
2 32 1
54 18 75
29 33 62
12 66 36
66 1 34
33 55 28
1 15 41
12 43 36
55 58 91
57 54 97
61 69 70
51 33 64
59 42 54
3 56 68
12 65 90
54 2 99
26 50 14
36 9 12
60 12 50
35 37 81
4 3 53
11 39 13
44 69 8
21 66 82
53 15 6
54 11 37
25 45 83
45 10 11
58 22 79
22 5 10
0 45 25
56 64 20
62 2 37
10 64 96
50 55 18
48 50 37
2 30 5
19 68 31
69 59 9
66 68 23
32 55 85
54 53 29
38 50 81
10 60 39
53 33 63
21 35 84
40 69 76
57 38 78
55 20 31
30 29 55
17 33 42
42 66 47
33 69 40
22 30 35
12 34 47
53 4 46
43 57 29
67 56 85
69 12 93
59 39 25
61 18 43
17 9 30
12 7 76
4 18 56
43 40 59
69 23 96
34 27 96
42 37 1
55 42 94
33 45 52
44 61 85
1 48 95
2 67 10
35 0 9
5 69 23
8 63 86
45 22 91
40 52 71
27 2 86
66 31 12
52 58 88
20 44 97
41 27 21
9 1 3
69 4 66
24 62 60
60 22 27
44 10 16
67 61 83
34 59 49
2 6 22
4 67 15
20 52 75
29 49 22
7 6 37
28 8 7
69 65 72
49 15 42
29 36 58
31 7 2
28 57 68
41 14 5
47 61 53
28 23 45
50 23 61
47 5 72
50 40 76
58 9 97
55 8 74
9 29 43
20 8 52
53 41 25
35 44 43
9 26 63
66 12 14
54 8 35
33 22 28
47 4 54
33 29 35
55 2 90
50 67 69
46 54 57
41 56 38
60 65 50
60 10 31
19 48 96
30 45 78
44 53 65
60 1 45
67 39 96
26 25 17
69 67 67
60 34 76
4 62 97
37 23 89
49 39 35
31 40 31
49 34 72
27 58 5
61 63 55
69 22 19
1 55 17
24 66 39
34 63 68
20 37 41
17 0 29
17 53 78
47 0 33
41 12 85
66 6 13
33 24 88
34 39 90
10 24 93
63 31 5
14 30 59
62 38 87
22 36 13
62 41 3
5 30 86
29 8 93
53 66 75
36 7 85
42 40 43
40 4 92
55 19 3
21 53 97
48 18 69
28 9 2
47 31 31
64 7 62
53 58 59
5 35 22
41 40 77
27 3 13
21 25 4
25 55 72
48 49 83
4 69 73
32 6 69
27 49 35
5 12 3
55 28 11
33 6 40
15 0 87
68 56 23
22 49 34
22 58 27
5 6 100
55 45 70
62 43 1
67 45 22
20 38 54
63 20 16
15 21 88
31 46 18
17 59 6
52 69 72
22 44 52
41 34 69
27 63 40
28 7 73
55 46 63
22 60 77
23 21 90
58 7 95
31 22 73
64 18 58
58 67 75
66 60 34
68 6 32
17 36 24
38 33 72
24 25 60
58 15 63
5 38 64
39 42 37
48 11 65
36 28 90
37 9 52
60 9 55
20 55 46
68 18 78
5 41 21
46 49 16
69 47 6
2 4 2
25 3 87
33 42 31
52 34 100
58 62 51
38 3 90
20 53 70
2 47 47
29 44 21
5 44 37
33 58 54
68 49 31
64 11 56
46 33 46
36 62 25
66 67 19
28 19 19
5 36 30
24 12 40
40 36 9
32 21 16
12 5 11
5 28 37
7 0 83
39 52 62
23 25 69
64 62 45
3 54 72
41 57 79
9 48 91
34 69 27
65 35 29
23 33 83
11 2 13
52 9 55
28 68 6
47 43 89
57 2 31
26 15 79
37 18 38
63 40 77
47 9 87
56 40 66
15 9 34
69 58 64
43 19 90
57 59 65
39 5 40
64 8 86
63 41 8
60 7 95
64 65 85
1 65 61
69 0 98
27 42 87
36 1 89
19 52 91
56 68 11
20 46 43
55 68 93
58 34 39
60 69 49
69 17 92
52 42 76
28 14 39
51 63 10
47 33 92
42 1 57
17 1 23
68 55 40
26 56 46
17 46 15
47 48 7
14 46 14
39 20 67
52 20 70
12 25 3
36 27 65
26 18 46
19 42 16
69 25 82
22 33 59
47 28 16
49 31 92
21 55 22
10 35 69
39 65 9
40 37 45
67 31 93
18 56 16
46 6 10
0 39 65
0 34 93
9 24 38
35 45 32
22 61 3
47 35 75
23 4 6
37 22 12
8 52 89
59 47 54
68 29 10
24 44 59
56 61 49
61 64 79
40 51 86
44 35 25
5 32 73
39 31 73
18 45 83
60 45 100
62 51 5
25 2 60
24 51 9
45 3 94
5 56 82
69 62 57
32 60 26
50 24 46
30 66 38
51 68 54
37 67 92
65 31 95
37 68 58
46 17 40
63 1 67
44 40 44
56 55 1
8 18 66
60 33 96
8 41 79
66 22 97
35 9 11
29 68 42
37 54 36
27 62 12
55 41 19
31 65 84
29 0 88
53 8 37
7 65 48
55 22 34
41 62 5
62 25 94
41 17 74
47 63 91
21 34 99
63 12 17
14 11 10
32 15 72
62 56 90
54 34 49
18 33 4
5 40 68
1 24 42
68 19 31
14 29 77
47 20 28
66 23 10
53 69 54
52 56 44
27 36 50
51 50 9
38 21 100
17 52 62
20 43 70
54 28 17
64 36 48
52 50 45
58 4 99
23 38 35
14 43 4
12 60 51
50 30 8
56 35 86
60 6 58
56 37 18
11 65 56
44 22 53
66 55 94
44 12 34
6 64 92
17 40 27
62 14 73
4 48 20
28 26 96
51 66 34
30 69 43
1 33 39
8 31 33
48 22 37
15 42 27
43 22 14
30 49 76
31 49 11
56 6 44
46 44 70
33 41 45
10 9 43
26 60 21
0 22 73
14 3 59
69 44 25
63 3 1
40 53 43
20 14 61
11 9 57
33 57 77
26 35 49
56 60 25
7 8 46
36 57 16
44 30 84
42 4 32
19 50 85
51 19 76
26 52 5
30 43 100
46 25 97
17 38 53
24 46 78
42 57 40
0 50 58
52 1 49
2 34 1
34 41 90
62 63 8
0 29 89
43 69 69
51 30 23
63 30 79
33 7 14
61 12 25
41 61 47
0 47 82
24 4 93
41 31 91
12 1 76
4 43 61
43 32 46
57 36 90
12 0 98
3 10 6
21 14 71
23 64 68
0 30 89
62 5 100
11 12 77
51 24 22
39 69 72
51 64 33
55 62 36
30 10 87
31 68 97
50 48 71
41 58 17
61 54 16
6 41 56
14 1 93
59 68 61
40 45 83
10 26 85
36 29 28
25 60 10
49 32 63
54 26 19
5 53 75
29 57 19
1 14 18
61 1 49
52 41 19
50 44 37
53 38 81
57 42 34
34 66 90
34 54 56
55 18 27
31 1 23
5 52 44
31 57 42
11 33 97
69 9 41
60 53 50
18 67 99
40 35 32
34 53 96
42 68 18
6 17 41
61 6 70
2 56 76
7 54 25
15 62 68
31 58 90
37 52 65
18 47 29
14 44 36
1 53 24
50 7 16
47 11 85
15 47 12
65 34 37
30 34 62
60 57 44
54 4 41
5 63 75
32 20 100
55 66 34
29 50 21
63 61 6
2 10 21
65 26 68
5 17 1
24 58 10
20 19 43
1 31 34
26 59 69
27 68 65
38 20 52
11 49 1
18 43 78
4 12 69
44 64 97
64 31 93
15 33 44
1 32 63
62 26 19
58 33 15
31 44 76
35 53 61
14 56 17
33 19 63
9 2 54
50 68 52
34 7 35
12 21 8
51 32 22
37 42 51
17 55 72
35 59 27
27 14 22
36 8 53
65 1 49
14 41 80
9 21 74
19 34 55
10 45 78
4 36 41
68 61 81
31 21 22
9 53 20
2 21 48
34 14 54
9 58 88
11 64 24
69 7 77
6 46 2
35 24 52
54 36 13
15 46 18
69 26 87
46 66 50
43 9 54
62 7 35
18 28 38
2 69 99
48 14 52
18 29 95
56 18 50
55 52 16
1 26 2
47 23 72
53 2 46
32 12 45
66 42 50
53 31 94
8 24 45
51 3 81
38 68 25
8 28 12
67 43 77
39 34 30
56 28 36
51 43 24
23 55 98
49 2 1
53 47 19
9 69 83
52 65 43
48 40 8
38 61 82
58 28 63
42 25 81
42 35 5
7 36 82
5 9 90
63 67 46
8 3 84
66 48 57
27 35 100
8 40 71
5 68 91
69 24 37
17 14 5
12 41 54
60 5 71
61 41 49
31 26 63
43 34 67
9 41 33
10 31 72
8 34 91
31 55 37
54 69 15
6 55 81
7 53 5
6 2 44
49 27 61
7 43 60
1 21 11
24 22 49
11 23 68
49 43 83
65 44 66
33 62 93
39 10 36
47 15 86
34 15 19
22 66 69
37 32 43
66 7 64
15 38 26
28 46 4
6 36 60
52 8 51
11 59 24
10 38 13
69 18 11
40 32 42
45 32 84
64 54 22
29 3 35
49 69 38
61 21 77
40 62 77
7 12 62
59 32 100
4 59 69
66 15 82
26 20 77
30 41 59
50 47 88
67 36 66
40 19 7
0 1 97
3 47 52
66 41 2
28 38 41
46 20 12
23 54 43
60 18 44
56 57 40
41 45 28
9 34 49
32 26 6
36 24 17
44 27 8
0 15 51
34 35 74
12 2 54
25 38 7
27 7 14
6 1 70
57 47 37
20 48 1
25 47 30
23 19 92
31 25 71
33 17 6
57 32 9
7 20 48
6 66 16
20 10 47
15 69 73
27 52 52
68 58 34
3 30 9
56 52 22
64 25 32
61 39 94
48 15 4
59 43 73
3 25 81
3 26 36
24 19 10
54 9 46
37 11 60
42 61 21
21 36 10
29 18 4
27 22 51
31 47 74
33 8 23
26 44 87
57 15 51
20 23 42
36 63 15
59 24 22
22 51 74
14 27 28
33 30 98
3 22 58
57 61 8
60 15 62
46 45 22
39 28 94
25 39 41
49 61 78
10 15 95
1 2 25
5 29 43
37 30 69
27 69 38
9 40 10
59 36 86
58 46 2
2 53 26
43 31 31
29 39 42
40 26 42
11 4 17
56 44 7
27 53 53
21 18 14
33 35 32
34 22 18
23 69 47
36 17 16
26 17 61
39 8 3
42 24 75
1 37 63
33 51 16
43 12 30
44 55 84
20 9 66
4 52 3
30 21 9
56 3 15
54 50 68
56 15 30
22 15 56
9 65 57
37 65 47
63 52 19
64 19 12
14 34 79
52 6 96
18 11 69
51 67 54
49 46 85
48 65 73
2 7 7
10 58 31
15 7 87
65 24 24
25 64 13
38 5 49
35 15 64
43 42 82
18 25 18
18 62 87
49 33 81
42 27 12
30 26 54
52 11 88
56 46 47
45 35 64
22 21 56
17 61 68
63 53 42
22 11 59
68 32 53
69 20 58
62 46 34
3 2 64
40 28 82
11 45 98
0 6 58
12 50 50
62 32 15
20 69 19
31 4 13
41 68 44
67 25 95
22 42 41
30 20 47
9 50 3
62 0 27
53 30 5
26 24 50
12 33 67
54 38 49
0 58 26
63 11 37
7 51 94
61 36 85
42 9 90
32 37 13
5 54 95
61 62 46
40 64 87
61 35 19
25 5 57
54 32 65
66 49 43
61 3 67
67 23 2
20 64 64
29 30 82
30 37 29
69 63 76
52 43 55
25 63 42
43 37 96
50 42 49
53 26 4
27 17 33
46 31 88
47 68 52
31 38 29
53 23 64
60 62 49
55 53 53
57 27 100
8 30 12
43 21 9
54 14 65
41 35 99
7 26 47
47 14 82
56 62 92
44 38 79
20 3 82
0 4 84
49 8 26
48 27 30
59 63 66
42 22 27
61 14 2
5 37 76
53 49 9
51 39 30
38 65 79
38 39 6
37 1 97
29 28 17
41 33 41
9 6 72
1 8 97
19 33 15
69 11 78
41 42 39
32 39 23
7 57 18
44 58 85
4 29 68
44 3 40
66 51 79
38 48 89
57 48 22
34 67 40
59 2 6
68 60 86
40 8 52
58 2 87
33 11 47
18 7 44
21 31 7
30 8 53
66 19 64
56 10 73
30 61 100
38 15 33
58 12 44
52 36 31
55 5 2
63 0 23
23 9 51
59 45 15
22 48 65
24 8 31
1 46 24
44 57 71
33 1 81
47 49 97
38 27 33
11 8 64
6 38 97
7 1 73
38 44 92
42 38 76
30 62 98
49 9 12
24 7 50
23 22 86
45 31 77
55 35 20
64 49 45
30 27 25
2 0 42
51 1 12
22 47 73
53 45 17
33 48 65
11 48 47
34 6 36
50 34 83
50 6 42
1 43 92
28 44 15
34 46 48
56 27 52
48 68 93
62 57 73
66 59 17
30 28 93
29 59 64
26 38 16
1 68 61
35 54 70
42 14 54
50 25 1
48 5 91
38 29 27
67 59 83
38 62 80
21 60 39
11 69 71
52 21 41
44 26 45
5 22 36
51 54 57
50 12 59
8 59 88
35 11 90
35 36 71
15 35 14
47 12 93
49 57 81
2 15 3
15 31 81
53 0 95
15 63 16
66 38 97
26 37 86
27 24 35
34 28 78
47 57 5
44 17 26
57 37 48
31 51 45
14 53 77
35 27 21
52 15 75
63 8 36
35 68 95
67 65 94
37 57 81
47 66 61
69 41 19
18 51 2
36 3 16
18 0 33
28 17 66
25 44 62
22 31 40
7 47 54
45 43 11
29 17 56
68 38 5
52 47 71
7 56 5
25 14 84
1 67 31
11 19 95
47 64 18
46 18 8
29 7 21
5 43 99
29 58 16
19 11 91
0 18 98
14 57 3
17 56 67
22 17 12
28 60 82
29 53 61
60 41 69
41 20 34
11 56 43
66 36 58
43 35 52
30 36 22
62 15 33
64 67 30
4 34 58
56 48 79
24 63 41
35 61 70
36 0 21
1 69 90
4 45 40
20 63 30
28 51 17
59 26 41
41 22 25
29 22 70
45 4 35
33 67 91
34 64 84
31 50 31
68 47 35
25 56 26
67 51 99
66 5 54
68 41 24
23 60 16
51 29 56
51 49 33
68 33 20
20 39 64
4 7 38
45 20 27
35 38 52
15 39 60
52 28 81
58 50 23
65 21 96
27 10 86
36 23 23
19 47 27
26 69 87
21 39 10
35 64 92
44 28 56
66 17 1
61 47 55
44 34 62
10 36 55
20 58 91
37 56 34
28 12 88
44 25 97
39 57 78
20 47 31
20 21 31
60 25 76
28 62 82
15 25 53
18 66 43
42 5 21
59 12 20
15 41 95
58 57 36
35 43 59
60 14 39
29 55 22
50 49 94
24 40 71
41 63 63
2 18 11
46 12 10
61 58 57
44 7 47
28 39 77
8 53 60
43 62 3
49 29 55
7 48 4
9 3 70
18 6 58
47 38 12
62 24 10
48 4 31
23 51 98
30 17 36
27 55 37
62 19 17
15 43 7
60 52 24
53 25 80
29 45 79
53 64 22
34 11 37
21 24 14
46 28 72
41 38 63
36 37 87
12 11 74
65 55 47
21 46 24
5 15 26
15 54 33
36 41 100
51 31 35
4 49 67
3 51 57
68 37 47
54 56 52
51 48 74
3 19 59
26 2 26
4 15 71
7 23 33
64 3 20
17 5 96
40 34 51
67 22 18
54 68 12
66 8 44
3 28 77
17 20 1
57 0 88
6 30 67
46 56 5
2 3 56
27 15 97
36 12 33
58 30 1
27 37 98
10 41 3
32 28 8
19 44 50
66 0 76
54 52 13
45 57 53
40 2 95
29 43 71
29 54 82
41 49 93
63 48 20
31 39 37
8 36 29
20 56 60
52 29 20
47 10 7
29 9 100
26 67 15
7 33 42
36 2 75
56 51 39
24 27 41
59 65 40
28 33 11
17 43 31
7 27 77
24 53 44
45 9 78
43 30 11
23 1 18
51 60 68
22 12 67
46 62 62
35 65 45
35 8 99
40 54 55
37 61 74
44 42 91
51 61 62
46 2 13
41 6 76
29 2 26
64 32 26
18 9 65
39 4 11
44 54 5
18 69 17
45 19 96
57 50 50
69 29 69
30 22 13
23 40 25
67 29 81
20 51 100
18 2 85
34 44 47
68 1 36
36 69 33
65 32 99
63 17 30
0 2 31
42 28 33
18 22 32
67 34 100
19 67 66
48 25 35
66 45 51
20 5 52
54 33 33
20 26 3
27 31 10
34 5 70
26 7 92
67 28 9
22 29 73
29 56 51
67 63 65
9 59 24
43 4 77
5 50 7
23 56 79
34 1 60
1 18 43
12 63 69
48 28 20
11 63 1
8 27 8
33 66 49
58 14 75
50 32 50
35 40 5
56 33 88
20 45 51
46 19 24
9 47 80
58 40 21
50 4 52
40 44 65
55 37 89
54 48 80
3 21 57
53 36 38
24 21 52
1 47 13
21 2 99
44 43 86
33 63 1
50 5 22
35 51 68
2 31 19
21 33 80
48 45 46
50 46 92
41 39 96
67 46 56
37 55 95
33 39 98
6 57 74
37 7 83
12 28 36
39 17 5
62 17 8
11 36 70
33 53 55
49 22 94
46 48 86
58 41 76
12 9 44
68 50 43
60 51 98
0 46 61
48 47 54
44 48 82
2 38 79
48 3 87
12 24 20
9 14 84
26 53 18
51 41 21
3 50 42
19 40 62
7 68 76
18 58 50
14 7 21
50 2 62
10 25 69
0 3 11
50 21 58
25 52 77
3 24 45
47 26 88
54 64 86
57 67 7
4 55 14
25 48 49
50 65 60
39 60 94
23 29 36
10 30 76
40 66 57
41 19 24
60 8 66
23 26 96
2 62 17
55 69 55
45 1 36
68 4 70
52 62 25
18 40 62
23 30 65
24 56 20
57 44 36
3 53 69
24 35 88
3 69 6
3 11 5
5 0 42
7 60 10
53 1 23
3 44 5
14 20 68
0 31 76
18 19 52
55 47 64
37 27 2
10 28 30
61 27 10
39 47 4
34 60 65
65 36 14
18 46 82
40 21 4
48 31 54
46 3 100
19 27 53
48 60 8
33 65 36
61 50 32
52 49 36
3 43 71
9 32 21
26 49 61
29 35 14
47 2 42
4 30 47
25 12 99
64 35 71
38 0 17
22 18 66
32 35 51
8 14 93
2 11 61
31 15 58
1 62 44
25 28 11
50 36 55
28 61 29
63 58 90
67 27 23
23 2 83
58 45 9
39 25 79
41 44 62
28 5 56
14 6 80
56 14 75
34 9 15
43 61 3
34 32 72
61 26 89
7 50 37
69 39 65
61 15 62
7 40 13
65 39 63
3 34 22
21 47 69
66 46 53
8 64 48
57 20 100
48 58 37
42 65 70
0 28 90
31 67 5
58 48 67
58 8 24
5 11 57
7 49 64
61 46 44
15 48 45
34 26 19
60 49 72
57 1 10
38 45 56
50 18 66
25 11 72
27 12 43
45 56 51
21 54 25
44 23 56
9 30 22
45 15 19
47 46 95
0 61 63
15 2 9
61 10 45
68 0 57
59 38 79
27 40 1
42 11 45
2 25 39
65 52 83
36 40 43
51 35 27
42 69 7
14 17 8
49 48 59
18 36 93
63 50 70
26 34 40
38 10 18
3 58 34
17 47 95
57 39 35
20 49 54
34 65 87
40 18 65
46 64 57
65 12 45
69 48 87
54 39 28
51 44 38
60 20 57
42 30 97
11 24 68
63 59 44
24 28 77
14 48 12
4 11 38
6 43 91
56 17 59
57 30 70
30 5 83
49 41 50
57 56 74
8 67 80
11 62 85
48 19 70
38 2 64
0 8 92
17 31 88
25 49 90
47 22 70
36 64 59
19 64 74
15 28 73
67 18 40
0 54 85
5 21 34
67 44 95
41 28 9
45 42 7
0 57 24
14 67 64
54 59 19
64 44 88
8 12 8
23 63 44
36 26 33
1 3 79
37 33 50
59 5 88
2 55 99
47 7 81
50 10 12
3 57 16
17 62 83
64 9 6
17 45 100
1 6 27
55 23 24
52 19 84
54 43 52
62 4 82
53 10 11
52 12 37
27 39 21
50 22 58
27 0 46
15 51 18
68 36 91
64 42 77
65 22 22
6 39 76
60 38 31
64 69 26
62 45 3
42 53 24
58 42 83
47 55 59
43 41 24
57 17 92
55 1 22
50 19 33
68 65 63
41 37 8
11 3 41
21 22 3
18 60 37
66 11 35
52 59 71
24 65 41
42 46 10
44 5 47
36 43 98
52 45 79
49 4 72
20 65 64
19 58 46
58 66 73
40 10 52
43 23 63
10 61 56
33 59 23
15 53 31
25 8 66
59 9 14
10 63 76
55 32 27
51 55 41
35 17 25
51 18 14
11 52 92
37 14 61
51 46 78
24 26 20
30 68 7
67 32 82
69 56 85
5 47 18
67 0 30
34 8 10
49 51 85
39 40 81
38 17 54
50 8 20
58 47 31
29 52 77
1 39 31
24 17 75
55 44 98
46 15 75
3 12 10
54 60 46
54 61 6
0 10 100
29 15 65
59 56 36
63 33 38
14 22 6
30 24 68
3 6 95
42 6 58
11 1 90
45 36 65
61 23 6
5 51 27
59 48 71
40 48 60
8 21 14
63 4 47
57 5 99
52 44 42
65 50 52
51 0 9
52 66 74
34 0 38
18 53 89
49 0 56
44 20 47
26 0 74
15 60 52
64 5 51
21 38 21
21 44 22
51 52 99
59 30 81
68 64 41
68 43 3
35 62 73
38 47 18
65 9 65
54 41 91
56 25 25
0 21 51
39 26 93
22 52 3
67 9 73
52 54 38
1 38 32
23 47 1
40 68 51
43 55 65
11 61 16
47 58 49
34 25 60
21 4 20
56 20 60
65 8 93
66 57 15
36 55 49
19 21 95
42 41 59
46 52 7
67 50 31
0 44 69
26 33 43
25 22 43
40 55 31
11 20 93
69 60 52
33 4 31
52 24 18
35 67 38
3 4 16
29 21 69
66 3 63
22 32 86
68 48 84
18 35 79
56 31 99
51 53 68
61 43 31
10 22 94
29 5 35
2 58 29
41 29 25
45 18 65
12 68 30
29 27 10
23 5 51
33 21 56
28 35 68
45 46 74
52 38 29
1 44 33
57 45 83
10 43 66
30 19 14
53 6 3
41 69 65
20 61 27
29 61 33
5 64 27
49 52 39
20 15 73
15 59 96
63 69 28
45 14 90
3 36 27
64 52 70
52 0 55
30 44 81
32 65 17
20 41 16
7 62 1
32 2 93
42 29 41
29 31 88
2 52 46
23 7 22
39 37 28
39 64 48
68 63 34
59 7 49
14 40 13
7 37 3
14 50 67
63 39 90
3 23 6
61 30 61
21 42 80
48 32 83
39 29 70
29 66 35
8 55 51
67 52 52
54 27 83
20 4 56
4 56 79
10 57 27
11 17 53
42 54 32
42 58 19
54 35 5
62 37 83
67 54 60
7 34 53
10 51 13
14 5 60
19 22 72
54 62 88
2 28 25
4 54 71
10 39 24
62 48 80
33 20 79
31 18 61
2 26 62
28 32 51
12 51 49
8 22 67
47 60 98
46 61 95
58 0 50
43 20 71
18 59 49
7 21 37
68 28 9
62 20 80
63 18 42
23 11 3
55 56 84
69 19 73
67 49 64
4 6 25
54 63 66
28 50 38
51 56 49
3 1 74
50 64 54
46 58 71
62 8 73
10 55 28
50 28 60
57 4 94
41 8 50
26 61 26
21 65 28
19 69 98
56 5 64
58 11 37
62 54 50
56 42 52
4 10 91
59 53 90
5 61 64
23 0 77
65 64 72
39 30 77
5 25 28
35 10 54
21 1 91
19 41 23
17 28 2
19 39 36
19 3 62
31 5 38
10 33 4
9 62 83
41 24 88
45 52 91
62 30 37
20 32 100
0 59 37
48 37 9
54 65 85
19 1 40
11 68 85
45 23 82
9 0 58
65 60 15
6 0 76
31 66 75
3 35 71
11 47 39
23 46 33
64 2 73
8 29 76
38 25 33
50 27 95
9 68 55
58 49 52
17 4 3
2 5 69
11 25 47
8 7 78
0 9 38
53 56 60
8 48 76
17 30 57
36 15 73
37 31 65
47 42 52
38 53 45
57 60 54
61 2 46
44 14 25
24 41 66
45 21 99
45 7 9
41 15 10
29 64 40
35 5 35
27 54 42
61 33 95
62 55 88
47 37 47
20 18 62
0 5 77
38 52 86
23 39 4
65 68 71
19 0 60
1 58 57
40 63 50
55 4 26
44 68 85
31 45 52
18 8 74
42 26 22
22 56 33
6 11 89
40 12 74
48 51 44
11 7 43
30 59 72
35 39 25
62 3 40
50 61 61
57 18 12
30 33 42
60 31 42
62 50 46
28 42 56
53 34 20
33 40 22
54 30 16
53 37 10
55 10 5
0 68 93
26 57 8
48 6 84
62 49 76
62 35 73
17 66 19
57 25 76
48 9 82
32 44 94
66 40 50
30 1 38
2 8 15
31 9 41
65 66 2
51 58 23
42 64 52
28 54 53
61 57 83
9 18 70
40 25 61
47 17 24
10 49 43
42 39 32
7 14 9
34 49 19
43 56 80
19 17 43
14 37 21
53 7 19
7 52 100
50 69 79
57 31 73
15 27 12
1 25 85
69 15 15
14 54 75
64 12 33
24 38 34
8 33 63
39 15 29
52 23 80
34 24 40
31 61 47
61 65 92
49 20 72
46 10 43
25 6 41
25 31 4
43 33 34
58 27 36
27 18 69
11 34 6
44 51 32
60 19 5
1 27 66
65 10 42
11 15 81
53 40 6
6 29 76
31 20 10
37 4 93
36 51 31
48 21 93
12 42 98
37 3 87
63 23 36
4 35 31
11 41 68
67 69 7
40 42 46
38 49 58
14 25 17
27 25 90
32 19 85
20 68 65
8 69 90
45 25 76
28 43 22
34 57 61
36 52 11
50 66 86
1 22 43
22 63 29
37 64 98
45 0 16
46 23 36
21 64 30
46 4 27
21 11 35
37 29 20
4 32 78
8 5 6
37 5 50
49 19 8
58 25 45
48 69 37
42 32 44
57 66 11
44 21 54
59 10 60
65 3 67
5 18 6
26 8 87
45 5 33
48 17 72
68 54 1
64 21 75
40 27 31
58 39 59
34 62 96
29 48 6
29 67 68
30 57 54
33 23 95
37 46 50
61 28 94
6 49 46
59 67 63
60 44 44
55 40 69
32 36 54
18 68 24
0 49 31
35 57 97
62 58 65
45 8 10
20 12 90
53 9 17
14 33 14
21 69 43
69 8 89
42 55 51
25 54 23
25 9 41
26 46 24
7 24 38
49 63 29
55 21 28
20 57 58
14 38 56
60 61 98
35 4 21
36 38 6
9 45 71
25 18 35
64 4 83
44 36 29
60 11 37
39 49 6
5 8 7
40 23 53
59 23 13
60 3 34
38 43 3
55 43 14
27 47 53
27 48 38
34 19 27
6 9 35
24 15 19
3 0 44
24 33 96
12 69 84
32 29 27
35 26 90
9 57 82
22 10 65
58 61 84
58 55 80
28 40 91
7 31 24
65 41 77
43 50 30
24 60 75
57 65 34
41 4 72
39 54 89
17 25 5
37 47 52
50 60 87
2 68 88
40 30 58
4 26 96
53 54 26
24 67 20
25 36 90
31 64 79
57 19 57
49 12 98
2 57 95
34 48 72
18 54 26
61 17 45
53 42 26
15 26 65
17 19 18
46 63 37
32 47 62
17 51 55
5 27 77
69 33 29
20 66 33
53 57 20
9 4 35
28 47 39
49 64 22
38 14 75
3 37 87
5 2 66
25 29 22
30 56 33
33 14 49
32 63 59
11 31 95
10 14 58
50 17 92
67 17 39
2 17 9
44 4 98
19 57 96
19 7 79
38 6 73
62 40 4
53 60 56
9 36 32
65 42 93
20 31 85
61 56 75
6 47 21
23 20 70
41 21 15
43 51 10
22 62 19
28 0 92
63 24 92
61 9 63
65 43 59
3 20 15
4 65 64
55 24 85
32 53 56
31 24 16
17 8 55
38 19 65
52 39 45
42 50 59
17 12 67
33 15 38
6 59 4
35 48 76
45 66 15
34 61 67
6 34 29
22 28 78
60 28 73
59 60 9
30 15 67
39 66 64
48 67 63
3 61 39
49 56 42
45 49 99
64 15 54
32 11 89
54 46 96
38 51 98
55 61 5
69 1 82
12 10 79
11 28 40
65 67 40
36 22 43
58 69 85
49 10 55
5 39 85
36 6 35
34 45 12
19 29 1
68 45 54
0 35 18
18 48 76
29 62 92
49 50 15
22 24 84
3 62 99
65 69 81
14 65 67
39 46 87
60 40 39
64 38 78
22 35 33
40 67 70
60 58 44
1 59 13
4 57 100
64 39 33
5 1 77
32 25 89
24 39 63
32 67 32
22 27 51
35 63 16
67 47 22
33 3 52
31 54 27
26 64 48
61 34 90
1 5 25
25 65 71
2 41 50
27 38 14
12 27 20
7 22 44
32 49 59
57 58 80
35 60 48
61 40 90
39 68 50
0 27 51
59 1 7
23 24 5
65 19 90
61 52 9
62 10 87
69 27 70
52 63 75
65 15 100
1 17 74
42 17 6
29 51 16
9 19 59
40 46 93
63 56 88
24 43 37
49 14 84
46 37 80
21 68 91
30 52 49
39 11 4
55 15 36
15 40 23
37 35 93
30 64 25
38 1 33
60 0 100
38 64 62
19 10 35
21 30 69
37 12 71
1 61 91
52 2 12
10 44 62
8 50 63
17 15 11
7 45 89
15 11 86
43 14 15
62 60 27
46 27 70
6 21 37
55 64 18
2 37 40
68 42 87
54 6 47
52 7 21
4 22 75
8 20 3
21 9 34
4 27 59
56 65 25
42 59 67
35 21 31
32 14 65
49 28 68
12 48 25
10 21 21
69 21 95
8 1 24
27 51 52
6 22 71
68 30 77
56 47 40
40 5 40
39 51 25
53 14 10
29 10 5
32 5 61
26 22 49
12 36 61
17 10 78
53 68 69
66 61 17
58 35 9
60 48 75
47 40 94
0 69 1
44 46 91
62 33 91
37 21 61
56 2 86
59 35 73
67 2 89
53 46 18
12 57 68
10 3 54
2 12 58
36 58 30
43 59 78
63 14 83
9 64 53
56 1 22
68 22 35
6 50 38
63 25 40
43 38 77
30 25 9
7 46 94
58 37 61
5 45 79
1 54 96
6 53 19
24 37 25
28 21 17
63 22 81
2 46 64
2 27 89
34 42 93
6 45 98
48 54 51
28 53 97
26 48 100
24 68 68
28 41 31
17 64 27
33 60 90
29 26 31
31 52 90
12 55 15
1 29 69
36 68 73
25 17 64
41 26 56
39 9 87
9 15 53
45 69 78
2 22 75
60 39 43
28 58 95
51 28 92
53 65 87
55 26 44
65 4 61
2 20 92
37 15 9
14 32 93
34 17 51
1 57 40
56 41 77
36 34 75
0 25 96
68 20 65
18 31 59
48 62 79
32 57 36
64 41 14
28 49 75
43 36 10
67 41 25
3 5 100
21 59 97
25 61 83
63 64 7
29 65 37
58 51 86
50 56 87
50 38 63
3 64 14
46 32 56
28 22 90
69 2 55
48 66 25
43 15 79
29 24 36
65 45 11
36 60 79
30 35 16
64 10 23
6 33 91
48 55 23
55 51 25
48 46 90
25 32 56
26 54 20
35 3 44
5 59 53
17 24 27
18 64 100
37 53 96
35 22 39
29 63 60
5 10 30
23 53 94
31 35 50
9 33 47
26 42 63
44 62 26
61 48 61
0 63 37
20 24 80
44 66 81
56 43 31
39 27 68
0 12 96
25 46 74
7 38 27
61 29 52
11 21 43
17 29 40
59 49 19
58 17 95
59 64 40
63 51 78
68 53 51
69 54 45
45 54 58
8 45 90
46 11 64
40 65 78
32 23 5
43 0 30
66 63 60
9 44 86
38 26 87
38 46 25
64 51 52
30 53 86
26 39 26
9 46 10
9 11 16
17 32 96
7 35 3
15 6 27
32 52 48
63 36 34
10 48 9
35 14 43
26 21 92
45 11 44
41 54 56
27 29 70
32 9 94
59 66 57
58 6 62
38 37 90
35 23 60
18 37 41
40 20 92
11 18 17
28 29 49
29 4 19
56 54 79
1 63 52
0 23 39
2 59 36
68 57 14
26 66 28
54 23 75
11 60 60
38 58 99
43 60 74
1 12 83
5 57 26
21 48 99
5 62 40
28 56 15
67 40 85
15 24 40
36 4 26
48 53 19
28 27 36
61 38 31
45 2 72
1 50 50
51 34 52
21 29 52
69 36 84
67 60 71
39 19 85
41 64 35
2 43 4
39 7 36
52 31 52
68 12 74
36 33 28
33 44 48
23 12 34
31 19 37
23 6 12
33 32 86
48 39 25
57 24 79
60 30 37
36 48 63
38 40 7
28 6 47
7 10 56
61 22 90
23 34 11
15 12 11
48 24 26
19 24 29
63 26 64
15 22 46
27 59 38
26 43 85
41 25 27
32 45 65
5 4 52
36 21 92
57 29 66
32 42 37
47 19 19
51 23 47
64 43 42
45 17 18
56 34 41
49 35 63
50 33 2
43 11 44
24 34 66
37 2 69
64 68 85
46 9 21
56 12 66
56 63 10
14 39 17
50 57 39
42 3 2
54 22 30
15 65 92
65 37 84
58 68 11
10 19 91
56 11 10
25 53 41
10 62 68
19 61 38
56 19 92
43 67 57
62 61 20
27 20 14
17 68 63
30 9 96
62 27 24
48 8 35
6 52 27
40 0 80
21 12 53
7 59 29
26 58 60
39 59 28
0 56 63
6 54 99
51 57 23
29 40 74
63 2 20
49 67 51
39 55 61
68 31 45
17 21 3
39 61 70
49 36 81
39 12 48
39 67 80
56 59 41
40 43 47
11 26 28
21 67 70
6 61 66
49 66 23
66 9 10
51 38 62
37 24 95
46 22 23
43 66 36
26 30 25
66 62 21
42 47 88
14 59 21
26 40 81
8 35 59
55 60 15
37 41 80
58 38 11
65 18 73
59 18 13
39 50 62
35 1 56
27 57 80
30 12 65
4 5 56
45 6 87
35 30 26
20 2 94
52 14 91
31 12 7
6 62 28
58 36 45
12 20 84
39 36 83
6 3 83
51 6 48
6 8 11
26 10 32
62 67 41
68 15 53
31 32 35
66 50 27
51 59 28
41 3 45
33 54 39
47 21 7
8 39 88
22 54 83
4 40 27
22 4 56
64 60 77
43 58 54
34 51 80
23 65 53
8 65 22
10 6 57
22 34 65
42 60 31
58 20 35
28 55 63
23 27 38
27 19 64
38 63 93
12 67 88
60 26 95
21 3 28
66 69 75
41 59 91
56 58 15
3 59 65
61 66 4
42 0 27
26 68 52
33 52 65
66 10 33
2 42 15
44 39 80
38 23 26
32 56 74
11 35 29
45 63 85
69 52 87
42 10 44
63 32 57
6 4 14
50 11 40
54 49 13
57 26 11
27 21 66
53 12 84
30 42 49
4 21 91
9 5 13
10 40 85
60 32 2
22 37 38
38 41 80
0 36 38
61 0 3
11 50 22
39 43 67
32 1 71
62 52 52
47 52 64
14 61 57
19 62 43
36 54 35
45 33 94
44 67 95
68 26 17
36 46 16
51 14 85
21 56 68
0 20 84
65 29 71
30 48 1
29 20 35
46 39 77
15 14 88
4 23 55
19 49 59
47 56 22
45 37 38
1 10 68
40 56 1
24 5 62
62 6 51
48 7 100
38 36 78
9 27 24
51 45 89
17 23 24
13 9 2
13 62 77
13 7 97
13 42 60
13 61 5
13 19 88
13 65 8
13 4 93
13 14 28
13 54 57
13 37 74
13 69 65
13 33 76
13 31 8
13 18 27
13 27 68
13 30 99
13 5 88
13 56 89
13 63 94
13 44 94
13 17 100
13 55 48
13 16 45
13 32 42
13 53 65
13 60 89
13 22 93
13 45 35
13 36 9
13 50 51
13 66 20
13 3 82
13 41 28
13 20 39
13 12 27
13 28 23
13 34 76
13 52 14
13 57 40
13 43 85
13 38 72
13 64 1
13 8 88
13 67 66
13 6 77
13 2 56
13 51 13
13 35 57
13 68 1
13 39 19
13 46 56
13 24 74
13 1 76
13 23 14
13 25 71
13 49 96
13 29 19
0 16 34
1 16 37
2 16 33
3 16 49
4 16 24
5 16 17
6 16 81
7 16 99
8 16 100
9 16 31
10 16 38
11 16 25
12 16 24
14 16 13
15 16 86
17 16 87
18 16 71
20 16 65
22 16 39
23 16 11
24 16 87
25 16 46
26 16 13
27 16 77
28 16 75
29 16 53
30 16 25
31 16 76
32 16 15
33 16 58
34 16 10
35 16 19
36 16 67
37 16 22
39 16 24
40 16 26
41 16 65
42 16 51
43 16 13
44 16 6
46 16 65
47 16 15
48 16 84
49 16 21
50 16 55
51 16 16
52 16 74
53 16 76
54 16 60
55 16 26
56 16 98
58 16 68
59 16 33
60 16 76
61 16 48
62 16 36
63 16 68
64 16 51
66 16 73
67 16 95
68 16 26
69 16 32
