16
28
8 2 0
26 3 0
5 21 1
1 35 0
30 29 2
17 33 4
13 35 4
17 35 3
0 25 6
12 17 3
3 1 7
21 20 4
39 5 5
5 39 9
26 20 0
37 3 4
39 20 13
33 27 15
39 15 10
20 9 18
37 23 6
27 20 20
19 8 2
30 1 12
25 39 22
30 35 3
25 4 12
23 10 9
29 13 24
9 2 6
13 9 14
21 35 24
30 12 28
3 6 34
22 27 3
10 26 27
7 29 3
12 26 18
3 37 13
7 14 31
21 38 32
26 14 35
32 1 42
17 4 34
23 29 43
24 5 1
13 6 40
21 29 2
20 21 41
29 34 47
3 36 5
2 4 15
3 12 32
0 4 42
2 9 38
31 26 4
33 3 27
8 26 61
39 26 9
24 2 37
33 20 45
5 26 11
22 5 30
12 32 1
21 0 27
5 23 61
15 30 9
24 38 24
17 27 28
5 27 25
25 18 44
12 6 38
38 25 1
26 33 17
14 33 28
17 20 23
31 38 28
5 8 77
8 11 74
10 31 8
9 27 26
19 20 88
34 33 48
18 7 33
36 27 82
21 8 70
38 20 82
12 27 16
19 13 92
27 35 90
6 3 86
11 17 69
36 35 29
38 14 99
9 3 66
27 26 51
4 7 83
5 35 7
23 15 77
3 15 6
25 15 61
11 27 90
39 21 33
15 2 74
30 33 24
19 0 31
4 23 53
26 10 92
5 34 104
3 38 41
24 25 79
8 1 109
9 1 43
24 23 32
2 14 106
22 14 120
37 24 48
29 31 47
2 38 82
25 6 84
38 33 49
32 7 5
2 3 51
21 18 77
30 6 86
36 9 14
27 10 24
12 10 11
14 18 54
30 17 45
36 25 36
39 23 123
37 0 141
15 26 106
23 8 16
7 15 145
8 13 64
34 37 47
35 18 145
10 4 151
33 11 76
27 24 65
30 20 65
36 24 21
25 34 120
32 35 23
35 9 4
20 13 57
29 19 19
32 8 156
5 33 122
9 23 157
11 5 4
10 18 104
17 22 86
1 23 162
15 34 126
11 22 13
34 20 23
10 0 5
32 33 144
38 15 10
20 2 23
27 29 131
4 8 52
10 27 101
27 13 29
3 7 114
13 20 179
2 22 140
3 30 44
38 10 136
4 36 59
22 24 92
18 34 54
0 1 93
34 9 144
0 19 141
33 30 116
39 9 172
19 24 123
18 22 196
18 6 22
31 0 135
19 30 111
29 6 20
23 20 17
27 6 204
29 26 134
13 1 200
5 17 110
8 14 66
32 12 54
26 1 13
1 31 157
25 11 79
4 15 208
1 38 48
38 29 18
1 3 73
11 10 204
23 25 188
19 14 16
32 30 91
29 24 41
3 11 205
31 12 35
6 29 29
27 30 27
2 0 169
33 19 225
35 8 133
10 1 13
19 5 172
18 2 174
1 36 198
0 14 41
12 19 207
27 4 183
17 34 207
12 13 49
6 20 35
17 13 115
2 18 159
9 21 35
27 3 153
33 34 121
23 0 231
24 4 103
26 17 146
33 22 140
21 39 13
7 10 40
33 26 224
11 39 12
1 18 239
34 18 118
6 13 154
37 27 29
14 30 194
4 29 80
39 32 3
37 12 151
22 36 14
1 21 143
18 5 184
24 21 230
3 8 156
14 5 244
35 6 242
33 0 110
39 25 156
5 4 196
24 13 31
8 12 198
20 24 43
0 5 68
27 23 115
20 17 177
5 19 100
25 33 111
18 8 70
36 38 125
29 36 153
2 27 198
12 20 110
5 12 241
39 17 19
32 29 38
32 38 182
25 10 183
13 32 225
5 1 128
22 0 33
0 27 116
13 26 195
39 14 149
20 5 188
31 37 291
10 7 288
13 30 238
12 2 209
23 11 61
37 13 42
8 18 32
20 35 83
1 0 155
3 20 65
19 25 245
6 2 31
39 7 142
35 17 88
33 24 181
29 30 312
32 34 282
39 29 174
6 23 72
31 32 89
24 34 120
4 26 245
32 11 321
34 1 237
3 34 70
22 12 30
1 13 143
9 17 53
9 8 59
7 31 329
12 5 243
1 15 242
37 32 101
39 8 95
2 32 302
14 34 35
10 15 64
7 26 50
39 33 192
10 6 222
0 21 151
3 39 282
10 12 272
31 6 268
9 12 271
39 34 75
15 8 250
31 4 87
12 38 17
34 38 140
32 39 128
29 37 308
15 27 314
38 24 20
17 18 88
15 10 268
12 29 263
17 36 157
17 38 276
24 6 300
26 9 302
3 32 13
15 33 3
6 22 200
20 19 218
25 8 189
35 3 367
0 36 136
19 37 177
30 3 325
7 1 339
25 26 296
6 18 183
29 39 240
19 23 316
35 26 151
35 34 314
7 9 320
11 30 224
12 11 125
24 37 374
19 1 147
24 35 348
8 35 163
30 9 204
25 27 67
10 22 321
24 36 263
8 20 85
34 15 315
5 3 302
0 23 258
7 5 8
4 14 178
20 39 51
20 4 51
27 25 347
4 1 357
26 37 33
37 36 60
15 38 149
17 0 48
33 1 64
18 1 52
10 8 15
19 2 79
35 39 234
10 19 403
31 8 276
0 38 134
7 38 92
15 0 427
32 26 411
14 23 201
27 15 366
1 39 21
9 35 183
32 14 303
9 0 30
17 11 12
26 34 377
35 37 413
9 39 290
23 24 55
25 3 63
17 29 222
0 24 40
36 11 96
17 3 32
13 31 307
6 0 197
0 9 428
5 30 89
19 12 34
20 33 238
13 21 247
14 7 13
6 21 336
31 1 76
21 17 189
32 2 166
27 32 188
33 38 340
0 8 120
21 11 363
23 30 437
37 35 169
27 2 23
10 13 296
38 8 319
6 39 103
36 0 199
1 37 206
20 0 148
13 7 437
19 38 67
4 6 217
35 25 276
31 13 199
11 29 150
19 32 42
22 30 136
31 3 27
1 4 85
3 2 467
13 17 165
37 19 341
22 18 76
23 26 252
37 5 57
38 18 138
13 33 107
20 34 309
36 1 496
27 11 100
39 1 99
6 17 19
13 0 184
0 29 183
31 20 188
10 39 83
5 24 14
37 21 109
24 27 392
25 13 431
39 30 459
20 15 169
19 17 69
18 17 75
36 13 230
23 39 152
8 29 112
2 37 79
18 19 341
23 36 484
14 37 441
36 33 57
9 14 244
19 22 426
3 31 185
23 6 232
9 4 295
20 7 394
9 15 104
18 24 251
6 30 468
9 22 117
21 26 467
35 20 331
25 31 97
35 27 223
0 32 12
19 31 397
26 29 438
24 19 519
5 25 203
7 39 159
10 37 379
24 20 231
24 18 454
17 8 174
1 19 336
23 32 160
31 5 473
11 2 303
35 5 416
36 8 35
8 6 358
36 30 173
4 25 264
30 19 266
27 19 491
15 36 511
14 32 401
30 4 308
15 39 280
20 8 424
39 22 135
9 5 357
34 26 397
23 27 136
0 12 471
6 8 341
19 33 52
3 24 309
35 33 77
0 7 125
12 1 438
6 27 485
29 3 264
36 4 94
22 26 80
13 19 512
18 10 552
38 9 520
8 5 242
38 34 112
30 32 81
24 39 90
32 0 128
13 36 505
33 2 5
14 25 99
4 12 250
32 18 161
21 37 36
36 5 556
33 8 304
2 5 20
35 1 262
26 13 554
31 27 195
22 10 28
4 18 333
37 30 134
2 13 319
0 13 355
33 14 424
12 35 156
8 34 221
14 9 29
30 34 238
10 33 249
7 30 175
18 9 591
38 1 117
31 36 248
30 24 82
38 30 153
18 15 486
22 1 427
13 2 541
27 36 112
31 7 275
7 17 430
14 13 614
7 35 329
20 29 149
10 23 433
20 27 359
30 18 543
30 27 391
29 7 383
2 20 362
25 0 163
8 21 387
31 30 500
25 19 453
6 19 486
15 25 115
25 32 374
33 10 141
33 25 589
11 20 522
14 21 42
17 31 577
35 19 610
35 12 258
13 12 367
38 36 528
20 32 124
32 24 60
18 32 201
39 12 273
26 15 193
18 35 398
4 2 519
11 33 450
29 14 344
21 13 242
38 0 98
22 37 639
38 17 354
4 27 327
14 26 545
19 39 65
27 5 524
19 15 483
7 37 303
31 22 481
23 31 72
33 5 83
26 24 604
34 29 63
0 37 217
17 9 140
19 21 573
24 32 482
6 15 658
33 36 221
26 36 594
14 4 321
3 27 103
13 3 484
4 13 180
24 29 359
10 25 387
12 37 490
37 17 478
12 22 56
1 8 419
10 30 426
27 31 673
35 23 660
23 12 691
19 36 179
8 38 151
15 11 170
24 17 544
3 25 203
34 0 291
17 2 76
8 10 32
20 26 540
17 14 673
21 12 560
21 32 496
13 11 484
0 35 619
7 24 346
36 7 90
0 2 450
36 10 520
30 23 276
36 31 235
9 33 407
34 13 47
27 17 74
29 1 151
11 36 471
20 23 505
19 3 115
4 11 186
16 11 5
16 18 16
16 2 1
16 39 24
16 35 9
16 21 24
16 26 12
16 27 12
16 0 39
16 19 20
16 9 30
16 14 36
16 38 35
16 28 6
16 31 8
16 24 2
16 25 35
16 29 13
16 1 2
1 28 12
3 28 18
5 28 14
10 28 15
12 28 35
13 28 31
14 28 35
15 28 25
17 28 32
20 28 31
23 28 30
27 28 30
33 28 37
