102
193
161 62 63
146 182 13
198 97 36
66 112 5
36 150 37
38 17 35
82 125 17
20 12 6
136 153 1
38 175 51
60 115 92
93 72 62
176 174 47
136 147 80
91 200 91
66 175 11
113 112 100
22 26 57
77 27 72
100 177 32
44 4 74
186 77 100
64 175 20
44 80 17
84 22 93
19 88 36
74 144 60
40 151 0
163 76 100
199 154 18
165 158 35
137 164 49
127 91 7
48 53 74
77 143 62
100 158 91
97 69 74
29 168 42
45 144 2
21 82 59
206 85 7
144 22 9
184 115 52
184 36 9
48 181 4
119 149 45
140 57 76
33 182 64
168 19 85
123 178 78
163 97 15
72 11 2
2 134 93
111 169 12
121 183 54
131 13 90
34 46 89
155 97 64
154 18 21
114 205 50
114 64 53
100 46 15
185 90 31
74 34 22
31 46 41
42 120 29
111 10 2
41 52 62
53 95 2
115 48 51
8 127 63
149 127 88
168 160 39
35 140 35
118 80 85
176 27 47
83 195 62
209 84 59
88 108 21
57 76 0
64 105 20
137 166 51
1 68 65
198 13 20
100 108 9
159 95 35
208 195 93
138 62 9
65 38 83
177 78 63
69 67 73
191 63 45
120 132 66
6 86 13
138 51 23
72 22 65
43 208 56
103 133 23
29 22 82
64 191 64
195 194 3
117 72 35
184 133 64
59 28 5
201 32 8
139 10 78
64 40 19
135 75 91
201 113 46
24 7 68
10 167 80
181 175 61
96 107 99
128 118 43
124 143 38
107 209 27
155 81 8
123 42 8
163 21 12
180 61 60
10 146 7
28 196 39
187 188 95
208 18 100
111 152 25
44 191 46
188 24 77
205 47 7
120 121 63
147 124 1
152 68 25
35 87 90
115 168 76
86 116 27
103 205 32
19 93 72
80 85 82
150 143 33
174 169 58
29 48 24
98 44 13
24 15 35
156 140 55
93 181 48
24 48 76
172 106 27
186 26 3
208 181 34
178 123 17
200 94 10
57 108 5
141 32 64
159 56 17
196 1 52
127 22 37
205 200 85
199 33 80
182 42 62
24 151 73
177 84 66
71 152 51
185 100 53
45 192 58
92 170 32
33 101 100
184 55 21
85 153 57
206 96 91
87 152 55
53 149 29
21 119 40
189 72 19
184 121 56
149 119 49
122 154 99
95 19 19
164 63 94
51 88 50
47 64 12
27 38 28
167 153 52
110 67 17
60 23 41
51 166 27
84 208 37
44 206 62
156 142 28
58 61 92
162 57 78
82 31 32
48 70 73
196 183 30
158 192 40
88 94 48
69 157 85
42 77 78
199 23 68
77 64 66
7 25 38
131 174 90
100 178 45
71 66 11
95 111 93
11 45 36
164 192 67
22 107 55
97 60 34
181 108 22
199 44 48
63 43 36
135 174 87
77 202 67
92 73 39
91 22 57
171 176 74
60 134 89
205 64 54
118 20 28
3 96 14
2 32 35
206 152 29
43 57 58
81 177 32
28 176 94
17 199 2
81 58 88
109 57 73
137 54 97
159 53 44
93 5 28
149 75 41
205 36 13
50 92 72
77 42 94
126 133 60
107 113 56
132 154 84
145 80 15
29 196 12
160 153 43
187 7 97
142 75 57
164 38 10
113 164 45
10 6 50
24 68 43
11 151 3
11 49 34
128 71 0
128 37 10
49 12 36
197 2 36
60 65 80
111 118 74
12 76 26
6 98 26
12 143 54
97 95 93
162 169 66
36 86 41
208 137 10
63 123 66
126 55 95
204 72 42
91 160 72
79 206 40
190 94 48
45 82 31
74 183 50
112 121 55
63 83 65
56 88 20
113 115 88
33 196 28
90 187 52
58 42 3
113 2 86
126 30 12
154 33 14
202 141 5
204 79 38
115 8 84
40 187 79
121 96 83
208 179 99
170 207 98
164 65 59
111 77 56
41 78 19
14 53 26
43 91 19
122 159 30
176 110 68
35 46 66
145 160 34
141 83 16
144 194 23
202 21 60
205 96 42
60 56 3
37 166 30
127 198 22
116 21 4
69 164 46
53 19 41
79 15 73
31 114 1
23 103 78
22 187 17
169 137 80
69 155 57
127 159 26
123 194 36
205 16 82
95 192 62
39 114 73
98 128 95
23 198 9
98 7 19
137 98 11
85 202 64
133 121 10
11 162 55
14 94 55
151 111 15
107 200 78
167 48 2
111 172 24
76 183 10
172 83 82
107 148 95
76 187 87
76 208 67
3 152 87
168 184 94
121 99 34
108 164 37
197 129 49
168 153 32
63 178 96
207 86 36
141 96 37
17 137 85
103 204 4
41 32 69
191 199 49
62 183 2
69 26 67
30 105 17
96 132 73
26 8 49
95 103 26
158 152 66
150 119 62
18 48 71
109 5 42
130 46 20
201 70 24
173 51 6
122 30 43
24 153 81
186 49 86
85 45 75
120 125 52
22 97 67
139 199 79
166 153 8
114 97 8
46 184 98
116 168 83
174 177 84
42 107 88
15 164 96
158 199 86
157 188 60
140 109 25
78 178 43
192 5 84
187 104 76
190 26 88
70 184 21
150 9 27
175 200 1
196 18 72
167 169 85
190 78 3
129 97 31
186 70 10
51 95 41
188 117 27
89 201 81
119 56 30
182 167 77
116 173 72
207 181 16
78 179 22
6 122 90
3 159 58
165 118 58
208 145 58
28 55 32
173 114 27
43 171 96
55 171 42
112 28 25
156 8 11
124 105 68
21 90 83
196 198 6
172 112 45
84 196 29
11 17 23
151 16 99
195 26 76
15 71 47
70 91 56
159 154 44
89 57 27
160 114 39
126 38 16
140 70 89
132 27 6
32 71 28
69 79 32
136 15 33
150 64 97
34 199 53
130 61 48
94 155 18
77 103 22
209 121 88
200 38 79
196 40 24
60 28 63
100 47 25
57 120 79
123 137 68
29 67 65
8 55 62
100 163 11
76 60 56
69 9 25
59 138 97
90 168 55
192 196 20
50 42 70
67 88 91
164 30 85
34 209 55
183 37 48
148 62 24
124 178 32
170 27 78
22 196 4
147 16 20
46 115 70
197 33 29
108 37 18
146 55 85
178 36 54
104 30 57
31 171 62
75 181 84
85 175 71
101 122 64
93 139 34
118 122 98
88 99 91
162 20 95
200 77 18
61 191 76
15 44 85
25 197 87
78 191 32
151 125 86
68 110 89
122 93 25
45 135 64
198 128 88
28 208 97
11 25 14
201 54 57
177 73 59
48 143 19
201 196 39
69 110 81
140 206 2
124 6 53
107 196 99
206 51 62
50 175 93
87 151 4
161 23 36
12 21 35
21 104 91
116 157 28
90 197 71
172 166 57
95 74 24
149 145 67
75 81 25
42 9 86
78 110 57
4 28 0
95 150 20
61 35 78
89 180 29
31 48 44
1 110 99
157 121 80
31 77 43
62 204 10
152 55 10
116 108 36
58 183 17
72 27 22
136 207 82
48 168 48
106 76 74
117 141 94
152 135 27
199 185 10
34 203 60
153 24 22
59 90 59
144 125 96
95 145 76
20 142 56
2 34 87
22 86 41
105 28 99
60 153 63
32 42 59
118 206 73
11 32 11
128 156 87
49 146 86
189 172 48
14 30 17
50 161 17
118 186 61
130 154 89
32 144 14
47 80 30
199 55 0
114 32 80
8 125 51
172 163 0
77 135 86
180 63 55
38 18 58
60 27 58
176 22 91
4 160 52
134 180 8
96 188 47
117 144 85
14 23 80
184 123 5
40 59 99
171 20 60
90 24 35
71 92 54
86 84 12
140 187 23
147 33 94
100 162 86
72 73 29
165 138 34
72 153 77
14 179 86
204 200 28
50 0 58
186 69 13
44 66 97
184 9 15
209 158 23
21 188 37
190 62 12
31 187 76
164 158 93
191 149 44
178 156 27
200 174 31
148 37 91
72 119 24
93 140 48
64 129 50
158 79 83
191 5 64
183 131 51
182 46 76
184 93 77
52 2 53
80 67 45
38 138 19
207 67 71
115 154 93
120 91 30
154 105 60
31 69 63
129 54 27
29 94 24
85 32 77
86 69 78
108 71 47
126 175 16
179 24 49
176 84 6
35 4 1
72 87 42
108 95 3
9 103 95
17 49 15
16 135 90
11 79 84
97 133 78
38 52 8
66 135 35
56 116 13
20 150 60
154 15 65
98 190 45
173 74 24
144 147 64
41 75 50
98 192 56
110 104 21
78 30 16
160 105 82
20 37 32
68 28 16
120 55 31
39 165 84
112 9 57
82 187 46
117 164 33
79 33 26
161 150 58
190 55 53
61 142 54
64 121 74
50 105 40
147 82 42
19 56 35
43 157 95
35 67 9
101 92 35
85 67 64
55 114 60
19 139 2
19 34 76
171 118 16
6 188 58
110 68 43
52 162 10
196 72 86
148 180 39
57 137 90
0 124 84
164 57 40
46 175 2
64 52 40
147 157 59
95 105 40
127 14 41
60 179 100
109 136 57
147 28 11
20 153 51
44 14 96
165 144 91
117 49 38
159 5 38
54 154 14
106 145 70
2 19 23
135 41 29
50 172 97
165 72 96
10 75 93
132 122 10
208 83 63
78 79 43
66 75 17
191 160 23
113 86 0
67 35 78
37 110 56
207 185 38
64 36 0
113 106 30
111 192 68
15 116 42
32 54 19
146 68 86
151 202 46
115 198 53
86 168 59
104 147 67
130 190 38
192 41 5
199 139 85
133 12 19
21 27 58
115 113 74
4 19 34
191 72 10
48 131 42
158 43 57
190 103 94
163 117 30
16 128 75
198 194 95
2 59 23
124 77 24
56 25 0
177 196 54
56 157 11
186 8 71
27 37 89
209 13 32
66 99 82
46 112 49
79 18 75
14 204 29
4 21 29
142 3 20
125 146 7
94 194 41
107 141 48
49 202 23
126 97 62
35 202 54
16 175 89
98 124 99
207 64 68
87 153 71
164 15 33
97 2 92
145 178 9
202 113 38
160 27 6
68 144 6
167 125 3
108 144 24
62 140 11
21 5 99
94 20 64
15 159 6
95 16 16
73 111 12
58 154 84
153 71 90
200 206 83
47 81 85
6 111 15
138 130 47
115 127 42
16 46 67
46 133 78
209 100 53
83 71 42
90 55 32
112 154 70
167 49 94
29 120 94
202 65 79
97 140 56
198 45 20
112 188 67
129 181 93
176 135 51
90 155 79
97 86 23
22 81 86
14 182 3
201 178 96
129 50 72
173 17 65
104 106 89
67 109 90
208 40 47
71 40 85
120 179 66
60 43 45
113 21 75
10 33 58
79 51 84
125 17 20
191 107 11
207 44 13
113 95 1
92 20 87
114 51 11
145 103 72
177 12 89
125 42 48
122 182 45
0 60 71
133 118 75
85 14 77
22 80 18
187 90 62
94 43 67
175 74 44
37 203 72
203 92 4
205 194 31
23 66 46
182 11 37
119 195 48
112 51 49
125 148 73
55 168 8
151 171 59
62 71 26
148 182 90
33 189 32
122 27 35
49 109 90
153 206 86
159 120 51
125 87 88
21 154 2
182 36 68
205 190 89
101 114 100
93 160 80
48 41 17
9 13 100
15 123 63
1 172 54
5 12 74
109 121 5
63 64 1
133 15 67
155 195 47
26 180 100
176 0 29
105 36 100
85 131 81
170 10 58
85 21 46
118 40 53
208 166 46
0 15 83
160 64 56
59 153 77
175 11 100
155 161 14
157 137 35
189 149 24
59 141 51
8 105 4
103 160 76
65 45 11
176 200 80
34 18 81
0 133 56
112 146 8
116 90 88
155 165 87
91 166 10
148 12 63
58 34 75
39 21 58
146 184 34
80 100 50
126 45 73
146 171 50
20 138 18
41 57 96
79 62 97
45 206 43
194 104 83
96 131 34
202 111 92
201 132 71
31 24 93
139 110 40
98 151 7
40 174 87
48 197 4
195 56 14
147 121 86
73 191 75
34 140 11
120 31 3
24 117 57
145 168 50
138 37 46
37 204 53
153 29 85
198 137 29
123 83 71
203 157 31
18 121 29
48 165 100
156 15 16
87 196 39
19 181 94
13 208 1
126 170 52
107 84 9
85 96 66
57 150 93
66 174 30
135 48 74
110 93 51
94 104 46
166 38 19
4 8 92
153 11 40
167 185 38
94 67 8
114 179 9
19 168 80
194 76 39
75 22 50
63 72 47
72 63 76
10 84 98
184 119 83
63 90 83
154 126 37
178 23 59
202 44 24
19 167 2
155 59 63
192 65 92
192 116 10
30 13 7
15 85 37
51 134 93
25 204 44
62 141 57
162 200 74
134 13 64
9 134 15
130 129 88
181 83 49
81 167 36
191 34 57
78 152 16
125 108 11
155 78 76
200 208 43
36 187 95
38 148 50
24 72 63
103 163 14
101 64 71
179 188 39
120 162 21
14 75 89
18 124 95
191 178 71
96 190 41
33 130 94
38 202 26
165 25 33
126 78 17
165 185 51
40 128 12
94 3 84
24 149 37
146 144 32
115 188 45
151 2 29
76 87 54
14 206 77
17 125 75
189 166 99
90 170 80
130 25 23
153 145 6
8 98 33
203 1 45
40 103 38
192 22 22
48 141 95
16 155 57
32 142 8
99 134 92
11 177 30
17 181 36
166 136 50
51 138 97
209 91 56
151 11 29
194 201 54
47 179 89
99 169 13
97 50 95
169 182 24
71 144 15
64 27 56
65 54 14
160 87 91
21 1 87
54 182 75
97 131 39
151 26 25
187 1 48
50 209 22
165 62 39
200 78 42
22 119 95
125 128 25
140 29 92
78 20 22
75 187 85
136 14 3
37 142 36
191 105 4
98 107 43
92 6 66
194 127 3
180 50 69
12 167 10
8 108 43
167 151 1
159 29 72
124 90 23
82 33 82
107 101 76
20 175 50
195 83 16
32 134 37
118 148 10
115 7 90
6 91 59
103 140 66
192 150 93
138 129 44
168 181 49
49 162 94
208 50 36
196 163 79
120 90 67
115 31 67
199 129 78
10 174 29
106 148 32
71 7 82
1 179 71
1 178 53
80 160 67
197 203 93
205 133 16
24 37 37
25 178 48
206 75 73
42 57 72
169 121 76
113 39 34
108 129 43
161 135 91
43 3 0
142 60 21
58 126 30
25 184 86
75 173 64
60 207 19
157 76 44
191 23 27
177 33 91
192 121 29
192 112 56
123 134 16
117 85 21
35 95 98
186 171 26
169 120 45
91 182 53
58 167 59
186 196 92
154 180 49
46 206 31
136 55 21
134 125 48
163 23 73
47 71 61
114 14 10
148 41 29
183 75 40
135 67 15
7 177 80
177 1 62
9 27 86
203 201 89
58 28 7
188 165 47
126 197 20
109 36 94
151 107 24
203 21 33
166 109 37
198 26 48
153 192 25
109 144 28
96 58 43
39 61 94
23 94 24
182 180 76
164 88 32
0 186 80
187 12 93
0 189 20
4 144 42
96 205 24
0 146 16
11 115 25
157 207 48
48 94 70
97 101 38
175 179 53
200 82 42
96 207 85
128 169 87
70 159 81
179 157 52
171 196 55
45 50 91
187 183 53
50 168 95
28 17 35
23 34 40
85 59 24
153 131 55
93 32 4
53 39 67
34 130 8
49 113 25
155 208 11
146 42 61
137 202 48
136 159 90
184 158 80
162 120 90
139 170 4
139 74 8
79 181 60
89 75 90
24 25 55
132 46 45
30 130 4
108 4 96
99 77 15
37 73 28
75 178 90
80 27 37
46 201 17
202 122 76
41 62 12
166 51 77
150 109 40
101 70 90
75 33 1
167 18 11
153 203 84
23 42 79
33 144 98
153 73 53
127 27 12
8 202 31
109 76 52
137 116 63
177 159 80
201 41 89
36 141 97
131 105 69
192 83 29
158 12 42
169 147 96
131 156 3
37 92 60
107 147 81
189 146 14
36 203 46
178 90 83
163 107 27
13 115 13
103 2 95
87 154 72
36 73 27
155 87 4
100 23 52
53 103 99
64 81 51
182 86 82
17 19 17
192 90 87
7 97 27
100 37 28
153 84 82
33 93 38
84 97 98
111 144 70
117 84 17
116 151 85
48 130 9
67 83 35
178 80 9
133 17 2
168 207 1
137 154 77
101 103 32
72 203 91
110 4 9
110 32 43
191 44 97
50 104 80
200 14 90
184 175 1
106 0 70
134 97 12
66 128 42
196 154 52
161 144 9
77 139 68
199 175 79
100 88 3
143 166 20
101 63 14
117 140 16
151 51 98
15 176 92
140 61 12
25 106 83
157 126 50
3 29 51
138 131 17
195 74 25
49 163 42
158 76 16
184 22 38
140 151 40
35 92 57
114 185 14
169 33 15
94 177 93
81 186 66
131 198 19
38 139 35
3 105 92
118 133 3
181 197 41
109 124 3
17 185 98
141 55 94
189 34 39
24 51 87
70 41 19
70 97 80
199 143 55
150 206 12
30 114 18
185 4 41
38 60 77
178 154 31
88 174 25
98 26 44
91 23 12
173 178 86
57 169 77
201 43 9
113 92 81
115 203 99
5 16 80
182 60 65
69 99 70
32 118 22
52 4 38
65 4 8
58 152 48
130 177 5
141 187 60
196 178 58
123 23 62
124 123 89
1 57 61
94 198 91
56 19 74
175 40 61
34 125 59
26 135 35
117 33 51
23 150 33
171 192 10
156 179 86
42 103 3
104 46 14
127 190 1
78 127 12
77 15 99
164 207 73
91 172 49
52 6 74
194 54 89
79 124 25
174 163 19
87 119 14
170 150 65
95 162 3
166 101 12
35 45 13
209 147 94
46 63 48
35 91 27
64 54 82
24 157 30
121 125 89
110 189 86
150 181 100
200 66 10
135 58 45
126 143 17
208 63 38
173 153 71
188 62 59
27 51 87
89 175 95
32 178 77
92 158 41
57 132 18
47 126 30
167 109 58
115 195 89
61 14 12
199 135 58
162 13 68
185 44 84
147 25 3
38 68 90
32 56 10
87 203 65
177 11 49
73 202 21
202 206 87
117 53 2
16 43 7
57 209 23
176 21 86
186 62 84
155 62 88
208 52 53
33 5 69
128 4 9
29 55 22
42 153 37
169 9 60
145 69 66
184 88 23
187 79 50
61 13 12
206 22 88
156 146 78
49 164 56
197 96 15
53 12 4
113 44 98
150 4 92
64 150 63
204 4 62
105 146 100
55 37 0
138 65 90
168 6 84
134 140 76
3 70 57
14 153 19
115 105 69
205 117 9
52 72 38
16 53 54
163 134 95
185 45 24
128 168 43
199 71 43
14 92 71
14 83 18
192 61 79
173 79 61
153 137 21
37 111 15
85 80 9
152 22 18
117 73 78
95 83 66
170 101 18
145 32 87
157 133 27
124 140 91
93 64 91
74 192 40
110 96 58
5 92 78
71 47 36
187 52 31
32 188 83
20 50 5
104 203 13
136 49 28
30 127 47
73 61 11
8 119 80
156 159 59
128 81 34
196 9 6
53 54 30
117 74 36
85 27 22
62 13 69
90 146 15
72 107 3
168 185 79
44 144 17
85 107 80
39 203 43
107 160 69
201 103 24
146 145 68
150 104 21
77 186 34
1 84 43
153 51 85
58 188 82
27 172 40
27 153 39
128 171 73
91 76 46
179 144 42
74 111 90
44 132 29
174 115 60
150 173 61
194 101 68
122 136 58
154 197 11
68 184 6
71 53 78
127 117 61
112 67 7
146 82 68
91 20 36
24 190 82
53 81 88
209 191 20
9 139 65
38 65 43
25 59 28
91 25 80
122 178 55
13 8 66
5 13 94
84 179 28
85 172 67
93 123 72
205 101 61
165 63 92
94 58 12
133 143 99
103 91 18
169 96 60
139 16 34
83 19 9
183 88 78
116 205 15
152 131 17
8 177 38
135 155 19
197 206 81
203 180 62
154 203 3
21 197 0
114 111 68
182 138 68
167 93 3
189 93 90
197 14 14
114 191 61
179 151 31
99 148 98
119 169 56
196 27 25
177 163 15
13 129 79
62 152 96
207 16 7
40 87 31
81 112 28
163 136 93
128 115 17
0 140 42
189 20 0
138 57 66
195 182 37
187 42 46
197 95 68
20 169 7
156 109 72
97 209 18
89 129 86
182 209 55
163 174 62
16 34 39
174 133 25
44 67 2
59 66 91
208 46 83
75 50 68
125 1 66
91 197 77
62 145 8
119 182 70
30 106 6
33 10 72
115 10 24
49 189 95
35 26 82
143 24 12
157 158 54
17 149 15
43 194 57
50 101 24
174 76 55
8 206 6
170 175 33
84 161 12
61 164 25
31 208 12
173 196 19
162 72 80
17 130 41
27 1 90
196 106 23
61 10 59
54 92 75
18 188 86
13 60 45
109 123 87
17 73 23
116 81 70
45 117 70
85 137 0
55 54 42
173 206 76
41 154 76
5 35 72
107 136 93
200 7 27
28 24 53
19 197 69
104 154 55
201 169 18
103 173 59
9 35 54
24 164 67
71 149 67
9 153 59
160 28 50
99 175 83
58 114 61
29 132 5
137 22 39
35 141 77
164 134 78
100 136 14
147 100 29
60 130 83
3 165 19
121 24 9
162 182 59
181 104 20
137 197 2
21 131 58
162 174 80
36 134 84
124 2 100
104 161 61
200 45 79
112 16 23
191 26 34
107 157 84
3 30 70
8 17 16
204 199 48
13 62 17
17 140 30
160 132 31
175 76 1
131 185 61
183 135 34
198 200 81
209 16 55
85 97 31
157 153 6
99 43 61
66 88 9
66 84 97
100 67 66
84 135 31
96 192 51
10 56 97
124 98 4
3 43 87
100 159 42
21 33 5
13 54 94
191 171 23
5 186 27
76 194 7
38 141 3
72 83 67
15 158 45
176 95 60
74 143 23
119 153 71
163 18 62
90 68 34
148 14 9
110 178 74
73 114 8
19 183 85
98 130 5
136 167 2
201 63 28
175 109 56
155 187 62
13 148 97
92 4 62
49 182 34
207 68 19
106 149 91
145 43 2
151 118 37
149 35 92
81 113 29
167 110 37
85 140 22
205 69 49
22 101 90
5 198 95
128 54 18
63 39 76
26 138 73
35 132 22
156 82 78
10 161 13
109 180 63
128 109 96
209 22 62
8 204 89
103 100 30
49 172 30
87 141 86
96 145 15
175 97 48
123 48 52
95 6 60
1 31 54
204 8 61
25 107 58
174 87 100
168 78 38
31 57 93
50 128 90
180 90 36
154 89 92
39 110 51
13 64 42
32 184 63
166 85 67
32 26 76
198 46 45
47 136 57
88 208 54
78 126 89
40 195 12
202 72 66
166 169 60
110 154 11
37 112 21
208 97 51
130 29 88
191 99 16
145 199 26
202 13 70
14 47 46
201 60 6
20 209 74
154 88 54
45 30 94
10 89 9
72 74 17
82 109 12
168 135 36
209 44 67
101 181 47
200 69 89
66 156 93
99 184 60
77 72 84
187 190 77
159 0 13
78 174 37
157 201 79
82 5 83
172 176 92
5 156 22
202 48 93
74 66 88
41 177 79
196 166 92
113 5 2
1 183 67
205 121 30
48 196 11
150 189 9
176 144 54
141 35 40
157 28 39
174 183 100
60 54 50
162 201 31
77 195 60
135 169 41
129 79 55
52 112 73
71 172 7
141 62 60
99 126 49
132 29 72
192 122 73
20 123 9
94 131 66
171 28 82
100 155 98
15 42 20
189 89 10
113 79 81
188 4 6
128 139 60
166 122 88
42 145 76
79 25 87
17 162 33
11 150 36
178 186 93
93 194 47
129 154 70
166 209 46
100 153 72
194 174 86
68 34 18
99 116 21
89 147 62
96 170 71
174 151 13
38 8 30
40 88 67
53 106 38
183 168 56
9 191 26
114 78 61
200 50 44
123 177 83
195 8 88
172 119 74
169 111 35
108 160 72
168 76 52
189 109 47
20 49 25
84 126 92
7 17 84
11 157 43
161 156 65
13 205 94
188 200 55
165 24 64
14 152 16
111 6 57
122 170 8
169 112 82
125 31 51
132 147 42
19 18 51
76 199 58
98 189 81
105 183 87
91 57 20
59 84 64
176 29 24
32 46 73
23 122 63
142 140 15
175 103 13
123 67 82
143 70 76
57 200 96
2 108 44
53 60 68
35 11 0
207 126 83
203 2 55
76 5 81
78 24 32
68 145 68
21 11 12
185 43 43
136 86 10
174 145 73
59 95 54
186 124 44
16 8 0
51 85 7
22 189 79
146 96 13
191 80 3
109 137 19
108 98 77
116 75 5
68 26 84
139 185 71
148 108 9
132 96 63
105 118 11
170 38 28
144 62 5
3 19 45
203 168 59
201 160 49
44 27 45
88 46 8
121 19 54
23 114 62
18 2 66
23 128 51
95 79 43
183 198 74
181 66 87
103 175 47
101 166 71
109 90 82
147 197 78
104 180 78
130 4 85
122 50 73
198 201 57
146 71 3
79 184 98
114 86 13
56 181 11
3 154 44
28 88 53
155 13 58
40 145 3
33 13 3
50 110 43
77 137 100
16 150 86
186 174 11
95 15 32
93 49 23
12 108 77
205 46 66
114 0 49
116 122 74
185 56 0
26 152 28
166 177 4
15 187 74
51 80 74
146 199 67
38 90 12
134 12 18
99 118 71
51 75 47
208 48 61
169 63 18
27 203 51
167 114 81
197 104 91
65 16 27
143 5 80
162 33 3
67 96 58
57 122 58
205 197 53
129 56 21
75 191 57
53 16 43
30 68 48
60 37 78
171 29 27
83 167 55
88 182 8
174 32 98
4 70 4
198 182 83
203 194 81
143 138 68
164 49 71
165 7 62
197 49 73
51 117 3
125 182 33
39 170 18
12 66 30
205 165 0
178 16 3
133 154 57
55 183 48
95 5 47
161 41 0
162 165 10
188 28 70
142 129 60
72 176 63
100 192 73
42 147 74
150 122 63
137 134 90
79 115 58
17 205 20
14 145 97
62 206 68
50 189 89
107 123 37
74 158 45
192 144 63
84 65 51
190 111 81
206 80 85
19 116 75
29 161 17
127 203 52
143 208 38
116 178 48
159 139 16
147 76 2
182 140 79
177 19 95
199 187 21
22 95 68
99 21 57
173 85 19
209 69 48
77 166 17
93 106 34
178 46 56
153 98 28
60 22 47
25 47 42
157 15 23
134 202 91
61 74 69
12 207 58
155 207 53
108 46 13
104 131 94
1 153 5
209 19 5
42 141 34
35 21 14
50 16 0
176 40 48
92 88 6
93 11 71
107 142 65
146 75 10
85 113 68
188 131 17
42 158 69
208 114 100
182 121 88
35 19 42
2 148 81
100 42 65
101 182 96
81 108 82
63 1 30
160 201 19
35 53 74
124 28 14
169 53 46
89 16 80
111 186 76
201 121 75
132 207 57
204 33 96
134 152 10
78 17 65
26 46 34
52 75 77
153 151 83
172 192 19
38 43 45
20 127 53
28 82 0
57 171 62
70 73 32
75 158 0
202 175 10
171 14 4
187 26 91
0 34 66
118 90 35
13 130 14
80 113 64
81 161 75
203 109 15
51 207 14
156 200 69
26 160 51
200 2 47
111 134 59
64 101 6
4 116 91
69 45 55
148 120 3
113 148 27
143 170 75
67 197 89
198 191 68
138 48 37
64 209 27
56 13 14
98 121 4
128 165 36
196 15 36
6 89 20
15 154 35
156 132 54
141 183 100
185 169 71
92 200 100
172 115 37
135 40 59
207 88 15
39 56 78
155 16 93
194 123 34
26 107 95
115 59 94
1 115 43
177 204 52
139 6 98
191 134 100
83 53 83
203 74 31
173 3 35
15 197 66
23 37 88
50 47 86
57 41 51
154 12 98
192 78 49
20 1 39
70 32 69
54 12 38
46 114 53
137 181 92
191 153 62
110 18 14
164 17 3
74 117 21
140 79 71
83 159 85
13 31 13
0 169 15
124 201 95
99 179 81
22 23 45
119 70 92
101 25 64
41 59 94
27 159 3
66 5 77
88 3 81
36 0 91
129 146 65
132 146 95
140 171 84
173 162 93
88 127 26
18 203 81
31 140 33
143 21 14
153 44 95
28 122 61
53 116 22
196 37 24
126 87 0
5 196 96
154 119 17
173 75 93
51 11 44
173 177 77
11 67 55
117 124 57
191 127 32
104 94 16
154 31 98
189 57 23
48 50 67
59 97 86
152 26 17
24 54 83
34 84 65
27 147 9
5 50 51
137 146 57
152 178 93
189 58 62
113 51 18
150 138 44
51 143 78
3 39 89
71 73 35
135 191 38
93 39 54
186 191 37
160 14 36
9 199 50
184 73 13
71 0 68
139 104 88
158 174 34
67 104 7
101 14 34
87 122 41
58 139 15
53 13 11
66 126 19
0 183 40
68 202 14
154 132 21
37 154 35
196 23 34
103 48 81
51 149 13
126 180 42
74 161 10
137 179 75
166 4 70
149 201 2
71 15 99
139 176 18
65 110 36
25 20 23
94 61 4
52 121 93
203 120 88
101 22 72
176 182 36
177 83 93
96 68 23
93 73 61
2 185 76
12 152 71
71 116 17
185 33 54
199 70 63
152 167 52
15 87 28
184 142 34
181 128 62
181 46 74
81 170 67
146 31 34
118 87 82
61 150 67
47 134 97
151 45 8
54 170 54
67 59 52
97 24 3
52 110 19
37 162 72
26 23 43
141 136 43
188 142 76
132 16 66
80 180 86
52 43 26
107 180 14
5 157 43
67 92 78
187 20 50
68 33 40
187 128 45
119 94 51
101 168 35
98 51 17
118 120 66
20 10 76
22 125 3
146 192 86
81 97 29
183 41 4
92 68 33
161 1 78
141 185 57
37 132 13
104 158 40
114 108 86
57 178 28
11 57 80
199 90 38
48 98 8
20 147 14
49 126 94
13 0 0
95 14 99
150 89 70
9 51 24
126 83 97
117 13 37
5 192 60
111 2 33
166 108 64
15 150 8
108 80 79
133 94 54
45 72 35
54 35 72
104 202 43
176 170 9
43 191 61
50 53 6
131 16 98
136 17 95
29 26 76
170 133 52
20 78 21
137 1 43
199 180 41
168 87 81
3 138 77
15 143 32
146 131 34
24 89 1
79 87 87
168 60 8
65 114 42
111 70 42
181 48 19
192 126 66
110 45 66
70 103 49
22 8 34
8 83 86
123 132 83
121 170 20
44 109 46
206 189 92
52 109 98
197 128 42
17 78 28
183 109 37
166 155 52
189 37 2
30 118 91
64 84 24
124 182 69
168 144 17
126 35 49
160 0 4
163 111 72
154 98 95
178 32 31
129 122 6
97 62 59
115 3 54
7 18 12
130 10 94
164 106 95
96 12 99
151 201 27
21 76 40
74 58 44
80 198 12
11 111 52
199 155 19
82 178 33
144 186 3
73 8 31
80 58 18
91 113 29
45 143 39
124 22 37
184 40 29
89 192 80
121 186 64
125 155 7
57 2 48
80 53 45
146 54 11
50 41 31
83 160 46
36 185 95
198 71 22
167 150 51
141 120 35
117 201 76
181 30 17
204 135 82
142 72 42
107 22 26
39 130 68
85 186 96
121 173 61
129 180 62
136 108 32
112 60 36
20 44 19
182 113 93
187 189 89
33 197 51
148 183 18
80 99 42
38 3 64
23 67 87
12 58 70
46 208 31
60 133 80
64 71 81
109 21 19
169 135 72
66 33 71
204 148 69
133 104 33
67 156 88
90 16 60
126 44 21
156 62 43
20 134 33
181 73 85
60 194 40
60 71 28
51 72 86
60 163 44
24 83 86
92 143 5
20 177 72
113 56 35
142 56 0
191 185 32
29 87 57
93 3 49
65 98 86
78 88 70
66 109 64
31 119 90
5 173 89
143 112 50
195 75 2
105 115 62
58 189 49
176 142 60
97 165 20
165 177 65
139 98 84
155 180 11
27 131 43
105 54 1
77 56 10
68 55 63
204 155 43
34 167 68
63 78 82
139 144 91
172 93 73
74 197 36
117 71 10
88 70 96
119 38 45
143 12 97
194 157 43
198 199 64
142 184 19
140 39 93
166 23 67
183 117 21
169 127 58
55 21 40
24 111 81
37 13 29
84 56 37
84 88 15
95 121 70
18 35 22
182 165 17
101 4 6
44 113 34
59 78 42
123 152 58
45 48 7
160 89 64
196 187 20
57 194 87
118 1 75
132 76 10
185 184 82
25 185 37
23 43 63
147 132 75
90 132 86
116 16 77
120 65 57
98 197 69
5 147 65
49 56 74
49 138 66
115 183 42
176 33 35
56 94 61
53 96 93
22 158 37
94 124 43
178 197 13
29 166 90
188 119 71
149 59 5
26 61 91
99 64 95
78 2 3
188 48 44
13 55 66
24 120 0
54 66 55
116 12 10
148 127 34
141 160 15
96 39 91
65 19 21
20 83 61
141 159 33
100 196 17
6 185 14
87 144 2
156 191 94
170 92 81
35 22 55
199 31 27
31 61 54
127 75 53
51 6 48
173 37 44
69 24 89
114 116 46
124 70 72
155 160 58
196 170 97
76 115 1
207 112 100
117 120 82
89 43 42
182 0 66
127 86 29
59 174 48
143 151 96
94 195 16
40 144 47
119 59 30
136 140 28
106 90 21
3 204 66
198 165 0
170 14 3
134 98 82
39 87 65
45 174 63
171 169 86
65 137 26
107 39 93
126 162 27
99 66 84
36 171 83
56 143 15
75 85 13
195 151 54
134 1 96
135 208 87
145 16 56
97 161 49
122 134 11
127 208 59
184 69 31
75 114 77
136 92 50
101 137 47
81 159 86
15 208 62
113 188 64
70 104 30
130 84 34
84 191 50
190 63 3
3 175 26
180 60 50
188 167 32
107 63 4
83 16 24
107 116 22
52 135 45
82 208 97
60 21 95
48 138 88
94 46 14
37 23 48
33 185 11
19 92 45
143 38 65
119 33 44
92 198 97
128 87 95
194 205 58
114 167 70
146 83 96
4 112 7
12 138 1
77 146 64
3 107 92
37 127 43
64 87 74
196 81 51
71 209 93
158 69 70
204 119 100
124 10 82
120 141 93
46 188 95
150 85 28
112 160 46
59 119 72
31 95 78
171 151 72
134 71 56
55 1 70
9 175 95
20 89 66
117 110 90
190 3 38
199 65 22
118 68 83
155 104 43
86 139 51
5 59 43
35 80 18
45 170 58
82 39 94
45 108 13
149 17 79
9 69 82
198 116 26
70 4 0
8 181 48
92 125 90
81 101 59
125 175 92
173 60 8
88 0 67
180 67 45
33 61 18
205 122 12
162 206 51
21 185 87
32 64 63
51 181 48
191 159 19
109 181 95
192 173 72
130 19 78
48 148 14
10 160 85
81 204 66
152 15 92
2 123 60
17 44 83
65 72 82
120 32 4
79 122 24
55 75 91
17 92 9
104 146 41
79 167 21
101 69 1
83 182 44
134 7 13
37 159 13
31 16 54
13 87 21
7 56 8
65 75 77
208 90 43
133 116 81
180 64 56
208 65 72
164 59 86
62 122 59
129 98 85
146 113 95
109 98 79
78 185 49
6 138 6
96 167 40
71 56 79
108 10 23
63 189 5
160 191 77
88 167 91
2 25 57
55 192 44
149 101 27
6 186 24
195 3 71
160 24 88
203 26 40
94 71 23
125 78 57
184 167 34
141 156 61
28 204 81
204 42 49
55 12 2
86 50 37
166 132 11
178 163 23
177 89 91
32 114 0
95 142 32
12 151 31
171 39 53
166 180 29
135 139 30
120 140 69
144 91 23
144 152 45
1 0 20
199 181 83
35 162 39
56 92 45
104 41 64
100 25 2
7 137 25
37 196 58
146 132 47
41 146 89
192 10 45
207 69 52
6 145 99
90 10 22
142 63 25
94 112 30
51 105 23
155 63 94
74 135 29
138 124 28
53 183 15
38 120 29
99 143 65
146 59 15
155 175 7
11 1 23
83 180 92
77 23 32
97 139 76
122 59 53
155 14 25
46 87 59
68 106 15
184 189 89
117 149 13
82 141 53
19 152 61
170 57 43
153 1 37
9 137 97
17 141 77
65 34 34
125 2 60
169 133 37
130 110 18
131 23 19
116 50 99
100 8 71
120 145 47
24 34 3
152 195 21
135 1 39
48 109 79
169 178 61
19 59 83
98 39 17
155 113 31
77 62 86
179 107 50
118 53 78
140 22 36
135 120 1
91 61 71
25 65 68
141 103 13
110 173 24
141 161 0
163 202 0
80 201 87
107 143 16
66 3 10
134 208 17
104 128 24
84 9 61
87 129 67
126 9 56
124 150 29
73 137 36
190 127 38
136 58 12
45 118 8
203 112 73
99 68 95
73 135 69
45 36 45
159 91 68
60 95 34
195 100 55
77 68 61
103 206 95
72 135 89
72 192 20
38 55 11
186 37 54
141 71 7
186 134 69
196 172 69
11 184 10
103 181 90
166 52 84
155 116 71
144 49 63
82 120 30
139 23 11
107 135 89
175 207 97
131 135 11
186 71 69
155 56 26
2 99 3
111 93 59
44 142 75
118 115 24
177 185 15
34 64 47
16 94 10
155 70 16
24 64 4
180 68 98
78 34 14
199 84 23
63 119 39
33 44 1
189 52 78
183 115 17
67 27 31
186 1 44
65 32 57
75 203 2
13 94 54
96 176 67
83 48 55
126 110 66
61 206 81
74 196 44
53 153 91
31 113 43
154 201 91
21 125 5
33 85 80
78 52 52
101 156 71
65 201 7
177 66 38
45 13 30
49 186 70
138 42 91
157 139 19
103 179 61
202 66 85
99 78 55
38 61 43
86 189 0
175 183 41
78 22 32
163 114 56
167 39 100
144 21 56
80 208 57
17 112 5
73 57 35
78 182 96
76 13 95
186 0 78
29 118 38
187 198 47
185 22 47
186 206 38
147 0 51
126 100 43
33 39 74
175 99 55
0 29 17
168 172 6
86 127 2
32 4 18
120 100 92
88 98 10
54 37 32
74 142 70
115 111 65
33 34 97
144 54 86
123 205 88
152 206 26
119 135 17
26 197 65
174 62 26
157 12 79
17 65 61
99 85 36
66 78 63
62 160 13
15 98 21
53 67 18
58 206 70
178 41 37
78 205 11
82 139 8
21 159 36
59 114 35
109 30 13
67 137 95
156 0 22
66 45 90
194 67 96
105 29 12
62 39 78
67 194 87
130 156 82
55 33 50
59 32 7
178 49 45
116 10 43
143 94 52
156 46 49
98 13 82
83 6 47
22 186 76
46 169 7
184 176 8
140 32 96
139 79 0
14 123 51
206 130 55
171 24 25
12 14 73
90 97 43
205 45 33
76 16 67
197 106 98
68 84 83
79 86 84
207 196 10
156 30 71
153 191 71
16 125 72
70 160 53
58 199 46
166 77 90
139 186 52
170 167 60
54 186 78
74 17 54
9 206 70
106 34 93
57 130 17
139 11 9
130 136 79
80 127 38
60 77 78
188 143 3
121 92 20
148 139 51
67 12 23
150 118 59
140 99 44
78 197 4
124 128 3
135 81 20
104 84 44
3 73 79
93 15 76
110 142 73
190 106 32
165 114 21
196 54 93
41 0 49
157 63 19
126 74 67
46 44 0
14 207 6
47 199 47
86 181 56
33 152 74
175 67 48
169 203 96
159 169 13
50 138 70
187 203 35
194 0 48
41 159 29
87 16 87
67 13 94
54 96 23
70 35 42
196 113 35
148 19 93
82 105 8
207 8 40
113 133 41
188 201 32
169 124 77
60 57 46
194 79 40
196 50 64
199 178 34
46 117 61
108 56 34
139 73 44
97 23 5
187 27 7
165 129 61
52 44 85
199 41 32
24 6 31
168 208 29
91 145 59
143 42 77
25 162 46
118 39 89
122 111 87
94 108 74
174 25 83
142 82 94
72 172 21
168 20 11
196 85 9
168 179 96
26 159 21
30 9 22
21 196 30
202 187 79
12 18 15
66 72 26
88 190 13
160 135 62
14 157 92
76 170 47
189 145 48
20 190 41
82 42 86
54 179 74
61 5 87
103 108 3
35 186 49
166 95 53
44 199 78
136 6 25
125 63 96
99 94 52
35 90 73
79 23 23
60 83 0
68 98 13
159 9 44
108 167 79
110 71 83
130 168 27
74 73 28
118 48 12
2 138 28
62 53 89
90 36 99
124 50 28
80 31 75
132 73 25
189 176 92
147 200 23
143 89 57
97 16 49
31 8 2
131 79 33
172 205 95
184 83 31
124 109 34
122 150 24
181 105 87
173 137 33
173 163 4
122 197 87
40 204 62
88 134 64
200 22 40
174 70 30
38 40 67
56 93 80
51 64 6
120 156 12
35 201 73
148 20 26
0 37 62
71 104 97
190 100 28
58 168 64
178 182 30
88 23 17
139 209 49
71 168 12
64 45 82
140 85 71
90 148 96
3 141 17
73 37 13
132 136 11
67 179 25
172 159 0
107 60 11
170 28 100
182 130 13
13 141 36
11 62 67
61 159 29
32 59 98
27 70 64
118 205 93
206 77 71
168 90 22
75 204 57
65 175 9
120 128 93
10 143 93
30 163 41
62 78 45
195 68 56
103 189 49
86 110 34
96 160 21
70 175 88
150 74 88
106 160 7
37 62 64
1 205 57
97 103 55
165 56 66
86 33 83
115 22 30
64 50 7
174 94 13
45 179 94
207 124 45
93 16 94
205 179 23
107 100 47
34 205 35
181 17 16
142 146 67
163 123 30
139 125 7
177 20 95
47 114 90
75 32 77
184 71 49
21 12 66
133 187 43
92 77 15
68 23 51
43 19 22
126 84 23
190 128 44
70 209 9
158 141 74
76 205 85
97 6 33
175 38 30
91 100 47
208 101 64
207 0 50
42 122 13
47 150 94
153 35 44
172 194 34
209 60 63
48 23 14
185 30 14
165 181 9
103 164 15
10 51 75
27 11 77
188 168 99
123 73 58
16 204 42
105 163 95
178 143 29
161 72 59
66 136 32
5 113 11
191 140 77
197 194 41
160 2 7
171 208 68
60 122 8
181 71 14
88 39 45
185 57 70
7 174 65
177 98 65
75 92 84
197 77 20
158 151 57
144 71 98
92 91 22
30 101 98
71 89 44
133 140 39
182 16 82
35 9 33
20 64 86
126 32 46
73 78 61
8 120 86
17 84 59
14 27 81
35 94 14
203 22 43
172 137 54
69 65 68
11 83 32
198 197 42
196 176 71
56 39 98
97 96 68
37 41 8
117 51 19
38 70 49
131 129 99
184 37 93
131 162 84
203 20 56
111 182 96
134 77 64
163 118 35
196 83 1
129 4 27
113 119 100
31 190 94
187 74 9
168 176 74
191 78 5
0 127 16
64 103 98
202 36 65
81 151 34
194 126 23
72 94 85
14 55 63
35 112 79
169 79 31
151 131 93
35 150 57
11 48 16
87 164 19
170 67 66
200 184 48
164 29 46
143 158 89
50 134 63
22 184 0
83 22 24
148 4 1
201 46 7
186 110 6
48 139 81
96 14 2
25 27 18
191 84 52
64 57 57
174 108 0
78 95 74
2 164 78
54 61 94
54 145 63
175 203 92
206 20 65
17 202 49
153 36 33
127 161 17
130 21 57
26 103 10
42 38 98
43 82 13
189 204 88
133 75 30
91 167 56
174 157 94
133 78 40
177 25 29
39 161 51
80 184 77
81 25 66
45 157 87
130 24 62
155 162 18
50 156 7
206 174 100
12 135 5
104 83 68
11 92 44
31 78 50
41 69 71
75 160 14
184 30 9
21 153 76
178 24 77
92 135 20
11 33 32
150 99 53
203 154 78
175 199 27
78 0 67
7 64 1
101 18 6
90 104 36
133 122 22
191 155 29
43 0 18
27 196 10
118 171 53
9 209 46
111 159 73
78 118 53
36 70 83
158 204 63
189 183 76
11 24 47
70 200 20
96 164 60
110 82 58
134 163 73
152 60 76
65 12 50
80 148 28
209 151 47
153 48 45
3 194 68
104 123 22
33 46 80
82 165 63
46 20 73
90 144 61
59 128 86
91 14 39
16 208 23
12 160 42
23 147 26
17 14 97
100 126 17
89 65 79
33 138 91
174 38 80
106 196 100
26 129 84
52 205 12
191 67 79
105 19 81
184 187 44
89 190 78
110 17 12
82 84 12
92 43 46
171 180 91
95 54 25
43 30 96
116 47 53
48 101 40
99 6 47
9 100 28
136 57 10
135 114 60
53 86 87
82 45 40
74 33 48
5 195 32
8 12 5
169 22 53
112 205 62
57 50 91
197 208 46
136 21 59
86 52 89
52 169 78
153 184 82
166 50 8
159 129 45
56 192 96
203 77 16
129 63 87
198 81 1
130 64 58
201 69 37
0 70 78
6 34 11
182 117 89
189 151 25
118 34 92
158 201 63
115 172 68
35 145 69
70 105 4
104 16 20
62 83 87
42 1 60
204 112 5
140 113 32
34 117 16
159 90 86
174 10 63
209 187 36
163 92 10
113 189 51
132 112 23
68 79 30
66 4 88
150 13 63
47 139 37
178 198 76
104 56 97
24 187 35
150 33 14
62 67 27
60 175 11
1 71 42
136 182 73
131 200 68
89 96 27
79 205 70
69 116 66
177 178 81
121 149 11
78 28 77
59 24 9
173 159 19
96 71 44
36 142 54
89 95 81
126 21 79
5 182 13
46 10 72
9 178 51
178 203 17
13 198 20
161 198 66
177 162 75
207 97 20
96 94 46
145 17 71
46 69 99
16 151 2
64 186 43
121 133 99
41 37 19
202 23 74
91 201 62
98 31 6
41 182 19
38 109 21
47 77 1
15 67 81
104 19 93
194 40 13
46 80 3
183 20 17
111 207 25
176 12 92
156 106 42
19 86 82
94 81 24
6 126 62
41 92 81
118 144 15
126 167 27
25 39 47
65 138 83
5 27 82
68 138 21
55 94 0
206 90 11
138 153 86
73 183 72
49 7 0
95 124 56
47 168 83
90 30 81
194 34 23
179 202 79
200 58 93
133 148 63
129 22 55
154 90 92
47 14 31
41 88 76
76 80 59
65 128 58
73 149 10
140 80 28
79 165 86
185 161 56
92 177 85
52 79 76
163 69 36
112 82 20
174 209 12
8 68 14
200 9 18
147 195 91
57 196 65
203 18 57
81 122 93
140 161 31
159 187 47
206 106 54
155 33 25
162 106 18
207 129 49
178 113 36
155 12 17
53 44 87
18 111 88
16 49 24
141 172 6
195 124 80
34 171 52
144 175 95
146 107 94
132 128 61
144 202 50
55 150 85
104 13 49
10 125 79
57 141 24
152 25 78
183 5 43
78 180 15
188 3 98
176 128 43
143 167 89
70 169 33
140 87 30
107 174 5
191 93 75
96 144 90
199 77 83
114 129 43
91 48 62
47 117 51
161 121 58
23 92 64
23 76 97
160 59 97
29 143 57
103 17 88
125 36 84
74 138 60
108 145 31
204 122 45
131 20 43
21 107 39
96 126 62
129 94 44
139 39 66
81 144 62
196 145 94
51 121 62
98 125 32
161 170 50
5 206 11
186 103 21
59 155 57
149 19 23
124 107 44
106 14 92
161 120 37
8 118 8
16 180 48
7 55 91
191 35 70
91 196 6
63 126 40
17 150 20
171 166 89
0 138 34
93 111 34
134 59 67
199 36 18
116 169 2
105 59 39
65 200 88
128 175 10
147 85 13
67 65 55
204 98 49
72 8 79
162 24 73
105 65 48
49 173 83
99 38 50
86 6 28
41 70 28
197 93 99
38 28 1
57 14 22
71 117 70
67 100 94
182 89 25
124 132 2
40 163 95
167 162 42
164 200 50
149 185 44
155 3 54
188 78 40
118 168 93
88 52 73
97 175 22
158 182 47
96 133 87
82 113 40
183 11 13
49 96 9
156 148 54
153 195 69
7 204 27
204 27 20
19 185 40
203 178 58
202 109 44
12 50 79
83 70 79
138 127 16
121 81 72
164 181 98
52 87 15
105 201 98
53 126 41
17 12 41
41 39 64
98 177 94
116 114 92
151 154 39
196 25 82
142 59 58
50 152 90
114 125 77
80 73 2
126 54 60
67 135 41
158 30 39
147 9 41
179 148 12
58 110 68
134 108 93
0 40 59
31 55 64
4 194 59
67 174 95
34 175 56
79 26 37
159 119 88
131 29 30
140 62 68
53 127 0
115 175 34
164 112 50
134 16 7
179 43 52
87 41 4
20 81 87
130 9 86
45 91 65
13 70 52
43 71 68
118 69 69
170 121 99
10 123 87
95 201 27
124 43 52
15 171 16
42 209 92
50 176 44
78 164 66
124 138 25
20 110 77
148 188 9
126 51 91
147 52 22
104 156 54
185 160 24
58 46 45
41 96 20
61 201 70
84 143 4
25 35 69
3 97 6
150 42 46
204 80 88
136 100 25
127 145 82
106 64 57
14 141 25
108 178 70
76 64 83
176 177 22
135 125 53
144 159 33
82 90 94
183 98 18
150 187 89
59 30 90
163 93 88
117 65 89
141 4 73
201 39 35
41 76 61
124 92 3
127 174 37
184 24 10
10 149 27
160 83 72
70 3 96
197 146 61
18 165 21
1 182 78
29 0 44
92 13 65
80 143 25
37 85 36
49 185 15
146 13 16
139 68 48
132 152 78
164 130 79
113 126 88
122 155 1
200 28 39
162 38 71
111 96 91
15 114 83
118 71 47
93 136 12
177 111 32
45 15 56
19 65 18
65 67 76
124 198 19
183 163 11
65 139 13
92 183 33
85 74 60
16 105 69
52 11 39
23 137 38
159 128 91
41 48 80
160 112 72
3 22 42
57 186 73
207 114 21
34 183 5
153 116 0
190 159 32
136 194 64
3 196 67
76 137 10
176 63 60
134 184 18
72 121 22
63 16 6
37 90 56
151 205 58
86 3 33
201 197 74
107 74 65
182 132 19
158 180 52
35 43 42
190 174 69
150 114 86
132 143 6
198 127 28
144 96 61
53 204 91
187 25 82
153 152 79
85 165 16
172 41 35
174 23 15
92 191 77
43 38 12
120 137 81
128 25 71
204 76 64
123 111 37
122 63 13
187 173 44
161 208 31
70 77 74
64 2 78
172 22 11
162 190 61
148 113 96
157 53 91
173 99 19
83 7 26
23 28 50
146 52 43
191 121 94
157 95 80
93 157 37
130 198 44
172 77 25
125 9 100
129 89 18
134 141 7
111 82 11
87 98 9
137 96 80
194 93 70
89 133 77
114 132 71
6 19 24
36 41 14
53 152 25
95 160 26
4 162 77
179 7 2
104 88 5
173 154 5
60 138 17
48 114 50
96 13 43
41 127 58
47 177 2
204 40 0
173 7 18
30 129 7
182 38 1
187 80 65
111 36 67
45 24 18
32 169 88
171 209 91
142 177 81
128 84 61
12 74 67
114 161 10
9 194 61
33 58 35
117 208 24
27 82 19
157 134 62
38 57 60
76 27 67
147 70 56
84 8 94
176 134 62
12 89 52
161 127 79
177 5 36
162 123 93
88 113 16
69 62 77
21 199 85
190 32 78
66 86 4
202 106 19
97 117 74
63 143 66
48 200 95
185 38 92
157 109 43
80 129 11
95 46 40
68 43 80
167 164 89
63 84 87
96 79 53
127 59 24
86 173 11
92 32 77
134 90 47
86 99 8
204 14 91
170 154 60
182 106 78
76 184 41
94 136 32
57 126 99
65 168 50
54 157 39
109 77 56
200 104 39
28 67 88
132 60 7
76 9 12
170 34 52
165 200 20
172 13 45
163 66 72
68 156 1
205 97 97
78 5 59
142 200 1
16 81 33
183 73 82
157 11 11
175 52 36
68 185 73
178 189 92
198 164 29
55 166 54
51 190 43
104 37 49
172 81 27
138 151 14
199 52 73
130 160 51
52 204 49
15 82 12
2 109 85
92 168 48
16 202 7
47 196 17
78 134 89
133 29 14
105 101 89
140 129 62
142 104 21
52 113 7
3 88 41
25 154 12
15 169 51
96 82 82
146 163 45
25 26 37
21 156 26
56 202 74
44 131 99
24 0 44
159 191 58
22 208 69
165 32 16
151 35 38
106 121 3
29 164 29
43 206 12
208 95 84
100 44 44
32 207 30
66 170 95
189 56 21
52 77 33
84 47 80
13 5 93
36 192 26
19 8 13
164 198 56
101 72 37
151 19 20
63 75 90
26 203 91
69 205 5
39 156 54
59 17 35
178 83 31
110 3 74
148 78 60
18 135 75
121 3 56
178 144 79
135 145 15
132 11 38
209 163 80
190 36 43
47 31 89
154 91 36
156 86 33
204 12 7
23 182 4
63 162 2
0 109 51
137 23 28
208 141 79
189 31 98
30 61 94
95 24 53
24 93 52
163 112 72
203 129 76
64 182 10
194 6 47
68 179 98
158 4 29
23 61 74
88 186 73
84 199 26
15 62 76
129 65 48
20 155 94
33 114 66
29 36 53
47 209 100
207 29 16
136 34 62
83 126 3
136 166 2
89 90 4
36 209 48
122 137 43
160 152 55
110 38 78
29 160 67
109 99 53
79 123 44
84 14 37
154 179 2
116 208 74
52 152 74
35 166 14
59 121 0
139 27 29
176 20 2
19 4 15
134 67 30
158 73 98
60 187 71
96 165 28
90 173 90
59 9 95
132 69 95
107 145 73
79 106 83
165 17 44
37 153 61
14 191 81
3 123 23
105 73 16
31 53 66
58 149 5
19 11 84
110 60 1
173 84 29
88 36 25
198 42 31
27 46 71
204 107 0
25 156 31
55 161 94
194 187 70
50 165 31
191 40 91
7 142 25
2 46 5
103 171 88
0 199 38
23 208 27
31 157 27
98 9 76
54 36 58
29 20 19
37 169 30
113 124 52
97 160 54
83 153 2
184 191 58
3 89 47
119 179 98
72 150 34
49 92 20
52 34 81
101 160 58
63 179 26
115 164 10
126 150 28
43 119 9
173 4 77
85 173 21
176 198 33
132 179 81
163 157 43
158 150 38
179 172 80
67 15 70
147 152 71
52 159 33
57 21 25
38 7 35
8 126 63
181 153 76
3 82 93
3 114 77
177 173 89
100 30 28
192 55 100
105 61 22
44 116 91
55 196 26
195 158 12
152 162 43
149 71 24
163 139 0
168 100 56
108 112 26
11 159 63
122 194 54
152 191 58
61 153 20
15 206 85
15 152 83
67 14 86
146 5 15
10 52 10
200 158 29
63 159 85
162 161 30
195 34 82
77 206 34
120 70 1
112 42 54
201 126 54
75 147 68
199 58 57
129 106 69
198 12 32
178 151 10
6 202 73
64 33 61
34 135 100
34 7 20
4 40 23
168 119 85
27 15 10
82 136 23
157 42 84
206 73 94
53 202 62
149 103 14
40 63 11
71 154 13
111 158 3
112 191 64
203 3 44
58 29 90
40 189 33
42 191 33
68 120 14
64 10 83
40 15 61
9 38 36
112 72 6
117 70 9
161 66 58
147 78 50
136 98 10
63 27 74
53 92 69
4 73 57
46 192 78
178 54 37
176 197 38
96 135 20
5 66 14
55 79 48
52 85 86
149 51 91
171 158 74
144 145 97
55 61 87
31 166 10
31 64 73
204 201 85
121 4 92
52 200 42
139 207 7
171 135 25
180 28 2
172 186 69
87 57 45
19 124 92
109 135 99
85 159 85
93 63 40
169 70 35
14 144 14
5 41 41
50 191 26
197 201 43
50 151 92
136 107 58
157 67 4
150 91 77
6 13 26
147 145 77
169 143 84
165 170 20
138 68 95
6 80 23
86 118 77
6 133 82
207 85 79
192 118 14
86 201 26
51 53 7
118 72 68
96 112 10
71 121 24
125 89 34
31 20 65
176 106 21
93 87 62
14 103 37
81 146 25
77 52 100
117 52 91
142 183 93
187 71 54
18 91 55
128 184 29
28 209 34
192 63 17
206 171 41
174 110 83
45 187 14
91 19 2
86 108 39
63 58 0
1 8 42
0 96 58
31 37 97
70 17 4
196 101 83
107 87 22
80 87 54
80 63 1
136 53 25
62 32 47
64 37 52
67 69 79
96 105 58
28 110 22
76 85 32
141 41 16
69 57 27
30 122 73
97 11 3
31 14 43
52 56 35
189 1 7
180 106 7
83 194 22
103 86 72
53 79 45
150 133 12
86 167 58
61 66 36
187 119 85
59 86 22
7 16 90
153 89 35
191 94 83
78 23 77
143 53 95
76 8 26
61 79 72
141 22 58
157 182 94
89 101 42
29 38 26
56 60 26
178 86 9
93 114 16
126 117 27
143 150 63
22 96 25
111 176 30
36 180 46
76 108 96
165 166 47
147 122 64
203 61 4
50 208 17
154 101 69
140 136 70
119 75 74
47 106 47
12 155 87
88 24 20
154 85 33
199 171 87
174 3 57
76 25 63
132 54 56
116 60 30
108 42 39
19 147 89
91 185 30
73 33 18
36 1 42
101 44 44
192 59 98
107 177 15
150 28 99
209 4 67
10 139 40
168 112 56
23 130 89
185 165 18
72 85 30
25 138 48
195 114 12
103 4 64
194 82 25
94 72 2
87 10 78
181 34 35
194 116 28
65 130 19
115 1 37
69 112 95
50 179 74
46 163 19
46 172 77
175 29 78
117 115 45
153 160 23
132 92 74
167 183 15
23 20 76
159 111 6
97 126 52
5 155 87
199 81 4
75 27 93
105 186 28
133 90 15
87 206 86
61 188 68
195 28 50
201 65 22
38 64 99
185 73 69
163 43 88
178 8 88
184 128 74
186 113 90
195 170 2
169 200 37
62 108 76
120 197 33
90 50 5
89 104 34
79 48 76
13 152 38
103 92 95
143 0 89
106 132 34
58 51 58
33 122 39
69 13 27
88 57 74
21 2 39
103 166 32
73 124 13
200 56 12
141 92 10
143 173 31
128 145 48
167 103 70
146 178 39
41 7 9
86 172 85
8 182 83
161 166 4
189 191 57
208 147 24
156 115 2
153 175 78
47 124 66
49 54 19
16 18 7
116 192 76
95 93 79
166 89 29
134 27 85
165 176 7
24 180 22
181 202 87
123 101 65
182 92 93
190 58 33
24 57 62
147 135 38
16 58 78
83 66 35
124 171 38
94 8 1
202 89 63
6 156 17
23 135 0
87 104 94
182 156 83
164 131 51
23 199 45
97 67 43
23 17 75
9 59 55
69 17 53
56 133 52
20 4 53
31 68 32
124 110 37
37 63 78
198 54 14
166 53 30
86 39 69
167 141 45
42 206 53
206 7 10
56 150 92
50 113 52
198 109 56
31 209 88
85 93 69
8 67 5
39 187 61
38 94 95
100 134 19
77 114 71
9 166 20
50 89 27
142 100 61
101 52 53
129 161 73
2 174 4
118 50 48
76 26 96
39 55 24
54 83 99
84 57 10
81 34 44
28 34 83
114 153 29
23 71 93
192 29 9
75 46 10
123 32 3
188 83 4
160 198 44
37 12 69
80 141 73
177 120 42
137 99 81
65 50 90
19 74 44
188 146 72
45 115 50
55 157 95
101 24 92
110 190 80
101 45 54
30 192 16
66 108 17
63 146 12
178 73 62
78 141 19
142 15 38
135 141 62
100 127 90
153 87 73
72 45 23
94 179 3
12 187 22
168 39 14
142 198 35
29 206 22
203 161 60
118 109 17
29 46 96
176 129 65
186 40 24
93 107 9
150 186 94
96 155 55
142 138 6
112 201 29
131 91 13
168 161 43
88 140 71
138 198 10
140 67 70
28 61 41
163 57 99
156 108 15
58 117 86
206 147 0
185 27 30
139 197 98
49 108 87
109 133 11
22 31 52
122 70 70
134 117 8
59 31 96
148 51 21
107 15 60
0 71 54
176 26 98
184 170 29
117 17 22
75 98 84
41 170 100
47 123 13
86 49 47
89 52 68
8 103 11
41 142 39
134 196 49
183 206 31
63 56 71
104 1 5
84 203 52
65 8 38
68 200 78
121 41 88
139 29 24
39 22 41
79 84 11
104 151 88
98 35 92
10 97 31
5 160 89
109 204 87
179 64 43
79 155 53
80 18 1
202 140 77
29 183 37
105 92 51
45 171 67
209 8 74
123 168 14
38 95 95
205 13 59
190 2 67
180 203 23
64 79 37
140 17 89
192 180 17
164 83 48
113 25 29
59 142 53
191 32 2
101 126 83
42 16 33
169 177 88
41 28 74
141 150 28
77 209 30
24 42 89
55 125 79
33 87 79
106 36 59
71 4 85
122 22 56
157 186 91
171 186 46
57 45 37
133 156 95
203 198 78
83 113 3
144 136 73
41 33 69
105 167 60
30 173 37
176 185 80
87 55 5
157 50 96
143 124 29
140 173 88
158 29 83
76 53 24
141 78 81
72 5 65
196 14 1
202 180 62
194 69 29
86 54 82
122 147 39
68 183 44
0 53 69
75 189 9
125 199 33
68 47 68
196 152 1
121 126 95
69 89 79
205 0 54
43 25 3
26 58 74
91 154 67
133 165 92
184 166 88
13 37 78
191 195 26
178 179 84
55 18 96
98 18 41
9 182 65
208 19 74
72 188 81
169 44 33
31 6 77
170 188 78
117 191 24
24 19 19
84 90 86
197 192 2
160 147 89
155 31 34
54 29 58
39 44 62
166 27 29
60 8 24
90 41 70
72 159 83
112 134 61
143 194 40
136 197 80
7 52 27
161 100 30
103 12 93
21 94 9
207 79 64
85 37 43
44 69 47
209 54 18
149 31 21
21 111 50
165 16 39
120 67 65
119 120 37
29 2 11
156 80 41
46 35 18
81 14 32
77 112 20
61 54 45
163 98 98
202 9 98
34 96 72
99 1 46
66 63 16
53 32 44
126 171 49
199 159 39
66 68 41
51 108 70
52 130 75
48 158 64
196 204 31
209 32 68
46 85 67
58 124 36
53 111 68
123 118 97
186 31 88
32 182 29
186 116 88
78 13 79
46 108 88
90 202 22
168 180 2
21 3 23
189 13 69
188 160 54
74 52 87
29 188 3
31 133 68
189 47 96
162 105 56
0 160 95
96 19 76
104 59 46
44 5 98
178 199 5
17 175 57
56 48 58
85 46 48
87 9 86
163 94 78
16 104 79
119 7 6
16 98 32
46 76 36
108 203 56
183 111 62
125 96 53
124 87 0
188 192 85
42 135 2
114 44 30
156 52 58
120 14 61
127 121 71
157 68 33
85 174 34
151 200 32
68 131 73
118 58 85
151 84 16
139 75 6
132 67 91
187 127 22
182 148 0
132 139 29
56 101 83
21 112 51
8 82 67
167 199 34
130 2 63
209 5 54
184 7 67
191 128 77
136 88 40
31 141 68
167 47 15
96 51 49
68 208 90
67 114 87
55 120 84
169 116 64
166 107 11
46 13 78
100 0 32
4 14 49
44 155 67
23 192 41
16 75 24
107 32 61
37 138 10
93 112 24
7 161 68
191 1 63
69 91 64
121 75 59
61 160 1
122 87 75
165 96 84
164 46 64
132 31 95
162 79 34
186 43 67
92 145 100
45 33 46
99 41 64
120 93 17
36 38 63
60 161 61
17 18 46
14 146 41
204 58 81
202 86 54
139 135 15
131 118 59
2 110 93
55 10 91
195 97 35
94 97 79
154 86 65
89 185 48
38 176 38
44 60 24
20 114 99
111 83 21
181 92 54
54 20 87
17 200 41
55 203 17
90 98 47
162 196 62
28 158 60
165 4 32
114 165 48
107 205 44
142 202 54
179 94 52
93 31 88
114 160 56
32 126 99
22 190 17
202 29 3
185 179 12
111 146 44
121 152 19
158 25 84
163 108 91
143 169 32
104 28 17
59 132 57
14 87 49
199 49 67
190 91 7
180 128 64
113 37 41
33 37 68
167 61 76
49 71 94
206 58 34
60 85 70
155 44 50
183 50 57
14 96 82
32 208 27
189 182 5
52 170 71
60 119 36
117 160 7
139 20 17
162 158 93
188 19 25
43 15 88
24 2 65
104 200 70
179 127 45
165 55 12
64 207 11
66 178 67
53 10 41
194 77 47
115 174 9
62 2 4
146 177 17
143 152 24
162 0 8
159 75 62
106 5 66
149 177 79
72 151 20
122 160 42
47 36 77
167 182 68
37 16 72
199 45 74
170 47 59
138 171 89
139 128 28
56 104 28
114 120 45
183 40 67
194 2 78
46 33 72
122 9 75
103 99 18
151 164 31
147 50 62
198 24 81
61 59 78
107 56 18
35 58 79
41 167 62
23 15 99
104 18 30
172 103 99
133 115 0
206 94 85
19 161 10
64 5 73
64 200 8
32 44 40
132 94 22
149 36 12
55 141 96
142 149 51
67 125 57
34 28 75
129 128 61
65 105 13
33 175 46
12 68 92
209 139 83
183 159 10
116 44 96
36 62 79
87 163 21
165 175 6
152 119 88
145 79 38
185 186 77
56 65 65
47 146 55
42 73 53
182 126 16
115 162 68
40 149 2
66 91 56
8 41 43
205 15 57
90 182 70
27 44 69
124 115 11
60 191 48
1 83 96
172 73 2
84 74 4
20 51 17
196 209 7
70 87 61
35 154 70
88 79 38
8 84 19
180 160 56
111 81 1
184 201 62
46 86 38
83 41 93
69 170 49
56 6 21
109 28 38
181 70 79
209 34 14
173 105 99
5 105 53
117 35 63
90 158 37
79 53 22
162 51 48
123 129 49
59 161 72
85 70 63
9 180 95
6 135 9
160 136 64
52 161 92
81 13 20
129 191 49
96 3 67
106 23 87
76 200 97
123 35 50
104 43 20
190 182 61
118 88 80
125 35 73
208 162 69
137 169 97
156 42 0
35 5 23
145 175 2
87 24 19
189 21 71
176 141 70
44 115 25
36 204 25
133 117 92
165 134 52
182 14 12
11 46 86
7 1 67
17 81 16
108 22 19
149 85 64
54 8 16
132 36 7
34 202 4
158 63 89
129 206 100
185 118 55
112 56 99
133 130 50
82 17 11
68 42 53
49 77 74
201 187 95
71 72 79
176 4 0
153 66 84
206 129 72
109 196 52
168 173 62
117 163 36
33 158 17
158 139 97
174 48 30
182 158 61
28 194 60
81 51 16
42 74 90
189 106 0
50 154 12
128 21 100
189 40 31
39 74 78
19 173 34
73 194 33
45 10 17
155 190 92
138 122 1
63 36 70
106 188 92
146 117 19
64 42 7
93 130 65
164 6 30
22 67 79
110 16 83
207 134 90
119 31 67
111 157 42
185 49 44
43 11 81
86 56 55
5 45 31
20 128 79
107 124 7
25 158 85
94 84 16
202 162 88
96 106 28
27 81 69
184 47 60
24 182 55
159 126 3
134 84 91
178 115 86
171 23 38
24 10 6
69 156 83
185 114 59
131 89 1
73 112 66
94 153 81
78 124 39
114 195 4
191 74 33
204 89 36
62 42 77
194 136 26
68 170 33
145 59 2
201 94 44
45 173 51
49 156 81
72 117 28
186 18 43
140 30 50
123 79 21
192 26 58
197 162 44
203 36 47
183 114 64
84 117 40
71 35 19
182 173 11
77 205 72
188 89 58
52 20 62
74 19 24
89 172 95
96 46 69
85 26 3
55 34 49
201 25 24
153 42 42
41 124 49
139 86 42
26 131 7
73 87 71
180 181 83
95 129 95
42 155 26
160 86 96
205 125 21
105 209 6
188 127 75
17 60 80
34 99 33
159 99 29
167 46 41
86 153 21
25 83 1
131 59 46
95 65 18
84 146 61
17 9 53
0 75 13
49 110 55
206 8 32
86 208 23
198 196 38
123 120 6
29 105 72
67 146 16
191 85 45
5 207 33
188 40 5
131 115 23
195 117 19
116 160 50
53 89 47
57 101 25
197 209 32
196 43 91
162 22 62
145 30 87
18 72 91
143 135 17
64 141 12
148 70 18
47 140 42
208 77 11
106 85 89
120 92 97
20 55 4
99 29 17
23 116 59
195 141 67
69 134 60
161 84 20
182 141 98
89 178 16
9 117 1
4 177 73
42 130 28
127 111 86
110 21 68
11 167 67
7 173 72
187 103 84
103 39 88
90 118 48
80 96 46
124 13 28
146 88 80
207 130 42
4 92 97
200 192 88
166 133 81
115 12 63
117 7 81
163 183 28
57 98 31
71 68 45
85 121 15
43 180 27
31 178 64
110 175 50
80 57 48
153 46 83
145 73 6
81 124 85
49 184 14
80 179 69
123 1 91
117 96 6
56 1 89
34 48 45
143 182 84
111 12 85
108 208 16
60 18 9
37 149 53
41 196 79
192 44 89
128 29 87
186 32 51
197 113 12
73 4 4
137 21 11
63 77 22
181 94 76
170 80 7
62 22 72
73 209 97
70 112 42
38 144 82
61 60 29
11 194 56
128 70 6
7 170 46
174 20 26
117 139 53
136 52 2
138 49 94
137 48 13
50 34 61
119 107 38
88 177 13
22 114 55
206 196 8
153 86 49
18 75 35
187 135 100
41 115 73
16 13 95
37 163 88
199 127 20
61 177 48
41 153 27
101 23 56
180 196 56
172 120 19
81 120 24
72 175 70
79 120 91
119 84 93
107 16 55
11 178 24
83 49 36
4 53 86
145 148 50
59 27 45
123 203 95
39 77 85
12 176 26
115 196 53
80 207 44
30 55 62
51 1 73
30 100 45
48 180 45
167 8 87
180 15 40
66 111 55
120 42 49
158 51 96
149 132 59
120 167 64
161 56 60
79 207 13
26 127 98
131 180 31
175 63 9
103 66 73
6 119 64
79 1 5
198 64 72
25 101 88
3 112 30
106 47 94
122 132 70
74 79 87
53 128 93
153 121 55
146 33 55
173 47 15
101 130 23
196 65 36
34 189 42
92 101 91
142 7 10
108 172 40
18 146 81
175 32 50
28 206 56
194 65 38
76 48 63
53 198 0
66 12 75
50 72 96
60 34 16
107 137 46
82 76 52
143 84 67
46 25 28
85 115 94
59 75 8
202 101 39
100 4 41
122 79 82
54 32 38
0 190 7
130 109 86
7 49 34
54 175 25
30 159 58
77 60 9
35 59 67
128 133 10
150 88 14
143 141 16
168 66 30
185 176 91
182 192 46
17 28 64
119 114 55
151 120 53
126 13 16
206 40 19
129 42 61
135 33 89
63 111 71
76 172 39
30 21 7
196 109 50
180 146 92
166 196 86
146 128 55
22 9 18
151 194 83
29 10 90
152 0 4
138 191 24
113 203 82
202 149 31
50 49 60
188 205 86
145 86 37
145 186 66
65 103 15
56 7 95
170 66 36
180 30 25
91 144 54
63 116 13
91 62 32
46 113 75
55 48 16
135 17 35
140 156 49
209 181 12
187 108 1
97 141 14
122 32 44
122 57 50
89 62 54
43 202 49
37 25 39
174 203 96
106 59 26
24 92 29
147 36 25
50 68 19
36 144 39
197 88 90
94 88 96
122 3 21
6 163 40
208 182 35
150 132 1
122 36 98
90 84 25
122 128 95
130 178 18
2 139 3
196 52 99
54 119 95
205 7 48
135 5 17
133 14 60
36 87 44
168 127 10
11 91 100
168 64 49
199 37 85
9 90 72
35 36 78
175 131 73
118 47 38
70 151 34
63 106 34
75 95 82
182 107 80
5 68 56
131 159 76
23 12 14
55 189 99
99 25 28
106 179 9
197 200 73
77 38 24
37 49 63
153 63 77
155 49 21
149 131 0
109 86 14
36 208 94
157 167 20
69 152 84
199 148 36
137 73 22
185 138 33
186 172 91
113 45 74
142 25 99
159 65 17
156 21 32
55 56 16
90 150 97
207 184 70
99 209 55
182 125 92
131 134 65
169 59 33
20 131 94
132 194 44
21 18 73
184 138 6
30 134 26
111 151 18
201 125 33
30 205 8
98 137 94
54 16 75
131 76 87
8 37 66
23 39 24
141 74 81
108 85 78
26 119 77
173 125 48
202 77 98
67 144 64
188 113 79
145 89 84
135 92 11
16 198 41
14 165 17
144 148 55
205 113 67
43 34 24
144 149 79
121 53 60
144 94 0
17 170 56
7 33 93
201 73 77
39 25 47
30 40 16
187 159 47
142 11 95
29 59 20
151 208 21
200 15 39
20 107 33
77 97 52
19 104 63
178 22 88
136 187 95
21 24 39
98 81 59
106 67 90
45 87 28
149 129 48
129 208 24
98 204 54
32 130 47
61 168 41
16 48 8
55 130 53
13 147 89
146 173 44
52 184 100
29 96 93
128 55 37
11 3 68
8 189 1
89 20 99
43 200 66
83 169 96
53 184 81
12 170 15
78 18 94
70 145 96
117 179 7
79 187 98
127 38 11
203 119 24
42 139 26
190 6 75
55 158 1
134 28 17
25 115 78
75 129 3
2 206 75
172 164 28
74 20 35
131 167 34
198 132 95
95 60 32
34 49 75
133 48 91
33 83 96
83 205 68
165 85 99
37 68 25
179 143 8
20 116 50
103 68 82
71 84 61
68 130 18
204 5 40
196 138 82
117 24 40
86 42 52
61 53 57
70 28 88
41 110 23
84 104 78
73 109 17
108 176 45
161 47 6
186 159 75
185 55 56
3 38 25
140 0 41
75 179 50
185 162 92
15 11 26
28 3 99
9 98 85
118 123 10
108 69 79
106 177 10
96 48 85
58 12 42
199 95 53
88 191 4
128 153 17
137 157 10
80 91 92
125 142 82
184 136 61
181 2 25
114 159 48
152 183 56
148 143 32
62 197 86
24 71 0
87 46 68
177 6 11
99 186 24
67 132 73
113 94 8
77 207 69
151 24 89
51 71 60
143 1 11
99 3 61
116 49 39
154 109 61
73 169 38
96 26 76
53 187 34
175 152 34
152 10 21
58 185 85
12 199 64
99 93 53
80 3 82
5 183 66
168 50 6
209 197 89
168 24 35
201 15 56
95 114 54
124 204 11
25 84 32
171 148 47
147 5 30
112 122 28
36 138 63
171 65 100
163 39 50
76 37 26
111 178 55
188 164 7
62 154 1
133 66 94
146 205 58
79 28 24
178 56 4
69 145 28
68 51 82
53 27 49
79 111 57
168 15 54
114 155 57
9 120 0
94 121 54
139 42 93
31 4 16
138 109 84
180 70 12
171 53 100
45 107 58
179 12 93
199 64 95
125 164 95
47 160 0
175 166 84
103 71 70
33 159 26
155 196 94
121 63 41
43 147 75
159 79 61
52 9 78
194 1 74
82 170 99
94 171 54
192 12 45
107 6 99
159 172 7
192 152 66
106 151 57
14 107 66
28 150 34
109 106 24
127 184 82
194 209 74
122 19 34
66 18 63
39 28 15
107 189 38
89 200 83
29 12 47
74 157 49
127 129 51
90 185 73
184 86 53
142 137 90
76 189 32
134 103 54
39 125 99
183 2 83
42 21 20
150 125 71
179 209 78
86 10 59
87 7 11
45 158 28
141 127 82
66 124 3
7 34 18
109 130 97
201 105 39
200 59 58
124 95 9
209 6 18
18 17 1
130 57 62
105 87 63
181 106 20
161 5 37
97 41 33
63 44 51
168 138 34
151 178 50
178 43 42
133 196 54
137 26 83
107 201 46
207 57 8
91 95 2
2 42 79
19 71 83
140 84 43
122 190 38
69 47 88
117 28 5
121 165 10
87 162 59
185 120 85
142 196 89
147 67 15
53 88 36
57 165 27
8 57 64
113 69 28
206 93 43
208 0 92
36 155 32
74 156 94
162 159 61
161 39 35
95 92 50
17 201 94
38 174 47
13 118 97
169 149 38
116 64 47
0 62 38
70 24 28
77 8 94
88 28 21
7 164 31
100 143 88
166 135 38
16 29 60
144 151 94
72 196 7
14 177 86
113 152 16
69 81 10
95 109 42
59 148 65
3 156 37
13 44 7
114 158 0
89 11 88
77 49 78
128 160 56
50 48 91
81 197 64
61 202 85
64 29 62
13 109 50
203 56 68
7 92 47
83 23 38
35 123 99
202 12 73
77 119 90
5 90 85
18 125 64
25 186 21
172 89 76
26 92 91
192 27 38
62 137 59
13 111 43
3 23 99
113 166 48
77 162 58
16 101 21
188 121 85
162 75 89
36 111 30
39 177 6
149 107 51
62 76 75
25 19 11
13 154 35
98 5 24
70 59 40
10 73 87
87 106 56
117 82 93
173 103 71
4 45 20
19 27 60
47 87 63
139 124 38
186 169 46
14 202 80
29 42 11
92 58 84
67 180 97
92 97 25
201 99 25
49 183 7
130 67 20
209 38 70
19 44 99
36 58 93
21 85 89
99 144 48
147 22 86
124 36 89
167 66 32
129 5 22
65 173 2
101 37 29
87 150 26
5 48 9
86 114 97
201 11 100
187 73 47
163 95 27
170 147 12
168 0 56
98 202 71
51 161 56
20 91 7
108 90 43
208 41 6
66 74 57
67 204 100
8 123 32
99 121 7
78 139 87
186 79 15
164 76 90
117 113 7
20 98 9
99 173 94
157 154 20
26 196 24
0 59 4
137 122 54
34 110 23
91 78 69
133 67 20
12 46 15
17 37 21
169 57 0
73 205 5
45 88 89
59 152 70
208 188 95
4 106 6
29 78 86
23 171 10
138 120 56
164 28 25
187 94 9
120 107 82
61 78 65
37 18 20
129 30 82
165 89 31
146 206 11
42 32 52
25 169 54
84 96 23
207 183 52
35 117 46
31 10 30
8 91 99
106 170 13
141 8 44
107 134 33
114 134 79
156 198 12
1 157 3
60 53 97
190 108 24
113 162 52
52 45 14
99 58 90
137 85 80
168 27 92
127 186 71
123 114 88
122 115 79
125 195 10
178 31 70
208 24 72
90 95 73
165 145 99
120 2 34
186 82 43
200 160 73
119 177 98
34 43 1
73 12 43
14 160 79
4 155 13
88 178 47
165 58 4
97 30 22
173 128 46
113 138 78
27 50 15
112 157 22
28 54 4
172 78 58
151 124 87
68 12 11
121 93 40
187 33 3
201 118 50
192 162 6
34 86 68
191 25 67
21 81 7
183 132 58
74 72 0
123 52 63
165 110 87
82 152 37
37 65 90
27 199 30
73 177 66
174 113 72
191 161 37
194 142 50
55 108 19
80 95 5
190 113 66
151 21 34
3 124 9
83 13 35
149 202 48
121 64 26
51 47 33
20 207 43
58 47 4
80 84 9
2 28 4
154 63 99
93 101 75
94 49 93
209 107 95
7 80 58
173 197 61
2 62 47
174 187 45
139 37 92
90 1 45
8 74 100
61 111 60
189 124 80
207 115 49
174 95 29
138 101 73
0 107 32
67 171 50
91 120 95
205 88 99
129 67 84
135 195 16
10 86 24
43 86 37
59 136 24
83 145 83
165 34 9
117 101 12
107 61 98
66 198 65
172 150 92
139 53 68
88 203 94
177 0 12
34 207 94
195 22 53
45 5 43
181 145 33
164 187 2
138 128 32
6 87 34
53 156 12
52 90 79
53 64 80
23 59 95
5 73 63
1 50 37
22 14 84
10 94 3
89 156 75
132 110 82
86 121 97
112 147 86
171 182 67
27 138 48
124 203 80
175 160 6
135 25 78
207 174 42
209 130 2
107 132 19
144 197 76
190 141 6
38 189 14
15 31 90
202 205 16
51 109 36
51 60 21
13 79 22
17 48 45
170 97 65
80 165 88
144 101 33
142 133 29
122 53 73
108 173 11
10 41 72
101 128 46
1 209 24
93 132 84
47 38 51
79 6 54
183 177 87
127 146 71
203 179 0
113 81 99
171 50 2
171 94 3
201 22 62
158 56 33
61 132 86
103 79 51
63 145 47
125 204 87
118 128 46
56 3 76
53 206 45
119 121 20
30 78 25
76 120 15
92 66 77
11 77 45
4 171 11
170 209 32
126 12 21
138 195 29
187 3 80
7 165 81
73 2 58
0 207 24
176 36 93
87 132 40
154 115 47
169 162 54
11 101 73
143 32 84
47 1 35
4 46 93
110 9 56
93 6 88
142 154 85
156 130 83
141 24 30
10 57 84
179 109 85
142 33 61
39 162 45
21 190 70
138 172 53
100 106 10
180 166 0
134 64 94
141 17 90
153 92 92
204 178 27
21 8 25
122 149 83
200 170 21
132 125 56
183 90 82
155 57 64
118 154 14
74 107 49
184 168 16
201 139 34
176 96 0
155 168 13
22 164 25
60 81 4
94 109 47
73 106 97
208 25 21
11 207 79
37 15 75
47 133 77
3 128 28
14 184 68
138 123 64
54 90 32
0 85 15
12 10 17
122 66 84
28 142 68
63 104 91
45 120 79
206 149 82
16 71 41
3 132 15
161 24 6
201 109 33
93 183 42
184 196 76
205 76 36
100 48 1
175 140 90
111 130 10
9 67 8
191 48 61
24 166 82
115 146 57
88 51 99
116 23 52
115 136 68
60 87 75
136 104 2
182 143 82
47 169 17
94 188 27
131 93 5
208 133 97
97 13 23
36 128 63
134 100 32
0 3 88
34 185 32
47 65 45
1 41 24
44 61 70
108 114 48
172 79 52
75 17 2
7 140 68
105 52 91
100 147 67
14 125 1
177 155 29
33 151 24
16 45 44
150 12 82
181 40 57
6 174 56
205 158 89
75 78 98
134 46 78
145 8 84
197 69 71
73 97 46
194 68 62
120 12 53
46 77 33
199 93 86
148 27 42
67 113 67
0 94 72
137 37 68
74 160 61
131 14 37
185 195 85
30 8 88
93 128 70
156 121 48
88 136 98
200 31 12
108 20 73
123 87 51
195 51 20
184 10 100
10 170 80
78 91 67
10 199 37
21 150 52
179 162 96
77 110 15
77 3 86
62 80 38
101 174 87
30 18 73
57 94 77
23 167 89
180 62 19
119 55 83
48 117 73
28 8 72
147 140 82
63 132 54
7 75 92
17 194 32
146 176 78
86 94 25
190 15 66
40 6 5
186 36 20
63 201 2
59 187 35
51 33 83
163 164 20
192 101 47
120 115 44
147 174 94
133 137 21
167 146 21
151 88 48
183 19 24
181 201 63
164 52 39
89 144 61
209 97 15
120 118 25
107 166 97
78 66 92
182 20 82
101 113 28
177 151 85
156 91 68
159 4 88
81 36 78
202 164 29
0 117 37
177 23 100
75 104 11
178 74 49
88 115 76
177 67 70
57 125 61
201 154 97
89 154 98
8 145 14
10 96 58
169 56 47
48 178 96
51 185 60
205 37 6
122 203 95
180 115 97
82 192 71
147 2 42
43 198 97
146 150 69
3 58 48
48 174 0
182 74 0
76 196 46
27 52 39
26 151 78
33 157 98
167 116 55
116 166 1
177 40 6
175 15 59
140 178 37
50 207 68
113 158 56
35 125 76
33 105 7
172 200 94
11 14 9
74 187 82
120 54 18
99 207 11
45 21 65
188 118 90
89 174 22
88 64 86
111 204 97
99 5 19
29 3 19
25 68 88
66 53 35
171 98 74
204 62 25
16 83 44
153 197 55
159 166 62
114 204 8
37 27 22
161 104 18
103 50 4
202 61 16
186 130 66
96 174 28
32 58 40
45 56 0
170 179 18
1 132 21
161 92 45
185 60 29
202 182 76
206 122 18
138 132 72
130 48 0
152 30 74
12 75 5
93 154 25
26 165 68
18 133 81
166 202 27
134 167 92
108 52 45
86 109 95
26 209 9
172 3 56
105 26 72
164 117 68
110 47 28
157 116 0
125 80 63
33 2 47
68 73 21
50 39 43
65 85 34
64 38 68
45 106 73
67 29 18
179 187 25
197 112 77
92 42 19
4 157 57
63 86 98
21 41 18
186 149 62
48 134 1
41 97 73
20 202 77
74 165 45
28 99 16
75 14 9
52 70 44
160 182 1
85 89 76
36 170 27
77 191 86
122 71 86
190 177 93
6 200 93
187 110 46
91 37 65
95 20 45
108 12 13
56 175 57
63 144 8
167 175 20
65 186 10
71 100 85
98 135 63
186 162 30
69 144 15
116 32 10
90 175 24
96 72 29
189 103 8
151 66 51
184 50 58
66 146 41
196 103 30
43 124 79
163 165 39
119 104 64
8 4 36
181 205 33
5 118 30
40 1 73
8 47 30
14 106 12
190 144 79
119 19 12
175 151 76
196 68 77
121 148 86
207 2 4
101 82 88
189 207 66
169 138 79
40 110 82
166 37 99
4 38 81
130 164 41
136 148 100
83 199 55
10 150 78
169 205 35
184 66 63
87 174 24
177 37 97
44 104 1
145 139 64
133 191 67
5 111 61
67 32 84
185 112 27
2 16 40
39 143 99
53 144 88
97 25 85
72 50 23
169 151 38
49 176 24
52 93 42
109 47 50
72 160 11
141 124 55
173 188 2
73 110 2
64 8 82
82 199 88
149 158 100
124 31 29
47 204 37
52 134 25
160 62 75
22 24 41
57 183 74
166 178 76
182 95 35
118 172 3
65 196 8
52 122 95
175 201 62
98 167 56
5 70 61
125 138 85
147 159 53
124 55 82
137 3 24
42 180 85
105 107 98
106 91 39
87 178 6
3 158 54
89 45 58
80 86 72
156 167 67
135 78 20
156 107 88
83 24 3
56 0 15
166 32 20
82 20 33
174 125 85
142 30 17
8 45 88
5 103 79
203 162 4
81 77 20
200 62 95
120 151 84
160 1 80
149 180 46
48 154 65
24 103 43
187 204 39
206 56 12
84 192 70
97 155 98
47 128 35
196 24 31
184 3 43
106 150 62
167 24 22
6 165 81
166 24 57
66 115 40
94 120 84
87 116 3
110 85 77
152 166 85
203 17 15
136 176 34
6 173 85
25 71 38
49 130 58
100 91 76
75 144 59
154 48 62
191 157 81
121 26 21
63 153 48
157 198 87
185 209 51
125 101 9
205 157 11
188 179 36
8 114 88
16 32 75
30 120 31
186 64 60
150 2 86
16 191 8
33 194 69
38 157 61
16 90 98
7 19 87
185 181 51
142 83 18
58 75 75
64 35 34
182 134 93
94 132 21
40 172 12
31 205 0
186 179 51
182 154 10
34 71 30
145 27 22
61 207 85
73 208 37
31 98 40
36 113 36
172 54 18
140 58 100
6 21 21
176 31 95
9 207 56
121 71 21
97 198 90
142 156 73
33 140 52
190 149 96
69 130 83
149 67 37
137 66 78
176 49 83
17 203 58
72 161 97
61 139 49
128 47 50
209 182 46
184 48 40
189 187 24
23 45 58
52 32 37
121 202 30
189 126 52
186 154 5
163 48 64
69 206 6
110 7 77
63 135 20
93 166 66
19 198 72
68 38 56
160 140 57
162 63 11
60 101 17
69 54 54
191 204 53
203 200 97
89 134 84
156 16 76
80 195 51
102 180 79
102 152 90
102 57 81
102 204 22
102 175 21
102 74 6
102 187 37
102 24 34
102 103 12
102 14 62
102 186 95
102 110 28
102 162 48
102 183 75
102 1 97
102 203 66
102 58 93
102 159 90
102 195 46
102 90 55
102 165 46
102 119 10
102 176 84
102 18 2
102 84 22
102 92 87
102 125 48
102 9 6
102 172 31
102 140 73
102 168 79
102 6 47
102 45 19
102 16 24
102 13 25
21 193 62
22 193 79
31 193 94
41 193 82
47 193 51
48 193 95
56 193 20
58 193 50
59 193 69
62 193 82
65 193 54
71 193 52
72 193 42
74 193 37
76 193 48
77 193 88
80 193 28
92 193 72
94 193 62
96 193 37
98 193 69
111 193 84
113 193 43
139 193 76
151 193 27
159 193 70
166 193 76
171 193 92
172 193 19
180 193 21
181 193 54
185 193 47
187 193 83
199 193 44
201 193 90
207 193 69
