28
117
105 94 22
48 18 62
35 24 12
53 70 42
43 70 47
70 102 50
127 21 16
114 87 39
90 47 43
77 120 92
89 11 81
50 89 86
49 70 90
17 26 92
114 24 26
102 16 15
116 92 71
102 113 34
105 90 58
20 45 54
37 85 30
98 105 38
24 30 35
18 25 41
64 15 26
59 96 40
118 68 10
108 0 18
64 98 71
70 45 95
25 100 53
97 60 36
33 29 45
75 88 57
116 10 40
73 109 74
48 74 10
83 45 3
42 80 21
68 78 39
72 93 26
128 20 20
14 16 17
82 39 16
33 23 63
51 42 32
105 78 100
38 73 57
114 38 38
5 115 18
98 82 46
97 42 0
24 71 17
41 118 30
75 17 53
80 17 72
89 66 69
115 103 41
82 10 91
8 72 85
103 115 35
82 62 96
8 128 100
0 52 44
3 104 100
109 74 71
76 92 43
95 77 86
56 20 67
3 48 79
121 107 59
126 15 92
46 6 20
26 113 86
69 32 63
108 12 77
46 14 27
93 47 68
36 106 92
80 100 1
62 76 54
111 102 69
12 22 7
13 92 81
75 20 31
99 27 85
24 65 64
127 47 74
100 88 28
126 6 57
62 50 95
7 53 42
120 85 86
111 51 82
32 14 68
99 13 94
101 32 7
64 38 94
75 68 88
40 27 18
100 57 14
91 59 40
38 22 45
56 93 71
74 84 94
55 76 100
93 6 44
92 20 67
86 15 54
66 113 20
49 29 51
113 11 76
4 34 52
128 112 59
6 68 69
14 113 83
104 75 41
53 69 73
26 124 78
125 114 92
120 27 68
63 39 57
115 33 84
3 53 0
41 83 35
74 106 43
101 81 83
51 90 97
52 68 1
100 115 3
119 86 42
9 27 84
66 126 69
51 26 16
41 100 9
24 44 50
34 103 39
55 6 40
72 46 24
76 108 95
119 54 79
26 37 85
21 0 88
95 122 43
56 7 34
36 113 82
43 86 36
76 59 83
42 110 31
73 18 61
10 2 63
6 109 62
9 36 70
34 15 62
4 109 55
29 110 29
82 0 86
44 27 78
62 84 13
35 51 26
4 42 61
11 7 91
103 111 52
71 67 59
95 99 47
37 98 73
122 103 14
60 6 34
32 30 89
57 55 0
48 107 51
103 31 34
109 31 16
71 37 47
63 48 40
128 14 52
116 18 7
70 49 80
6 51 15
108 15 78
115 94 66
23 98 84
97 5 90
109 23 53
10 93 72
12 122 7
39 59 73
112 76 72
30 22 87
56 34 10
24 21 35
73 22 29
67 50 71
74 19 23
61 102 66
87 56 34
40 81 5
98 74 36
114 104 78
80 67 49
122 38 76
50 5 0
26 89 44
99 84 79
105 15 8
92 77 5
5 120 11
0 26 42
51 92 63
69 6 74
26 14 4
73 23 30
7 64 26
0 109 12
109 14 38
80 47 14
3 33 59
0 92 3
55 0 59
112 41 41
55 22 89
13 105 84
38 85 54
14 96 71
42 118 52
120 48 44
63 68 73
26 12 39
77 109 98
96 14 7
71 110 9
108 97 13
97 82 35
40 20 18
123 2 9
24 82 21
3 113 7
103 53 18
91 45 81
108 74 78
23 80 100
97 116 77
92 120 3
96 70 4
25 71 41
125 111 14
74 60 30
18 116 71
111 44 10
44 2 100
25 46 9
114 110 51
85 33 98
111 47 89
39 82 99
36 52 80
19 73 41
23 120 74
40 9 15
79 109 69
0 126 35
111 74 25
113 57 57
42 129 73
86 42 93
114 97 26
21 124 46
120 93 42
38 45 22
116 110 30
103 82 24
43 39 56
95 102 38
82 120 68
118 91 13
121 109 42
13 96 4
119 108 68
5 94 72
59 76 95
124 102 56
94 70 0
40 74 86
51 12 70
50 3 88
6 113 92
9 80 60
54 94 69
115 32 37
37 48 59
46 36 6
48 45 62
116 103 65
61 19 35
121 114 90
116 127 42
23 125 69
87 81 19
32 33 52
85 71 51
125 49 28
104 29 90
10 92 63
63 0 51
108 118 11
2 33 41
8 3 39
99 53 44
23 59 88
29 54 51
129 118 19
10 48 67
81 46 99
74 76 82
98 61 83
129 76 46
54 10 73
66 82 67
41 54 59
100 79 19
40 64 75
93 115 96
83 23 37
21 13 15
74 50 29
37 26 8
105 60 95
45 57 61
34 121 34
21 71 6
8 63 97
123 89 51
6 82 94
107 108 90
111 125 45
87 45 6
85 78 59
24 70 63
57 123 7
120 83 94
88 108 3
7 59 54
48 90 35
31 115 30
41 90 80
39 51 47
25 83 22
97 58 27
94 98 41
90 104 24
91 32 34
119 7 0
60 33 91
71 7 46
51 59 61
115 65 63
93 26 75
38 84 22
113 95 78
89 78 46
78 62 81
3 88 97
111 29 59
40 125 23
15 43 97
56 81 98
23 114 47
10 4 1
103 29 96
101 89 43
57 116 52
4 69 71
25 6 71
12 62 100
81 29 8
69 60 0
57 77 75
93 0 76
14 78 6
62 26 99
23 49 40
46 121 93
112 126 41
44 16 5
14 100 49
16 70 87
76 14 20
48 126 88
92 21 33
38 71 9
115 128 79
125 45 6
115 11 21
15 29 7
87 80 34
89 5 91
122 17 38
33 114 52
38 67 34
18 14 92
22 112 5
7 87 71
54 1 13
14 39 70
105 69 30
35 97 15
52 121 30
5 51 39
43 2 5
101 82 16
118 55 21
54 115 92
12 118 31
54 122 67
19 78 74
115 35 98
96 45 26
59 16 26
109 42 89
129 42 77
123 83 14
87 59 15
76 38 51
80 68 91
39 40 32
127 2 98
103 68 99
105 39 91
4 77 97
111 105 80
45 9 62
1 65 87
52 118 29
29 32 97
4 118 75
79 110 46
111 68 12
65 110 60
108 125 97
60 112 12
20 76 84
71 111 95
80 23 27
109 89 42
111 35 96
60 129 46
3 22 66
27 96 24
50 62 31
128 84 66
52 16 35
90 67 60
5 48 40
107 95 2
82 25 7
2 113 94
75 34 84
45 48 24
118 111 35
103 33 58
69 98 78
48 75 61
74 78 71
43 129 21
95 65 100
0 96 91
98 108 1
116 118 70
61 103 82
127 70 2
58 80 27
8 115 10
72 85 88
46 59 69
41 47 2
45 109 57
78 70 60
62 118 44
52 73 82
3 10 71
102 37 67
77 105 80
99 119 52
38 120 4
69 49 99
64 80 60
34 5 36
63 78 21
78 104 17
57 72 88
127 37 26
70 81 43
63 29 90
108 79 1
19 4 72
47 51 60
3 61 66
96 106 55
121 68 91
3 2 15
116 32 1
120 7 39
20 8 74
121 41 4
104 114 60
45 70 63
72 128 73
51 57 2
105 100 94
5 74 24
115 101 84
72 125 92
7 5 87
6 17 94
90 95 46
46 111 68
100 16 35
88 94 36
101 46 55
19 120 54
33 79 76
0 8 89
84 91 68
73 56 78
57 90 93
57 7 87
128 56 84
114 129 58
103 125 9
27 35 59
105 31 95
64 84 96
16 91 32
88 41 59
24 43 69
48 54 80
92 123 21
105 53 67
59 29 41
95 3 36
8 51 44
16 17 45
8 16 91
79 2 19
82 38 72
129 82 89
3 36 22
86 53 14
33 39 3
24 20 8
77 112 100
114 16 90
50 37 79
70 111 85
122 125 80
17 35 53
89 82 52
96 60 76
0 111 53
126 61 84
83 63 71
76 9 53
19 32 82
108 84 25
29 119 40
30 91 50
124 99 65
73 70 98
39 126 30
120 63 7
77 51 19
58 15 83
35 75 9
46 83 51
8 11 20
123 37 89
42 68 31
46 98 55
96 77 50
98 125 28
62 57 28
10 15 61
88 39 92
105 54 54
109 33 93
76 63 17
29 65 96
115 13 92
107 100 28
24 84 14
63 97 5
70 47 65
124 54 19
53 7 82
122 34 89
92 89 46
43 26 69
105 87 27
64 76 45
123 96 1
59 64 87
14 85 7
126 21 86
120 18 81
68 23 100
34 66 30
108 49 86
85 94 24
44 68 4
93 7 18
102 39 15
74 101 66
73 19 16
67 20 43
1 76 65
129 29 20
17 85 1
10 109 28
55 96 10
18 88 19
32 127 100
59 15 46
4 79 94
30 122 40
40 54 81
87 125 70
97 98 87
128 96 35
59 55 6
0 88 86
13 5 0
66 52 46
40 128 59
108 107 28
41 22 80
111 103 15
129 55 12
123 44 19
62 101 28
116 47 26
25 81 35
74 20 21
72 15 10
43 118 0
2 12 59
11 99 88
7 102 98
43 31 48
120 39 97
26 120 73
45 35 32
100 81 23
31 14 15
83 90 15
86 34 29
44 80 98
45 98 65
122 59 43
56 80 70
89 39 15
67 42 60
48 36 68
129 16 23
61 43 6
72 16 65
45 65 62
56 32 43
99 0 90
20 56 92
52 76 2
25 106 79
63 73 95
21 24 32
110 59 60
62 17 59
80 90 22
44 90 51
121 44 85
9 51 99
95 81 57
103 79 76
37 20 67
73 94 26
24 3 70
24 45 64
55 100 4
57 19 50
80 128 54
51 113 98
20 123 97
44 88 63
20 26 98
8 81 18
64 32 93
48 111 94
110 95 52
99 68 47
83 104 8
26 127 22
31 7 91
101 107 7
63 49 72
99 91 59
113 35 88
62 34 7
38 13 80
33 41 56
11 97 14
123 42 37
8 70 85
43 61 91
33 111 33
56 18 30
92 105 59
23 112 84
76 44 83
54 9 16
62 39 21
41 18 10
62 29 30
10 30 20
122 48 99
87 55 48
8 55 71
99 58 0
108 85 20
16 93 19
71 69 24
127 19 73
120 81 93
88 4 88
101 128 19
83 119 34
90 128 24
51 10 47
57 56 29
56 27 48
60 96 19
96 47 73
65 126 7
66 27 11
10 52 30
59 12 39
74 35 69
11 89 50
129 17 97
55 121 90
21 50 25
96 90 76
119 48 78
59 23 84
64 59 0
0 103 18
48 46 33
98 113 80
111 80 20
112 47 92
114 6 7
75 2 81
41 12 79
45 14 86
86 96 8
61 45 98
0 58 44
85 95 38
49 79 69
81 111 48
128 116 40
32 42 21
4 5 52
93 33 23
9 94 46
126 122 67
43 69 44
15 13 97
25 86 86
39 34 74
57 29 52
58 3 34
27 66 10
127 66 58
120 15 55
57 10 58
41 115 48
80 85 9
29 103 81
121 95 33
93 70 48
20 106 56
37 123 6
24 111 90
89 108 77
122 102 5
69 112 46
110 120 34
20 0 9
56 123 30
34 104 22
98 22 24
26 102 37
31 21 90
119 111 27
16 100 19
78 69 31
32 122 25
88 61 71
119 112 79
70 97 73
5 83 80
29 42 64
5 71 17
127 40 34
1 122 0
112 14 55
20 35 17
33 84 28
68 31 50
92 42 87
1 90 79
93 21 20
30 99 64
82 80 44
128 3 58
120 61 38
88 56 74
31 108 4
80 106 67
61 40 40
13 119 55
21 51 95
55 98 79
18 44 13
100 42 36
37 82 65
94 113 74
94 34 45
46 104 60
83 10 1
111 4 78
106 23 99
1 38 54
121 98 0
15 27 47
13 98 32
8 45 19
79 53 18
103 99 60
115 102 4
0 63 33
27 8 23
42 19 57
87 101 8
70 43 97
89 129 99
12 59 14
27 47 66
109 4 41
77 27 20
65 9 77
38 106 54
20 53 96
113 78 72
36 22 82
113 126 46
115 73 62
39 75 76
110 15 21
76 19 41
129 99 88
44 25 35
4 39 9
17 104 65
84 75 89
110 40 50
46 120 15
42 70 31
25 79 50
118 41 11
31 99 1
37 58 0
48 19 24
124 21 81
40 5 88
107 24 68
110 69 82
51 69 53
19 95 67
13 112 14
87 93 82
107 13 19
109 24 85
8 126 41
73 8 9
43 5 17
113 80 58
43 45 62
27 113 76
32 101 95
42 99 86
72 66 25
114 82 37
65 66 57
38 126 80
110 80 98
45 21 35
7 62 35
72 84 83
72 49 49
29 128 95
58 13 28
77 52 7
103 60 12
10 51 91
52 107 97
85 109 39
82 71 8
116 30 79
93 106 62
41 53 99
102 43 32
9 58 46
100 71 25
3 86 13
106 4 62
91 63 4
30 85 27
120 99 92
67 52 25
23 53 96
54 42 18
42 90 44
88 116 19
116 66 85
40 109 80
57 9 0
96 89 27
10 94 91
95 50 58
87 18 15
115 109 85
39 98 13
91 87 87
113 108 46
125 122 57
113 75 45
38 92 86
107 81 16
119 92 57
84 6 44
26 125 91
19 14 53
77 35 76
83 91 46
129 91 34
23 2 58
127 29 28
59 104 52
30 106 61
86 101 59
95 5 18
19 3 75
0 57 10
124 16 38
63 40 25
67 51 67
125 79 39
110 112 63
63 77 53
46 3 12
8 118 74
19 22 1
13 47 15
19 101 60
37 100 18
17 129 69
1 53 94
91 29 86
57 128 3
96 36 88
66 102 1
112 9 17
77 47 41
102 122 55
1 2 80
77 95 74
38 62 49
68 66 2
10 44 95
14 76 69
70 82 40
4 122 87
82 95 23
75 59 94
58 115 86
19 62 25
128 9 13
70 75 28
128 2 11
91 66 60
17 30 34
94 92 86
47 109 66
20 90 69
73 92 63
55 41 95
83 59 54
27 83 81
94 101 100
75 77 100
113 8 49
93 84 23
104 60 36
47 58 37
37 120 59
43 50 23
17 24 51
22 2 62
44 118 28
54 32 54
15 31 7
108 38 76
88 48 25
81 62 98
80 14 78
38 76 75
120 128 80
34 68 9
33 18 26
81 104 89
44 108 13
112 5 3
8 1 85
90 87 68
33 44 13
121 38 90
12 90 62
10 75 80
88 82 59
32 83 9
14 31 16
52 96 29
16 62 17
56 100 86
95 36 44
45 74 74
58 11 50
129 40 86
13 110 27
103 23 92
53 75 20
43 3 98
63 118 0
43 116 92
114 92 91
8 74 72
98 114 38
105 83 78
25 85 12
54 73 74
106 10 96
30 71 95
64 125 11
63 7 6
44 49 22
50 128 42
3 13 45
43 64 91
93 78 91
86 68 33
103 48 86
47 97 3
96 21 83
105 102 89
73 75 0
17 115 79
124 20 51
73 93 47
111 92 38
57 48 36
16 53 49
23 90 47
44 14 91
83 22 53
39 46 56
45 67 99
15 59 69
5 35 68
17 69 66
88 126 65
44 86 82
56 101 18
127 96 36
25 59 73
23 7 53
106 2 12
65 67 12
10 96 96
114 61 76
106 20 44
94 93 69
31 60 99
73 46 4
57 66 61
83 19 23
116 85 100
100 33 100
129 15 5
32 78 23
126 71 80
34 78 76
107 109 45
123 59 25
68 57 77
29 114 56
47 25 18
84 56 64
17 8 91
100 5 19
0 60 61
22 23 8
118 75 20
38 24 86
115 26 95
60 98 99
9 74 27
4 57 82
119 57 13
7 77 91
112 127 68
110 114 65
46 80 70
26 110 66
24 104 78
102 55 22
91 6 1
120 17 30
98 100 1
15 106 4
30 56 57
65 97 85
107 31 81
58 45 44
16 34 58
73 74 49
93 60 51
54 80 81
50 21 95
99 46 19
95 80 85
80 77 3
113 91 16
97 53 0
78 56 94
105 103 19
62 54 99
5 89 42
26 95 50
91 119 77
111 75 82
92 86 60
102 81 21
48 58 17
7 67 49
0 37 75
64 100 41
125 89 3
5 88 97
70 76 62
79 123 2
46 127 25
3 67 64
77 18 17
38 43 10
16 120 62
74 9 75
27 110 20
24 25 62
79 82 20
62 53 33
0 13 68
48 21 96
72 116 42
77 8 15
1 78 14
45 125 37
119 79 20
57 103 74
120 21 61
16 5 69
46 10 82
112 3 100
16 44 67
116 88 94
57 67 97
33 24 1
65 88 98
115 110 8
98 111 12
99 43 4
66 71 83
109 98 10
119 72 95
99 85 29
18 69 99
37 81 16
51 116 70
14 111 16
8 99 78
32 91 59
21 54 52
111 19 56
105 66 98
1 77 74
78 89 76
112 66 25
111 3 94
5 4 88
112 99 89
51 129 28
5 70 22
4 3 90
15 78 71
14 24 30
92 56 10
39 10 2
109 77 14
40 51 75
2 109 53
8 100 9
112 102 55
81 42 4
113 59 1
110 53 29
81 44 74
0 70 28
6 11 27
29 72 49
80 83 97
50 72 72
109 104 70
107 75 84
48 100 87
66 118 25
90 85 61
74 125 93
122 85 65
16 56 88
120 50 84
55 30 28
41 37 97
105 129 23
75 121 98
44 124 1
89 18 24
58 102 57
82 84 41
114 31 49
12 89 15
88 68 68
87 52 89
78 26 49
54 49 2
124 73 63
35 31 5
104 14 63
13 31 1
78 27 13
36 41 88
15 60 14
71 94 87
11 128 75
88 101 14
10 42 6
6 108 78
17 65 35
14 110 23
125 13 22
13 4 58
41 6 23
59 100 27
13 126 93
16 60 98
112 43 83
129 110 94
94 114 42
112 81 70
19 25 34
45 2 37
59 103 33
58 2 53
2 101 12
41 51 82
124 70 52
64 124 95
91 83 84
10 7 37
50 65 68
11 59 19
122 87 97
17 70 47
40 63 84
43 57 11
114 4 66
58 57 99
3 34 19
58 29 94
74 95 81
98 42 22
126 110 65
110 81 62
100 41 96
78 51 68
0 86 83
35 0 37
2 110 70
32 26 8
97 13 32
129 5 60
90 24 23
75 108 100
123 17 60
7 121 46
79 58 57
77 38 43
53 89 78
65 6 80
86 69 59
42 127 53
8 102 62
54 50 35
10 103 6
68 122 35
7 123 62
74 14 1
2 37 27
47 14 17
123 58 30
94 62 19
79 81 31
61 20 40
67 74 19
1 82 48
49 121 100
40 53 39
27 40 78
74 123 44
90 94 37
80 50 43
73 32 51
59 14 20
72 76 30
3 45 44
122 121 93
54 37 80
7 82 61
72 79 85
16 114 78
44 4 82
24 128 20
37 70 93
55 25 63
104 45 62
77 119 25
127 1 68
39 33 39
83 75 25
127 64 4
112 95 56
91 18 56
5 64 73
100 109 26
23 70 44
90 72 89
49 0 40
88 62 67
79 18 8
114 102 48
71 100 97
80 109 46
105 97 27
97 7 65
94 85 44
30 95 59
122 84 99
73 58 97
109 6 24
60 120 59
16 69 52
88 90 41
121 105 44
74 29 65
32 37 85
46 43 52
87 36 35
64 55 4
99 116 36
31 3 49
94 38 85
51 18 72
66 55 41
23 3 92
3 83 48
100 74 77
50 55 48
127 24 97
59 68 91
104 74 15
108 31 29
11 38 45
102 26 24
7 34 39
69 128 90
2 67 9
12 39 48
20 81 79
87 39 37
20 99 97
46 42 52
11 77 83
55 17 72
42 41 65
24 9 33
38 11 18
21 1 16
35 20 41
69 55 16
0 27 72
8 123 37
73 42 3
19 127 96
101 87 24
128 17 30
42 18 17
13 25 83
98 78 20
96 25 94
45 114 91
38 83 61
96 68 52
119 44 0
47 73 31
20 52 53
37 106 24
39 108 71
126 16 80
88 75 19
126 106 69
36 109 70
39 88 28
13 118 95
89 115 62
41 38 25
88 52 92
8 121 2
112 120 43
124 108 98
61 50 70
26 112 69
88 105 83
98 24 55
127 124 15
52 79 53
41 65 65
124 98 63
80 76 16
8 17 70
90 1 1
68 11 0
38 94 66
105 76 5
91 74 28
7 61 34
78 112 32
84 4 43
26 57 83
37 102 58
109 52 84
106 54 92
12 125 84
53 13 43
89 35 65
27 82 44
129 11 39
41 35 34
72 123 78
15 38 76
77 19 74
104 97 50
95 52 99
94 11 29
60 2 19
58 17 93
35 72 1
56 107 56
93 1 27
66 80 100
67 55 1
54 17 7
29 88 59
45 69 7
96 110 9
73 68 53
116 14 61
4 115 27
115 29 80
109 108 3
33 40 73
44 20 84
94 88 13
36 84 84
127 17 57
121 91 48
97 44 40
42 15 48
126 48 50
36 104 58
7 88 69
121 124 69
128 54 5
78 44 83
27 126 94
83 77 1
77 89 28
124 96 35
38 50 28
41 81 100
94 73 72
100 52 33
26 100 61
77 114 14
60 21 12
63 87 96
58 34 91
50 60 61
110 63 94
70 109 59
40 59 27
21 52 95
81 129 91
67 21 3
39 76 68
32 5 20
70 89 66
99 61 35
3 127 95
118 19 28
109 55 61
2 18 15
57 15 6
75 43 72
124 45 22
3 103 15
56 103 24
55 128 66
46 9 36
129 60 4
39 87 55
90 105 9
125 96 39
50 63 95
128 23 30
93 4 18
122 53 97
57 108 92
91 55 92
106 11 71
126 51 31
49 46 38
96 74 53
54 99 27
72 34 65
17 80 18
76 85 78
24 61 53
49 37 51
118 7 20
126 65 25
29 71 25
27 118 27
73 38 35
84 48 86
34 82 43
87 63 33
98 118 10
124 12 88
5 45 4
89 104 51
128 34 93
34 54 54
101 65 78
47 118 85
19 123 72
35 41 12
55 60 53
128 38 96
62 122 78
56 40 85
9 16 29
66 34 43
123 74 25
34 125 18
86 63 20
63 10 75
36 90 55
13 1 45
112 107 43
43 121 59
106 99 41
15 41 33
100 26 66
62 111 7
21 103 90
4 21 8
93 98 79
40 13 94
45 33 12
115 99 38
44 111 10
17 49 42
51 94 16
34 100 67
99 88 93
31 129 94
105 108 14
98 10 40
106 45 65
12 2 73
64 56 34
124 83 52
31 125 8
14 82 77
44 114 29
127 4 49
104 118 34
72 71 81
123 82 90
61 107 76
128 105 15
97 72 91
61 54 92
62 36 12
65 118 86
63 111 71
106 70 88
42 36 2
66 17 34
104 111 6
120 33 46
129 23 33
84 73 84
27 85 45
44 48 4
49 6 50
14 44 12
0 53 34
110 91 83
50 83 83
50 59 11
61 93 69
67 64 37
21 42 22
4 60 59
83 79 36
36 17 16
50 57 2
99 40 34
128 81 37
114 76 78
46 5 4
51 43 35
113 10 97
105 73 58
64 129 10
21 106 8
25 119 49
102 99 38
109 85 81
122 128 22
128 65 28
27 22 40
46 128 35
7 108 33
104 26 57
32 46 26
12 75 80
92 6 65
84 87 80
120 58 25
14 48 100
86 26 100
52 23 53
113 37 98
49 73 2
9 79 18
40 119 23
51 111 100
30 119 10
78 21 29
60 44 13
9 121 84
26 34 30
126 100 82
15 77 52
72 83 15
7 79 16
86 62 56
58 64 33
45 54 23
20 6 81
60 123 96
49 89 67
128 58 73
72 105 82
14 3 58
14 97 42
44 100 2
35 79 3
78 124 23
43 120 62
98 106 33
30 60 42
124 68 37
86 51 33
68 79 70
72 75 23
113 26 17
129 92 95
18 112 35
121 104 13
75 102 96
38 79 93
110 31 75
8 30 79
10 107 16
78 115 44
103 15 34
53 122 58
12 121 52
70 15 9
1 121 84
32 29 48
107 99 16
122 100 33
82 36 51
121 10 28
118 27 58
69 59 22
39 15 55
81 80 45
36 57 46
82 96 77
98 89 31
49 30 14
10 124 80
31 70 45
55 52 69
83 32 71
30 62 79
116 61 32
95 47 41
22 67 41
36 119 5
14 38 36
26 63 12
73 7 96
123 47 21
126 8 91
24 8 74
80 87 73
13 103 19
97 14 34
57 122 34
59 9 57
81 119 67
37 112 64
118 105 50
86 37 56
24 113 97
67 0 65
33 118 78
69 121 93
18 41 61
127 122 94
109 12 50
74 48 19
8 95 83
106 83 66
88 3 13
74 38 42
68 61 38
7 129 3
88 53 8
109 1 80
102 104 13
38 75 81
100 111 79
82 40 55
126 12 8
66 97 38
75 94 94
39 66 62
15 24 77
32 106 84
31 49 3
50 75 88
29 21 74
108 7 100
5 92 82
12 100 87
3 121 7
37 8 51
18 74 86
36 61 43
111 2 39
101 29 43
112 103 36
109 21 100
18 91 7
14 75 18
35 89 97
84 25 15
114 5 73
39 91 18
81 6 1
79 55 78
129 53 87
22 104 98
8 43 73
90 110 53
17 106 47
96 22 70
21 7 56
30 126 85
113 68 11
88 63 31
19 96 50
59 102 71
20 105 18
109 124 66
34 43 21
52 53 70
78 1 32
38 7 42
43 56 3
84 74 1
90 91 1
13 115 77
7 26 50
51 36 66
10 89 77
99 37 95
37 23 96
57 12 61
59 17 19
15 36 100
118 88 57
17 108 47
24 60 92
73 126 80
8 75 30
55 9 4
54 55 35
29 73 58
74 71 87
86 121 45
110 36 85
118 14 81
2 122 66
96 62 12
46 73 47
3 102 88
37 105 14
17 84 52
8 119 25
34 87 54
121 32 60
90 83 73
10 77 69
92 112 17
72 1 78
79 8 77
15 96 57
104 72 56
17 109 98
29 40 49
104 99 86
43 112 87
67 86 0
92 29 63
70 66 1
5 19 26
115 53 84
21 69 91
29 92 79
61 35 89
68 10 78
90 77 28
106 86 97
121 122 98
114 75 8
2 68 9
27 2 14
54 26 55
98 122 34
97 12 37
129 61 0
108 72 86
11 65 92
71 72 82
85 55 72
111 15 61
41 79 41
127 62 72
119 63 63
57 53 6
4 98 8
58 16 32
13 127 66
110 19 83
27 92 57
125 8 5
101 50 27
80 33 80
21 111 2
22 4 8
69 83 11
98 47 63
99 48 24
12 52 85
42 86 14
99 115 9
90 50 1
100 64 13
55 56 18
35 73 65
74 129 63
90 26 78
84 71 71
98 126 85
47 94 27
49 97 14
125 109 42
3 21 1
111 93 67
71 108 48
89 112 94
48 124 2
2 30 51
30 4 63
73 128 72
91 35 13
44 52 36
108 83 82
46 115 28
56 6 48
125 70 10
69 106 50
86 109 66
59 81 19
4 47 72
11 24 48
17 25 30
106 119 78
50 119 66
37 35 44
115 85 52
108 54 99
39 37 21
21 110 62
29 46 5
124 56 96
62 91 19
17 3 90
41 75 27
101 43 53
91 121 70
67 4 57
59 40 55
52 7 55
127 63 33
66 45 38
114 60 39
102 47 34
124 46 84
85 86 51
26 81 39
15 64 87
3 32 12
43 99 66
37 14 19
32 62 35
124 113 83
60 1 71
30 53 92
87 127 43
116 129 34
87 40 91
118 8 96
82 26 76
4 76 6
83 61 0
9 112 51
68 2 43
126 25 23
96 17 35
0 127 9
113 73 39
115 80 14
93 101 8
107 20 60
106 96 65
22 109 17
12 36 86
80 35 16
127 56 33
122 20 51
48 71 87
32 95 37
52 30 42
107 57 6
121 97 48
5 125 47
37 95 88
76 118 0
23 37 1
68 22 48
26 104 56
122 118 60
119 121 41
122 123 89
129 95 8
3 73 48
48 6 12
13 18 44
50 126 78
44 126 58
77 2 82
122 98 49
5 73 63
1 56 23
16 78 24
13 53 78
62 119 65
7 49 52
86 49 36
104 66 63
72 73 85
124 26 40
27 46 10
93 76 12
124 100 98
74 1 71
69 72 34
91 24 96
27 104 62
11 114 97
69 54 2
46 102 21
55 33 88
100 22 29
102 95 39
108 80 49
95 59 58
74 53 68
53 110 41
71 68 70
29 16 57
55 46 9
39 80 84
13 74 6
68 49 12
2 65 97
108 13 76
71 16 1
72 32 92
83 33 67
83 39 91
102 118 58
15 119 53
20 113 27
72 95 51
56 10 34
34 6 80
25 18 53
36 48 23
108 58 63
72 50 72
36 93 78
76 31 94
57 96 18
0 3 40
97 3 20
74 109 17
62 95 36
39 107 15
107 102 88
89 94 37
63 42 60
61 127 60
102 74 37
55 127 23
69 15 8
60 113 100
92 95 100
97 61 0
45 12 77
119 126 5
16 7 24
74 8 71
65 105 72
23 65 99
78 63 5
92 26 90
20 1 58
20 116 82
61 110 63
124 120 57
94 44 18
123 6 53
44 81 46
51 45 63
118 47 45
36 98 44
87 61 31
52 54 50
74 13 21
54 46 68
61 42 90
57 94 60
3 75 47
46 109 94
129 68 23
20 70 53
46 122 3
43 114 16
83 16 54
116 34 97
75 83 32
128 52 31
36 37 27
67 36 80
77 16 15
59 105 4
79 92 57
20 46 32
24 16 46
26 17 92
78 18 46
86 100 47
73 127 80
95 56 50
44 22 67
70 126 34
57 40 74
47 31 44
49 86 39
61 121 83
99 89 65
120 80 24
64 118 31
128 102 36
12 81 85
50 68 65
79 76 7
125 47 81
84 110 27
53 1 30
44 99 53
110 127 98
69 68 70
60 58 51
103 89 95
82 98 97
69 11 2
105 63 84
111 82 75
126 69 39
60 118 11
45 15 4
46 78 69
29 84 23
106 15 36
45 46 36
94 109 70
55 8 0
15 67 10
69 82 17
67 89 43
8 68 13
104 0 57
54 102 60
123 67 93
96 99 29
25 41 32
129 18 75
92 54 35
17 77 83
124 57 64
61 99 16
63 100 2
19 83 88
20 62 59
128 36 38
86 45 38
87 105 10
71 99 20
129 1 32
93 114 51
74 40 91
17 107 19
80 46 86
9 78 78
22 47 75
91 36 11
129 126 9
91 17 34
4 103 38
100 4 52
107 1 13
12 93 15
66 110 39
129 45 75
49 42 4
47 99 15
113 65 27
128 92 85
20 86 44
21 90 59
112 27 99
66 92 24
80 18 94
66 85 59
78 32 48
60 42 22
46 55 96
19 41 15
85 83 42
50 93 48
23 93 31
101 51 87
123 61 95
40 26 76
119 75 85
38 17 59
69 50 57
61 36 51
71 31 100
77 25 49
54 43 44
125 11 76
7 89 8
84 2 87
107 88 56
106 121 89
79 1 86
79 107 57
30 123 78
23 104 74
11 30 88
84 36 76
47 11 31
59 84 8
26 82 58
36 112 18
121 85 76
110 52 12
121 3 19
78 16 63
59 114 49
100 56 100
53 30 11
100 20 19
1 36 82
18 68 34
9 38 90
17 23 13
43 85 4
40 50 95
93 59 78
83 110 71
51 47 93
12 18 82
11 33 27
4 48 77
127 95 47
23 18 99
8 19 51
11 53 49
122 96 77
115 7 37
47 13 96
84 69 14
75 57 14
8 48 15
6 91 21
48 120 59
24 54 83
2 119 72
60 13 90
5 54 78
56 35 46
125 4 38
37 47 70
42 24 2
68 74 52
16 39 17
10 56 60
16 85 1
52 11 81
77 124 94
114 81 58
83 82 86
123 91 9
56 108 22
39 31 37
46 91 97
23 38 1
78 126 92
113 29 33
58 43 3
121 63 71
93 100 66
10 110 99
124 79 36
101 58 45
56 119 100
103 123 17
80 16 85
43 53 50
97 119 83
125 80 0
9 97 10
45 86 74
123 33 22
60 45 39
51 125 2
85 22 93
3 6 92
47 46 26
52 110 78
49 81 58
26 31 94
45 3 44
122 35 89
8 29 21
11 32 54
71 73 92
80 115 27
93 116 41
76 104 36
34 14 66
60 108 69
35 53 34
110 46 50
45 43 77
22 51 36
42 122 69
38 30 1
29 95 35
48 115 32
116 83 23
7 24 83
48 13 11
35 110 58
90 70 85
54 30 91
82 76 19
84 34 57
2 0 78
16 126 40
71 107 80
82 73 8
23 5 92
103 7 35
109 112 58
25 13 73
39 17 70
30 112 25
78 119 92
75 96 4
125 21 47
30 33 13
115 74 3
66 120 63
119 14 61
78 91 68
128 59 96
49 19 85
124 22 56
29 120 5
77 87 34
61 4 85
89 16 43
127 73 13
61 33 30
8 88 4
64 4 12
0 102 50
94 27 13
13 83 53
27 127 89
93 19 71
127 85 72
118 24 0
92 116 48
15 20 35
17 118 65
42 89 29
118 63 20
68 75 38
86 118 24
70 116 19
115 127 0
92 64 9
111 8 29
129 62 61
85 61 66
34 111 30
44 92 20
11 19 9
90 118 1
114 59 51
34 56 71
65 94 64
64 109 57
25 69 46
105 96 66
36 86 4
28 11 20
28 52 16
28 5 54
28 40 8
28 122 83
28 75 81
28 105 97
28 116 38
28 14 67
28 10 12
28 53 10
28 94 87
28 8 48
28 89 82
28 65 69
28 129 3
28 2 59
3 117 98
14 117 29
19 117 91
20 117 37
22 117 27
32 117 57
53 117 10
57 117 10
61 117 21
62 117 98
67 117 70
76 117 43
78 117 99
80 117 70
81 117 40
83 117 91
84 117 37
85 117 46
90 117 34
95 117 74
100 117 51
107 117 48
111 117 4
113 117 24
121 117 79
128 117 88
129 117 31
