64
137
37 29 25
24 115 81
104 16 83
38 198 4
153 185 2
28 144 58
183 29 72
197 208 12
157 98 78
53 167 39
32 133 36
138 14 95
127 40 99
84 6 100
30 42 51
79 122 60
33 55 11
66 0 8
181 175 35
94 130 28
3 30 66
9 85 12
177 89 48
63 187 78
5 108 50
132 89 99
173 48 34
35 69 40
205 83 56
37 110 63
162 38 12
2 161 94
190 27 91
182 119 32
179 172 61
85 119 55
38 73 17
80 108 93
20 116 29
167 61 80
130 125 71
2 171 32
111 3 30
6 21 42
167 208 98
11 85 78
167 34 13
94 74 75
36 114 29
202 178 12
62 14 65
87 34 10
60 89 72
126 51 21
205 76 6
27 88 19
28 191 38
167 135 5
21 156 36
95 185 23
185 167 20
201 85 60
100 199 56
96 83 8
60 136 23
7 123 13
28 177 74
76 77 10
38 25 15
128 45 51
62 73 21
141 136 87
194 8 50
199 147 47
114 205 75
143 47 89
43 6 60
115 200 12
97 205 49
132 76 85
134 31 98
134 128 95
114 169 93
134 132 14
187 42 95
131 69 97
193 73 71
184 11 20
139 190 21
44 98 3
99 149 2
182 32 66
91 5 96
94 156 29
119 116 5
169 141 48
201 105 14
143 183 11
73 88 74
172 182 22
53 168 28
42 94 93
77 146 45
3 89 4
175 24 91
206 79 100
112 23 93
136 41 58
112 102 32
109 59 31
10 59 73
186 196 42
159 61 43
63 59 60
44 127 41
207 199 56
65 116 9
3 164 68
115 159 31
37 97 20
191 13 51
140 138 33
52 35 90
9 182 47
105 209 42
187 135 60
208 168 64
126 156 62
38 133 19
123 188 79
50 14 44
79 178 91
108 165 58
114 37 98
78 181 88
103 94 65
4 199 99
208 88 36
133 92 79
142 80 49
128 162 85
65 30 16
162 142 86
30 160 34
193 4 32
204 147 42
2 94 84
89 74 81
31 166 72
45 7 32
18 35 76
67 203 20
159 158 37
129 159 57
186 201 4
170 47 56
69 75 96
31 97 2
171 30 71
181 10 85
79 61 39
8 208 41
179 121 14
144 188 70
66 112 18
185 143 2
113 158 63
57 93 66
73 16 68
11 132 45
81 103 83
100 14 11
8 59 1
191 132 41
176 17 99
197 184 1
185 190 12
92 162 40
175 60 86
140 197 54
183 200 25
62 21 7
197 120 60
193 200 96
102 132 2
56 138 47
1 113 62
51 124 95
65 206 63
170 22 49
63 175 31
202 58 19
206 3 96
192 43 28
13 30 35
166 131 97
102 145 20
144 172 26
52 180 47
203 85 15
40 117 75
31 200 10
88 135 51
38 78 76
130 209 70
47 38 83
87 76 73
62 37 25
88 117 73
16 17 60
60 48 89
157 44 18
175 171 63
151 206 91
29 8 47
189 161 21
16 52 36
37 63 37
138 165 99
147 35 74
151 67 50
9 194 98
34 173 98
52 87 43
111 149 55
68 199 79
193 129 84
109 199 52
74 201 64
23 36 29
182 51 99
84 106 21
195 77 71
97 206 22
129 63 68
189 113 52
128 189 12
141 96 23
195 166 52
56 78 69
97 22 27
141 142 19
63 195 93
83 136 75
41 157 95
12 180 35
102 31 37
45 177 0
79 21 96
34 197 49
129 7 11
65 107 28
183 138 10
114 73 86
131 165 13
38 20 87
163 106 14
157 178 46
168 140 30
97 111 55
37 184 66
56 155 61
163 59 10
168 57 51
141 61 61
47 120 45
120 106 75
200 104 91
112 61 75
161 154 15
0 46 48
20 4 62
91 109 55
199 187 36
33 10 0
184 113 23
13 77 81
196 5 55
30 135 66
120 144 67
18 22 88
202 88 86
54 151 81
18 203 1
159 103 10
89 167 34
199 131 43
196 66 100
7 62 19
135 12 36
39 62 48
28 136 31
20 141 29
120 193 10
152 87 28
188 101 53
55 141 11
81 171 4
169 76 58
145 32 73
202 38 87
104 126 31
143 129 0
12 158 34
29 105 41
83 113 45
78 83 23
17 44 96
185 22 76
135 198 33
65 75 23
92 83 1
69 208 17
95 50 45
160 154 85
143 58 76
174 186 85
62 182 24
55 147 29
110 138 28
19 4 9
17 73 1
134 65 86
134 22 63
201 36 71
33 3 79
163 134 33
4 63 11
16 185 23
35 130 93
147 33 48
202 45 62
170 35 40
144 112 44
62 61 10
40 143 97
105 174 95
102 129 54
123 89 11
91 154 2
99 106 100
108 52 38
50 161 38
21 85 83
103 72 23
142 206 5
65 61 23
185 32 85
19 199 98
6 147 28
143 1 69
5 164 34
68 122 31
67 56 1
181 132 58
13 72 84
24 193 32
204 19 37
24 21 34
30 191 76
4 20 67
160 17 82
13 27 72
183 43 5
108 84 6
25 144 55
169 179 78
107 50 25
65 13 41
45 192 39
138 101 54
131 152 98
26 38 80
45 14 82
192 56 21
4 35 98
112 118 34
162 161 0
156 166 91
132 144 100
82 85 70
164 54 50
149 98 33
111 198 19
112 36 42
97 45 77
65 157 48
124 87 6
142 185 49
115 104 22
49 68 0
106 152 33
118 24 39
83 65 33
118 182 98
86 167 95
29 31 41
142 207 79
72 148 91
167 109 93
97 61 27
183 202 35
204 16 76
166 36 85
127 199 71
151 169 100
108 116 15
91 132 43
6 158 57
99 71 67
87 15 91
48 139 95
68 146 55
15 102 13
62 132 67
206 178 67
103 148 0
184 174 91
188 1 38
186 159 71
154 206 10
203 34 96
70 121 37
49 192 10
138 162 90
178 79 31
8 118 5
54 167 64
97 142 53
30 28 6
148 68 9
35 45 18
60 192 99
86 43 67
152 192 95
156 206 54
41 24 22
195 21 13
22 155 37
67 102 97
72 86 95
33 208 36
122 48 67
178 84 65
48 16 86
67 173 64
70 184 0
91 2 73
155 98 31
101 71 76
9 158 49
135 14 27
74 27 89
147 109 70
3 5 41
143 25 34
2 37 59
130 56 6
199 69 9
67 85 73
207 96 34
195 112 91
134 174 27
139 152 33
197 206 91
81 176 89
168 55 57
122 168 12
106 16 0
183 65 93
65 170 3
16 166 0
12 99 63
67 159 57
11 204 55
67 205 33
185 130 43
118 173 43
154 8 69
194 161 89
143 32 26
32 176 58
142 167 33
115 132 99
101 209 49
59 196 96
147 82 43
199 56 92
89 182 37
119 126 67
146 96 10
27 163 77
84 76 42
57 24 39
161 24 44
166 39 37
56 12 56
172 38 66
131 126 33
182 0 20
77 32 99
152 95 85
190 74 77
115 184 13
130 30 34
29 43 13
112 13 49
175 74 87
117 31 74
93 50 60
154 112 2
203 185 89
193 154 50
110 66 30
66 161 83
16 190 86
57 12 95
72 143 84
195 146 5
188 2 39
101 131 90
66 188 65
149 107 51
67 197 10
133 89 51
153 17 4
166 112 95
186 84 4
106 90 19
179 134 23
185 208 33
188 140 30
86 119 53
28 141 47
191 188 42
0 98 90
55 20 26
106 89 47
172 116 83
132 141 72
17 138 47
202 48 93
121 105 35
59 66 98
46 117 29
209 30 81
82 121 72
89 169 39
174 99 23
150 109 90
3 149 17
133 159 51
11 45 31
202 46 73
140 32 45
9 76 89
122 108 18
63 93 48
5 119 45
58 152 39
164 101 67
83 2 0
130 182 16
29 49 1
55 172 35
106 35 65
148 155 3
146 41 55
89 42 26
102 69 10
151 129 39
121 46 85
193 202 69
154 124 52
209 44 38
30 77 51
119 199 65
65 6 98
41 128 84
190 152 28
63 128 17
185 94 2
97 40 95
33 104 91
70 127 29
192 209 67
62 146 71
167 169 81
32 179 91
163 171 17
9 144 47
193 26 72
109 113 22
209 99 13
106 25 64
140 13 60
173 138 20
149 35 42
99 164 94
97 21 8
47 121 88
135 70 60
94 102 78
79 28 9
194 160 86
111 96 53
161 151 37
107 196 83
65 178 4
135 158 86
27 89 1
13 56 98
207 1 74
8 108 7
79 155 56
80 58 75
66 20 82
117 74 1
159 1 43
46 59 89
194 167 77
15 76 65
86 141 38
21 79 40
208 98 31
114 96 38
91 123 85
110 120 32
23 161 83
174 74 59
184 155 41
31 102 89
67 38 92
201 147 14
105 12 80
200 111 56
103 21 76
114 92 50
71 98 35
71 184 32
43 66 51
159 77 48
120 195 45
52 107 46
125 92 36
196 97 72
17 188 60
50 77 35
61 33 7
28 198 37
93 9 25
122 159 84
126 40 46
49 35 63
138 18 98
52 181 4
161 80 4
41 170 14
87 111 60
98 113 65
70 139 3
194 111 8
189 125 10
152 9 42
55 178 19
191 28 39
50 5 71
147 53 9
186 47 25
10 100 59
76 30 41
184 156 24
143 178 1
49 22 91
190 171 16
150 127 36
131 26 90
18 51 81
200 179 79
195 200 90
192 54 99
36 157 81
124 7 70
58 56 90
22 79 21
108 103 29
9 51 4
172 129 19
128 147 98
43 70 70
134 155 23
175 65 15
165 192 31
171 56 54
110 182 40
24 73 83
60 163 62
97 139 26
208 202 8
102 22 24
95 136 6
192 85 26
144 148 80
26 89 56
84 170 62
165 9 1
187 150 77
147 163 49
168 196 36
76 22 40
26 105 40
0 209 34
61 119 40
52 58 21
11 4 97
111 192 62
195 25 90
134 36 15
40 196 73
92 114 41
29 88 100
153 127 86
153 36 48
74 23 17
54 0 7
24 93 49
195 199 100
162 1 53
27 94 43
24 8 17
161 127 27
93 191 6
208 16 52
10 57 90
163 82 29
9 155 77
180 35 76
186 150 98
166 114 37
155 103 97
82 42 75
73 169 34
111 129 11
169 195 64
142 11 78
198 110 96
98 25 22
188 171 32
120 21 11
24 134 60
144 208 45
118 120 78
181 188 47
172 135 93
193 59 3
43 86 45
18 94 7
130 157 35
151 106 69
185 21 89
55 176 7
155 191 62
163 94 49
187 99 38
20 138 26
45 50 25
157 113 69
58 108 88
165 80 62
46 202 9
82 72 6
21 197 22
15 180 47
27 104 81
185 145 47
174 97 9
88 119 96
39 80 39
3 159 86
23 47 94
199 20 34
110 140 16
166 142 83
188 109 21
74 56 67
38 207 62
151 149 78
142 7 13
77 140 23
128 62 49
185 84 30
7 79 37
27 160 67
7 49 70
74 180 83
142 93 41
58 153 76
105 44 29
85 60 77
96 180 51
209 187 0
158 186 83
88 183 12
49 60 84
83 46 49
108 105 44
172 151 16
126 83 38
172 44 78
22 56 18
62 40 12
134 56 56
100 192 51
130 171 79
18 76 57
105 21 10
31 181 16
201 76 62
109 186 0
90 197 51
105 27 38
170 7 60
3 34 51
148 160 34
108 117 91
28 178 61
28 24 38
158 125 82
28 57 100
124 20 89
188 61 73
40 2 18
100 63 62
11 118 58
99 153 34
153 119 51
27 117 18
156 35 66
186 107 71
41 160 86
199 183 19
51 179 59
10 192 37
68 116 34
190 173 77
206 111 98
15 150 66
26 106 10
124 45 36
150 126 9
175 195 54
28 13 82
113 10 12
178 180 29
34 191 55
161 99 28
59 29 68
156 168 33
107 62 77
5 37 25
50 4 42
74 114 58
203 7 87
199 26 34
61 84 78
10 180 88
117 19 0
157 74 71
86 143 43
192 45 22
76 182 98
58 118 77
88 31 57
114 98 44
52 168 87
98 58 11
197 139 8
130 29 50
43 204 62
25 124 44
11 185 7
147 135 61
51 6 40
84 110 95
51 72 19
109 132 17
127 135 11
204 82 64
53 140 3
36 74 96
201 82 71
197 118 35
159 19 85
136 91 10
6 32 30
3 26 4
26 72 93
86 90 93
170 110 86
199 166 31
169 99 14
48 10 73
130 206 76
69 119 78
205 12 74
65 163 46
204 123 55
208 116 59
40 84 39
45 33 96
132 180 72
28 208 70
132 201 14
55 78 16
185 176 47
195 104 49
99 18 74
179 97 75
78 110 12
11 170 37
7 188 98
145 162 58
61 43 44
167 131 78
155 93 71
132 197 85
153 53 7
175 172 3
180 131 42
37 122 24
40 37 18
186 112 15
87 48 18
152 156 44
166 144 10
6 202 72
198 201 93
140 111 58
71 60 50
69 10 61
93 39 12
117 40 100
47 89 49
43 25 12
27 206 73
92 86 25
198 46 78
81 141 78
34 109 82
165 141 69
76 42 98
88 69 5
165 144 19
195 26 88
22 38 71
110 98 0
51 181 81
170 70 31
70 110 28
130 189 36
52 73 85
75 98 33
67 181 62
182 161 12
61 158 75
198 139 67
52 145 98
95 86 34
70 89 8
53 39 92
174 189 17
90 54 100
129 184 24
96 79 29
134 109 95
149 94 15
5 165 4
82 26 41
52 191 59
11 76 33
160 85 91
22 162 50
66 5 92
107 202 1
101 78 84
113 91 93
178 171 76
62 199 56
174 171 46
90 108 20
128 56 99
86 197 35
111 107 74
1 158 40
58 150 16
156 177 51
78 143 51
164 185 93
184 109 28
126 207 16
83 16 40
65 162 65
79 149 80
53 121 70
149 9 66
69 134 35
27 62 41
66 191 20
168 59 82
105 82 34
59 95 20
115 40 69
127 139 57
123 42 89
40 39 13
84 26 9
152 47 88
175 23 45
114 165 84
27 194 60
117 25 97
91 138 89
99 133 8
66 81 95
135 31 78
44 79 47
80 24 87
178 81 73
127 109 40
58 33 41
122 32 58
189 55 64
39 14 9
206 157 31
79 192 88
99 2 70
204 98 42
52 136 68
39 57 99
101 208 52
196 37 13
106 84 11
15 0 94
33 175 66
168 106 97
36 190 65
207 95 15
26 79 79
189 54 11
22 3 21
205 44 96
209 53 72
136 83 7
201 111 24
53 198 90
63 57 25
162 13 65
205 129 9
170 50 95
207 29 45
177 186 47
172 153 18
153 156 43
110 82 56
110 165 62
209 83 76
108 184 70
65 33 17
146 112 10
59 106 1
173 43 75
146 195 61
158 209 5
20 13 9
97 196 22
199 178 33
22 201 40
133 201 28
152 54 32
162 169 14
120 104 65
152 97 25
184 122 19
122 44 44
99 131 62
169 183 35
98 14 74
14 49 29
117 195 25
19 104 79
201 123 65
55 140 31
45 117 19
136 154 55
26 74 36
5 193 0
128 35 68
83 123 23
71 168 48
19 184 20
15 105 92
97 83 63
72 127 25
196 55 69
36 148 12
141 138 84
177 176 74
32 42 47
77 21 48
169 159 43
42 113 18
48 102 31
11 120 2
34 81 72
175 191 72
183 129 0
29 202 34
20 61 42
69 1 76
73 104 58
4 193 30
38 124 71
21 178 84
110 81 11
60 146 16
148 194 27
106 30 83
201 157 7
133 125 52
57 115 11
73 5 46
99 67 20
193 102 73
136 139 99
170 86 87
197 185 76
187 90 57
145 37 37
87 159 9
92 197 46
111 122 39
97 207 57
199 155 71
76 106 19
25 169 25
126 27 44
155 8 100
98 18 17
4 123 10
201 21 60
26 107 44
160 66 51
14 178 78
45 139 86
184 15 46
114 84 18
62 34 100
88 104 85
99 120 13
47 98 76
144 75 72
61 20 17
159 4 56
59 186 5
11 158 24
188 3 65
58 25 71
13 49 49
169 136 67
160 24 94
133 17 49
160 133 50
177 68 22
12 201 32
153 189 16
96 53 98
52 106 14
150 65 8
1 54 27
9 146 1
72 94 76
99 48 25
114 94 62
144 50 31
146 57 5
43 120 50
104 149 34
167 32 13
190 149 83
48 35 82
47 102 75
39 113 8
49 10 4
67 39 90
82 150 30
173 202 53
35 110 56
106 75 29
97 125 14
93 152 99
108 175 56
60 188 15
125 130 46
103 104 8
159 37 49
138 48 61
109 58 52
75 153 68
134 124 11
189 187 76
159 206 78
108 40 66
112 73 32
41 91 22
42 102 4
37 116 67
127 160 60
91 28 51
162 77 73
68 100 43
33 17 28
171 80 84
3 181 8
15 155 22
94 140 66
201 153 15
170 57 35
13 140 47
203 197 27
10 113 4
47 165 57
63 80 39
24 122 31
193 16 94
44 33 61
190 94 25
89 97 18
37 69 42
190 176 72
141 171 88
155 164 96
7 95 54
20 187 77
68 136 33
156 104 98
87 1 77
117 154 25
86 154 29
135 185 29
98 160 39
19 166 6
122 111 56
140 55 29
45 131 32
163 55 61
141 190 87
37 146 0
154 31 47
57 14 8
92 136 29
154 192 12
181 168 24
51 87 79
96 156 94
155 204 19
193 61 70
9 67 28
91 16 48
134 45 31
191 87 71
78 136 97
157 133 79
201 100 12
91 0 58
107 118 100
207 13 86
180 207 60
159 8 6
129 121 36
100 140 91
198 124 2
133 38 21
197 127 1
180 191 89
10 209 81
11 201 62
61 50 78
11 57 41
165 136 16
53 161 1
140 73 24
75 199 95
143 146 94
25 56 51
105 123 26
41 23 10
98 71 86
169 111 60
133 54 72
149 180 38
5 6 60
207 99 94
196 149 35
43 78 44
94 122 15
14 28 48
31 173 78
45 209 9
190 198 18
0 21 27
202 98 15
84 114 54
66 169 47
76 139 5
196 146 5
174 208 71
185 6 10
114 132 83
174 126 76
82 83 86
29 83 68
141 59 23
127 97 77
19 120 48
165 140 35
139 9 31
39 84 91
177 90 34
192 98 86
77 171 79
173 45 74
186 136 95
59 151 86
145 0 73
159 106 11
85 42 61
93 176 12
190 103 54
87 155 34
172 197 48
199 85 39
209 143 17
58 197 34
195 63 31
191 78 22
32 70 38
119 125 90
84 27 2
152 44 51
51 178 43
12 146 77
27 121 44
82 3 45
60 54 3
28 118 70
60 90 39
111 187 83
113 198 67
110 108 21
207 36 42
25 186 22
39 100 34
60 18 82
138 110 62
171 5 40
158 110 90
129 93 69
127 192 15
27 96 68
9 119 99
125 133 25
26 29 2
65 198 29
84 193 19
166 189 41
183 62 59
202 29 44
56 3 27
28 106 55
186 89 51
182 45 78
71 96 5
103 56 18
4 103 49
68 184 72
162 147 74
41 14 33
165 184 19
119 35 24
27 161 75
128 135 13
191 205 34
203 60 60
107 204 79
141 119 71
53 131 69
11 87 36
33 130 30
87 17 81
76 196 29
89 49 51
133 31 38
89 193 35
201 126 54
60 10 31
188 120 15
115 112 33
33 127 10
149 26 95
5 71 60
156 169 10
165 128 55
43 21 73
3 59 13
199 160 51
200 17 23
42 188 69
57 2 46
187 91 6
45 74 67
195 172 75
136 163 27
113 163 64
138 203 70
206 68 28
0 190 40
171 45 98
183 176 28
54 141 96
86 124 97
91 107 52
158 21 17
199 157 10
204 0 9
183 104 59
139 183 97
29 108 15
25 188 6
80 175 17
35 81 79
51 177 9
70 135 6
76 80 33
98 114 41
193 79 63
169 23 87
181 58 19
127 21 72
72 130 0
13 129 29
10 129 41
174 28 68
6 179 84
124 205 40
31 204 8
98 110 11
132 113 28
143 116 91
103 66 46
123 173 6
130 46 73
66 111 31
12 107 87
74 100 87
122 169 31
74 38 65
71 99 14
145 200 94
202 112 10
155 149 52
102 146 52
201 74 77
152 203 75
190 6 37
171 167 47
31 167 6
150 155 88
197 7 6
119 58 4
17 74 90
111 10 75
65 19 67
34 106 11
61 161 48
202 101 15
80 90 23
132 56 36
10 50 59
80 2 11
117 62 16
59 1 58
79 100 88
178 58 54
90 141 83
135 182 87
156 41 11
62 85 67
117 26 75
12 198 37
171 103 11
65 17 33
57 103 61
103 143 27
190 40 53
128 133 29
99 102 7
185 103 6
78 69 76
146 116 25
68 110 21
44 168 26
180 95 42
68 0 59
136 101 12
15 197 12
98 91 35
200 129 7
58 82 1
11 78 80
183 50 44
161 198 69
85 89 25
168 53 70
197 14 80
167 48 33
113 108 94
191 199 90
95 32 99
45 105 24
124 130 45
94 7 40
31 58 46
26 85 71
62 103 78
44 173 11
44 108 86
37 4 53
178 66 48
109 104 65
157 115 100
36 73 88
27 118 13
90 53 77
7 66 86
200 155 82
104 52 15
107 34 40
150 68 15
101 42 7
172 130 88
209 161 24
166 60 71
150 47 42
66 90 28
196 195 72
42 132 5
18 107 91
87 55 31
177 59 6
100 157 20
126 96 60
188 13 93
167 51 59
198 116 47
132 158 59
190 2 21
170 27 69
88 144 66
184 25 35
67 139 99
9 81 7
111 0 75
167 166 31
155 19 98
5 12 70
133 196 78
65 101 50
153 43 19
185 123 73
35 200 61
191 103 93
108 43 38
209 117 98
167 41 62
152 58 45
148 108 60
151 66 37
155 196 54
62 191 27
75 162 17
52 114 83
159 166 33
53 5 2
9 13 21
48 112 84
4 22 57
33 133 46
42 60 88
107 19 33
18 180 52
88 126 60
7 74 84
119 10 92
169 22 47
145 54 19
114 185 64
107 161 14
135 35 53
165 100 65
43 12 67
74 102 41
80 1 59
36 70 53
19 134 23
130 163 13
134 25 57
100 89 15
186 175 4
156 38 79
38 60 30
35 54 18
60 77 36
27 123 99
7 38 22
23 202 35
52 162 85
134 208 95
62 152 60
24 34 27
102 95 7
40 140 64
173 80 36
101 126 7
1 126 47
166 4 53
73 206 68
8 60 32
122 9 58
72 184 61
92 23 84
182 163 54
154 21 20
57 176 84
195 105 77
21 52 88
103 61 43
81 138 9
27 65 21
98 119 2
60 159 30
83 119 86
35 162 62
123 166 81
178 132 47
103 77 53
33 190 13
89 195 18
88 61 97
54 85 98
159 190 79
10 202 80
43 108 33
51 182 36
84 192 68
112 164 36
180 88 19
36 166 77
139 45 85
108 82 72
175 152 58
175 67 62
158 52 66
85 123 92
130 140 70
68 189 87
95 119 23
205 86 3
17 199 21
139 29 33
149 91 73
98 46 71
98 125 11
42 153 53
83 130 74
174 75 20
42 129 43
55 187 5
76 194 36
11 207 35
195 152 81
194 89 3
65 21 6
26 114 47
58 26 15
78 2 99
129 200 95
78 138 64
77 202 77
75 35 13
150 105 52
6 22 88
164 18 96
38 171 80
102 180 2
200 78 60
135 49 97
77 198 84
7 146 79
151 36 99
41 209 92
181 144 85
145 103 30
200 197 71
182 180 73
8 179 14
110 56 17
46 177 31
112 183 46
152 166 26
59 119 76
138 148 87
43 195 55
139 7 47
198 45 51
200 102 80
35 152 12
49 204 83
102 187 79
169 120 61
191 76 62
8 61 62
24 174 21
39 190 72
61 9 38
128 201 41
154 82 92
61 207 4
201 173 18
127 180 43
108 25 85
196 8 62
91 200 40
116 171 85
171 160 35
46 113 28
147 76 97
193 12 78
22 61 85
69 42 3
67 2 17
206 192 76
176 164 60
151 65 53
116 153 14
74 17 97
25 191 5
135 153 20
4 127 0
184 35 9
181 147 74
17 200 23
81 139 44
158 195 19
116 79 5
170 14 56
194 96 12
162 98 74
177 143 93
140 70 18
102 154 85
58 66 96
34 188 26
209 165 99
110 168 17
105 92 9
39 22 45
95 51 14
165 139 86
89 151 81
97 126 49
41 148 76
177 72 18
53 184 90
134 104 93
70 52 97
195 66 93
77 51 59
69 35 68
172 174 31
138 182 92
92 125 16
146 189 87
138 60 18
47 87 88
36 203 3
204 91 24
49 59 14
16 139 95
141 118 50
123 19 82
59 121 76
158 27 65
28 119 92
92 148 12
150 80 58
74 134 55
57 102 17
132 156 39
18 46 18
200 156 74
77 193 4
151 49 99
143 192 2
81 18 92
123 21 37
117 192 78
59 99 47
166 110 77
81 79 13
22 122 90
67 153 61
1 48 8
153 138 57
187 37 56
135 207 14
181 44 50
54 145 58
33 31 10
75 113 69
52 34 67
66 105 19
87 190 22
83 116 35
125 116 73
74 169 31
89 111 38
68 76 49
141 135 61
156 135 91
90 148 52
115 21 28
94 88 35
106 164 21
98 168 55
10 195 70
75 188 91
177 14 60
176 74 50
63 200 97
81 58 61
37 159 9
191 46 62
208 34 26
199 190 49
99 57 56
39 153 66
7 63 54
94 206 87
96 208 50
153 44 89
78 88 13
180 99 13
52 50 83
59 103 35
132 161 61
139 148 35
144 68 73
35 66 66
17 132 21
36 125 81
58 115 31
157 66 65
185 3 45
135 143 81
130 59 68
93 167 13
87 171 70
84 105 33
76 192 3
169 198 52
66 196 55
155 26 29
56 178 44
195 3 16
116 104 49
36 209 38
143 167 64
11 58 79
104 167 35
72 194 32
17 197 13
127 184 60
18 120 10
196 157 18
130 52 80
129 68 28
72 93 61
197 11 45
6 175 32
7 201 24
166 54 23
209 39 95
35 109 28
198 43 44
47 157 92
89 180 21
52 153 96
18 26 46
11 189 87
6 174 42
15 6 23
31 120 63
118 59 54
10 93 94
35 118 65
35 104 42
166 88 84
79 11 65
188 110 28
148 65 20
97 106 74
195 65 35
56 147 33
179 114 69
121 174 91
0 9 87
112 57 71
55 167 37
131 179 53
181 4 41
22 119 12
133 176 12
192 20 14
26 7 56
79 10 27
26 155 64
80 66 39
200 82 99
58 2 94
118 117 60
84 108 54
199 173 78
100 160 52
180 20 57
173 27 75
200 63 56
185 149 4
196 12 58
195 76 13
193 195 8
61 35 17
60 4 89
157 85 1
195 150 93
110 47 56
135 118 85
118 122 12
52 121 13
174 29 25
143 92 95
162 52 37
161 30 23
184 129 85
196 51 17
130 38 42
78 45 35
123 84 100
141 0 24
169 41 53
81 108 9
1 108 3
14 141 68
118 151 30
146 153 52
103 154 9
100 50 39
52 76 40
115 165 1
74 206 63
59 17 24
158 24 71
90 196 7
170 53 78
179 9 80
6 128 64
2 113 55
96 171 1
206 198 77
99 177 15
61 172 36
104 42 42
118 178 52
195 79 55
49 38 90
194 204 34
188 18 85
189 185 29
75 19 70
121 39 55
186 209 55
40 24 24
141 162 50
107 153 41
183 47 49
86 66 15
149 90 68
208 173 64
55 83 15
52 36 59
50 147 11
184 177 82
126 66 94
15 173 31
117 91 10
82 208 26
136 72 20
68 108 90
164 12 46
144 56 21
18 75 91
152 112 71
136 111 94
110 170 53
165 54 46
31 26 80
88 129 95
27 17 63
2 149 90
48 133 52
70 124 83
144 204 61
45 165 42
192 197 88
22 125 96
22 172 26
159 86 4
100 43 32
11 112 5
127 42 53
180 34 31
113 84 48
19 208 33
99 105 6
87 156 39
109 106 31
77 5 70
143 189 71
48 45 59
77 168 58
167 134 67
197 173 5
74 30 95
104 142 9
136 63 22
40 191 46
49 122 100
1 35 79
208 106 80
35 198 93
45 11 27
149 4 69
102 80 31
121 184 74
78 195 71
163 105 91
184 116 98
22 107 75
6 167 81
78 100 30
79 161 67
66 110 36
24 188 44
179 52 100
98 165 91
194 18 11
16 0 27
136 100 58
194 3 92
118 125 4
19 89 78
63 162 45
160 71 14
86 16 39
106 92 0
63 115 0
133 30 16
136 15 6
7 52 66
191 179 7
194 10 41
103 162 39
165 183 79
56 59 78
131 194 63
17 189 74
73 184 58
93 200 22
52 164 39
27 16 21
79 124 81
38 163 66
200 5 58
59 154 38
168 81 49
46 15 24
155 168 69
54 118 6
118 114 16
68 4 32
43 94 15
100 138 20
9 32 96
155 67 52
105 87 44
31 197 10
202 125 35
8 122 56
114 149 64
5 76 96
23 176 99
187 36 46
124 90 5
2 141 97
182 97 50
91 74 94
165 13 78
102 131 75
141 2 60
15 134 81
92 119 80
80 195 82
25 86 49
151 48 60
115 167 92
179 143 24
162 119 17
186 50 79
41 182 89
136 3 78
107 133 76
88 170 75
22 189 13
78 169 31
97 94 64
86 55 37
85 166 32
136 161 49
161 182 1
89 202 48
53 122 80
129 154 49
20 147 76
169 47 78
181 182 27
149 73 90
158 157 84
181 91 43
169 205 34
53 61 24
193 47 3
36 164 79
67 134 92
39 75 58
71 127 25
107 77 96
177 4 84
169 48 2
38 29 35
189 142 1
110 43 72
144 141 12
151 205 5
119 18 95
182 21 33
167 144 91
102 203 17
24 133 83
153 18 63
171 193 70
170 81 100
50 33 52
58 122 18
177 202 17
124 174 42
89 75 51
13 61 83
143 81 67
207 192 10
61 109 30
140 36 21
62 92 74
181 9 93
30 130 100
116 95 67
158 26 45
24 197 98
162 103 100
55 204 48
170 76 75
6 20 68
120 180 8
67 126 55
138 160 49
200 126 8
24 7 56
30 195 38
102 81 9
24 124 36
179 88 92
96 198 17
71 28 66
77 102 67
2 66 42
69 36 12
150 119 46
187 194 7
26 132 95
139 132 11
132 88 2
40 63 40
172 117 99
157 202 73
161 138 31
144 195 70
70 150 15
203 138 54
69 70 17
170 116 51
20 86 15
72 171 99
12 103 37
85 150 36
192 80 3
13 31 70
165 32 84
124 34 10
144 87 55
98 126 59
152 40 67
73 144 1
78 191 54
66 12 47
198 33 70
14 101 52
6 4 25
8 193 15
120 12 16
50 130 83
103 124 29
37 178 80
56 37 100
185 47 98
20 59 21
138 117 94
35 169 39
3 132 86
56 205 46
75 33 65
191 164 78
104 55 88
170 132 58
63 24 24
8 180 93
83 74 13
191 136 20
121 27 39
53 6 81
91 96 22
189 168 71
83 0 53
50 199 51
112 124 77
34 192 19
10 198 29
208 50 2
18 34 25
61 150 41
69 146 0
161 29 53
197 187 96
20 139 48
46 152 99
100 189 4
192 204 50
151 165 54
170 15 22
151 88 2
190 68 30
108 144 56
47 126 5
147 141 4
192 95 70
178 189 8
77 1 43
80 153 51
164 131 28
57 143 69
70 158 97
108 90 18
102 193 58
51 46 31
115 139 15
81 5 69
106 202 74
208 209 86
112 139 77
151 57 56
97 8 88
62 115 16
151 0 0
127 4 82
35 12 17
23 192 84
158 1 65
167 179 18
200 61 73
83 134 74
49 159 15
20 25 96
71 119 9
186 20 14
56 39 22
126 110 19
204 62 15
174 104 59
115 61 8
198 88 75
152 101 66
109 139 32
141 205 12
206 27 50
92 192 83
125 87 14
140 47 11
116 142 60
77 130 64
207 63 3
91 206 56
197 26 64
185 162 10
19 55 26
103 99 45
188 128 47
139 72 27
11 99 82
23 27 99
82 38 13
65 153 51
4 17 33
73 90 56
194 59 100
175 201 96
71 19 23
25 33 77
6 136 89
50 124 86
47 177 2
19 141 61
203 132 97
199 53 16
58 38 33
201 22 67
134 138 67
29 165 41
1 188 94
82 199 62
78 72 16
68 50 86
156 106 34
91 131 99
91 207 9
171 46 15
163 42 57
63 205 25
172 164 12
126 116 67
14 164 90
96 1 90
154 14 42
31 208 39
108 33 6
76 43 57
89 172 71
28 56 88
197 151 78
61 209 90
182 131 47
32 158 67
103 9 6
119 201 53
121 194 53
158 107 10
8 105 94
90 153 91
133 204 82
58 147 16
163 20 77
199 11 61
157 147 26
155 15 40
83 21 84
74 78 52
68 95 67
122 80 92
76 117 45
20 170 47
57 189 61
128 1 16
161 123 56
81 209 37
111 155 87
51 104 49
135 186 43
160 107 60
191 165 55
77 201 66
77 19 77
51 190 75
85 209 20
70 188 80
165 163 92
162 12 45
19 157 70
199 200 0
166 44 28
105 121 76
39 135 61
42 193 54
178 200 64
167 147 77
7 167 90
201 185 34
110 112 97
104 46 45
27 76 2
171 7 91
90 207 68
114 143 7
113 80 52
33 36 13
73 188 37
1 194 92
155 71 4
172 134 16
76 75 30
86 73 32
69 29 6
119 102 63
33 154 94
23 166 4
188 124 19
5 68 15
159 96 44
156 14 32
3 206 63
16 162 7
188 15 40
153 87 58
130 131 18
43 119 66
117 207 32
166 168 45
17 185 68
48 150 48
139 39 87
103 22 85
5 143 63
107 120 87
27 208 66
70 34 1
46 50 31
27 34 33
208 83 35
11 51 44
25 149 43
112 108 21
126 188 98
97 55 99
181 76 17
144 125 7
87 41 63
138 192 16
22 68 40
192 127 25
33 178 92
109 161 63
185 151 88
91 22 60
14 72 40
195 31 29
67 81 70
207 42 18
81 70 54
27 58 4
24 45 39
86 176 17
125 95 82
71 134 13
56 91 20
14 57 2
53 67 28
140 45 48
139 119 37
189 10 51
63 71 29
99 16 36
84 159 46
126 143 69
68 191 41
109 196 17
144 59 100
136 25 65
143 59 22
152 160 63
202 135 37
33 197 53
126 70 93
102 9 95
59 9 35
101 36 9
18 23 40
79 151 39
152 76 43
163 168 42
90 199 20
105 148 79
86 21 0
16 30 55
54 170 76
29 170 64
36 188 45
144 167 83
142 82 79
174 4 6
132 25 57
97 144 100
101 125 96
139 103 76
162 22 66
133 142 9
153 37 25
27 83 29
94 93 25
192 147 15
79 140 100
193 105 44
102 52 97
85 17 100
173 145 16
150 190 97
125 99 87
173 166 6
6 180 68
4 65 98
79 168 67
155 128 66
94 207 29
69 156 64
51 166 89
104 69 28
45 188 15
65 51 43
162 134 65
83 60 13
71 112 45
209 69 46
33 59 51
114 5 43
189 193 52
146 99 6
177 200 96
30 143 76
9 46 31
180 125 70
181 55 8
180 45 61
10 132 57
116 195 78
134 40 41
30 162 41
25 93 26
155 39 63
156 20 45
128 131 63
2 50 6
146 139 10
11 14 49
33 151 44
128 19 18
120 122 99
56 57 58
5 206 84
102 106 99
194 185 95
182 202 11
44 179 40
72 182 62
105 146 52
109 188 10
168 0 4
118 103 16
157 163 36
203 130 18
202 39 29
7 44 14
57 16 78
23 9 29
100 110 17
111 135 37
147 157 57
18 193 36
92 54 75
3 92 9
10 68 56
54 33 27
150 100 25
3 28 78
156 8 69
164 27 61
143 134 100
147 115 7
127 22 1
167 165 96
123 180 57
115 129 87
115 33 74
155 194 59
59 67 55
5 57 56
108 189 27
118 128 19
148 67 53
47 206 32
202 183 73
172 176 45
21 12 72
71 74 27
76 147 95
198 19 93
14 187 34
54 75 72
165 2 69
189 4 84
161 68 99
122 23 40
124 27 11
112 186 68
41 33 16
16 4 74
5 66 13
195 107 54
149 7 72
6 196 1
208 51 7
37 203 69
127 131 35
20 83 24
17 98 40
106 81 75
175 89 37
94 69 98
54 84 43
180 25 50
67 98 77
5 8 75
198 120 37
116 189 53
83 101 64
14 110 48
200 35 13
197 50 87
109 176 78
52 166 96
103 199 52
73 68 76
35 131 44
146 200 91
148 45 1
10 133 78
121 51 35
42 170 35
120 77 53
54 12 31
48 32 83
164 0 50
104 102 15
207 45 55
12 110 4
129 83 59
161 145 18
140 208 54
61 21 6
172 123 10
135 195 14
11 38 26
173 143 35
9 150 17
40 154 80
203 134 31
140 128 72
91 175 1
27 178 82
139 154 31
189 120 98
207 15 54
109 103 2
47 128 21
91 142 75
2 206 41
19 110 7
104 161 91
161 57 61
2 61 12
134 172 97
205 70 39
196 17 2
92 41 50
143 113 29
34 36 47
98 5 21
60 16 32
176 115 82
58 10 38
43 191 31
191 156 34
199 177 96
95 5 98
144 184 96
75 183 59
150 67 41
193 122 24
172 42 65
8 205 28
207 93 2
141 7 1
98 105 99
7 54 1
43 5 80
5 180 83
113 21 47
75 157 39
34 78 100
3 180 86
153 123 48
127 104 15
85 133 81
60 65 26
188 37 35
116 161 76
45 84 77
153 136 30
67 160 37
83 109 29
165 118 56
185 181 76
179 25 28
78 59 9
163 99 27
109 25 50
144 130 58
197 16 44
7 127 99
177 24 59
199 13 21
78 91 71
13 91 8
11 111 82
29 111 99
167 49 16
57 111 63
58 149 96
95 4 1
171 3 38
184 74 72
129 143 43
42 57 2
201 46 23
125 85 41
11 10 88
198 18 73
87 182 23
4 147 4
144 102 64
147 38 49
188 182 16
97 161 72
13 113 92
59 28 49
3 158 73
46 110 88
10 116 85
179 160 46
202 155 17
47 127 32
78 198 44
50 59 33
27 103 70
57 5 23
140 191 80
58 84 14
144 69 4
179 102 98
42 184 17
186 56 74
94 50 71
28 72 90
170 78 52
72 89 24
18 128 4
5 200 41
109 193 29
195 96 33
93 41 98
123 58 77
138 24 45
174 112 34
202 173 8
94 49 4
161 124 32
194 133 96
183 45 93
15 8 9
203 149 69
153 140 63
57 204 89
59 60 83
103 158 20
188 185 82
116 109 38
134 165 19
37 95 86
63 182 71
164 61 15
13 170 70
160 125 36
52 112 93
9 3 92
11 194 97
66 118 26
130 96 85
164 95 2
72 158 13
171 109 40
115 114 37
179 61 53
84 195 44
190 201 37
40 74 59
132 205 100
200 127 18
147 169 96
44 51 24
108 106 35
57 168 81
112 158 14
133 49 99
181 84 8
139 4 27
177 157 81
95 69 99
154 26 95
74 184 46
87 66 93
33 165 10
167 8 82
105 167 81
73 196 96
129 193 38
101 171 96
168 179 80
187 181 45
58 79 79
205 157 55
104 195 7
167 157 16
118 76 37
195 122 1
142 138 27
42 55 39
149 124 41
118 123 51
139 80 27
187 26 59
132 126 81
126 48 25
20 79 58
183 167 47
114 85 92
67 140 89
128 204 69
142 179 5
174 165 75
187 149 98
69 54 49
89 82 57
169 104 83
46 197 36
176 161 94
23 144 4
15 13 81
77 173 34
2 3 70
99 97 50
145 9 49
167 23 6
29 168 15
53 99 18
198 89 26
127 101 66
56 32 17
32 199 3
32 204 50
36 20 68
46 56 13
95 204 8
172 22 88
136 90 85
174 133 91
159 57 8
192 110 51
167 127 73
101 123 93
147 159 12
62 208 67
160 166 25
165 85 63
72 113 69
176 83 23
65 11 61
100 96 31
3 36 21
162 157 43
103 145 20
50 163 39
35 134 19
22 203 67
52 100 49
104 87 32
126 74 75
19 113 23
205 207 25
44 157 42
4 167 43
132 45 2
146 107 3
125 76 17
158 126 83
85 129 34
17 41 62
113 192 68
208 95 9
164 155 19
84 144 3
138 19 62
206 55 37
85 152 42
40 55 8
34 85 39
57 145 1
195 52 70
39 17 72
28 82 41
25 155 43
178 25 42
138 156 11
139 117 67
84 9 91
185 205 14
143 196 44
36 123 20
187 163 51
145 75 98
142 8 99
41 205 10
92 120 60
92 172 43
110 92 13
142 153 23
168 123 96
63 54 8
88 151 4
131 90 60
46 145 61
42 203 15
95 144 43
1 23 79
117 24 21
158 190 9
148 62 22
155 60 85
79 166 13
75 151 79
88 178 53
157 12 31
154 0 37
44 91 35
106 121 43
121 156 39
42 7 54
175 59 65
46 94 90
194 28 67
159 79 53
11 80 68
96 95 30
128 200 72
171 189 17
191 121 89
209 48 66
178 154 31
190 207 57
155 17 11
80 130 25
8 45 3
152 126 84
104 113 34
175 3 71
203 105 55
69 21 11
112 55 13
41 70 47
29 12 29
30 35 22
12 92 27
178 183 38
12 73 39
31 11 93
119 45 47
132 125 97
28 95 27
207 157 22
160 58 17
68 21 84
18 58 55
186 157 92
0 145 85
90 164 96
146 4 39
16 204 1
7 80 69
77 136 75
152 34 43
74 193 81
96 104 82
39 56 77
187 100 60
157 120 2
42 52 100
135 58 16
60 169 11
79 15 57
108 150 3
54 76 22
190 44 47
143 56 88
90 42 31
163 6 68
89 104 17
197 200 52
83 202 50
192 102 31
5 69 55
169 206 98
189 156 30
57 39 29
1 32 36
172 98 1
40 61 65
79 164 52
113 82 62
101 147 17
31 75 5
199 185 25
93 30 70
109 111 21
144 39 77
1 184 15
148 56 8
84 23 56
46 81 87
56 31 67
154 157 45
141 187 33
159 149 69
175 153 21
44 154 16
165 101 84
89 100 97
45 35 16
180 176 10
101 182 49
30 144 96
87 80 93
45 121 76
133 109 99
50 159 94
197 186 25
142 45 25
9 35 37
200 85 86
196 116 86
77 16 94
69 63 56
50 198 2
55 163 51
151 80 63
12 80 29
204 94 26
81 102 68
42 185 1
188 35 90
141 78 95
138 70 17
10 97 77
23 30 10
158 77 53
174 134 33
35 105 54
87 122 29
87 128 95
45 85 95
184 17 4
169 56 47
32 101 15
163 139 67
4 85 35
62 96 81
165 48 80
17 36 14
188 199 76
176 7 70
199 140 47
24 140 15
19 136 42
165 106 48
201 9 92
80 150 22
202 106 30
185 79 11
33 191 17
40 124 51
178 0 99
0 67 13
78 70 7
43 173 39
80 158 56
189 37 28
73 96 21
41 181 56
191 35 23
134 54 2
101 142 30
91 55 94
175 35 40
148 131 74
191 15 11
168 1 72
147 206 18
99 148 35
23 117 66
192 120 39
133 127 38
86 205 95
1 179 54
73 166 71
53 33 57
102 50 45
38 19 31
160 60 69
207 12 91
31 123 35
199 170 90
175 75 88
102 58 10
65 103 5
40 48 75
88 18 73
132 94 22
56 191 44
62 53 77
194 94 38
150 172 78
24 98 25
119 14 98
22 158 80
6 125 12
160 5 57
145 35 10
187 2 25
185 102 35
174 153 28
167 92 22
198 90 62
35 135 1
49 144 90
194 31 11
10 208 58
44 167 5
190 53 12
60 172 91
156 165 6
29 87 51
117 102 87
154 110 24
196 27 52
114 117 37
133 77 50
133 208 61
8 177 88
17 100 13
15 142 34
63 88 57
55 208 63
76 188 52
38 194 17
164 59 76
30 66 69
145 195 42
180 157 88
8 14 27
140 84 91
46 72 18
74 80 14
163 37 30
149 38 0
112 8 56
143 150 15
79 119 100
46 13 43
28 131 38
149 57 73
104 103 55
49 110 36
199 46 23
10 124 84
173 71 60
49 1 52
81 123 94
152 6 49
109 71 23
75 83 60
52 198 4
42 91 76
84 37 45
194 58 8
40 169 19
57 8 90
203 50 79
149 136 51
117 82 48
0 159 81
36 173 65
26 184 32
206 170 88
121 165 53
113 139 13
191 92 57
86 65 66
185 146 13
172 24 0
104 81 73
190 22 44
117 172 36
50 70 65
31 0 88
79 12 25
45 71 81
62 77 59
187 205 16
199 134 93
68 98 62
199 130 6
39 123 42
167 53 56
195 46 48
99 154 77
157 151 3
202 37 93
85 182 47
166 2 51
90 171 44
33 79 82
138 85 38
170 156 18
192 186 86
94 177 59
66 17 0
172 127 98
208 170 73
43 157 6
149 146 6
63 124 68
105 99 42
147 71 99
5 116 88
107 10 54
69 191 43
183 186 92
18 65 80
191 60 36
60 127 81
2 145 46
61 93 4
41 126 16
88 160 10
203 42 25
106 41 12
86 40 33
193 33 65
161 180 28
70 166 49
208 3 42
147 110 89
71 120 7
31 110 43
27 186 89
102 188 82
7 149 24
110 90 12
155 123 74
20 184 93
150 162 92
191 160 72
80 109 78
57 180 34
66 142 93
184 24 53
117 166 72
18 190 26
196 169 74
28 108 9
2 42 88
209 150 78
177 20 48
138 32 75
65 140 64
149 105 7
72 204 23
200 3 99
186 189 15
158 55 1
129 50 90
101 11 38
130 67 86
48 26 93
106 78 16
14 208 89
180 141 49
86 174 49
135 83 7
38 205 40
146 73 51
129 123 89
14 166 87
161 141 82
183 192 32
73 140 0
13 162 65
121 164 4
127 38 53
8 134 4
7 106 60
114 100 77
200 132 13
117 49 24
34 57 10
9 6 78
16 14 96
56 183 18
82 50 30
71 156 17
69 87 31
203 194 98
155 54 89
182 66 31
189 135 43
32 36 24
209 76 74
167 170 77
36 63 92
30 36 94
28 157 13
193 71 53
107 80 40
186 36 74
18 169 67
136 34 13
171 192 66
82 131 41
181 202 57
120 87 79
188 7 4
135 165 6
162 163 42
15 84 51
165 186 54
197 112 18
114 147 78
71 29 12
17 26 1
209 24 7
66 185 22
188 81 4
82 77 9
208 118 80
205 164 25
156 151 59
109 15 7
208 133 43
53 115 66
200 180 51
109 133 40
58 127 49
99 70 0
169 123 68
42 107 36
0 53 32
108 95 69
61 179 42
52 118 76
209 151 7
14 182 61
149 15 27
102 3 64
54 140 52
203 49 80
56 117 40
77 8 100
17 66 32
41 21 58
58 16 93
96 57 66
23 46 63
32 105 93
27 145 84
150 156 8
16 9 1
47 181 87
156 158 10
169 15 98
35 6 19
201 16 4
182 93 84
93 142 74
52 85 1
103 114 15
77 188 95
107 67 57
155 124 57
2 71 84
76 57 84
30 104 27
45 46 66
204 124 93
110 167 57
111 13 72
133 33 81
152 35 66
107 138 75
157 43 67
178 50 24
116 140 96
147 50 35
68 145 78
152 106 83
139 172 43
59 198 50
71 59 22
45 40 89
206 6 53
117 156 87
112 127 71
47 61 14
206 69 99
40 183 30
131 93 31
152 68 59
150 192 72
105 20 74
207 155 1
118 49 67
193 167 1
120 4 84
192 29 56
193 23 67
104 179 20
110 27 92
8 86 6
39 116 74
51 118 77
112 92 48
138 154 72
37 171 51
56 49 76
162 174 96
121 1 33
180 39 1
9 60 8
36 199 82
145 177 6
11 145 24
162 159 99
73 118 31
139 1 9
4 110 60
119 160 72
59 24 64
24 100 32
20 60 15
34 136 69
173 60 54
131 71 1
176 58 37
102 32 69
197 6 19
40 139 100
135 94 36
19 96 85
4 141 7
206 75 31
47 92 89
23 103 68
114 208 20
105 184 51
69 205 69
106 200 42
84 134 28
83 69 0
120 111 63
160 146 39
11 81 70
159 18 60
171 202 62
47 192 70
104 107 85
51 121 97
203 144 98
90 195 96
0 61 60
53 11 100
56 79 65
74 123 34
48 87 96
201 144 72
67 86 83
65 172 26
68 24 92
164 69 96
113 114 5
190 168 46
108 17 96
166 27 66
168 198 55
36 109 29
76 58 81
164 21 65
181 146 9
164 135 49
16 95 79
48 106 52
29 45 46
152 28 42
209 18 43
62 94 50
2 193 48
114 135 9
71 88 85
23 84 43
184 105 23
45 42 50
154 135 72
191 129 45
63 44 72
20 111 0
94 181 47
20 113 99
131 136 89
21 209 65
189 199 57
143 180 68
160 179 72
89 197 49
183 113 93
201 49 26
195 156 98
96 89 90
3 188 31
156 47 62
206 154 58
197 10 26
138 21 71
209 201 21
111 175 36
29 175 37
116 159 70
49 195 36
164 39 1
14 163 90
83 104 71
41 172 71
145 131 99
159 189 98
94 157 85
14 50 83
7 138 30
85 15 90
3 74 3
55 134 17
33 11 54
192 22 79
32 164 38
47 97 90
204 59 96
94 29 89
139 75 38
127 205 43
169 208 10
121 180 73
118 99 35
153 117 1
163 25 74
126 24 44
62 79 0
13 80 80
164 22 84
142 190 95
62 12 67
186 180 94
139 204 76
33 199 77
92 59 4
71 182 100
199 34 99
85 203 90
147 123 70
118 39 53
149 88 12
156 2 85
170 130 41
65 166 21
59 199 100
4 19 5
133 71 56
163 74 8
148 120 76
9 151 83
29 144 28
16 198 45
105 165 57
156 55 6
110 44 24
101 159 10
136 71 83
57 23 28
75 50 31
112 174 100
99 50 56
188 129 29
186 69 62
99 96 1
152 159 35
131 42 53
4 164 26
20 115 25
130 107 50
130 151 63
151 18 71
66 6 42
170 131 2
115 5 84
66 174 91
37 67 76
65 155 31
148 98 20
193 41 82
157 186 29
180 142 72
127 76 16
67 196 35
145 14 39
18 32 79
91 111 74
183 171 14
207 205 25
139 195 25
154 201 56
117 47 61
131 31 65
15 205 31
136 30 1
105 47 24
32 15 74
179 177 53
67 149 13
118 35 93
156 144 67
74 203 62
196 21 12
134 14 56
16 35 41
104 208 59
41 65 58
165 134 98
53 96 70
26 5 33
80 161 61
50 21 69
152 8 2
188 135 22
7 108 51
74 67 84
147 156 39
154 165 92
152 4 94
145 41 39
209 35 2
94 121 90
201 159 54
209 199 23
99 66 6
145 197 79
112 94 56
158 23 36
61 65 57
40 5 2
90 106 36
94 146 12
183 63 20
199 180 9
150 160 19
162 2 15
67 108 90
138 38 38
63 177 87
167 37 81
11 7 8
103 110 75
62 129 22
42 73 69
20 194 97
147 153 17
90 125 6
181 162 1
40 77 4
131 4 0
170 25 38
115 206 19
93 185 25
154 153 29
38 66 27
162 19 79
105 115 42
11 8 94
73 209 54
108 47 87
184 10 18
51 117 92
209 3 68
128 118 7
109 79 73
201 113 25
102 48 20
193 36 56
199 141 28
78 60 18
147 46 54
26 160 85
123 209 96
101 76 46
99 158 61
115 45 12
195 42 13
80 10 5
184 124 14
69 46 63
187 79 67
147 150 64
12 105 17
107 156 48
174 159 38
125 88 17
148 134 33
34 71 58
153 115 12
193 143 84
51 146 88
72 5 81
56 27 24
13 124 92
19 126 42
84 59 99
193 204 23
178 97 26
163 126 88
28 52 25
176 151 52
106 162 74
104 148 27
183 39 52
192 180 68
27 43 76
163 176 79
111 127 41
69 28 51
65 183 13
208 76 56
189 19 63
66 156 37
80 35 15
60 123 61
136 29 63
175 167 80
152 3 82
99 191 89
120 163 85
108 36 97
120 72 76
184 135 59
75 133 17
165 178 18
209 103 52
73 136 45
16 120 47
199 78 100
1 90 77
95 62 91
106 1 73
46 71 0
63 36 46
52 60 41
115 87 28
1 148 97
89 22 6
209 182 71
43 18 62
183 204 15
40 177 62
21 131 74
172 48 1
11 61 43
109 177 76
20 42 92
14 19 7
182 149 18
201 130 93
9 105 82
97 167 38
127 65 45
73 36 53
14 116 56
107 85 78
5 26 80
155 32 46
19 49 84
99 189 50
181 31 35
161 66 47
66 27 63
94 175 58
197 207 58
158 88 88
61 177 22
51 35 24
165 6 35
30 29 72
94 83 12
77 154 69
104 53 55
57 153 37
49 209 23
39 23 36
57 128 40
44 171 70
86 88 86
155 74 86
104 110 60
57 205 92
71 105 6
156 69 23
167 96 99
133 4 81
93 190 79
24 15 68
129 150 5
13 73 16
104 24 93
60 45 24
118 66 93
20 62 6
46 149 40
115 202 21
138 74 59
86 172 3
111 50 66
127 14 64
169 155 81
122 4 36
118 105 41
122 49 72
155 77 33
180 71 5
206 51 6
126 181 51
92 71 39
21 138 40
14 92 86
185 15 10
81 32 71
8 185 43
92 158 53
37 198 29
8 195 4
82 147 83
165 122 39
78 81 17
9 107 26
81 152 6
175 168 13
7 13 88
99 129 74
188 49 71
192 93 66
116 44 88
183 126 36
97 36 25
50 119 76
140 17 16
148 195 38
1 96 12
177 45 51
57 208 65
198 77 53
18 102 91
156 61 2
185 73 81
205 174 97
135 170 84
71 135 9
189 159 53
69 124 77
76 16 11
122 162 4
128 24 52
111 7 29
14 159 71
147 105 9
125 171 72
92 22 51
172 90 0
59 21 43
58 148 56
205 186 79
51 127 40
21 51 74
204 199 81
133 170 55
107 40 14
8 174 83
112 114 16
26 13 17
193 178 0
172 190 61
85 11 51
96 169 93
95 36 16
79 41 61
178 201 96
77 3 81
102 110 18
96 45 0
61 89 33
125 160 3
133 82 68
140 182 72
13 6 70
15 77 13
72 81 13
87 173 48
86 93 81
173 79 60
116 111 48
117 128 71
168 150 32
145 199 0
110 17 85
146 94 23
49 16 77
146 50 97
16 107 42
194 22 23
157 80 80
193 88 80
186 110 26
154 146 63
30 184 90
133 73 82
74 73 71
123 46 22
56 140 95
88 167 20
55 69 40
114 87 17
161 76 23
133 48 4
123 22 24
65 66 47
23 56 13
153 161 100
172 16 89
171 136 62
155 134 42
154 199 20
190 193 29
29 92 6
175 176 12
158 180 32
200 93 49
41 46 61
94 68 20
71 31 53
69 89 2
152 30 74
151 146 79
35 89 70
90 57 0
61 190 54
49 190 61
42 98 67
3 40 8
42 122 64
151 1 19
145 150 28
39 97 92
119 26 2
190 72 47
59 138 62
39 203 60
204 200 13
68 47 51
10 95 100
47 179 11
100 172 88
153 97 62
161 22 60
171 207 35
121 175 13
13 107 54
105 111 45
96 36 1
85 51 61
148 43 63
23 115 23
63 166 84
47 9 47
3 200 94
108 170 67
165 177 1
77 46 31
75 71 34
157 175 69
138 163 1
129 148 66
147 127 66
40 101 40
154 138 69
168 105 67
198 7 22
0 6 65
48 153 55
85 108 92
2 110 15
193 31 44
156 149 79
21 134 20
158 189 45
150 53 34
83 18 24
149 62 0
27 95 60
130 127 57
115 201 33
67 201 13
78 77 1
110 40 40
57 184 76
157 11 39
78 98 11
169 165 32
108 146 31
146 80 21
92 147 10
207 80 69
38 187 99
58 146 22
144 175 30
201 121 45
154 74 14
13 194 47
146 74 25
69 158 41
19 92 27
29 197 94
56 99 100
83 188 50
7 193 17
152 85 42
14 144 72
37 209 74
77 149 13
167 164 92
62 175 82
28 204 5
53 20 26
18 154 95
143 61 5
107 105 78
177 13 55
208 144 26
180 74 0
122 47 20
15 154 35
138 181 34
143 138 17
49 77 71
152 173 45
84 22 53
12 88 98
129 135 47
159 23 5
44 34 43
0 160 100
2 24 94
187 75 62
55 203 33
194 162 74
198 204 37
183 35 50
150 130 81
82 29 20
5 150 16
164 9 32
82 188 12
66 141 75
83 143 4
149 208 67
19 127 79
74 88 89
111 4 31
124 176 83
98 102 61
185 54 22
10 147 61
199 49 60
89 144 55
204 45 23
178 89 2
2 108 0
42 142 36
35 155 2
111 15 17
53 91 16
195 60 83
106 149 38
85 122 16
111 157 89
158 134 25
13 106 69
106 125 78
72 172 63
56 152 59
84 93 39
114 76 89
140 161 58
31 57 22
62 209 48
128 86 3
38 122 82
146 88 66
201 10 81
195 97 90
154 19 38
141 176 98
103 192 83
43 79 3
121 53 96
108 205 55
117 149 71
147 179 24
63 140 42
5 89 54
89 115 25
7 85 48
133 51 20
152 201 49
52 195 85
80 178 22
142 181 13
18 16 80
42 176 3
170 46 61
27 150 82
150 34 53
131 135 14
52 62 4
11 199 69
66 121 92
154 4 73
87 69 30
160 8 29
139 130 79
26 11 43
68 186 50
162 50 54
66 166 3
147 1 10
110 54 29
101 102 30
109 69 88
190 92 17
118 98 9
41 15 32
54 97 44
171 54 43
33 98 39
67 18 35
146 193 88
135 67 93
92 180 6
189 150 45
54 161 57
93 14 100
127 112 17
207 43 94
181 154 64
191 75 89
4 168 85
99 21 80
71 30 62
83 28 27
208 91 20
30 17 46
17 1 6
32 55 98
14 16 49
33 156 53
119 124 45
14 73 78
163 135 34
88 180 28
57 175 14
164 186 45
59 164 82
81 73 73
138 146 53
71 65 82
166 15 10
168 69 62
47 197 14
113 72 93
54 51 57
115 88 35
184 120 61
127 80 24
4 111 33
112 16 12
71 22 47
185 5 95
38 102 88
84 17 33
59 190 3
181 102 68
44 38 26
187 190 59
88 4 34
55 185 91
146 177 8
108 204 19
106 204 67
208 107 45
73 38 37
65 56 32
80 40 8
117 103 23
46 208 82
36 146 49
45 158 1
72 23 41
180 190 93
134 23 82
148 55 80
100 121 76
158 18 39
200 150 56
17 82 0
35 1 91
197 38 5
72 34 29
162 205 36
23 51 31
175 116 45
42 75 1
145 47 81
33 52 21
172 56 66
1 50 76
206 24 21
94 161 100
58 101 83
109 128 13
26 31 58
109 46 8
133 7 46
43 145 65
188 164 100
98 34 48
10 120 33
161 51 51
33 179 17
178 141 95
145 172 15
91 81 93
44 15 61
206 149 41
150 158 80
191 145 61
102 78 36
7 114 56
1 122 63
40 31 89
124 58 35
96 168 12
79 7 29
209 97 23
198 134 6
24 203 72
103 32 94
99 42 37
80 71 92
6 205 66
16 142 89
41 26 77
208 93 97
187 24 64
70 141 26
56 184 33
158 43 8
115 1 17
127 31 62
149 153 13
56 54 37
115 138 2
102 41 15
135 46 1
202 129 76
197 20 96
176 201 36
129 8 49
155 150 21
65 90 5
81 161 77
79 56 82
196 113 42
167 29 59
127 17 75
62 0 34
69 16 71
185 2 32
115 82 94
111 17 2
167 118 53
206 131 87
69 135 14
6 146 1
144 97 14
114 69 97
131 177 75
88 75 45
203 21 100
94 45 0
126 46 11
91 105 91
51 107 38
196 165 51
3 14 50
180 139 88
177 138 85
9 89 16
26 36 66
158 117 18
97 164 21
87 24 41
144 168 20
27 77 31
201 131 38
83 39 50
86 129 89
125 192 72
199 28 84
66 94 38
133 66 7
76 118 3
16 84 43
89 153 44
49 57 34
169 142 34
120 52 99
194 62 95
138 202 60
146 59 65
68 80 8
74 157 45
172 100 64
75 115 6
203 113 24
107 81 79
134 120 47
53 158 36
179 42 77
207 100 46
71 54 56
126 195 65
178 55 2
209 160 97
22 141 65
99 157 7
83 75 47
57 46 20
134 24 43
73 77 22
73 3 45
41 82 27
185 27 38
118 209 13
88 162 37
81 164 83
62 150 32
88 73 58
125 186 85
61 143 65
130 161 46
144 165 18
176 66 94
99 68 6
25 34 50
176 160 71
4 197 18
55 35 69
35 72 31
41 189 2
45 187 57
55 51 96
148 113 71
171 196 20
132 208 94
46 44 35
79 146 79
66 108 27
173 131 77
140 71 69
62 189 8
28 37 48
204 157 16
40 17 34
41 73 29
12 25 64
109 107 84
17 164 92
32 162 4
110 174 56
169 81 34
47 75 94
79 70 23
89 206 29
96 157 88
107 86 20
177 41 6
97 136 38
13 45 28
150 92 89
79 198 91
82 47 90
153 85 86
78 124 55
89 96 92
27 125 74
34 44 43
207 68 72
31 188 42
180 43 79
91 83 51
173 25 33
87 124 27
28 3 80
176 207 3
31 87 88
61 126 51
142 76 34
110 203 3
142 180 83
49 197 4
115 145 18
116 29 56
95 58 73
135 20 22
43 4 18
15 52 25
164 88 31
1 30 15
86 22 36
170 90 15
88 155 72
72 32 40
169 146 97
130 75 17
82 134 54
133 16 91
176 121 30
0 4 94
58 17 45
196 34 80
146 124 62
104 20 44
54 187 47
21 110 73
170 37 92
118 36 0
205 190 71
59 104 99
103 46 92
202 109 47
16 207 29
153 70 90
74 150 50
62 149 69
98 178 49
185 19 3
32 107 49
82 69 37
85 135 93
44 70 60
161 25 25
69 60 25
112 178 75
180 69 92
129 29 79
188 112 94
8 112 48
10 20 54
189 61 99
11 197 100
181 77 85
80 76 26
23 0 41
117 92 30
90 180 59
19 83 63
86 187 56
188 39 44
70 12 72
14 27 82
78 0 54
63 74 38
150 7 21
48 68 52
16 193 83
92 139 4
127 7 86
95 140 44
155 35 64
203 165 82
124 56 7
144 85 91
88 74 67
66 199 70
138 206 44
79 35 27
163 124 26
19 168 93
116 179 95
65 106 97
198 15 54
19 69 83
185 44 90
157 27 28
172 113 90
184 179 36
170 152 43
125 22 12
130 83 72
81 124 43
73 66 8
133 83 77
53 196 50
129 102 30
71 175 23
149 202 91
119 176 64
17 194 43
42 24 2
33 67 62
96 206 31
10 76 35
67 170 82
70 156 22
5 132 59
103 174 67
105 194 86
190 54 42
25 55 72
0 124 21
190 93 51
113 172 60
55 40 39
140 6 1
139 166 49
125 8 82
133 167 21
99 179 20
134 112 75
36 83 61
148 209 20
14 128 5
168 199 99
112 54 24
91 168 11
160 45 1
57 198 43
153 76 35
128 154 25
187 195 19
154 149 91
158 184 5
128 121 63
132 60 52
21 15 7
203 178 90
45 34 63
119 109 63
55 23 73
96 111 73
147 21 6
74 61 61
171 98 31
40 22 93
89 126 80
201 101 41
26 86 0
35 141 37
45 19 53
153 92 93
130 202 22
199 186 41
82 186 58
91 50 13
154 132 13
78 67 97
130 25 2
97 72 42
153 133 95
2 100 74
176 63 100
151 131 52
52 177 40
77 169 65
182 143 34
160 62 40
182 67 19
117 193 84
62 107 80
174 163 90
30 198 89
144 201 48
80 93 98
184 34 29
180 40 51
150 189 65
27 33 54
119 16 4
189 36 3
21 188 63
66 36 21
118 181 99
172 131 47
152 206 71
196 22 12
123 198 56
81 94 17
136 85 98
42 65 6
47 172 55
42 163 40
194 81 2
199 206 8
105 193 2
124 186 65
35 144 99
162 168 49
146 98 99
30 185 37
130 145 0
47 151 34
143 16 53
19 189 40
12 7 62
206 133 62
101 110 99
26 111 87
76 94 29
54 158 88
53 192 88
183 103 14
76 33 28
115 194 63
83 186 30
143 42 71
85 189 53
166 120 88
145 72 43
136 2 99
117 169 11
145 17 75
146 37 83
9 117 64
54 36 69
86 184 14
199 169 43
203 170 33
31 18 51
141 181 82
144 11 39
14 201 62
118 88 29
206 117 67
7 39 59
73 98 71
80 118 11
208 67 95
34 30 20
31 187 10
200 145 73
16 165 92
71 62 80
209 191 1
115 166 57
149 84 73
79 175 79
3 13 9
27 108 83
131 43 85
13 67 94
5 168 43
46 55 57
205 116 92
168 136 51
13 151 28
40 122 48
30 107 38
208 96 75
57 43 59
153 16 31
82 57 69
78 85 74
91 26 56
104 25 91
39 181 65
119 78 47
112 63 9
200 130 93
34 114 22
202 115 82
74 197 69
5 42 26
36 165 34
28 59 25
94 141 62
88 53 3
108 83 14
138 159 25
1 8 22
58 4 62
183 162 66
100 125 42
84 5 32
25 63 23
1 22 73
34 93 74
102 135 31
70 78 2
132 104 2
136 0 94
8 93 85
5 207 31
13 75 60
83 40 53
49 180 47
23 86 23
108 141 61
91 19 15
155 147 16
107 57 17
10 205 20
192 111 99
80 41 95
112 120 7
196 92 49
31 19 22
35 203 14
112 99 32
2 136 40
21 122 46
46 147 73
83 164 3
124 140 73
8 123 65
13 186 83
32 59 59
162 66 74
103 70 6
151 121 68
81 63 99
105 0 23
36 205 60
80 162 78
6 170 42
18 66 6
25 132 80
42 48 58
90 62 6
37 54 96
69 47 11
3 194 7
114 154 74
147 73 73
66 70 95
174 195 27
149 184 71
55 133 4
59 197 19
116 156 43
89 52 40
160 55 97
206 132 23
145 79 38
111 163 34
115 161 27
46 159 11
120 126 46
206 209 55
42 1 21
141 69 4
76 38 84
161 132 7
0 113 85
111 206 89
15 59 3
8 12 59
67 22 4
45 189 59
113 12 22
106 94 10
109 74 24
202 128 76
180 42 5
17 118 11
116 183 90
79 14 81
181 128 29
197 9 23
198 67 52
196 114 67
73 49 55
156 40 16
89 160 18
76 25 6
7 200 79
176 9 89
36 62 61
207 193 81
34 91 67
202 197 12
36 75 33
11 177 95
87 185 65
201 151 87
149 53 16
86 105 37
49 98 21
77 25 79
145 138 95
157 145 6
106 19 41
113 157 7
47 72 28
7 129 2
46 157 43
24 135 28
175 166 38
151 193 33
61 71 42
157 37 94
51 157 6
37 17 36
97 177 69
101 90 68
103 53 95
209 82 21
93 109 68
207 162 89
86 89 74
209 141 26
144 176 63
70 20 44
13 131 63
96 100 97
60 193 100
170 208 87
41 111 72
47 186 57
178 205 95
149 122 97
147 171 44
177 167 93
77 204 27
13 149 97
89 19 12
14 106 39
0 51 16
143 13 69
60 122 1
188 53 59
193 170 9
100 155 62
7 132 95
169 178 76
179 208 32
41 133 85
146 159 13
131 129 5
75 96 44
45 91 14
160 112 2
208 2 51
183 33 93
29 102 96
160 194 84
24 96 33
65 126 22
196 67 27
168 169 87
138 151 4
65 70 38
115 3 2
120 116 14
166 113 97
148 69 70
34 25 78
195 20 86
139 158 39
122 41 91
102 114 45
120 202 86
6 8 36
76 9 1
159 47 13
58 190 30
178 40 100
28 76 31
33 4 11
199 43 98
39 11 91
22 27 48
85 29 21
52 45 89
96 12 92
67 65 88
141 103 18
60 118 76
26 131 93
3 209 29
27 21 66
134 204 20
48 176 7
160 135 32
149 42 42
8 0 33
69 167 7
50 53 83
42 144 86
130 22 0
104 1 8
61 0 18
77 143 41
76 181 61
74 9 59
99 161 53
127 138 63
196 136 69
17 18 79
170 119 56
97 53 64
108 59 18
79 205 63
106 175 26
10 29 68
3 38 2
121 35 90
105 68 83
106 112 35
152 29 95
13 86 22
27 119 29
117 150 86
207 50 83
97 60 39
97 156 53
113 46 84
131 79 67
138 153 35
20 90 94
24 157 74
49 69 37
179 75 44
24 185 42
171 116 58
76 155 93
70 122 79
54 138 55
109 175 61
136 19 84
108 98 42
23 35 59
59 192 86
5 145 73
17 157 44
100 24 22
94 5 3
148 19 83
51 195 2
170 65 85
37 87 35
47 90 82
76 190 86
30 69 43
181 195 93
74 55 69
80 136 11
106 5 76
51 74 35
100 159 5
11 6 63
17 28 53
152 133 75
150 44 72
143 144 24
112 131 1
105 58 81
46 96 94
175 2 33
74 95 81
3 11 64
188 107 64
79 31 17
201 192 44
52 27 66
149 30 24
36 6 55
96 138 85
125 207 4
127 204 89
201 136 38
40 162 11
78 53 93
147 90 75
56 68 91
78 28 62
16 53 39
70 66 12
118 29 10
124 185 75
9 164 55
173 161 14
95 21 16
60 56 47
151 46 99
201 182 46
65 110 39
34 17 76
118 10 95
185 197 69
97 203 21
44 49 65
19 123 49
132 204 81
134 96 48
162 109 69
84 186 52
87 12 26
189 69 0
164 181 54
205 56 55
83 97 11
87 138 18
43 48 42
207 173 25
179 68 82
180 50 94
164 91 48
189 107 37
96 0 22
69 186 66
67 105 34
32 62 86
125 140 52
132 95 30
103 55 71
145 160 13
131 205 35
208 6 68
34 146 95
85 84 75
42 136 28
34 153 53
138 1 31
52 78 86
174 65 42
178 175 86
205 153 43
164 10 89
81 42 66
128 39 69
176 28 19
31 153 90
35 102 34
192 122 70
184 43 7
169 129 14
167 3 42
82 56 80
147 104 0
43 87 27
26 169 56
60 168 13
208 188 51
131 99 83
105 41 48
96 51 76
172 91 66
142 200 100
5 201 12
159 121 70
183 119 87
22 114 56
3 106 16
189 48 83
206 145 68
124 106 46
114 107 59
47 46 94
45 166 33
158 114 33
98 199 19
165 30 94
20 53 91
204 85 7
109 12 23
160 201 77
68 97 6
172 80 41
195 187 33
126 26 14
19 35 95
171 151 36
73 134 29
10 157 78
95 205 73
81 109 52
144 45 60
169 25 68
81 30 100
125 121 44
143 12 46
145 101 72
53 17 42
79 81 34
114 102 65
76 161 86
120 101 21
162 122 37
140 101 62
16 22 64
141 198 76
139 34 5
21 169 99
179 186 46
128 122 0
190 107 71
6 110 84
98 150 70
102 155 28
166 146 18
39 160 89
41 188 26
103 82 5
82 46 22
54 72 71
193 139 16
181 23 48
138 43 23
117 93 73
106 132 83
4 105 70
168 3 8
123 49 48
78 132 31
128 31 75
136 31 24
183 81 49
61 16 46
192 48 43
187 55 11
54 16 15
33 82 18
107 4 22
140 189 23
121 152 66
32 30 63
151 111 17
180 46 17
46 126 0
118 196 100
85 50 91
12 82 69
31 41 65
110 146 33
8 27 7
198 200 67
43 76 16
60 194 62
143 39 37
116 177 58
173 100 62
37 74 95
176 189 10
67 194 79
97 99 0
66 86 69
115 208 94
109 37 12
22 90 68
9 192 51
56 170 70
36 192 58
172 204 57
39 24 95
139 159 0
9 31 64
207 187 35
170 139 67
147 200 35
52 82 36
33 200 14
6 29 64
65 35 38
92 8 48
29 94 41
106 143 15
82 80 21
72 169 4
79 37 81
202 152 52
121 66 8
63 72 16
89 59 33
135 18 51
80 116 7
202 184 53
56 75 95
66 63 11
147 99 9
114 51 49
116 18 73
108 164 78
94 9 41
136 130 24
168 60 82
184 75 28
148 163 23
146 121 80
43 31 27
75 32 30
24 84 4
208 102 32
155 46 11
192 208 33
107 35 71
74 24 57
50 202 37
93 25 49
171 79 47
36 195 99
49 50 84
36 5 20
167 38 64
0 143 14
146 30 21
13 195 49
195 6 53
180 172 29
183 89 95
150 141 51
170 135 11
11 100 39
52 132 56
198 121 52
186 12 92
194 39 61
58 141 79
162 32 57
192 114 19
9 7 37
110 134 89
50 135 69
148 197 31
160 77 18
72 125 9
16 86 52
59 208 20
22 159 27
40 170 16
139 123 32
204 81 16
193 111 84
150 108 77
189 195 27
57 37 65
47 178 56
207 102 85
176 85 19
82 68 19
52 119 90
182 150 94
53 86 36
204 179 49
143 70 65
7 102 69
122 18 99
21 149 47
123 140 22
130 86 23
88 200 42
136 112 12
180 124 13
200 146 90
146 46 9
89 208 5
136 45 80
177 116 23
179 185 55
40 167 11
144 162 11
80 159 97
116 120 31
98 139 55
82 28 91
0 161 79
39 37 75
44 193 34
175 45 57
170 209 62
76 86 50
83 27 14
80 104 38
1 167 11
184 110 18
89 147 26
125 72 84
190 158 85
55 183 66
134 62 15
198 196 46
60 138 67
189 58 68
175 154 69
117 97 69
201 96 53
56 207 97
42 205 85
13 199 53
138 201 46
55 117 1
123 24 75
34 10 11
50 58 74
130 141 18
162 11 4
131 25 71
146 202 40
45 183 30
9 154 45
153 197 88
23 102 12
168 28 58
87 7 0
177 79 61
10 159 9
105 199 50
35 60 71
121 103 12
172 209 56
140 136 33
201 15 28
145 69 32
61 90 51
152 100 99
26 71 31
139 181 7
201 108 63
111 66 90
28 74 94
2 120 22
193 95 93
106 91 69
122 0 49
106 142 58
59 41 93
159 191 100
35 120 28
121 31 32
91 67 66
126 10 71
99 20 75
189 51 27
72 180 20
17 103 63
35 138 3
39 130 93
65 113 7
146 151 11
62 122 19
69 11 67
107 36 48
186 82 73
79 153 10
204 42 98
131 39 76
70 160 38
60 191 24
31 129 83
86 198 70
60 97 79
191 131 95
92 44 14
143 30 10
85 72 38
68 58 52
191 72 52
187 112 99
28 96 68
34 96 31
144 170 75
29 114 18
149 198 40
104 58 9
134 80 80
208 178 43
21 173 32
9 199 7
176 172 9
152 197 31
189 182 3
25 192 31
109 54 58
41 68 54
135 1 9
201 166 85
167 89 4
38 203 20
163 38 3
117 175 86
18 184 28
72 24 80
176 198 75
52 77 40
174 105 9
107 39 5
143 105 9
150 49 60
111 190 14
195 132 98
4 152 72
74 192 82
44 5 60
5 20 32
27 68 15
112 5 21
112 91 69
86 139 81
167 47 60
106 170 90
151 70 22
51 150 12
74 11 57
100 116 89
150 180 8
191 175 13
78 157 8
38 49 4
169 30 37
54 198 35
142 131 83
47 164 11
67 106 80
14 192 91
162 145 79
177 23 27
110 51 20
70 98 91
158 100 45
35 150 8
24 89 22
116 131 38
66 99 4
159 69 58
89 158 94
5 172 60
35 19 78
37 168 57
155 18 17
100 76 79
8 172 77
38 103 19
153 208 17
76 18 90
91 90 93
108 128 23
85 163 89
58 23 7
171 165 83
7 31 42
180 102 96
184 125 22
41 62 48
59 139 65
71 52 45
42 41 54
96 106 82
102 138 24
9 132 60
61 186 29
10 87 72
160 100 99
5 84 50
15 41 14
66 89 52
80 21 12
101 108 99
176 101 34
54 99 7
77 75 78
120 60 66
176 50 24
152 77 20
20 80 95
93 59 14
102 77 3
183 100 76
146 11 1
31 90 36
162 17 17
156 82 15
80 87 25
165 116 85
173 157 55
63 178 23
48 51 16
59 177 7
24 79 53
192 18 32
2 111 83
110 189 51
200 84 32
90 126 15
99 13 63
123 61 55
11 181 22
124 135 25
86 98 29
0 88 30
81 11 91
108 202 87
52 61 31
26 84 76
185 147 42
51 192 95
51 131 62
93 107 82
11 117 48
13 89 55
111 61 42
200 2 21
106 38 14
81 183 96
89 93 75
22 132 42
175 77 68
75 189 58
28 181 74
129 162 68
125 172 58
55 195 98
125 9 65
7 150 44
20 96 56
132 128 90
123 97 75
63 98 81
117 178 86
88 136 32
164 74 69
17 183 53
110 91 82
191 174 3
25 42 35
74 167 8
85 71 43
103 151 20
209 179 6
25 15 83
158 38 43
152 191 60
204 125 14
27 99 25
114 0 12
142 18 52
151 189 74
198 131 31
71 82 67
198 16 2
32 104 93
118 164 21
205 25 94
51 65 32
41 11 85
39 163 93
186 100 94
138 30 9
175 189 85
209 119 25
119 68 74
98 96 5
161 72 63
190 115 87
181 78 85
0 107 8
143 48 51
180 160 16
59 185 92
132 63 37
22 99 60
126 123 41
113 35 90
153 11 67
73 11 3
134 90 62
93 42 59
119 194 6
166 103 86
37 145 87
20 0 25
200 149 56
37 60 69
46 189 47
129 12 73
183 188 68
26 158 22
165 1 82
119 80 50
197 73 94
134 127 61
97 120 60
58 27 95
170 184 94
13 182 52
63 163 43
145 142 73
40 90 68
20 23 74
41 59 84
128 144 20
134 98 56
196 194 56
181 148 34
136 54 97
164 42 1
186 205 58
122 139 52
140 200 79
90 114 64
10 77 68
14 197 23
165 31 42
146 7 26
72 88 6
65 67 63
82 140 24
202 119 57
51 199 43
136 181 63
197 81 36
87 125 12
99 174 52
187 179 87
13 35 77
130 126 78
9 38 87
102 136 63
88 21 7
36 59 7
17 106 63
45 164 65
146 161 71
138 185 46
160 6 61
183 74 25
99 58 45
187 21 27
71 205 31
51 56 48
32 72 87
32 11 56
117 202 89
62 83 87
197 59 54
119 133 17
52 66 55
20 10 82
77 116 19
127 107 79
16 36 48
162 136 30
209 13 0
184 4 18
76 60 92
26 92 3
13 41 61
104 118 13
71 149 65
99 116 77
86 77 10
80 128 52
33 152 89
164 89 20
165 69 80
143 139 76
174 81 80
44 66 38
44 175 8
153 154 11
92 2 12
198 174 71
118 154 69
119 171 64
81 155 67
41 178 70
24 169 11
162 23 17
86 29 25
157 62 1
50 86 93
112 10 73
19 75 27
47 205 23
164 3 99
177 6 77
159 94 42
113 205 94
186 128 84
103 156 85
134 126 99
18 72 52
131 14 39
145 97 31
135 180 86
38 31 18
124 13 68
4 8 70
141 13 96
207 164 36
130 32 43
197 46 44
102 169 3
141 152 49
42 126 78
202 207 55
57 41 52
74 132 5
142 162 13
174 185 9
20 178 42
84 46 61
63 173 32
25 111 27
149 50 86
201 202 11
168 129 4
141 120 63
160 4 70
174 205 32
83 14 50
158 122 74
94 166 65
77 167 69
12 68 96
87 93 39
19 53 13
146 5 58
202 13 78
110 29 17
173 169 64
124 4 18
190 4 49
23 205 21
171 22 0
83 199 97
18 36 0
205 132 94
151 91 18
109 174 32
3 207 17
76 53 3
45 171 81
18 90 12
100 39 15
184 29 36
8 127 86
152 175 93
163 138 68
109 44 90
72 102 46
181 185 68
91 186 78
4 96 0
166 108 18
30 128 51
192 109 13
95 42 14
36 29 56
18 155 96
193 165 36
125 156 0
74 163 86
177 174 36
82 65 75
188 102 77
127 124 12
198 44 5
15 100 61
33 19 49
170 95 58
68 31 27
1 99 13
7 42 23
53 12 27
186 177 91
23 81 32
36 90 21
124 136 31
188 189 64
51 90 82
197 167 97
127 85 81
1 140 57
193 136 5
19 88 41
83 70 33
160 141 94
107 171 3
52 79 19
74 19 78
173 97 94
120 186 87
122 59 22
40 134 70
55 98 76
12 112 69
132 170 20
3 174 36
77 200 57
197 33 76
182 204 81
11 147 69
184 133 53
175 133 84
37 172 7
150 183 9
2 179 41
112 163 67
80 83 26
109 159 63
162 97 15
117 28 10
108 179 18
30 174 17
154 28 68
160 83 43
184 94 27
71 10 61
200 193 100
153 192 20
190 35 46
18 2 55
159 131 39
54 83 51
175 164 75
104 162 5
68 205 19
13 74 8
198 154 51
17 40 15
39 95 0
75 69 53
74 143 23
62 46 37
141 43 69
168 6 48
98 164 86
77 147 59
49 44 34
29 161 7
58 169 18
5 73 38
56 167 6
5 19 93
2 109 39
58 176 19
160 169 17
172 152 91
70 48 49
175 87 32
105 200 92
33 128 26
154 59 42
208 176 96
198 208 28
65 194 67
160 191 7
123 65 83
87 99 21
187 113 39
174 31 28
177 83 63
122 6 12
32 140 49
12 83 76
176 129 4
9 39 99
173 168 25
36 129 99
201 148 42
189 204 15
111 168 18
175 20 51
112 97 55
68 200 45
143 100 28
140 12 73
69 164 67
79 74 78
191 193 76
167 177 72
17 124 81
77 61 70
154 113 86
16 115 60
125 20 85
34 51 59
193 57 15
87 130 0
47 152 69
157 189 99
60 109 87
46 115 39
26 143 80
34 167 72
150 13 85
101 105 9
98 182 38
189 167 27
54 186 2
121 193 39
34 205 15
114 153 36
32 188 61
1 91 95
184 128 51
14 145 20
110 171 69
166 187 50
112 198 63
51 123 77
140 154 6
77 205 24
127 75 65
178 21 65
40 47 57
154 198 92
160 183 67
164 8 25
78 156 18
209 81 30
202 182 48
122 184 77
50 55 48
169 112 77
138 86 66
4 158 26
110 131 33
104 84 2
100 94 68
119 170 15
77 14 98
96 191 19
89 120 53
174 43 86
49 150 39
203 32 41
164 96 42
18 179 92
188 204 9
170 148 67
75 81 95
53 104 88
191 24 97
22 24 0
166 10 50
86 123 14
89 101 70
30 67 85
50 84 88
66 104 83
177 63 86
19 176 84
44 203 58
134 142 13
138 13 44
201 176 31
120 205 54
87 109 16
139 162 58
78 188 52
53 35 6
103 42 23
151 8 24
13 66 43
56 61 44
144 88 54
156 125 36
30 120 64
9 135 21
205 30 99
27 78 5
160 143 78
0 139 48
126 91 73
15 187 48
203 201 16
23 172 62
70 177 78
185 41 87
126 50 87
58 121 60
124 79 42
19 131 24
9 108 62
73 100 41
31 100 60
45 195 11
105 35 62
158 6 34
121 36 2
162 204 88
71 102 24
23 201 19
65 169 90
165 191 79
141 182 22
169 90 91
98 181 17
128 182 58
163 98 32
139 175 8
87 86 47
20 85 29
15 2 51
143 109 34
175 39 23
108 193 36
171 208 0
162 206 85
49 101 32
88 12 6
158 162 40
177 201 14
101 52 3
3 133 41
114 130 64
127 174 58
134 27 63
47 22 37
140 125 16
101 118 36
178 118 3
60 82 26
78 95 62
164 139 46
112 207 54
139 22 29
197 23 0
181 180 12
95 97 69
91 94 97
30 207 54
131 161 51
145 174 34
209 59 99
74 2 14
74 52 1
152 0 56
46 181 71
152 90 85
181 1 96
85 7 44
8 148 48
0 202 86
9 121 17
208 47 77
175 134 34
85 83 35
71 203 31
38 35 2
160 3 64
181 60 53
93 156 9
209 107 57
159 161 60
205 47 27
152 99 5
24 13 35
181 39 6
46 158 10
125 0 80
185 0 43
72 103 70
84 128 29
39 197 8
8 11 88
90 123 58
200 100 77
56 50 11
153 89 30
183 132 29
206 48 33
107 21 22
144 183 14
153 118 86
143 172 96
66 146 21
178 199 68
159 40 45
57 9 47
46 196 66
161 142 60
9 33 28
186 52 58
25 48 60
159 83 30
134 113 15
24 10 31
94 33 10
37 143 20
146 140 100
196 122 76
11 25 8
4 130 2
176 27 70
81 201 66
45 162 93
186 13 59
98 170 97
16 209 82
72 189 80
197 135 8
16 108 38
149 130 0
27 54 32
57 72 66
126 60 75
188 67 4
62 116 49
62 9 86
45 122 24
4 154 53
163 84 84
202 20 80
77 135 74
198 112 13
133 42 17
206 8 8
30 208 49
79 94 35
113 6 79
31 53 8
110 23 70
39 7 27
205 36 63
118 0 34
193 186 51
167 50 85
159 197 17
174 115 79
112 15 38
18 79 66
146 187 77
5 23 35
204 167 49
23 169 34
33 193 13
23 38 3
113 186 41
87 46 91
174 68 80
151 24 79
163 97 71
50 201 1
52 150 22
82 36 57
173 51 39
67 191 19
160 130 0
99 115 52
71 189 41
26 167 81
159 105 41
185 29 53
111 59 73
166 156 96
37 129 50
142 201 70
48 21 61
43 27 18
89 148 72
121 176 36
148 90 51
79 47 74
67 202 59
181 54 47
67 200 43
199 146 10
150 103 60
34 100 51
95 94 67
166 29 89
28 196 58
126 161 9
184 95 39
177 31 76
100 185 62
130 84 80
124 102 37
104 207 61
142 54 31
99 181 18
74 155 81
102 163 16
109 126 3
41 168 94
43 50 17
62 155 3
132 72 56
96 21 6
105 90 82
130 188 78
143 8 51
49 184 2
122 199 72
208 21 50
36 103 97
141 16 51
124 100 19
29 172 65
47 63 98
164 87 18
123 70 43
173 55 46
42 196 25
25 196 52
140 190 28
151 186 39
152 209 46
54 88 81
120 123 71
152 153 52
4 50 40
171 25 39
91 71 79
152 204 82
121 38 41
7 207 17
82 14 92
52 42 77
50 23 16
73 185 57
28 185 21
43 180 21
159 51 22
164 23 10
127 162 49
84 96 20
161 36 10
161 10 26
188 193 91
163 170 9
204 153 94
2 49 56
117 98 16
70 35 6
132 171 27
88 110 63
113 189 54
168 167 70
131 118 2
81 195 55
149 70 96
136 23 93
104 178 67
38 209 58
55 184 37
148 152 18
136 108 32
110 24 64
124 12 7
131 58 38
205 20 10
26 49 100
84 160 11
5 82 30
6 7 87
37 61 1
75 52 97
74 113 22
164 151 83
8 88 96
132 178 28
126 2 38
124 14 74
127 63 17
188 158 54
63 203 24
17 179 21
1 174 22
82 35 74
205 168 46
59 10 66
6 184 22
197 132 73
66 24 42
157 88 8
208 189 79
158 65 39
204 30 7
189 208 67
209 49 75
155 120 22
164 128 3
183 205 57
8 48 55
163 53 65
11 125 34
104 168 56
98 72 7
44 145 85
8 95 56
14 131 36
14 54 60
47 109 35
68 86 81
35 117 74
185 136 81
176 139 13
153 7 74
78 108 37
191 66 45
177 169 28
145 147 8
101 154 85
119 209 5
171 123 29
164 40 56
39 35 62
151 199 11
199 90 15
170 136 39
75 34 42
159 98 39
198 203 68
25 121 65
105 63 86
158 170 63
122 98 14
147 185 65
44 62 29
96 194 80
139 14 66
60 181 69
2 73 45
109 138 69
45 199 82
34 83 87
139 8 57
23 112 41
135 38 62
15 88 39
0 95 91
3 119 19
1 59 16
157 104 71
60 44 30
82 84 99
58 175 80
56 51 18
104 59 81
170 52 25
200 54 51
55 26 35
148 58 57
54 3 0
30 190 11
102 83 64
122 74 16
201 5 82
168 101 67
142 69 0
175 51 74
175 120 47
12 48 58
85 190 94
104 146 27
154 44 66
71 113 17
181 49 14
120 47 37
133 152 60
12 38 60
124 142 20
60 135 93
169 92 58
44 60 82
54 39 24
148 22 4
169 163 87
142 73 97
77 68 21
52 22 24
62 89 2
86 182 2
54 156 41
201 77 85
146 172 81
184 206 62
177 107 49
180 101 23
79 171 53
113 159 55
134 110 49
64 46 53
64 114 87
64 129 68
64 13 41
64 110 3
64 27 16
64 122 75
64 175 52
64 159 28
64 173 98
64 56 18
64 178 52
64 125 63
64 160 47
64 130 74
64 191 71
64 140 4
64 149 79
64 145 16
64 60 25
64 7 20
64 34 20
64 1 69
64 2 64
64 5 1
7 137 9
13 137 30
15 137 10
17 137 5
20 137 76
32 137 9
53 137 57
57 137 80
59 137 10
71 137 70
76 137 42
79 137 91
82 137 53
87 137 49
103 137 96
105 137 51
106 137 4
142 137 18
143 137 18
152 137 75
167 137 86
183 137 12
188 137 85
191 137 56
209 137 89
