147
82
150 76 89
63 79 13
36 164 68
93 98 1
84 100 35
46 36 86
81 63 68
62 160 6
128 53 100
50 134 98
149 144 30
88 133 77
167 184 17
85 13 72
62 60 82
177 97 26
4 32 67
101 125 8
115 41 11
135 129 53
18 160 91
113 92 43
184 75 83
97 15 75
158 184 30
142 78 34
152 32 79
23 102 29
181 119 34
39 118 75
2 140 68
17 51 16
33 25 91
113 8 95
153 100 12
67 101 43
46 90 27
80 114 74
95 78 61
105 78 4
175 61 58
162 37 92
116 185 14
160 179 92
102 84 13
11 15 30
161 23 20
143 47 19
97 98 71
109 77 56
59 74 71
139 138 70
92 187 42
49 145 70
16 72 1
70 145 3
39 92 78
26 0 5
88 89 39
178 95 40
180 25 42
134 61 30
189 171 91
17 114 25
115 55 92
105 117 22
48 161 65
47 182 97
60 11 11
81 23 87
132 16 57
138 91 3
49 75 20
188 156 69
127 87 19
22 6 5
22 19 6
7 27 33
14 186 59
63 127 55
1 28 26
97 166 33
112 150 14
100 128 92
85 51 16
54 65 79
20 45 99
36 8 98
24 109 72
62 5 22
181 99 47
117 56 44
49 168 51
184 132 52
157 14 25
95 48 61
154 46 80
56 70 66
166 72 13
100 169 98
90 114 58
78 148 91
44 62 78
134 12 90
85 112 43
110 174 7
178 20 21
10 17 29
156 18 77
138 121 24
78 120 26
123 38 12
78 102 26
160 57 53
17 106 31
179 140 59
120 188 8
30 70 96
189 60 60
152 154 22
121 152 21
91 122 53
32 179 92
6 24 58
32 164 10
42 7 66
66 175 82
49 106 67
69 80 30
182 89 14
67 110 22
125 157 78
135 93 57
55 164 19
155 187 37
24 48 84
122 128 10
25 76 98
3 183 1
108 99 97
145 112 43
188 13 71
92 150 69
184 144 53
168 130 22
163 114 71
158 85 22
88 81 65
29 182 61
16 83 76
39 67 65
52 2 12
73 5 35
165 80 100
116 36 59
163 69 77
153 37 9
77 167 16
54 189 96
84 163 59
150 108 6
108 53 67
185 23 12
117 184 64
171 66 15
155 10 65
189 74 39
24 149 18
104 162 27
45 139 29
54 0 34
94 33 75
53 154 31
129 171 79
114 130 72
151 20 63
175 170 51
75 9 25
42 11 36
24 116 20
178 172 73
173 139 62
76 132 46
185 169 67
153 146 4
53 24 14
101 184 28
10 15 37
84 34 4
158 84 13
88 153 100
149 117 41
45 96 16
10 179 46
158 94 14
100 173 68
55 150 3
122 11 22
97 96 75
63 21 20
181 157 54
126 71 60
93 162 27
141 154 4
64 2 68
119 13 76
185 176 68
30 102 36
108 161 11
157 22 3
115 187 97
189 68 65
98 42 54
77 130 30
68 184 68
81 14 95
182 74 59
121 78 11
93 77 18
128 75 67
178 169 35
16 133 40
77 2 64
40 186 37
110 7 34
144 23 48
33 81 47
41 187 95
57 96 10
1 99 5
31 160 74
37 140 28
139 54 11
106 141 91
148 78 13
103 26 3
10 169 51
160 102 43
43 116 45
92 14 57
125 64 67
166 109 85
120 89 29
19 61 5
175 106 87
178 166 54
94 145 80
64 180 75
140 2 64
157 140 46
51 84 47
9 151 42
123 145 49
156 87 42
41 106 8
81 6 15
100 123 62
119 30 25
148 34 21
67 160 50
139 125 43
171 4 58
9 182 16
10 3 32
111 75 5
50 16 98
34 28 38
161 75 11
144 105 24
151 42 33
32 145 50
19 29 79
165 96 63
122 136 77
144 111 11
146 46 82
83 91 30
117 30 5
90 50 78
118 18 60
171 29 8
51 29 64
99 75 53
90 151 96
165 144 71
84 52 49
174 49 2
86 44 96
93 148 71
72 101 44
170 181 75
155 35 17
183 1 60
67 66 91
104 140 95
177 91 98
154 129 33
50 54 63
187 132 39
0 72 13
135 189 71
80 97 8
60 66 47
58 116 76
55 93 66
117 187 18
121 175 87
96 158 62
59 3 8
172 3 81
88 2 87
77 133 65
156 14 100
35 74 39
2 28 51
123 56 7
173 24 88
55 73 82
129 112 98
132 73 56
174 53 42
184 88 58
77 80 42
182 162 19
4 19 42
93 81 62
64 158 69
30 76 17
155 56 97
18 10 42
116 180 51
35 24 58
23 161 39
118 115 96
19 159 10
96 117 37
92 130 55
86 70 18
181 171 29
149 71 96
38 178 32
67 27 27
84 133 54
85 10 1
151 102 46
109 93 53
0 148 68
81 66 40
58 123 30
159 71 53
142 96 13
47 110 18
184 2 76
78 13 52
180 181 92
160 133 47
48 124 67
175 41 82
83 156 21
88 85 85
156 75 46
45 6 84
104 32 68
188 9 54
87 160 41
148 80 54
37 73 80
44 178 5
1 102 27
118 135 54
60 128 84
177 37 11
189 51 84
131 155 93
41 126 86
183 29 31
173 99 56
30 52 81
67 122 82
11 166 6
149 45 94
36 109 51
42 34 88
143 174 66
186 19 37
140 161 48
8 129 76
135 56 95
28 67 37
181 14 62
139 185 18
159 169 40
13 149 6
36 148 10
68 133 4
76 127 6
175 107 61
106 128 96
162 150 7
159 56 55
23 135 70
129 51 10
149 188 69
171 188 91
88 70 4
179 21 40
146 42 15
148 14 18
116 81 98
57 60 67
65 63 98
179 69 87
23 128 79
33 11 67
106 55 97
19 154 96
79 20 82
102 158 89
106 84 3
90 92 65
174 16 99
168 84 39
86 46 14
134 14 78
133 99 33
161 69 24
10 106 51
145 80 37
154 75 1
100 142 36
8 26 61
0 3 19
143 106 19
119 43 32
58 148 27
111 95 41
23 123 87
52 106 20
141 174 60
25 153 97
64 41 11
117 116 64
49 134 43
65 113 35
73 114 2
120 163 83
41 175 35
53 100 48
174 7 99
129 163 42
73 49 56
68 41 12
16 47 47
170 123 63
19 11 11
60 176 94
34 134 58
120 162 68
158 125 51
27 136 79
13 170 15
78 180 42
66 131 62
149 159 3
135 160 94
99 122 14
185 92 84
174 6 19
51 14 2
165 88 69
143 163 85
80 100 2
112 39 14
86 185 15
188 55 40
155 69 91
100 69 51
46 173 47
54 86 88
165 155 73
108 172 16
159 92 9
52 6 83
28 124 9
107 2 85
65 146 21
12 18 61
4 125 76
140 74 27
21 152 4
159 93 30
31 125 24
130 121 36
20 174 37
119 36 74
187 84 72
20 175 70
31 159 49
177 60 74
111 118 48
11 39 64
146 58 39
180 67 83
155 174 30
155 78 27
173 157 38
94 104 48
87 0 92
13 35 86
5 72 69
134 151 8
2 60 8
169 119 11
0 11 26
88 60 19
177 142 70
81 96 74
97 13 30
0 70 69
44 158 44
187 73 39
92 172 5
75 79 18
4 10 33
48 114 81
123 37 47
44 139 2
16 64 41
142 121 50
146 78 90
87 18 26
53 175 24
125 128 6
156 57 40
148 56 92
177 23 44
16 76 66
15 21 14
63 76 55
117 122 32
97 29 77
62 6 80
127 3 83
110 161 82
123 131 19
115 117 90
158 157 25
174 73 2
22 73 23
25 120 80
164 142 28
99 185 8
35 66 72
85 109 36
22 4 83
17 184 17
48 116 10
34 150 61
43 51 9
103 46 66
153 78 87
19 160 24
23 67 62
21 166 58
171 63 11
0 52 40
146 8 12
114 61 46
57 105 68
146 67 62
44 90 6
9 134 53
57 55 75
38 102 1
149 7 62
39 176 35
126 176 56
18 6 2
23 34 22
123 90 48
11 46 86
175 83 52
108 187 79
24 14 41
123 68 82
53 67 81
121 157 68
145 11 2
107 159 26
41 80 19
74 184 39
95 9 84
114 110 74
41 140 67
12 56 28
102 80 82
189 118 29
72 60 69
3 169 93
62 88 50
56 60 17
122 101 74
155 94 76
117 44 55
16 179 19
72 120 60
58 37 62
99 93 76
64 8 54
155 90 3
181 97 27
74 35 31
5 185 20
137 18 52
33 162 99
26 131 24
14 63 6
91 130 43
123 98 78
153 6 29
140 174 30
173 49 51
40 8 1
29 141 24
32 33 50
32 99 96
139 52 53
80 158 63
14 51 66
97 45 50
176 18 88
103 86 85
94 12 6
162 29 52
27 163 36
92 142 19
62 15 85
78 112 53
8 18 47
32 87 25
74 170 77
169 155 44
48 120 74
183 24 79
140 181 93
87 73 56
112 187 61
162 59 38
35 146 63
71 72 79
42 122 51
28 185 28
154 143 5
186 75 53
154 69 37
5 134 14
77 158 92
112 14 22
24 46 16
32 17 78
159 139 39
85 17 71
49 156 89
24 45 68
9 78 86
96 7 7
184 59 84
1 66 57
178 185 91
137 99 34
8 70 100
105 109 63
85 36 35
162 5 87
64 140 85
25 118 74
144 71 28
142 110 60
89 162 49
88 21 26
165 84 68
47 19 64
48 80 71
93 34 79
60 67 18
61 57 86
93 60 98
162 19 68
180 121 43
155 0 47
25 94 43
64 6 97
6 49 50
80 103 26
56 121 68
172 47 81
184 172 24
56 113 78
48 135 38
180 35 24
60 44 74
189 85 92
7 2 83
3 167 18
30 158 15
77 94 72
59 125 41
127 157 52
73 157 86
58 182 13
2 110 66
45 17 5
138 114 72
64 141 51
63 121 53
125 29 20
51 78 24
84 79 71
120 64 22
105 127 2
66 182 59
26 1 92
143 35 51
5 89 61
14 96 24
148 79 93
23 94 36
140 85 35
51 86 43
139 51 66
73 182 9
53 137 14
76 150 33
137 38 28
67 189 79
161 109 49
22 79 55
43 68 89
168 85 71
96 164 69
104 37 24
134 161 88
150 17 60
152 106 16
153 50 89
109 165 51
48 84 35
85 108 44
121 104 41
78 73 88
175 167 59
97 6 89
123 120 64
174 156 6
88 144 4
108 152 84
104 14 83
11 176 2
84 93 84
57 145 21
111 52 45
12 69 100
140 123 70
175 183 20
59 144 15
135 113 93
41 138 88
40 104 61
117 110 31
44 34 57
141 121 5
179 20 10
99 107 95
90 182 75
72 63 58
184 6 75
86 175 42
104 97 22
0 120 96
140 55 67
123 180 75
23 173 63
75 159 68
118 173 5
136 154 68
6 20 7
114 91 79
63 29 60
134 168 31
115 176 97
95 128 81
43 42 43
154 17 13
141 34 2
55 155 34
163 26 16
47 169 48
69 90 21
110 96 28
51 127 8
22 118 63
36 115 91
100 153 42
36 89 83
43 129 82
99 187 38
168 119 94
89 46 100
44 135 38
41 97 41
189 124 33
42 91 17
84 81 78
140 18 15
73 31 71
146 83 33
44 42 79
37 12 73
25 141 76
117 182 27
30 136 21
68 172 99
148 149 80
6 88 94
138 86 53
46 80 76
5 69 6
4 132 60
18 166 9
52 95 51
144 102 89
71 18 62
178 121 86
11 2 86
23 52 19
149 134 30
164 53 37
111 117 26
166 162 70
38 40 31
131 169 87
158 69 60
16 89 33
37 29 21
120 74 22
112 58 56
88 79 68
178 52 86
16 136 50
16 150 76
57 116 29
5 10 50
181 98 70
55 23 73
43 120 9
151 112 66
92 136 54
168 184 92
140 62 17
33 148 18
153 60 82
127 158 24
138 17 25
79 98 33
79 16 28
133 11 7
35 67 68
66 164 67
117 109 16
144 27 74
97 156 78
89 109 27
118 71 59
151 142 93
38 19 82
169 93 84
73 107 23
166 75 22
166 4 88
41 30 56
157 102 72
43 125 27
40 145 30
4 56 87
163 108 12
18 177 100
53 124 72
180 93 26
108 74 67
91 67 61
45 47 2
109 121 82
174 134 77
94 28 24
35 155 76
100 14 94
44 182 96
27 16 35
53 168 18
188 68 94
178 7 1
48 20 68
50 139 18
145 87 100
158 186 81
7 60 17
51 61 17
170 189 98
188 26 32
12 28 55
32 130 13
145 4 48
4 138 44
91 80 74
80 71 18
169 89 57
70 158 47
37 182 19
86 37 30
170 32 45
104 127 45
178 123 65
175 22 57
163 67 11
116 137 73
182 171 80
150 110 43
110 176 45
134 115 51
162 137 76
158 99 64
101 158 51
163 185 75
129 41 48
186 145 98
63 138 45
148 32 33
72 103 86
74 3 33
77 117 18
100 94 65
44 27 91
9 10 99
115 99 30
101 92 89
105 132 25
152 79 65
189 175 56
14 155 67
117 41 54
53 58 25
74 34 68
85 142 83
61 168 98
20 42 99
99 32 34
110 25 94
87 65 100
103 142 75
58 135 9
23 48 3
39 56 74
30 35 14
55 63 19
98 74 12
90 64 22
97 38 65
49 6 16
165 136 17
176 162 25
36 63 31
135 185 31
26 90 37
141 105 98
72 167 24
184 12 54
46 29 86
80 54 76
4 58 24
81 124 5
156 115 33
36 14 40
91 171 88
31 3 19
40 178 87
16 71 78
185 166 49
60 182 10
90 143 28
68 1 87
140 135 54
133 81 12
166 104 48
160 151 47
123 83 49
91 45 94
145 126 42
20 72 42
174 56 97
32 74 94
151 160 30
16 161 73
11 136 84
101 1 58
5 94 48
67 188 77
93 178 58
2 116 67
88 46 25
15 119 38
36 100 31
44 151 66
78 182 83
100 31 99
89 107 49
21 78 91
160 140 62
50 70 17
69 128 49
156 158 75
179 159 68
52 32 7
163 38 38
166 42 39
172 84 36
67 85 78
85 12 29
160 41 76
78 133 98
146 178 99
138 43 84
126 100 63
101 104 69
69 58 7
24 69 49
49 37 97
48 23 19
177 144 63
135 119 42
174 31 74
107 68 53
61 41 92
34 158 47
62 185 60
87 132 81
152 71 35
49 38 37
107 179 16
31 101 26
42 188 49
35 102 52
52 127 9
24 166 14
92 33 31
160 10 76
35 21 23
53 9 58
51 76 53
173 129 67
58 127 77
148 33 35
7 160 81
33 128 68
160 186 39
121 91 79
66 112 74
158 23 78
69 137 83
67 174 44
116 108 85
145 108 29
71 103 24
41 170 95
46 155 9
97 60 5
172 50 34
15 71 44
67 165 71
120 107 69
159 96 22
97 4 52
115 1 65
6 89 74
31 129 74
108 2 41
132 139 31
49 111 39
18 16 76
174 72 55
93 4 54
41 58 51
131 63 72
182 127 69
187 188 96
96 79 38
39 127 90
152 139 44
55 9 64
178 27 79
52 58 70
184 73 72
164 118 1
24 187 62
66 21 7
170 68 57
100 103 2
71 74 99
104 59 57
37 179 63
139 175 31
7 173 70
186 120 60
103 59 36
54 26 7
13 104 12
151 71 35
118 31 9
74 57 73
95 89 91
2 79 67
111 162 50
109 128 9
168 151 58
89 182 69
116 111 12
17 183 89
173 163 28
53 89 77
13 174 37
49 112 1
143 91 5
50 129 37
84 161 21
143 139 23
6 137 93
170 9 12
153 62 13
30 44 89
99 161 12
30 123 48
3 114 46
160 136 76
23 178 90
1 161 44
3 22 81
10 124 99
67 113 18
27 111 33
66 109 7
38 88 11
65 144 12
135 35 25
173 95 11
38 180 85
130 102 92
98 90 100
115 34 21
60 105 78
75 88 23
31 67 36
189 71 62
2 181 68
132 21 16
30 188 65
155 110 25
104 141 13
73 47 31
51 165 86
88 35 61
67 58 95
148 48 88
178 141 89
165 153 60
189 177 35
162 0 87
129 87 100
137 144 24
163 126 20
75 20 100
93 36 19
43 148 81
181 108 67
105 140 56
149 150 16
113 146 81
18 130 53
76 9 13
101 149 18
38 105 90
176 100 60
72 183 27
81 0 49
119 48 73
61 153 87
80 20 24
85 140 100
132 79 83
13 60 54
167 121 60
183 9 67
127 142 98
65 27 36
167 101 31
111 56 18
175 66 43
37 173 71
112 156 74
108 83 83
43 140 1
23 181 21
91 146 53
117 80 45
77 15 4
145 186 97
125 108 90
180 70 90
36 31 16
78 129 61
51 6 55
47 73 18
99 22 73
57 20 90
13 41 56
0 36 64
115 63 44
42 15 97
39 20 24
184 114 30
92 13 64
47 61 9
87 59 91
54 91 47
107 33 88
182 117 39
73 88 69
156 25 37
172 144 93
35 188 49
117 25 27
61 73 22
1 116 59
140 0 36
127 89 26
95 141 5
159 47 53
70 71 16
30 37 91
96 122 51
168 70 9
88 37 60
168 179 42
93 136 27
102 126 43
180 152 51
57 3 78
101 22 16
68 143 71
42 83 61
7 41 39
170 69 21
188 132 50
95 139 39
77 20 48
112 127 60
56 142 44
46 99 75
60 62 22
38 33 40
150 9 98
25 105 37
63 17 49
135 85 44
30 168 89
172 11 89
59 50 82
97 163 83
42 158 65
92 181 92
32 161 14
100 176 39
153 29 46
67 25 52
76 101 56
57 58 31
150 0 68
155 76 78
18 117 51
106 117 39
169 140 21
104 152 97
149 98 94
180 86 47
31 61 21
176 8 13
138 49 28
96 89 33
137 134 17
179 186 28
102 185 37
133 121 29
43 40 3
188 7 30
119 125 7
184 3 100
170 176 57
109 50 98
39 12 99
92 121 8
47 89 65
183 164 36
33 23 30
49 117 58
180 47 30
78 65 11
113 47 34
134 45 3
49 131 13
117 35 62
53 144 68
66 18 80
33 179 71
18 72 100
104 28 17
116 154 72
85 165 24
88 109 88
144 33 56
140 86 92
48 68 78
184 117 64
65 184 28
101 152 5
16 26 79
101 111 74
120 72 84
75 58 30
13 72 3
34 178 52
15 158 73
132 54 18
148 129 96
114 159 12
162 87 62
81 187 2
31 140 73
80 44 63
170 75 67
52 48 11
128 91 19
137 42 18
34 156 56
54 159 78
143 115 51
125 152 14
58 42 23
104 74 27
7 138 100
185 55 39
92 103 37
64 42 28
0 163 4
24 157 61
104 22 13
145 6 22
158 105 12
11 79 23
7 134 32
148 95 23
37 161 34
6 158 49
173 87 78
55 156 44
25 26 78
134 52 93
32 120 69
166 167 47
16 110 11
80 123 3
80 167 27
144 51 81
172 131 72
20 57 1
163 46 65
44 130 57
63 112 64
15 25 74
65 181 23
125 116 90
183 161 65
52 55 3
161 85 100
69 61 81
20 89 48
80 129 68
141 167 3
162 61 57
17 144 12
46 135 6
0 26 91
73 189 20
34 162 37
21 91 92
52 42 87
79 153 58
99 92 60
103 87 68
189 41 81
165 74 100
53 94 48
108 122 92
174 87 84
33 8 65
115 48 25
69 53 26
52 136 76
61 186 28
17 37 24
186 113 68
68 49 21
16 55 1
118 47 56
123 77 46
54 162 11
39 86 52
150 92 58
60 89 93
184 130 17
3 113 96
157 178 15
150 49 85
44 63 63
11 168 100
99 65 71
137 126 45
102 28 14
151 108 35
113 186 1
8 110 73
131 14 15
46 52 86
128 117 22
91 75 61
9 180 72
119 113 44
37 132 32
70 153 88
179 55 27
166 148 33
169 184 26
113 169 78
32 58 97
30 115 31
24 142 55
108 183 72
129 93 48
133 176 69
3 139 5
110 136 67
39 165 35
140 25 72
95 157 18
44 133 32
59 143 100
44 69 72
90 19 43
30 58 16
79 94 11
64 12 53
38 89 26
134 182 63
161 17 51
85 77 80
128 16 6
120 76 13
176 115 86
68 124 84
51 116 59
15 93 92
43 61 83
87 152 8
93 145 48
63 80 84
24 115 66
157 107 27
176 5 35
72 94 67
41 161 91
5 152 4
133 77 91
7 92 11
92 168 68
63 32 65
16 149 23
169 176 84
107 63 40
54 168 73
83 110 94
17 182 49
112 171 28
189 145 88
148 93 95
77 95 68
112 43 68
111 171 28
31 141 29
161 65 39
61 14 76
40 96 8
139 124 9
76 186 68
173 28 76
151 56 65
88 53 78
124 173 31
17 154 66
176 50 75
3 96 52
151 99 9
21 165 22
132 128 35
162 185 23
129 137 7
149 26 89
47 164 19
124 172 13
43 119 75
42 103 97
16 106 68
129 94 31
165 131 13
111 30 69
109 65 3
153 49 57
156 94 27
96 41 85
181 106 94
3 20 17
182 110 53
105 20 19
1 172 13
189 64 7
38 161 40
1 78 76
110 145 15
17 174 1
170 83 18
73 170 62
26 120 14
43 6 92
76 164 12
94 133 58
89 38 60
111 33 51
101 188 9
164 129 21
148 37 54
131 138 44
122 100 13
77 58 15
101 175 62
89 47 2
41 102 51
62 87 75
57 39 90
118 117 58
180 95 57
138 143 67
163 53 11
173 52 47
13 51 67
155 67 92
100 7 2
51 39 37
110 118 25
5 4 26
21 186 98
98 61 94
99 186 10
133 136 61
171 99 98
30 61 26
70 46 72
72 177 66
91 43 49
110 141 90
134 141 17
70 152 3
149 51 39
159 80 6
186 9 79
126 61 38
49 32 33
44 24 27
150 113 16
122 68 26
57 38 59
111 94 50
10 87 3
189 133 18
165 38 51
165 67 34
117 96 19
111 37 44
35 96 99
79 56 6
108 79 50
20 143 86
151 44 86
79 67 94
78 16 73
159 175 92
39 90 76
26 182 83
88 165 33
132 27 29
41 163 48
48 76 87
53 6 44
133 98 1
138 109 25
112 62 81
122 137 68
40 141 8
155 150 88
110 108 70
137 84 82
28 151 98
35 159 100
86 67 28
141 41 2
5 172 48
84 167 47
171 93 31
149 122 59
10 140 9
86 45 35
2 47 87
95 35 17
78 47 25
56 129 24
79 163 52
97 173 39
137 93 65
86 3 55
176 26 23
142 44 19
14 106 74
135 182 68
14 33 73
171 181 89
88 115 7
28 78 31
67 179 71
10 172 16
157 81 94
119 94 47
106 172 99
30 29 73
115 130 49
92 28 97
46 74 59
156 164 26
113 87 67
175 75 4
170 92 6
105 16 71
110 75 42
115 137 2
128 164 67
135 162 91
186 5 84
98 81 59
13 148 11
133 150 51
114 145 37
173 109 73
100 119 76
32 35 61
22 188 79
93 119 57
40 92 51
117 39 24
99 131 88
54 173 53
88 163 54
91 189 70
19 21 33
144 56 8
128 166 16
123 154 13
126 155 72
115 165 94
79 184 49
96 2 48
53 52 25
79 158 3
162 141 40
154 109 62
95 70 34
179 117 43
168 186 27
88 80 90
87 6 72
43 90 86
167 46 46
145 21 23
121 73 15
143 24 50
65 68 78
41 2 74
51 81 87
139 180 33
171 13 98
37 0 80
7 50 67
144 95 41
61 109 11
23 56 44
182 130 83
58 132 80
79 117 44
50 135 7
126 116 22
67 182 95
138 171 26
174 184 10
123 188 58
120 77 64
138 126 14
63 109 7
160 78 36
68 14 83
148 92 54
30 170 49
89 72 37
150 24 90
45 187 48
61 40 49
112 2 77
169 141 75
27 86 100
86 155 98
14 0 44
156 16 63
166 180 20
62 24 78
22 68 27
52 66 50
184 46 95
162 118 14
18 128 94
181 50 36
7 12 50
126 111 90
167 122 64
142 16 81
69 97 47
111 157 96
27 155 18
95 4 69
42 75 39
137 189 58
179 48 15
13 29 38
77 96 75
165 174 2
118 120 51
62 35 15
0 166 69
3 13 63
63 94 47
39 187 88
187 49 49
154 60 6
136 94 78
138 32 72
108 32 48
9 128 63
86 55 67
108 42 5
11 170 11
28 102 47
97 28 91
127 21 95
168 50 37
167 15 63
123 35 51
171 73 13
78 60 22
154 51 12
160 181 60
33 177 48
90 53 66
185 107 3
64 56 20
17 105 79
165 35 73
178 189 97
63 46 82
162 42 78
37 105 30
22 20 96
96 39 68
35 172 26
131 113 31
113 23 38
131 156 70
89 126 73
136 58 15
18 124 18
170 94 26
164 173 78
132 95 36
163 42 81
179 180 26
14 9 69
114 117 33
113 130 10
78 99 95
77 134 43
75 136 63
170 7 11
139 155 17
43 130 38
16 187 71
0 131 30
8 3 53
185 100 24
98 115 38
107 13 42
71 165 34
189 47 13
160 175 23
37 21 11
99 104 4
111 29 86
49 25 63
112 154 100
130 125 51
130 86 93
2 43 63
88 170 44
16 33 57
102 110 13
137 119 37
18 122 41
5 54 35
163 170 25
118 127 22
12 94 72
140 105 5
114 150 30
125 165 35
4 95 25
162 112 74
37 49 17
182 45 81
105 53 84
157 144 84
115 133 63
55 80 25
178 171 80
167 161 27
29 171 69
98 145 91
109 34 40
181 8 59
18 182 89
161 54 39
47 186 45
161 72 61
18 85 39
174 177 23
141 29 19
122 71 7
31 14 5
30 97 77
25 134 36
157 76 54
99 126 22
102 61 30
42 58 100
149 35 6
114 138 2
175 17 46
108 49 80
111 76 12
40 29 49
74 139 52
141 91 29
109 106 97
164 102 73
183 106 4
85 50 89
78 96 91
24 182 33
171 22 76
34 15 57
185 175 39
30 106 54
41 108 15
52 156 92
165 133 31
45 52 28
102 27 17
138 160 65
163 140 7
43 165 9
65 81 44
157 123 37
104 180 49
56 171 65
90 100 12
176 12 93
182 22 88
127 141 60
162 97 43
111 42 45
114 126 19
129 115 44
23 6 5
95 167 86
57 117 22
12 150 73
110 5 69
100 2 53
149 113 11
48 10 61
142 165 48
35 23 51
79 164 92
47 8 23
68 118 82
40 6 72
105 158 5
92 132 21
68 182 52
188 94 72
32 119 65
4 184 17
97 174 43
24 184 1
27 68 12
61 12 64
186 165 97
173 60 83
83 137 60
28 164 78
84 117 79
141 5 52
13 131 38
129 56 32
45 48 36
184 69 71
8 48 42
152 17 88
176 76 81
160 111 24
14 152 42
28 168 23
28 0 42
171 155 2
104 42 79
142 132 75
48 74 61
8 114 58
160 88 20
12 136 49
8 85 61
85 53 4
100 86 51
112 68 99
13 4 69
111 107 86
16 115 3
156 54 81
153 188 86
45 149 32
29 26 33
186 146 19
124 71 24
111 141 81
113 132 54
181 19 14
75 52 88
136 67 72
43 12 1
176 57 17
99 85 54
107 35 64
134 155 79
132 94 22
173 140 14
20 93 99
48 7 9
70 10 43
89 65 21
141 96 35
77 72 72
124 23 24
57 185 88
97 103 29
36 67 77
107 40 83
79 34 24
83 33 28
144 187 80
4 163 54
56 48 11
179 83 89
63 186 93
129 100 19
109 81 26
86 61 1
168 148 54
133 66 78
18 42 26
124 89 17
98 118 17
170 135 60
72 52 9
59 136 51
79 6 34
127 140 86
38 121 91
1 75 26
175 165 51
177 80 50
131 139 65
108 138 20
132 163 1
36 24 43
72 16 52
158 74 76
180 6 9
1 87 72
84 156 86
130 189 2
28 169 56
89 105 95
95 74 75
45 26 9
28 30 7
32 104 64
95 96 63
89 117 89
146 76 29
121 43 65
118 14 43
117 131 22
173 179 10
66 76 47
30 47 79
145 123 24
126 2 54
56 187 17
66 122 53
61 83 59
156 186 4
37 109 6
17 63 92
168 176 62
173 71 12
142 20 62
132 135 13
143 188 60
167 96 31
161 88 41
10 112 33
170 114 49
74 83 26
29 145 95
6 46 92
49 30 57
69 155 68
116 85 40
21 66 85
122 65 38
123 97 75
41 39 66
30 84 79
146 65 31
130 106 42
74 48 70
15 111 32
179 39 56
52 27 8
130 68 52
57 156 80
112 41 90
22 120 61
153 18 3
63 145 28
103 105 78
96 131 97
144 127 66
146 0 97
125 115 56
2 126 47
29 62 40
184 100 97
149 90 36
78 88 100
28 95 6
27 174 87
108 169 4
79 10 87
55 131 98
126 54 60
80 86 72
14 55 81
67 74 91
159 121 68
127 60 83
57 33 56
128 67 79
40 95 25
28 36 1
87 35 76
110 165 20
123 159 39
100 42 52
162 76 64
3 47 93
25 177 46
65 108 90
128 142 72
54 17 33
172 4 85
117 53 21
54 76 70
11 105 6
98 85 87
33 165 35
102 40 62
41 121 46
128 58 69
12 38 83
94 6 84
36 30 57
165 98 87
107 53 1
168 2 85
98 113 53
164 90 30
100 112 54
163 0 64
156 148 63
70 8 76
101 13 62
121 58 9
144 126 96
42 51 8
170 70 20
117 150 28
54 16 56
90 111 48
95 129 79
153 23 10
130 22 2
95 138 89
37 44 31
30 92 12
4 133 31
74 69 67
46 170 33
72 12 37
97 12 57
133 138 7
38 10 93
87 78 97
43 126 88
116 144 17
21 7 11
160 155 79
94 146 62
123 139 37
76 93 94
129 38 50
187 33 84
32 150 86
107 94 26
100 121 32
8 72 43
56 111 28
31 55 29
16 49 10
25 4 74
57 104 8
29 81 100
141 49 86
83 103 22
110 58 19
26 29 38
8 152 16
168 177 88
177 62 60
81 84 56
135 41 23
71 56 95
52 142 35
45 142 50
35 58 97
55 139 28
153 51 80
32 146 44
54 24 42
101 80 31
182 142 1
122 85 81
51 186 25
149 104 91
170 61 72
130 101 68
124 110 51
180 94 64
24 186 71
185 25 58
159 88 66
57 62 16
96 115 89
4 54 33
125 133 39
157 26 80
99 136 58
179 40 85
41 63 80
115 120 96
125 140 76
46 88 83
67 86 31
89 123 38
106 125 55
188 122 95
51 114 70
69 8 4
28 65 33
61 176 84
42 40 70
75 169 63
32 158 57
162 24 96
94 166 46
69 126 25
5 39 60
130 112 64
124 3 100
36 120 56
60 163 93
117 42 94
70 174 97
158 56 3
17 7 13
102 134 60
4 69 6
164 36 16
183 188 54
136 0 86
184 120 11
78 162 61
21 167 78
122 175 96
45 109 9
142 162 39
73 81 10
24 51 14
57 6 58
173 133 15
100 57 9
106 69 54
133 107 12
25 54 74
115 49 87
32 92 31
154 58 41
57 10 40
60 49 2
158 128 80
109 179 71
59 102 46
39 105 71
64 181 76
130 35 1
38 118 35
184 107 77
51 172 30
164 154 41
140 27 45
77 53 72
146 148 69
69 151 13
22 1 15
95 18 91
175 69 55
71 166 42
3 1 61
51 181 54
166 57 84
163 186 10
175 132 93
93 123 4
86 36 99
39 164 38
133 123 71
124 9 50
174 80 41
35 1 31
154 70 4
49 52 13
23 159 39
38 139 72
127 186 89
175 180 99
110 83 94
98 29 75
138 24 11
2 117 64
158 144 80
189 146 66
107 181 18
95 36 10
52 133 24
174 133 19
172 71 19
84 158 74
80 29 63
134 132 52
187 177 11
164 35 88
12 23 77
153 97 10
102 66 76
44 160 1
110 13 17
5 46 12
99 140 72
104 21 68
36 26 53
85 187 48
5 70 9
12 138 52
64 55 92
150 35 3
22 36 92
48 181 59
50 140 50
176 7 64
13 59 81
55 126 1
165 184 27
45 94 48
104 128 58
188 69 4
172 112 5
168 105 81
117 31 100
36 99 100
161 86 60
179 187 74
146 89 39
128 33 9
146 127 7
118 177 51
20 25 20
75 45 64
94 35 66
18 189 32
143 56 31
3 41 34
85 75 69
163 156 37
73 179 65
186 167 99
103 149 19
181 89 30
68 51 2
97 160 75
92 106 92
92 60 35
89 140 1
181 163 18
45 148 30
125 144 95
160 91 12
112 188 18
135 15 27
73 22 6
16 45 52
94 168 22
150 22 75
155 6 19
180 151 62
97 16 66
157 165 78
27 74 97
157 161 94
54 79 38
27 117 74
118 149 20
81 100 59
98 175 32
96 120 66
64 70 97
136 35 57
49 108 81
178 15 95
30 33 34
146 52 29
114 78 61
19 112 90
144 148 53
137 51 74
41 83 92
189 181 30
78 114 42
130 134 78
154 104 47
4 71 83
22 153 80
138 7 37
137 91 45
78 161 51
72 76 81
160 157 8
75 51 65
28 134 52
129 76 94
60 40 3
55 146 54
77 89 62
0 146 26
189 143 68
28 141 46
146 3 50
112 104 27
37 139 76
4 31 24
130 92 22
180 185 13
10 119 64
126 136 89
94 37 30
119 157 97
150 60 39
43 154 22
70 107 6
56 138 18
41 158 18
169 90 15
64 117 1
60 126 2
20 75 26
96 31 31
85 106 42
59 6 42
116 133 31
175 87 25
143 181 40
185 35 2
135 142 55
6 44 85
129 88 27
136 12 57
57 165 33
62 7 61
169 113 100
183 69 42
38 171 46
66 105 73
5 127 13
75 168 57
154 52 3
20 26 16
157 74 4
117 178 5
65 85 20
182 66 60
39 103 44
21 88 51
119 66 78
187 44 51
108 14 100
92 72 43
178 67 100
46 15 12
44 58 93
171 53 75
27 146 80
136 146 88
96 29 67
43 149 35
154 133 30
1 133 16
120 137 33
56 64 100
104 8 15
73 20 32
64 53 50
20 15 54
155 73 34
102 104 23
56 20 28
125 15 6
115 181 3
45 152 21
38 155 83
99 68 89
42 181 62
159 171 52
99 24 57
184 24 3
14 150 23
61 43 29
88 140 57
19 28 75
0 48 83
96 43 60
185 187 27
68 24 100
11 18 37
146 49 26
180 28 74
146 159 85
34 169 63
62 169 89
172 6 57
126 138 39
156 143 47
67 114 20
172 28 17
102 6 63
37 92 21
135 40 17
125 130 1
104 91 94
17 45 37
56 17 22
36 95 76
102 44 67
71 24 70
105 182 15
31 38 32
16 127 21
93 53 36
29 154 89
66 170 58
21 4 69
0 92 89
55 90 23
170 98 28
13 18 5
125 166 60
144 15 35
106 40 83
123 81 25
158 170 15
88 120 37
173 77 11
133 119 90
60 149 90
141 6 93
4 185 54
38 37 20
35 150 89
108 35 83
183 166 71
7 47 10
83 16 99
114 160 93
122 28 37
150 172 84
153 86 55
42 120 62
114 134 19
36 118 38
134 189 20
134 179 41
48 103 76
92 30 38
27 121 27
140 31 94
134 50 95
24 88 73
148 108 10
178 40 61
61 76 16
188 109 63
140 24 91
83 79 3
80 78 80
157 62 54
11 161 46
40 37 49
145 114 54
135 59 77
60 38 60
129 109 35
42 22 61
26 183 77
163 4 19
19 34 29
50 180 82
159 8 88
130 184 90
148 125 97
21 72 2
152 21 37
186 24 57
10 94 27
37 88 99
12 109 80
121 28 70
171 178 39
70 35 20
134 9 51
126 32 23
181 34 19
53 77 63
136 156 10
143 164 57
42 8 76
133 170 55
146 111 87
49 94 57
16 61 100
29 19 34
126 56 46
171 15 57
139 60 25
72 57 84
139 47 10
168 41 10
133 79 45
104 171 25
11 179 68
50 177 94
93 134 44
112 157 8
133 35 68
123 19 64
130 84 29
165 152 100
179 74 23
70 24 10
124 136 12
43 81 73
106 166 35
169 70 19
176 55 45
58 139 86
53 101 91
10 122 58
176 112 22
74 68 43
20 158 81
71 162 43
118 162 93
146 110 1
56 132 50
8 176 10
20 43 19
58 189 61
175 35 49
37 160 67
92 65 96
45 111 22
105 58 80
2 7 76
181 149 86
34 24 47
27 128 6
5 43 87
108 120 56
131 174 24
79 17 93
83 176 33
69 145 95
24 58 95
50 32 87
125 188 88
189 180 51
119 84 9
105 186 5
29 108 45
28 125 93
128 85 70
53 0 80
119 91 94
22 177 21
86 111 95
77 0 99
39 8 83
41 1 42
11 6 45
108 129 91
158 87 94
146 48 77
169 8 84
148 153 43
154 113 52
117 91 96
39 125 4
87 159 92
139 104 40
88 189 16
7 45 44
173 101 19
5 63 32
43 187 46
113 20 3
22 184 17
33 50 79
171 38 61
49 126 73
15 22 53
11 76 74
150 16 32
119 179 20
26 76 73
166 38 54
91 21 82
36 39 35
25 29 77
22 168 34
5 188 11
13 124 56
152 65 49
16 28 54
121 117 39
94 124 31
53 80 25
63 133 30
67 142 2
12 105 70
67 81 68
178 92 22
132 24 68
16 169 46
122 63 97
122 14 13
87 90 71
101 112 77
187 59 52
177 122 54
27 109 87
64 124 54
84 105 69
102 45 36
104 108 78
53 113 8
19 53 52
113 104 5
187 99 73
155 74 92
115 145 12
96 107 68
78 90 10
152 89 51
56 141 4
32 167 37
8 0 19
116 42 16
43 173 80
85 95 4
126 51 52
178 155 78
168 182 1
42 59 57
99 74 56
86 19 27
95 68 82
168 21 68
137 184 92
172 143 79
4 74 39
130 142 8
159 72 6
142 52 26
47 62 15
174 99 42
95 94 54
42 148 33
48 42 24
71 171 86
44 12 29
26 103 9
37 162 53
168 131 36
144 106 24
110 26 26
15 172 87
172 185 72
123 13 6
77 56 100
21 89 56
59 49 81
45 119 87
154 107 70
173 79 23
4 48 81
102 180 51
169 4 40
101 8 50
119 99 38
116 68 62
98 56 79
73 1 7
48 75 76
4 110 57
152 43 84
168 32 46
97 123 81
25 27 92
7 137 79
65 118 28
27 127 92
187 4 33
14 94 74
160 61 18
37 50 20
101 34 17
57 141 46
94 30 43
110 103 38
181 107 69
5 1 8
26 24 21
110 117 1
35 86 18
156 130 9
132 149 16
51 85 89
89 87 46
87 104 61
85 162 74
169 164 87
51 100 67
168 61 87
44 5 53
116 66 94
2 18 17
181 32 65
113 170 78
163 7 87
149 49 36
165 162 72
18 101 28
171 50 14
108 160 91
106 160 81
91 52 10
44 50 48
75 185 25
92 52 50
173 66 2
3 63 45
96 180 71
137 74 4
42 136 44
185 109 74
141 98 15
182 61 77
2 70 96
83 151 41
109 71 32
158 73 37
145 104 30
37 24 50
103 97 5
102 25 21
20 27 21
121 93 19
137 149 25
25 35 26
67 176 58
162 108 85
34 0 3
149 129 85
79 162 83
50 175 48
4 150 2
36 3 20
16 91 45
31 157 92
8 140 80
148 188 15
91 166 5
21 141 57
123 161 55
108 91 39
180 150 2
167 21 58
79 5 53
64 3 89
102 5 35
179 0 12
87 110 42
83 181 90
64 168 87
122 157 70
77 14 18
145 153 52
46 109 65
152 126 82
41 166 19
155 163 62
184 118 4
60 122 52
95 99 90
119 28 90
70 17 21
88 105 24
87 176 80
52 43 82
25 52 51
124 33 25
95 132 30
165 112 100
54 96 76
81 85 20
43 55 22
49 140 40
103 0 79
184 160 56
14 65 31
33 101 21
18 151 66
3 175 96
101 109 71
65 21 6
32 49 31
118 163 66
42 104 84
37 91 33
36 58 22
102 181 68
142 4 98
96 146 50
72 102 55
176 155 81
27 160 68
174 91 12
18 121 54
184 174 27
91 154 2
109 49 57
62 164 99
31 4 91
105 38 59
171 43 98
181 140 39
182 16 15
159 33 70
186 66 38
1 123 66
78 187 3
144 146 92
160 34 7
97 125 18
129 48 68
32 65 40
75 154 65
178 98 54
76 161 5
38 103 16
47 100 35
0 167 37
2 16 62
114 102 69
151 154 89
94 9 55
101 129 32
135 91 72
173 113 45
101 54 18
51 37 93
122 12 100
161 99 95
136 30 24
46 79 51
161 173 8
137 55 70
71 142 8
166 177 13
44 93 2
9 89 28
157 56 12
14 1 84
21 80 49
81 117 45
67 115 43
164 44 23
15 16 45
110 112 9
173 134 75
171 100 98
156 140 5
144 100 85
48 15 27
150 151 76
98 40 7
151 95 37
127 41 98
141 71 29
1 8 95
100 96 19
115 12 64
36 97 95
86 26 55
102 169 74
173 136 87
177 70 77
189 39 48
182 87 72
176 97 56
183 176 22
184 170 41
15 37 98
96 90 85
104 41 95
185 47 19
80 17 98
142 152 9
156 159 54
68 180 23
89 39 16
124 153 43
99 34 75
114 83 100
73 156 96
96 38 64
165 94 100
144 116 92
20 6 34
56 107 79
167 131 7
111 5 58
51 75 50
84 176 5
132 74 42
6 108 60
31 167 70
131 78 60
55 137 92
22 18 78
184 62 53
178 153 61
52 92 85
54 8 100
32 19 25
16 143 51
116 119 69
187 5 2
59 113 26
27 158 60
142 91 51
20 145 94
46 104 58
116 12 55
179 166 47
170 117 22
126 30 60
77 62 77
152 68 13
70 142 45
60 96 90
150 38 64
54 138 1
172 178 45
89 100 100
143 113 26
61 157 45
77 30 51
9 188 15
174 148 40
101 87 18
159 127 39
157 168 91
145 93 84
149 13 63
133 47 64
97 57 97
111 112 52
71 85 93
90 158 49
16 105 41
34 66 87
174 81 62
121 97 80
56 185 93
6 28 46
11 96 98
78 164 96
183 86 60
15 67 15
25 150 66
41 145 61
26 186 45
123 155 18
112 160 24
178 183 97
90 142 68
71 86 22
154 92 49
176 27 54
123 63 100
156 128 33
175 186 49
96 84 80
79 86 9
21 20 76
2 17 96
42 12 97
78 36 24
60 175 63
6 117 30
157 61 71
76 32 99
155 125 16
97 161 69
139 177 33
15 1 20
110 35 52
154 185 23
104 121 95
160 163 25
27 167 96
154 55 39
130 132 29
38 156 97
70 65 58
186 15 21
175 134 64
184 162 25
100 30 25
102 172 36
12 143 59
176 96 54
114 93 84
163 17 49
16 171 84
8 180 85
171 108 78
164 131 84
31 48 49
161 40 48
19 189 58
166 16 70
30 1 54
94 40 93
24 170 27
110 55 16
91 84 41
138 79 17
128 46 86
52 188 76
8 130 36
126 46 33
124 88 58
24 56 25
178 88 60
93 91 58
149 61 5
92 63 69
55 125 42
26 132 48
129 90 73
128 173 36
80 135 55
15 62 71
11 58 58
184 136 74
31 62 67
6 7 91
157 30 56
46 37 74
19 50 61
34 42 45
58 159 78
18 35 62
132 85 24
148 176 61
174 170 52
43 91 99
125 76 92
122 37 51
80 64 48
90 21 28
129 104 29
154 67 96
119 60 6
80 34 69
33 158 95
136 72 51
152 91 61
172 119 95
179 104 56
102 168 43
91 0 30
61 101 70
58 103 94
148 113 28
93 135 31
180 30 55
148 121 91
134 17 75
50 161 21
13 83 50
100 154 55
15 68 8
95 180 22
183 142 34
24 171 35
29 99 67
52 46 63
172 163 58
31 41 45
169 24 54
53 93 13
164 67 53
132 35 42
96 189 80
148 58 93
12 154 47
97 112 71
132 138 4
94 84 75
5 26 26
9 131 23
75 98 45
41 149 67
131 162 17
0 35 31
117 158 21
51 123 49
42 68 11
58 41 23
169 49 16
96 65 66
158 135 84
182 84 85
111 158 71
177 34 19
80 133 70
133 4 79
43 179 89
124 11 48
41 155 51
108 173 84
53 13 31
103 80 85
171 36 30
25 183 40
34 181 71
119 133 45
55 170 37
42 87 18
66 47 63
104 172 97
143 57 89
91 136 91
88 169 26
18 154 24
10 72 43
20 134 80
173 100 98
85 118 86
72 180 56
110 105 39
6 26 26
57 12 98
140 110 86
62 46 77
16 139 57
131 88 19
176 156 43
41 182 90
89 125 56
189 153 26
8 33 4
101 156 39
45 145 81
134 76 22
148 63 89
65 137 67
169 20 69
33 59 26
71 175 59
169 29 48
139 167 29
50 64 98
128 87 39
3 56 73
87 119 75
81 86 18
189 78 87
4 123 62
47 112 35
111 131 8
18 38 34
13 3 17
75 41 43
174 15 47
171 116 33
114 69 88
46 14 8
175 80 60
134 96 29
188 93 16
80 157 89
46 56 3
138 71 68
80 137 30
125 44 92
118 139 39
23 170 98
14 36 47
96 152 51
92 80 52
111 104 95
187 15 88
58 160 14
179 139 11
68 66 15
83 166 65
167 102 93
7 121 96
137 109 5
69 45 71
118 101 44
159 143 92
116 8 95
91 138 9
150 140 29
61 46 69
78 145 35
151 76 9
122 110 68
86 162 14
44 143 73
119 45 76
162 155 66
41 22 72
109 64 3
100 120 72
167 20 5
90 47 36
156 124 5
113 10 23
77 182 83
124 97 26
79 132 39
64 126 35
160 174 40
78 85 35
187 185 42
124 50 53
103 33 49
129 28 94
86 33 10
158 14 45
178 161 85
18 181 46
65 188 73
148 85 47
68 173 68
65 26 84
89 187 12
149 111 79
66 86 76
0 69 67
135 130 86
90 184 41
46 49 71
107 104 73
84 172 40
57 135 87
85 32 39
76 43 76
56 106 36
2 186 98
134 16 63
177 67 47
59 135 13
135 89 15
43 24 68
14 175 89
172 77 49
74 73 45
165 105 37
121 54 89
110 45 95
43 189 48
158 67 64
66 57 87
176 10 53
32 95 15
89 152 32
143 25 84
91 175 52
94 150 10
127 5 63
52 169 90
4 158 31
53 178 4
97 170 27
84 111 20
67 45 21
171 51 82
7 6 40
21 170 73
186 38 92
81 47 11
136 57 35
121 95 88
158 100 38
97 83 99
41 54 73
109 172 82
104 135 7
50 138 10
37 60 76
4 92 89
36 91 76
37 75 61
126 53 26
66 46 81
145 33 93
16 160 19
156 185 13
95 130 66
120 92 53
119 2 73
105 137 47
17 136 11
89 73 31
59 15 71
107 175 79
48 9 55
121 172 23
145 143 61
87 134 29
186 94 86
118 43 99
121 112 70
182 137 49
34 61 18
108 162 86
95 53 59
122 114 5
61 18 59
33 157 13
135 99 38
51 79 89
27 6 99
7 152 51
31 185 68
45 123 34
84 47 68
35 164 45
69 12 61
167 139 48
101 74 13
112 33 93
186 69 44
59 174 61
76 17 67
30 128 82
142 54 12
76 179 20
102 36 48
130 30 52
20 172 80
101 148 47
146 54 41
94 65 91
48 179 27
53 135 66
183 143 38
22 174 35
92 98 96
139 116 22
70 22 93
23 5 83
44 97 7
93 184 85
83 109 61
20 155 86
188 163 83
53 10 17
105 114 91
118 39 14
1 170 29
33 117 19
52 186 36
88 30 2
156 152 79
108 155 42
45 58 3
120 91 83
153 38 58
77 125 93
140 26 56
3 111 78
108 54 87
113 128 37
69 88 33
178 29 49
21 56 50
155 46 47
179 154 59
75 180 51
95 168 85
162 30 90
151 133 22
169 178 95
90 140 76
40 26 58
185 179 45
120 105 95
147 174 57
147 122 29
147 43 16
147 161 26
147 5 35
147 49 17
147 125 35
147 164 79
147 57 30
147 116 24
147 136 87
147 60 77
147 146 5
147 38 4
147 4 81
147 33 74
19 82 42
30 82 16
46 82 88
49 82 17
50 82 30
53 82 41
54 82 1
65 82 93
68 82 3
81 82 69
93 82 14
101 82 15
109 82 83
125 82 53
128 82 60
132 82 13
146 82 24
150 82 36
161 82 1
168 82 57
