190
213
215 96 77
159 106 82
193 185 0
161 246 74
114 75 5
36 153 88
142 129 84
91 25 25
34 124 44
145 123 69
158 202 83
176 235 78
167 198 88
5 139 59
153 187 99
133 117 42
148 181 56
57 47 23
12 92 72
7 243 3
38 180 64
145 99 100
207 79 28
86 119 57
203 41 93
23 204 21
234 146 62
224 128 25
164 188 46
46 221 33
87 232 67
227 191 0
100 40 51
44 248 98
224 229 87
247 222 50
202 125 40
40 80 74
187 32 32
202 77 52
80 238 54
178 2 58
89 136 60
139 158 88
223 196 26
224 6 41
120 238 63
96 44 43
112 7 42
193 62 32
5 154 80
192 68 84
204 201 66
22 240 91
239 127 52
108 245 2
73 12 56
153 21 34
82 59 81
164 50 8
167 19 72
199 23 95
49 193 70
151 44 77
68 215 63
245 102 15
79 63 20
114 172 83
80 174 99
139 138 59
189 100 82
209 144 61
187 199 15
199 157 63
143 162 19
168 159 23
157 150 5
215 69 99
194 171 63
81 188 24
212 70 75
201 172 58
230 202 74
112 147 88
109 63 58
240 186 14
61 74 9
157 133 77
233 136 14
186 249 71
87 120 87
9 24 59
67 135 55
92 239 84
13 241 4
218 146 98
67 3 97
111 136 93
174 154 6
192 41 39
222 248 18
90 2 88
172 78 91
101 191 67
160 177 14
157 60 37
236 127 82
155 161 24
80 249 4
194 68 96
10 189 69
45 137 52
182 197 60
209 183 45
41 23 48
104 55 60
37 25 37
115 218 9
23 151 57
176 149 70
134 178 61
182 230 47
237 79 71
2 75 52
211 18 76
25 44 40
65 4 34
145 197 6
247 19 61
182 139 85
103 66 56
148 175 95
199 48 38
85 8 49
8 216 59
106 227 69
204 172 49
236 66 99
93 82 4
177 71 30
244 54 47
68 112 18
203 170 36
214 197 43
163 172 33
63 65 28
67 49 48
161 71 64
1 155 86
184 44 33
63 112 44
75 73 32
187 154 12
246 74 35
61 188 6
231 187 52
105 229 26
22 188 48
87 219 13
221 24 28
93 47 68
161 208 47
59 173 78
67 42 52
89 94 41
225 182 84
87 194 66
223 231 0
77 224 25
85 66 6
130 212 61
163 140 39
193 143 97
118 13 85
102 222 97
80 1 90
176 207 93
168 28 17
80 146 4
13 147 64
221 89 66
125 43 64
33 68 54
158 119 72
195 98 50
47 117 88
223 215 13
148 242 99
160 111 25
82 81 73
203 81 35
93 90 25
232 34 61
115 186 66
5 119 51
47 153 13
1 71 10
169 155 56
98 93 80
71 214 24
175 209 73
106 56 48
209 195 14
43 165 63
26 119 16
118 239 32
230 35 28
44 197 13
142 155 8
173 232 1
44 81 52
236 1 96
128 48 46
152 186 2
172 178 56
167 249 4
16 233 87
138 77 53
118 246 12
181 238 48
39 232 41
223 44 57
12 106 97
174 64 96
61 150 87
221 36 40
223 72 48
134 107 9
148 67 67
104 159 71
163 169 55
195 152 46
221 205 47
46 14 41
110 140 96
35 240 71
244 248 65
168 226 61
122 15 16
123 202 91
87 59 5
78 232 91
3 173 45
183 210 99
43 56 92
220 184 10
221 168 28
17 224 98
221 95 86
215 210 14
202 37 64
104 244 56
149 166 50
14 147 9
242 198 45
162 52 90
62 247 29
33 157 62
92 38 94
6 26 32
81 196 48
96 212 7
53 105 50
200 106 67
93 51 4
158 8 54
157 63 27
169 152 54
162 249 50
222 101 71
181 2 30
175 60 90
47 5 66
188 225 51
182 96 19
196 195 46
69 196 36
169 215 66
57 75 85
197 150 13
174 106 38
34 201 29
224 44 2
96 204 41
145 120 24
158 185 28
109 54 24
170 228 85
231 248 25
210 170 6
20 166 41
216 203 78
218 154 2
71 146 74
145 61 66
115 85 26
137 40 84
243 153 20
200 99 91
20 101 50
41 233 74
105 126 7
57 20 86
19 87 63
175 186 43
61 120 2
103 173 30
152 147 89
16 242 13
137 74 97
69 120 53
1 30 75
0 6 90
208 28 50
237 46 99
113 71 54
123 76 67
87 99 65
40 4 96
121 205 63
170 74 21
130 103 54
24 26 21
132 79 40
90 51 53
119 227 21
182 106 100
120 126 21
185 66 57
204 9 82
156 167 4
58 99 0
140 142 81
248 86 48
193 211 1
17 61 15
144 52 73
125 63 61
89 23 34
136 64 46
22 42 63
179 64 64
177 127 45
248 72 78
216 220 5
206 136 83
57 76 82
166 14 88
5 21 45
149 224 72
188 5 11
170 53 58
99 228 85
79 81 35
241 22 56
75 225 69
46 155 22
238 223 51
211 204 80
66 150 37
152 206 72
75 247 77
36 137 92
129 242 34
172 249 70
212 103 46
162 233 13
50 199 15
226 14 11
11 249 63
236 186 53
23 16 20
238 66 26
152 57 74
183 187 70
164 89 96
10 242 91
205 217 0
36 59 16
238 17 62
210 84 16
92 238 38
82 64 11
188 17 72
92 15 39
187 235 79
205 15 27
182 153 34
9 86 12
111 198 79
38 111 13
70 101 90
64 186 14
103 131 81
77 42 15
150 243 12
187 130 41
64 107 72
110 155 55
126 75 87
183 182 49
37 172 50
120 69 86
157 151 24
197 241 39
36 6 64
61 10 56
188 75 32
217 226 26
108 155 80
222 232 28
214 5 5
7 70 58
23 174 26
189 24 3
77 247 3
15 55 25
14 164 57
85 16 9
101 217 21
22 186 20
94 212 49
77 36 57
187 30 93
103 241 58
157 33 24
68 35 86
192 88 42
201 67 28
99 178 3
147 231 26
94 160 19
87 94 85
70 77 70
43 34 88
73 95 72
43 234 65
182 222 81
0 28 72
11 144 96
130 66 56
211 221 65
172 151 52
163 26 36
138 129 9
92 33 43
27 61 100
108 67 88
10 245 82
72 145 50
158 198 97
41 158 50
7 139 9
240 68 29
188 89 74
57 128 30
245 153 12
217 29 78
9 171 86
79 12 54
117 225 46
146 23 55
84 27 70
231 28 79
161 110 40
60 172 10
156 70 61
31 80 11
182 3 92
32 64 52
18 8 97
133 8 29
124 45 61
79 197 76
160 188 80
232 248 45
200 165 54
183 37 2
147 106 10
239 32 76
91 121 84
71 201 72
137 36 83
84 73 3
120 181 43
200 202 35
145 211 70
147 45 52
111 29 43
194 2 93
24 158 11
51 222 59
15 118 81
41 192 11
105 56 31
144 98 2
47 78 66
184 33 39
151 134 47
212 176 27
216 102 48
199 33 20
16 217 14
183 176 99
128 116 52
206 156 80
136 192 88
209 77 88
198 71 53
96 91 55
192 13 76
102 8 54
115 30 48
148 48 71
132 53 9
48 237 13
130 150 75
52 168 45
118 228 65
197 103 56
57 239 2
144 18 65
83 78 62
90 28 87
52 97 40
170 192 20
24 155 41
83 116 47
9 247 69
217 233 9
129 161 39
241 163 6
86 125 41
125 19 9
32 24 62
217 135 90
181 109 62
54 183 38
123 177 80
185 46 2
1 124 19
227 71 48
136 149 100
24 70 21
114 108 83
24 80 27
44 172 1
9 174 64
199 209 81
233 53 69
172 101 64
125 7 28
211 38 6
105 80 40
232 109 5
237 28 90
202 231 6
80 86 55
152 140 61
220 30 96
134 245 60
229 34 55
154 170 67
227 207 14
242 149 33
0 32 29
59 111 98
92 135 16
153 63 92
154 167 84
2 59 20
196 65 2
77 44 34
66 106 86
135 71 30
49 23 94
200 34 78
68 89 30
226 140 95
109 182 69
29 102 56
36 72 3
14 153 20
44 89 76
18 200 69
42 203 31
81 227 51
192 76 3
225 92 54
121 75 33
84 6 27
45 234 93
193 191 12
98 158 66
136 85 11
89 53 62
217 221 13
174 226 77
237 174 65
33 98 81
150 152 43
188 145 32
44 224 39
7 15 52
145 161 77
27 198 26
118 153 30
8 175 20
183 1 14
159 96 17
186 131 99
225 212 39
77 32 9
249 107 85
193 178 82
101 201 65
126 97 38
236 102 61
23 136 83
173 106 70
211 207 96
94 186 28
57 29 32
121 57 76
14 3 100
167 113 79
69 4 53
148 165 50
87 5 74
81 57 1
109 53 57
206 179 54
155 123 86
194 36 87
74 211 84
21 52 2
240 83 92
2 95 48
18 155 73
227 63 88
3 186 86
79 149 90
76 116 4
159 35 85
232 193 12
64 160 63
129 156 37
240 94 87
175 243 49
232 177 32
76 208 45
9 6 10
73 143 40
66 73 76
130 107 17
133 193 62
94 204 10
22 120 87
142 75 78
80 230 20
151 210 12
2 102 81
209 88 2
82 162 22
218 41 42
115 227 65
120 27 73
215 110 35
177 140 95
92 12 87
27 103 55
188 203 89
39 29 66
202 17 69
86 187 49
37 239 54
200 146 54
181 107 99
231 113 63
188 204 7
40 197 87
41 77 64
126 192 29
194 141 46
146 248 3
210 54 80
74 34 0
115 84 55
95 72 12
158 173 98
118 85 59
223 202 70
10 219 13
247 246 75
245 226 56
221 121 43
138 248 56
219 211 2
150 185 51
121 50 47
51 120 87
94 53 82
208 63 23
191 233 43
1 151 96
92 234 25
95 226 10
162 11 18
203 78 85
160 43 19
181 114 99
239 125 97
232 203 71
152 66 43
222 12 18
164 104 60
188 193 29
145 95 79
97 175 38
60 23 71
91 13 43
242 14 19
71 103 68
196 204 69
245 151 57
13 209 77
170 166 54
65 151 52
178 227 60
188 15 23
140 146 77
246 210 88
170 237 0
189 114 76
220 86 95
168 76 20
156 135 98
154 121 11
72 90 63
248 157 76
203 13 42
248 106 4
27 8 14
60 24 72
105 221 79
89 82 72
227 9 99
199 229 36
174 27 33
196 249 30
131 41 2
127 208 23
86 92 63
154 10 40
133 50 100
130 114 18
169 74 93
83 2 77
220 228 45
85 91 71
16 234 66
110 165 49
77 30 66
191 35 45
181 175 81
209 240 5
88 183 36
195 237 21
129 2 74
69 79 16
90 61 51
47 145 33
75 107 29
39 107 63
29 159 45
73 98 94
139 13 57
145 88 11
53 116 35
160 30 6
28 207 70
164 93 42
21 92 98
71 32 12
209 172 84
41 181 97
249 138 35
240 4 53
6 99 62
166 217 5
241 130 82
191 75 22
33 49 42
233 69 31
236 210 23
67 240 46
18 102 53
52 8 43
225 57 80
43 7 73
134 108 25
62 53 97
49 113 80
83 158 55
248 147 39
23 90 93
19 115 57
83 57 93
23 9 45
98 224 82
19 116 13
239 98 30
4 50 67
163 146 58
45 150 54
13 35 76
208 67 79
100 8 100
58 227 57
210 195 84
191 172 95
63 175 29
143 42 78
153 73 13
229 105 73
83 58 32
85 189 62
15 193 84
113 245 5
68 43 36
192 19 70
161 164 56
246 146 60
237 240 83
141 222 21
28 68 16
209 225 64
215 136 6
197 115 58
162 236 36
50 16 33
13 237 63
170 183 72
22 236 19
229 109 45
114 241 55
58 214 73
169 129 52
249 20 62
105 163 85
204 142 72
234 35 6
240 234 66
155 192 62
148 245 59
97 192 77
229 23 47
101 154 100
63 153 81
27 52 56
175 107 49
171 30 14
12 36 79
216 23 72
25 196 98
116 244 78
155 220 43
78 136 16
35 193 73
142 147 87
119 129 62
158 123 16
13 17 32
80 182 6
50 122 29
116 22 82
20 225 59
226 30 19
159 238 35
35 168 33
71 148 7
212 11 73
56 19 13
156 75 81
80 164 33
200 194 40
57 36 92
161 29 97
157 15 92
209 25 37
195 230 13
53 179 10
36 86 20
50 176 98
0 241 98
17 93 94
73 219 2
138 241 43
126 109 43
248 22 89
79 195 45
138 9 48
59 168 3
212 245 52
150 48 44
131 240 92
77 56 13
131 107 71
134 2 43
216 231 30
82 111 5
125 87 89
57 56 16
61 86 33
80 240 36
172 8 91
132 99 30
248 220 99
83 112 9
99 148 74
122 25 50
191 46 89
191 228 75
158 73 42
117 232 3
53 101 27
84 164 56
136 21 100
58 164 24
63 39 58
48 249 81
116 122 82
18 110 72
79 52 41
75 237 73
245 1 46
9 67 38
80 15 57
101 90 16
189 86 77
160 242 77
8 162 67
195 17 96
147 157 72
134 0 70
48 18 7
52 128 57
34 114 77
83 88 78
238 142 26
147 214 86
22 160 77
233 43 1
86 191 10
207 146 7
225 189 28
157 90 0
139 133 58
186 239 65
212 88 82
140 43 24
201 13 9
12 118 34
33 154 29
167 156 5
105 7 28
6 77 80
35 229 33
88 106 48
246 148 29
36 92 73
191 22 99
173 176 12
23 49 86
188 6 59
131 196 55
104 24 49
15 78 37
209 143 48
93 80 16
146 119 79
150 175 28
201 200 67
189 247 45
116 225 36
183 243 28
85 104 72
174 201 66
244 127 18
126 246 51
187 5 42
120 228 49
162 179 65
228 224 64
64 102 43
71 108 90
59 151 98
218 135 93
71 25 39
233 47 33
70 193 95
235 203 95
241 176 76
43 97 13
19 154 30
161 62 27
62 166 63
14 157 82
19 241 67
229 247 23
31 1 23
111 133 84
216 163 39
202 90 5
52 189 66
57 103 99
181 171 75
35 19 80
87 60 48
243 238 54
99 163 86
62 120 24
88 221 41
130 146 90
125 193 0
27 146 4
45 162 29
128 162 53
82 77 51
122 105 22
88 37 97
74 168 92
23 31 82
52 164 21
224 117 74
148 136 21
231 209 29
184 29 28
60 188 30
227 53 76
65 143 2
225 36 68
19 69 81
71 180 38
183 124 87
56 147 50
29 71 29
18 41 40
38 78 24
186 25 79
31 15 48
23 88 56
104 15 2
45 230 80
9 65 54
207 85 96
173 222 6
169 220 33
238 49 100
37 71 82
160 246 95
53 152 94
68 19 88
159 178 83
166 131 69
155 128 69
140 54 16
173 140 93
96 145 96
9 183 55
184 245 31
121 247 22
154 72 75
91 44 13
175 182 24
122 110 36
127 141 29
188 186 96
236 158 60
36 52 5
237 35 2
35 48 54
35 181 93
193 55 5
123 9 63
60 33 1
75 236 82
243 186 15
239 155 50
188 72 38
196 52 78
223 221 74
108 100 82
140 155 97
45 73 1
117 103 33
70 112 6
94 135 16
21 211 100
61 247 7
183 25 45
98 28 86
65 84 66
86 231 18
100 90 93
60 156 15
222 191 0
37 46 38
97 145 44
160 169 16
219 195 78
60 43 63
78 182 84
215 247 49
40 244 1
92 128 31
237 200 15
50 146 57
105 38 77
15 134 2
26 38 53
249 12 98
21 212 83
73 69 89
228 182 87
184 232 57
194 77 4
215 86 88
4 108 52
56 49 17
28 120 73
38 106 56
31 118 69
148 191 55
3 54 85
77 187 17
159 100 70
11 209 1
22 154 57
223 97 67
102 96 59
175 189 47
93 103 39
6 23 70
5 177 4
39 78 60
119 200 92
32 186 73
179 225 13
61 58 43
133 127 61
221 206 50
229 151 54
125 230 76
61 207 97
47 179 48
249 61 0
241 40 78
239 191 35
221 46 27
152 216 74
158 222 75
135 36 17
120 73 22
163 112 21
200 12 97
186 122 53
110 106 45
204 118 29
110 21 9
95 70 80
144 226 56
51 55 59
159 107 6
46 5 38
249 125 24
32 155 37
26 121 9
5 138 83
205 158 31
6 116 18
193 206 21
208 76 9
66 2 55
246 100 98
125 172 41
219 131 49
149 57 32
139 172 88
88 205 99
65 165 8
137 238 21
47 132 22
126 141 73
162 153 88
173 5 64
13 153 0
169 41 63
0 201 45
168 72 29
236 98 17
137 94 47
98 151 57
121 107 91
176 231 89
80 183 3
243 18 78
61 48 86
205 53 76
247 198 36
119 76 95
87 164 51
183 70 55
221 142 99
33 161 94
171 23 59
97 221 36
196 101 82
186 158 30
3 33 5
32 184 59
107 95 80
104 167 7
85 142 26
88 122 96
158 172 76
142 98 7
174 97 75
111 166 69
17 209 22
115 46 100
118 133 19
2 182 14
30 136 26
47 247 92
138 206 42
38 178 16
14 182 16
245 67 46
205 93 17
83 178 68
172 234 21
179 62 26
115 55 70
89 158 78
159 13 7
27 105 31
131 102 45
207 0 56
28 12 44
99 198 21
245 207 62
75 53 26
234 47 52
82 86 77
11 5 100
34 230 76
18 27 13
93 230 6
184 124 83
69 192 13
183 76 59
182 188 90
155 93 62
237 109 31
129 70 65
211 172 72
229 74 76
2 49 15
240 41 75
241 144 52
85 120 31
185 47 6
52 127 30
128 71 68
214 51 29
248 173 30
8 10 19
91 109 68
51 143 60
166 19 45
142 246 38
128 57 97
62 90 74
13 239 34
224 74 15
173 58 47
177 13 56
189 97 94
217 111 91
104 185 80
116 195 6
65 204 29
91 119 65
130 219 4
28 106 78
158 112 93
92 96 42
29 217 0
101 160 14
59 113 46
33 244 17
67 194 64
225 108 29
26 130 72
59 179 27
13 68 24
137 197 93
28 117 21
67 39 7
30 183 13
57 81 48
66 196 53
226 209 72
29 35 100
202 179 87
70 229 77
71 225 64
66 193 0
110 13 33
155 116 87
52 135 83
60 144 2
70 218 39
214 200 64
36 244 64
241 124 83
81 222 20
106 60 0
2 203 61
217 31 68
58 228 60
189 206 15
49 241 58
154 74 33
17 202 37
91 218 36
112 44 84
85 196 43
40 203 94
155 140 71
41 14 17
107 244 54
41 188 95
124 160 36
217 206 78
170 174 15
125 11 71
136 148 7
186 173 40
132 195 0
153 22 98
141 56 14
186 191 68
231 166 86
16 80 8
26 76 11
174 82 68
53 177 36
247 199 87
72 63 40
172 164 84
163 8 72
75 162 71
158 131 57
206 15 36
85 179 9
11 171 78
114 63 34
225 150 27
134 49 79
145 163 36
161 95 18
209 167 65
139 83 98
86 160 56
101 189 41
44 221 39
226 134 85
93 42 79
21 15 52
56 211 38
170 156 85
228 8 100
82 8 56
178 204 47
186 244 3
165 26 16
35 249 44
45 62 12
140 236 38
180 61 73
89 135 89
83 40 44
214 115 78
222 96 74
62 66 72
115 15 96
192 144 0
46 154 33
104 100 95
191 155 32
13 105 77
100 31 19
3 145 37
65 209 31
87 182 7
181 177 49
215 32 28
18 217 39
219 245 48
75 246 34
60 186 49
235 243 9
197 16 14
90 142 53
127 81 55
81 232 1
205 179 12
100 43 74
177 154 0
227 8 73
169 187 16
227 188 46
170 111 57
50 170 50
145 216 66
103 35 44
186 83 94
23 208 21
106 185 43
84 124 89
144 183 72
225 179 45
125 232 0
87 126 38
117 193 1
38 87 51
25 247 46
185 236 71
136 185 69
247 175 78
123 226 22
74 36 9
105 235 49
170 145 93
214 34 21
209 235 71
14 87 71
26 3 54
209 231 54
135 49 86
199 70 93
197 239 20
176 133 58
72 17 12
10 56 24
235 98 29
226 58 46
66 90 74
68 16 78
161 221 6
238 224 87
53 199 3
233 14 10
146 123 23
49 198 60
68 225 83
193 15 59
242 191 13
105 115 19
122 62 67
194 182 42
120 118 57
198 63 19
31 194 54
89 67 21
155 20 71
23 185 74
240 45 54
155 245 75
196 73 30
74 180 15
48 55 37
59 95 82
248 10 83
77 249 79
199 16 77
165 224 93
94 56 56
136 47 11
154 241 78
217 176 98
40 144 49
12 80 77
94 137 76
93 97 34
76 194 100
90 147 7
180 77 94
141 229 16
101 49 25
139 206 63
220 177 45
51 117 91
129 16 9
46 243 2
1 22 6
30 56 32
180 118 10
17 70 52
12 19 46
73 87 90
78 9 2
150 81 25
6 142 5
42 230 48
96 159 68
121 123 21
112 119 23
176 245 39
13 50 48
191 238 36
199 116 80
84 80 38
8 232 2
20 165 16
184 71 60
238 78 55
241 210 18
32 205 43
0 182 56
208 72 5
152 233 20
131 153 99
15 49 36
100 242 65
115 150 47
155 152 64
35 144 90
153 90 53
225 63 13
232 81 44
106 217 43
228 243 49
153 180 79
152 145 54
128 101 11
51 37 78
135 16 14
36 51 55
18 4 1
177 106 51
133 75 0
33 2 82
208 133 42
151 232 25
117 91 43
14 205 83
136 52 14
71 211 16
205 168 6
126 83 80
90 94 65
117 139 22
76 7 91
21 143 36
42 245 67
73 90 73
198 164 30
12 178 56
210 202 74
240 43 0
111 91 39
177 129 57
34 236 61
117 114 40
196 243 85
209 98 44
157 191 68
138 220 37
11 233 92
203 168 83
28 224 100
235 220 53
153 1 76
146 158 36
14 226 83
115 22 35
161 78 7
192 220 78
178 108 55
148 149 45
134 193 45
230 102 39
218 226 16
16 43 81
126 101 13
155 221 29
125 76 58
51 242 96
196 223 24
191 70 2
119 52 15
226 218 87
32 49 38
109 51 56
100 194 26
243 31 26
230 125 22
196 177 29
155 106 61
143 243 57
143 176 61
209 166 89
225 55 58
84 41 42
11 86 28
121 193 12
209 170 97
212 168 23
171 222 53
198 242 55
84 24 34
24 235 92
10 29 54
243 202 47
40 93 36
18 25 30
126 165 57
105 3 43
158 235 50
158 217 52
108 230 83
69 204 53
56 222 21
43 24 43
71 221 16
39 162 25
231 156 13
7 153 27
184 218 38
17 222 95
204 44 49
119 236 43
97 44 16
71 233 14
140 24 26
174 46 33
27 94 18
186 143 43
100 220 48
223 248 17
133 25 67
92 69 40
52 34 5
134 212 2
103 227 53
45 68 39
90 216 66
227 228 83
41 138 58
64 174 23
0 19 40
61 20 42
20 216 34
11 129 94
61 1 28
224 204 26
156 54 23
230 242 71
58 215 88
97 74 81
85 158 87
199 144 56
152 100 59
136 204 12
20 199 2
22 158 80
17 74 47
116 54 3
17 42 11
59 133 89
55 184 29
55 43 94
177 209 64
245 147 54
174 115 40
35 212 49
211 99 8
41 63 5
90 185 45
52 94 88
193 228 19
214 193 7
207 151 88
209 174 49
174 26 52
40 236 23
62 86 13
85 51 72
45 132 64
143 81 96
16 161 67
15 30 23
39 146 72
245 214 17
112 85 15
117 19 59
98 45 4
115 146 57
170 108 23
172 17 10
16 112 68
28 80 29
31 168 30
238 100 69
111 229 93
133 166 83
103 148 75
149 12 50
138 215 71
234 150 69
216 133 72
197 165 16
198 32 36
65 39 16
43 214 4
181 195 73
167 11 13
225 239 78
123 242 39
90 107 54
164 208 66
204 211 16
130 44 3
123 85 22
118 60 50
25 41 9
26 142 5
8 9 1
62 52 8
170 134 0
192 245 12
199 162 1
232 154 42
87 83 51
153 123 0
23 191 39
101 64 82
78 184 73
120 56 11
175 87 57
51 33 62
57 1 4
19 146 0
223 65 19
5 193 43
115 39 53
51 235 100
94 70 16
117 223 35
182 37 63
79 135 50
226 75 8
106 179 76
195 56 5
209 159 27
239 154 39
105 145 8
125 118 57
71 36 89
145 149 49
136 193 74
145 10 61
227 160 62
19 125 16
9 143 68
69 134 50
1 128 60
156 119 74
85 106 98
125 214 22
234 64 31
9 157 10
122 59 89
174 166 69
19 43 13
63 162 26
29 81 21
125 129 50
164 22 65
202 212 23
238 235 64
142 126 8
158 100 77
203 66 79
192 171 20
179 203 58
91 140 45
28 77 79
224 216 52
153 205 11
192 184 44
122 89 72
203 103 91
90 144 70
8 32 18
161 166 20
44 73 66
1 47 90
7 159 58
111 130 59
28 124 84
66 116 13
73 110 67
199 165 10
194 121 27
171 159 27
15 11 17
86 43 65
162 207 63
113 5 54
105 205 28
15 52 11
32 248 99
83 64 89
44 79 55
204 58 86
214 20 41
153 112 81
226 186 42
189 149 4
129 4 81
150 60 31
50 63 54
95 136 70
245 96 71
34 194 90
248 232 65
20 61 94
5 114 99
159 187 38
102 173 49
87 110 48
215 199 90
126 99 13
14 20 46
232 137 8
7 90 46
237 232 39
170 212 87
231 178 5
87 67 98
204 74 69
200 88 24
104 88 94
34 29 14
15 130 74
14 134 83
221 227 46
31 204 12
23 83 16
194 122 41
225 25 53
44 150 48
178 113 49
209 30 4
229 45 0
220 234 91
138 7 5
150 132 75
68 146 80
102 174 28
119 126 45
112 73 11
248 169 71
64 70 2
181 117 65
42 50 90
124 96 1
192 193 61
10 22 7
122 37 39
174 153 4
193 101 67
31 45 80
219 9 79
139 220 63
124 122 7
93 2 32
136 174 0
163 215 99
92 210 10
216 199 27
150 103 25
80 180 33
73 11 2
109 13 53
29 215 84
153 167 93
91 185 65
191 81 78
138 65 38
134 179 78
57 110 72
49 182 73
163 78 23
44 185 49
23 8 70
93 52 1
237 157 59
57 5 95
22 109 2
86 137 72
90 183 20
193 202 18
40 167 81
215 186 21
72 207 1
180 113 11
32 62 83
228 105 72
52 160 75
136 224 79
197 145 20
114 60 25
216 113 53
82 27 63
49 166 5
147 97 63
34 112 54
183 119 91
136 176 3
55 56 82
230 173 4
216 107 28
24 15 58
174 96 61
40 2 12
194 44 32
239 52 22
34 141 29
131 69 57
151 236 76
144 0 43
129 22 50
39 65 50
170 161 73
147 220 36
28 47 57
159 188 26
214 62 67
22 134 16
196 198 99
83 247 70
168 64 20
235 103 19
107 91 28
226 38 18
223 239 38
235 248 19
165 242 98
100 4 31
229 123 4
78 17 16
159 40 63
197 153 0
64 10 37
101 177 50
17 205 51
101 98 13
110 239 86
188 163 34
188 179 51
134 226 14
177 102 45
235 132 25
173 57 69
18 201 52
167 111 100
163 5 14
197 187 3
242 226 23
32 25 44
238 166 36
90 113 52
181 3 57
156 216 69
131 202 9
3 163 46
84 37 98
180 174 55
56 34 94
224 160 53
82 39 85
16 136 57
212 217 41
86 95 5
183 88 78
53 37 1
16 118 89
201 31 20
164 125 45
129 32 86
151 154 68
223 192 31
156 128 41
238 5 96
211 45 12
77 93 11
83 242 14
157 236 99
200 115 24
244 220 23
22 221 80
67 51 49
170 196 69
218 21 21
5 22 90
122 118 21
25 179 26
248 133 11
204 127 41
36 144 28
99 80 60
184 100 89
40 97 27
164 107 80
148 115 51
232 39 3
159 110 77
231 84 74
168 57 30
133 241 70
205 114 81
113 177 7
195 60 1
101 119 2
7 65 75
46 201 60
188 23 40
126 89 64
166 108 96
143 137 28
146 198 70
102 14 82
25 35 35
194 102 80
29 243 61
37 41 3
77 234 83
220 126 76
192 106 50
68 216 82
154 81 75
189 135 90
194 196 99
155 37 21
106 139 16
54 239 10
205 50 5
117 120 18
212 95 14
242 95 37
178 97 25
204 6 75
205 20 18
94 210 80
199 227 89
182 2 57
230 248 1
110 171 7
165 29 98
92 241 4
38 230 98
155 143 91
160 45 21
203 204 59
16 66 58
221 48 63
211 143 28
58 30 77
25 145 35
71 18 40
151 153 43
216 185 37
235 219 98
157 167 42
187 186 89
122 23 58
169 39 70
176 50 51
127 221 55
46 159 44
206 76 24
237 235 30
46 170 14
58 244 56
198 118 58
84 174 5
121 212 78
8 235 18
225 207 71
94 7 56
158 193 24
97 182 40
147 114 13
164 124 50
205 203 18
247 98 74
41 3 100
240 63 39
37 143 33
239 137 8
108 95 75
63 215 23
185 205 10
154 40 45
177 139 23
174 221 55
155 194 29
113 18 1
29 64 64
87 193 5
245 88 18
33 130 82
73 107 88
163 211 17
93 118 28
74 0 87
209 221 42
63 45 24
234 217 85
149 234 66
128 151 65
0 225 17
165 241 8
109 180 59
127 214 24
232 65 78
228 180 45
210 75 4
168 59 43
191 5 10
22 119 77
166 112 18
208 236 76
40 137 77
194 149 62
61 134 43
228 21 18
215 16 90
21 74 68
146 18 43
175 50 94
111 230 72
240 50 46
24 25 84
8 181 31
245 227 40
133 169 10
216 152 1
169 241 31
203 221 5
53 206 69
95 25 24
126 212 53
53 201 78
200 197 73
26 31 31
44 127 16
75 30 48
60 7 20
144 19 56
73 225 17
93 71 89
80 61 21
149 133 35
234 109 67
191 131 52
32 217 76
217 173 93
34 189 97
79 124 27
26 56 98
62 7 61
46 165 50
5 176 91
238 136 34
170 58 94
43 94 86
92 220 36
87 66 91
49 249 28
65 205 57
198 50 66
153 217 25
243 126 2
97 131 46
101 40 78
58 199 99
121 227 53
176 227 22
84 156 13
1 142 89
160 73 42
145 234 55
184 209 59
29 207 36
118 156 25
245 222 25
158 88 4
168 82 75
137 24 95
232 31 16
102 90 96
31 59 29
0 74 20
37 157 51
117 63 68
67 61 52
219 165 23
103 226 10
224 240 64
207 35 74
12 174 12
204 146 33
183 60 84
141 219 80
215 160 74
77 74 86
70 244 18
225 33 38
36 46 93
47 109 31
179 170 4
73 188 92
196 186 21
212 210 7
7 116 5
18 20 16
237 141 7
106 92 54
220 163 16
100 209 40
214 92 30
199 140 71
200 155 5
6 7 75
146 51 8
24 146 66
10 183 48
167 35 54
50 65 6
191 175 49
104 210 28
122 32 89
85 53 59
142 224 43
44 187 46
13 208 74
19 147 83
120 196 34
153 142 84
226 21 37
235 232 50
208 19 77
224 169 37
104 116 10
86 5 62
2 139 68
91 241 100
173 77 3
198 234 12
116 52 12
67 160 59
164 118 13
36 134 70
214 13 78
58 26 36
172 49 28
176 215 94
246 72 56
90 103 96
180 168 3
34 234 4
85 34 94
195 46 87
230 157 35
31 97 51
80 48 13
159 57 92
169 50 26
155 99 1
88 168 90
101 163 65
116 107 58
204 15 21
50 18 81
147 125 3
175 210 30
86 138 72
3 241 32
74 239 98
123 233 62
90 109 6
35 87 86
30 87 81
30 160 13
8 130 100
168 0 44
51 230 68
19 23 88
105 65 12
114 245 22
41 110 30
76 73 8
73 58 69
16 15 85
248 67 39
71 138 21
185 109 67
32 193 99
140 248 76
64 244 88
19 114 84
114 73 50
54 181 20
127 20 72
91 136 38
15 204 50
125 92 71
178 245 41
152 76 8
189 78 98
113 125 25
67 84 44
167 94 33
225 208 43
236 78 72
55 54 60
204 217 50
247 31 12
217 167 8
35 123 38
233 153 93
227 55 79
211 120 54
0 183 24
16 102 92
26 145 17
246 35 42
220 239 15
211 182 82
115 0 82
152 82 55
103 11 24
223 129 55
215 118 14
78 208 30
244 181 8
230 10 83
245 129 61
34 96 39
36 135 55
89 22 86
39 225 39
55 46 98
71 39 27
168 188 40
246 16 55
153 88 61
210 25 97
76 30 39
41 231 37
12 75 10
135 23 61
184 189 60
118 184 61
50 106 87
85 12 87
85 94 2
18 159 52
141 144 38
152 210 66
154 68 11
215 206 37
35 184 82
177 120 85
82 154 6
53 12 39
135 216 27
198 28 95
210 174 10
130 201 88
127 85 13
56 21 90
10 105 93
95 218 82
223 180 70
226 132 13
98 10 74
2 224 74
157 44 63
146 105 27
73 111 26
131 176 10
139 3 17
26 35 85
102 223 29
86 18 24
59 23 31
42 5 81
139 72 98
191 128 69
226 136 81
199 241 17
20 228 59
23 196 87
182 108 4
167 228 81
104 127 42
221 210 25
41 169 100
204 88 41
135 87 78
66 233 62
145 48 89
141 237 81
241 232 51
87 117 77
87 114 20
34 91 19
31 109 46
125 62 27
216 114 91
237 24 82
225 216 53
160 222 12
54 243 88
67 176 91
157 11 39
168 196 68
27 235 11
5 78 97
5 244 1
121 204 8
26 231 4
75 126 94
37 210 42
194 135 29
129 185 12
65 140 95
110 194 16
64 96 97
97 222 62
193 154 22
196 69 34
168 120 16
19 34 20
19 179 46
35 198 91
222 133 63
105 29 3
209 211 69
240 65 8
41 87 100
234 87 70
79 165 82
87 131 75
237 162 88
212 205 85
48 122 66
144 169 8
80 91 90
204 22 62
91 116 59
205 16 21
111 67 13
89 129 19
186 59 34
12 29 32
158 7 37
41 176 41
78 59 16
237 16 5
0 93 84
106 145 40
65 247 34
195 146 93
81 46 56
171 130 82
15 18 2
137 220 7
67 64 99
116 115 52
62 137 94
16 121 57
31 169 95
163 35 75
195 221 49
36 130 56
11 61 17
91 242 13
36 176 23
106 221 98
103 229 97
35 11 6
134 173 78
205 100 67
100 42 62
5 131 81
227 202 84
25 210 77
104 37 18
93 239 53
76 156 76
172 238 76
99 109 2
15 171 9
147 11 9
5 122 96
78 97 68
104 7 22
147 160 65
141 195 23
97 243 24
225 54 22
8 82 50
71 120 92
176 194 89
151 226 56
63 207 62
175 44 38
246 169 82
199 214 81
56 135 61
99 154 94
5 134 68
22 135 60
96 139 80
211 121 59
140 115 89
189 28 31
122 219 24
19 201 14
105 32 82
48 230 53
164 99 35
192 198 70
171 183 19
110 44 96
140 36 27
211 164 27
145 147 31
116 220 49
49 168 100
145 122 86
83 70 74
229 89 94
48 10 5
185 32 99
107 233 55
60 230 81
236 97 60
15 196 75
151 125 80
119 63 16
144 15 93
163 20 40
176 178 40
207 227 10
58 57 44
166 122 91
59 19 13
199 40 3
73 92 48
228 69 59
181 42 2
172 168 68
132 34 12
202 184 23
24 86 52
84 136 40
6 112 38
240 62 46
63 44 87
99 134 1
244 29 55
57 124 91
113 37 71
77 95 2
169 62 25
46 181 18
114 203 63
10 221 97
112 88 10
204 226 80
22 245 93
73 28 69
6 109 20
2 27 30
216 106 12
4 201 40
94 246 84
195 185 25
129 7 66
22 14 14
54 178 96
4 66 11
147 193 25
38 84 94
89 49 23
150 96 72
6 245 77
38 146 55
246 54 21
31 5 65
102 121 45
226 131 69
235 224 82
153 131 0
89 193 46
87 82 58
194 67 53
172 170 39
206 43 13
217 41 21
29 157 28
184 238 1
117 133 25
222 209 37
129 198 63
129 66 56
104 122 67
45 136 98
121 40 59
239 152 65
201 138 5
133 105 14
182 137 54
84 242 73
152 79 17
75 140 97
209 177 8
51 44 47
166 199 18
61 88 29
86 98 37
113 246 76
118 201 100
55 183 36
40 44 24
77 83 94
189 224 25
20 180 57
90 203 70
55 120 9
196 66 94
134 180 40
176 36 14
217 9 15
218 76 4
215 122 48
161 85 79
140 197 66
228 161 33
165 189 13
212 69 15
151 157 2
82 75 59
106 158 40
91 169 81
245 225 21
201 30 8
141 5 75
106 239 22
58 83 69
221 31 98
71 184 54
248 16 25
62 17 66
249 225 57
99 102 46
206 229 1
114 138 10
111 124 87
26 151 66
80 136 59
230 54 45
230 48 19
144 115 60
140 76 29
21 90 89
241 100 41
35 2 13
19 210 56
13 167 89
188 10 8
20 50 50
223 64 5
224 56 27
180 214 25
97 75 4
88 16 71
187 22 43
59 198 50
26 37 23
220 65 87
37 159 87
165 21 96
81 55 61
47 54 97
157 54 83
22 170 18
41 216 42
141 249 47
53 154 53
110 74 77
102 194 91
244 96 56
17 149 71
49 122 42
126 18 4
191 230 21
56 242 39
155 124 22
58 25 96
169 203 33
7 236 58
48 202 86
145 77 23
15 65 76
169 157 31
247 83 82
30 81 64
123 96 43
33 200 36
72 3 74
234 125 84
239 144 55
233 101 67
102 154 29
97 234 98
28 109 97
84 178 40
147 117 79
196 20 44
124 108 36
11 82 52
158 94 9
160 105 90
165 207 26
183 242 95
99 157 36
72 150 83
100 138 37
106 20 90
179 238 29
165 58 17
112 122 59
98 161 53
2 100 36
248 55 98
59 126 41
27 106 67
246 247 33
195 167 16
5 11 59
80 206 31
84 135 45
81 15 73
216 165 53
76 133 62
13 244 97
203 199 34
25 69 6
126 146 27
13 135 14
247 245 10
202 124 73
71 136 82
0 107 40
8 36 64
103 233 33
107 188 79
153 156 90
182 176 21
157 149 2
249 1 2
9 195 24
187 21 96
142 183 57
86 186 43
46 108 85
82 241 0
181 61 13
132 162 74
186 36 87
15 101 94
140 102 98
79 128 9
21 170 13
161 120 95
218 163 79
154 63 65
21 219 41
5 222 86
164 146 5
141 199 51
52 75 94
174 147 55
160 166 51
188 192 56
205 105 32
158 16 0
26 89 9
194 154 10
42 83 73
100 102 24
35 180 63
220 24 98
180 111 95
66 54 42
207 94 86
240 205 79
207 76 36
160 56 59
38 42 75
11 204 67
216 238 33
249 127 56
238 161 40
129 166 95
70 245 46
147 150 7
80 85 73
23 219 20
95 135 44
105 143 20
238 57 93
7 64 68
103 208 38
247 77 24
93 248 14
1 202 64
198 228 37
47 122 26
248 166 2
193 65 4
201 207 44
43 102 66
189 87 58
146 120 99
142 216 91
8 60 6
154 14 60
11 44 37
234 200 17
13 146 85
168 41 12
132 109 99
34 87 24
119 30 56
48 247 8
25 45 72
81 249 98
130 156 19
109 40 63
58 96 65
153 79 13
196 225 42
194 132 23
71 207 62
17 101 6
133 246 19
101 62 80
156 158 91
128 161 46
127 246 70
54 82 36
29 188 79
79 236 95
199 125 31
106 15 45
55 10 5
195 100 48
16 68 82
115 72 10
146 40 16
50 130 39
229 72 75
154 155 85
10 83 22
171 186 68
139 17 28
49 72 50
226 79 54
225 13 96
165 231 6
227 171 38
1 149 90
51 31 74
93 92 55
40 126 90
89 93 3
225 198 75
90 195 8
208 194 86
233 74 23
13 57 42
145 110 26
133 189 86
81 25 94
110 53 59
166 223 22
48 192 48
123 178 80
230 49 1
54 107 89
14 248 22
218 136 37
50 85 94
2 143 8
154 56 98
80 36 28
63 121 9
31 92 89
22 233 35
49 56 26
184 118 13
191 2 48
51 187 27
228 201 55
162 248 90
91 164 70
66 12 77
3 109 54
171 0 67
46 178 25
4 198 37
18 60 85
10 42 73
182 226 15
141 151 41
160 168 88
144 44 8
216 180 79
119 110 66
211 75 30
205 224 80
30 168 19
195 160 66
231 98 45
219 37 1
80 195 7
48 148 57
80 210 5
189 85 69
128 224 70
109 225 94
183 85 25
108 65 93
90 97 90
44 181 32
139 176 49
72 76 32
243 136 17
34 73 9
173 40 71
243 189 48
28 180 29
197 25 13
126 66 88
178 93 1
7 226 37
101 164 51
100 224 86
138 249 59
21 47 9
2 232 61
192 183 26
221 149 60
175 173 91
232 126 36
165 57 56
63 126 33
43 27 45
105 102 19
195 99 54
113 75 98
3 120 10
16 72 93
65 206 61
136 209 96
211 184 37
69 115 11
90 71 97
137 91 90
8 14 59
162 191 60
194 69 71
154 141 71
128 166 88
56 183 26
208 11 26
60 94 9
83 153 31
191 124 67
0 108 3
216 209 57
191 102 73
83 160 64
127 230 91
201 94 37
156 107 62
204 161 37
172 141 34
140 90 26
74 215 62
225 111 62
61 237 61
155 204 36
182 121 16
185 56 77
62 220 40
49 13 57
222 72 53
142 4 31
247 113 18
188 155 13
114 209 26
132 209 44
5 3 80
91 7 77
8 208 32
62 57 69
198 200 40
171 26 5
112 187 63
120 215 67
171 232 3
29 203 91
63 36 89
78 109 71
235 245 76
12 148 8
107 206 67
225 21 69
164 219 96
48 117 55
114 217 79
166 129 4
198 155 97
210 205 6
47 217 14
112 51 79
123 159 56
191 10 87
135 94 55
249 202 55
210 230 11
195 105 43
143 200 1
42 53 95
37 201 76
129 184 33
139 203 17
186 145 1
173 200 7
69 214 61
50 136 84
145 69 42
97 112 39
175 188 39
158 233 75
233 94 29
176 0 28
244 150 15
143 226 55
75 220 7
75 72 28
56 88 76
118 70 85
217 28 64
205 46 67
206 242 92
15 45 67
148 13 10
226 0 52
219 59 33
240 14 29
196 109 0
243 24 70
85 110 73
232 223 41
16 156 16
243 245 70
108 76 96
225 90 8
70 52 82
7 228 84
131 42 83
45 163 57
228 169 46
244 128 78
115 246 9
118 227 86
115 202 44
25 132 28
94 52 54
196 62 43
34 158 96
72 211 93
4 112 91
37 73 68
63 60 11
160 170 93
56 123 24
231 242 91
159 97 35
48 241 12
90 207 33
57 238 36
187 198 3
129 177 38
38 12 78
123 114 24
150 155 42
188 185 17
154 99 50
66 75 84
209 31 44
91 43 98
233 123 88
183 171 63
55 26 20
128 62 58
87 62 35
26 17 60
246 45 65
145 219 7
55 235 7
79 185 53
104 118 85
17 18 8
149 156 6
230 93 63
70 224 59
62 104 44
35 134 44
81 2 26
71 237 12
88 211 62
226 205 22
121 79 36
72 228 45
202 30 86
144 240 48
0 45 90
242 99 52
163 228 24
68 211 75
141 203 63
188 3 13
214 4 14
46 196 100
58 173 53
32 199 6
218 185 98
179 195 31
180 154 11
229 112 43
92 86 93
90 239 42
186 91 15
206 187 96
139 151 91
191 93 11
108 1 9
248 204 87
196 119 48
111 162 50
150 4 88
156 195 35
123 162 23
226 84 79
103 34 51
43 150 81
83 180 45
201 154 4
162 36 2
80 184 57
210 4 72
12 20 6
65 170 66
79 160 3
112 229 89
114 1 70
240 38 88
104 242 37
182 93 45
245 199 23
217 195 52
15 41 52
165 138 71
22 124 21
102 108 40
245 50 2
77 9 24
7 239 83
1 117 3
89 199 5
19 18 18
8 203 15
222 208 49
53 144 75
220 124 76
152 46 94
160 207 65
11 65 60
85 31 68
29 83 73
237 154 93
83 114 23
125 152 48
178 120 53
43 118 79
30 157 26
173 235 56
137 32 92
205 36 100
107 179 30
88 125 16
236 48 92
185 229 46
4 207 55
180 231 88
127 2 85
19 53 8
187 188 9
162 222 16
97 12 67
2 240 26
174 180 73
164 111 95
60 112 57
92 244 3
150 151 0
11 52 72
150 12 63
121 207 41
62 219 94
39 155 33
212 46 82
159 239 36
32 233 54
62 42 1
110 225 19
162 24 88
232 38 79
235 58 0
239 187 73
122 239 59
6 79 27
120 49 42
157 41 31
225 27 20
185 34 59
200 125 78
57 214 51
176 70 15
175 174 32
92 166 51
126 26 33
131 130 74
198 27 32
200 45 35
21 141 72
162 84 18
114 175 38
197 212 78
78 226 64
95 156 62
131 30 66
233 91 17
214 249 65
69 33 67
42 45 88
88 46 26
207 199 95
2 227 71
19 167 86
39 113 19
37 173 65
48 93 73
224 76 23
145 249 91
78 195 79
109 85 92
176 144 60
80 28 29
230 57 51
232 74 47
226 159 55
226 33 46
207 50 45
119 69 41
234 36 98
124 226 20
108 217 83
18 75 75
109 175 21
237 27 70
184 235 80
57 54 78
152 5 83
167 1 70
244 118 44
58 212 70
211 170 63
8 17 77
40 158 70
102 164 80
194 242 33
162 68 42
40 7 86
161 232 73
63 73 67
127 207 7
22 191 70
123 121 65
178 166 44
106 148 12
214 91 46
40 14 31
84 48 3
83 75 89
43 66 47
30 73 69
114 39 85
53 93 71
17 40 71
48 73 65
237 134 34
20 129 5
62 12 18
146 66 17
49 243 37
198 122 31
143 245 66
164 143 53
151 64 0
226 55 23
122 30 15
44 0 81
228 247 74
225 139 95
216 110 48
68 128 41
84 64 26
53 117 69
175 165 14
178 153 38
231 128 12
137 88 4
126 35 21
2 17 29
70 207 29
245 45 59
140 205 0
73 175 92
121 215 98
235 149 93
26 227 86
104 218 30
151 224 0
158 41 60
216 91 0
112 228 11
97 34 22
224 88 65
243 75 8
222 105 54
2 152 64
217 117 93
202 39 53
127 236 97
241 160 5
52 51 99
56 2 27
45 226 24
208 159 48
48 30 14
61 94 37
180 116 25
105 177 100
147 72 5
113 222 8
42 19 25
238 199 73
242 66 28
113 232 41
227 56 10
120 12 33
37 237 26
21 171 86
236 204 58
150 18 12
22 94 65
27 115 87
2 93 65
56 120 7
0 82 22
106 22 2
36 238 78
154 215 93
43 155 55
15 109 57
77 157 51
140 247 96
64 199 72
164 117 4
127 225 29
103 158 93
167 202 77
214 89 1
34 95 71
75 214 36
131 236 70
108 226 83
239 62 48
107 167 89
248 19 53
135 13 30
45 69 81
92 129 66
64 29 90
203 55 92
227 24 65
150 105 14
46 91 35
19 247 32
183 153 42
91 18 20
181 39 55
169 0 18
132 241 22
81 36 86
221 153 6
201 211 90
141 247 65
207 43 9
217 209 28
12 52 63
54 228 85
92 218 75
214 150 5
137 187 39
42 195 2
160 217 16
4 178 72
249 137 84
112 66 4
156 231 56
197 68 91
53 155 56
110 111 77
54 96 40
187 107 52
85 25 77
96 45 26
25 172 82
167 117 25
12 18 48
215 103 97
21 200 45
206 59 67
224 43 29
114 115 93
112 59 70
148 179 51
20 10 68
247 188 92
230 141 58
154 244 79
244 2 41
62 233 89
41 30 31
20 91 98
22 231 53
156 65 59
78 86 47
151 156 54
119 108 87
245 118 85
68 204 35
137 198 98
178 39 99
141 143 9
15 31 12
91 141 11
108 156 82
88 207 32
150 128 52
199 206 89
151 68 44
237 100 100
228 100 80
199 79 27
89 33 7
226 174 8
198 79 54
69 147 37
19 218 44
127 101 46
152 178 7
199 189 69
223 2 50
206 150 32
187 95 9
201 56 23
7 248 55
195 68 60
26 96 50
92 24 67
150 124 25
134 132 61
110 32 34
217 10 65
37 151 2
88 26 14
123 122 42
126 184 29
139 27 32
87 183 7
151 183 62
52 159 48
80 125 12
197 182 63
195 148 90
46 244 93
81 66 31
125 71 0
187 26 36
167 131 82
8 72 0
121 48 49
182 87 57
171 196 59
145 241 94
62 144 90
112 162 86
156 59 61
215 151 34
120 84 81
170 40 10
18 69 83
78 197 88
201 50 57
25 118 14
199 232 82
188 165 87
39 243 22
198 231 93
20 68 65
50 59 24
75 43 22
209 7 10
125 100 54
110 162 30
141 129 69
140 132 45
54 120 91
246 69 45
28 32 93
45 61 0
109 37 68
188 25 4
135 193 62
242 5 50
198 207 88
249 10 97
70 44 91
191 87 0
187 23 58
249 79 2
202 82 70
162 88 92
245 232 43
23 87 92
171 116 38
40 215 92
15 95 25
151 24 80
170 187 27
44 225 78
33 4 48
91 133 25
130 100 99
130 119 55
22 219 74
4 240 58
83 200 83
45 24 33
9 218 68
38 10 63
60 137 58
205 240 40
201 180 22
240 211 1
165 133 88
159 205 57
170 162 63
119 198 24
69 241 91
33 165 35
216 210 88
185 60 45
228 232 48
145 103 3
218 125 58
88 30 17
220 63 55
227 81 0
124 32 36
0 238 22
93 88 6
84 153 99
104 169 73
106 244 59
180 22 28
160 48 39
23 169 41
163 3 67
189 65 25
8 138 61
200 205 97
95 227 35
52 20 88
173 225 56
115 247 16
124 134 16
33 83 17
231 244 24
27 117 61
203 167 26
94 23 96
247 248 16
200 180 47
173 85 13
46 24 90
178 200 43
157 94 39
175 215 46
150 204 75
138 48 71
176 143 45
105 119 61
172 104 35
5 49 25
71 228 18
3 94 71
123 63 83
169 86 24
232 184 97
194 37 100
132 216 57
138 43 2
246 157 56
30 239 19
109 117 53
65 147 72
43 74 68
7 17 99
220 139 47
229 8 78
105 124 93
218 80 25
155 35 7
125 247 61
61 59 64
236 16 18
238 51 13
235 163 16
145 202 54
200 182 32
249 163 90
58 202 81
122 19 41
9 102 94
233 24 90
28 160 79
178 12 29
242 30 42
179 110 44
63 87 46
18 84 57
243 10 67
59 119 8
135 74 36
91 81 79
51 140 67
211 100 38
84 127 29
57 189 16
22 88 21
159 48 23
154 239 19
205 125 68
89 64 66
194 43 52
79 230 36
171 146 86
76 134 98
197 37 65
228 178 69
168 187 4
14 198 30
52 162 51
15 23 78
144 212 58
227 134 7
66 216 96
72 134 48
75 92 7
173 41 100
115 188 5
64 55 93
194 54 100
147 87 96
3 23 3
61 43 45
20 12 26
71 215 71
100 177 37
104 20 50
169 117 90
187 77 6
187 114 39
39 157 2
172 235 9
206 172 66
71 3 40
24 135 7
41 225 35
160 237 90
203 52 46
189 108 85
204 101 47
17 155 37
139 152 31
162 38 64
139 39 80
193 107 87
85 176 63
163 151 56
39 33 95
27 104 41
3 14 14
183 174 86
98 247 0
192 157 50
194 19 7
141 30 67
214 79 62
176 214 100
23 186 92
153 64 68
178 186 62
215 209 76
122 136 18
203 3 55
202 45 8
84 3 0
6 175 3
85 0 22
68 126 80
109 38 34
101 120 6
154 174 43
240 229 73
12 206 26
164 42 93
91 49 9
182 196 23
197 132 39
131 124 2
201 82 96
55 149 92
195 130 84
23 13 95
114 139 5
150 223 67
223 205 89
204 38 82
59 136 17
24 111 48
127 52 62
151 242 43
151 227 64
192 72 61
36 245 97
94 73 35
76 136 13
138 204 1
4 92 71
153 14 5
202 200 51
31 236 71
186 3 41
45 107 99
76 109 42
152 129 32
23 198 57
76 14 48
244 238 66
94 126 52
233 165 56
41 204 3
171 145 28
0 117 95
115 241 37
201 217 3
56 154 23
54 97 74
54 100 50
207 37 94
78 159 39
187 85 18
240 163 41
16 69 70
59 110 68
26 238 92
31 35 47
147 176 7
8 94 23
232 12 86
117 68 47
124 46 69
64 217 54
111 103 43
112 201 75
195 155 80
33 5 96
162 31 5
29 247 21
25 10 52
193 184 72
52 179 72
124 219 8
8 177 2
92 221 56
134 81 36
74 228 27
92 67 53
2 124 30
187 33 26
120 25 55
134 125 30
230 154 100
110 200 93
238 4 93
0 54 53
86 174 58
96 112 7
234 75 31
148 176 83
143 63 38
169 172 57
221 228 75
183 149 82
203 159 20
202 164 27
144 149 8
137 116 65
13 113 29
71 160 22
11 15 64
248 12 23
34 229 55
16 84 89
217 48 20
174 233 42
44 19 34
85 63 16
214 227 16
99 86 68
207 117 68
5 237 32
236 76 15
133 144 36
153 107 17
10 36 81
229 35 83
184 78 20
59 159 76
97 154 56
234 163 18
20 146 47
201 108 32
15 232 3
98 217 82
105 30 31
186 87 23
222 202 60
155 127 65
18 105 2
191 83 13
92 165 35
65 229 87
189 110 51
199 77 79
101 29 78
223 148 0
132 14 11
183 103 39
75 56 15
78 68 93
125 45 9
72 45 68
193 36 32
154 228 43
208 50 35
138 99 69
56 169 14
235 177 83
81 53 72
59 162 62
13 61 91
220 39 87
4 204 4
83 4 48
166 168 29
65 239 98
135 89 3
46 233 100
128 22 20
58 123 92
229 208 37
18 202 8
144 80 32
105 46 98
130 27 34
243 199 37
163 106 63
118 94 55
198 175 77
73 182 93
192 59 52
63 174 90
206 210 5
219 49 56
173 208 86
42 43 86
91 194 18
50 245 37
189 73 58
202 235 54
77 217 82
68 155 86
135 76 80
93 149 6
7 91 46
64 211 18
109 172 3
41 116 13
247 92 25
29 97 94
246 239 92
35 191 53
244 249 79
20 21 80
233 148 43
57 44 31
158 76 69
209 66 15
38 214 3
95 212 12
65 30 73
19 79 21
242 134 46
249 17 3
38 70 15
122 203 83
197 80 80
189 249 50
59 36 94
209 224 64
123 54 25
108 43 33
150 26 61
204 152 24
26 6 4
142 83 20
33 246 91
106 178 67
45 217 76
69 119 53
125 65 31
81 210 64
80 140 90
221 66 68
181 4 96
9 10 61
2 18 65
206 94 87
124 205 36
185 50 56
159 138 33
34 161 64
81 203 87
74 79 46
223 126 36
166 57 16
3 50 85
33 222 71
245 41 90
126 40 61
14 167 79
137 130 34
14 86 81
78 234 44
7 127 99
212 143 89
17 181 10
105 9 97
146 207 67
64 163 38
225 105 72
224 168 59
232 43 65
219 125 74
95 105 62
110 185 10
177 39 36
191 158 55
151 38 46
151 115 47
215 133 97
13 110 79
40 136 93
227 173 49
26 30 50
166 2 22
0 39 2
185 82 44
120 187 0
20 140 5
157 83 46
31 180 61
219 107 72
223 178 77
195 180 93
128 132 81
220 219 23
100 142 56
164 76 80
50 183 88
166 219 64
19 135 56
244 23 43
14 159 59
1 222 34
77 43 11
178 125 81
191 52 82
164 137 42
221 148 4
70 80 100
177 187 66
37 166 59
158 214 75
204 52 13
30 202 46
189 79 95
222 110 98
32 239 56
157 42 91
21 17 42
168 235 99
201 93 56
183 95 66
239 200 59
162 2 37
206 189 31
152 174 45
207 223 90
33 219 46
73 4 28
247 120 40
216 142 10
182 195 59
79 202 97
58 161 40
164 25 64
99 185 1
42 54 16
15 140 17
162 224 41
236 156 42
75 22 50
87 141 81
180 164 58
27 23 74
140 0 62
249 241 24
107 246 6
151 76 10
215 50 68
39 231 35
39 37 97
146 72 34
223 101 40
27 26 79
66 33 56
39 184 18
12 169 91
167 144 38
21 147 54
37 139 80
136 157 7
25 245 91
162 101 88
196 3 0
208 189 40
198 137 94
247 135 80
27 240 92
135 58 82
18 116 69
90 201 62
229 241 27
247 14 86
8 205 100
173 113 95
233 177 34
149 95 67
43 124 33
208 36 93
124 162 41
12 25 60
247 30 37
241 191 42
224 1 93
167 176 70
114 116 87
167 17 97
88 69 23
125 123 70
189 131 44
2 234 47
22 145 30
4 60 28
36 247 63
140 112 84
40 27 32
59 138 68
130 153 48
62 146 30
30 12 46
173 112 7
80 65 68
118 150 22
119 139 75
77 94 22
56 181 99
232 170 19
101 193 23
224 114 96
243 151 34
146 26 83
158 104 65
48 180 23
184 204 20
229 77 16
38 137 18
52 196 33
192 43 28
160 145 32
103 42 57
37 137 68
69 188 75
44 43 71
169 246 19
246 218 83
12 207 43
109 244 4
57 139 46
41 16 45
44 235 35
225 22 1
130 155 61
102 150 33
1 94 95
4 106 19
240 93 99
167 26 17
68 21 82
115 161 2
146 229 49
123 149 33
187 111 79
162 129 95
136 98 92
111 0 30
122 3 20
46 150 82
51 185 99
184 25 82
229 207 37
125 33 5
83 226 26
19 148 77
240 235 64
47 114 96
11 170 63
14 184 69
217 59 52
235 89 44
247 184 78
18 76 74
107 55 69
60 68 20
122 94 61
29 122 33
154 146 21
223 171 21
121 90 45
11 0 38
21 117 94
129 173 86
40 146 14
82 22 73
242 17 96
202 247 62
78 137 48
139 89 74
208 183 69
203 161 91
187 246 25
116 25 81
76 219 29
84 32 15
219 140 14
115 173 73
65 175 20
139 97 4
166 20 30
149 244 97
99 147 51
169 180 75
66 48 80
70 209 42
26 244 51
70 217 18
196 123 35
224 159 98
19 225 92
35 78 39
236 212 21
174 40 8
151 47 7
80 79 29
31 188 39
235 150 97
186 109 14
192 221 3
193 197 99
138 216 94
76 241 16
122 24 9
24 68 65
148 215 37
228 187 21
83 61 10
54 93 79
155 144 31
33 176 51
141 134 86
156 242 42
234 78 2
83 149 90
207 63 45
20 145 44
152 118 6
28 11 79
99 165 0
57 225 68
114 205 9
183 120 51
83 134 40
220 4 93
64 4 68
87 146 86
177 221 81
75 122 14
91 208 17
141 211 17
156 125 87
149 23 27
205 99 34
4 70 90
246 195 66
193 51 59
131 243 79
174 23 13
200 217 20
227 1 58
183 89 77
205 119 96
80 40 28
205 227 4
183 32 22
246 152 49
47 189 39
183 146 88
92 191 86
164 26 72
93 148 15
93 197 47
154 203 62
228 176 50
90 7 56
145 246 39
164 210 70
242 49 59
89 231 12
153 84 32
182 168 57
219 74 83
157 121 50
48 184 74
218 36 46
219 22 77
131 91 2
142 141 26
233 64 1
56 236 87
122 242 18
176 68 84
146 85 67
25 73 2
97 65 18
236 159 16
242 178 68
77 87 92
72 80 36
157 204 14
35 79 21
82 152 80
174 152 41
124 182 83
205 64 79
98 22 15
127 219 85
149 215 72
64 84 71
221 173 49
107 39 42
142 115 74
203 90 76
45 237 80
215 165 6
75 241 29
13 89 4
216 59 62
82 195 34
65 243 14
102 1 4
174 236 11
42 148 19
20 168 16
122 155 81
227 25 37
105 103 75
152 74 97
80 72 15
46 200 86
102 89 7
220 182 87
164 249 94
132 111 80
68 20 51
27 30 60
223 119 36
174 179 31
131 80 41
61 3 83
51 105 44
23 89 27
17 159 84
108 98 12
184 106 95
151 17 90
139 247 20
103 133 64
125 219 94
82 102 44
132 155 21
88 58 54
82 231 10
63 178 88
196 136 17
82 108 20
168 7 63
240 182 11
20 235 77
32 126 46
198 65 8
249 180 44
203 109 18
156 82 16
97 227 89
191 182 5
221 225 34
43 243 59
107 46 60
19 183 12
180 43 25
164 193 10
219 98 27
167 237 14
16 78 62
245 10 30
243 120 10
30 31 36
188 247 66
124 174 56
34 186 69
2 210 54
99 151 73
223 34 58
9 81 37
133 95 18
1 220 96
243 86 99
83 215 83
111 152 10
132 125 76
135 111 53
197 31 56
99 18 17
115 4 71
137 119 71
98 193 25
64 236 55
64 165 32
240 19 20
59 204 90
225 174 57
48 113 62
67 166 87
115 238 14
5 225 18
58 201 66
227 117 2
136 10 15
122 13 23
211 95 4
242 43 13
174 3 72
101 129 34
223 191 2
33 133 81
222 54 45
149 164 19
125 236 34
127 23 19
184 53 57
121 142 3
76 232 72
159 56 92
235 216 65
159 198 25
80 70 94
220 34 94
152 161 90
181 164 0
168 40 7
193 224 84
247 221 39
189 113 24
236 103 99
54 160 45
235 161 14
160 7 18
141 9 19
187 162 56
248 239 94
191 219 35
248 203 75
81 50 46
158 134 15
113 180 9
35 233 20
74 26 85
163 11 44
35 61 28
186 225 77
92 171 13
65 169 52
57 118 74
28 234 0
70 54 31
164 41 49
34 51 68
4 205 75
172 216 89
14 168 43
211 178 76
68 141 41
121 27 25
169 191 73
227 64 60
39 45 42
169 14 11
55 245 7
128 216 82
139 114 45
195 87 85
161 209 70
31 127 36
27 0 96
34 72 90
93 115 61
168 137 77
186 118 100
1 172 72
9 25 18
152 132 76
45 90 24
130 184 83
123 28 85
65 193 12
106 153 59
205 69 62
174 76 23
121 2 18
123 117 75
19 202 97
249 168 20
84 145 55
102 18 5
112 78 96
126 69 25
145 157 9
212 49 49
175 140 80
215 126 93
53 114 61
34 160 84
99 158 85
70 102 4
51 109 84
235 12 7
55 92 54
137 143 55
215 148 81
62 227 99
15 142 7
37 247 63
26 181 12
100 74 84
188 223 60
195 109 65
96 63 46
5 192 74
121 101 83
123 218 96
243 1 17
111 185 69
134 82 74
31 179 15
155 9 82
179 140 63
78 61 40
226 62 17
63 64 76
172 185 95
79 41 15
135 69 60
73 249 92
97 207 60
182 102 94
225 200 47
174 45 7
117 230 66
195 212 82
90 79 38
93 224 46
211 174 48
122 44 88
173 192 88
238 236 43
53 69 58
104 234 55
79 140 42
202 47 54
163 180 20
24 82 22
224 147 35
137 58 39
95 145 88
224 208 6
73 147 29
193 144 23
187 234 34
125 73 71
129 232 11
162 165 34
238 36 67
161 73 15
215 14 44
144 35 26
132 100 69
73 154 37
2 108 16
168 6 83
129 101 45
212 25 0
113 131 30
142 163 90
135 93 79
161 121 36
100 54 57
163 91 60
151 145 100
93 57 75
236 15 70
105 107 66
225 126 41
75 240 3
202 60 59
131 24 7
202 20 47
142 16 36
229 70 54
93 40 27
148 29 59
101 247 98
172 19 74
49 35 72
14 144 59
234 179 64
10 48 91
25 126 59
238 243 58
42 176 98
48 229 93
89 74 88
29 72 92
55 202 83
202 174 94
232 143 50
96 185 42
37 160 87
10 25 53
199 38 48
89 45 74
18 128 43
42 163 96
65 121 8
161 86 97
113 240 76
234 53 29
4 230 76
67 99 76
76 138 93
203 56 92
21 161 38
125 195 89
103 83 15
12 83 84
192 2 95
92 196 21
143 103 21
199 97 52
49 26 62
194 63 94
131 121 87
102 228 26
97 67 71
170 41 89
5 187 63
145 112 85
195 128 86
178 31 27
34 41 70
72 146 82
70 143 9
12 181 1
68 235 31
66 144 62
224 83 77
153 76 76
54 158 37
82 50 2
161 5 20
56 208 8
15 106 39
109 207 1
170 78 74
119 197 26
130 81 70
84 151 72
148 12 99
192 152 26
0 43 79
22 21 32
90 120 55
50 243 1
35 8 39
189 246 44
248 128 15
3 57 71
148 37 74
200 7 47
249 2 83
52 25 14
81 52 39
248 167 49
246 44 13
156 191 33
87 206 5
176 150 70
127 222 19
88 103 41
232 96 85
42 70 81
172 203 45
166 37 65
102 34 20
188 181 99
95 197 70
63 16 92
119 172 1
73 133 38
41 154 49
177 244 6
72 128 91
133 99 1
54 212 13
166 215 22
207 239 6
235 56 23
218 201 46
113 194 62
84 61 31
168 4 53
20 96 71
111 10 90
195 106 39
172 15 58
178 224 70
29 100 67
40 188 82
168 231 53
148 91 91
149 225 36
173 73 21
246 1 36
127 150 37
123 128 55
107 116 71
169 127 52
219 191 23
157 115 69
23 220 56
69 3 14
34 90 54
49 204 14
202 67 44
148 0 15
243 165 85
225 165 11
138 208 56
63 106 90
58 111 86
26 140 34
123 174 51
220 50 63
115 37 3
34 231 91
13 86 23
235 185 62
158 4 83
147 102 75
163 76 93
232 22 73
147 219 28
79 71 72
139 10 97
2 204 100
63 83 70
180 233 39
28 135 60
25 150 36
83 24 21
201 233 88
92 106 67
128 10 60
113 225 29
200 222 100
20 247 8
173 141 61
202 162 53
105 48 11
100 110 6
239 147 14
130 98 9
242 84 29
159 169 20
77 14 89
137 62 2
29 6 80
221 130 97
97 247 74
66 114 61
156 197 86
72 136 79
47 49 11
6 195 17
167 25 76
159 63 16
182 235 39
123 221 48
180 104 32
160 51 74
148 202 26
122 227 71
7 146 34
129 247 5
229 244 90
243 32 73
101 211 46
237 32 79
243 101 76
197 143 24
225 38 18
242 214 28
135 3 45
245 185 17
237 89 99
53 67 72
198 8 31
39 178 0
177 241 3
180 124 83
232 207 13
17 62 98
156 48 93
168 173 13
124 163 60
182 141 75
104 26 23
149 199 75
106 177 58
10 135 46
201 19 46
17 198 60
105 240 53
240 21 21
141 156 11
15 90 31
48 147 85
188 60 66
168 74 72
119 186 34
35 132 82
161 99 75
146 27 42
74 71 93
70 26 91
207 3 62
86 23 97
63 243 42
84 236 20
47 41 10
31 147 42
108 25 69
123 157 23
74 184 98
0 111 15
7 97 50
242 19 41
177 233 59
164 55 43
216 53 72
163 41 42
16 32 20
174 85 28
163 61 69
169 92 61
74 145 64
82 118 90
224 219 77
146 20 27
55 181 64
189 191 90
245 6 98
145 46 84
149 85 17
135 90 47
160 80 38
244 230 4
229 53 53
92 245 87
26 7 17
106 83 13
155 120 34
31 0 42
242 233 99
88 43 12
247 229 76
244 158 21
188 187 5
131 206 10
106 49 30
7 83 96
10 84 67
196 80 46
200 67 54
89 73 35
136 28 36
219 186 88
71 168 29
9 18 93
208 128 67
14 193 51
78 155 73
214 87 61
82 220 43
11 54 80
36 219 79
126 229 54
159 47 37
248 178 93
171 231 64
10 14 59
81 124 66
116 241 36
94 130 86
57 241 14
171 34 61
121 176 46
62 10 32
61 135 15
124 84 67
171 242 3
120 249 100
67 72 43
225 205 4
33 214 45
149 54 12
147 197 48
107 141 12
236 147 93
232 23 15
193 126 49
231 153 8
158 240 36
200 149 54
89 221 62
40 59 0
176 139 42
135 195 31
151 136 48
175 191 51
181 243 78
27 232 28
15 158 61
102 188 94
174 210 6
74 70 48
104 63 9
37 27 27
125 203 10
94 156 76
245 18 87
180 130 68
231 144 10
183 4 70
134 163 71
227 3 36
154 191 25
52 82 26
19 94 1
169 228 25
8 155 85
64 100 56
113 45 69
160 130 30
224 175 99
38 215 84
174 184 84
145 191 83
247 146 68
52 35 77
196 193 92
48 135 94
165 186 19
47 168 33
60 233 36
95 155 35
194 207 75
222 73 50
186 72 62
209 36 77
67 34 66
52 225 49
155 158 9
101 188 81
63 88 73
182 59 94
147 7 38
98 169 39
236 119 10
112 6 10
146 140 52
223 169 75
128 158 93
128 112 7
110 28 23
13 218 67
87 225 35
31 62 64
71 239 39
56 92 20
34 61 100
171 122 11
149 106 24
40 193 100
120 9 45
117 160 71
15 36 54
163 50 59
204 47 22
194 84 32
92 105 97
30 155 55
172 197 30
139 6 34
37 203 36
74 191 52
1 74 70
221 187 92
27 196 69
150 127 33
226 160 77
219 227 56
150 212 63
183 29 48
210 69 78
98 79 31
189 51 19
139 31 78
219 68 11
186 34 14
211 49 56
236 25 39
16 99 25
2 127 40
121 1 68
111 159 2
38 36 76
245 110 53
64 111 67
90 163 81
189 234 6
3 34 3
42 123 66
150 206 31
98 134 88
112 41 30
201 181 64
160 33 38
196 31 53
209 73 75
249 26 70
154 118 100
26 226 36
55 53 10
143 212 89
47 15 83
102 68 3
138 66 90
72 91 64
42 162 73
216 70 76
123 164 62
134 147 14
138 143 93
224 97 94
203 240 46
75 118 88
132 70 56
30 140 58
55 34 6
217 231 93
183 200 90
5 197 97
178 100 82
115 145 58
115 42 29
249 50 95
50 7 24
55 231 65
23 28 73
161 194 72
187 51 52
59 8 51
118 248 42
230 123 9
231 59 15
99 205 55
249 210 30
197 118 62
15 84 49
160 98 7
4 241 33
50 156 33
62 67 5
181 45 97
2 80 98
236 47 47
47 12 97
205 210 69
0 244 72
201 109 68
196 151 4
152 187 9
137 53 58
29 89 24
78 138 50
188 114 30
114 160 13
153 25 28
205 169 19
99 131 96
101 133 73
37 76 24
155 105 18
73 232 81
129 77 68
121 88 7
233 48 78
110 62 92
234 68 11
229 119 9
230 237 45
126 115 18
167 221 48
165 50 85
57 166 51
37 181 35
89 247 40
102 185 18
202 227 45
65 142 0
22 67 63
162 97 81
232 200 87
140 56 83
179 25 74
154 49 99
82 83 62
32 71 76
229 130 3
183 19 69
195 135 87
242 91 69
206 123 100
19 203 18
148 143 54
15 165 51
3 243 57
225 44 34
69 72 89
146 193 45
8 149 96
48 103 21
0 191 64
104 1 48
59 181 97
120 85 31
81 84 23
175 49 54
161 14 29
205 86 48
61 159 94
15 161 76
149 176 19
92 168 98
167 12 29
21 34 0
240 177 74
111 147 100
170 37 43
112 103 49
84 7 22
132 91 9
166 51 33
17 72 59
142 212 31
130 85 88
131 76 15
81 205 88
180 9 37
216 239 56
162 95 69
7 13 73
195 115 10
102 162 49
3 49 58
72 54 70
141 86 18
51 169 28
114 159 66
211 148 22
57 4 99
15 107 44
94 105 50
102 157 59
159 214 37
49 115 30
72 122 92
70 75 65
189 40 21
75 69 59
109 0 65
99 144 87
47 131 75
193 59 7
231 173 10
61 232 19
89 61 25
16 189 10
43 26 51
87 172 36
204 103 26
148 9 65
46 207 98
216 35 65
160 78 5
242 218 53
133 150 17
98 114 84
142 15 44
226 16 9
145 36 64
246 229 7
44 115 64
246 56 7
61 69 83
48 46 64
76 61 26
186 236 78
175 65 24
52 198 10
150 226 44
5 24 80
104 221 8
181 87 53
206 96 55
139 141 74
47 120 90
3 155 42
61 35 1
37 83 39
66 158 82
161 56 38
6 130 84
170 127 90
218 33 64
39 115 13
140 89 23
3 26 23
184 110 99
227 153 89
172 70 20
170 36 87
181 16 80
203 200 45
179 29 35
22 100 52
134 36 71
66 97 99
108 135 65
4 5 18
163 195 30
55 221 91
7 5 86
111 155 31
230 101 54
107 38 75
140 120 63
247 63 69
146 121 90
68 101 90
90 126 29
100 119 0
209 99 66
41 89 21
160 154 71
0 197 8
25 201 5
160 110 34
7 94 38
40 204 67
239 129 69
42 237 1
176 241 81
164 229 76
59 103 45
90 229 71
63 185 73
121 175 4
141 29 31
117 14 14
225 238 41
230 56 91
19 33 70
144 40 64
203 75 83
167 155 61
222 207 95
232 123 39
81 9 88
147 78 65
22 90 62
118 97 72
4 141 44
9 128 28
229 101 72
156 115 1
55 209 33
216 122 35
71 80 15
147 79 69
167 226 89
217 138 30
65 92 29
78 139 54
128 96 75
87 202 8
193 97 71
49 146 69
47 3 72
113 210 79
245 42 88
152 153 72
15 22 17
228 218 48
229 170 2
150 24 71
50 153 99
206 61 27
26 241 35
173 130 54
181 133 27
39 41 17
56 103 25
243 59 50
87 23 12
169 205 53
144 151 11
48 60 87
96 234 27
227 136 78
240 159 67
71 247 17
40 221 59
127 125 51
22 101 71
121 188 33
242 46 73
28 128 65
192 172 39
169 126 48
12 49 8
195 124 37
60 13 23
228 1 16
187 84 89
36 18 90
46 41 94
74 24 100
25 111 27
69 114 15
103 147 43
164 106 83
123 212 78
26 222 29
59 56 79
30 110 83
198 126 26
109 183 91
91 129 6
44 63 36
66 14 60
27 202 37
199 69 52
89 78 75
48 37 37
161 225 72
117 203 80
172 50 64
79 231 69
90 237 25
243 100 14
169 97 34
199 151 3
141 178 64
170 91 92
208 204 82
120 95 78
134 87 10
203 91 50
26 143 70
156 234 82
140 30 82
167 69 42
127 75 4
163 209 93
186 27 43
195 12 44
220 118 61
73 39 80
71 216 31
132 184 3
62 15 28
94 221 80
205 108 77
212 132 93
128 248 3
148 79 17
85 186 80
214 90 59
60 56 19
123 196 65
103 17 22
218 203 61
162 218 31
226 107 39
233 241 80
184 205 91
114 211 3
47 85 90
129 216 86
131 207 31
119 96 84
99 156 66
35 125 20
197 128 88
181 37 3
6 90 82
164 68 71
63 149 62
46 31 23
4 7 73
223 230 1
7 4 31
192 4 14
139 236 45
143 222 42
130 238 93
135 221 58
44 147 80
109 94 71
7 34 7
43 164 21
191 19 20
33 170 47
81 170 73
156 212 4
92 154 40
249 57 58
126 227 78
41 39 80
99 236 59
216 40 15
104 154 35
128 125 91
163 1 74
230 179 89
99 51 23
129 158 86
126 182 2
184 97 58
45 79 26
223 188 70
27 134 0
80 235 18
33 171 89
59 230 45
88 27 42
225 28 76
17 16 39
21 38 7
173 203 82
238 97 79
27 174 88
195 6 91
161 89 0
237 47 6
7 98 84
121 60 37
231 220 26
182 26 47
215 229 85
131 54 49
244 28 60
174 114 90
72 58 45
203 70 13
81 59 14
192 243 61
183 46 98
81 98 22
225 32 87
89 185 5
195 142 57
74 87 17
13 5 18
57 113 97
220 13 58
202 19 65
178 127 97
56 78 50
136 208 35
184 215 68
91 10 46
48 83 71
129 122 64
45 47 78
78 238 96
149 159 0
167 103 1
222 200 100
129 153 58
16 123 13
159 95 100
242 77 96
241 67 86
80 13 3
118 47 12
180 197 91
165 31 82
148 236 86
198 173 67
114 64 1
59 108 56
146 75 62
76 12 62
46 247 80
235 148 73
158 146 28
5 7 89
155 246 12
234 157 99
43 187 81
118 59 57
101 197 92
34 232 19
107 36 27
39 180 54
24 178 55
18 227 7
11 218 84
236 162 12
186 2 40
119 6 5
247 1 71
206 137 79
210 102 89
98 78 56
180 241 90
0 53 89
170 165 66
193 78 28
147 142 39
40 131 18
95 223 12
225 186 30
203 25 7
214 3 70
21 14 27
132 173 63
54 140 93
110 20 87
13 95 35
161 54 1
205 65 94
202 145 35
189 76 2
14 162 83
136 16 21
95 31 72
195 199 20
73 22 10
31 183 6
239 121 5
36 40 24
107 59 43
127 54 76
209 49 17
98 76 10
143 179 43
104 38 48
135 11 80
13 242 97
59 114 1
201 20 25
16 48 42
67 155 64
187 201 82
1 249 42
112 21 80
36 178 91
160 28 51
45 229 98
152 63 88
221 21 59
27 204 63
86 149 22
48 178 15
60 142 95
72 235 77
222 127 41
185 64 89
203 184 37
141 47 11
91 182 100
140 42 0
157 226 44
100 94 95
145 19 9
61 181 11
223 209 11
43 20 72
95 193 31
203 105 76
64 129 17
142 186 18
125 122 98
76 141 77
219 50 38
108 46 98
193 164 17
240 100 12
173 150 93
88 156 91
62 173 44
46 76 18
221 101 81
29 229 92
61 102 90
4 214 79
89 212 0
12 134 90
124 223 43
174 35 56
227 193 20
234 122 24
123 60 5
159 150 92
209 46 38
78 40 10
155 164 8
158 46 67
105 100 78
64 225 6
3 164 62
194 56 45
186 53 77
25 61 98
124 49 36
86 69 10
196 39 31
192 75 28
101 223 4
44 159 72
198 74 8
220 203 29
42 168 31
41 196 63
58 88 52
54 52 59
210 117 65
166 153 19
195 36 87
219 20 5
186 243 28
145 179 42
70 116 51
38 168 3
20 123 63
119 158 52
15 48 77
27 18 52
167 52 85
193 16 84
129 95 69
127 16 15
40 208 35
99 82 87
246 138 79
6 121 91
14 235 39
192 22 91
107 122 16
149 207 46
65 155 96
36 110 92
209 32 44
157 154 60
32 204 66
12 135 30
203 88 21
46 241 11
114 21 75
117 66 58
46 160 37
228 130 2
9 202 46
84 171 47
75 194 80
125 240 89
77 17 16
226 53 87
240 180 92
112 71 77
55 215 4
105 118 48
195 97 53
157 125 22
146 29 15
145 236 68
74 45 44
122 160 96
175 249 35
215 117 84
90 50 77
220 197 92
2 92 56
128 24 47
58 159 50
229 9 79
88 66 63
61 141 97
123 201 46
224 11 68
211 55 70
110 47 32
146 10 30
217 220 33
237 84 32
102 221 52
84 18 20
44 149 12
87 102 51
239 107 61
101 140 1
248 186 1
61 218 31
143 208 21
123 126 32
88 57 20
26 54 88
107 220 92
156 110 86
146 28 34
203 121 63
55 174 5
189 218 83
212 189 17
248 102 50
234 46 98
205 6 23
145 101 8
24 182 53
135 10 94
220 245 10
52 118 28
240 99 7
163 92 99
144 201 19
67 79 46
100 83 30
1 210 10
169 164 44
92 133 45
214 218 30
196 161 21
79 96 54
61 142 21
246 125 54
199 15 13
58 180 43
228 207 12
66 177 16
163 90 70
12 143 94
181 26 14
129 244 53
219 38 48
174 168 97
87 12 88
10 65 85
135 226 13
189 155 64
169 153 82
151 158 38
29 142 24
36 116 77
34 180 47
198 67 52
54 241 75
112 111 43
16 120 65
91 248 66
246 9 0
72 227 32
99 64 47
36 30 1
34 237 68
49 118 1
38 60 38
212 66 42
139 154 74
198 246 52
63 179 89
109 48 46
217 151 56
106 174 64
128 84 65
61 109 38
175 4 57
78 162 84
102 113 62
240 26 45
177 194 62
248 175 49
88 126 31
74 189 62
206 237 96
117 25 5
108 154 50
201 47 91
22 178 68
20 164 42
49 4 56
45 10 70
163 128 31
97 126 68
204 151 9
209 13 15
13 161 68
145 34 87
219 235 51
122 120 53
229 98 55
140 159 36
47 200 68
137 195 70
50 133 9
187 67 83
183 168 78
110 104 62
219 96 1
3 108 54
131 62 9
177 201 61
178 28 97
223 74 76
193 104 5
168 177 50
229 57 56
24 131 5
53 200 88
227 137 2
100 248 16
59 176 56
65 118 20
105 40 51
4 122 8
87 56 34
86 45 20
96 9 91
159 149 1
17 239 45
7 145 10
178 51 83
82 179 25
171 102 39
16 100 46
224 144 44
233 193 15
99 188 54
214 195 76
136 88 1
67 191 13
242 67 46
234 194 59
192 15 50
216 236 70
47 163 29
38 63 3
214 8 55
87 149 3
87 2 66
206 91 16
41 163 55
39 109 74
61 46 65
132 9 28
206 169 0
102 193 69
62 56 49
99 8 54
238 6 65
142 21 66
98 239 96
117 147 72
248 34 50
209 163 85
11 181 49
223 142 7
223 242 22
248 188 89
95 171 61
231 88 86
3 113 90
8 191 92
114 72 8
43 198 28
42 47 48
27 205 18
113 89 12
108 105 39
136 62 67
198 181 78
208 167 97
18 141 78
228 31 24
153 243 66
97 180 0
163 25 33
142 194 23
168 115 61
165 99 86
107 174 44
222 212 37
139 45 50
101 5 8
102 48 61
35 34 9
2 103 22
188 108 38
5 219 54
196 1 32
161 119 61
83 80 77
214 12 27
223 68 6
48 69 10
9 225 65
237 137 47
209 72 47
1 72 8
58 79 66
36 215 62
219 99 40
103 186 0
119 201 8
167 125 34
220 25 9
31 25 88
31 37 87
217 75 66
54 91 83
101 107 40
17 136 57
1 236 1
59 170 11
179 223 97
165 249 65
40 73 42
185 224 10
225 84 57
140 44 10
174 225 86
81 92 47
94 201 69
23 93 11
32 79 90
219 7 94
242 192 80
45 124 94
182 220 13
138 247 52
145 16 0
192 195 75
105 187 81
152 0 21
112 17 95
54 101 80
2 247 5
245 170 100
100 240 37
156 186 99
62 180 83
174 237 94
24 125 42
129 144 88
19 46 61
127 169 98
138 103 85
29 183 12
81 219 14
83 11 99
145 12 2
220 208 55
40 218 50
37 105 43
12 202 100
40 178 79
2 165 22
66 142 23
37 248 21
72 223 52
7 202 59
193 113 67
127 199 37
180 210 47
123 11 6
149 55 19
194 192 64
184 39 52
47 249 98
99 105 63
221 33 78
148 46 4
206 107 96
207 166 28
28 116 50
134 238 84
114 106 74
151 72 83
210 228 98
9 95 75
74 125 74
218 14 89
10 145 58
118 162 52
208 56 20
198 19 48
140 226 83
53 159 75
154 112 67
40 46 47
49 9 86
64 191 42
55 179 85
69 29 84
143 145 48
153 244 86
30 211 70
104 208 2
97 105 70
79 110 9
82 239 47
86 21 55
222 4 18
135 41 9
235 86 32
115 233 96
168 155 38
28 16 57
180 191 17
220 19 16
91 6 17
37 169 58
241 120 46
75 132 81
211 15 38
36 123 53
102 107 50
136 102 29
215 171 77
232 196 20
189 226 0
127 102 69
228 28 12
79 36 60
61 202 74
88 147 55
3 60 23
28 246 36
136 211 2
177 118 28
11 166 21
214 231 43
57 133 16
101 167 15
208 141 58
102 179 89
162 66 52
140 81 28
201 122 23
79 146 87
1 97 58
29 22 2
13 137 45
126 157 87
239 101 79
107 54 55
188 175 67
42 200 26
42 132 80
194 237 26
189 92 95
230 181 14
107 129 85
142 101 96
23 53 64
109 2 33
134 126 84
235 176 40
241 187 56
210 6 35
36 19 32
91 94 97
79 138 26
178 61 47
143 214 15
98 49 16
140 160 51
131 163 100
199 53 18
177 206 82
58 194 10
13 56 34
124 172 25
144 224 92
229 113 91
170 24 17
94 80 87
42 41 79
234 95 46
35 217 25
104 123 79
105 99 99
156 224 40
101 151 42
125 64 1
128 11 62
148 17 2
186 241 14
63 54 11
29 168 75
116 60 36
204 75 44
7 89 60
184 89 30
29 219 10
123 91 39
109 140 84
195 95 60
133 66 85
155 121 58
95 69 6
98 191 68
94 200 96
5 25 44
141 21 71
206 204 9
201 7 62
2 154 63
34 136 76
171 157 40
25 202 78
33 144 49
44 247 36
33 132 67
39 186 29
59 76 86
197 122 99
91 68 30
248 215 90
162 54 42
236 54 87
10 166 28
62 135 75
206 195 79
177 103 91
215 45 75
29 172 2
191 166 85
140 58 23
72 214 22
89 62 35
209 10 88
78 145 23
27 154 56
119 98 37
105 72 0
1 31 79
65 49 13
239 133 52
241 95 56
140 13 46
34 164 55
174 24 67
234 154 23
114 122 3
52 188 3
125 151 85
183 159 76
208 53 0
235 119 30
130 120 47
60 140 59
192 121 94
186 226 13
235 198 9
124 21 21
227 198 91
37 147 14
239 114 8
209 230 63
123 83 27
129 116 78
230 74 67
122 151 40
187 36 74
134 115 83
246 158 36
170 227 77
212 235 8
104 5 61
99 145 2
228 174 70
246 212 97
92 84 40
230 107 49
186 16 12
33 18 41
158 237 90
126 91 70
103 230 28
149 36 98
164 225 61
51 218 85
184 133 12
11 239 39
181 140 12
148 20 15
21 6 96
70 212 37
13 44 23
13 70 38
56 145 8
188 173 66
188 177 72
197 148 8
83 76 99
89 66 87
98 17 91
7 179 44
154 25 97
94 66 80
132 42 66
68 145 87
89 197 49
212 23 3
14 186 90
179 23 92
25 220 50
96 92 22
5 16 57
130 15 15
42 95 38
5 170 42
126 166 83
34 6 56
216 243 14
193 48 6
230 115 33
69 177 16
235 122 7
20 42 51
118 48 99
48 112 15
19 234 72
168 20 68
227 99 62
128 133 7
100 51 10
185 156 19
215 150 5
181 119 99
180 211 3
95 124 14
178 228 52
9 75 25
88 25 2
76 100 37
94 64 81
56 95 51
138 18 98
169 120 68
123 193 64
95 29 3
40 192 33
106 172 5
176 48 10
207 19 1
180 162 97
111 27 86
7 121 17
9 4 15
235 99 65
166 143 26
127 22 96
95 5 56
200 94 50
38 135 20
174 156 32
111 215 89
101 111 39
164 167 76
158 247 17
27 78 0
175 133 79
237 145 66
135 200 86
248 207 16
230 7 55
4 199 1
125 70 69
32 147 48
249 199 39
36 205 20
174 155 1
221 0 85
157 185 93
17 217 81
140 128 92
92 93 72
18 70 30
210 173 87
198 52 49
164 64 97
228 196 14
160 226 74
86 36 56
196 111 85
200 8 27
82 187 69
84 191 76
244 144 33
239 70 91
65 94 71
144 153 25
180 219 86
79 223 96
152 146 34
101 61 70
168 222 16
50 21 21
224 32 5
145 67 37
208 40 30
1 66 7
134 146 35
68 156 54
52 89 22
63 102 47
89 133 6
106 155 80
155 16 74
248 244 65
214 59 78
229 88 60
74 130 45
97 66 61
171 150 7
85 220 2
120 244 91
18 239 17
60 184 33
234 31 88
15 51 68
171 79 7
181 131 83
61 29 88
157 46 4
27 125 89
198 1 70
120 209 64
129 105 3
110 245 71
61 23 65
125 217 0
130 35 36
126 151 88
170 19 18
247 68 78
160 20 16
23 232 82
158 6 48
87 165 82
188 122 36
160 116 53
204 68 76
142 201 27
146 189 59
94 237 25
223 115 18
78 23 58
152 92 14
28 25 70
152 115 31
192 97 79
57 165 53
92 121 46
10 101 45
104 212 70
46 191 24
158 39 31
225 247 52
249 41 49
227 225 40
220 122 20
146 90 76
139 128 26
238 164 11
74 75 71
20 188 1
186 129 11
29 15 63
3 55 85
51 182 7
194 10 51
68 44 88
57 16 2
83 100 66
142 65 70
130 88 12
226 29 76
34 120 82
148 44 98
115 67 66
142 191 79
21 50 89
123 94 25
198 117 68
55 23 27
223 53 35
239 148 3
196 107 89
49 154 71
18 40 35
76 124 97
37 198 45
92 185 40
0 167 0
76 92 63
46 115 11
158 74 51
151 241 83
53 82 40
18 130 98
228 137 57
224 40 23
37 47 65
4 101 76
127 0 50
197 4 79
24 87 26
141 60 2
182 0 16
92 8 15
42 14 72
122 41 77
24 212 75
128 234 12
26 165 48
70 11 20
208 202 71
87 17 28
46 174 85
130 59 55
108 19 26
46 143 7
248 143 42
200 160 34
171 149 46
176 155 68
122 224 12
51 148 36
57 167 2
230 221 63
115 74 47
179 137 19
147 183 22
66 80 17
64 167 79
180 198 1
248 231 19
123 247 30
228 166 96
36 61 60
245 221 100
34 134 22
2 169 4
100 65 42
47 218 40
59 125 73
227 195 40
92 235 16
118 157 30
48 42 48
207 163 1
109 187 29
108 59 63
153 12 96
79 216 41
183 49 94
248 105 31
114 102 36
228 60 52
171 235 37
183 100 75
112 194 21
148 214 61
131 14 55
68 231 32
208 149 16
221 61 90
22 0 43
222 206 17
227 127 96
173 121 90
182 97 76
3 154 36
10 234 48
7 216 3
43 76 97
163 226 76
232 105 20
41 127 30
246 179 62
167 229 9
78 91 17
88 63 73
13 219 36
201 113 12
240 48 19
74 128 49
182 206 60
134 155 29
51 197 1
145 71 89
176 145 38
228 30 65
48 3 27
179 200 82
18 140 25
164 149 57
66 187 54
82 189 87
38 120 78
62 63 16
246 182 8
167 78 93
243 214 8
65 19 0
144 129 33
150 141 86
212 38 60
82 176 78
136 212 42
53 230 30
183 33 57
152 107 12
201 245 38
206 14 66
163 82 35
63 196 32
85 99 11
7 114 90
138 191 11
194 159 75
81 69 24
221 87 32
113 76 75
202 129 69
27 75 53
77 53 67
28 187 48
212 72 43
119 141 4
39 19 89
17 185 73
122 185 5
30 15 28
42 2 94
160 54 0
183 14 97
27 243 22
44 108 77
210 110 41
148 62 93
150 46 6
219 109 44
106 55 30
164 30 21
139 233 78
122 225 45
192 179 18
10 97 91
32 29 81
25 181 8
142 210 24
249 161 40
51 161 61
129 84 55
103 80 52
225 138 48
130 14 74
178 205 67
110 54 65
249 211 84
55 217 96
230 132 39
23 98 12
134 172 63
12 117 62
31 151 42
25 219 22
7 88 67
157 111 10
227 88 77
112 145 13
113 128 87
57 0 7
108 87 46
36 35 12
158 142 86
196 218 90
84 131 36
137 185 31
178 105 28
86 194 50
79 238 43
214 27 12
85 245 49
207 201 55
247 150 10
35 127 6
80 194 30
15 117 87
94 225 39
121 5 58
114 14 60
102 231 2
65 159 27
34 198 31
33 241 8
214 228 43
15 157 56
124 65 45
151 173 20
107 74 5
64 168 25
54 127 69
175 31 58
185 222 7
214 122 31
103 138 4
174 138 15
20 187 37
80 76 16
214 234 31
129 149 17
185 127 75
194 128 72
172 184 97
235 73 49
63 12 48
81 7 16
245 51 17
168 3 6
225 234 29
206 111 63
244 82 86
48 7 71
212 184 89
210 61 22
161 82 19
59 72 34
204 165 3
78 178 30
58 48 13
234 6 6
0 207 97
60 54 88
201 66 84
68 73 18
138 239 96
240 57 68
38 71 43
119 248 71
66 220 48
125 59 37
79 67 7
62 224 78
234 77 22
67 205 15
100 24 99
222 198 92
245 209 29
71 91 74
47 242 39
230 58 0
48 120 84
216 191 27
183 143 12
162 148 84
221 110 73
179 135 32
77 211 26
70 57 6
125 83 74
160 68 47
136 237 50
135 9 63
53 99 57
1 54 26
4 157 68
220 150 63
230 34 73
30 220 14
17 204 49
207 186 43
32 189 63
5 159 79
102 87 92
26 50 51
235 75 99
119 140 64
233 206 51
106 154 15
234 220 11
214 31 18
217 67 90
231 138 68
81 76 55
187 156 100
37 184 68
226 243 61
203 174 45
29 177 63
201 246 88
112 1 55
114 249 2
239 166 33
6 10 86
32 215 59
72 172 22
162 21 76
171 239 51
137 35 30
16 67 10
225 128 43
221 219 8
121 120 3
159 156 48
23 30 12
108 204 37
184 76 45
79 14 39
176 173 51
49 6 17
224 55 46
126 54 51
146 169 32
40 105 79
98 199 28
148 50 91
112 181 75
92 126 13
25 104 50
236 233 39
219 218 35
186 15 91
199 181 12
158 205 24
191 117 43
64 127 82
114 68 61
237 199 65
83 33 17
202 143 19
32 75 67
180 160 42
226 193 18
26 61 67
120 186 2
99 222 63
122 204 66
247 152 27
11 134 43
6 51 37
222 2 96
208 103 90
244 169 9
138 142 53
219 123 38
172 128 12
152 238 24
21 129 47
120 88 52
221 125 92
159 247 100
110 96 28
86 77 8
76 212 79
11 183 56
239 188 45
175 77 66
69 86 90
74 242 11
55 199 34
127 153 18
55 205 33
56 139 29
162 93 36
243 181 29
78 34 29
15 60 24
169 131 26
208 227 91
208 17 76
128 91 5
182 219 81
242 179 27
130 111 73
23 77 41
224 191 98
141 53 69
230 200 85
56 75 31
206 226 10
224 37 78
161 118 64
145 138 37
224 68 33
158 77 8
152 70 85
6 193 62
42 64 38
208 68 43
96 105 53
147 134 12
179 153 98
247 23 61
84 141 56
165 80 77
99 207 45
148 107 16
196 110 59
11 157 73
46 172 33
205 95 39
36 235 100
133 142 63
167 135 29
30 159 91
103 129 69
156 52 23
12 139 22
242 83 50
14 48 81
185 4 95
35 207 43
96 220 39
176 69 17
196 144 61
182 142 21
57 159 7
46 168 15
144 174 41
36 91 78
169 64 100
16 208 43
98 115 2
166 197 79
93 0 27
199 8 34
181 122 44
238 137 39
129 49 16
168 43 8
42 74 33
197 86 99
49 74 47
78 57 79
75 136 55
160 173 41
6 247 19
219 11 19
236 167 58
230 224 71
117 247 65
175 16 1
50 163 23
115 64 10
95 55 47
44 33 41
3 204 44
130 86 63
52 137 68
94 155 81
106 63 34
68 11 43
247 111 25
191 56 92
61 107 28
212 223 65
118 61 85
72 46 62
40 13 4
159 235 69
40 51 40
99 54 59
206 80 39
148 24 52
83 177 83
83 54 58
144 57 55
170 193 88
61 238 34
35 138 20
152 244 52
64 8 40
131 149 25
211 13 32
102 144 76
193 22 55
119 179 33
27 147 9
176 88 83
243 80 49
70 33 21
122 93 34
240 187 37
4 140 66
14 195 66
204 4 82
74 229 77
48 243 48
148 158 91
159 62 38
66 181 57
10 212 46
47 23 94
170 243 90
22 52 17
9 98 52
180 149 94
139 74 30
144 165 61
231 61 3
64 200 29
79 127 21
233 149 22
0 165 10
70 177 80
230 189 18
157 156 36
206 86 51
18 203 87
18 207 26
95 2 43
38 238 78
115 41 85
191 84 3
105 178 15
179 108 19
239 195 22
187 150 7
140 28 83
184 176 91
204 50 58
9 242 61
57 142 0
159 32 73
17 57 88
14 202 18
147 64 61
20 157 88
96 137 100
215 128 89
149 102 11
173 108 69
18 43 36
131 115 61
166 182 41
145 68 29
209 178 35
95 82 44
195 216 2
100 49 83
149 154 97
211 23 33
126 167 57
207 155 31
64 242 90
59 175 81
48 87 78
67 36 5
196 180 86
17 9 71
117 242 47
19 47 99
145 130 47
134 216 4
82 125 29
1 160 23
0 203 33
205 75 11
47 127 27
206 216 66
58 127 75
67 161 44
149 148 88
25 123 47
211 216 25
152 52 84
173 179 10
50 180 71
224 232 82
216 245 79
197 40 80
241 108 67
68 132 38
28 60 61
186 41 94
31 72 98
16 227 32
89 54 32
154 223 53
216 27 1
158 91 54
147 81 66
87 32 42
187 217 17
107 3 23
164 37 48
224 119 46
55 107 17
28 22 96
165 198 80
117 34 44
137 109 16
128 30 100
83 93 70
231 55 59
201 174 22
198 154 62
218 217 77
23 228 27
91 42 55
200 229 8
144 70 96
0 104 11
169 89 31
1 221 58
0 185 56
95 174 19
93 181 0
193 86 40
80 87 98
133 110 42
101 249 51
142 152 86
169 121 27
106 232 91
42 128 35
141 220 84
110 243 61
92 204 98
150 218 93
193 235 78
237 168 78
3 38 71
133 198 70
134 187 7
144 245 11
236 74 1
224 136 92
152 33 44
139 30 27
127 106 4
133 112 8
2 246 76
234 129 49
85 185 3
203 65 13
73 212 50
126 50 46
163 53 64
27 93 94
205 104 95
166 81 43
79 247 37
39 68 2
1 208 11
35 234 22
159 17 52
119 214 23
176 16 28
147 240 9
5 216 16
194 22 38
148 138 50
103 82 16
96 194 56
176 202 29
56 231 59
119 225 86
51 122 91
218 175 6
240 105 31
186 89 0
9 234 91
235 218 98
174 58 15
34 199 61
138 13 5
151 35 56
88 33 95
234 142 93
35 83 73
118 57 55
102 53 23
38 160 89
13 83 45
148 184 15
108 147 15
91 117 15
174 33 70
19 105 60
62 228 14
234 184 2
13 122 64
228 165 76
155 28 13
85 161 9
161 19 40
177 153 86
3 151 91
5 127 82
248 212 16
195 122 15
89 195 31
245 194 12
37 6 24
110 121 37
124 7 58
36 133 77
230 36 92
47 92 53
28 240 40
205 43 3
191 137 53
239 206 70
171 83 34
78 175 91
129 238 67
13 223 18
184 34 60
51 150 41
197 5 14
167 154 60
226 246 51
14 178 42
162 173 8
2 21 74
218 233 90
138 37 8
234 81 24
172 173 13
8 192 25
40 84 13
144 200 44
67 238 18
100 121 65
21 42 3
29 98 64
30 205 22
86 136 9
146 173 8
141 166 86
236 180 54
54 73 16
153 199 45
82 92 77
178 185 34
200 55 9
28 171 64
83 245 34
111 93 97
35 225 68
144 79 88
240 116 34
132 229 51
149 153 99
242 139 28
133 203 40
30 210 71
30 8 13
201 248 40
221 71 0
143 66 12
239 19 42
107 199 7
228 242 16
64 132 18
62 79 14
47 140 9
196 21 16
209 6 39
74 57 11
52 67 28
191 36 11
7 80 26
141 6 3
214 235 100
18 212 32
175 171 81
122 153 58
87 135 1
30 119 40
99 215 81
216 194 7
91 84 34
184 36 27
128 36 19
32 200 30
245 49 57
178 246 2
58 61 78
88 13 36
34 248 31
167 150 88
184 88 65
41 234 77
171 109 6
46 141 12
26 217 92
17 192 99
62 246 20
197 242 19
56 186 90
154 196 50
126 121 70
215 207 45
185 148 9
7 57 36
211 11 32
28 18 76
161 229 77
207 7 66
86 141 94
16 62 75
198 143 68
222 170 72
38 141 72
127 205 86
78 156 35
248 236 6
177 86 37
232 240 6
48 121 96
103 84 79
202 220 92
113 230 49
193 25 31
27 212 78
126 245 56
49 167 22
149 119 70
212 59 2
27 80 100
80 170 87
203 173 93
163 81 93
194 78 55
201 179 0
218 61 42
134 72 61
1 192 18
106 34 17
133 70 28
33 40 49
111 5 9
13 38 93
200 173 27
225 7 97
46 57 13
137 248 43
31 23 10
124 104 98
127 209 21
88 184 19
167 80 6
130 108 4
222 20 80
223 246 96
249 54 90
132 92 88
9 53 46
235 172 35
242 12 81
35 112 80
5 211 42
156 184 35
210 175 84
238 191 100
215 52 15
162 53 49
143 165 23
127 118 82
42 16 34
214 94 29
198 241 93
11 69 63
103 62 63
185 58 58
36 148 77
100 104 4
3 68 3
10 187 49
139 215 76
32 246 44
218 219 72
117 13 65
35 111 4
27 28 7
173 196 5
114 210 78
18 49 93
36 225 53
195 28 23
194 90 37
204 48 27
137 82 51
128 168 34
199 170 80
40 23 43
182 151 18
82 226 99
193 1 22
241 128 72
102 7 34
151 195 67
80 202 25
113 0 1
186 214 30
166 218 76
89 156 16
84 184 34
210 238 1
224 243 4
141 140 38
94 147 40
60 95 81
31 167 38
137 25 43
15 88 68
20 38 18
113 91 46
210 167 17
12 194 29
0 62 46
186 152 88
111 216 100
30 203 27
185 140 82
161 83 22
7 119 65
197 248 14
236 120 84
138 31 55
38 167 47
17 2 11
76 67 98
199 126 0
67 168 53
175 83 48
239 50 48
131 197 27
19 175 31
111 81 1
86 96 72
111 76 97
22 162 83
35 105 50
83 179 64
23 128 64
153 228 43
64 85 8
42 117 11
130 180 85
78 113 58
55 31 53
25 8 61
148 1 96
222 109 45
172 23 43
226 77 4
63 80 21
145 93 19
26 247 60
206 180 48
226 128 68
153 34 70
106 151 40
89 85 61
145 127 33
182 126 77
182 48 81
178 157 82
197 222 27
161 18 95
87 111 88
175 15 60
67 150 3
102 21 54
26 225 77
97 36 99
141 124 19
150 63 38
181 53 100
220 193 20
96 58 91
173 36 21
0 38 61
11 110 74
118 247 28
136 23 3
27 12 39
249 84 98
217 64 55
84 238 17
126 193 68
83 6 48
208 157 61
160 131 90
21 193 32
169 235 76
222 23 37
168 83 92
124 144 29
65 85 7
123 214 90
236 5 9
125 228 29
1 15 3
148 177 76
64 54 58
228 73 81
226 54 69
90 200 70
214 9 41
226 237 48
217 72 69
136 245 12
20 240 59
87 197 32
235 226 91
202 3 49
101 1 39
125 188 73
244 186 65
77 131 52
127 237 14
231 62 29
88 108 42
230 24 5
174 47 92
172 7 45
60 157 70
247 234 28
127 176 76
156 108 2
168 154 60
177 90 20
169 98 12
195 226 30
42 112 86
52 114 63
15 131 59
69 48 87
181 135 45
6 229 93
143 219 37
27 194 88
80 2 2
221 200 34
168 198 96
198 54 27
50 35 19
40 194 49
210 20 47
32 33 66
53 45 56
16 201 3
97 232 51
72 249 61
137 12 64
13 115 13
227 93 80
169 71 23
208 223 42
196 63 13
69 77 59
99 197 41
70 71 64
58 116 37
147 163 82
192 168 13
49 172 30
232 228 76
57 67 37
6 75 26
94 124 89
228 7 35
169 36 67
55 9 34
187 94 64
226 229 90
196 235 88
204 180 20
211 102 4
226 24 47
177 115 35
0 233 64
103 200 88
249 242 35
132 36 56
73 62 70
238 169 49
52 6 18
131 46 54
59 192 94
129 182 41
45 214 69
179 207 73
209 243 86
128 235 1
246 27 78
49 0 15
130 241 87
59 48 77
247 176 26
163 55 35
117 167 44
144 135 82
122 134 49
134 76 48
3 21 65
113 117 20
2 15 46
152 184 29
152 91 79
182 124 78
10 124 59
111 4 6
0 133 86
56 43 90
171 137 38
57 39 98
110 233 35
54 219 20
112 137 25
41 215 16
40 227 54
232 59 51
165 126 16
155 66 11
149 135 22
145 24 60
46 22 39
195 218 22
203 139 21
140 223 1
107 173 13
124 4 69
0 114 59
73 238 66
243 158 65
43 122 100
212 236 64
26 141 18
142 43 59
146 147 57
240 5 11
212 56 26
221 169 60
156 67 56
2 217 32
83 234 32
198 97 74
201 130 84
52 193 82
97 129 57
41 97 53
238 43 83
68 159 29
35 10 86
179 54 40
11 77 49
69 49 65
140 11 90
241 154 43
136 140 39
35 102 49
35 44 95
248 58 28
54 9 74
169 125 83
109 151 72
165 236 30
157 89 35
139 65 13
48 90 8
120 47 11
75 52 90
133 224 52
30 177 97
165 147 66
165 13 81
215 5 92
175 43 92
69 90 100
196 18 60
87 173 2
238 110 8
203 231 59
51 147 36
50 218 56
36 76 73
18 132 4
133 243 58
123 80 25
182 41 17
20 43 9
203 80 33
52 237 27
120 153 64
63 199 79
214 202 51
18 72 81
112 37 60
170 109 45
40 216 45
135 229 39
170 16 49
240 239 24
64 170 13
114 81 22
12 45 47
176 1 44
65 40 25
196 133 33
205 157 75
183 221 60
28 31 26
106 207 86
43 245 43
132 11 43
5 4 59
47 37 96
33 150 71
231 26 8
74 193 10
21 169 69
81 171 0
89 211 25
226 194 13
121 37 81
106 130 64
151 128 78
94 37 70
202 135 39
141 130 97
108 182 88
23 201 87
19 85 33
3 67 91
22 209 43
12 6 9
138 242 39
67 221 77
25 244 43
17 214 3
197 35 36
31 223 43
183 65 55
100 22 62
71 85 37
35 117 34
221 127 2
19 212 1
103 4 52
181 40 4
4 95 11
138 47 81
42 225 41
151 1 55
24 214 32
128 76 53
49 5 46
67 224 34
210 204 20
246 92 33
118 27 64
82 186 60
61 152 45
166 91 23
135 206 54
66 173 40
230 8 9
47 221 48
60 52 37
224 158 34
182 71 89
229 114 5
135 83 100
246 108 40
173 241 32
234 173 38
2 233 40
142 2 91
174 44 37
9 28 94
225 23 56
37 8 67
241 35 79
244 40 80
19 187 26
216 218 86
105 206 40
38 226 99
196 75 29
5 117 81
67 24 71
161 154 58
210 193 93
116 206 55
33 239 5
218 167 59
183 99 60
133 248 49
217 85 92
81 247 89
245 157 75
150 92 23
157 107 84
131 156 30
54 238 53
223 207 17
221 235 8
106 211 29
144 10 53
98 54 40
107 207 49
151 206 32
204 65 11
205 111 52
237 226 40
53 48 79
167 92 76
120 195 9
68 46 4
226 176 49
188 92 78
124 192 93
27 54 7
56 109 80
188 239 7
38 218 48
145 226 9
99 22 55
65 28 76
19 177 61
122 154 46
227 102 74
145 177 28
248 17 42
153 240 63
174 171 34
169 229 86
89 152 65
117 201 16
1 197 85
236 171 21
75 110 35
97 30 53
148 200 87
218 147 40
128 66 26
134 225 76
218 25 63
163 65 88
20 130 30
134 240 37
38 208 88
165 233 5
42 85 21
5 81 40
17 183 25
196 175 49
182 28 80
240 80 83
100 158 32
43 19 49
215 111 56
230 99 93
62 131 37
234 219 37
89 234 21
21 140 68
62 14 55
178 110 94
100 66 95
216 45 52
215 102 47
66 60 15
175 208 80
157 172 80
66 248 13
159 209 15
113 144 58
57 150 58
95 134 48
131 4 76
142 247 64
174 195 14
54 21 57
45 151 62
103 237 13
203 19 49
36 107 6
113 55 55
249 27 99
13 180 94
131 23 51
148 186 66
236 198 75
139 246 35
56 68 61
198 66 16
25 27 20
223 48 36
49 58 84
25 21 90
214 69 98
94 97 15
62 19 10
91 192 87
20 59 65
123 71 52
212 14 9
2 50 88
69 94 23
216 92 20
139 235 9
110 22 96
169 138 64
44 125 27
3 79 70
217 169 9
175 9 72
222 63 32
183 22 57
180 244 21
197 210 84
114 2 57
121 38 99
223 102 0
116 198 30
106 35 25
115 232 92
221 69 77
95 84 34
119 194 22
23 2 82
237 115 4
133 232 55
65 227 53
50 77 90
95 113 95
189 96 10
187 3 8
155 154 73
74 177 89
110 183 44
22 220 30
16 51 85
110 87 84
182 68 65
148 171 85
22 143 76
82 13 65
82 48 20
163 201 54
19 93 5
207 69 10
104 227 92
89 55 4
206 125 24
238 28 82
93 95 67
219 120 66
132 227 50
118 90 32
153 130 48
154 211 23
185 45 14
7 104 55
88 131 49
123 55 52
15 230 63
137 149 18
114 112 85
237 118 97
88 19 84
226 185 19
244 183 7
74 247 56
67 130 41
113 174 32
180 54 58
197 234 66
216 88 34
178 172 97
124 100 60
51 203 8
161 109 80
187 138 11
30 237 92
40 35 12
46 202 43
173 25 40
62 158 17
33 185 37
109 24 92
181 222 34
4 221 11
3 40 73
128 6 71
199 74 19
185 168 56
201 1 35
72 14 60
88 244 44
173 86 82
186 141 17
116 71 43
120 143 10
13 159 36
209 165 53
236 196 74
161 247 52
28 153 84
30 219 4
71 195 73
136 238 34
243 124 87
40 39 85
132 0 68
167 166 99
96 121 65
202 92 91
216 211 22
111 197 68
159 221 18
116 136 74
226 82 47
34 195 89
133 61 68
153 52 54
16 58 87
170 219 15
168 161 9
205 178 95
131 116 8
29 79 13
179 49 18
117 113 89
236 35 67
128 85 94
111 179 96
221 239 14
126 44 36
36 152 8
212 71 63
181 202 64
33 136 8
4 94 3
61 41 3
56 175 71
197 144 34
87 203 14
195 245 14
66 148 36
33 29 25
240 142 62
17 145 78
192 14 58
14 106 68
116 163 25
204 240 56
88 98 15
174 160 23
24 151 52
118 135 56
52 180 97
128 135 29
21 101 83
59 93 14
162 198 0
210 140 52
1 64 72
0 91 51
216 56 57
173 155 97
185 67 56
30 4 51
104 236 46
125 32 68
88 146 43
188 48 72
207 167 94
60 64 21
113 132 16
138 236 83
42 67 62
224 200 2
139 121 36
145 245 5
209 15 68
105 128 59
72 184 28
33 105 78
168 219 61
244 217 62
64 136 9
150 19 68
83 18 16
209 95 6
171 36 83
188 59 83
224 180 98
243 117 90
145 38 98
175 229 34
215 211 28
158 148 52
232 230 96
49 197 55
168 79 9
216 22 50
133 141 65
188 102 60
179 86 99
182 180 87
108 122 37
106 115 54
111 31 45
79 94 2
29 170 6
46 147 67
236 245 69
202 88 50
17 160 4
88 229 28
71 101 90
90 136 61
135 117 71
235 207 7
217 88 97
235 23 16
29 57 86
83 203 29
145 55 15
82 148 82
225 233 79
152 26 66
33 247 98
21 46 98
155 27 7
119 103 82
93 144 95
68 120 73
56 207 61
75 42 26
139 82 88
133 152 22
97 242 84
127 243 70
60 22 25
149 160 6
94 206 34
212 160 31
9 248 4
203 171 63
10 80 100
188 47 59
195 9 44
144 191 5
88 242 47
170 87 71
95 211 71
142 32 12
33 50 61
20 30 88
185 110 35
84 231 57
27 175 89
163 102 38
42 119 67
117 52 26
248 170 65
54 41 73
2 187 10
73 168 99
182 211 67
170 72 91
69 140 13
59 161 50
142 29 93
217 188 59
249 22 52
88 110 25
226 61 99
159 200 53
16 79 32
152 119 87
177 189 67
171 220 59
55 36 30
159 1 81
104 228 82
43 202 35
70 28 35
167 63 57
168 71 58
114 32 0
16 22 87
187 81 9
224 182 95
140 67 68
195 138 83
236 83 48
2 112 30
236 189 19
123 4 41
82 149 81
146 192 90
127 149 48
38 92 9
167 50 11
162 6 8
103 242 12
225 83 91
95 149 72
150 53 77
226 183 92
5 85 70
158 156 91
17 80 63
106 82 17
74 163 78
242 132 77
21 99 51
248 151 100
17 87 20
212 19 39
11 97 36
207 209 63
247 191 98
170 198 54
179 160 96
245 100 82
117 111 12
201 80 86
31 152 100
225 6 98
30 97 43
82 204 90
195 227 74
54 159 89
216 65 77
199 237 59
175 181 76
182 242 91
176 223 54
220 249 50
89 21 81
117 26 94
150 197 65
104 70 49
200 52 5
217 5 45
24 64 25
224 167 9
236 3 96
33 96 63
184 109 35
147 34 70
93 20 87
133 23 16
107 202 52
246 51 41
191 98 32
33 17 90
93 160 60
223 183 31
231 171 32
229 238 67
50 92 44
164 236 100
245 142 67
144 101 38
181 162 40
172 188 36
58 246 50
19 62 31
140 16 49
93 233 43
22 207 66
84 187 35
188 182 59
39 177 9
153 200 90
240 226 83
153 221 97
167 147 54
172 148 56
59 135 88
247 27 82
45 4 36
10 129 86
205 48 47
99 89 96
70 31 66
41 171 46
102 170 16
47 94 77
111 176 29
23 205 0
39 165 33
17 195 85
128 49 64
206 7 44
146 78 65
106 224 23
238 242 59
174 176 50
183 10 21
246 231 34
121 183 4
249 77 6
246 248 42
19 88 78
4 235 78
135 212 51
26 128 82
227 221 25
248 124 98
234 245 62
58 80 11
65 110 36
99 237 15
100 9 40
101 109 75
127 166 19
224 236 75
195 214 84
172 240 59
136 120 69
220 90 5
236 134 87
242 32 11
216 24 16
88 203 82
62 234 94
215 204 49
9 93 96
243 225 65
100 69 3
49 59 15
108 169 93
227 176 38
90 189 76
210 94 5
32 141 85
38 30 86
43 68 21
11 34 19
241 36 12
132 82 13
189 11 67
30 9 63
222 10 29
107 47 4
143 90 22
220 76 65
92 147 60
137 78 36
133 60 48
113 123 86
110 26 98
7 130 51
6 244 88
114 246 44
30 231 52
185 198 33
14 234 21
165 111 83
149 9 43
233 73 7
45 113 62
245 26 66
102 216 51
95 81 90
179 24 50
101 52 69
35 66 33
45 166 63
199 12 4
198 205 99
188 91 65
83 219 48
180 146 0
110 113 53
221 97 32
236 0 96
137 69 40
29 189 72
248 235 28
248 156 63
61 62 94
105 1 38
230 52 75
18 161 50
12 109 26
162 163 85
10 76 37
83 60 37
31 201 74
156 160 57
59 185 3
221 243 43
52 21 22
230 216 39
159 85 88
217 81 36
101 31 7
141 192 9
185 114 82
193 109 93
64 247 16
207 46 22
236 50 93
177 44 82
228 52 10
136 118 80
3 110 85
247 249 25
99 125 62
87 226 83
55 38 91
12 9 69
132 5 46
241 66 7
98 141 53
219 238 72
95 202 28
35 38 45
98 62 5
221 249 44
212 134 88
59 73 13
172 74 52
216 6 37
105 151 100
86 120 28
223 228 51
100 50 49
184 231 43
234 106 35
118 159 11
47 148 13
164 9 14
157 76 35
139 223 85
191 82 58
199 86 97
185 175 73
148 119 90
178 168 2
10 176 91
53 227 75
156 146 41
102 227 35
232 100 5
22 73 85
27 139 64
31 148 68
20 136 26
48 105 36
89 28 8
205 19 74
69 55 89
81 41 36
233 68 26
189 8 1
6 238 17
246 122 42
197 223 1
87 239 38
6 60 1
88 181 63
72 219 57
101 96 3
221 204 10
79 34 42
184 16 59
154 198 84
247 93 24
48 159 58
134 142 10
126 57 18
91 46 95
147 208 51
13 64 50
5 67 8
132 10 71
203 71 54
229 233 87
200 100 23
120 14 90
37 224 38
243 48 95
20 120 85
103 25 44
39 156 28
0 194 39
99 128 100
227 120 92
149 115 98
222 242 77
0 206 46
59 177 91
245 95 29
72 183 15
17 182 46
173 142 13
248 40 36
75 128 59
169 43 82
86 19 20
28 58 14
80 46 50
218 120 60
161 204 95
66 121 31
185 1 6
33 139 97
117 129 33
77 233 58
44 129 45
72 147 59
3 130 99
11 138 89
180 217 74
10 215 50
45 142 13
124 208 22
115 240 76
24 30 33
198 194 36
236 79 24
41 106 10
45 67 93
193 239 91
31 90 63
194 33 5
174 127 13
239 111 25
246 39 65
88 231 59
158 165 28
161 36 31
45 157 79
110 216 15
7 58 73
211 112 56
220 80 96
242 101 55
28 142 21
110 86 41
129 248 57
132 199 62
94 27 48
62 18 35
119 232 72
18 99 49
37 16 22
182 119 38
204 219 53
183 39 77
208 200 7
61 186 62
202 150 10
209 160 5
141 175 11
87 20 94
220 172 85
78 164 21
225 91 71
138 229 44
72 75 57
153 163 74
199 248 46
73 124 26
102 85 55
249 233 26
203 214 61
56 136 16
108 175 45
142 24 46
92 146 16
240 193 90
69 146 92
64 41 27
217 177 88
92 116 26
34 175 22
240 192 65
148 121 76
141 34 14
102 127 31
174 182 30
176 92 85
149 186 9
232 21 41
214 245 3
166 119 72
205 22 61
134 103 62
144 56 20
226 157 33
20 230 98
98 229 11
207 33 53
200 138 7
139 164 100
216 84 55
40 132 10
241 234 7
61 211 4
101 110 19
225 51 81
237 52 9
140 209 8
34 78 4
245 11 41
122 35 8
45 249 2
64 19 48
229 115 64
211 188 67
111 12 44
195 248 4
114 235 64
27 242 66
40 15 13
15 167 62
31 195 49
31 69 92
2 120 67
243 115 65
203 58 34
193 61 33
5 101 88
12 234 82
104 246 24
22 105 53
149 37 27
129 181 25
53 50 90
53 157 23
83 48 89
106 100 91
233 82 12
94 183 84
208 176 27
245 19 51
114 147 48
192 160 16
41 166 6
103 199 73
178 183 73
222 104 99
107 62 87
141 63 19
249 45 63
104 85 20
233 242 49
124 33 12
17 28 93
241 28 90
101 66 60
130 218 86
172 84 0
41 145 32
113 43 72
211 138 77
215 2 64
8 230 91
35 101 87
214 0 94
46 113 22
212 169 77
229 26 73
39 56 56
16 4 33
63 205 20
110 145 24
235 236 67
116 77 1
45 211 26
235 88 89
169 46 17
104 174 43
107 154 64
176 64 32
196 47 61
11 215 90
21 187 58
167 100 56
84 100 78
26 59 15
138 70 41
178 30 71
180 50 67
129 189 100
146 21 31
1 140 47
3 95 82
66 42 88
40 32 25
67 82 64
187 89 7
189 116 35
22 185 60
124 36 8
73 203 80
134 244 100
109 214 57
174 223 94
81 238 86
243 232 45
75 131 57
220 89 39
14 113 17
231 202 27
83 101 41
178 68 37
191 132 72
227 233 33
226 106 19
236 46 86
32 14 4
151 18 37
203 152 80
249 232 100
140 153 32
149 8 89
91 1 98
128 78 6
115 207 35
138 245 9
186 69 31
18 113 77
196 246 49
51 93 81
76 225 15
72 161 60
105 117 35
72 218 60
9 17 86
120 245 1
119 35 58
87 240 34
243 57 33
152 209 86
14 77 49
15 145 49
194 30 96
62 121 82
89 240 75
243 25 95
22 234 24
124 51 54
164 74 66
210 12 0
236 45 19
242 64 35
72 188 27
199 32 58
63 24 69
100 47 10
133 156 47
65 139 90
85 9 50
124 150 56
68 171 69
182 11 2
103 146 29
134 200 2
232 67 50
36 89 16
8 229 73
35 211 23
70 219 66
98 201 13
177 27 58
146 205 65
98 181 63
200 81 25
145 182 9
189 34 52
123 216 50
229 32 3
242 181 79
132 188 47
233 5 30
0 102 16
241 18 69
162 216 16
76 121 13
5 1 82
107 56 58
109 118 86
231 83 36
13 186 7
41 183 60
108 60 4
35 47 8
63 117 72
106 164 83
151 187 53
0 196 56
19 50 40
80 147 6
9 193 23
124 234 83
240 0 95
113 204 69
131 191 35
239 97 48
159 220 74
55 230 23
28 40 16
175 85 16
55 59 5
7 108 44
133 9 61
138 29 84
49 206 81
156 161 73
224 185 99
6 215 51
166 73 19
65 15 7
8 25 34
178 40 86
94 19 33
29 116 32
203 101 39
194 108 6
67 133 62
35 196 29
46 80 34
193 227 50
24 162 74
184 201 5
18 114 78
64 230 66
184 67 79
87 245 88
182 199 34
168 60 6
211 33 66
129 222 36
139 148 90
248 225 55
198 235 82
232 151 38
13 48 21
201 247 22
136 188 12
217 42 62
140 31 18
157 28 45
155 60 28
60 130 81
48 51 45
196 206 8
29 7 1
207 62 72
49 175 77
177 88 7
16 106 12
92 195 30
137 1 82
2 200 18
155 107 35
142 233 2
224 0 78
214 44 39
194 167 67
53 91 35
164 181 84
80 132 90
28 247 22
241 182 63
20 93 49
159 165 2
24 149 37
78 135 38
19 59 83
182 103 19
102 80 31
234 55 86
230 170 53
63 200 10
171 128 59
127 200 6
88 34 28
70 14 100
54 70 74
5 228 76
198 248 15
44 60 71
123 200 97
108 0 37
220 209 61
73 178 87
249 80 73
32 197 93
92 225 29
10 70 55
121 136 16
238 198 49
81 135 32
141 183 36
68 189 100
179 80 13
30 181 28
140 105 26
185 164 12
149 33 44
120 13 80
102 233 4
96 192 88
96 79 58
174 205 56
229 64 43
51 57 27
211 29 82
33 131 33
2 215 90
129 44 43
15 100 79
80 237 95
82 245 24
203 243 36
218 112 65
184 70 16
120 67 49
77 124 94
180 97 50
61 75 46
36 32 21
77 84 25
90 30 9
31 4 31
141 58 53
191 122 28
5 104 84
14 181 17
195 211 52
129 5 57
3 208 11
20 174 92
224 227 53
130 177 75
31 157 82
78 187 3
237 102 19
78 75 3
223 224 77
52 227 33
15 57 81
116 176 90
38 202 68
197 196 72
201 84 24
60 245 94
235 35 97
143 86 42
66 156 1
78 96 30
68 95 56
200 120 36
150 172 30
134 10 51
157 119 85
19 186 80
91 86 80
21 247 86
22 228 42
143 188 32
40 12 99
73 176 88
237 18 90
86 148 25
244 36 57
209 68 37
144 51 0
120 87 34
134 231 60
231 136 86
236 65 93
92 182 82
224 9 63
104 155 26
175 108 30
204 106 23
15 13 6
26 100 28
242 11 87
107 108 44
147 207 90
156 169 70
226 91 57
140 114 37
225 75 28
165 194 31
243 55 98
128 88 74
124 228 71
117 128 40
209 119 12
37 98 38
210 87 9
181 84 26
49 91 52
160 112 57
72 110 38
199 42 89
101 37 19
29 91 75
5 136 79
239 140 36
170 181 20
41 195 4
98 29 47
95 210 50
24 96 58
34 76 28
36 216 59
196 118 53
181 63 47
6 93 58
187 202 8
76 177 11
191 150 68
142 87 12
201 64 53
24 223 19
9 117 58
178 142 44
218 50 38
120 1 92
125 37 86
173 101 31
10 196 31
39 62 94
234 147 51
210 189 38
101 149 28
56 241 20
241 1 100
128 245 6
188 8 31
41 48 97
180 163 31
29 40 64
193 42 17
135 44 52
188 82 69
164 204 30
184 239 94
117 182 63
63 229 100
171 119 63
107 25 2
215 39 20
140 181 99
195 222 24
234 96 5
2 87 19
157 130 0
186 64 88
119 102 57
41 9 72
68 69 42
162 113 10
17 128 57
215 70 7
63 35 89
34 121 20
134 156 0
115 195 54
150 201 39
238 148 68
212 204 79
56 198 73
73 44 55
131 20 42
130 248 22
132 186 98
119 185 37
120 141 62
1 81 45
89 137 52
20 226 42
220 147 88
29 184 36
152 83 96
100 113 90
167 187 29
66 55 22
11 75 12
1 96 64
202 238 20
70 39 34
225 19 100
75 45 42
235 170 75
168 101 35
42 46 47
106 14 37
161 210 38
106 125 43
195 25 60
44 195 39
172 4 27
48 27 27
219 226 6
6 177 82
211 101 22
94 208 25
71 227 56
208 78 25
104 164 2
40 157 23
112 160 78
220 140 97
234 195 54
96 62 26
113 138 44
74 146 64
2 242 93
54 189 3
186 42 3
135 66 17
2 208 51
153 38 28
197 151 84
5 60 29
187 13 96
182 166 43
88 28 37
136 32 40
131 93 50
64 119 6
90 134 97
226 32 58
224 155 7
210 129 80
94 11 33
105 183 86
93 141 41
1 240 76
165 33 48
155 76 45
202 119 61
132 197 14
137 43 73
47 183 81
234 4 22
40 83 38
66 49 75
170 66 34
101 54 12
93 133 48
175 72 96
94 223 49
116 161 88
135 182 96
126 86 34
210 192 29
86 242 5
204 195 36
88 79 12
171 185 42
211 30 45
120 142 5
140 126 86
240 128 48
163 51 34
101 122 52
123 235 39
240 219 4
29 192 48
80 241 100
82 23 41
230 205 71
14 59 22
159 120 41
29 201 7
92 52 87
0 128 6
86 118 50
143 192 62
235 36 30
211 201 35
37 108 4
123 78 16
98 137 51
107 180 13
127 96 26
239 117 99
158 243 0
147 37 72
90 40 20
35 98 64
64 2 40
77 136 83
114 154 35
187 238 42
235 239 54
190 12 39
190 217 41
190 6 44
190 181 51
190 73 76
190 18 74
190 193 18
190 125 100
190 184 66
190 107 85
190 202 27
190 218 37
190 91 53
190 43 51
190 208 7
190 31 91
190 71 65
190 153 26
190 155 15
190 228 36
190 123 23
190 140 2
190 142 23
190 200 65
190 159 44
190 4 78
190 95 16
190 8 88
190 58 90
190 116 80
190 169 80
190 154 49
190 110 50
190 248 17
190 92 6
190 66 99
190 170 53
190 171 66
190 247 47
190 114 18
190 101 19
190 222 62
190 35 82
3 213 25
4 213 98
12 213 31
26 213 68
28 213 50
44 213 62
45 213 26
55 213 56
62 213 37
67 213 49
75 213 86
80 213 49
85 213 91
91 213 89
96 213 87
101 213 79
120 213 22
123 213 77
132 213 9
133 213 56
139 213 45
141 213 42
143 213 66
151 213 71
152 213 37
156 213 63
161 213 80
163 213 60
166 213 79
170 213 35
171 213 10
187 213 3
189 213 69
203 213 93
209 213 5
216 213 65
220 213 87
222 213 5
238 213 98
240 213 42
