69
53
12 8 36
125 83 93
30 133 49
14 134 69
46 104 48
79 54 27
91 23 27
10 70 71
129 26 37
136 75 54
78 7 56
42 54 11
33 90 83
55 124 31
119 9 49
92 79 73
50 136 9
104 94 32
96 46 67
7 31 23
101 77 46
9 21 23
11 134 37
80 30 4
20 118 31
135 7 35
121 24 26
139 25 68
128 106 81
32 63 49
111 119 67
78 62 48
135 45 89
43 64 53
109 14 94
134 47 17
37 94 22
130 42 86
80 134 76
102 9 22
106 94 58
4 73 71
124 71 62
11 85 70
76 46 38
13 89 5
44 11 59
129 47 41
106 95 2
77 93 85
4 92 49
15 68 88
113 14 84
121 52 93
136 87 13
14 48 64
31 47 60
124 68 50
7 137 35
23 74 29
24 83 95
54 57 60
97 96 20
83 31 28
121 93 38
113 36 81
104 47 21
36 126 8
107 2 25
87 32 50
84 116 29
50 102 82
22 23 5
51 83 8
26 79 25
96 13 53
54 19 47
48 5 66
5 21 20
105 102 42
106 5 55
70 94 72
128 31 5
135 0 39
66 106 71
62 115 98
52 86 8
100 26 34
71 76 76
9 71 74
119 10 21
133 15 97
118 130 64
60 18 46
68 49 88
87 68 1
70 8 18
74 37 81
16 122 15
119 63 29
133 46 77
41 15 77
65 103 86
86 92 50
137 17 89
113 104 65
129 118 48
58 21 59
91 9 94
15 33 1
96 59 27
40 130 45
95 28 92
67 58 40
81 119 64
110 83 93
118 114 93
10 113 25
71 139 10
77 91 32
79 7 15
28 97 11
77 71 22
10 132 72
124 47 71
95 113 23
70 77 46
24 96 70
54 98 70
112 21 35
98 87 19
63 50 20
109 13 11
49 54 26
47 6 62
133 41 90
33 119 1
95 52 100
51 89 14
0 135 5
13 57 100
62 101 36
111 8 15
18 80 69
120 112 37
2 75 21
60 88 43
115 113 86
118 101 31
78 119 81
76 7 66
48 36 82
6 86 78
100 31 15
26 122 94
11 107 93
52 80 65
124 55 36
101 115 8
107 124 15
63 136 46
135 118 16
22 132 42
6 37 4
44 4 15
20 101 82
40 70 81
34 59 57
125 117 55
126 11 94
83 116 57
131 98 47
112 71 19
67 13 42
127 11 64
111 74 34
59 92 92
34 75 84
0 129 23
101 73 20
38 21 70
9 95 73
105 84 42
9 23 52
106 127 100
109 41 98
23 78 40
60 1 53
48 65 33
119 106 60
93 91 36
48 16 54
111 30 44
106 31 37
98 137 81
51 68 7
133 10 41
139 98 3
139 23 79
108 137 15
9 130 89
25 3 85
135 74 23
89 76 90
63 28 4
127 35 26
46 58 56
138 87 5
25 51 38
45 22 33
31 99 9
4 98 46
125 29 93
90 122 88
105 108 31
95 65 10
107 99 26
115 94 34
73 46 8
105 17 57
37 97 48
100 115 80
98 61 96
135 15 52
95 89 3
8 75 82
67 111 58
45 27 82
117 76 51
102 117 20
107 34 25
41 76 38
98 93 98
124 39 46
130 63 55
9 56 70
129 103 32
62 0 55
48 116 83
51 84 81
50 120 59
7 96 49
40 49 72
68 32 57
13 51 13
133 106 35
58 67 83
70 6 64
26 23 18
120 22 49
38 54 95
98 96 32
78 91 43
44 50 12
115 132 76
35 70 31
92 60 1
46 139 6
102 47 52
133 120 17
18 102 71
90 126 44
102 23 11
37 100 73
31 124 5
3 120 81
87 61 48
118 19 74
78 84 17
59 36 18
104 127 61
134 39 88
7 131 3
130 54 78
123 120 6
112 22 49
120 138 54
131 117 4
39 35 56
42 12 48
116 110 47
34 60 35
37 78 90
117 29 59
31 36 74
86 21 57
2 104 53
18 108 51
97 61 22
68 113 7
3 38 12
38 7 84
64 131 26
134 38 75
97 83 64
101 82 53
90 118 23
128 13 91
95 117 17
17 43 94
55 117 56
11 2 69
132 89 40
14 82 80
20 2 57
27 10 1
29 7 60
76 106 4
75 36 71
12 105 37
85 84 92
119 0 72
66 96 3
137 68 69
42 101 21
16 108 83
106 132 100
27 120 45
97 135 87
124 101 33
91 122 72
104 3 59
95 55 2
92 5 42
22 16 13
58 39 51
64 128 78
121 113 76
49 84 79
24 3 64
91 93 38
101 109 82
121 22 28
26 85 43
38 39 93
59 44 21
115 11 13
106 35 93
135 61 59
128 134 7
45 37 15
121 61 92
49 4 42
114 46 18
125 14 71
38 73 4
91 89 20
103 61 74
75 64 14
68 118 87
130 120 24
126 54 81
11 127 17
2 59 58
15 61 21
85 103 67
123 47 40
138 102 18
30 115 43
11 101 38
31 128 8
122 0 91
80 126 66
72 80 92
73 94 79
21 44 39
100 108 61
111 101 78
73 97 72
100 122 27
30 71 75
0 138 43
77 78 61
56 120 95
24 78 81
9 79 91
100 137 6
40 104 20
137 51 4
40 10 17
96 64 31
123 65 14
73 54 91
93 90 55
37 85 10
30 34 66
86 64 89
125 103 70
82 139 67
51 28 93
15 63 58
3 22 98
64 0 9
63 22 6
3 17 2
52 128 57
26 40 80
17 115 98
63 79 34
41 56 52
77 94 31
126 40 35
110 19 47
2 137 74
124 41 72
6 110 52
43 5 17
117 131 98
8 14 77
82 93 69
92 57 16
23 9 13
28 46 40
10 44 21
104 72 57
78 99 69
65 5 8
88 123 89
9 41 9
138 46 70
32 91 6
89 51 58
51 46 86
74 117 20
52 91 99
7 68 67
83 57 38
84 15 2
61 58 20
82 76 60
135 59 46
8 48 13
18 121 81
20 128 29
44 58 65
62 94 63
14 49 98
110 85 51
16 82 48
75 37 79
86 122 66
101 138 74
111 42 49
44 133 95
83 49 12
120 121 82
30 39 71
56 123 3
68 102 75
3 79 13
32 34 44
130 79 61
82 111 69
136 74 43
85 122 56
30 31 60
13 37 55
110 22 77
40 138 86
15 70 79
118 60 32
99 82 84
125 79 68
66 77 70
44 101 97
37 8 75
8 1 32
54 72 12
42 32 97
122 86 3
131 77 75
75 3 93
25 54 72
14 87 30
19 14 39
95 21 37
99 7 2
130 125 15
21 123 28
57 55 90
48 106 84
28 50 10
31 110 64
116 40 37
52 27 66
109 96 45
88 10 19
36 82 29
107 18 90
74 47 98
50 39 13
0 82 39
138 12 95
125 89 18
138 67 100
83 29 95
28 95 44
113 6 78
123 59 68
78 30 95
66 48 12
97 105 46
14 16 58
115 104 56
14 90 52
95 135 98
124 65 95
17 25 57
61 16 77
58 89 34
87 131 20
51 99 48
15 89 51
30 2 71
89 73 44
80 42 35
102 138 11
85 82 10
15 8 87
68 110 28
12 117 9
130 112 27
63 7 42
94 20 83
106 46 72
49 77 25
103 4 81
57 60 62
18 31 37
14 60 76
122 5 13
17 23 12
75 138 48
67 81 19
74 8 69
108 39 15
116 21 42
80 81 41
89 20 1
3 71 100
125 138 74
16 110 65
33 35 68
136 4 91
79 56 99
16 39 84
79 84 3
120 39 5
118 139 73
47 112 81
4 61 91
101 26 84
111 64 32
24 138 1
23 31 29
24 31 40
54 3 11
92 73 29
39 91 100
31 106 82
128 18 44
41 120 53
18 34 27
72 85 46
100 7 48
88 46 87
52 41 18
47 15 21
82 88 38
90 8 6
78 63 47
79 96 86
77 47 36
21 82 59
55 130 79
134 51 68
106 102 23
94 121 12
126 52 3
50 42 54
93 86 41
91 17 51
27 58 36
89 96 78
124 130 49
91 59 3
119 135 14
23 128 12
50 51 96
30 18 49
77 6 49
62 54 21
85 77 95
102 49 89
101 18 48
48 24 56
133 65 4
61 79 19
27 59 22
29 68 72
49 5 23
44 79 13
88 95 52
14 110 91
27 98 68
118 124 26
35 80 59
30 88 92
107 103 28
127 9 40
19 124 48
108 103 34
5 92 20
105 52 47
15 46 8
81 130 9
48 129 36
24 38 75
130 24 89
10 86 69
74 82 62
132 33 4
51 10 85
105 51 78
95 83 34
39 75 31
10 24 37
68 3 19
138 74 47
50 62 50
20 82 45
116 107 31
139 4 6
136 123 73
57 4 6
97 100 75
34 124 34
99 38 68
31 32 83
137 28 36
3 35 97
128 72 49
104 37 42
128 122 33
125 124 65
114 94 82
124 81 87
121 30 74
4 103 5
131 36 22
104 121 3
7 6 50
50 106 3
76 15 1
52 24 25
111 23 34
77 25 73
91 133 44
128 85 52
52 12 80
29 12 88
51 49 59
102 76 25
36 105 84
60 0 8
49 16 78
44 124 75
29 30 19
72 73 76
50 118 52
106 7 33
41 106 43
94 58 29
40 102 55
12 124 60
134 5 50
48 49 92
112 50 40
105 81 14
102 16 96
37 126 65
131 82 45
45 70 82
15 4 28
88 27 95
57 14 69
81 31 98
55 11 96
91 90 36
131 92 13
45 9 1
50 122 79
65 89 86
103 54 64
139 87 77
28 116 14
30 104 7
92 78 66
34 112 83
90 34 29
101 121 8
130 98 91
55 136 86
51 124 58
137 81 26
78 3 72
127 31 3
81 45 26
56 9 18
21 93 76
63 88 60
99 46 42
35 59 55
11 82 96
43 86 89
37 84 33
23 120 67
139 127 37
29 33 28
108 70 84
102 26 31
89 68 46
103 14 36
37 107 71
5 0 18
85 86 21
28 51 67
54 113 66
106 93 53
110 48 11
107 6 2
75 88 96
59 63 37
18 54 8
102 119 80
116 66 100
33 101 47
92 126 37
110 80 71
105 73 98
24 100 93
114 5 94
119 90 42
34 11 12
5 105 45
10 63 43
20 98 91
59 79 78
19 95 22
72 86 21
13 106 52
3 2 96
13 121 63
19 87 83
55 125 58
14 95 48
105 129 26
1 67 4
75 32 52
57 41 50
32 27 73
51 67 99
23 39 67
56 99 23
24 116 10
85 81 3
120 16 86
106 43 32
97 123 18
65 38 48
2 122 67
5 18 93
17 132 22
40 13 19
11 36 53
91 78 4
33 46 80
44 134 52
124 95 75
62 5 56
91 104 92
83 4 59
49 125 32
139 128 85
130 46 90
107 7 44
4 129 7
121 66 65
43 85 27
114 72 32
57 100 81
72 137 20
94 115 8
123 48 64
25 31 29
88 131 57
19 20 72
42 3 96
44 29 59
76 43 8
81 29 90
94 34 17
4 32 13
113 87 57
7 46 7
135 49 22
83 55 62
51 103 18
83 72 23
48 82 16
60 59 75
14 11 95
31 29 100
5 52 99
137 80 73
126 75 55
82 27 98
40 61 7
12 23 23
111 6 97
89 67 33
91 116 83
25 80 24
113 23 64
99 84 32
120 55 42
103 86 2
66 35 49
36 1 22
31 67 54
133 35 38
6 55 20
65 132 13
61 117 23
59 111 6
133 99 34
78 57 11
56 57 88
133 12 81
115 6 34
70 34 15
72 30 2
14 129 54
90 79 64
13 18 8
42 90 73
74 77 86
38 64 13
115 97 30
58 34 9
78 37 42
75 19 29
64 14 27
96 27 60
107 26 73
74 99 61
74 58 80
91 130 99
32 46 48
95 56 10
42 55 24
91 115 92
79 10 71
0 36 49
93 54 13
132 125 41
73 31 72
125 129 6
94 128 54
24 88 52
6 106 100
119 55 89
106 110 9
139 64 34
47 50 42
108 67 97
77 40 70
111 72 14
55 102 80
106 138 61
59 78 90
21 121 89
9 46 80
74 98 57
99 62 38
17 18 44
100 84 49
92 19 31
10 33 88
77 1 11
104 19 60
72 0 50
41 38 60
41 92 67
125 34 81
100 113 26
73 50 37
118 66 5
88 63 32
42 49 37
43 41 87
11 50 6
8 74 25
91 119 59
20 92 35
137 109 72
18 16 50
6 124 68
37 50 44
80 72 42
106 38 47
59 93 58
30 61 72
114 111 76
113 22 25
52 13 22
72 132 53
130 4 27
29 3 48
78 115 91
50 129 75
34 44 50
135 94 11
78 134 97
42 64 91
36 112 62
104 117 80
49 8 64
26 43 100
104 18 9
87 96 22
105 27 86
110 35 88
111 116 18
132 36 94
55 18 91
93 79 61
50 93 88
49 68 69
112 126 26
131 37 31
136 99 26
74 119 5
46 115 100
32 108 100
54 123 32
1 37 71
127 78 95
125 18 31
89 38 79
4 85 38
19 46 89
105 83 25
61 23 19
58 121 73
128 124 84
71 36 76
131 90 73
89 134 60
115 83 14
28 37 53
123 116 79
79 89 64
83 0 5
36 56 86
99 132 37
94 42 38
56 131 86
124 89 14
66 125 40
104 0 24
35 12 38
59 65 95
95 130 93
1 60 54
48 102 4
27 101 9
2 41 61
121 35 67
88 98 64
34 1 55
93 119 67
8 32 9
33 19 13
60 51 28
26 119 1
20 33 50
73 28 51
129 130 87
89 9 19
127 25 32
100 39 86
127 0 75
24 47 10
89 116 59
126 35 69
88 59 72
61 57 29
97 14 2
9 80 60
50 23 52
84 32 90
135 87 20
3 139 35
0 118 92
85 4 84
78 101 7
82 125 33
79 4 43
101 119 44
35 58 14
44 113 10
33 34 57
61 126 64
99 81 100
19 4 47
97 132 1
121 63 18
13 14 73
68 64 20
139 20 37
61 46 14
114 129 84
73 120 84
2 97 59
92 36 24
103 0 78
138 90 84
48 70 12
21 11 42
81 96 55
105 137 30
85 46 13
4 110 72
129 74 43
88 112 46
79 120 9
115 117 70
45 125 28
36 71 1
82 7 5
22 94 3
113 32 99
32 60 22
49 81 28
77 28 1
54 109 71
98 135 29
27 60 9
113 67 5
138 88 53
130 128 16
37 132 33
3 137 57
10 78 30
107 33 47
113 9 88
48 14 56
6 11 56
76 42 51
71 87 48
55 27 55
106 112 68
30 13 96
12 46 15
22 139 18
126 137 26
64 104 60
39 129 24
121 105 67
11 117 49
139 26 4
134 102 34
111 60 53
39 55 31
71 10 21
10 8 96
97 9 6
88 137 3
19 113 85
133 61 69
35 7 17
17 133 64
77 72 43
79 67 17
94 4 62
136 93 57
58 35 84
50 132 32
90 19 33
99 87 84
54 95 42
94 75 51
130 83 62
98 27 74
51 82 63
56 108 52
97 118 91
9 7 11
27 82 81
81 8 58
59 98 50
90 72 63
94 118 41
39 101 81
49 45 84
34 127 26
55 92 29
10 133 93
33 138 91
89 120 94
79 124 70
30 54 92
60 70 30
57 139 89
8 62 57
131 13 50
102 115 82
74 135 79
40 89 79
23 30 78
67 9 39
136 32 99
104 32 9
35 46 19
95 23 75
93 128 81
77 76 53
73 27 47
81 124 43
96 80 69
41 108 53
130 114 87
0 112 55
27 68 29
98 78 70
59 64 92
40 68 94
133 51 25
45 29 87
137 77 20
27 56 46
31 17 28
43 96 41
89 39 8
127 93 15
33 123 67
101 76 33
135 51 90
114 58 52
90 101 44
10 130 71
75 14 7
86 56 21
107 4 64
61 39 35
48 6 73
52 124 9
52 125 16
62 102 91
43 48 62
11 22 69
8 58 10
126 67 64
45 98 45
46 0 31
98 125 21
21 122 45
43 87 66
116 26 27
109 133 100
96 85 95
87 48 15
115 56 89
114 56 90
36 102 34
46 134 31
18 58 69
63 56 29
38 12 71
117 52 50
58 13 29
3 104 25
66 83 29
28 21 90
75 85 53
10 134 67
52 30 98
88 4 89
7 119 87
64 55 95
2 16 66
57 93 74
35 15 14
42 125 52
119 20 7
22 124 41
86 103 13
79 135 81
21 43 97
0 126 31
136 8 64
46 10 91
117 51 43
19 22 71
127 132 26
112 59 62
113 43 53
12 93 4
138 36 73
79 17 39
40 122 32
111 132 21
0 80 34
104 125 86
45 115 12
108 17 11
18 33 66
10 62 14
62 105 98
135 126 60
7 24 97
104 5 84
65 14 45
108 63 48
52 98 33
61 2 61
54 75 54
119 56 23
74 26 5
64 34 28
45 136 77
130 10 31
37 121 32
43 124 33
114 106 14
3 101 59
138 79 47
45 26 19
35 72 52
35 105 23
84 7 26
27 138 49
24 64 3
111 124 22
101 127 62
137 133 37
42 5 52
95 6 68
81 104 28
103 58 13
66 3 39
115 34 89
80 111 52
19 99 92
36 45 89
38 99 7
32 8 28
87 85 40
131 132 31
51 72 46
23 12 81
74 100 87
132 86 24
40 111 70
137 138 79
34 121 61
38 96 77
47 122 38
86 40 10
64 119 46
36 80 84
110 130 56
105 114 14
95 127 47
99 39 54
83 54 61
90 36 25
35 128 71
93 38 56
46 5 34
111 5 63
80 59 11
138 95 35
33 71 72
61 20 66
123 117 38
66 81 1
132 25 17
46 133 33
31 60 92
89 93 92
107 131 7
139 95 62
29 103 85
19 78 17
62 108 24
99 23 98
124 111 85
118 6 7
7 37 4
109 102 66
108 133 35
84 52 94
119 65 57
10 9 89
80 136 62
112 134 21
107 58 7
14 24 89
73 87 59
135 27 65
36 122 89
20 94 60
54 110 84
73 25 71
76 95 72
23 129 69
126 33 94
136 37 69
105 64 100
120 116 57
66 39 72
56 26 27
129 90 13
59 28 2
60 73 87
56 133 19
126 2 4
50 11 35
37 122 72
92 42 46
131 101 9
4 95 59
137 29 29
124 22 100
2 57 38
37 89 71
30 52 94
94 85 32
42 36 60
36 0 11
67 115 30
129 75 31
67 105 45
51 79 66
108 129 7
70 78 100
109 18 87
38 121 13
9 17 15
72 100 47
40 110 73
84 105 30
94 78 53
30 3 60
49 36 60
45 121 55
52 99 80
85 115 22
104 89 35
7 34 56
134 40 56
97 27 30
124 135 71
122 136 51
27 30 11
82 77 79
110 105 74
122 29 66
132 40 91
28 74 95
123 41 14
51 93 43
7 3 50
10 103 63
46 34 18
120 76 51
6 67 63
56 39 93
85 135 48
67 82 42
97 39 42
44 57 29
107 21 85
107 17 21
76 41 40
2 1 61
107 128 41
17 63 83
89 11 31
114 120 72
115 138 83
62 79 4
97 23 18
89 132 67
28 103 29
24 70 22
1 112 71
117 104 64
41 44 71
6 136 69
11 40 5
66 24 97
135 60 63
17 110 34
74 133 67
93 136 67
86 115 88
60 13 10
123 29 64
65 109 76
100 125 63
75 129 27
71 88 99
64 18 86
105 123 6
93 115 79
75 121 3
31 44 82
44 72 61
92 49 91
31 76 90
80 122 68
122 126 72
81 15 81
17 83 35
48 113 55
56 38 81
46 72 52
26 70 49
122 99 4
104 7 88
6 84 49
10 64 41
9 134 5
126 92 22
60 36 19
135 76 72
73 70 40
67 26 3
75 63 74
94 133 70
89 12 68
63 43 15
110 18 3
55 128 16
121 94 76
118 54 49
77 70 28
32 104 14
58 14 85
122 88 87
24 6 75
100 67 88
36 34 91
44 103 97
139 16 100
104 90 61
107 20 56
38 25 82
95 10 17
100 111 68
25 6 97
89 43 2
109 0 64
110 139 3
81 55 53
126 50 97
133 129 54
114 16 81
84 98 17
36 92 65
123 102 55
66 64 4
55 101 57
37 129 16
9 60 31
15 92 75
59 102 86
121 135 66
19 85 92
108 138 91
136 11 85
24 51 82
52 15 76
84 38 56
42 33 51
101 29 28
73 121 61
113 17 23
48 3 71
60 92 26
88 129 42
127 5 98
1 28 62
95 22 81
23 101 85
40 65 82
22 51 53
95 42 72
68 80 57
38 85 24
70 124 21
51 47 5
95 27 58
91 80 8
105 49 28
1 106 47
99 1 88
2 130 39
79 119 51
75 131 86
10 127 84
129 122 2
133 58 8
79 113 29
61 71 81
87 49 45
1 77 58
87 125 43
21 30 11
130 31 16
123 5 21
26 39 18
24 136 89
124 86 98
22 99 56
7 44 98
31 40 6
25 32 10
84 120 90
115 74 8
39 98 17
94 80 67
19 132 43
55 50 83
114 37 38
51 134 53
88 82 35
12 71 90
10 100 72
43 106 24
79 136 14
18 63 24
19 83 9
4 18 38
112 18 19
73 89 50
92 94 40
22 56 25
21 15 6
40 67 75
119 39 2
113 112 9
62 74 3
63 137 44
138 50 73
132 137 1
4 113 34
27 46 11
36 138 71
76 116 79
93 97 47
70 1 69
4 37 58
4 55 60
67 132 79
121 55 2
112 70 31
12 98 24
49 1 4
16 65 17
54 130 44
84 57 34
33 127 56
46 65 7
76 122 63
9 49 45
28 112 72
99 88 55
36 47 51
12 2 82
60 34 11
7 42 12
60 108 74
38 22 69
117 127 46
80 103 83
119 40 22
48 109 30
104 20 39
6 112 25
49 78 70
100 41 38
52 89 50
98 60 28
119 45 37
36 84 72
93 59 82
131 104 32
55 75 94
85 52 33
2 56 19
129 11 50
46 24 5
133 111 27
21 77 58
18 125 60
135 117 18
55 61 1
43 126 67
17 123 24
128 24 73
32 38 7
122 18 55
29 39 80
35 112 75
47 102 58
62 64 65
39 85 86
118 117 75
81 63 2
68 87 64
64 19 88
132 60 68
129 45 95
14 104 100
70 129 6
86 61 45
105 42 28
67 39 71
137 50 53
118 121 4
107 24 11
23 105 22
85 39 14
5 134 47
22 0 53
39 72 93
34 26 44
88 100 30
117 3 42
37 65 75
25 83 4
96 54 90
86 87 18
4 34 86
65 17 33
87 79 85
92 116 28
78 95 37
61 106 97
14 47 18
40 11 41
91 47 10
16 4 78
90 41 100
35 138 94
64 82 58
27 38 57
105 15 82
71 68 20
82 75 93
135 112 68
111 21 34
103 49 47
65 67 8
101 89 35
116 12 8
114 123 95
83 39 5
17 118 66
42 102 42
124 128 69
31 105 90
7 74 46
64 61 66
139 101 84
71 51 14
36 111 23
18 3 2
4 81 48
82 132 79
43 121 61
63 54 3
7 63 1
63 98 73
86 28 13
137 13 59
119 86 3
86 3 92
128 97 4
122 112 2
35 106 12
35 30 61
14 136 70
101 35 3
48 123 100
67 76 59
106 29 59
111 91 96
46 16 24
49 110 16
70 131 5
61 80 66
10 107 89
116 38 100
89 25 25
67 117 52
112 52 6
8 65 26
93 80 62
12 73 50
60 106 30
97 40 45
6 98 73
20 77 68
31 0 40
94 41 53
25 61 49
123 60 65
34 97 74
63 87 97
98 46 29
7 118 28
63 118 30
21 46 99
30 101 76
76 108 72
2 63 96
78 21 75
25 134 10
31 26 46
133 26 56
131 100 2
87 12 1
17 77 87
17 129 88
122 23 12
63 77 86
6 90 93
80 43 100
117 100 35
104 91 9
34 137 66
104 119 6
25 27 86
8 49 58
23 90 56
110 58 88
134 93 89
46 7 49
59 55 61
49 136 8
21 17 64
0 75 20
51 104 42
89 8 26
135 79 96
27 19 43
57 32 49
78 39 52
22 82 92
37 14 69
92 105 34
9 125 18
107 11 51
18 128 71
111 80 28
43 68 51
49 12 100
129 71 34
124 119 79
67 27 94
10 119 96
123 33 53
88 39 14
59 134 42
139 103 69
98 86 95
5 136 84
104 134 48
126 3 37
136 31 94
28 118 63
134 130 80
77 46 7
42 0 60
84 33 37
52 4 24
20 115 4
1 6 81
43 123 5
44 131 60
103 117 15
16 101 64
15 120 11
21 126 10
39 19 87
64 97 97
49 99 87
113 42 48
137 5 84
67 32 92
137 130 25
123 80 80
81 138 21
38 47 19
41 20 91
80 131 1
132 128 39
91 26 67
46 47 23
62 73 25
5 127 99
132 12 36
55 12 58
66 56 40
110 25 26
122 107 78
92 88 12
81 97 82
50 22 63
18 85 74
103 6 23
52 36 44
15 122 8
68 86 71
36 64 92
60 113 60
12 68 29
91 18 11
4 118 91
136 15 47
1 62 98
31 38 52
112 15 11
29 126 26
82 90 39
40 29 13
47 11 82
39 97 73
115 47 62
109 51 80
77 124 15
30 32 79
63 128 11
76 23 86
34 9 83
113 91 23
13 11 13
137 71 8
12 4 26
23 61 6
24 111 13
7 78 75
74 126 26
29 35 30
71 93 3
67 116 40
59 41 94
73 68 30
5 2 71
134 137 49
7 32 35
96 16 93
99 91 16
117 40 99
111 75 57
51 52 41
130 134 3
36 118 1
64 113 99
65 28 29
78 61 27
19 0 90
130 139 44
87 103 58
67 139 88
9 89 77
42 76 1
69 106 74
69 50 90
69 73 20
69 94 57
69 102 73
69 29 73
69 139 84
69 110 47
69 34 29
69 101 25
69 98 29
69 87 12
69 84 22
69 17 40
69 52 43
69 132 67
69 8 73
69 28 10
69 68 77
0 53 34
2 53 66
7 53 75
8 53 62
21 53 15
30 53 37
40 53 15
47 53 80
52 53 59
56 53 5
65 53 31
70 53 87
96 53 78
102 53 96
110 53 16
120 53 92
