20
70
30 55 19
17 6 100
44 53 63
71 68 76
8 56 53
2 51 24
0 66 3
16 79 19
31 76 0
75 61 48
4 58 12
63 43 70
36 69 18
18 19 80
31 17 24
10 75 91
63 10 96
19 31 81
18 47 67
76 33 55
46 52 59
13 24 45
1 25 98
67 26 11
69 49 52
25 7 38
57 1 34
25 72 81
37 1 3
52 63 3
76 71 67
26 48 4
59 8 6
14 68 3
14 32 42
37 45 9
61 48 26
45 78 92
68 3 65
3 42 95
47 57 71
69 43 22
27 23 72
57 58 1
32 40 85
43 57 78
5 21 69
43 46 60
44 79 21
9 67 59
17 60 64
63 45 57
53 36 0
52 1 91
61 16 35
2 25 90
31 43 60
62 38 66
1 77 41
72 30 8
78 37 52
7 52 66
26 62 12
26 75 28
52 30 3
76 73 67
14 57 42
17 51 87
9 59 42
6 78 97
42 77 26
66 15 43
75 6 66
51 76 65
39 67 86
38 69 68
50 72 93
25 22 7
75 2 8
15 42 56
78 17 75
67 57 33
57 7 72
55 25 81
36 46 30
3 64 14
36 2 95
35 73 30
64 6 24
33 35 29
22 43 0
74 79 100
33 54 69
34 65 100
61 63 47
26 19 19
71 16 34
22 29 68
74 30 36
26 34 19
28 69 93
45 28 73
3 78 4
9 24 91
17 5 39
49 34 86
3 4 95
13 45 79
45 41 24
40 56 35
31 56 30
5 75 49
15 22 98
13 5 56
27 57 32
74 73 32
58 19 34
49 39 18
34 78 6
74 39 100
11 40 81
53 6 62
35 17 9
39 19 80
32 65 7
27 6 44
46 37 96
62 49 70
76 69 68
61 27 65
37 8 70
12 79 27
71 75 9
24 27 42
39 34 44
59 54 37
11 58 15
26 59 76
71 33 87
57 38 5
66 5 15
62 9 38
30 77 76
9 21 67
17 21 79
31 5 77
32 64 77
7 8 53
10 24 8
11 60 82
28 23 64
4 40 12
13 57 0
33 59 73
12 62 70
33 39 61
17 77 5
37 79 40
2 77 68
77 63 18
14 9 3
22 55 96
71 25 13
48 63 82
54 75 37
15 62 84
66 12 78
72 50 86
42 73 95
17 28 38
72 69 16
3 66 54
48 52 27
52 38 29
58 13 60
38 40 97
47 79 66
59 74 52
0 74 99
13 36 14
17 69 13
42 15 89
2 76 7
75 35 53
5 9 34
14 30 14
0 23 2
11 25 2
34 10 39
51 53 28
8 11 88
26 43 72
45 59 96
51 47 80
62 33 37
11 1 53
43 27 70
31 4 43
2 10 92
45 57 43
76 52 38
38 49 81
9 36 95
69 74 53
34 55 16
50 34 28
56 47 66
37 34 85
21 34 10
44 27 6
46 26 85
21 14 11
6 43 46
8 41 91
19 37 24
3 0 79
22 2 77
42 59 24
17 65 17
1 56 84
16 26 46
19 10 39
21 45 100
32 10 99
15 31 5
65 46 50
25 62 64
75 45 30
79 74 14
23 71 0
50 61 82
2 8 30
35 46 87
49 6 6
10 26 69
65 21 63
41 75 1
7 27 39
32 39 72
52 35 33
8 61 95
46 63 50
73 12 18
55 64 95
0 5 23
75 43 86
73 1 95
61 17 95
53 62 99
53 59 50
54 43 6
65 22 54
63 31 48
38 36 29
60 39 74
15 21 1
67 65 2
33 69 49
21 11 77
1 71 57
42 71 78
31 41 77
15 65 61
27 50 61
76 46 19
41 68 75
4 62 36
55 24 32
36 60 49
63 21 27
47 56 95
58 46 27
5 22 21
64 65 82
72 36 57
42 64 96
31 18 74
19 57 8
1 27 16
26 15 96
16 40 6
58 9 79
55 32 32
75 21 80
41 53 90
57 63 79
1 43 34
78 47 66
54 17 62
56 49 11
71 22 79
2 62 58
22 35 35
76 5 46
3 13 93
24 75 57
31 25 85
78 27 19
32 33 97
19 48 25
45 27 70
49 25 54
3 77 66
37 43 46
73 47 72
76 56 25
51 50 77
58 50 83
12 51 100
28 16 27
25 79 0
34 61 45
32 31 98
72 41 67
74 43 75
61 14 39
22 9 41
79 53 1
33 45 13
25 66 52
37 39 90
71 32 49
17 64 52
79 78 76
16 59 37
38 52 79
29 57 52
35 28 11
56 50 71
24 61 1
42 0 63
35 19 56
15 63 54
8 32 45
2 16 9
13 72 15
23 35 55
2 66 49
30 6 59
68 19 70
34 54 77
44 67 27
19 65 15
25 61 76
36 17 66
24 7 32
50 2 45
75 41 0
16 58 41
29 40 39
28 21 35
31 15 62
67 66 32
5 28 89
41 63 29
43 63 36
42 14 71
68 4 53
29 2 62
71 44 53
10 29 100
34 5 11
26 9 17
75 30 100
5 36 80
21 25 66
3 24 42
37 10 66
35 58 12
72 10 69
43 19 73
23 62 53
75 27 94
35 60 32
21 64 18
50 79 22
27 35 15
79 7 67
78 69 75
17 38 77
62 13 48
72 33 1
47 39 63
3 46 4
8 63 73
46 55 16
62 36 62
59 69 29
33 17 31
73 57 84
74 21 0
11 0 36
18 64 34
54 73 18
36 48 14
45 6 86
34 19 89
8 52 56
76 66 33
55 12 64
35 16 13
59 29 5
6 42 88
78 28 30
59 73 65
57 55 93
16 44 20
79 47 72
41 10 44
72 8 67
48 67 17
29 46 75
37 62 27
49 11 4
72 7 79
29 24 59
14 28 19
30 13 49
3 51 13
38 78 10
57 17 80
14 38 0
46 6 47
4 56 75
15 36 23
12 59 59
67 55 22
78 34 12
52 27 56
32 46 0
11 33 0
57 22 34
30 40 67
50 51 77
21 52 55
39 55 17
25 15 82
14 67 72
79 69 11
15 56 1
21 8 9
28 9 35
35 52 16
46 62 15
43 61 89
60 45 91
59 32 21
28 3 64
63 0 88
77 5 80
2 55 89
61 79 72
9 31 27
46 41 45
22 1 65
49 28 21
29 47 32
23 49 9
29 67 96
19 74 80
68 66 33
47 51 93
27 77 45
54 78 82
45 73 82
78 39 85
56 15 58
3 37 65
49 77 32
22 42 28
22 25 32
68 41 50
79 39 64
58 29 63
1 66 73
77 9 4
57 8 26
41 39 75
77 54 55
73 27 7
55 50 52
45 60 28
42 78 24
12 33 3
57 27 78
4 31 75
67 9 24
48 17 35
41 22 57
69 64 90
3 59 49
79 73 83
16 53 64
6 32 6
3 61 26
56 60 13
14 75 7
55 63 59
39 10 23
50 62 82
57 59 38
44 18 70
57 60 49
50 48 93
18 7 11
65 59 67
11 31 71
59 34 96
60 15 39
0 22 13
4 57 31
12 10 34
62 58 48
11 14 15
77 26 55
45 79 29
62 60 84
26 14 74
19 24 86
44 9 40
0 54 30
6 33 69
34 38 28
72 73 41
53 21 89
53 48 2
58 10 38
56 42 96
46 75 60
34 23 14
24 44 88
16 55 77
67 58 43
45 2 61
74 55 12
76 68 28
10 41 98
26 55 14
35 21 6
38 34 87
74 6 23
72 15 79
41 28 9
37 35 8
73 18 73
10 39 42
52 12 31
1 73 89
10 23 6
35 12 7
31 75 4
67 28 10
78 30 54
48 7 33
28 45 71
61 32 2
8 40 19
75 78 9
47 7 42
52 58 31
72 13 92
34 29 94
63 55 98
5 0 39
17 40 48
7 73 72
18 77 22
32 12 0
79 67 36
65 66 66
18 58 95
4 32 77
79 52 87
64 39 75
3 32 25
36 74 16
6 11 71
9 40 35
51 0 47
43 41 84
74 26 31
76 47 56
67 44 31
0 55 98
60 47 29
3 60 72
42 10 56
15 55 76
22 57 68
33 4 36
4 55 25
8 10 54
32 15 31
34 45 3
45 43 40
60 36 11
59 35 49
39 12 96
64 71 27
48 76 4
66 0 52
25 36 22
71 10 96
13 66 39
50 38 60
62 27 28
74 58 25
21 48 9
30 41 40
27 31 17
9 35 96
66 64 95
28 38 16
54 66 79
4 19 36
54 6 1
9 28 47
12 56 57
64 13 50
66 72 50
14 1 42
66 17 30
19 6 54
57 67 5
33 58 83
11 59 31
79 42 32
79 66 31
74 4 0
61 21 54
59 36 1
79 10 8
63 36 75
52 72 34
16 27 84
6 15 43
66 55 24
35 15 42
0 32 42
33 19 74
35 29 14
59 51 50
44 5 7
60 10 1
21 63 6
21 44 5
79 14 29
58 39 82
14 63 65
1 63 44
16 69 54
22 3 9
23 54 37
34 12 92
78 13 79
21 23 74
41 65 10
38 25 16
6 18 6
77 28 97
73 52 20
0 76 93
50 67 78
72 6 71
75 19 97
50 1 41
52 40 32
35 77 70
17 24 42
16 8 82
35 79 75
30 74 58
77 51 27
49 0 26
4 14 90
48 18 82
61 54 63
74 49 10
64 4 44
15 32 63
64 15 90
23 15 100
44 59 90
0 1 39
23 50 77
26 36 85
76 34 18
17 10 72
31 63 54
17 72 86
44 39 65
23 36 28
28 72 69
77 16 18
23 16 7
52 69 16
75 32 71
56 11 45
17 62 43
40 30 55
21 57 71
1 60 14
4 77 55
42 52 38
73 14 94
39 52 75
18 74 61
24 50 89
11 61 40
31 69 96
3 25 67
3 74 54
0 2 30
15 12 12
78 72 86
63 27 76
75 28 27
25 23 10
18 5 17
35 59 73
60 27 12
7 41 91
77 34 45
27 24 50
65 26 2
67 22 8
44 76 72
7 57 63
79 36 1
77 21 89
9 30 88
17 33 15
44 13 80
59 63 28
45 35 16
34 18 43
66 76 89
4 15 74
41 38 44
23 65 100
74 50 80
9 38 70
14 2 69
71 47 10
28 2 9
38 14 54
40 25 49
72 5 15
54 46 40
49 8 26
49 61 96
35 40 64
59 41 30
68 0 44
60 43 71
66 52 52
7 6 91
17 50 86
31 59 31
76 16 66
31 35 99
22 26 41
71 27 54
15 10 69
33 56 69
71 45 66
38 37 94
69 45 64
14 13 50
47 11 81
68 55 24
55 8 49
79 22 40
78 63 52
61 15 28
39 44 14
49 37 26
50 33 29
67 8 96
29 6 12
19 5 59
27 69 95
50 8 44
72 28 94
25 45 74
36 7 89
71 23 12
16 36 68
62 37 90
49 53 26
60 78 95
43 76 5
58 37 100
51 52 9
65 58 20
40 66 2
48 3 73
79 33 56
60 51 97
35 25 67
58 49 85
10 58 17
5 59 23
52 3 7
26 31 32
10 68 96
12 44 9
65 47 43
43 23 74
62 40 19
8 49 74
26 46 5
46 38 61
78 6 86
51 24 81
16 75 40
16 39 83
34 14 73
30 38 87
3 50 59
3 36 31
8 36 82
14 39 54
24 22 24
44 64 57
14 35 58
76 17 18
79 72 83
36 6 72
25 39 96
31 52 86
63 16 8
23 56 71
65 57 100
46 40 33
42 53 96
23 43 76
44 60 50
31 47 69
60 52 43
4 51 77
76 63 48
62 47 40
26 51 35
40 54 59
9 29 55
59 48 99
59 49 14
78 76 30
44 73 20
44 62 42
33 27 95
23 67 3
6 71 62
30 26 11
23 24 52
53 41 84
28 68 10
29 45 5
25 69 2
74 9 6
47 69 69
18 71 15
8 72 68
67 7 9
79 58 12
45 16 92
17 71 92
39 17 61
49 24 68
36 77 84
4 26 83
55 45 44
47 71 30
18 75 96
38 55 96
73 69 43
5 29 62
52 8 16
48 36 8
62 2 13
52 29 86
36 33 78
14 76 66
1 12 88
15 4 97
77 11 94
25 30 39
42 68 62
23 2 81
78 1 64
10 52 23
6 56 46
73 7 83
28 73 50
20 46 63
20 64 31
20 27 91
20 66 7
20 22 23
20 68 77
20 51 18
20 74 70
20 71 8
20 77 54
20 28 93
0 70 29
13 70 55
17 70 57
22 70 86
25 70 88
40 70 15
44 70 27
45 70 62
48 70 39
53 70 59
58 70 41
61 70 26
71 70 97
