0
87
69 89 56
85 29 56
63 86 16
88 33 31
22 79 96
47 29 67
84 74 97
89 69 85
18 84 2
1 50 75
66 10 86
30 36 69
33 66 45
5 51 79
57 74 81
75 13 64
65 73 98
44 5 10
88 74 74
15 60 43
20 49 64
58 46 95
41 76 72
71 79 73
5 55 54
82 37 44
84 60 17
67 17 47
41 77 60
35 3 35
21 49 27
62 11 21
34 81 33
24 26 54
30 89 93
60 58 40
58 32 87
80 11 30
79 40 25
36 61 19
86 43 60
19 9 4
61 82 91
10 60 50
52 56 67
36 39 22
24 23 53
35 81 100
21 47 19
18 42 23
20 23 18
64 58 47
89 22 54
45 5 57
79 47 14
73 53 45
41 20 90
2 60 14
22 67 24
60 89 41
2 1 9
32 83 23
57 1 75
42 55 68
71 54 24
25 11 62
1 35 99
41 64 49
36 53 70
23 70 42
42 4 52
38 12 17
18 11 62
14 18 88
60 21 95
89 46 7
39 22 9
54 38 2
44 3 69
38 47 51
42 48 87
8 34 47
5 58 91
63 81 40
14 21 63
65 25 61
55 47 78
18 77 67
89 8 92
7 62 32
64 33 32
3 84 72
5 43 28
80 69 3
76 16 6
53 86 77
34 85 15
24 27 86
41 80 52
83 63 49
17 57 76
2 81 98
71 21 17
62 63 7
20 39 61
40 86 85
68 16 97
53 63 18
50 61 74
40 81 30
88 35 37
70 22 30
4 65 42
5 24 36
49 72 86
70 34 66
18 73 57
17 61 31
26 78 15
22 39 62
26 27 60
30 38 15
49 50 74
8 19 65
18 2 8
83 44 46
72 64 48
20 55 69
67 44 58
31 14 57
53 7 24
85 82 82
22 66 26
84 19 92
75 84 68
68 75 55
9 54 17
55 28 39
89 47 78
42 57 79
11 54 46
14 34 35
53 32 100
55 79 85
9 3 69
86 19 2
67 16 36
83 2 58
81 3 90
8 35 93
37 16 45
65 34 46
43 21 32
82 81 60
80 76 22
40 21 87
10 25 96
10 85 38
66 75 23
36 40 44
52 32 51
67 5 56
15 5 94
79 61 74
3 63 70
11 82 70
67 71 15
55 19 86
18 4 5
76 61 46
53 85 71
24 68 52
20 63 3
40 3 77
1 27 35
61 29 62
39 74 39
80 47 22
13 19 21
4 23 61
58 36 36
51 59 5
77 26 53
16 68 80
32 88 36
56 14 78
58 24 24
73 80 50
28 69 33
11 48 61
36 31 1
44 88 3
33 11 35
5 17 66
79 56 55
39 16 96
16 2 35
30 78 60
46 8 40
57 55 80
71 85 52
74 70 1
76 21 42
18 9 14
35 8 45
78 54 70
31 69 53
54 47 34
46 23 2
88 9 45
14 38 23
12 61 84
40 18 34
31 6 98
78 4 71
75 60 65
6 8 23
19 7 49
79 33 95
24 52 2
13 25 46
34 9 48
35 24 79
12 48 62
65 27 16
85 65 97
33 31 64
42 14 100
15 29 98
39 31 15
36 50 13
49 83 92
18 82 80
42 9 14
40 82 79
46 74 37
25 89 40
48 63 7
30 55 27
6 68 61
61 88 1
43 7 72
64 3 16
82 53 9
21 37 78
22 82 43
14 73 47
31 63 28
75 79 52
58 39 77
59 27 33
82 51 18
56 54 98
16 3 38
46 22 91
68 49 10
71 38 20
84 59 9
65 14 95
75 39 45
56 4 63
81 77 64
11 58 80
52 43 98
55 61 86
70 48 40
55 83 59
24 60 34
16 29 37
38 57 1
41 13 39
76 34 74
53 16 1
11 18 21
29 67 28
1 36 17
83 72 75
79 68 38
19 29 26
85 14 76
40 17 73
72 67 16
19 2 98
32 35 18
47 36 41
65 55 37
28 9 33
34 49 23
32 25 73
59 61 33
25 62 37
79 63 84
69 37 84
26 28 90
61 25 90
85 16 3
29 46 76
18 21 45
63 55 72
42 74 86
33 29 57
71 73 84
15 19 90
73 71 10
65 48 27
71 52 28
83 29 64
27 16 11
40 63 35
3 26 15
14 86 65
86 30 0
74 7 66
15 55 100
52 69 41
4 18 58
29 33 69
41 53 62
48 77 96
18 10 78
65 66 66
6 45 23
28 84 3
72 66 60
29 38 12
5 81 91
34 40 1
85 1 60
83 32 45
55 17 36
44 20 31
80 25 10
57 28 80
40 88 83
44 2 66
33 55 54
8 12 46
29 55 92
72 11 70
28 3 28
46 13 31
35 16 80
24 70 63
45 40 23
53 9 26
57 6 37
52 44 52
26 46 5
80 65 48
14 26 55
72 12 82
38 71 18
3 58 17
19 67 67
79 48 75
20 47 39
80 21 39
86 26 14
37 21 12
44 69 44
33 76 71
35 80 95
55 58 78
55 36 33
9 44 78
28 42 0
47 57 33
24 58 78
32 33 12
82 3 72
67 38 12
70 10 39
56 1 62
46 1 92
40 54 88
45 42 93
8 23 13
61 7 75
85 31 16
25 86 51
54 60 100
70 20 19
15 51 72
50 68 13
89 88 80
21 51 36
21 8 84
57 85 83
1 65 21
55 43 78
52 64 3
40 60 38
46 30 72
51 11 91
67 31 72
20 73 71
39 76 81
22 44 82
4 49 33
18 40 10
77 19 33
43 53 33
86 8 5
22 70 9
1 54 99
25 75 2
47 43 6
7 44 57
31 20 64
71 39 23
17 36 94
11 30 78
64 77 61
88 8 50
21 6 54
51 36 10
1 29 98
82 10 29
76 64 80
84 62 49
41 44 52
14 76 47
62 54 31
81 63 81
67 51 94
72 76 43
45 66 15
65 84 1
54 70 41
66 30 78
17 85 47
10 46 52
25 39 67
5 37 37
54 82 69
83 59 0
26 84 2
5 1 48
85 41 48
16 50 41
84 9 81
47 18 35
59 71 90
85 5 35
72 48 65
49 48 47
60 7 32
17 83 14
32 12 62
61 79 93
80 59 49
78 41 89
20 69 21
14 11 23
50 36 70
8 68 16
60 81 60
24 39 78
21 55 79
6 38 27
11 2 54
41 26 24
16 12 19
15 1 80
77 17 100
9 6 87
7 63 64
57 69 75
88 31 79
20 38 45
17 18 80
73 46 52
6 89 36
41 82 10
46 47 31
76 86 48
74 36 85
8 47 86
56 28 90
17 29 96
57 27 25
51 16 68
26 4 30
55 7 19
6 80 38
70 6 68
27 59 38
88 38 11
84 47 86
23 59 59
54 67 22
50 65 98
56 70 90
51 49 71
10 22 31
43 72 82
31 76 53
49 10 55
60 12 71
84 50 33
11 84 26
26 9 28
51 1 58
70 2 53
6 62 78
73 32 46
86 68 42
19 27 47
28 89 80
60 75 14
8 83 55
18 1 85
63 78 32
75 41 81
62 59 12
31 7 8
72 17 10
43 81 68
86 6 33
86 71 50
74 1 25
16 80 89
24 10 86
62 23 2
76 4 28
82 49 27
53 34 14
40 11 48
51 42 90
76 32 48
69 86 14
77 86 53
45 7 36
3 89 40
35 78 2
60 25 14
48 64 6
28 37 78
8 70 51
56 60 78
1 58 12
70 73 90
63 27 50
46 32 6
86 60 42
44 61 65
50 40 50
28 17 30
58 37 36
85 80 54
3 71 54
53 49 95
19 81 22
76 81 25
63 18 94
17 67 84
11 8 61
24 11 66
13 11 15
53 54 60
78 39 66
26 18 55
7 53 87
50 25 87
53 29 52
39 32 69
44 81 58
8 78 40
19 78 40
13 23 72
18 24 1
78 80 86
28 60 29
86 53 6
37 88 0
4 25 64
34 80 11
23 9 35
20 71 55
70 4 3
44 18 63
81 79 0
40 8 29
63 79 1
75 89 97
20 26 45
77 31 13
53 24 43
80 56 3
30 34 33
11 83 52
58 25 68
13 83 17
77 55 40
11 39 42
67 50 83
83 85 36
51 73 56
35 12 63
65 33 97
19 57 8
58 2 33
25 13 18
56 18 0
8 88 87
70 30 40
73 5 78
7 4 72
24 17 26
80 53 1
47 82 63
23 1 95
38 5 72
9 18 97
51 38 95
80 58 35
62 57 82
45 72 75
48 66 47
50 20 78
45 51 14
10 29 49
16 36 60
13 70 28
48 1 36
68 13 28
12 75 88
40 80 50
62 82 96
89 76 69
3 36 92
38 54 20
57 4 42
56 43 25
60 52 20
41 34 93
81 32 40
85 8 25
34 32 92
68 46 69
10 23 6
6 7 32
89 79 89
26 53 93
86 70 30
68 79 35
15 36 17
74 40 3
5 9 27
28 64 15
66 85 56
5 82 91
9 76 44
84 13 2
28 76 11
5 53 93
61 39 34
49 18 93
75 74 100
30 2 42
75 37 84
89 61 90
1 72 37
31 81 84
76 51 83
30 31 33
86 27 69
27 49 95
30 75 9
41 10 18
63 24 28
5 42 97
49 81 80
16 66 22
16 85 46
43 16 89
88 67 57
17 59 95
54 83 81
53 46 81
81 42 66
16 70 59
33 32 29
71 80 74
14 84 45
78 86 49
35 41 60
25 6 31
75 51 14
73 49 33
34 26 72
61 28 21
85 18 64
14 59 96
42 65 28
1 49 58
25 3 97
35 43 17
88 23 70
34 18 63
30 49 86
60 4 86
58 45 48
42 89 27
71 42 19
85 46 58
46 12 50
35 73 43
30 44 3
69 57 80
63 1 36
37 31 62
1 88 90
70 11 76
39 56 71
23 22 7
4 58 98
13 7 25
23 58 21
34 69 49
86 7 48
22 41 32
85 25 80
29 8 23
83 46 41
64 42 2
88 66 62
38 7 84
64 25 82
78 62 70
40 10 30
61 43 41
39 26 9
1 86 29
65 75 43
40 85 23
23 36 48
14 69 0
59 34 25
27 44 11
37 7 41
29 82 2
29 25 100
13 5 86
41 88 64
83 22 14
18 32 12
47 31 13
33 28 59
86 42 30
88 11 94
61 6 67
15 30 32
68 45 55
56 78 56
24 34 65
6 11 51
3 45 85
8 15 15
31 27 29
1 46 38
57 82 25
52 86 52
15 86 84
75 29 50
81 51 48
1 62 30
36 76 23
72 21 3
22 23 11
57 58 57
37 58 99
83 16 57
56 16 48
65 71 17
1 45 55
29 14 85
20 1 25
69 17 21
58 81 72
13 26 36
3 54 43
85 4 43
82 58 77
85 73 0
84 8 54
1 6 91
59 82 71
20 42 19
2 37 61
84 30 52
52 88 14
15 16 7
85 10 50
11 36 53
46 70 23
19 44 76
79 11 36
24 75 80
10 51 60
66 84 99
79 6 61
44 23 8
13 47 24
21 20 53
71 27 20
3 62 21
56 37 62
84 85 11
60 55 28
67 68 18
24 49 49
74 66 7
18 14 76
56 51 88
55 3 90
6 44 64
16 63 28
82 61 21
85 9 1
67 82 88
33 20 13
68 72 34
4 74 14
44 9 19
45 50 64
69 61 82
63 11 93
79 72 82
38 1 71
89 64 19
26 58 3
47 80 58
32 65 89
37 55 81
33 51 69
67 19 53
26 43 80
1 78 68
62 29 57
17 63 70
84 65 18
55 8 97
50 26 14
9 75 61
21 74 43
49 14 78
81 29 30
71 34 69
37 9 52
32 39 87
24 18 48
59 18 28
52 30 61
79 50 85
47 30 27
89 16 66
46 40 77
17 80 92
62 53 75
25 4 38
37 39 50
54 22 69
76 89 17
60 28 98
15 62 37
13 62 40
75 68 76
89 34 2
58 47 48
7 54 7
32 54 18
2 67 10
62 17 65
36 3 27
8 80 25
54 34 23
55 34 92
74 35 82
44 14 87
14 22 56
50 51 48
15 65 54
67 3 4
73 69 52
88 84 58
83 42 87
57 3 7
39 33 56
28 88 44
71 32 71
1 4 4
52 15 99
17 73 18
37 80 52
82 45 91
35 57 87
70 54 47
51 12 27
10 83 80
47 4 41
84 49 18
9 49 61
69 54 38
64 23 59
81 56 53
22 47 87
40 39 91
2 51 80
60 79 62
31 40 87
69 35 43
19 88 33
66 48 44
72 54 29
72 3 18
37 89 52
65 62 19
47 66 2
71 1 98
61 53 11
3 61 60
77 49 27
63 60 56
46 42 50
24 76 52
38 51 29
4 53 41
56 21 73
25 77 1
34 8 16
85 34 71
45 8 31
64 80 19
66 11 2
23 26 51
5 62 44
44 7 66
23 69 64
52 9 76
70 55 62
38 63 27
81 80 5
82 25 45
15 22 73
79 42 13
29 81 82
23 77 36
57 75 16
64 5 29
19 16 40
49 7 43
80 38 10
84 20 52
84 69 70
9 10 93
38 49 73
42 81 76
18 62 4
69 12 9
71 74 43
67 36 87
32 5 63
44 49 10
58 66 36
58 78 97
66 53 47
81 20 67
65 61 36
67 48 12
25 82 25
7 56 15
61 62 82
75 80 93
47 8 59
18 76 66
69 33 95
66 80 2
63 45 69
31 73 54
42 3 43
16 75 22
42 22 88
63 12 55
33 6 81
69 13 5
13 59 44
85 11 76
48 47 9
67 18 42
31 21 18
73 66 52
67 45 8
39 7 4
32 3 84
78 24 64
64 28 56
82 27 53
43 24 61
66 73 32
47 62 23
68 53 54
57 49 50
39 2 39
6 67 84
16 57 77
84 80 88
27 80 54
5 46 17
64 79 50
36 60 20
38 13 44
45 80 80
6 55 15
60 68 47
78 83 14
65 83 89
14 28 77
20 84 53
81 11 73
7 1 14
64 46 50
2 3 100
37 51 95
56 71 26
30 69 26
68 84 56
23 5 17
63 35 83
83 52 22
52 41 64
12 51 47
12 55 6
54 5 33
11 5 3
9 31 33
51 13 16
4 29 55
70 85 0
42 85 28
35 65 94
9 73 24
19 39 32
29 63 90
38 85 9
49 79 82
45 10 73
60 17 51
4 68 92
72 8 5
18 8 97
69 50 56
69 88 57
36 78 77
27 79 7
57 60 90
1 57 59
16 33 42
89 17 65
10 2 63
17 16 79
54 4 25
21 32 57
6 25 5
49 78 4
44 74 45
78 84 19
51 10 78
83 12 76
62 41 28
50 33 32
11 3 77
49 47 93
74 19 4
5 7 50
80 36 78
39 52 26
65 41 26
71 67 60
22 40 22
45 71 94
24 88 18
12 17 13
47 52 61
81 74 48
88 44 92
78 43 72
28 80 29
32 41 44
59 40 42
1 73 26
6 77 84
31 72 69
54 1 43
82 68 77
61 36 57
21 19 19
18 38 31
50 70 100
83 23 10
20 60 67
10 66 85
12 73 81
7 77 87
7 5 34
61 73 19
28 8 93
2 28 79
55 12 92
79 3 11
48 59 76
40 46 81
68 77 37
32 6 95
64 44 90
82 54 21
43 50 50
40 83 82
19 33 98
35 38 5
85 45 71
74 27 25
76 47 50
18 88 70
73 57 75
57 17 42
1 21 85
77 4 96
80 66 38
27 53 41
79 5 49
59 80 14
58 34 84
13 37 10
73 8 61
56 45 23
5 34 62
46 5 13
0 89 95
0 65 91
0 49 21
0 40 76
0 43 64
0 36 79
0 33 29
0 20 8
0 39 21
0 6 99
0 21 60
0 84 54
0 38 47
0 41 76
0 7 85
4 87 7
17 87 97
25 87 71
35 87 27
36 87 84
38 87 65
42 87 29
44 87 52
50 87 37
53 87 80
55 87 8
57 87 87
65 87 33
67 87 38
73 87 22
78 87 64
79 87 80
88 87 79
