65
23
24 26 48
52 79 15
10 11 88
21 4 19
6 87 64
83 76 41
42 53 82
40 0 4
50 58 32
41 75 99
41 46 68
60 75 22
78 21 9
29 49 92
59 57 37
19 97 29
22 68 13
43 66 3
59 104 38
49 88 69
34 52 13
11 91 34
17 42 90
74 102 47
92 44 37
16 103 87
9 36 18
59 64 39
27 64 32
39 101 34
17 104 88
35 49 57
67 63 18
41 26 50
57 5 35
53 92 39
50 51 51
2 107 83
80 27 5
7 84 2
18 27 67
8 59 100
55 94 51
53 9 37
66 29 90
2 50 5
85 50 66
90 39 44
98 20 23
27 14 45
12 2 84
12 83 26
75 1 36
62 82 19
25 18 65
60 36 45
19 17 42
11 49 63
71 93 33
67 42 51
38 2 93
106 30 11
49 13 11
82 10 17
104 79 36
45 24 63
62 7 96
29 22 27
102 0 17
74 106 62
21 107 15
96 13 40
6 99 25
8 93 96
77 88 75
9 97 12
81 98 96
55 29 79
108 13 94
20 90 64
82 40 68
28 87 55
69 85 48
13 30 67
106 0 92
0 25 44
16 94 100
39 9 46
59 72 99
5 84 39
73 93 7
12 28 75
16 67 92
10 76 69
55 4 33
89 17 11
90 89 3
17 103 72
10 100 1
31 83 52
99 60 22
39 87 24
83 30 48
22 47 54
99 80 24
24 75 5
98 96 29
48 15 39
31 59 11
49 93 18
88 75 37
73 66 2
95 47 17
48 88 74
31 57 97
20 84 13
98 79 60
13 94 30
13 74 99
55 27 56
92 75 81
91 15 95
29 77 40
49 55 52
4 97 71
85 16 29
44 41 89
38 4 1
97 88 12
53 14 54
88 25 38
29 34 36
89 2 59
106 20 86
37 98 14
25 76 25
30 102 30
70 51 97
7 42 4
11 12 13
37 102 70
82 109 13
37 42 36
85 68 3
20 51 35
104 64 6
108 81 91
3 10 73
78 87 29
29 4 40
54 66 6
52 78 25
66 25 44
68 93 91
13 85 12
108 100 25
43 76 63
89 107 2
46 99 67
66 73 100
52 21 27
17 48 11
89 42 25
60 103 17
27 95 79
4 11 72
76 99 3
22 9 62
108 74 87
14 109 92
55 17 79
90 38 77
96 72 23
42 39 24
85 80 62
8 52 76
18 104 55
28 88 89
2 30 43
90 76 83
45 66 51
85 101 1
53 54 51
61 39 13
17 93 14
96 73 69
75 48 90
17 8 18
16 54 94
101 25 71
5 83 14
83 71 79
35 72 24
3 19 1
42 47 72
66 34 37
105 24 49
94 84 58
60 33 44
22 46 83
0 62 59
103 30 9
83 80 37
104 88 24
49 8 25
45 18 82
104 45 16
49 62 43
39 18 40
56 5 69
21 62 96
27 2 94
74 68 86
55 8 17
76 33 66
25 78 20
70 34 18
75 50 62
37 107 77
109 63 27
18 40 63
66 35 41
74 21 44
0 73 23
15 106 63
36 63 35
95 72 27
48 20 1
55 28 45
103 79 31
40 81 78
88 5 81
93 29 95
12 40 2
56 78 73
50 87 62
47 86 92
42 58 40
19 44 84
100 107 47
72 79 85
73 9 95
71 30 97
12 58 95
41 82 100
59 10 93
14 24 32
14 26 80
55 26 9
13 77 41
4 103 62
70 94 11
95 56 12
29 40 71
15 17 71
47 2 90
35 84 78
13 7 26
96 79 83
90 63 97
14 43 66
77 59 64
101 102 62
94 69 56
64 62 3
86 3 98
19 70 17
41 47 28
94 50 16
67 57 14
103 89 41
32 102 48
25 56 65
37 10 61
80 41 17
85 74 17
68 18 93
99 15 14
3 29 51
59 51 42
8 79 57
15 20 18
75 66 40
7 103 11
40 26 21
102 53 16
69 57 12
54 73 57
75 24 7
17 64 77
17 49 66
25 74 21
39 19 74
61 93 10
94 92 48
42 7 4
91 57 82
45 4 6
72 36 25
9 35 98
27 82 56
27 71 68
32 39 8
15 76 76
92 50 65
2 69 87
109 95 50
94 15 13
43 19 54
57 29 55
88 54 79
91 83 95
12 5 72
45 59 18
67 45 21
72 51 53
62 45 24
84 48 53
91 89 58
89 92 60
69 93 42
12 97 1
60 95 87
89 61 11
48 69 86
107 75 1
1 26 14
6 82 5
52 49 62
82 75 21
75 78 9
47 108 4
61 14 16
38 75 61
57 54 86
64 14 90
68 2 59
49 73 57
52 4 62
52 16 40
26 52 25
42 107 58
106 94 62
45 91 17
14 17 31
75 41 78
48 12 97
12 32 54
26 5 24
83 38 21
70 86 29
6 41 2
70 77 78
37 105 78
56 38 27
99 8 82
27 3 44
96 93 5
51 9 45
40 107 89
88 12 81
14 34 44
45 93 23
98 47 3
68 46 46
81 106 42
40 12 26
28 109 69
61 68 27
83 92 47
76 74 28
62 73 51
72 14 18
80 96 27
90 97 97
108 14 76
52 0 97
30 49 59
76 71 100
57 104 20
98 102 37
69 27 43
9 41 72
45 46 44
62 22 5
59 24 44
13 10 51
46 40 99
81 72 28
57 64 94
1 91 100
2 109 28
28 38 45
97 13 24
74 78 11
54 97 91
43 41 94
105 51 92
12 85 17
30 35 32
24 92 54
68 63 4
45 44 9
98 66 96
30 90 50
69 14 54
1 84 27
83 8 10
68 11 92
68 84 99
41 19 53
81 79 66
41 28 88
99 41 49
33 91 93
4 12 84
91 62 8
57 83 12
104 19 88
52 87 85
90 26 57
20 21 13
99 53 93
8 60 48
90 81 61
22 13 88
21 74 88
83 66 11
24 11 75
67 10 17
49 84 36
10 27 25
16 80 40
3 96 75
66 41 2
2 79 32
68 88 4
36 33 63
45 55 98
109 19 8
44 98 32
89 44 7
45 103 79
66 60 98
7 72 56
53 73 58
43 20 42
71 14 82
60 61 54
90 107 57
56 52 91
103 13 29
92 19 32
9 8 76
51 92 45
83 7 89
33 39 33
17 24 71
29 70 61
60 100 46
21 9 55
83 31 95
68 66 31
95 22 36
88 89 16
108 89 43
34 39 68
60 51 13
1 25 58
5 10 38
77 35 29
16 1 45
14 106 46
48 109 68
98 71 88
35 24 35
54 84 25
62 4 41
89 1 42
30 107 25
6 89 98
101 80 24
45 107 41
25 39 88
34 9 53
103 98 53
101 42 6
72 53 72
70 84 25
64 43 32
38 41 17
55 51 39
7 96 36
72 80 98
30 51 96
30 37 41
81 91 87
108 90 42
13 97 59
42 61 43
17 59 86
80 102 97
104 80 40
50 16 32
84 56 6
34 6 84
63 84 21
10 38 52
71 38 50
12 27 72
97 93 30
60 52 17
87 104 12
43 103 48
38 96 88
33 14 86
67 39 50
76 58 93
37 1 21
38 94 12
1 95 10
55 56 13
60 88 65
84 1 40
47 107 52
46 52 38
13 69 20
16 17 42
75 96 40
60 50 42
67 9 44
78 17 84
5 67 17
3 79 82
63 57 66
106 60 20
46 55 81
20 106 41
54 69 68
17 58 64
107 3 38
58 34 69
28 74 1
56 53 49
41 8 79
62 44 28
11 60 81
33 103 77
38 68 70
37 74 98
40 80 11
71 99 88
106 75 29
0 55 59
19 31 73
63 43 95
2 54 37
54 46 60
53 60 30
79 104 1
100 77 6
97 15 4
48 77 12
22 58 41
82 4 11
77 74 85
95 96 17
72 90 19
39 100 31
7 89 37
49 106 93
40 82 89
51 57 47
44 52 15
4 70 80
60 28 21
15 91 75
85 33 52
27 96 76
55 49 6
92 107 5
4 92 1
87 97 72
104 35 100
58 75 53
43 107 21
32 100 75
26 85 37
106 55 100
12 50 75
78 15 30
71 13 71
43 95 96
6 83 59
106 80 69
79 14 22
47 5 41
80 15 47
50 86 10
63 51 55
10 16 66
104 96 21
77 2 64
77 83 49
92 48 88
86 35 66
102 52 12
37 22 89
39 28 90
29 47 4
44 26 95
0 35 67
45 80 85
62 88 89
45 8 74
92 100 53
101 95 72
80 78 44
31 33 34
16 28 42
88 66 18
81 50 86
68 29 67
26 15 66
45 81 17
96 66 68
101 69 78
24 72 17
8 12 60
24 60 82
87 105 64
103 58 7
37 77 38
1 19 93
84 94 1
11 43 10
92 3 73
14 88 32
36 100 96
83 58 5
75 106 36
97 25 2
72 63 9
63 87 53
54 33 32
36 30 56
75 100 62
12 71 2
82 8 25
5 15 85
20 108 98
90 86 18
103 94 69
22 69 66
75 0 58
55 100 29
98 95 93
16 44 59
101 92 64
94 16 34
90 94 10
7 55 69
105 19 64
97 49 39
101 60 94
18 6 49
56 96 27
19 46 35
50 77 7
74 40 57
77 84 48
26 38 2
28 8 39
95 29 82
95 83 7
93 27 85
4 26 15
96 47 84
80 94 54
68 25 100
100 88 91
104 73 74
20 99 6
4 68 70
30 83 81
97 14 79
42 31 54
78 59 45
99 92 31
3 97 13
33 52 69
5 87 41
58 70 47
3 84 4
97 67 89
19 80 25
5 94 29
79 13 66
44 103 49
80 22 23
101 3 87
75 34 37
92 101 73
9 78 14
87 68 58
100 98 92
103 39 44
95 15 85
55 45 57
71 24 66
89 49 60
20 76 94
85 15 20
108 106 80
105 42 75
72 86 83
53 102 32
59 31 6
95 103 37
91 45 60
109 55 2
57 106 28
107 15 68
96 57 24
47 12 29
15 41 19
101 18 13
82 22 57
79 81 71
93 106 67
28 72 86
8 92 55
94 87 100
29 35 46
96 62 16
47 87 54
40 31 53
85 73 54
34 20 89
13 50 43
62 67 97
99 102 42
72 6 69
16 33 60
35 73 8
54 91 26
104 98 36
61 20 76
45 0 17
79 5 28
87 50 29
13 62 14
42 91 69
89 26 93
94 57 96
40 42 91
41 62 5
49 52 62
34 19 10
12 66 27
74 41 46
95 10 37
83 22 60
61 29 8
44 57 59
79 2 87
75 63 30
28 31 78
45 13 78
4 57 60
22 15 90
59 4 17
67 14 54
5 4 25
28 94 89
91 14 49
55 72 41
43 52 42
20 83 35
58 72 19
21 75 2
70 68 98
9 26 25
46 72 71
35 107 48
109 9 67
106 107 49
87 60 49
19 88 52
83 12 69
29 75 99
107 21 36
80 70 14
95 43 61
98 91 55
39 8 18
108 63 31
90 62 39
15 78 54
62 59 75
25 37 11
34 17 82
55 57 47
48 75 10
22 77 95
39 58 97
80 11 16
50 53 36
25 38 46
60 14 28
21 13 28
45 96 38
60 30 8
26 48 30
29 82 41
85 66 68
59 82 97
94 8 95
85 49 75
73 46 71
83 53 66
2 83 38
6 86 62
73 58 57
9 104 97
85 36 91
47 103 1
84 98 62
104 33 71
96 11 68
96 52 62
106 103 80
57 82 10
19 34 44
80 24 38
10 106 67
22 7 72
53 84 85
2 84 1
52 46 39
49 43 60
92 105 30
33 61 6
71 103 40
96 58 23
43 47 25
39 15 89
7 69 99
4 87 22
32 66 14
59 95 76
71 2 62
45 73 51
9 16 13
16 26 90
51 40 16
28 7 95
99 89 92
82 101 83
109 52 47
51 79 77
81 56 17
9 34 96
96 80 40
76 68 92
54 104 48
45 86 46
97 96 44
67 69 46
74 82 65
61 33 22
59 26 95
6 10 62
84 54 15
49 81 7
7 79 74
95 1 88
99 83 28
53 48 69
20 92 36
43 84 82
36 15 53
78 54 3
104 51 60
102 44 99
2 52 79
92 76 72
40 3 22
45 22 83
13 21 83
16 81 14
95 60 43
2 66 46
96 89 88
98 93 60
104 85 99
66 57 41
53 57 70
25 73 6
52 64 26
85 5 17
92 74 51
84 36 57
86 12 100
7 62 74
45 5 30
97 71 38
94 35 73
7 80 78
77 71 74
69 12 56
51 104 18
80 54 49
26 36 88
67 11 25
95 100 3
54 14 4
34 95 88
69 22 24
44 108 92
74 32 2
13 56 59
35 85 31
6 98 47
5 3 94
43 74 76
87 53 96
107 35 53
59 30 33
93 63 77
28 81 81
28 79 31
53 28 17
55 107 55
17 50 47
1 10 70
14 19 29
4 67 45
94 31 16
42 21 22
74 20 84
83 70 99
0 88 90
48 79 68
83 24 5
43 22 41
105 98 2
9 91 57
76 12 60
52 27 76
50 73 8
43 51 51
16 96 53
20 86 16
1 52 36
17 73 70
51 56 48
66 14 50
82 86 12
49 80 47
16 30 56
53 101 26
79 43 56
88 28 52
63 108 13
14 20 35
59 54 86
67 28 21
99 20 90
79 67 45
46 67 71
43 87 85
58 76 1
6 100 35
9 37 43
10 2 19
77 25 26
55 73 99
63 76 61
103 57 57
13 32 89
36 20 77
45 60 42
8 39 89
51 22 71
29 93 86
96 28 94
11 87 70
78 1 74
35 34 82
1 75 81
107 0 84
5 103 14
80 60 22
107 101 92
6 70 59
109 66 34
49 75 27
26 60 56
30 80 70
24 40 41
101 48 83
93 73 26
77 21 26
10 3 22
81 66 89
72 8 51
50 17 28
22 51 96
97 7 51
68 20 31
41 36 63
45 82 21
18 55 78
56 76 51
11 14 62
107 20 40
48 43 70
94 90 7
45 71 8
76 106 40
10 18 47
49 92 74
96 104 92
100 42 89
88 13 96
30 40 44
73 15 26
108 99 92
24 37 86
58 2 19
11 8 83
18 3 39
61 52 50
38 9 97
56 43 16
67 66 88
15 95 84
106 49 19
102 64 56
7 108 32
0 7 6
64 36 75
62 37 34
42 67 21
7 93 93
41 6 64
88 40 66
49 45 91
63 64 16
29 31 18
109 53 79
71 66 64
7 81 19
13 102 12
50 21 17
57 21 99
49 32 74
43 64 95
42 32 45
24 67 44
8 2 3
30 64 25
59 39 23
94 73 29
4 37 89
84 78 19
1 104 12
20 71 58
84 90 53
94 28 23
92 91 67
26 74 68
93 95 68
66 45 79
30 72 43
0 100 48
104 5 82
12 75 68
73 105 62
8 20 68
2 33 69
10 95 94
89 102 8
4 53 77
78 97 91
91 100 41
108 33 57
44 43 18
53 64 59
47 57 17
102 49 39
4 9 94
95 75 93
38 59 61
32 94 63
50 11 47
37 9 15
49 29 77
104 66 86
82 39 79
19 0 39
69 45 45
64 10 14
35 28 52
75 13 31
107 106 6
92 34 43
13 58 48
102 15 12
1 12 38
40 46 98
89 105 43
24 8 3
106 17 72
87 6 44
100 109 37
44 61 6
35 13 92
60 9 34
25 15 75
68 15 36
77 101 43
37 12 58
64 71 98
58 36 31
34 18 57
102 47 44
25 1 35
58 15 28
53 0 33
8 44 43
80 28 20
18 64 94
104 14 17
90 50 14
100 59 18
57 61 81
24 0 24
5 30 56
108 20 90
19 12 69
70 74 18
19 102 71
8 32 45
66 48 71
100 17 40
34 77 79
61 44 47
4 85 39
21 86 20
78 0 30
5 27 8
92 28 44
76 108 79
9 101 2
47 15 70
13 67 61
88 100 2
55 74 68
78 89 36
39 86 24
67 87 22
100 108 55
72 27 91
74 55 74
40 35 13
83 20 57
49 64 49
52 107 72
10 86 75
84 11 59
35 45 24
28 80 49
35 52 44
67 60 91
43 104 40
82 54 43
107 104 58
38 63 99
42 69 80
82 32 51
32 92 65
93 104 85
79 97 33
46 73 76
68 48 71
46 58 95
45 63 96
79 29 12
97 29 8
101 108 38
52 41 45
88 42 66
98 67 25
96 103 18
79 3 67
20 16 42
36 87 56
82 17 68
11 75 28
101 34 16
75 7 53
15 82 45
27 46 88
95 98 98
50 28 83
49 30 27
15 30 3
98 80 88
34 96 44
31 27 79
22 101 8
38 60 4
35 6 96
36 81 47
61 87 94
57 24 71
109 86 13
82 48 18
64 73 6
44 54 76
60 20 82
36 13 66
41 21 57
74 38 88
80 3 76
75 21 60
45 56 64
74 72 28
89 66 16
34 0 61
88 109 42
63 6 93
74 79 44
7 40 98
52 7 50
74 43 90
56 102 52
69 55 14
82 84 66
19 48 77
80 103 44
27 58 41
88 68 68
97 22 15
42 59 35
31 32 51
81 10 93
51 76 55
20 94 12
17 18 39
84 28 62
54 55 76
57 22 14
89 74 69
101 45 50
2 38 36
75 83 1
11 103 26
30 14 35
21 99 72
101 84 23
73 43 18
58 47 74
105 39 91
76 39 21
93 105 17
93 56 54
67 33 76
89 54 87
103 0 23
29 13 47
103 47 90
108 54 38
62 20 22
44 92 70
63 14 61
41 86 79
15 109 25
33 19 41
83 85 29
66 50 88
3 41 63
96 64 20
26 96 8
36 97 37
103 80 55
47 104 84
39 88 28
62 83 70
77 95 79
90 3 88
100 95 71
88 3 51
28 37 93
82 41 80
80 69 33
44 58 38
106 56 79
77 56 19
83 4 13
85 24 91
69 71 29
14 2 43
107 60 90
101 33 10
31 108 57
85 58 38
47 17 24
108 67 8
73 103 40
87 35 47
105 32 76
109 22 14
39 2 86
35 78 25
44 75 36
92 40 24
81 94 76
28 40 44
37 81 82
13 55 44
76 43 15
43 44 29
41 17 5
86 62 81
86 102 33
108 103 39
95 89 59
57 45 93
40 17 21
8 37 38
96 21 40
97 27 86
7 13 15
55 50 63
43 105 26
35 93 56
96 5 77
76 37 3
19 69 87
0 19 69
109 73 87
58 30 10
104 62 16
74 18 24
37 61 2
50 55 75
15 33 65
103 12 12
92 38 63
51 69 39
68 9 87
71 4 23
9 56 13
72 19 52
15 11 71
22 35 29
41 31 77
88 94 37
50 48 35
47 90 1
4 83 41
6 31 87
108 41 50
108 9 20
95 20 24
32 55 62
99 96 43
101 15 12
86 8 75
85 95 88
15 58 55
38 97 70
78 66 3
74 86 88
100 87 12
48 71 80
109 48 68
9 105 33
57 48 4
71 91 5
1 57 80
41 12 23
103 26 25
88 31 74
48 32 16
66 56 51
71 61 93
99 47 11
107 97 48
66 107 66
75 98 44
72 66 31
103 6 81
27 24 5
79 90 82
39 22 27
62 74 32
74 48 65
61 37 54
32 19 61
79 98 76
86 53 76
69 25 37
82 60 96
32 9 59
15 66 48
55 54 26
25 2 5
20 55 76
53 22 86
18 0 92
98 2 26
36 53 64
43 85 76
28 33 5
17 19 68
71 58 51
102 54 74
58 69 30
48 80 80
109 76 87
99 97 16
20 85 53
54 60 48
106 82 4
93 103 84
47 44 65
93 59 80
30 53 3
98 51 14
63 19 60
89 22 54
8 50 45
32 84 99
92 6 60
20 17 17
16 13 93
57 13 56
32 12 100
2 19 26
8 45 86
21 28 48
4 44 97
18 32 62
99 107 92
78 64 27
79 72 74
46 77 72
4 91 50
3 101 49
52 94 54
101 47 74
31 12 74
57 108 10
22 26 62
50 83 18
90 47 62
64 82 78
108 42 61
89 56 68
15 55 5
101 57 65
16 10 37
40 86 15
82 107 87
103 34 29
50 107 56
38 55 91
32 43 31
53 20 41
89 40 83
50 4 40
75 47 27
72 64 82
74 98 50
43 35 19
72 88 18
106 36 14
19 100 95
42 13 2
0 54 87
98 35 90
54 108 24
11 1 97
27 74 43
30 50 19
94 81 25
107 4 74
68 53 81
17 67 17
18 59 67
38 25 45
7 63 78
8 109 31
27 94 70
17 2 26
31 56 55
100 82 17
82 99 16
15 35 4
98 72 75
5 81 32
106 6 55
16 22 4
25 68 19
90 41 49
89 95 52
108 43 11
51 60 74
55 34 95
44 101 58
35 19 60
59 77 85
101 44 19
104 31 81
34 33 50
70 109 36
71 22 100
39 60 74
62 69 66
96 40 61
33 20 24
4 25 7
43 109 45
74 7 16
9 53 57
88 17 86
9 32 33
32 69 37
35 11 17
67 79 41
32 58 85
47 7 34
33 27 89
28 70 94
87 28 95
9 76 64
55 93 48
50 41 67
103 21 40
79 93 69
28 67 31
4 86 42
33 43 41
24 27 11
18 28 55
17 81 52
99 31 92
4 72 83
102 43 82
70 52 69
78 52 43
89 47 31
29 58 32
50 5 97
67 30 12
37 6 92
63 17 63
98 100 8
93 81 20
19 107 32
58 81 93
12 99 62
26 28 11
46 79 4
50 26 31
24 38 19
91 40 5
61 91 73
77 94 53
100 46 41
45 92 91
11 30 93
17 35 24
63 101 99
105 45 85
84 58 65
83 94 24
109 12 9
24 49 28
87 5 43
15 50 88
107 40 74
74 34 93
91 19 48
87 79 31
66 103 18
62 80 29
43 38 11
6 56 86
99 58 7
84 20 71
61 35 6
57 70 31
95 35 24
94 47 14
28 42 6
31 98 97
31 30 58
19 91 43
75 33 50
51 5 100
89 12 94
88 56 10
79 47 45
98 87 93
100 74 75
15 85 78
5 91 73
76 42 17
50 40 68
88 90 32
54 1 94
14 102 66
71 51 46
72 32 79
98 99 29
77 96 56
97 106 75
19 106 86
12 42 92
29 81 35
50 105 60
1 99 68
99 100 43
93 25 25
21 19 67
35 31 80
24 69 91
33 30 5
55 69 63
56 73 13
59 2 85
0 51 7
98 73 68
92 54 39
109 56 20
9 55 47
5 2 33
78 94 52
105 86 6
31 103 30
102 79 100
48 105 43
36 95 2
49 21 28
51 42 71
29 8 29
26 32 66
76 57 67
28 0 10
80 61 72
74 1 11
38 107 85
88 97 46
14 94 93
41 25 46
80 106 52
25 43 41
81 48 80
36 10 84
6 77 80
67 21 49
14 30 13
30 11 34
108 105 74
7 92 7
75 11 6
38 30 13
87 32 60
58 97 94
100 0 89
70 46 79
63 70 90
84 8 3
36 84 2
31 75 4
78 19 97
101 53 6
30 56 60
3 107 54
46 6 12
41 55 49
68 69 66
50 49 69
90 8 40
75 35 60
9 2 95
42 108 51
47 13 68
18 37 41
45 104 92
66 109 25
19 39 72
93 37 100
55 24 59
16 88 61
102 33 12
90 66 40
109 61 17
46 13 40
81 21 16
42 64 19
19 38 40
76 28 100
98 19 50
108 28 74
77 70 18
85 61 97
102 107 70
74 27 22
72 78 59
61 63 26
100 7 88
31 4 45
44 14 74
32 96 69
79 83 54
90 85 100
43 72 26
79 57 65
89 79 72
42 89 41
34 73 93
100 8 68
79 8 61
98 68 53
12 61 34
58 50 3
63 71 93
39 67 21
86 19 87
85 20 39
81 35 77
104 60 73
95 62 76
38 54 1
105 28 44
76 52 83
5 73 99
1 3 41
14 70 21
24 81 78
17 77 50
13 81 5
29 38 27
81 5 76
24 28 54
66 36 55
29 2 32
102 86 71
108 25 96
4 47 90
55 98 52
14 86 49
33 95 41
63 86 84
47 105 64
13 72 7
50 99 54
63 58 22
93 8 88
64 104 85
96 1 39
37 34 81
31 25 64
27 72 19
77 41 77
64 74 40
75 72 22
48 57 70
53 90 71
97 21 69
81 22 42
85 8 71
72 20 87
99 88 73
69 81 26
49 77 87
53 63 82
4 40 2
56 106 53
105 74 7
49 15 49
87 81 34
10 6 51
8 55 85
33 41 67
68 59 21
77 4 32
86 58 31
108 95 13
82 18 51
37 5 10
33 94 23
54 15 39
62 27 70
3 4 42
4 0 99
35 67 49
0 14 29
57 105 19
33 58 57
3 25 81
53 7 29
40 62 20
72 9 47
64 47 72
66 16 37
60 55 19
55 47 58
40 1 2
9 1 37
99 81 64
69 56 100
82 78 98
52 108 51
93 87 36
91 103 86
103 107 94
46 50 37
101 9 77
25 89 99
15 4 93
36 91 96
36 102 94
33 17 7
99 22 72
107 25 36
48 82 53
37 99 74
35 7 96
24 56 84
51 21 72
91 32 3
38 29 21
30 17 11
50 84 11
15 6 98
62 32 17
21 60 54
83 42 13
85 13 40
18 95 36
44 35 52
64 53 15
47 72 40
94 13 70
27 44 71
72 67 95
49 95 87
33 12 72
104 53 17
17 14 31
29 97 10
93 72 15
18 98 72
37 106 3
95 46 94
43 5 62
47 66 44
10 42 69
94 1 33
27 99 1
25 24 36
84 17 74
53 50 72
56 109 13
84 71 5
4 18 49
85 92 33
9 82 26
49 10 66
35 91 27
49 74 17
10 12 23
62 21 79
109 39 79
39 91 22
16 58 95
47 25 39
73 99 18
72 62 65
16 45 29
40 63 17
5 90 78
79 53 54
97 74 22
38 109 61
22 92 50
86 87 6
69 28 29
36 25 66
107 77 36
102 50 6
83 52 44
41 83 35
109 47 3
24 79 99
67 106 32
54 83 3
36 107 51
22 87 94
69 74 41
16 9 56
67 84 90
60 6 100
35 79 7
16 100 42
1 86 28
94 71 50
60 7 9
87 88 70
39 5 87
7 16 65
51 11 25
25 59 79
106 7 68
66 55 98
109 89 78
82 100 49
99 16 2
41 38 82
26 41 82
103 35 3
53 51 27
72 34 9
51 31 31
21 3 30
82 105 84
66 51 20
15 61 62
19 43 6
72 25 77
60 2 61
43 29 88
73 85 56
49 4 37
14 68 11
47 91 39
8 48 97
7 70 10
10 34 26
5 64 43
51 84 63
43 30 35
4 2 65
13 18 46
86 26 26
45 106 60
3 78 54
11 47 30
56 48 57
72 29 70
14 21 96
22 16 7
61 79 91
40 83 53
32 42 34
25 62 58
68 41 36
94 33 24
12 35 27
20 68 74
80 17 83
11 46 65
15 101 24
101 50 24
102 76 17
1 8 44
66 26 76
86 57 53
109 94 25
93 53 44
82 103 87
52 14 39
107 105 68
8 75 50
43 61 58
60 87 63
38 15 80
79 94 78
27 77 23
14 10 59
81 39 58
75 38 2
21 43 87
48 42 21
15 21 52
50 74 19
18 79 18
10 19 45
79 108 22
83 55 4
18 101 38
25 10 78
62 47 56
1 58 93
64 34 96
63 38 99
47 70 58
22 31 40
91 41 50
39 3 43
59 109 62
69 102 14
56 82 85
90 31 12
80 105 67
72 58 49
52 75 90
30 87 80
56 104 58
91 79 16
25 20 71
18 93 5
85 10 13
48 24 1
77 29 88
75 39 67
105 102 31
27 93 58
107 52 17
17 44 23
40 69 27
64 94 64
24 22 17
63 103 86
17 33 47
82 37 34
11 22 51
6 103 42
47 52 73
25 30 57
28 17 5
81 44 88
30 20 1
25 11 86
49 20 34
50 88 44
85 45 94
69 36 68
49 72 69
81 105 22
98 9 75
76 36 5
62 95 33
83 54 23
68 32 28
42 15 6
86 49 71
30 19 24
18 14 76
80 53 7
82 34 82
87 89 94
99 3 23
70 0 91
19 108 76
61 47 81
41 63 64
98 30 95
83 63 82
14 18 55
106 31 21
95 88 16
46 51 39
63 77 38
2 34 45
9 11 9
109 5 22
25 69 100
96 102 55
37 0 92
2 106 47
84 37 58
19 59 33
73 12 64
49 36 91
108 83 3
107 9 17
56 90 30
7 30 47
100 11 25
16 60 87
45 37 91
45 68 2
42 66 11
12 96 86
77 7 44
37 57 25
55 75 72
26 86 29
83 59 90
74 105 47
14 90 16
82 24 64
88 47 1
38 20 7
69 15 95
58 49 26
98 81 91
103 56 50
36 51 24
0 86 97
96 18 15
42 41 50
102 82 17
28 90 52
94 61 5
68 8 2
54 77 74
0 92 52
77 103 67
1 33 77
107 94 66
79 33 15
22 0 22
31 105 32
99 50 55
107 26 60
37 64 7
48 38 9
36 66 8
43 6 99
74 57 63
89 43 25
53 27 31
18 42 74
77 91 52
42 98 83
30 29 41
3 58 62
29 71 54
18 52 83
79 16 86
64 44 78
45 99 71
68 40 31
28 20 56
15 49 6
84 49 97
61 2 2
18 56 14
40 77 15
106 61 61
107 89 35
58 68 75
109 42 78
29 33 74
55 61 88
63 85 18
3 15 6
79 49 43
29 11 7
78 75 19
52 31 39
49 83 22
2 61 83
55 95 43
43 68 29
24 46 20
84 7 94
3 7 63
42 48 33
14 108 38
42 45 35
80 99 28
92 51 80
27 100 55
1 102 56
0 3 23
64 90 30
78 58 53
82 70 83
109 26 98
3 51 47
37 70 12
90 109 82
13 9 100
0 34 20
77 86 77
67 108 49
86 98 52
40 58 40
27 43 95
20 101 26
71 97 68
58 1 11
36 104 49
73 31 90
95 82 66
44 25 47
99 5 27
72 55 73
94 45 43
71 74 87
13 46 77
9 63 4
72 31 41
14 101 2
22 6 65
53 43 27
108 86 74
4 88 19
33 36 58
50 7 40
53 91 53
109 93 10
59 80 80
2 39 26
81 34 35
54 62 56
100 89 7
55 40 64
103 101 28
41 10 64
93 20 61
79 39 1
93 70 10
60 104 6
69 46 39
85 35 59
81 80 84
8 69 8
2 43 2
44 84 28
76 44 28
99 25 4
2 20 36
62 41 36
73 44 39
66 82 1
53 86 49
11 105 83
31 86 80
46 76 82
99 48 92
33 76 27
49 59 80
89 31 37
53 68 26
12 106 25
36 22 33
8 96 90
18 60 34
7 77 85
10 104 24
89 58 94
64 38 80
109 0 10
78 98 93
71 27 92
16 47 90
45 28 33
104 61 57
11 24 46
25 51 22
83 28 20
4 81 7
24 63 82
9 7 92
17 40 67
57 14 3
42 104 51
101 79 98
16 109 12
14 107 42
92 93 24
98 104 59
30 21 70
88 60 67
51 53 6
108 68 33
25 102 45
67 46 90
53 103 96
48 56 96
47 18 28
109 68 50
63 79 96
87 95 42
19 82 97
46 8 63
52 93 6
104 2 22
88 27 37
47 62 51
90 28 44
85 64 11
20 95 12
7 76 46
40 52 28
55 104 56
96 7 83
91 48 100
47 78 96
56 9 34
18 39 96
95 71 16
24 82 83
93 80 32
35 50 55
39 27 75
105 1 55
93 68 54
0 66 77
0 90 37
11 95 97
4 32 42
11 63 26
35 47 27
19 60 84
57 71 51
57 74 31
69 75 47
94 100 16
76 35 87
2 0 54
63 9 78
66 59 26
20 97 45
6 52 33
26 1 92
46 14 83
25 50 64
98 5 96
33 37 27
32 51 58
4 46 26
103 90 42
37 24 83
71 79 57
21 51 14
27 30 85
94 3 89
20 39 79
18 26 77
7 98 56
4 8 36
10 40 59
5 70 80
103 27 15
55 77 47
64 102 21
77 54 65
43 100 75
105 92 16
100 84 63
93 55 90
28 83 30
105 22 61
41 49 29
57 86 43
58 41 47
68 14 24
37 82 41
45 97 2
80 43 68
59 81 33
50 78 8
11 85 38
46 100 31
59 33 37
20 93 5
40 72 57
2 32 100
95 42 83
63 31 90
16 90 34
106 67 51
30 88 54
55 16 31
100 10 27
28 89 3
67 95 41
9 69 33
25 64 39
68 58 21
86 61 82
57 46 93
38 47 11
107 95 19
32 108 21
36 11 49
43 88 6
0 37 62
45 39 31
104 99 98
32 17 44
37 96 17
108 84 84
85 70 69
11 2 3
15 98 82
78 95 69
47 29 39
33 67 35
96 41 58
107 68 12
74 84 21
84 72 64
106 100 53
41 78 90
37 55 40
32 2 66
20 109 6
15 26 31
106 93 98
9 49 91
54 22 33
85 103 62
29 45 11
51 88 70
21 25 15
27 104 89
54 3 64
14 15 13
98 44 64
104 103 18
7 100 32
55 13 99
57 96 16
82 30 69
18 103 75
88 51 60
25 16 68
20 103 71
54 107 37
19 58 36
25 36 82
52 104 69
85 90 51
46 95 22
74 47 89
95 109 79
27 90 68
92 61 88
56 68 51
46 35 2
38 80 62
35 106 95
60 22 1
109 30 47
89 77 87
14 103 9
5 29 31
43 36 28
55 86 47
109 77 28
82 5 84
57 67 42
45 89 58
12 86 54
73 88 76
42 3 77
78 72 90
61 74 34
95 97 99
63 89 48
20 78 80
71 94 16
63 75 88
98 54 33
51 73 7
81 13 85
103 64 68
4 1 65
10 101 97
54 87 6
86 109 53
102 77 88
106 27 72
3 59 96
57 79 61
95 25 72
16 11 24
107 48 44
103 68 70
92 33 59
59 108 76
91 78 84
49 105 42
91 10 7
9 30 86
72 101 97
80 66 5
98 109 63
104 92 23
52 36 98
56 87 8
90 67 33
9 27 25
11 35 86
46 28 49
39 11 24
21 7 40
78 107 50
42 84 75
77 13 28
99 29 31
36 28 98
63 30 62
10 62 26
68 86 57
8 105 77
22 1 50
70 90 55
66 30 51
73 1 22
84 83 83
103 43 22
95 85 60
36 86 10
12 54 17
27 63 62
20 105 49
71 28 97
64 32 64
64 24 30
51 59 81
96 39 52
6 84 74
62 8 34
11 64 35
5 78 73
40 11 79
29 55 64
8 99 67
91 108 82
8 34 54
43 96 49
71 95 92
44 67 95
34 104 36
87 8 3
28 71 90
34 49 40
46 105 99
43 11 73
61 75 44
70 12 41
41 53 53
77 47 5
41 4 51
7 24 40
102 94 76
44 46 21
31 73 61
33 97 63
44 30 54
97 94 64
42 92 6
42 10 87
58 39 77
102 87 90
13 44 80
13 89 26
3 22 77
6 36 65
92 78 42
48 63 98
79 19 10
71 62 98
69 100 47
52 10 9
3 53 83
103 74 59
42 81 79
81 89 45
81 100 24
90 105 5
18 83 2
37 8 35
103 73 46
3 9 65
103 4 1
0 93 68
9 24 54
104 43 59
13 70 15
47 35 65
86 27 51
92 69 29
79 100 52
94 9 48
57 34 2
33 54 97
59 61 57
64 88 83
70 44 83
91 86 23
14 91 36
0 46 55
64 85 24
85 54 61
3 63 12
66 1 96
100 57 8
98 3 68
0 95 16
66 91 77
26 69 2
40 10 9
63 95 79
42 93 40
27 78 25
12 13 84
42 102 81
10 61 74
79 17 40
79 50 92
2 77 67
12 52 1
73 96 62
58 33 12
43 63 47
49 63 18
88 37 34
29 72 16
68 101 7
86 69 18
8 86 41
6 72 52
14 55 20
24 17 7
31 14 71
98 45 91
72 103 89
8 85 29
22 21 8
48 19 12
60 27 74
94 101 12
19 24 27
96 74 73
77 11 53
62 81 37
86 107 7
11 33 36
53 46 66
18 17 87
9 40 12
35 94 75
24 59 54
51 81 54
71 64 33
11 84 63
37 58 28
37 91 82
71 12 8
20 27 46
20 75 62
87 0 64
54 16 41
58 12 33
76 104 62
107 90 86
102 42 90
48 60 32
29 107 38
75 71 86
32 107 52
64 46 64
105 90 78
76 80 78
97 61 22
41 94 65
84 88 86
94 58 67
78 34 41
84 100 6
10 8 56
7 64 67
70 69 80
9 106 8
62 85 100
60 3 21
37 27 94
87 83 16
7 67 3
10 49 35
62 56 65
35 0 70
5 68 89
1 49 57
27 28 95
77 51 87
87 72 62
28 91 65
90 52 79
2 45 84
4 96 64
4 30 13
26 53 89
54 90 81
90 48 34
84 69 84
80 79 84
100 70 8
106 109 19
79 59 13
97 40 21
17 31 26
84 86 90
24 91 9
78 92 50
16 92 97
9 29 91
68 45 50
62 109 94
27 21 27
8 18 13
8 71 65
102 105 43
1 27 33
2 95 63
33 55 21
107 17 33
27 57 1
67 41 72
109 96 68
105 50 84
6 43 24
69 76 79
27 47 100
80 83 39
80 104 40
50 82 44
7 9 94
86 81 9
40 98 81
70 103 76
99 39 4
19 36 78
42 30 96
103 8 75
87 75 3
56 22 79
4 100 19
12 0 78
30 84 37
81 9 5
26 107 88
94 25 48
97 102 1
32 81 96
30 54 10
12 81 96
97 28 74
41 68 74
11 31 65
4 79 46
42 0 47
69 41 77
108 45 56
58 32 42
26 79 72
46 39 71
0 89 13
99 21 1
34 54 99
54 64 17
27 79 71
105 100 88
82 69 26
91 4 43
44 82 73
67 22 71
102 10 78
30 109 18
3 40 17
60 98 68
77 24 67
74 64 100
53 96 53
15 57 74
22 95 48
5 105 55
86 106 100
30 48 81
67 3 46
21 95 2
14 64 76
97 30 1
27 98 79
105 76 1
93 0 63
109 81 50
66 17 34
72 5 91
22 29 29
103 44 92
10 85 99
97 38 36
24 39 48
20 38 51
91 52 49
24 100 35
45 69 18
15 34 13
35 81 32
71 57 37
20 35 68
6 42 8
58 91 73
57 62 99
59 87 95
44 50 90
39 77 17
106 3 56
32 63 50
44 18 39
73 57 99
52 22 9
38 33 53
39 36 84
87 24 27
62 71 65
1 80 42
100 63 46
70 24 98
71 96 55
105 47 77
62 26 51
99 98 63
52 24 29
37 80 83
109 10 55
70 10 79
6 8 35
30 86 4
80 91 90
7 21 13
98 101 20
61 82 23
5 108 74
49 54 98
11 90 42
3 77 44
85 102 48
4 51 9
82 51 12
14 57 84
18 62 57
63 13 50
71 83 97
70 49 21
62 84 73
73 10 56
90 57 100
71 77 76
26 61 82
80 44 92
50 104 16
100 18 51
39 24 32
106 91 97
22 66 98
69 97 36
3 28 56
60 37 39
4 69 67
35 58 36
3 16 77
28 49 44
56 1 100
12 53 7
46 108 26
63 39 9
86 25 83
102 9 13
67 43 2
51 72 58
40 104 19
79 87 71
47 55 77
94 70 73
49 78 66
7 73 90
52 89 67
47 92 25
20 87 12
40 78 80
80 82 82
12 91 70
77 73 48
70 16 46
64 20 99
41 99 65
87 108 80
106 86 40
2 62 88
26 42 44
95 9 46
36 1 52
70 88 4
29 74 54
103 109 68
62 12 7
73 59 9
15 44 45
97 81 42
64 101 66
57 35 63
85 18 81
78 43 58
103 22 7
6 64 33
96 54 96
35 53 22
31 64 1
94 108 57
11 101 66
66 0 14
28 104 51
6 24 91
43 91 83
2 97 18
41 95 13
37 35 67
19 32 86
31 24 57
90 27 81
5 56 44
4 21 49
77 80 38
107 108 85
46 5 45
88 9 67
97 59 82
82 104 99
101 8 74
60 91 3
55 6 63
35 1 84
52 69 41
99 52 43
96 53 45
51 103 13
8 36 13
31 22 22
1 17 36
70 104 94
70 97 63
25 109 73
105 57 32
94 5 99
50 85 74
49 102 23
83 5 82
21 17 3
79 101 44
83 99 38
85 87 62
101 105 44
109 32 36
84 33 69
51 47 41
103 10 42
12 102 98
64 57 51
54 89 32
1 42 27
52 3 88
83 18 14
15 47 12
60 108 80
49 57 38
62 106 57
84 52 22
76 11 5
75 31 8
94 49 33
97 0 22
13 100 39
95 50 35
50 43 84
14 83 64
69 51 55
42 16 56
44 49 60
69 62 49
11 45 91
93 76 92
97 19 18
69 106 30
2 41 99
95 58 37
106 42 51
82 26 23
17 57 38
62 16 89
69 40 2
76 107 1
22 14 41
51 80 91
18 80 11
74 2 67
37 38 57
4 41 43
51 94 70
100 25 22
64 83 46
28 61 83
90 72 89
24 83 95
95 70 4
33 44 52
79 35 79
101 59 99
62 108 21
43 60 58
43 56 39
50 0 15
95 61 96
56 10 74
46 49 51
60 21 17
52 13 48
25 7 6
72 28 13
105 109 86
22 48 62
59 85 42
107 22 6
78 103 11
58 66 45
66 18 98
46 98 56
55 109 5
83 35 23
102 22 99
36 61 50
1 36 40
33 31 97
20 19 96
31 39 6
98 90 83
0 78 45
67 77 47
4 48 54
61 41 64
9 44 49
97 47 55
7 35 19
81 24 27
38 32 26
102 74 22
72 42 61
82 16 48
68 71 25
77 64 2
61 18 78
99 44 32
102 14 33
21 103 11
16 57 6
62 1 16
94 41 51
35 96 44
93 48 11
51 105 63
52 103 69
106 4 12
46 53 54
71 7 20
101 56 68
103 92 2
44 20 62
63 61 25
77 19 51
68 72 42
38 106 71
72 2 57
107 96 45
104 10 60
59 11 41
21 24 52
43 94 76
97 109 56
89 84 2
0 67 2
6 73 88
57 87 46
96 78 52
77 43 49
19 35 24
49 34 48
72 93 55
47 43 29
41 67 83
55 52 99
67 70 15
13 95 64
12 55 89
75 103 35
26 12 82
3 11 12
28 16 78
55 33 16
93 35 29
109 54 5
92 42 61
15 10 13
82 55 72
25 21 66
87 31 85
0 68 85
50 89 77
4 24 71
39 89 91
68 6 45
16 89 85
33 1 41
16 37 83
6 62 14
22 79 7
32 62 88
10 0 81
91 104 15
83 89 71
34 45 63
62 36 97
57 1 94
61 10 56
18 91 23
93 85 70
105 13 2
33 57 48
0 2 54
79 46 40
81 77 43
58 17 17
105 108 17
85 109 71
40 30 68
40 74 21
16 0 1
14 77 19
72 49 33
70 22 54
94 77 32
55 84 17
58 26 79
40 2 32
0 13 100
1 74 28
62 72 92
57 7 62
104 101 66
100 21 86
91 88 33
75 94 63
106 95 75
36 59 16
98 6 66
92 84 9
53 75 93
9 33 71
81 51 36
69 42 48
22 49 57
108 10 50
107 87 10
94 20 23
18 71 98
66 19 18
26 64 75
0 97 62
55 64 94
19 99 88
82 73 71
86 9 14
100 39 89
53 37 100
51 38 88
2 55 30
39 94 84
68 3 39
102 106 19
4 7 92
101 4 59
70 7 42
2 82 3
78 4 78
15 62 13
78 32 97
43 73 58
51 90 83
97 9 60
91 53 12
50 6 9
64 35 27
92 70 55
97 3 60
37 67 64
81 18 48
11 15 32
2 14 86
4 80 81
91 59 3
94 52 90
5 92 95
38 16 5
15 7 72
57 59 44
59 0 5
52 81 44
95 6 11
104 56 82
38 52 48
24 85 99
10 21 76
31 0 93
42 9 47
66 31 1
56 89 32
47 19 66
8 14 73
36 48 89
11 40 61
49 26 39
2 92 77
84 2 33
42 87 2
34 82 59
53 29 80
80 50 96
66 70 75
73 106 69
97 31 10
57 73 81
81 7 30
76 0 77
27 35 100
28 51 25
66 32 95
27 19 65
21 27 74
30 74 84
49 1 79
50 33 45
19 101 67
72 45 53
24 10 77
33 79 9
62 58 73
18 108 9
39 68 22
71 20 20
94 10 52
98 37 41
8 97 10
68 4 10
96 92 34
14 50 59
58 10 40
95 105 11
19 62 17
73 86 45
1 38 29
73 45 3
104 69 37
5 43 8
7 71 90
50 30 31
36 35 92
72 70 73
69 37 50
40 84 37
73 47 62
93 7 78
52 57 34
57 77 40
99 36 92
58 56 54
7 83 61
56 95 2
101 88 41
31 36 75
107 7 89
91 81 42
44 73 35
93 31 77
33 0 64
54 102 70
24 102 73
76 96 23
51 37 53
22 52 67
81 82 59
13 99 42
17 43 18
8 61 32
35 40 60
34 91 64
13 75 65
77 90 85
75 74 79
12 93 33
63 99 84
36 69 30
7 59 3
19 85 29
42 73 53
61 77 34
60 109 60
8 87 69
99 7 94
1 90 92
109 88 50
105 95 2
91 50 85
1 13 11
69 91 53
79 96 47
99 11 28
97 83 90
81 69 70
39 26 54
43 46 67
75 43 28
72 39 54
60 63 38
35 101 44
4 102 86
10 69 61
84 53 51
85 51 45
73 81 80
34 84 44
15 87 32
45 17 75
6 20 95
106 33 33
2 26 69
6 27 2
81 33 30
88 19 28
57 31 79
24 96 64
48 68 79
102 26 90
91 96 48
18 46 65
8 41 89
32 22 40
0 5 29
40 19 54
90 88 29
87 58 87
16 42 2
44 31 20
43 106 77
82 91 48
67 81 97
88 29 50
63 44 96
1 73 16
76 27 75
27 41 88
1 21 70
7 57 28
43 16 64
104 38 98
105 54 30
94 34 72
56 59 100
96 45 91
4 64 99
6 66 65
45 12 52
55 97 57
48 8 70
19 2 80
106 108 42
40 60 32
96 27 18
97 35 42
40 76 29
41 101 68
93 108 49
2 48 58
73 107 68
73 39 1
29 67 63
41 44 79
64 99 29
52 51 91
40 93 14
43 99 33
102 95 84
46 75 85
2 67 68
83 74 38
48 30 15
46 74 62
64 72 12
42 37 38
25 87 54
85 79 71
14 33 95
34 72 5
76 5 70
68 76 21
93 100 5
21 26 50
37 76 22
97 98 9
54 96 24
46 71 61
99 56 94
80 75 57
104 30 20
74 45 52
71 67 83
5 104 18
69 84 6
56 7 42
105 94 76
31 93 92
3 12 19
90 7 50
80 48 36
19 33 55
103 78 45
109 29 68
43 10 87
11 98 85
25 63 40
41 13 23
89 14 32
38 95 40
75 55 77
89 37 47
13 88 95
62 60 80
50 91 66
20 62 50
12 14 40
24 12 11
16 46 70
96 44 60
35 48 73
66 75 96
102 100 59
39 40 100
49 53 16
76 31 96
60 40 41
68 7 20
60 82 8
59 67 79
43 50 57
22 57 31
36 88 44
59 79 78
106 19 49
76 85 33
55 101 77
88 81 57
109 70 79
93 18 48
24 18 53
105 101 9
70 9 92
84 24 91
89 51 33
78 30 35
83 10 15
18 102 29
38 69 34
15 84 52
63 67 41
34 62 22
93 9 10
36 32 62
15 28 5
88 35 72
109 104 31
19 6 64
105 25 23
2 56 49
49 61 62
10 32 39
69 49 82
42 28 76
13 93 73
66 95 49
82 77 16
50 94 33
53 31 53
16 27 40
73 98 98
43 9 85
104 48 99
97 76 19
30 98 36
86 59 2
34 30 19
29 66 85
85 71 74
19 25 95
98 74 41
45 108 97
19 51 47
4 31 33
75 26 71
6 21 85
8 101 62
17 0 63
43 14 20
41 87 67
102 69 48
25 83 27
108 27 86
25 91 20
103 69 9
33 104 10
4 66 98
83 77 40
62 15 70
51 109 87
39 79 7
67 32 22
12 74 10
16 105 75
96 88 23
59 25 86
27 34 51
87 71 25
59 73 20
21 49 92
92 80 82
104 16 16
55 3 12
50 75 63
17 99 92
54 4 93
1 30 98
9 47 88
84 57 3
36 43 58
52 47 36
30 12 16
1 103 49
88 48 17
29 91 25
74 90 96
83 106 57
3 74 41
28 68 86
3 64 1
35 8 41
24 101 69
44 36 46
43 31 39
49 71 97
30 108 61
13 2 45
21 72 89
61 69 5
48 34 10
42 18 95
104 25 86
26 99 12
15 3 87
17 109 73
27 48 36
41 88 36
54 80 41
98 77 94
22 36 84
95 52 23
36 44 79
36 50 35
92 43 76
11 28 98
96 71 72
77 34 38
89 36 83
67 1 15
0 71 86
62 97 27
73 56 18
74 29 14
97 86 50
101 61 46
107 102 7
22 105 29
61 109 50
49 87 72
66 53 59
67 105 44
91 64 6
67 89 84
5 38 97
81 71 65
82 45 80
16 48 28
93 43 18
12 63 45
8 16 59
6 109 59
40 94 86
25 97 44
41 37 63
5 99 60
43 7 31
26 50 98
54 24 99
69 98 65
1 14 90
19 74 83
31 84 58
101 87 13
73 2 25
105 41 7
29 109 47
55 2 95
19 73 78
11 6 76
57 93 71
67 64 58
86 46 37
77 58 55
9 58 15
47 76 34
48 67 71
53 26 96
83 64 46
99 70 83
37 39 69
109 41 27
27 101 19
32 33 31
61 72 35
63 28 58
30 59 85
98 53 71
26 88 78
11 21 88
43 75 79
73 91 71
9 57 58
12 69 19
45 100 33
55 67 57
44 4 99
14 52 84
76 81 90
79 42 33
105 38 9
3 24 59
71 54 61
98 70 17
39 83 47
0 29 29
29 95 34
59 41 66
99 91 45
24 55 10
55 66 30
64 106 31
30 3 45
48 98 77
6 50 75
37 56 25
46 31 69
62 50 96
102 66 98
56 37 15
101 31 10
94 96 65
63 33 5
84 67 89
18 35 40
108 0 84
89 7 90
5 6 71
92 59 23
51 6 58
77 107 22
105 34 27
30 99 10
10 45 86
102 93 19
63 0 68
64 8 15
38 1 39
68 62 53
24 99 87
39 41 56
8 25 88
100 48 42
94 37 75
82 14 28
0 20 97
24 71 76
49 6 76
97 18 21
10 58 79
55 9 23
5 54 51
84 95 37
10 29 12
40 70 68
56 77 4
4 59 22
80 89 69
22 106 44
3 102 15
75 85 49
35 55 80
86 66 97
103 49 79
56 15 35
58 46 16
49 22 83
93 41 37
70 11 85
14 73 85
27 16 12
44 22 34
75 61 77
98 75 22
84 91 99
69 20 87
76 22 80
21 93 15
92 2 37
28 52 20
17 88 82
79 109 2
82 29 49
92 81 49
12 49 65
14 32 54
86 51 55
30 105 73
77 99 25
15 27 78
15 48 57
64 25 80
50 19 90
90 13 6
59 36 65
71 25 73
73 61 18
26 105 55
39 34 88
27 59 70
58 89 17
29 59 39
44 91 73
63 88 34
31 13 12
105 55 6
70 48 79
87 102 14
53 95 11
49 58 13
21 44 86
86 78 74
91 93 95
35 38 88
38 37 87
91 98 8
80 4 48
51 3 100
95 99 28
45 78 96
62 75 32
93 21 48
83 102 56
92 1 81
109 97 12
24 68 63
69 104 32
82 2 38
53 82 88
107 61 17
59 83 96
20 41 10
54 35 25
10 43 46
19 45 8
31 76 20
31 58 85
76 3 49
24 5 32
90 64 26
20 33 90
106 64 17
53 25 58
91 55 6
76 4 47
51 83 12
79 70 94
34 2 46
7 46 67
75 3 42
61 40 58
95 4 60
58 4 23
20 5 72
104 27 15
83 14 89
96 97 1
40 91 15
7 86 83
22 40 28
107 2 32
88 86 69
62 0 54
91 67 17
27 92 23
74 19 8
44 17 18
84 43 36
95 21 88
66 10 1
26 63 99
20 18 67
99 9 46
47 96 37
51 13 70
66 76 29
64 96 84
105 3 49
1 89 56
14 79 5
19 93 40
97 73 41
33 64 75
20 64 86
32 30 100
27 62 62
97 34 16
58 88 21
76 97 32
26 6 71
62 14 34
9 90 77
42 106 67
19 16 31
36 71 46
45 38 18
41 30 49
43 28 97
98 76 30
56 2 69
56 11 57
2 46 37
25 49 16
89 109 62
45 25 77
69 58 89
51 14 76
62 52 38
40 97 30
43 27 19
86 44 57
92 64 42
0 53 17
38 43 96
57 90 27
32 14 63
35 46 15
32 98 48
94 67 62
30 6 73
56 34 76
49 12 15
96 70 67
64 18 67
13 79 32
108 11 16
76 88 8
51 96 13
91 97 97
97 52 94
20 69 4
18 47 7
83 9 79
56 24 53
73 13 73
18 99 7
35 29 55
73 42 55
46 90 1
108 71 33
40 25 16
55 92 47
50 27 84
4 43 49
67 48 6
109 79 91
79 86 18
90 79 16
67 16 73
70 93 28
96 38 56
87 21 57
8 56 55
20 47 78
10 60 62
56 98 11
48 44 89
91 0 9
57 56 77
86 45 9
62 94 7
41 92 39
58 14 30
47 46 69
36 99 72
37 69 44
0 80 53
99 78 96
28 75 3
22 11 16
30 10 80
73 104 17
47 24 48
21 80 16
100 31 29
82 79 74
105 17 6
78 91 28
86 0 87
38 17 14
27 6 18
52 62 70
95 34 42
56 101 52
50 1 79
72 21 27
100 40 88
7 18 27
7 48 53
109 108 96
42 43 97
22 61 54
83 73 81
91 37 37
85 31 75
100 92 5
50 69 27
31 10 50
92 16 23
16 71 35
7 52 9
41 109 87
28 15 11
98 55 16
70 32 89
31 52 32
12 88 70
87 56 61
19 56 39
25 9 30
91 60 17
58 84 55
68 19 14
16 87 100
86 42 25
108 17 64
91 16 30
9 81 49
58 94 62
37 63 62
76 24 68
11 79 48
54 56 86
71 76 74
71 105 81
29 52 3
96 14 81
95 18 54
34 12 83
26 104 29
16 49 15
68 99 31
86 88 90
77 85 57
9 87 67
106 77 9
102 101 78
2 63 93
91 35 63
77 26 57
13 38 82
53 33 100
28 48 56
56 100 11
14 8 92
71 88 54
90 77 15
57 88 18
51 99 35
10 82 90
58 67 76
19 14 47
82 94 11
101 29 30
71 21 54
34 10 14
9 109 14
46 70 80
41 74 28
91 43 39
1 43 44
88 57 40
76 86 51
17 21 83
79 61 85
59 105 55
32 101 85
31 87 53
55 78 60
83 40 27
72 94 38
50 39 97
17 89 95
61 86 98
90 60 16
64 11 72
92 7 57
48 99 2
73 55 47
10 44 71
92 57 34
78 56 76
63 73 24
92 68 100
18 74 68
68 43 46
41 22 5
35 92 74
39 109 11
55 87 48
46 62 67
89 0 68
5 33 99
38 5 53
20 54 96
64 30 27
106 18 6
15 5 86
93 51 49
42 52 67
85 88 6
106 71 77
18 105 14
108 66 88
53 98 73
1 44 54
88 46 59
57 89 5
35 95 96
19 77 51
37 79 36
43 48 80
5 31 89
33 59 14
78 9 77
108 58 27
99 68 99
21 83 82
68 100 80
42 25 50
21 34 6
85 37 44
97 62 13
100 19 91
35 82 51
41 50 48
5 9 60
89 48 42
8 102 86
51 12 71
44 7 45
76 8 69
63 90 53
94 91 38
58 106 61
57 50 37
63 10 53
49 18 100
92 67 81
74 0 76
21 37 66
101 64 43
7 6 93
109 106 55
84 26 4
36 34 99
63 62 6
75 54 22
103 7 81
92 87 9
73 62 64
13 49 34
107 86 22
41 77 60
75 40 71
15 63 57
40 39 46
16 31 70
107 46 94
2 5 24
8 64 79
25 93 66
42 79 79
82 68 82
31 104 63
60 56 50
70 21 37
45 43 16
24 35 66
26 108 23
81 57 30
30 41 46
97 46 3
95 84 16
93 44 12
70 82 78
69 64 58
105 7 72
77 8 11
85 84 66
33 86 11
43 39 90
19 90 43
70 26 17
8 11 53
14 80 40
47 41 56
66 8 56
10 15 8
89 71 41
92 72 86
44 90 85
103 86 10
27 33 54
30 63 54
71 35 86
52 70 5
68 77 48
8 5 55
95 12 25
54 57 62
22 63 54
15 100 31
10 30 47
28 39 96
0 24 43
24 90 52
15 19 9
34 93 9
78 70 34
52 96 46
9 52 27
59 60 87
10 17 29
5 58 26
4 45 93
95 53 33
12 24 83
19 86 82
75 105 30
84 64 47
32 76 68
96 107 44
105 15 17
109 16 98
57 27 34
8 77 73
95 79 1
94 89 54
9 77 39
3 66 87
64 50 27
36 2 49
79 32 44
100 104 82
66 43 43
49 0 26
80 101 97
101 109 55
105 93 100
15 69 48
102 37 96
54 20 78
20 13 34
17 82 19
58 85 14
74 24 72
27 54 41
69 29 27
91 73 40
94 76 60
68 83 34
74 35 12
51 1 70
38 62 70
79 7 48
13 35 85
66 90 7
90 104 10
71 48 70
51 4 2
46 3 49
51 71 36
64 6 11
61 51 44
77 52 46
57 78 36
40 88 93
3 46 37
12 79 58
83 6 87
86 10 64
57 2 57
58 60 18
85 75 60
40 27 68
103 15 99
99 105 51
20 61 39
104 63 78
109 60 55
64 31 63
36 96 19
32 18 3
79 88 1
29 60 22
72 52 12
52 50 60
9 38 74
57 38 72
97 66 64
89 75 63
28 73 11
76 59 69
39 31 61
35 51 53
27 20 45
46 78 2
37 26 87
74 89 66
91 24 74
92 82 22
36 46 39
7 87 65
74 4 78
33 26 96
95 16 19
4 75 62
38 89 89
31 94 84
29 84 93
36 52 76
17 66 52
12 37 9
88 11 50
58 20 86
73 21 57
61 21 12
9 62 21
91 105 68
45 48 75
25 26 64
105 6 32
37 45 24
70 17 81
62 43 19
71 87 14
18 2 42
101 91 76
29 6 3
92 106 35
17 51 12
50 13 25
78 83 78
6 101 10
25 61 87
6 53 67
69 13 87
66 101 62
93 52 92
12 95 38
68 73 16
89 5 69
51 25 30
68 27 95
21 50 18
60 13 40
13 43 28
80 90 66
84 105 88
64 19 71
54 30 80
95 68 99
50 34 29
53 104 83
80 76 31
106 13 87
34 13 8
38 13 41
38 18 13
50 80 49
66 21 91
91 6 82
94 104 86
105 60 5
52 48 65
68 81 93
32 40 83
51 50 32
70 4 95
31 102 64
62 39 62
103 33 35
25 45 61
6 105 100
38 58 44
104 94 31
80 84 17
82 64 80
25 22 52
19 40 5
15 46 6
90 54 65
3 80 30
107 56 53
35 32 22
39 63 42
51 74 1
86 90 9
35 5 41
77 75 16
25 27 34
50 70 76
66 80 3
7 58 64
47 69 23
21 30 25
96 69 88
68 74 27
59 12 95
19 95 46
95 0 9
57 9 38
11 86 69
103 71 30
28 13 90
88 14 21
104 22 88
57 85 55
67 68 16
93 86 99
88 101 65
18 7 39
76 17 35
12 108 20
109 80 74
87 80 28
5 17 1
44 93 98
83 37 84
53 39 61
75 88 14
86 85 15
45 19 52
13 76 26
91 28 70
27 66 66
21 66 92
76 20 86
28 108 37
31 91 70
101 70 43
41 7 44
11 27 3
99 64 81
77 37 6
39 35 36
79 18 69
102 30 87
83 105 98
4 49 18
82 9 56
1 18 84
94 95 64
24 64 68
24 33 82
2 93 16
0 105 29
20 67 38
24 95 56
57 91 8
77 6 34
78 6 100
68 109 16
68 91 95
89 25 39
87 10 52
45 11 35
100 30 90
19 18 13
81 49 53
26 19 53
22 80 8
40 29 4
109 21 39
44 76 83
22 44 71
31 72 15
69 80 59
90 70 24
107 54 1
74 36 72
53 49 35
85 55 85
12 57 36
69 33 18
107 58 52
31 61 84
44 72 27
88 38 81
57 0 39
8 66 18
58 57 73
61 17 4
31 15 71
74 28 17
86 92 50
6 108 75
79 6 67
107 85 99
50 101 21
101 63 36
9 80 95
95 54 73
50 12 6
33 7 25
47 109 95
93 49 89
87 17 2
61 100 81
64 97 48
69 95 75
54 32 71
77 61 16
52 59 79
27 39 25
41 35 84
89 21 33
94 107 88
29 0 77
54 72 73
20 10 45
99 103 100
31 2 23
59 38 55
45 58 42
35 22 90
39 48 12
29 12 13
104 37 72
3 60 53
1 60 14
75 81 95
20 70 62
41 102 60
108 75 66
55 15 61
26 92 88
66 47 47
35 64 6
0 69 100
90 1 30
64 1 85
5 49 43
60 8 21
101 73 91
81 101 77
88 102 11
27 103 41
76 79 10
15 81 18
54 0 3
91 44 85
17 61 2
20 6 37
59 66 40
37 36 14
84 3 32
8 91 4
3 20 30
28 5 90
44 15 18
73 94 61
93 78 83
109 49 18
10 52 32
63 3 90
80 73 92
52 9 2
39 104 14
86 77 54
54 27 34
17 34 50
5 69 89
99 2 79
95 41 15
31 45 12
16 25 77
53 97 84
3 31 37
74 54 1
58 53 96
7 68 63
59 91 4
86 7 98
7 15 7
102 57 84
75 86 26
71 0 87
11 102 64
92 30 57
39 71 60
98 8 50
61 97 2
86 33 18
36 98 47
34 43 70
37 29 11
63 46 38
15 24 37
68 5 26
1 100 40
105 64 60
35 4 77
83 78 28
48 13 21
83 2 37
25 66 81
93 6 51
40 54 38
71 68 92
36 78 96
59 84 19
63 56 59
61 50 13
99 87 73
47 56 18
94 56 62
49 16 69
94 82 94
100 44 82
64 79 13
44 81 44
38 88 80
87 41 93
13 31 79
27 29 94
102 62 72
61 64 25
49 85 88
56 70 91
56 93 53
57 95 50
102 104 35
62 19 77
21 55 79
32 47 32
59 48 19
70 39 18
4 27 14
73 67 44
14 82 30
34 8 86
40 73 72
84 51 47
75 52 91
101 17 89
24 19 37
93 97 36
20 77 33
10 70 72
42 70 61
82 61 30
95 17 99
35 61 74
39 108 15
45 10 75
104 59 83
31 81 3
44 0 31
19 94 1
46 69 58
38 34 6
1 92 20
7 2 18
55 35 29
67 76 98
72 35 19
97 37 77
58 105 22
20 74 24
26 43 60
73 33 24
68 87 43
106 76 39
46 36 11
29 18 37
83 61 69
70 43 27
4 106 93
31 18 95
86 94 94
7 41 49
99 66 73
5 36 47
103 46 89
28 78 45
44 107 60
48 73 66
28 58 14
42 90 31
19 96 33
0 57 5
51 89 100
34 44 16
54 28 35
44 2 10
76 93 62
105 106 23
99 30 2
50 15 16
104 76 8
105 81 61
94 51 67
30 18 98
25 67 43
41 1 25
52 106 93
7 8 98
91 80 57
85 3 14
26 35 74
33 80 80
101 36 88
41 71 74
52 19 11
79 52 23
58 16 89
16 78 9
83 44 62
51 15 15
107 36 67
27 15 37
13 28 48
10 37 41
47 89 26
103 100 14
82 90 68
21 33 10
40 71 88
0 9 84
52 5 89
80 88 1
46 29 99
107 39 12
79 41 75
71 40 38
106 32 45
67 88 47
40 101 27
67 34 6
88 53 96
73 37 83
98 107 84
28 59 51
107 55 78
20 72 7
59 19 54
19 81 13
83 19 15
39 7 35
9 93 3
3 69 79
83 104 27
48 3 28
38 12 3
99 26 52
104 18 2
108 5 32
70 78 17
52 86 92
29 19 2
36 83 39
59 93 46
31 96 94
25 98 30
19 15 34
74 107 50
34 46 33
13 64 5
9 28 54
100 102 87
3 75 55
30 66 74
89 39 8
24 29 24
45 47 11
68 38 50
42 68 19
64 49 33
89 82 40
98 4 83
93 40 17
12 90 52
69 7 3
24 86 78
95 69 35
20 36 91
43 0 92
38 108 21
86 34 6
68 1 76
11 44 100
91 33 87
12 77 57
86 40 37
60 66 62
56 74 57
11 107 81
47 6 42
46 41 40
89 91 20
76 47 84
100 69 18
50 62 45
107 38 1
17 30 74
48 26 36
40 36 93
85 41 79
83 11 75
103 60 95
84 59 70
0 82 67
83 109 49
3 14 7
32 103 47
35 27 65
74 75 21
47 45 87
47 0 39
92 45 31
41 0 88
96 90 8
6 45 12
95 107 23
47 40 97
1 85 93
9 21 56
5 93 4
106 83 6
64 28 93
106 105 77
48 104 93
40 103 49
26 13 8
0 44 35
36 92 66
39 29 22
69 39 54
30 27 92
33 100 58
79 10 67
80 7 63
61 58 48
102 34 52
68 96 17
106 9 28
29 21 2
48 66 84
82 58 35
88 20 44
44 42 38
76 90 65
19 55 70
10 63 49
13 57 27
95 27 63
33 51 100
6 79 77
46 86 91
22 104 88
81 90 40
69 50 78
69 60 22
32 74 100
94 6 75
86 48 54
77 45 64
62 9 44
104 44 45
14 3 27
51 41 61
61 81 54
34 58 1
28 14 28
25 12 80
33 56 19
3 105 30
27 83 87
57 44 3
42 55 16
95 3 63
84 42 23
80 67 87
16 50 98
6 107 19
40 68 29
25 32 25
87 84 4
6 106 26
1 109 11
22 85 63
15 83 4
19 71 22
20 14 90
59 98 82
60 12 5
14 58 77
82 80 69
46 92 64
94 62 68
81 19 21
82 6 97
57 40 96
30 1 34
101 28 96
70 80 27
101 67 26
56 49 98
17 106 51
54 100 8
26 68 80
34 100 100
102 78 1
100 37 45
68 39 68
4 94 19
27 68 76
21 45 60
59 46 60
71 92 22
97 77 44
63 50 30
101 13 94
72 107 46
97 63 17
69 4 14
91 56 59
29 62 55
46 56 100
90 40 15
64 86 74
32 72 86
58 64 72
56 3 44
105 16 25
71 84 55
108 1 50
63 94 60
66 92 91
57 18 34
102 60 73
44 47 42
10 31 98
85 29 57
53 24 25
3 71 91
60 38 22
87 9 22
38 53 46
98 16 90
27 60 100
0 83 80
101 100 90
71 81 85
83 68 20
3 99 25
55 81 74
52 68 32
97 85 68
54 78 73
46 47 40
38 40 64
16 21 97
26 93 18
75 14 9
71 90 57
49 39 20
30 100 92
78 5 34
38 48 9
74 56 46
55 36 7
24 89 58
105 78 85
49 98 29
66 22 55
102 4 65
17 13 2
85 14 34
71 70 19
35 89 76
18 22 12
69 24 33
11 106 45
74 76 18
69 59 14
32 54 61
90 58 31
107 42 66
95 14 78
94 72 91
72 83 95
59 47 27
20 3 88
104 4 95
30 70 55
17 1 95
63 60 32
2 29 59
27 108 32
8 68 94
29 85 78
92 63 64
51 7 71
59 7 10
30 68 26
52 99 45
78 69 95
73 54 6
79 12 78
55 89 41
58 31 100
102 35 49
59 29 32
3 50 88
1 67 9
39 42 40
61 48 75
2 104 100
53 34 35
107 80 64
40 18 80
41 89 81
101 51 55
84 38 22
38 77 52
25 84 13
74 52 4
42 71 20
76 30 58
81 36 51
56 84 19
91 22 73
100 1 17
24 87 33
73 36 62
71 34 87
93 90 99
11 9 7
80 46 65
40 45 72
5 57 58
68 106 84
100 51 59
95 36 88
79 40 6
15 9 86
87 90 25
72 102 76
94 64 79
60 58 37
67 52 56
70 38 99
27 52 94
41 79 59
25 85 50
31 48 16
78 46 89
48 70 49
13 83 36
84 39 16
10 78 98
87 7 54
8 27 40
94 4 83
99 49 80
92 56 10
109 90 83
59 15 99
51 43 74
82 47 44
74 94 1
79 89 34
9 4 21
82 57 77
11 25 17
36 14 97
81 73 77
68 92 19
8 17 31
80 13 73
90 12 49
17 63 29
68 0 77
64 42 66
61 16 83
69 88 22
2 105 61
28 106 19
89 46 7
77 69 52
107 30 1
36 54 96
77 68 18
104 46 26
22 5 35
8 13 29
40 9 16
61 22 76
106 44 48
24 16 84
44 89 63
109 1 85
1 9 28
21 92 77
50 60 18
106 40 5
6 14 99
51 34 19
9 54 76
90 20 34
66 94 87
86 63 38
101 72 40
11 29 49
106 62 6
17 9 39
78 68 62
82 1 78
72 38 83
51 44 76
91 58 68
82 43 66
108 82 92
63 107 97
34 37 44
59 49 41
82 52 72
3 57 49
82 50 5
5 35 82
106 88 43
15 75 41
29 54 16
44 19 73
34 32 75
36 106 26
83 93 57
79 71 26
103 36 29
79 95 21
34 7 97
29 5 86
75 6 61
10 4 63
52 102 76
94 99 22
50 102 24
83 34 35
28 2 8
4 107 71
99 12 21
53 79 91
18 107 86
106 12 4
86 13 51
52 77 77
83 45 72
42 26 11
38 102 17
10 41 71
74 14 89
106 87 52
78 106 40
96 50 46
95 77 7
40 55 79
76 83 36
102 84 36
32 90 82
64 81 92
79 69 11
3 61 31
13 108 32
59 58 74
31 53 23
27 102 26
60 62 81
16 75 35
108 29 8
84 80 1
2 74 38
69 109 25
57 36 64
95 40 76
91 94 100
34 21 92
13 11 100
10 51 79
74 44 1
21 77 17
66 39 19
83 101 86
84 16 7
4 19 87
74 5 79
19 3 97
0 15 1
6 7 95
22 71 29
60 45 71
28 47 45
2 40 79
32 59 31
28 103 82
24 14 98
46 82 53
83 25 97
100 56 81
107 10 72
54 6 70
1 28 62
9 88 89
101 6 22
79 80 63
1 59 87
73 48 31
69 105 77
9 15 61
105 31 1
94 36 68
56 94 97
9 94 10
99 84 18
62 96 14
8 76 44
27 18 50
49 67 69
82 97 83
22 89 44
19 64 4
97 5 74
71 18 78
16 38 88
53 16 15
39 84 28
46 12 62
94 93 34
14 89 21
38 73 100
31 60 16
108 61 51
29 99 33
100 35 4
63 11 58
29 104 25
30 22 74
105 104 100
37 73 55
9 71 7
61 1 94
81 25 66
37 66 68
32 3 3
52 66 37
84 45 92
2 89 34
101 43 10
97 58 54
55 25 20
55 32 76
58 3 82
19 5 50
22 4 31
18 73 69
93 2 65
41 34 32
90 32 46
73 34 98
73 8 43
102 72 21
68 47 3
69 30 85
79 20 59
80 51 12
69 73 67
33 8 37
73 71 49
103 91 30
76 15 61
83 88 50
0 28 26
80 62 74
28 24 3
78 51 12
66 11 86
28 82 99
6 78 85
56 108 29
58 73 53
19 68 46
39 44 30
57 42 23
53 109 70
47 71 97
39 54 27
55 46 92
106 70 61
66 7 41
85 59 38
107 59 19
36 38 41
11 93 38
56 81 5
93 45 7
19 20 43
98 15 90
0 16 2
27 4 35
81 62 91
95 33 32
11 55 43
37 21 53
42 56 5
31 92 4
0 40 66
54 7 90
104 52 81
59 76 68
51 0 97
33 87 5
108 80 19
83 46 47
34 60 54
49 86 44
60 24 15
71 73 56
89 98 60
17 74 27
47 79 49
89 32 83
51 28 65
96 20 95
75 62 86
78 74 84
55 62 99
3 48 75
19 57 17
109 6 22
85 4 76
95 67 87
13 60 97
5 7 64
2 103 53
100 75 96
52 100 50
74 69 55
18 31 45
91 30 100
102 13 32
44 94 78
79 15 14
8 83 79
20 22 14
46 87 59
15 99 22
34 67 60
21 90 69
48 59 93
96 31 73
15 16 44
99 85 91
10 50 34
109 40 38
108 60 3
91 29 28
2 36 76
59 75 72
88 21 25
34 102 13
90 2 14
105 58 74
15 25 82
89 19 52
36 67 24
16 39 38
28 55 62
75 60 25
68 34 27
81 60 37
1 97 51
108 91 8
18 87 57
47 80 13
40 44 19
66 96 35
18 78 70
15 77 84
22 93 20
53 15 22
63 83 16
62 49 45
37 19 78
51 2 56
96 100 39
60 83 26
63 15 77
14 95 39
14 38 62
7 17 42
85 67 6
79 99 13
51 98 13
95 101 53
79 63 94
29 3 89
81 92 54
87 93 7
66 5 49
57 25 94
95 87 42
34 76 40
54 26 72
52 80 78
90 108 20
37 100 64
61 88 45
77 63 49
68 28 42
95 45 62
16 41 76
30 69 32
7 97 60
86 82 38
33 107 1
101 103 41
17 29 22
76 2 4
8 15 49
88 69 15
28 97 12
100 52 42
107 82 76
82 98 61
75 108 36
87 54 24
72 84 3
8 42 6
38 44 88
75 92 16
36 47 36
70 76 55
29 63 77
7 37 7
66 42 53
98 84 15
105 62 49
0 61 68
107 19 85
97 32 38
62 5 40
0 38 68
88 43 96
94 18 21
38 57 17
108 26 74
50 103 39
97 42 56
46 34 97
70 2 17
2 21 59
74 63 42
97 1 8
92 15 74
28 62 15
70 99 19
90 11 36
70 71 48
52 38 75
101 1 43
60 97 80
4 63 67
22 55 29
68 33 84
64 67 52
54 103 7
47 38 81
30 52 61
8 107 17
2 3 64
96 51 74
36 39 47
22 82 13
84 99 71
76 18 86
101 62 24
45 94 91
56 107 29
104 42 84
43 98 68
78 50 61
101 54 49
74 100 9
26 34 42
12 10 1
61 71 91
103 99 70
27 0 48
45 16 20
86 93 11
90 37 73
80 68 93
61 60 28
22 50 99
96 42 90
48 7 90
92 62 79
97 68 76
70 61 64
13 52 86
41 73 7
18 8 75
30 9 74
24 41 100
39 80 50
10 7 24
8 35 58
42 27 68
21 14 7
95 57 71
26 49 60
71 9 49
2 78 74
16 51 42
76 25 76
58 54 87
51 49 42
5 101 23
29 15 93
6 3 13
12 64 27
47 102 56
73 5 31
20 81 32
73 102 46
60 0 18
57 37 6
56 14 90
18 38 50
11 89 19
31 35 6
107 67 20
33 6 8
20 31 26
62 6 21
58 98 77
12 82 11
79 66 5
1 93 91
48 25 63
78 12 30
58 21 33
88 50 9
56 97 2
25 103 73
61 36 34
89 52 63
47 77 31
75 76 17
20 91 80
57 47 92
36 19 22
100 5 71
54 10 89
93 83 25
68 13 47
28 27 17
95 2 100
77 67 33
60 77 97
95 76 82
3 91 91
6 11 8
78 57 90
98 42 51
50 72 44
82 25 69
24 98 72
107 109 92
47 14 93
1 40 9
30 16 14
90 95 88
4 77 19
22 33 51
86 55 9
29 43 74
78 16 43
57 53 81
15 68 89
97 95 39
81 95 35
93 74 89
91 47 50
12 48 52
90 61 54
33 82 48
88 62 49
21 85 82
104 67 94
101 12 40
60 101 7
96 56 95
90 29 90
39 90 48
96 33 53
63 74 45
86 20 33
75 70 74
60 69 69
69 21 42
53 8 81
108 50 20
91 95 45
94 54 35
5 80 62
79 56 52
105 49 19
45 14 42
57 72 39
99 73 20
87 37 80
11 76 76
86 39 15
107 51 21
67 90 74
45 90 13
98 0 29
83 98 7
1 47 91
13 105 49
15 52 40
18 89 33
100 24 26
22 43 61
64 91 23
12 94 1
4 74 54
6 61 8
103 77 24
85 83 88
1 83 97
11 77 77
76 95 57
17 91 30
19 87 14
103 24 24
8 73 72
17 60 62
13 24 57
38 21 1
16 69 49
32 5 22
90 103 74
75 45 21
100 20 4
69 9 54
100 14 92
16 66 70
47 99 88
22 75 44
10 55 74
5 48 65
34 14 41
105 59 6
72 100 87
35 57 86
3 36 22
35 70 89
78 18 13
16 79 13
47 94 72
0 102 79
101 11 15
45 64 76
46 81 50
9 50 79
20 56 85
12 41 84
50 9 38
50 18 8
73 30 25
42 22 50
109 67 92
87 101 16
39 72 78
48 101 60
45 85 57
35 99 49
96 19 37
86 68 14
86 17 11
30 77 95
101 75 39
70 59 56
24 108 61
107 44 12
40 13 34
9 86 53
40 56 39
6 58 21
17 22 20
60 57 68
29 89 83
48 0 29
76 61 31
55 103 11
6 92 22
52 1 73
37 30 39
26 46 39
49 38 54
14 46 78
60 4 51
3 30 82
25 70 100
72 96 85
29 98 26
70 18 41
2 17 54
108 94 17
10 39 16
94 48 68
34 28 52
104 100 57
18 36 30
0 56 42
72 10 17
4 61 55
54 38 28
22 62 43
76 94 31
104 81 85
47 8 100
34 42 55
18 70 90
46 9 77
54 5 55
12 17 69
20 102 71
81 32 56
57 49 89
108 18 85
29 25 66
18 41 43
83 69 82
62 98 20
87 55 95
82 71 1
63 104 45
83 84 47
56 26 83
99 0 34
43 45 45
73 70 100
44 29 83
22 86 48
98 85 86
57 66 37
45 77 1
6 71 86
45 102 81
10 97 5
55 58 74
38 90 28
59 99 80
99 79 32
74 85 21
20 49 6
26 30 95
22 94 79
108 32 92
105 72 31
71 104 66
107 72 70
26 87 85
106 58 78
25 101 34
17 4 100
64 69 54
8 49 77
21 70 4
21 6 10
85 47 76
77 102 91
26 80 50
70 96 90
94 75 40
99 74 35
58 28 85
50 38 39
98 78 92
106 10 91
12 80 25
51 75 8
38 99 33
108 62 8
6 95 30
81 70 12
102 89 86
9 79 8
62 64 11
80 86 14
63 32 42
61 6 12
50 22 32
17 87 46
68 54 64
34 90 15
3 13 29
0 98 13
108 98 36
106 54 58
44 66 80
17 3 19
92 25 29
109 91 45
62 55 38
33 77 71
18 20 9
43 78 64
66 97 34
19 4 10
72 18 50
25 57 90
80 8 15
39 45 73
5 52 88
36 31 21
91 102 54
38 46 51
57 51 84
26 33 57
3 89 18
48 16 38
89 72 53
26 24 72
74 51 85
18 100 54
98 63 27
72 47 49
21 5 34
77 81 83
50 92 94
37 72 84
26 77 50
22 12 81
100 55 40
82 106 18
52 11 76
95 37 72
45 2 66
14 5 45
33 5 64
85 2 39
92 12 20
92 102 50
101 26 99
51 70 92
109 92 7
86 79 77
49 7 37
58 42 8
60 49 35
35 76 7
5 59 7
103 28 2
96 67 83
63 52 73
48 51 87
35 69 28
77 66 72
46 43 27
40 85 45
9 67 45
53 58 83
6 1 56
103 14 16
29 30 18
102 31 9
44 27 73
74 11 77
59 100 12
98 1 85
38 7 92
83 41 7
99 57 38
40 67 19
101 76 98
7 36 16
48 78 98
15 36 67
11 96 83
93 15 58
54 81 75
74 10 64
79 58 86
95 31 37
5 19 92
8 38 82
44 99 88
94 74 38
31 107 37
42 76 25
14 6 38
80 34 71
25 82 87
105 44 31
85 56 18
67 47 47
53 62 71
58 44 79
97 54 2
99 14 93
1 68 47
40 51 3
93 92 20
78 39 48
46 1 35
80 0 46
7 74 12
15 64 9
75 17 90
101 82 87
91 3 16
44 11 99
34 25 84
101 16 75
20 43 32
1 107 17
28 30 91
30 34 17
30 103 10
55 80 5
84 44 15
48 52 89
5 47 14
52 26 47
106 74 100
97 60 53
75 19 33
77 98 15
98 83 50
18 25 83
39 17 65
9 6 24
67 50 62
107 50 66
80 31 9
3 49 90
92 49 85
17 97 86
42 33 89
40 79 87
70 8 65
32 25 5
58 107 86
79 11 67
75 95 48
39 62 24
89 45 45
67 72 48
6 102 58
0 103 54
100 12 60
88 0 73
48 5 42
97 2 88
55 90 98
27 85 85
34 99 16
59 89 98
86 100 16
48 87 65
91 9 70
56 86 92
106 41 46
17 20 86
29 73 72
90 93 32
27 75 13
92 35 47
60 99 60
69 18 100
58 79 14
104 83 2
54 43 23
55 85 80
86 15 28
51 85 57
92 77 30
0 10 37
51 36 16
77 30 66
3 1 25
18 48 43
85 44 16
12 33 83
26 81 73
56 44 39
89 83 27
74 62 96
79 54 12
29 92 45
50 37 14
29 68 8
3 87 2
71 108 5
15 39 80
81 26 60
17 39 8
40 33 44
52 18 75
104 32 64
90 6 40
90 59 50
84 70 12
67 8 98
12 29 99
20 57 82
0 4 40
49 60 4
47 33 14
56 62 57
61 13 83
13 22 94
91 68 95
11 88 53
75 80 51
26 101 4
85 77 99
103 81 30
37 15 69
35 14 92
93 66 45
79 31 8
89 38 65
30 92 79
56 79 69
5 62 88
71 29 33
82 108 4
25 31 52
9 10 45
22 38 32
53 59 64
12 100 77
36 70 34
39 46 23
24 62 95
11 66 58
37 14 62
86 41 58
47 53 20
72 73 25
87 86 59
51 45 35
59 3 44
50 47 45
32 56 50
34 59 28
35 62 93
2 11 32
98 22 51
17 10 22
47 88 66
5 97 48
10 79 57
50 52 25
101 22 16
75 8 66
66 15 7
98 24 5
5 74 37
28 66 1
17 76 67
95 11 61
87 98 61
53 5 60
12 18 30
22 37 40
98 40 1
9 99 27
72 57 71
43 108 61
3 93 34
53 72 99
18 88 100
64 98 24
108 57 47
56 54 28
31 49 59
2 15 94
10 48 45
41 81 54
60 94 40
20 30 15
43 83 14
107 64 70
6 26 95
66 44 28
68 35 79
36 58 69
48 97 38
27 10 68
70 50 45
108 93 12
34 29 76
76 87 62
21 39 60
84 109 56
35 25 36
6 54 30
34 109 2
101 85 46
16 70 81
42 77 68
33 35 50
66 38 68
8 98 28
15 18 32
56 67 6
105 69 61
64 26 39
86 37 83
67 18 34
87 33 79
95 64 15
72 71 52
71 78 23
37 2 6
78 76 69
73 108 38
29 83 86
14 60 25
83 15 60
74 13 25
31 34 66
22 83 26
64 68 88
59 78 74
19 21 74
90 34 21
73 53 19
94 19 76
68 103 46
83 62 6
87 12 36
28 64 90
4 60 91
91 84 61
15 1 82
104 8 48
68 82 17
91 8 60
68 102 52
18 96 82
45 98 88
13 20 69
25 42 60
92 97 2
105 75 91
63 55 91
15 94 74
3 90 20
76 66 29
77 60 35
30 25 24
30 89 9
50 2 63
67 74 89
28 85 93
95 59 85
56 35 12
98 36 94
81 31 10
100 15 61
85 108 74
8 72 74
86 91 86
34 86 6
63 106 99
80 74 97
24 47 90
108 107 43
34 11 17
75 51 44
100 38 57
82 89 76
69 3 51
73 100 51
28 77 6
19 105 71
25 47 94
16 72 66
38 71 13
6 55 57
90 5 88
43 77 91
91 72 93
107 6 7
60 80 42
17 83 96
103 17 72
93 94 61
72 33 36
33 98 82
18 34 47
103 63 61
90 106 69
25 52 66
30 94 56
38 84 19
7 85 60
105 48 79
64 0 64
59 1 92
8 81 60
78 27 94
46 94 79
48 90 88
71 15 74
87 106 24
16 82 100
101 52 6
11 53 65
19 27 19
64 100 75
91 109 38
90 82 35
70 55 15
77 42 23
21 1 1
13 91 90
80 57 18
107 100 37
55 99 54
95 74 22
30 47 93
71 43 72
76 54 64
42 35 3
71 31 33
5 76 76
41 100 90
103 76 20
43 58 17
15 96 90
3 6 78
83 103 30
81 38 19
79 28 59
16 14 2
11 48 98
5 40 57
87 66 21
101 5 82
103 72 73
47 84 25
59 28 22
56 99 54
2 18 82
76 91 77
35 83 62
104 47 63
97 20 69
98 21 5
14 67 21
80 77 30
14 22 75
1 76 72
19 11 77
54 74 10
12 47 94
9 107 73
84 106 2
100 9 63
103 82 56
105 43 38
69 19 58
91 12 2
72 50 15
63 82 75
77 9 28
20 34 95
75 89 51
56 57 6
85 17 1
59 44 6
10 75 72
94 39 54
91 49 43
71 63 8
78 37 57
84 0 5
30 58 71
84 5 65
70 83 33
63 21 25
46 32 56
21 48 71
11 16 44
51 55 92
106 25 86
80 87 13
14 11 95
75 36 42
46 11 26
86 83 38
25 55 2
49 40 24
15 71 54
6 13 73
40 20 19
102 8 56
66 6 75
74 96 93
16 35 100
29 36 28
0 43 78
22 102 21
34 40 41
93 17 31
92 9 53
45 51 19
75 107 14
109 83 8
61 3 80
89 13 82
1 35 25
14 87 6
56 66 92
106 46 50
64 13 87
74 31 92
94 85 36
90 100 98
77 36 52
22 42 2
87 4 97
77 44 39
58 0 100
99 17 23
33 66 72
29 27 29
47 83 51
108 56 30
7 78 46
13 26 60
92 71 86
93 71 22
11 41 17
47 60 11
96 48 56
24 6 93
64 108 22
107 33 79
4 93 83
91 75 97
16 15 73
92 46 98
94 60 81
100 64 15
100 2 94
54 19 75
106 90 2
78 61 32
81 45 64
99 28 3
2 71 91
6 19 53
11 52 72
93 82 12
47 100 75
1 24 9
76 9 62
35 105 47
44 96 55
29 64 14
106 2 12
12 98 4
31 90 52
41 51 9
74 15 86
45 6 34
7 19 56
92 32 1
4 35 3
98 41 12
41 61 28
9 17 81
38 50 46
88 49 56
32 89 34
94 46 79
104 41 19
24 4 73
108 59 76
102 80 6
10 107 16
40 6 25
57 107 96
107 88 34
22 19 21
87 91 20
103 19 49
55 21 17
96 17 28
102 41 23
28 45 82
81 107 53
46 80 77
55 83 99
48 62 43
47 20 40
15 2 99
36 40 52
89 94 26
108 3 31
77 10 26
97 4 13
78 33 91
10 71 18
57 16 48
75 27 58
67 20 37
49 31 63
1 82 49
59 71 58
34 81 88
63 29 15
87 62 91
18 54 98
105 88 25
26 2 94
58 37 69
25 96 79
53 41 51
3 35 92
67 94 65
43 57 1
11 0 28
104 89 46
27 50 55
19 26 51
21 20 34
26 51 4
77 50 30
85 63 87
40 87 2
33 22 58
62 11 79
45 95 68
87 30 55
61 56 21
11 10 81
24 77 30
75 42 75
88 105 57
46 4 7
3 92 26
22 107 23
21 36 72
55 53 96
19 13 24
53 47 68
74 60 4
91 76 98
98 97 10
93 19 55
9 14 19
83 21 62
26 21 73
20 79 36
73 68 56
50 36 48
6 2 15
98 58 48
59 90 10
63 42 68
109 72 70
73 80 100
32 0 72
31 101 66
15 79 60
77 79 23
67 102 53
32 37 16
35 15 14
76 50 15
109 100 38
17 46 90
80 58 7
39 97 46
15 86 88
51 61 12
101 32 16
102 90 81
55 10 37
98 56 82
15 12 67
95 32 41
80 98 73
78 2 90
93 60 95
35 86 90
45 40 36
18 76 53
21 102 98
50 96 17
74 61 24
60 54 88
16 68 56
39 70 28
82 72 64
45 52 32
2 75 98
6 48 29
32 82 53
99 32 12
34 97 24
90 80 89
31 38 1
36 42 61
74 97 14
62 57 75
87 19 62
21 11 34
41 24 60
80 10 26
98 33 39
32 21 16
68 89 44
36 0 83
55 30 9
71 59 99
25 44 75
40 57 19
71 11 81
22 84 28
0 76 14
75 20 92
6 28 62
26 106 9
18 21 92
47 28 19
52 109 35
30 32 78
58 95 83
11 108 58
75 30 21
39 76 40
3 44 44
74 33 98
33 90 79
33 13 10
12 70 82
0 50 11
72 15 45
73 17 17
98 31 61
62 61 35
2 58 69
39 37 54
12 92 86
53 69 87
80 38 43
13 40 13
15 29 92
86 64 14
4 38 90
3 104 73
6 44 19
62 77 91
104 105 94
1 54 85
48 6 51
67 49 59
7 90 73
79 84 39
15 102 63
96 34 32
70 25 87
89 78 36
27 45 94
3 8 89
45 72 96
44 1 12
101 98 38
12 56 24
31 71 49
52 32 92
91 69 62
56 18 7
32 71 89
107 69 9
83 95 44
71 109 60
70 66 99
108 35 30
79 74 5
33 108 63
30 82 85
104 87 31
13 71 62
107 11 6
29 96 90
7 26 69
83 49 2
17 5 66
88 106 49
61 15 99
50 68 58
30 26 32
11 34 21
30 62 96
56 55 2
13 48 56
11 51 88
70 37 90
58 6 43
63 25 48
61 59 89
96 108 51
101 21 44
8 26 29
41 14 87
55 102 99
22 76 4
7 31 80
99 76 4
68 98 97
36 89 100
42 101 72
19 50 73
32 44 61
107 43 13
39 12 81
17 100 47
58 13 27
9 68 38
0 33 97
31 26 17
77 97 76
69 90 65
48 46 13
107 73 59
106 73 93
56 51 10
13 34 66
3 98 86
41 15 49
43 18 45
69 94 22
31 68 73
31 95 72
67 13 1
81 78 15
19 79 100
50 93 28
33 4 69
108 53 31
84 31 80
70 72 87
87 52 80
30 5 60
32 1 64
54 53 42
100 78 72
47 39 15
2 64 36
92 55 83
105 52 80
102 61 97
10 93 52
79 0 60
103 53 57
102 36 49
78 73 45
87 70 52
11 100 60
100 32 56
38 14 51
41 43 11
105 30 73
34 92 27
63 7 94
17 32 52
15 32 48
8 82 38
5 46 50
38 64 42
104 39 82
32 57 89
4 36 3
34 79 79
99 37 89
4 108 52
58 51 51
84 60 13
95 66 52
97 90 4
26 84 24
55 0 45
104 102 57
8 43 18
6 17 21
100 43 23
103 5 58
34 48 49
21 108 50
3 47 89
34 78 48
109 99 6
15 74 36
103 67 56
89 15 38
101 35 98
5 66 92
8 9 79
57 33 8
81 109 33
3 106 85
13 27 68
50 59 41
34 61 97
13 36 2
53 108 53
34 106 2
35 97 29
66 20 72
54 92 63
57 101 35
21 81 26
89 60 98
88 85 47
92 39 46
41 97 52
43 33 7
60 26 52
12 46 4
21 56 97
5 14 4
90 22 47
101 93 91
79 73 93
20 73 22
22 41 18
21 89 77
41 66 49
68 17 21
93 67 34
27 53 48
99 86 34
66 33 48
44 12 70
89 6 45
36 9 99
35 37 2
55 7 40
69 31 12
89 69 33
96 36 47
5 88 92
75 82 85
14 29 65
35 77 83
35 36 41
38 85 31
72 75 5
15 108 22
73 29 25
27 7 12
90 87 52
75 84 24
3 68 32
42 62 97
25 94 58
32 11 89
85 7 9
91 51 12
9 59 93
78 60 18
56 12 22
14 31 20
106 39 4
62 78 55
35 26 42
39 51 6
14 56 94
78 11 14
74 8 36
48 50 5
86 16 91
69 61 87
34 101 42
36 105 64
98 88 69
5 86 2
103 97 87
5 25 53
103 102 36
100 61 95
72 17 67
41 85 93
19 98 6
39 30 84
30 76 58
69 83 5
104 86 57
5 18 83
11 80 14
76 72 12
108 8 49
51 108 82
104 40 92
109 82 92
72 98 17
10 54 63
102 18 19
8 53 96
37 18 68
80 21 4
79 77 69
47 73 16
54 58 33
5 109 41
38 8 1
49 82 19
7 0 27
40 24 97
0 45 82
109 45 28
31 8 74
49 69 32
48 14 87
34 5 100
51 77 10
26 25 13
81 16 45
82 20 45
25 88 73
98 27 49
63 66 84
54 106 14
46 101 69
77 31 56
15 53 90
89 104 64
38 22 41
66 68 96
58 55 67
20 59 63
0 58 55
18 94 10
67 100 96
22 96 9
70 81 77
1 32 56
63 54 83
83 90 70
58 29 90
106 68 29
89 93 32
1 106 49
17 38 50
10 102 46
56 29 50
70 58 54
84 32 74
55 31 34
84 89 34
84 87 97
16 108 6
72 1 68
38 103 80
9 18 86
44 45 79
58 78 100
0 106 49
59 22 85
71 106 84
58 109 73
42 2 99
86 36 78
107 62 18
83 87 22
44 85 87
0 31 70
30 13 55
16 98 14
14 71 97
10 83 40
103 3 82
99 6 85
96 16 44
8 28 98
14 69 81
87 42 15
108 85 49
5 24 5
85 6 34
55 88 4
39 56 47
2 6 87
39 43 46
44 83 75
81 85 71
9 64 38
96 61 60
98 38 42
22 34 75
83 0 37
97 56 91
72 30 46
6 59 18
0 21 67
90 35 71
38 27 98
12 62 35
66 106 10
73 4 55
32 16 87
54 2 25
9 39 81
51 67 97
72 37 30
51 10 52
3 37 85
5 50 94
26 54 39
61 85 84
46 21 12
53 1 66
27 26 7
40 16 96
96 46 92
80 39 82
43 69 23
99 106 83
88 24 38
96 77 85
5 0 10
69 70 11
32 93 96
41 107 31
82 102 95
54 105 28
43 17 71
33 105 46
38 45 87
22 56 97
80 49 3
31 63 6
84 61 41
25 8 85
57 19 4
30 15 6
108 24 68
52 82 1
81 74 72
106 53 14
91 99 63
94 53 57
20 58 72
62 87 82
52 6 70
26 3 1
22 78 73
17 26 71
33 84 12
84 29 19
66 71 90
18 44 35
106 57 45
109 34 6
45 84 67
24 51 10
109 38 78
32 88 19
96 105 23
2 31 42
51 62 52
31 29 8
39 0 40
31 7 12
79 24 24
47 1 34
107 12 49
13 84 76
54 95 64
52 15 95
7 10 55
14 41 63
44 33 70
78 36 34
42 94 94
105 9 15
92 58 66
38 72 62
87 82 73
92 96 15
1 11 62
77 87 81
82 59 67
37 86 17
78 25 89
37 7 12
60 89 1
101 71 27
88 2 10
59 107 15
48 45 93
86 24 45
10 108 53
37 43 19
104 12 23
59 16 100
64 84 48
52 67 20
0 77 34
66 52 63
82 21 40
104 13 74
18 16 15
32 46 41
36 21 58
27 81 53
10 109 28
39 82 68
5 82 52
105 107 78
14 35 91
100 96 36
74 37 99
47 85 82
6 104 96
54 94 42
79 76 71
86 30 18
73 3 49
20 26 13
75 18 47
27 17 28
98 12 11
3 38 85
11 71 91
3 27 37
73 22 10
36 90 81
11 38 90
32 38 65
99 101 30
98 18 63
78 31 39
66 12 21
36 77 78
96 4 17
16 73 90
39 95 83
87 48 19
33 16 33
53 76 12
41 33 88
16 53 84
7 43 12
80 85 29
58 35 29
97 55 44
78 63 98
68 44 67
19 103 69
83 48 85
67 51 19
26 70 3
90 49 37
44 37 54
92 95 59
6 96 79
69 5 19
89 106 81
6 39 81
87 109 88
109 24 53
32 109 78
48 17 100
20 1 4
104 75 35
15 51 39
39 78 61
107 45 81
56 16 79
47 93 76
21 0 29
107 98 26
42 54 55
81 104 28
35 63 80
56 88 20
72 59 50
0 22 19
11 54 11
26 37 91
88 41 12
20 50 22
62 30 97
4 52 15
64 63 2
81 59 73
103 50 2
81 108 72
38 31 6
51 63 57
90 99 80
44 32 80
26 94 12
61 83 73
54 67 30
80 16 12
61 24 33
14 36 75
36 8 81
30 78 16
99 35 9
12 11 64
6 47 89
88 34 100
84 21 84
73 83 82
90 102 5
40 28 92
49 89 96
61 43 44
42 97 43
83 97 79
75 32 82
34 4 82
81 20 6
58 9 42
6 75 31
40 105 42
50 67 68
8 6 81
21 109 26
45 79 41
104 107 7
59 34 99
20 28 74
103 20 63
39 1 68
85 89 47
68 52 91
67 75 95
100 103 48
88 39 58
5 79 45
52 8 67
91 63 47
4 90 52
44 86 66
104 84 40
14 96 98
102 75 60
80 81 58
19 47 93
78 79 75
38 39 81
56 45 68
93 16 86
10 28 15
41 59 58
84 12 81
45 42 99
39 75 82
5 107 89
13 73 95
99 19 87
42 57 100
25 33 42
73 35 59
51 35 32
2 73 38
31 50 74
4 34 86
6 51 69
59 35 32
4 101 1
37 87 29
16 63 8
95 7 72
16 7 53
69 35 14
63 20 40
11 19 68
38 67 9
104 28 97
49 2 10
91 17 43
97 69 34
83 91 66
60 76 91
33 101 30
77 48 24
10 56 60
55 105 74
72 104 34
73 32 91
102 88 44
41 5 31
16 43 69
15 92 26
32 45 16
53 107 43
2 98 98
59 14 93
80 40 26
9 60 49
84 76 80
18 5 36
21 32 94
31 78 6
108 72 48
63 69 88
2 87 5
97 48 62
54 11 100
63 93 38
71 1 98
89 34 41
34 63 97
15 97 5
108 22 1
37 90 92
32 78 64
21 38 95
76 89 87
12 107 25
24 53 67
64 21 10
7 102 66
96 49 50
64 66 100
103 1 61
2 22 70
72 26 74
2 102 53
59 68 28
85 93 74
101 2 99
4 16 77
7 1 78
27 107 87
45 87 99
11 69 21
99 69 12
45 57 83
48 10 4
48 76 29
21 16 24
29 94 98
94 88 68
15 54 72
87 39 93
17 80 79
92 108 38
44 10 46
66 105 62
3 34 97
19 84 49
76 60 67
106 21 98
31 6 66
58 99 72
50 8 48
79 4 76
1 94 68
105 33 64
99 108 31
51 27 46
105 70 90
108 16 47
90 75 34
4 15 59
47 31 62
63 59 81
34 47 90
3 94 83
46 93 39
31 37 87
104 71 32
94 22 66
44 104 14
30 71 83
94 43 63
50 31 51
53 71 14
85 25 38
32 8 92
49 107 23
2 101 31
9 73 88
60 85 53
56 39 80
48 55 2
63 40 61
103 88 43
74 3 67
77 62 3
5 100 16
33 83 55
94 7 18
89 88 84
0 63 15
83 1 84
22 60 23
12 84 68
50 46 4
71 56 55
27 42 33
106 24 15
43 40 8
78 67 34
14 100 91
56 40 79
102 3 60
30 104 32
37 31 23
76 98 79
79 37 67
68 57 1
85 62 39
88 70 30
84 18 26
21 58 36
69 72 29
97 101 58
52 105 22
81 87 48
0 41 71
37 20 10
102 108 66
108 96 82
36 4 7
57 58 61
55 20 25
58 96 89
24 13 54
61 90 57
2 53 45
9 75 96
84 25 23
3 76 92
37 78 93
15 73 6
75 102 7
107 16 55
29 87 30
78 102 36
76 75 62
71 52 24
109 11 77
87 103 1
14 27 25
24 7 61
98 43 34
66 27 56
7 106 98
74 46 79
47 48 5
71 69 31
17 96 76
10 36 25
17 105 31
37 103 72
24 70 85
99 82 55
108 49 94
78 13 70
4 58 58
76 64 36
5 77 100
55 44 83
81 96 68
96 3 71
2 4 94
88 7 98
92 94 17
94 0 2
28 41 3
43 70 97
109 20 51
93 42 16
85 40 87
68 12 93
55 39 20
16 107 26
3 55 63
75 9 77
20 63 7
106 35 12
56 32 97
68 24 6
102 109 29
99 63 21
62 70 53
42 100 51
105 12 30
60 67 58
90 9 47
64 16 49
5 53 35
79 103 96
109 74 17
82 63 27
75 16 80
105 2 99
94 40 3
104 78 78
108 88 14
47 30 60
109 36 18
66 64 28
70 1 11
104 17 25
102 7 64
106 38 65
53 38 99
61 30 54
21 31 79
24 43 35
66 4 71
35 30 89
43 81 96
19 61 60
106 50 1
60 46 49
68 85 46
76 82 76
87 22 57
69 47 81
74 87 45
16 76 97
60 16 41
22 18 100
36 108 68
51 106 30
109 103 23
100 58 83
104 21 18
88 77 3
46 18 90
50 29 75
18 43 80
95 39 71
90 98 59
1 63 27
64 77 50
10 64 76
13 16 84
16 5 22
0 30 18
13 47 51
36 93 30
13 15 49
18 11 20
26 9 34
62 79 41
74 17 15
52 63 55
95 30 21
67 80 83
87 76 25
37 68 65
44 21 7
89 63 43
27 5 46
28 32 38
0 70 56
90 53 72
50 61 75
81 11 19
69 78 86
101 89 58
94 27 84
14 63 35
25 6 15
16 84 52
91 39 49
20 24 45
17 79 75
38 36 70
51 20 69
12 22 75
30 4 85
74 66 70
28 56 75
8 1 83
27 70 18
92 88 39
56 0 84
61 94 66
47 74 28
53 12 16
10 81 81
48 29 81
9 51 9
106 8 52
89 35 16
102 40 70
101 90 23
58 61 16
51 16 41
85 1 57
76 45 97
9 92 36
13 41 47
52 60 96
99 18 65
7 29 16
94 42 50
80 72 20
27 8 38
90 18 60
20 37 39
73 90 41
12 39 55
2 94 12
10 14 75
60 107 69
77 93 47
29 88 4
13 6 79
93 75 59
46 89 95
54 49 52
91 87 11
104 82 14
102 27 86
11 56 84
102 85 85
11 13 80
82 62 25
28 86 47
66 100 30
43 97 57
45 20 88
108 30 47
76 62 88
34 51 38
14 53 24
108 101 48
27 87 82
95 49 22
74 83 25
102 46 24
13 101 61
12 72 93
40 22 25
96 94 49
84 74 24
102 68 91
48 58 80
6 94 100
50 24 4
60 105 99
64 109 95
62 102 32
46 27 8
31 44 80
78 71 51
31 1 27
70 98 5
10 91 91
76 32 28
109 27 18
54 31 17
70 14 50
8 78 10
77 3 27
31 70 54
100 50 73
106 5 24
55 79 86
0 108 18
67 26 61
74 26 56
91 90 24
64 40 92
62 51 86
26 31 80
41 48 90
92 52 93
34 68 96
66 99 42
84 41 80
86 80 7
66 93 7
36 103 13
59 96 20
61 99 63
38 76 23
85 48 32
95 90 16
53 32 57
46 10 60
31 9 41
69 108 14
48 39 44
81 52 46
78 55 42
10 26 94
20 48 8
7 109 46
60 35 89
72 89 15
79 82 28
95 108 87
11 82 85
22 20 54
88 91 71
69 6 2
96 75 88
7 45 39
91 11 12
93 10 58
15 40 66
70 33 39
105 87 38
28 11 26
32 10 54
21 57 1
0 12 40
42 46 24
25 108 39
7 53 85
29 20 29
83 36 89
62 31 45
54 47 53
91 46 95
91 101 58
63 68 63
6 18 19
39 73 87
27 73 57
14 48 51
13 63 53
6 85 91
83 100 24
1 61 95
100 72 36
20 100 94
96 83 67
78 10 38
49 24 13
47 4 31
50 66 88
44 105 20
74 104 25
82 83 25
40 38 7
36 109 21
25 34 34
26 66 20
20 66 87
106 102 3
38 6 34
107 18 62
67 93 99
22 67 92
35 100 56
59 6 52
58 74 1
10 1 20
88 84 9
56 75 15
84 101 80
45 3 90
85 57 98
70 106 96
87 2 55
72 95 60
82 74 62
2 44 70
11 99 38
107 92 54
17 92 2
25 29 33
83 107 52
53 44 47
50 3 27
12 1 80
49 103 59
13 54 36
84 30 23
84 19 30
42 11 78
17 41 47
80 59 28
57 68 96
17 78 2
39 106 11
72 87 82
99 90 80
69 77 82
17 94 49
59 21 71
103 32 92
16 102 94
47 42 68
9 89 43
97 16 60
11 81 77
56 63 67
62 35 73
74 95 14
35 2 87
26 75 97
80 45 86
105 4 26
52 76 55
69 10 49
26 97 63
66 37 55
16 34 15
28 43 76
78 45 22
93 24 60
42 60 55
41 39 96
15 107 19
103 25 55
59 5 53
3 72 66
15 56 15
103 41 45
94 29 92
109 4 42
20 98 58
7 5 92
30 33 76
78 47 65
97 39 91
56 103 28
51 87 48
89 59 52
26 78 97
0 96 64
100 79 1
8 67 30
107 13 86
79 22 80
38 101 75
101 37 63
0 52 10
102 67 80
70 95 4
32 67 22
18 49 27
21 52 53
0 107 91
37 48 52
108 97 1
49 19 54
36 80 38
21 8 72
12 59 7
97 91 95
93 13 2
103 96 72
50 97 11
43 80 55
62 38 56
22 91 10
35 33 20
47 50 39
105 36 60
10 68 7
22 103 18
45 34 50
72 74 87
11 20 92
25 95 28
13 78 4
22 73 28
49 56 78
52 25 96
50 63 29
53 10 22
67 44 74
67 0 50
104 74 34
11 3 91
93 28 43
93 26 63
21 2 77
22 70 55
29 17 14
98 89 88
68 97 59
55 70 95
51 102 34
84 66 8
103 51 60
40 53 6
95 106 8
105 8 74
5 60 37
73 79 24
30 106 92
70 45 84
31 66 2
58 77 34
69 32 96
29 51 13
95 48 11
8 21 80
98 60 87
19 52 19
56 21 85
1 45 13
52 101 85
28 21 85
71 26 96
98 69 45
73 16 62
25 86 81
46 84 65
79 38 83
35 74 60
64 107 93
77 76 45
9 12 59
5 34 68
25 90 56
1 34 60
46 45 78
89 3 70
80 100 44
29 102 19
74 93 1
8 104 93
67 71 45
76 16 18
31 97 73
92 79 29
99 94 38
43 102 56
10 88 68
49 5 48
58 90 38
105 73 56
83 27 35
68 51 100
105 63 47
28 25 51
72 12 53
108 64 70
28 69 67
108 69 56
32 104 83
9 22 1
90 55 26
70 30 76
76 34 52
84 55 5
37 59 73
37 84 30
1 2 60
51 100 89
76 48 4
21 63 75
34 70 64
11 50 19
86 38 19
53 83 57
32 29 94
45 101 87
0 75 30
109 8 33
80 2 26
109 15 68
91 20 15
75 93 34
93 32 1
100 22 93
70 5 23
88 36 41
100 66 74
43 3 56
84 73 32
100 81 13
67 40 87
100 41 16
81 63 40
32 87 90
58 5 74
2 42 83
90 21 61
4 20 64
14 9 43
21 64 76
4 78 13
51 58 49
43 90 63
8 108 99
81 67 75
92 8 36
109 7 21
96 0 24
17 45 64
48 94 73
39 93 52
40 89 64
61 107 82
104 29 31
33 3 68
86 32 9
105 91 16
63 45 65
83 3 46
98 103 55
67 7 100
97 79 37
78 109 34
46 48 81
88 8 79
70 105 58
93 84 6
26 22 73
102 16 96
44 97 74
85 78 94
47 58 87
69 107 78
5 102 21
78 93 22
54 109 49
4 29 74
7 56 80
83 57 74
14 78 45
60 73 28
24 30 40
74 77 54
51 33 76
17 71 25
10 59 59
89 27 23
81 99 76
75 99 29
108 51 19
106 79 64
33 62 21
8 24 79
42 95 56
32 6 16
36 82 57
79 44 77
25 28 73
98 29 83
92 85 11
17 52 64
105 20 29
43 25 65
46 7 13
71 42 41
73 72 74
16 104 92
86 89 24
56 85 92
102 83 22
32 20 20
104 95 14
12 87 59
107 34 46
56 80 45
27 25 76
45 15 63
52 34 26
41 40 88
56 27 41
35 103 72
56 13 92
104 58 93
9 72 79
6 32 75
41 80 49
59 106 64
39 61 73
27 36 26
108 2 70
39 16 24
56 8 86
71 32 71
85 106 31
85 34 46
26 56 86
88 59 20
77 20 72
105 97 50
92 10 71
50 109 63
18 50 12
57 4 52
2 72 18
32 64 17
55 68 20
75 22 27
76 73 51
33 109 60
1 55 95
104 55 14
18 61 69
4 62 56
24 107 22
51 8 88
86 74 81
57 26 62
86 54 67
92 66 46
13 53 83
78 84 1
52 45 51
101 66 58
102 29 59
56 61 34
47 67 42
24 66 51
72 0 53
18 12 61
60 59 93
6 30 56
46 25 1
93 99 73
39 4 19
86 72 1
94 86 83
53 70 13
60 29 34
48 54 69
22 39 77
7 4 89
27 22 44
36 60 63
51 32 43
38 105 96
59 53 72
34 107 69
92 98 69
26 47 97
48 28 79
31 82 84
52 28 4
56 20 11
87 15 67
54 75 32
37 17 58
38 104 24
44 80 20
68 10 93
67 12 20
48 47 28
99 67 86
37 95 77
64 3 78
5 45 4
9 5 2
1 22 41
59 50 56
76 13 96
2 28 30
29 32 31
87 13 32
38 28 94
18 81 92
36 24 47
61 73 71
5 42 59
52 53 11
37 46 99
38 61 33
46 42 14
0 84 44
91 13 39
42 38 54
55 18 89
15 59 58
61 12 62
0 36 59
2 57 49
100 94 77
31 5 91
27 105 19
2 10 81
103 87 57
12 20 98
7 95 7
64 55 47
38 86 17
70 75 40
38 93 40
17 101 67
58 101 58
60 86 5
102 56 99
75 12 22
0 101 29
24 58 18
91 1 55
73 19 33
74 108 71
41 32 78
56 91 62
12 36 49
89 9 84
50 79 90
101 0 62
71 60 54
86 18 29
79 85 78
81 43 53
16 101 16
69 43 98
67 85 58
63 102 70
74 109 83
75 69 68
40 109 36
47 11 79
11 5 47
14 28 43
70 56 56
1 51 43
105 0 67
83 75 4
12 103 57
75 101 25
2 85 18
102 58 55
50 42 91
39 38 92
20 25 81
45 41 33
99 34 30
44 38 37
109 102 88
56 41 27
4 89 63
77 28 52
44 51 54
10 57 17
55 76 67
54 52 56
34 26 57
80 64 13
94 80 33
61 27 27
99 93 29
10 25 1
12 38 58
89 70 3
87 38 53
89 28 97
77 55 46
37 83 52
48 40 85
61 42 26
17 54 37
67 19 92
107 8 65
34 103 53
102 98 27
6 25 83
41 11 70
74 88 29
66 24 87
98 108 26
56 19 85
93 96 50
92 83 83
11 61 92
67 103 20
58 59 21
81 6 51
96 30 77
71 100 99
82 35 6
19 41 42
92 20 43
14 72 89
76 19 95
45 83 91
71 107 37
1 77 83
55 91 29
28 4 71
40 96 23
70 87 88
4 42 85
81 0 93
29 37 32
86 21 10
31 109 18
46 54 83
38 74 62
100 36 2
14 85 50
36 26 5
81 68 41
64 4 90
14 51 22
77 0 26
21 105 84
91 7 40
61 80 2
42 75 20
31 42 6
104 70 31
39 57 7
28 10 8
80 12 29
48 21 67
45 74 90
81 27 59
67 91 1
77 14 10
55 82 10
14 105 83
88 44 60
72 44 48
77 18 70
99 1 50
73 87 62
10 66 31
12 67 7
16 59 77
103 9 20
50 57 52
107 5 57
88 82 17
14 25 74
34 3 93
42 51 45
85 53 92
97 82 71
78 29 34
0 72 90
5 85 50
102 103 15
10 5 43
0 47 71
78 82 93
10 35 26
67 53 41
91 77 20
89 81 55
88 93 43
16 6 73
42 1 18
62 86 17
43 34 98
48 2 45
26 44 38
36 85 57
32 4 86
69 1 2
87 67 85
44 8 16
59 27 28
20 4 76
63 81 14
76 63 42
26 91 11
40 7 13
109 98 71
97 100 97
68 67 55
101 24 85
22 25 24
68 95 35
32 75 87
57 20 5
26 45 94
94 68 61
1 4 94
58 45 28
84 81 93
55 22 43
75 29 22
15 14 19
81 14 77
72 40 28
48 18 98
58 38 2
106 48 74
80 35 20
47 59 25
84 9 98
78 24 47
8 94 16
37 32 23
7 28 70
21 46 41
88 18 76
54 21 85
83 72 54
82 19 51
3 85 62
82 76 6
48 64 48
95 28 83
11 74 61
27 109 39
52 39 59
5 61 100
79 106 9
80 108 34
87 3 87
67 29 86
32 86 16
5 75 65
33 42 60
10 72 42
101 7 73
25 58 78
45 30 67
59 74 77
27 97 8
6 37 31
66 85 88
37 71 62
73 101 23
45 36 46
14 42 93
1 50 41
71 55 61
78 14 5
91 34 54
71 10 100
40 5 53
7 66 18
102 45 67
70 101 71
26 72 6
88 87 100
49 37 64
99 72 59
51 97 98
3 0 62
93 89 71
58 22 12
19 67 47
54 59 53
83 17 66
87 47 84
66 79 88
36 74 28
28 19 21
94 59 95
24 15 30
6 40 15
83 56 22
45 31 37
87 14 77
13 0 65
60 74 91
100 80 51
47 82 96
73 75 70
28 105 6
36 76 94
107 81 33
108 77 30
54 45 93
45 7 72
21 88 57
47 101 11
38 87 49
53 40 45
64 92 66
9 3 5
43 12 10
57 32 79
28 102 99
34 22 29
64 76 13
16 4 13
84 4 2
24 84 63
77 27 32
18 75 24
22 97 20
101 39 100
61 54 17
89 55 38
69 89 31
91 2 89
30 101 57
35 17 56
2 25 68
11 68 41
27 12 71
13 12 93
81 12 54
24 9 65
66 9 65
86 101 26
77 38 63
60 25 23
85 19 87
78 22 29
7 104 97
93 88 11
84 93 83
60 5 75
29 78 17
108 73 72
106 52 3
39 102 73
60 34 55
37 33 10
103 59 47
64 27 57
81 47 52
101 83 24
39 32 39
12 73 13
59 37 77
64 93 30
93 91 58
95 73 24
14 104 30
18 10 28
20 7 71
78 53 91
41 93 63
68 90 76
63 97 46
42 103 97
82 88 86
28 84 67
90 101 3
28 12 100
49 104 25
86 4 4
35 42 2
93 107 28
28 98 86
25 80 28
12 21 61
64 51 28
61 8 40
76 41 72
37 47 19
109 50 25
61 96 37
109 101 55
62 24 4
0 94 30
64 45 36
105 18 14
14 12 35
0 32 42
33 15 77
98 61 40
92 29 86
57 92 7
1 108 10
9 13 91
74 67 41
47 49 79
27 40 67
83 39 7
58 104 50
72 43 91
58 52 92
49 99 40
21 76 4
12 104 60
14 39 76
93 38 94
31 51 37
40 61 17
19 53 95
102 63 58
107 74 35
3 67 31
38 3 30
54 76 32
48 74 58
26 59 67
92 104 78
85 82 61
73 38 57
62 101 6
60 1 72
37 104 30
77 12 91
64 70 19
44 71 15
102 73 64
86 97 38
13 106 33
76 77 93
91 61 30
74 16 62
16 36 98
0 109 5
20 107 19
33 40 8
13 51 5
85 38 23
96 12 51
103 38 17
71 101 76
27 80 64
46 60 71
32 49 38
2 80 68
46 103 81
11 73 22
109 85 2
20 44 26
3 32 37
73 51 53
87 99 86
4 98 33
102 59 49
33 102 48
4 13 41
53 21 37
5 11 96
16 99 14
68 36 31
14 75 78
50 20 69
100 105 15
21 78 10
26 73 27
39 13 37
94 21 96
25 3 86
26 83 83
8 51 93
46 33 41
45 50 27
47 95 82
44 63 15
77 82 78
72 109 45
56 92 100
66 77 95
21 97 24
17 55 57
48 95 80
7 105 18
49 25 16
17 69 67
63 100 12
89 29 7
45 32 57
73 7 86
52 91 82
42 17 53
101 99 54
70 79 72
62 107 34
43 8 65
38 91 79
9 95 30
44 77 42
34 27 21
15 31 35
33 29 96
43 49 10
102 32 5
26 16 61
79 36 14
60 48 52
85 60 96
67 97 29
90 78 53
105 68 71
97 78 69
6 49 80
50 32 16
24 57 5
107 27 76
94 24 53
60 64 49
79 64 67
79 68 61
52 61 76
58 71 48
13 29 11
6 16 84
5 41 19
50 95 30
8 46 92
32 77 23
96 85 35
96 2 92
18 69 93
14 99 50
12 8 97
76 78 13
87 18 67
87 46 2
46 20 38
33 50 74
101 81 88
42 96 82
69 68 75
12 25 82
2 99 55
105 66 97
40 41 12
67 78 32
56 4 27
6 88 5
68 107 29
53 6 75
79 34 44
67 62 75
20 0 84
98 13 58
3 5 96
17 85 31
53 61 57
17 15 29
72 81 25
14 62 68
44 39 39
14 66 94
103 31 7
108 76 27
62 40 67
93 39 60
101 55 59
71 33 44
21 54 44
108 70 47
2 88 61
35 80 10
68 50 20
71 82 94
29 39 26
40 48 36
97 64 36
25 92 81
84 104 95
55 48 8
6 74 49
29 9 31
109 58 38
14 84 23
24 103 89
2 35 43
58 83 95
36 62 77
88 58 47
81 41 86
37 54 54
84 22 41
43 59 71
6 97 44
42 109 99
5 71 30
84 46 97
52 37 43
14 16 95
86 76 56
10 105 63
103 37 57
0 85 25
8 29 15
10 20 27
90 68 14
24 80 20
82 11 80
99 13 5
74 71 68
16 61 21
5 63 36
98 14 51
90 51 83
98 7 37
92 14 81
41 96 21
39 33 3
56 36 43
36 73 53
81 17 62
62 53 54
80 6 98
26 89 64
108 36 84
60 41 13
80 37 100
92 86 7
3 103 78
16 12 58
89 24 40
33 47 37
61 26 54
103 104 11
104 57 64
77 49 35
57 6 22
100 73 66
52 83 93
76 102 45
25 54 10
82 96 36
98 94 52
29 10 8
99 55 51
31 88 39
35 39 44
102 1 47
62 76 28
3 21 24
82 66 38
41 106 79
65 91 45
65 101 94
65 107 63
65 54 32
65 74 54
65 104 16
65 102 96
65 108 15
65 72 11
65 93 63
65 96 70
65 31 18
65 62 82
65 95 77
65 42 90
65 45 7
65 52 99
65 35 57
65 6 66
65 34 20
65 13 61
65 33 58
65 37 85
65 19 50
65 57 52
65 105 92
65 70 48
65 29 94
65 88 32
65 90 46
65 83 57
65 10 25
65 87 6
65 109 2
65 4 14
65 25 42
65 98 14
65 26 50
65 1 79
65 58 50
65 89 48
65 16 23
65 46 71
65 14 97
65 103 89
65 69 95
65 80 2
65 106 84
65 8 68
65 84 50
65 21 82
65 81 12
65 36 56
65 85 32
65 82 64
65 30 18
65 68 34
65 12 6
65 75 28
65 77 97
65 15 53
65 43 88
65 3 77
65 94 5
65 92 53
65 0 74
65 56 3
65 97 55
65 100 70
65 40 14
65 86 44
65 39 55
65 2 61
65 38 35
0 23 41
1 23 99
2 23 90
4 23 88
7 23 1
8 23 33
9 23 31
12 23 3
13 23 86
14 23 97
15 23 73
16 23 20
17 23 65
18 23 6
19 23 39
20 23 24
21 23 4
22 23 44
24 23 95
25 23 39
26 23 37
27 23 46
28 23 16
29 23 87
30 23 33
33 23 98
34 23 48
35 23 27
37 23 28
39 23 49
42 23 39
44 23 92
45 23 23
46 23 52
47 23 3
49 23 79
51 23 34
52 23 59
55 23 7
56 23 35
57 23 36
58 23 70
61 23 6
62 23 59
63 23 20
64 23 60
66 23 90
69 23 60
70 23 22
71 23 37
72 23 78
74 23 97
76 23 69
77 23 42
78 23 42
79 23 2
80 23 4
82 23 2
85 23 65
86 23 13
87 23 61
88 23 55
89 23 49
90 23 40
91 23 36
92 23 49
93 23 21
94 23 31
96 23 13
97 23 28
99 23 83
100 23 92
101 23 75
102 23 92
103 23 97
104 23 10
105 23 76
108 23 16
109 23 71
