11
10
70 17 31
88 17 21
40 36 66
85 88 12
19 0 69
31 15 42
76 55 35
25 43 80
64 9 39
57 18 88
31 40 79
43 32 99
84 53 30
71 81 80
19 76 28
31 58 74
67 72 59
64 50 29
45 83 42
58 50 91
74 72 10
89 60 71
0 27 76
14 31 59
89 83 58
57 69 14
69 52 80
53 62 22
9 65 48
1 28 36
25 2 34
17 61 48
49 30 8
85 2 32
60 16 40
81 31 21
50 89 21
77 83 2
86 77 71
60 24 81
29 59 31
79 42 30
76 28 78
15 75 69
7 5 62
89 86 87
30 85 36
4 87 10
7 64 80
52 65 71
54 12 71
6 29 47
51 20 14
23 65 52
36 82 41
70 42 86
2 37 97
20 38 72
71 19 67
8 82 36
57 78 46
39 25 87
64 75 95
31 52 79
7 32 69
14 64 68
70 77 22
82 18 70
31 86 97
53 78 100
4 9 2
13 28 91
21 72 58
4 73 61
89 33 27
39 22 40
47 34 48
71 69 75
50 33 55
71 89 87
58 59 74
40 33 22
62 6 94
53 32 88
21 63 74
49 61 63
28 82 63
65 54 84
24 12 82
9 2 75
87 17 59
41 53 19
49 46 98
50 81 91
59 27 38
8 17 2
74 88 79
55 26 20
40 59 22
61 88 89
51 47 6
78 69 84
36 80 71
43 26 37
51 49 42
20 85 99
3 27 75
2 78 30
64 0 45
18 89 16
43 58 46
83 7 56
17 36 5
78 65 76
80 24 49
30 41 44
46 73 88
25 83 60
2 88 42
61 79 35
29 81 68
29 61 9
85 84 34
73 80 21
41 61 4
4 20 50
4 68 49
55 9 73
31 62 90
14 83 100
35 2 77
68 37 42
1 9 64
46 83 8
13 2 74
82 74 66
6 47 74
69 65 39
72 8 1
3 22 71
85 27 65
2 9 91
29 80 73
69 40 66
4 1 18
41 67 12
36 15 7
89 87 99
21 88 42
0 44 23
67 17 20
80 41 20
24 13 21
86 29 72
41 45 99
70 41 43
66 12 55
22 88 83
12 75 49
84 88 97
18 34 34
89 32 6
32 76 82
12 1 87
22 16 82
3 8 68
1 51 58
33 34 53
65 68 88
54 1 33
53 57 83
86 14 31
71 7 36
50 41 6
48 84 15
6 21 85
35 21 32
58 18 15
67 60 53
64 72 31
8 43 82
12 24 9
7 30 32
5 45 98
75 36 58
5 3 22
22 66 89
6 3 72
57 65 90
42 74 64
74 63 68
79 15 61
80 18 57
30 34 34
16 54 15
27 36 91
38 13 73
82 27 100
25 62 48
27 34 88
14 73 21
41 50 75
28 69 44
67 8 30
67 73 4
59 72 99
82 7 94
68 17 45
79 66 88
8 9 4
31 77 41
21 50 48
81 45 68
35 9 62
8 2 2
41 31 59
88 64 19
46 75 61
56 85 77
19 8 49
20 2 83
3 9 95
45 72 72
14 21 16
35 18 88
26 83 95
37 77 17
21 79 99
49 20 35
64 16 83
68 79 2
33 71 24
49 45 30
23 61 45
75 13 9
88 57 34
1 84 19
62 36 37
46 18 66
26 17 45
53 55 46
64 84 6
49 14 65
5 0 82
64 37 41
40 42 24
52 70 6
80 22 47
89 48 20
88 85 84
51 46 91
84 57 38
38 56 91
59 69 34
50 88 87
13 71 60
64 48 61
80 60 19
21 12 79
85 63 78
64 18 7
19 83 69
38 85 100
40 52 60
53 64 38
69 71 41
2 53 76
41 56 94
33 83 16
28 24 83
42 29 84
42 68 94
73 46 34
40 66 16
86 7 73
27 22 53
31 72 98
49 58 24
9 47 62
89 44 57
88 2 35
65 60 40
46 52 13
54 40 13
47 4 40
74 47 61
68 73 79
78 14 71
54 61 63
44 75 69
27 54 56
60 29 69
28 86 12
50 60 25
50 87 53
87 26 61
18 20 95
50 36 59
50 82 4
53 69 91
82 80 100
12 37 22
0 12 4
49 36 97
72 30 18
14 7 87
66 29 21
72 77 48
16 36 85
49 38 83
66 74 7
9 1 18
79 14 12
0 60 20
68 36 26
60 64 32
71 78 11
52 66 13
86 54 87
80 37 33
28 80 46
4 5 36
43 64 71
69 60 75
85 57 27
87 59 44
34 35 66
81 22 56
75 23 98
46 61 19
26 49 81
26 42 27
48 69 51
64 59 59
39 75 23
76 39 8
75 79 21
81 48 84
9 27 16
38 71 45
2 86 57
36 81 85
52 23 92
53 65 73
88 14 16
15 38 28
23 66 91
65 18 40
30 22 15
3 30 90
84 14 39
25 81 5
26 68 98
85 7 95
54 59 88
8 27 5
31 20 62
80 74 13
4 66 27
31 80 96
32 65 43
85 50 65
77 34 91
55 61 31
25 88 29
58 14 5
60 54 12
87 24 69
12 76 80
78 3 24
19 67 59
18 51 20
33 22 77
23 24 33
73 33 59
72 61 53
53 7 58
46 5 90
75 12 32
25 38 19
35 71 24
4 74 85
45 68 58
57 31 20
79 47 56
9 17 52
76 16 45
57 52 19
2 27 100
36 79 32
79 38 90
38 63 25
36 88 65
86 48 16
6 58 29
6 18 78
33 61 9
43 18 28
9 44 87
41 77 39
0 83 93
87 86 19
18 52 78
58 54 74
53 38 20
57 64 96
24 32 30
35 36 64
23 0 58
55 29 24
17 27 97
33 58 47
67 62 74
4 6 28
23 68 42
58 32 49
80 26 86
84 41 23
25 34 38
77 5 64
26 52 15
33 57 7
66 22 18
66 1 13
19 60 57
23 87 48
37 57 82
57 7 52
30 61 29
21 19 71
28 34 69
70 1 14
29 57 91
45 61 13
35 78 37
84 83 92
75 63 98
59 29 96
74 80 92
3 17 8
45 89 8
19 68 8
35 17 64
2 62 83
23 34 1
32 87 73
36 45 12
75 67 23
49 83 71
46 20 58
62 41 55
82 69 91
65 44 9
0 88 13
32 20 25
61 16 80
36 30 94
60 89 80
57 1 1
45 41 2
87 62 16
13 55 81
47 13 51
45 79 61
16 9 53
46 56 75
63 81 66
40 8 20
22 26 91
15 27 21
37 13 16
57 49 87
38 77 73
65 64 88
17 6 6
27 64 34
20 32 87
59 17 51
65 80 46
75 28 51
80 55 34
69 77 56
85 40 20
38 16 34
65 84 35
65 24 72
62 61 25
46 23 24
74 42 71
9 49 54
76 75 9
57 21 47
36 16 28
59 33 45
53 85 67
62 8 8
5 12 91
29 64 11
86 22 12
4 39 9
71 68 96
17 62 91
61 38 89
59 88 28
55 88 53
53 36 22
85 24 49
3 37 71
44 57 77
62 75 39
51 4 46
79 89 100
39 31 55
9 6 4
34 28 76
62 45 48
9 43 10
55 20 18
20 28 61
66 2 64
7 51 44
72 80 50
43 42 62
74 34 26
42 8 74
71 38 58
17 8 71
19 35 51
87 39 40
69 51 92
88 24 34
85 81 53
7 49 79
74 29 83
25 84 81
33 5 45
63 89 50
29 26 77
42 81 57
25 55 89
89 80 74
70 72 99
0 19 9
82 12 82
1 15 25
2 45 56
66 9 76
5 36 83
42 19 48
21 55 21
43 25 59
22 71 95
84 77 82
62 20 72
16 50 26
64 30 42
64 20 66
20 73 66
12 89 91
6 56 47
66 33 71
72 48 22
37 52 52
28 21 90
62 34 51
81 76 49
34 60 77
4 49 53
84 40 74
50 0 54
74 38 19
26 33 60
27 44 84
30 5 17
0 59 16
66 49 56
60 63 89
30 66 67
15 87 38
9 33 44
19 57 52
13 48 59
51 3 66
8 33 28
31 66 96
55 42 21
32 62 54
65 81 23
25 35 50
48 54 95
28 55 83
55 24 32
12 70 10
57 30 96
33 6 2
0 86 32
87 25 91
9 76 54
53 66 29
66 41 58
33 8 99
75 46 49
55 12 64
26 59 62
43 15 99
37 59 28
28 84 75
4 41 14
23 47 80
24 73 81
55 21 47
82 2 65
42 23 20
25 51 40
31 36 1
30 4 43
21 9 83
14 66 46
32 24 49
37 2 48
77 75 79
53 81 28
47 46 32
66 46 72
72 31 52
54 49 79
68 75 47
63 50 89
14 36 1
40 48 3
75 55 56
84 5 50
64 43 48
42 7 99
12 74 26
33 43 70
27 13 30
45 17 67
36 12 71
77 89 60
78 55 94
46 49 59
16 30 2
49 6 46
17 20 30
48 56 95
65 45 24
54 30 7
70 79 24
20 49 78
44 36 68
69 6 45
59 40 38
75 27 90
33 2 86
60 48 85
32 54 100
85 51 11
76 64 12
8 75 23
77 19 33
64 57 87
68 89 33
12 84 39
60 57 92
1 16 91
30 73 91
49 75 54
20 60 14
3 23 38
31 0 74
76 34 35
13 19 42
54 17 55
58 44 86
1 59 44
67 41 51
89 14 12
7 67 71
42 83 15
20 45 53
29 78 45
2 89 82
78 81 63
43 60 52
0 26 14
71 8 57
9 8 50
88 20 1
83 89 8
39 58 29
62 59 49
76 80 9
87 51 98
79 45 74
5 4 64
15 81 4
84 42 13
9 61 57
2 38 20
16 27 35
66 0 71
40 80 84
87 88 91
57 15 20
51 40 21
18 12 79
54 37 58
79 73 40
36 31 25
38 44 86
45 39 94
42 76 20
88 52 4
13 53 51
44 63 26
77 42 53
64 33 58
29 4 21
72 14 74
76 31 2
13 82 68
86 64 4
49 13 15
61 42 8
32 5 79
88 74 97
68 82 98
5 81 75
47 53 77
8 34 37
87 64 81
18 67 27
14 68 24
42 54 13
21 57 74
16 89 1
19 54 56
49 44 51
44 54 65
70 80 56
17 88 24
17 28 64
8 23 66
75 69 4
2 15 62
87 27 60
30 69 36
19 73 3
65 88 27
88 61 66
36 48 97
84 43 93
16 77 73
1 46 97
2 87 73
68 58 61
28 81 22
3 81 85
87 37 4
54 4 91
56 58 75
52 35 53
87 31 68
56 14 31
77 52 85
80 35 81
15 43 60
66 64 14
70 60 56
69 64 79
17 48 64
63 55 78
42 39 6
17 34 84
52 32 83
51 77 49
32 26 58
75 54 26
16 49 76
45 12 23
26 76 3
32 6 52
38 60 58
23 14 38
75 30 35
24 63 20
14 9 92
58 63 93
36 13 46
52 4 44
48 89 30
12 28 92
60 85 93
74 87 99
71 65 96
1 49 53
48 14 15
62 31 35
74 36 59
1 27 72
30 56 32
78 5 96
63 69 7
77 60 10
70 69 41
22 13 76
17 12 81
30 58 50
1 31 87
50 72 45
18 14 35
28 53 74
73 1 91
26 43 30
74 71 55
28 27 90
41 12 21
59 34 61
26 29 34
12 38 73
78 84 11
87 66 16
13 58 44
4 72 8
3 26 71
3 29 4
64 60 71
0 55 100
3 42 59
52 41 29
3 48 37
34 18 21
31 64 92
4 22 17
57 72 83
8 1 8
24 33 27
50 27 78
68 41 92
20 19 93
7 31 78
80 76 50
68 2 51
33 50 97
53 9 39
54 13 61
65 3 48
80 9 76
73 82 7
27 51 95
87 82 76
64 89 90
26 66 70
8 47 51
3 74 27
81 60 11
25 16 15
58 2 3
84 6 73
8 46 46
30 46 77
58 40 82
73 44 58
45 76 30
43 49 44
69 58 86
29 63 49
6 13 85
55 70 52
34 67 3
31 3 48
23 57 75
58 1 3
32 8 40
71 49 86
18 85 43
57 50 76
89 41 58
13 39 66
48 42 51
81 36 55
14 69 73
4 52 53
42 89 10
84 9 65
6 38 73
73 4 48
49 23 25
65 51 18
51 15 1
50 54 90
62 19 14
32 28 6
14 32 42
79 26 57
87 49 25
24 31 77
29 2 3
7 80 34
24 75 97
52 50 76
37 55 69
7 50 66
84 30 26
23 78 41
59 89 2
14 48 63
46 78 46
73 59 44
56 52 71
54 68 60
0 34 2
46 12 85
34 63 90
43 70 51
77 22 70
85 15 55
48 23 91
17 57 60
37 89 68
36 64 51
51 6 99
2 43 48
69 54 24
30 48 68
87 57 36
12 61 35
76 6 100
29 67 38
1 36 59
57 13 92
56 17 94
40 87 24
15 64 52
3 52 66
31 56 45
6 2 10
18 31 87
14 67 29
71 4 94
28 49 47
68 31 93
63 41 17
5 79 65
86 88 67
2 75 77
80 6 31
43 54 28
40 25 74
20 79 30
32 33 63
9 36 37
56 55 68
35 25 14
63 32 10
44 69 21
55 71 84
24 28 89
66 86 88
45 6 62
14 79 2
28 36 72
29 46 27
52 36 99
37 83 43
13 1 61
39 59 81
88 47 64
6 74 57
72 68 42
81 29 59
17 2 77
30 2 25
8 5 64
68 7 10
37 65 73
47 8 35
43 52 58
54 56 49
27 89 53
76 45 19
14 78 29
68 13 47
27 43 26
9 89 25
84 56 34
72 37 3
64 51 2
75 39 87
46 1 55
41 17 62
28 46 50
74 67 63
16 38 95
3 59 79
77 73 85
5 35 62
64 23 83
3 25 18
33 20 98
26 20 34
60 8 20
36 27 22
73 76 7
47 30 73
6 35 64
18 75 8
39 41 5
61 74 43
68 64 69
73 64 61
77 14 44
12 16 67
0 36 91
47 56 79
29 79 31
54 33 37
5 27 63
28 79 17
46 85 50
8 72 17
33 62 45
55 51 35
52 83 31
28 77 28
72 86 3
41 63 64
24 36 31
3 76 97
77 78 39
53 39 23
5 55 80
14 30 99
6 52 9
40 71 50
89 62 9
30 38 78
46 54 23
43 47 43
87 14 88
61 18 38
25 27 9
20 35 27
8 83 52
27 20 1
37 1 27
62 73 88
42 49 24
39 46 52
20 87 22
57 70 86
18 61 53
40 7 19
38 76 21
28 54 81
18 63 75
19 58 88
39 19 36
1 57 14
85 53 45
55 18 2
74 32 77
1 34 64
50 24 74
6 86 49
29 15 3
75 57 100
88 12 39
82 15 28
23 77 89
37 75 19
30 23 44
51 30 38
45 64 52
25 37 61
35 54 35
9 37 82
2 79 41
88 82 7
87 80 88
54 22 88
32 86 12
62 28 93
69 9 82
76 63 48
58 68 11
30 12 51
21 73 61
85 60 16
88 84 65
76 42 22
62 7 82
83 20 37
36 77 86
17 64 66
73 36 51
73 17 81
6 55 80
64 80 11
46 26 66
79 76 70
82 0 52
25 59 84
9 7 62
27 45 10
13 20 7
2 67 15
55 3 61
16 20 33
54 47 61
46 13 78
20 53 80
79 4 35
77 41 19
37 27 69
30 74 78
12 6 90
16 79 31
63 87 51
46 24 16
47 76 31
15 72 30
56 1 68
54 16 16
88 76 26
4 21 17
78 1 14
33 0 54
56 27 72
27 19 16
57 22 53
68 69 19
60 34 44
28 60 54
45 24 66
38 25 10
48 73 71
45 84 37
42 24 7
63 51 64
23 84 72
71 13 86
42 52 84
60 47 63
52 71 31
31 25 81
83 87 93
29 88 40
72 9 98
24 7 22
62 3 37
29 31 28
83 50 41
89 12 2
8 80 7
61 78 46
56 13 42
89 4 28
70 30 86
85 14 11
64 47 94
56 9 8
3 85 44
0 70 94
42 17 50
79 51 36
8 14 8
36 49 5
14 86 81
77 8 19
73 26 85
65 82 1
1 58 48
9 52 56
33 17 12
84 59 46
66 35 83
15 73 56
77 69 3
39 14 93
75 51 39
30 50 24
15 61 65
71 75 81
39 28 34
83 47 2
85 70 54
74 44 64
41 84 68
16 72 18
71 88 78
9 69 56
64 69 26
71 21 33
30 67 5
89 39 98
87 21 81
77 71 5
72 64 80
74 33 86
15 22 2
15 8 48
49 43 2
40 14 37
77 88 28
19 75 2
4 83 61
28 43 92
75 9 45
87 33 87
26 79 77
0 23 12
17 85 36
13 46 93
46 62 29
83 48 72
31 22 90
20 54 78
22 32 74
2 39 93
59 82 53
48 66 87
25 24 75
76 79 17
22 85 3
41 52 89
73 22 34
15 84 56
16 81 37
26 12 27
89 21 35
2 5 53
86 1 100
1 89 98
37 22 29
0 22 100
44 34 73
41 30 90
73 5 58
84 17 11
45 62 59
54 36 35
72 22 86
18 5 46
52 73 52
69 24 39
49 17 49
67 18 51
87 81 60
70 61 11
46 34 90
39 35 54
41 42 5
21 15 65
12 58 67
88 55 34
12 62 12
67 89 92
14 13 19
79 29 37
58 37 59
83 70 67
74 82 29
47 38 82
7 69 87
32 18 41
43 73 73
25 75 14
34 43 94
17 18 35
30 21 3
53 60 43
29 51 61
82 86 78
73 7 30
32 46 3
29 20 51
13 49 16
73 20 18
87 83 5
35 34 56
70 2 64
61 46 43
35 70 31
5 78 2
22 87 57
76 41 91
59 81 82
68 84 2
4 48 32
18 23 74
39 81 87
50 67 44
89 69 70
49 62 68
24 70 31
75 65 43
44 22 42
53 67 73
73 18 97
76 88 22
73 56 12
4 14 47
84 49 86
58 78 100
56 37 82
17 84 17
51 86 37
56 77 92
21 4 65
87 44 95
62 66 70
39 68 86
8 39 80
37 20 23
26 18 38
84 31 15
81 33 54
25 12 57
6 66 47
23 43 58
39 69 68
25 19 88
74 76 68
76 33 46
35 16 15
64 4 88
83 42 54
13 29 72
0 43 2
47 6 7
70 38 57
77 6 39
5 13 50
33 16 67
72 20 87
13 76 18
30 20 19
17 30 61
61 64 67
77 20 49
51 84 93
68 66 79
22 89 80
88 13 43
3 82 6
18 27 78
43 63 44
9 63 91
79 84 16
57 75 27
23 50 52
51 80 43
42 13 93
71 9 6
44 72 56
41 86 6
64 58 77
49 25 40
66 36 9
34 23 77
80 20 52
8 45 7
63 28 9
70 36 63
17 51 43
83 72 51
51 67 39
21 18 85
44 1 45
73 50 61
84 34 66
74 46 13
47 48 46
65 83 88
52 29 83
83 25 11
55 19 82
16 0 53
40 12 75
62 53 61
3 45 99
62 27 39
29 19 82
82 46 61
19 40 75
20 41 54
21 84 26
59 6 98
44 61 78
19 43 25
23 79 43
42 20 57
66 84 91
34 72 26
18 49 43
31 16 93
43 16 37
25 13 92
67 61 8
62 14 10
41 32 46
49 48 100
37 25 97
14 1 45
74 7 100
68 40 21
48 17 56
3 58 72
25 48 20
12 83 24
30 60 31
82 1 37
80 4 100
50 55 89
85 71 58
67 79 73
52 26 37
53 59 99
47 21 98
49 27 39
86 70 93
2 49 41
65 31 44
1 47 66
74 24 16
85 56 74
33 78 22
25 70 26
20 33 76
57 34 20
81 15 38
49 26 15
35 88 40
39 0 36
67 21 100
0 8 40
85 78 51
14 15 90
69 68 28
47 51 81
86 16 61
36 3 47
57 29 29
25 3 73
49 35 22
39 89 54
61 36 80
16 68 72
7 73 86
47 82 61
59 78 67
67 35 99
66 4 10
87 18 28
57 47 21
28 38 26
73 15 84
51 74 93
75 5 25
68 39 41
63 22 22
38 5 44
37 14 60
16 12 61
7 25 79
86 24 40
18 6 79
88 9 87
51 79 24
53 46 58
79 37 59
73 12 75
21 69 88
28 37 14
53 1 64
49 37 76
82 17 6
21 47 5
24 34 68
77 36 79
5 54 29
47 35 29
16 59 87
78 89 62
15 56 36
49 59 54
50 76 16
69 12 29
65 49 64
13 65 48
69 81 82
2 23 26
15 68 89
8 73 72
6 24 65
0 89 88
76 48 97
33 14 56
61 62 74
37 15 74
27 0 84
38 58 1
27 4 37
12 54 69
85 39 45
69 75 75
48 27 11
62 80 40
21 26 39
30 16 9
19 22 40
17 45 93
18 57 13
13 78 63
48 35 90
80 21 55
42 50 39
47 39 91
53 58 92
26 24 57
4 42 71
44 41 24
12 31 52
82 52 60
39 4 92
34 26 64
60 22 12
38 19 50
43 76 43
27 58 84
53 17 46
24 25 4
45 81 47
88 86 82
32 72 49
56 51 49
63 23 14
48 24 64
64 87 92
75 6 30
86 60 46
39 27 85
29 77 87
62 79 80
22 12 92
13 12 41
32 35 60
42 34 66
67 45 82
85 6 6
80 2 39
30 3 97
32 77 34
54 73 63
48 12 56
32 40 94
19 34 88
50 46 80
53 15 16
1 65 80
15 5 2
70 8 54
29 60 77
54 45 8
12 35 40
7 26 8
0 53 86
23 20 96
15 24 87
7 74 53
81 67 73
74 89 96
23 5 94
40 82 9
40 73 91
66 70 72
3 61 66
36 83 64
12 32 38
38 48 54
88 58 91
70 23 21
74 66 27
74 28 45
67 44 65
86 58 21
39 42 69
79 88 81
77 47 46
4 63 50
15 48 30
25 78 74
75 34 89
0 5 91
68 62 4
76 72 45
48 26 95
1 78 38
88 49 27
31 48 71
0 38 36
72 1 72
27 69 68
76 87 4
18 50 47
18 77 15
22 21 34
7 28 38
20 42 26
32 14 31
85 82 68
24 48 45
48 87 13
26 27 6
84 12 9
83 71 62
8 65 97
25 64 12
19 36 49
43 33 73
49 39 36
49 56 4
69 22 38
39 48 7
36 8 12
64 44 37
38 83 42
44 78 71
15 17 33
58 23 85
82 76 5
78 76 76
1 40 70
47 66 4
35 13 33
37 85 98
43 22 91
3 0 92
68 47 74
20 15 34
73 37 66
9 86 5
26 86 72
70 51 25
41 74 93
0 72 47
85 49 94
59 80 3
12 45 13
7 33 77
52 13 4
72 62 17
31 35 70
84 47 30
15 28 1
40 76 72
87 74 65
74 79 46
45 3 32
49 65 11
35 30 73
78 88 72
22 51 3
62 18 58
79 18 72
1 5 51
54 32 4
70 63 4
53 41 51
16 65 61
39 38 67
34 27 4
31 71 64
61 59 31
1 42 48
30 63 62
18 16 62
54 27 75
77 44 1
68 81 91
40 54 15
61 30 95
67 54 64
17 81 99
30 87 70
38 62 35
20 5 66
69 46 29
70 68 59
55 31 41
85 46 58
24 14 69
72 53 58
0 31 66
15 21 54
75 53 7
35 65 97
24 22 41
18 2 100
73 8 58
78 23 17
38 42 19
69 16 23
53 35 5
79 71 60
38 64 71
63 2 43
46 25 27
25 4 1
13 47 21
88 59 18
83 34 6
61 21 57
56 23 26
89 57 95
24 16 25
21 34 36
70 0 75
13 70 62
78 58 93
1 41 31
80 43 69
29 16 94
67 39 11
0 87 9
81 30 71
45 27 50
71 51 47
86 68 28
24 86 53
71 36 4
13 34 29
31 67 4
17 5 57
30 57 63
89 24 31
71 28 75
68 12 46
83 38 51
68 50 80
13 62 30
69 72 78
5 51 20
75 59 74
27 9 4
9 23 23
64 13 44
39 87 2
34 14 72
44 4 41
83 53 44
36 43 69
8 29 28
23 2 21
79 50 87
79 7 68
39 82 98
70 43 95
7 19 99
14 26 62
54 60 14
48 51 92
89 2 87
12 60 92
36 29 19
82 33 61
74 68 84
82 5 75
22 81 67
48 72 51
83 66 20
86 55 2
38 79 57
37 40 74
38 55 5
58 36 9
56 83 23
36 74 64
85 89 27
73 88 4
65 50 62
84 13 35
73 49 3
28 76 41
77 37 81
56 67 14
65 57 61
6 69 50
15 26 17
42 48 40
7 6 84
39 71 81
81 72 92
43 29 36
83 81 29
24 85 71
2 64 36
61 89 35
89 8 83
75 0 30
72 59 86
87 5 34
16 48 70
47 32 8
2 36 25
23 85 1
80 47 60
16 13 21
31 6 97
53 24 32
13 30 16
58 77 37
85 35 57
8 41 39
41 47 20
79 1 57
72 12 69
81 89 34
81 73 10
27 87 11
31 76 59
30 25 13
83 59 65
26 81 63
54 55 79
58 34 74
34 17 75
55 59 52
16 86 84
8 57 27
7 76 42
60 6 36
82 61 88
35 46 6
31 5 5
36 25 16
22 55 76
16 82 48
76 65 69
66 24 25
54 24 36
82 37 47
34 81 29
45 47 77
15 66 18
87 78 9
51 37 94
77 51 90
26 16 100
6 89 80
25 66 86
68 34 76
29 87 84
63 52 10
84 18 31
43 17 88
17 19 37
21 81 68
71 6 20
62 82 40
29 40 83
30 53 82
33 12 1
49 89 92
2 74 10
77 21 89
32 57 81
12 53 35
13 80 13
83 80 86
81 61 37
14 61 93
63 13 9
30 51 79
57 8 24
55 27 6
61 12 79
42 58 55
55 81 68
53 12 87
20 77 11
44 62 21
57 41 1
28 50 29
86 87 78
16 62 99
17 44 62
54 53 89
64 38 95
69 89 83
3 14 45
16 51 99
52 82 44
59 41 2
71 30 60
2 20 96
13 36 48
83 55 49
84 50 100
66 43 60
27 76 46
9 81 100
74 22 42
47 67 15
4 35 72
85 38 26
72 38 72
33 13 61
9 59 29
27 38 37
89 88 50
34 7 4
51 2 5
29 7 18
38 49 92
12 25 73
54 26 38
31 13 75
76 37 9
8 81 19
85 73 44
59 1 77
34 32 90
58 17 75
48 8 8
8 0 57
86 82 99
79 52 72
23 15 56
46 35 65
83 64 6
63 27 60
6 60 2
48 20 25
17 23 15
86 2 34
52 45 51
78 39 95
75 84 33
49 21 89
23 67 58
37 60 15
6 15 81
35 72 8
83 13 53
5 6 41
54 41 62
62 50 39
3 88 67
45 58 93
76 84 55
7 53 15
27 26 66
39 86 49
68 0 36
8 12 43
50 58 9
54 50 23
3 21 36
12 15 18
4 56 38
2 69 75
0 82 6
51 76 25
26 53 67
21 68 35
68 38 45
26 82 62
2 51 40
81 78 93
86 50 48
1 53 65
37 78 25
64 86 33
56 15 36
71 58 31
28 44 19
88 83 62
76 17 47
82 14 77
53 49 4
23 26 93
53 54 88
59 49 18
44 53 57
3 68 18
76 35 33
27 1 46
19 5 43
14 88 84
5 88 73
86 32 82
66 30 14
1 69 49
28 17 66
52 22 25
81 19 95
39 29 83
66 51 56
75 43 8
66 31 40
63 30 81
63 34 22
88 77 4
25 0 80
83 44 65
2 84 31
20 6 41
44 42 90
33 75 79
27 23 51
74 70 87
1 60 12
77 33 18
36 37 12
40 70 79
88 22 22
55 65 85
26 78 63
19 2 55
55 49 71
44 9 30
14 56 12
62 46 86
4 13 9
61 33 54
62 2 53
0 14 7
1 61 59
51 24 65
82 35 10
34 29 42
45 63 82
52 61 23
26 40 39
45 34 64
57 67 82
28 33 91
56 82 98
58 33 57
77 45 48
65 56 7
83 37 80
35 14 93
57 36 85
26 14 30
37 5 14
14 39 58
63 88 26
39 76 83
38 70 25
22 17 6
21 54 41
39 12 75
24 72 57
49 5 21
78 16 74
27 24 55
79 67 25
3 38 47
14 53 95
54 78 28
53 29 23
21 23 58
87 1 85
58 66 78
14 81 98
34 73 73
22 77 7
78 46 4
60 76 97
49 88 50
22 46 16
40 13 31
57 68 73
53 72 51
2 19 5
70 67 8
48 82 18
9 30 41
34 50 72
3 15 45
89 5 32
19 48 20
38 23 38
31 87 95
28 56 47
21 25 17
63 45 37
56 7 30
57 43 97
43 14 94
57 26 81
30 80 89
39 70 38
79 27 91
43 69 66
83 46 43
20 30 96
79 16 11
7 18 10
30 14 29
0 35 51
41 51 41
29 50 40
34 66 65
5 68 27
31 59 56
63 0 17
7 16 11
37 82 62
89 67 89
19 14 85
15 42 56
62 78 22
85 62 84
79 3 68
58 73 91
78 64 64
64 22 56
56 42 37
30 40 29
73 57 33
35 86 8
17 33 49
57 55 17
33 76 81
67 27 62
48 15 86
28 87 7
83 29 59
28 51 66
70 76 66
81 5 88
36 89 56
49 86 55
21 17 99
3 87 19
85 4 33
38 30 84
29 48 50
67 63 32
72 23 88
2 1 48
30 59 28
38 72 18
43 35 93
61 50 49
15 0 67
24 51 43
65 72 34
14 22 16
54 42 11
81 53 83
21 62 5
15 1 74
79 83 81
81 79 44
29 56 64
56 71 23
88 39 19
51 45 15
44 46 61
54 74 86
61 45 19
60 73 10
18 74 65
79 80 79
52 77 98
74 12 72
55 0 75
71 64 59
38 18 31
83 78 35
19 23 41
5 46 35
50 78 88
62 9 52
30 54 5
4 58 49
31 84 52
72 44 94
53 51 58
63 21 23
71 37 42
15 37 49
32 59 77
0 33 23
39 9 90
73 87 86
62 26 73
85 17 82
7 89 83
20 58 5
55 35 14
51 58 24
83 54 6
60 83 58
84 19 77
16 52 17
3 64 95
46 30 84
5 77 41
78 74 69
22 75 37
38 12 2
6 28 100
52 47 100
44 48 54
65 9 55
6 78 56
46 89 72
54 9 56
59 61 22
5 61 14
64 41 95
34 22 93
8 68 89
47 45 73
66 54 8
27 14 78
20 9 55
84 72 42
54 3 25
16 61 88
13 69 18
53 25 26
58 71 60
64 56 65
55 82 9
14 51 93
17 22 59
55 25 78
33 29 98
18 21 4
47 0 85
53 5 17
44 65 57
62 48 43
5 86 65
46 9 15
66 42 28
41 20 90
17 37 100
67 13 10
6 83 24
25 80 30
82 40 5
58 82 76
88 62 96
0 39 81
67 64 24
62 40 29
78 41 67
27 79 88
53 63 71
45 33 55
65 46 16
5 23 86
39 36 80
55 63 60
54 62 5
81 1 10
29 21 58
71 85 47
2 35 16
44 37 86
27 35 86
69 82 91
2 40 50
22 60 45
8 62 77
43 77 93
0 76 48
86 56 17
48 34 76
15 13 60
17 41 43
22 8 28
88 32 94
23 73 80
77 56 68
31 78 20
41 75 75
19 66 74
26 55 22
42 28 77
49 24 17
70 7 49
80 31 78
17 79 30
17 77 93
50 30 90
82 19 70
30 52 47
75 48 43
15 59 50
12 55 84
75 61 34
3 56 51
2 44 31
4 88 83
29 39 76
60 49 100
7 78 35
37 74 82
69 88 4
85 5 89
18 79 25
4 62 70
9 87 39
58 12 100
5 75 68
76 5 19
31 29 39
44 7 87
72 15 6
55 77 17
7 65 49
17 7 90
32 66 39
47 3 67
87 46 56
44 84 42
66 67 84
75 29 68
69 59 27
57 40 32
51 57 38
30 9 45
68 1 15
54 25 37
43 67 63
18 9 6
41 55 50
66 78 48
59 45 58
6 32 14
81 62 92
32 34 34
24 69 57
45 9 50
13 64 24
46 70 9
26 38 32
20 72 48
4 81 4
51 5 21
36 76 27
41 79 78
53 43 100
58 0 30
55 37 29
4 2 25
61 73 74
80 71 11
59 43 81
87 65 30
8 6 45
67 42 33
66 61 46
39 57 81
85 9 32
3 6 19
57 4 75
39 73 62
23 28 6
89 66 77
73 79 59
47 75 78
67 43 92
1 43 6
39 88 78
58 6 90
30 68 70
61 0 75
70 53 64
66 5 1
3 41 57
82 34 33
42 2 2
15 36 41
66 32 51
27 48 40
77 62 69
44 71 18
16 78 14
12 80 64
81 87 38
48 9 11
3 60 52
27 16 27
75 45 82
33 38 19
85 12 48
7 39 39
15 9 2
80 88 20
33 89 75
26 74 4
29 8 50
0 84 79
3 43 1
17 39 36
51 13 98
51 43 97
26 2 44
31 74 33
44 38 79
56 53 43
19 29 27
42 66 78
1 13 49
66 39 33
33 59 29
77 31 100
67 56 58
28 22 7
20 76 64
25 58 8
82 3 75
60 14 44
20 0 42
44 67 21
65 67 11
38 51 48
40 9 45
75 16 74
34 41 22
37 84 23
18 44 41
55 64 40
45 2 52
40 67 84
65 63 11
33 41 48
60 78 43
68 67 3
64 24 55
89 15 72
25 40 8
38 61 2
20 24 49
80 64 35
12 57 48
57 39 94
24 3 52
7 52 57
51 17 75
61 41 25
1 39 17
78 59 71
4 0 27
75 83 53
41 16 53
7 87 51
69 26 64
54 29 83
18 76 32
75 78 81
39 53 80
70 59 95
73 78 81
19 49 62
61 85 94
6 85 39
75 37 34
27 50 63
86 12 58
63 12 5
43 13 31
7 42 75
12 20 35
21 71 50
71 80 16
23 29 17
5 37 63
59 87 75
70 44 22
48 77 68
43 39 97
85 64 81
5 47 26
68 25 2
73 51 91
64 34 92
16 70 43
82 88 53
37 16 84
0 50 69
6 4 70
14 46 63
24 67 1
18 87 26
85 23 60
33 3 26
47 19 10
87 9 92
17 74 24
17 26 58
48 5 93
6 80 9
81 74 57
24 17 38
66 60 66
16 85 41
22 25 58
64 54 49
74 48 50
55 47 36
86 67 99
78 18 12
62 70 63
5 44 93
62 12 39
63 66 60
65 21 49
59 83 47
55 6 34
9 53 90
82 63 12
57 56 37
75 86 48
28 70 31
15 45 24
7 79 3
17 71 60
1 71 62
7 37 38
57 59 20
75 40 59
67 65 68
61 55 56
4 24 68
76 54 69
76 0 100
33 66 88
21 44 40
29 27 86
41 83 66
9 66 42
30 79 33
46 51 22
60 67 93
50 51 66
76 14 82
55 85 21
83 0 88
72 41 17
27 88 15
9 45 22
70 50 27
59 16 5
62 43 73
61 8 6
47 68 33
69 49 26
19 77 52
67 82 98
53 89 17
82 57 24
2 26 59
76 62 18
40 19 24
82 51 5
78 37 37
31 57 100
63 75 75
78 52 9
50 56 33
66 44 40
25 20 80
19 33 31
39 6 57
7 68 98
65 76 62
73 68 50
28 89 67
19 16 5
44 49 66
22 74 51
3 62 17
88 36 75
44 82 100
51 75 8
39 67 35
41 38 38
24 83 83
43 86 19
0 21 53
14 33 56
29 30 98
35 50 64
35 48 59
51 16 24
49 1 72
57 32 48
89 50 93
79 43 97
73 63 29
70 13 24
86 30 36
33 85 7
57 53 100
77 70 25
3 71 15
86 6 10
27 30 79
6 30 89
52 3 69
41 76 27
64 79 33
51 39 42
0 16 31
59 14 48
72 71 64
84 52 14
86 84 21
81 59 26
78 38 62
45 78 70
70 40 63
79 48 29
19 88 50
18 80 95
34 47 5
58 7 28
76 24 3
72 50 65
88 43 95
33 63 6
58 88 14
61 69 29
14 54 84
65 8 20
58 31 83
9 80 64
87 29 54
86 57 59
87 73 21
86 34 24
79 78 95
46 43 72
55 39 90
22 78 50
9 42 95
78 0 26
12 50 86
19 56 74
81 56 28
43 24 78
73 52 60
36 56 52
73 65 90
40 56 27
70 25 15
69 27 60
88 60 6
4 85 65
34 45 56
27 5 99
19 89 87
19 42 28
78 63 62
24 76 75
73 34 38
39 45 97
49 80 60
52 78 10
85 74 24
64 27 17
6 63 34
74 69 39
87 8 34
44 12 38
62 76 99
71 61 13
48 25 92
48 46 55
6 33 92
7 17 20
34 56 83
32 19 37
76 66 24
50 61 75
47 40 26
73 53 7
79 23 96
87 70 62
16 33 51
74 16 60
34 85 63
35 32 5
75 74 13
21 42 44
21 3 92
22 86 19
35 77 76
12 51 36
40 41 57
71 87 22
61 56 90
82 32 32
20 31 85
78 33 15
38 45 13
82 22 9
20 52 63
45 59 87
3 34 49
31 34 22
32 21 13
30 32 92
32 60 28
25 15 64
85 31 47
29 32 43
51 32 74
65 32 2
75 52 26
14 71 30
77 17 33
26 32 88
4 50 17
70 31 62
40 53 26
42 88 51
66 57 15
30 24 95
35 42 88
60 80 14
73 14 100
2 25 82
25 53 43
1 12 81
9 18 28
79 61 19
3 51 86
35 61 85
85 16 53
60 50 72
35 64 48
4 31 42
31 68 62
60 84 14
14 12 91
39 34 65
80 0 36
12 82 12
13 35 85
19 13 16
67 33 20
78 77 53
43 89 59
76 71 46
28 62 53
81 69 25
40 86 7
23 41 91
87 47 23
32 37 44
18 37 3
75 17 77
81 34 34
68 49 32
88 50 97
58 41 80
48 53 78
38 59 15
73 19 68
35 84 44
42 71 10
86 59 55
22 70 88
17 60 47
21 14 10
4 84 8
73 77 27
60 41 27
85 47 85
70 5 78
60 18 41
80 36 88
63 14 71
51 66 8
72 57 1
57 71 15
27 65 32
64 1 60
14 49 68
52 51 77
66 27 95
2 3 38
79 39 58
88 34 43
13 3 4
70 83 78
43 68 3
5 17 67
53 23 78
8 70 41
65 70 23
22 19 45
9 38 66
4 17 41
23 55 17
12 40 18
83 1 79
41 2 58
56 70 95
15 30 60
67 71 76
24 78 8
77 3 86
48 16 70
70 62 93
54 0 25
66 47 21
76 49 21
85 20 19
74 49 6
20 1 95
88 15 19
63 4 44
21 31 10
48 74 23
2 8 21
72 83 26
19 47 2
3 39 65
58 57 67
42 41 45
62 63 72
39 49 3
51 0 52
6 54 39
70 84 6
15 49 54
36 73 81
83 4 11
78 21 93
69 35 69
80 52 99
36 2 80
37 36 37
5 34 35
65 85 47
0 61 64
0 15 66
47 23 88
63 54 57
19 63 90
42 36 32
74 21 77
85 59 75
12 14 4
2 61 91
56 33 13
46 29 41
41 60 86
60 0 100
17 82 56
69 78 40
37 30 76
22 63 11
61 77 90
36 55 59
16 42 81
22 48 53
83 8 39
14 34 51
75 38 12
0 2 86
56 65 53
88 68 98
5 60 45
4 34 18
4 29 68
48 85 49
28 41 75
9 13 24
31 21 81
61 40 60
70 47 52
22 35 42
61 19 60
84 33 65
86 27 73
17 40 47
29 22 46
16 18 15
54 83 94
82 36 76
37 66 11
87 67 53
15 52 45
63 64 56
33 27 53
52 57 24
65 77 74
41 43 47
14 8 73
61 20 57
52 54 29
46 81 89
65 15 83
85 13 66
52 64 50
80 28 24
32 30 53
41 54 22
19 71 86
9 40 99
71 1 13
51 48 94
29 44 59
71 23 74
50 66 64
6 44 89
79 86 7
45 82 76
19 61 47
80 16 85
86 81 54
65 16 59
8 64 4
56 68 79
57 0 68
68 61 80
14 80 64
45 69 97
75 60 19
26 63 15
61 43 3
53 47 44
16 19 54
43 65 9
65 7 34
78 54 35
34 37 84
3 80 37
33 21 12
3 2 82
16 44 97
79 77 53
32 27 33
23 42 73
44 3 72
17 15 86
31 46 4
37 9 76
45 32 34
84 38 45
89 61 9
64 78 32
14 44 96
49 85 1
23 1 21
42 85 43
18 17 63
8 66 96
0 1 63
6 87 34
67 36 9
89 35 53
25 26 93
34 8 8
73 48 48
57 2 5
30 65 5
81 49 62
35 87 42
18 71 26
70 48 82
66 83 93
21 74 45
53 26 68
76 77 89
55 2 93
51 68 11
28 23 67
62 55 69
58 69 7
7 34 41
23 7 12
34 36 39
23 40 17
38 34 11
13 9 71
28 59 28
87 61 81
66 17 9
89 42 7
12 17 34
27 63 99
40 1 14
57 24 63
61 14 58
4 25 34
66 81 51
46 47 69
56 22 40
22 53 88
33 30 2
56 84 76
38 87 20
51 36 5
74 45 25
74 85 100
1 18 92
37 19 99
19 45 20
38 74 64
51 56 18
32 29 77
18 62 66
26 13 1
44 27 59
25 85 48
37 86 23
35 89 10
50 83 33
80 46 3
5 43 12
52 0 68
7 20 3
14 24 84
59 63 61
1 25 20
57 28 48
43 34 18
68 4 90
60 58 19
19 39 53
78 71 74
40 63 8
66 62 27
36 69 47
67 4 26
82 54 66
24 62 17
35 40 81
22 49 53
1 0 25
57 74 31
59 0 96
81 40 16
1 45 56
61 66 67
74 9 30
46 53 1
5 32 81
39 56 97
44 51 15
56 40 9
19 62 33
14 87 58
33 4 80
24 0 13
53 37 58
18 42 5
19 84 13
84 79 41
42 14 70
63 5 91
66 71 43
44 16 4
33 73 65
33 42 2
41 88 38
31 30 14
5 59 88
38 81 8
47 81 57
87 4 18
43 8 100
58 25 79
20 7 47
49 0 71
12 4 16
86 79 13
73 81 14
12 44 11
78 24 46
89 16 61
35 58 67
80 66 64
37 17 87
39 65 87
8 35 20
69 53 19
65 55 85
87 76 75
12 85 90
51 82 68
82 9 31
13 24 18
58 89 6
56 34 79
7 2 39
86 5 43
41 0 65
62 81 22
9 54 50
13 21 61
49 22 79
68 16 18
7 72 24
12 2 13
44 30 67
76 38 30
24 79 51
49 32 5
84 37 25
53 83 24
44 68 44
6 46 49
9 28 33
53 20 86
86 61 56
64 73 23
74 18 19
84 82 89
37 61 43
49 63 34
2 70 24
32 70 72
37 76 88
75 7 42
27 78 54
65 6 29
55 78 59
80 48 25
66 77 76
42 69 66
40 32 99
61 47 10
61 83 19
61 35 37
50 44 83
26 67 76
8 40 72
82 16 9
63 62 6
59 38 23
36 0 38
30 76 23
40 79 41
57 17 88
59 3 36
4 45 1
46 64 5
67 12 82
20 23 47
34 5 94
20 59 51
69 83 73
21 13 65
36 14 59
27 59 8
62 5 24
48 2 60
46 38 18
69 84 75
3 77 84
54 82 52
38 78 29
47 22 21
61 58 94
32 74 54
84 16 68
29 58 38
5 15 47
26 72 98
60 40 28
74 5 75
41 82 99
81 3 88
38 15 6
49 54 24
80 30 50
72 55 26
28 85 87
1 3 88
81 12 57
67 86 49
41 69 35
7 81 29
65 40 79
0 75 17
87 7 3
7 66 86
89 53 14
51 21 66
35 63 70
80 77 15
12 8 68
55 76 21
58 43 74
24 77 30
27 71 31
30 13 34
9 16 85
6 7 77
37 87 21
79 8 61
54 35 43
63 85 75
46 58 92
17 69 75
89 3 90
22 59 35
2 16 40
4 53 65
31 12 92
84 44 62
78 56 95
50 26 75
31 79 96
14 20 92
51 65 74
87 72 69
72 70 46
26 89 58
68 74 79
72 29 81
40 49 36
50 74 6
31 24 30
81 46 37
31 1 4
77 82 27
79 44 48
58 75 29
35 37 27
44 45 6
38 41 87
76 59 1
30 89 88
1 86 82
74 58 6
21 28 76
2 76 36
3 12 87
0 45 67
57 80 7
85 83 65
45 37 17
18 81 88
13 51 49
41 59 43
9 55 72
33 1 66
62 0 57
23 74 87
67 77 99
42 35 78
62 56 66
39 77 68
33 70 13
42 53 14
87 36 49
39 66 77
52 79 10
73 42 89
19 80 25
26 47 15
7 41 92
59 23 5
89 85 26
3 66 85
48 68 7
77 4 98
43 4 93
89 6 49
57 88 95
1 30 66
35 53 63
26 8 91
57 54 59
88 19 83
64 82 37
76 61 40
40 83 86
13 74 17
65 74 31
35 24 59
51 28 24
55 58 9
29 70 2
36 78 16
8 30 10
21 32 7
44 47 51
69 0 64
51 33 27
23 35 24
16 35 82
24 74 84
2 58 26
18 58 32
8 48 99
19 82 65
49 51 80
19 17 27
15 88 73
83 57 50
52 31 68
1 73 32
28 4 22
86 33 14
60 46 39
12 9 78
24 50 85
81 64 25
41 87 82
59 39 98
56 50 91
14 76 56
5 20 53
51 60 24
46 59 38
6 12 47
89 31 88
26 71 95
45 26 94
34 42 54
59 48 96
40 58 98
16 73 80
65 36 23
69 45 91
23 37 2
15 85 27
31 55 23
29 35 89
81 83 62
87 16 67
50 3 91
33 55 74
17 76 28
65 71 29
32 78 76
35 29 77
28 83 72
71 39 53
29 62 26
47 26 67
63 39 44
51 71 41
83 14 26
78 75 100
71 17 70
9 50 20
57 46 100
24 65 15
58 51 96
75 18 29
62 52 50
7 85 17
27 17 43
69 17 71
29 17 97
89 0 53
34 74 24
89 28 47
47 16 18
72 17 73
32 45 52
15 6 85
48 40 37
57 58 28
7 27 89
54 63 31
57 63 62
47 85 93
61 22 71
85 18 69
74 13 94
89 52 28
14 27 23
50 43 33
62 85 4
7 86 25
64 63 90
25 68 82
22 9 91
82 79 65
17 42 46
7 63 26
22 34 44
70 52 42
65 17 48
33 18 74
58 64 3
60 23 20
7 22 38
66 73 29
18 73 30
58 53 76
9 84 57
41 28 90
24 45 29
71 15 8
26 61 55
1 26 67
23 36 92
69 21 49
33 45 78
30 29 64
47 62 40
56 4 72
77 72 44
75 47 98
41 35 48
63 37 26
38 50 74
9 48 40
42 51 2
25 61 52
42 62 34
85 61 57
48 57 26
49 79 14
15 20 73
8 4 89
2 21 19
31 23 22
74 25 49
15 71 70
24 52 83
19 3 80
67 75 79
27 57 86
86 20 97
69 63 41
58 4 14
37 69 90
16 2 93
89 82 59
66 34 67
78 60 42
41 22 35
69 4 81
67 76 38
21 41 32
25 32 26
51 55 100
21 51 95
61 53 60
15 35 24
85 87 17
57 79 65
89 27 25
73 28 72
33 24 64
88 69 84
26 60 100
71 77 13
45 14 22
87 40 89
62 22 5
81 26 25
55 52 19
66 63 46
38 46 62
42 86 42
17 53 49
83 19 25
30 43 96
40 46 60
9 74 21
48 80 23
77 39 51
72 34 71
29 13 89
61 65 72
36 61 94
71 62 23
40 0 24
9 0 62
25 23 65
66 68 51
81 8 40
44 89 76
1 76 23
67 19 39
72 67 42
22 37 51
58 8 99
22 36 78
52 30 74
17 65 91
85 86 100
46 7 5
53 87 47
80 45 5
19 51 13
19 65 84
16 80 57
86 78 79
46 57 73
57 33 84
88 79 72
68 63 83
0 74 54
50 23 5
32 82 87
1 63 41
72 3 95
18 8 59
55 56 2
0 20 21
59 51 50
26 22 95
29 6 7
27 53 59
60 4 8
83 58 24
32 58 39
89 47 60
87 77 78
82 81 2
85 66 14
22 56 8
28 65 94
69 66 87
2 73 94
56 72 82
15 60 30
25 42 26
2 50 31
12 64 38
44 74 91
35 28 13
45 25 51
83 36 94
3 44 6
88 33 22
13 79 62
24 38 79
33 19 85
13 38 81
12 13 14
57 45 93
50 75 18
55 86 48
77 79 49
30 47 25
9 83 37
55 69 65
51 83 77
23 16 58
80 86 100
84 20 86
13 45 37
84 15 42
76 15 25
89 65 72
68 53 76
33 80 64
56 44 99
70 24 19
8 51 25
21 56 93
18 25 6
45 49 69
76 81 100
53 19 10
78 50 85
35 76 73
32 0 100
40 75 82
53 84 29
60 36 26
3 33 100
88 26 89
2 12 35
86 71 65
50 69 40
57 61 75
29 37 69
65 39 13
78 47 34
84 65 60
59 64 90
76 4 85
83 79 21
4 79 100
35 73 87
52 80 78
65 89 62
73 83 80
40 43 71
63 59 75
18 48 48
3 86 9
5 21 1
0 85 3
79 30 10
63 44 96
18 68 93
43 51 47
12 46 21
5 82 40
73 60 58
0 37 64
67 53 50
33 51 94
59 13 31
64 3 39
13 16 7
74 2 72
1 87 62
68 32 1
67 16 37
68 46 43
1 29 11
63 74 32
33 26 87
14 3 4
35 33 65
3 32 20
46 88 84
16 87 74
76 20 58
34 31 38
22 24 43
7 62 26
16 3 65
33 7 19
87 32 85
8 55 88
64 81 51
0 73 27
80 75 76
4 59 74
47 20 52
56 48 83
38 84 10
24 1 30
2 28 55
47 78 61
26 0 79
87 75 92
36 19 27
25 7 46
29 41 96
72 40 47
28 61 99
4 40 2
67 80 57
61 1 3
65 61 54
39 83 26
51 59 49
43 74 78
77 61 54
34 78 11
16 55 78
73 85 71
42 4 4
77 25 30
29 3 32
21 49 93
81 24 86
61 29 22
26 51 53
80 50 44
9 70 76
47 72 57
13 40 73
78 83 59
70 57 21
13 75 96
78 26 47
56 30 25
45 22 50
0 29 15
89 43 84
30 31 36
23 83 19
13 59 56
53 3 21
55 83 9
79 20 36
60 55 42
73 39 45
17 66 12
19 37 65
63 33 79
45 60 82
13 18 8
19 87 16
71 12 49
28 19 28
58 26 98
2 59 79
44 56 21
9 82 94
67 2 64
67 22 98
82 78 20
59 19 55
62 74 100
27 25 32
83 9 5
55 34 13
44 40 10
28 2 80
14 63 12
24 37 55
18 84 24
13 43 66
79 68 98
14 72 1
52 6 4
69 32 54
83 35 35
60 7 75
9 29 99
9 68 72
72 45 2
37 38 95
0 4 74
31 51 62
43 9 53
71 42 71
6 31 15
1 14 74
65 20 72
54 58 1
47 31 63
72 33 50
86 74 94
48 58 44
51 85 26
21 64 66
48 38 20
18 28 95
65 53 43
88 5 74
35 67 41
26 84 87
28 75 7
56 2 88
52 20 92
34 69 4
53 68 57
43 12 50
36 53 97
12 36 84
40 89 87
4 54 76
20 65 49
53 48 66
70 6 86
61 26 91
56 87 64
54 31 13
44 83 81
34 24 12
4 46 75
53 42 26
9 26 91
63 83 85
68 87 18
3 16 85
16 56 52
5 31 21
15 79 79
84 89 34
1 79 31
64 65 12
18 30 32
89 54 77
28 6 6
15 19 88
71 25 56
18 36 74
34 54 17
57 6 69
30 18 8
14 77 42
19 21 53
46 48 58
59 73 63
79 0 14
46 17 23
27 31 52
38 57 49
12 5 76
55 14 16
70 78 32
7 38 28
14 18 56
64 42 31
28 64 60
27 7 34
60 87 54
77 80 68
81 66 29
84 1 90
36 60 49
19 55 76
81 86 47
48 13 50
66 28 83
36 47 2
71 35 10
40 77 7
6 8 38
12 65 68
82 64 48
9 14 45
69 8 2
45 66 82
79 81 27
59 60 72
64 61 48
87 60 45
70 73 83
30 49 75
49 18 94
15 39 65
35 3 23
78 28 28
25 72 73
26 64 55
74 65 32
53 82 62
18 53 73
40 60 75
11 28 78
11 0 11
11 47 7
11 72 77
11 1 9
11 35 9
11 67 6
11 46 70
11 42 27
11 56 8
11 5 18
11 49 19
11 55 86
11 32 94
11 26 100
11 80 64
11 83 1
11 85 9
11 21 33
11 40 21
11 60 95
11 13 80
11 43 72
11 71 5
11 4 38
11 64 75
11 20 98
11 14 93
11 36 71
11 70 89
11 52 37
11 81 40
11 3 77
11 41 82
11 30 46
11 16 25
11 18 11
11 62 60
11 29 72
11 78 78
11 58 5
11 77 79
1 10 77
3 10 53
4 10 11
7 10 59
9 10 65
14 10 58
15 10 49
18 10 53
20 10 59
22 10 20
23 10 89
25 10 63
27 10 43
34 10 88
35 10 33
36 10 33
39 10 77
41 10 1
43 10 24
44 10 28
47 10 1
50 10 33
51 10 62
53 10 28
54 10 81
58 10 20
59 10 24
60 10 63
62 10 23
63 10 61
67 10 79
70 10 71
71 10 48
72 10 49
76 10 22
78 10 27
81 10 59
82 10 31
83 10 94
84 10 84
86 10 65
88 10 83
