114
23
35 5 63
102 82 7
74 12 67
43 2 46
102 107 44
116 107 75
101 103 45
119 73 64
29 116 46
105 4 76
20 82 31
47 80 74
103 69 1
25 87 3
84 100 99
103 18 96
36 84 43
28 6 5
60 61 76
8 92 51
70 31 64
68 25 45
41 49 70
5 117 22
10 49 55
30 58 63
22 81 48
54 70 53
96 94 73
29 113 13
105 53 85
105 79 31
85 78 94
3 67 64
81 43 38
118 72 58
85 109 59
93 34 58
91 4 54
42 105 66
13 4 17
83 116 43
71 3 25
28 36 46
72 64 59
82 31 87
94 91 54
68 3 29
109 106 83
45 32 19
108 30 87
49 69 52
55 106 28
68 17 69
65 68 63
119 93 72
105 81 36
70 93 76
86 54 58
15 102 23
104 15 59
30 6 6
67 42 100
28 66 68
70 18 34
40 58 15
92 44 13
119 18 68
45 60 89
38 95 25
89 9 77
12 46 17
37 101 56
29 57 35
53 52 4
72 22 6
70 47 81
109 94 85
115 102 10
107 102 21
30 94 40
85 89 77
102 9 20
112 37 84
105 29 52
11 54 97
67 57 74
61 67 79
58 3 100
21 4 0
36 49 71
76 30 52
71 39 2
77 80 9
57 45 34
73 25 43
19 59 15
62 81 35
19 112 97
108 25 58
87 29 73
119 49 96
112 50 100
117 101 87
108 13 19
94 109 66
98 33 36
14 117 22
44 52 85
101 25 77
7 53 99
77 39 27
63 117 18
60 90 24
35 111 68
96 19 2
43 44 95
38 106 90
110 115 51
97 7 16
5 46 67
119 32 67
46 69 9
97 81 14
118 106 95
8 88 24
15 29 67
93 81 38
106 32 14
4 50 52
35 62 52
46 33 19
87 22 34
89 11 68
4 45 42
83 25 83
65 42 50
58 6 67
66 112 11
9 35 72
33 59 24
110 91 67
25 70 89
46 2 81
81 28 72
2 99 87
25 56 38
108 71 19
9 2 99
107 34 27
100 115 45
92 45 36
25 108 11
106 90 76
4 57 91
85 53 34
92 2 88
53 41 65
15 107 34
49 94 91
48 22 58
14 100 43
36 72 39
33 70 26
55 54 48
73 27 34
74 54 2
86 4 16
117 75 67
106 24 73
118 29 20
6 95 55
107 42 62
69 118 26
25 63 73
36 99 64
99 14 92
38 44 28
30 96 10
94 96 78
53 80 38
108 15 66
53 83 63
49 22 28
86 77 24
58 1 5
53 24 92
106 11 38
16 60 5
30 9 3
72 26 68
28 48 84
106 70 81
102 19 65
35 102 10
7 97 18
61 27 83
10 112 96
78 47 5
5 107 2
93 61 88
38 36 3
37 90 13
18 108 95
26 97 10
55 118 8
91 94 51
90 66 37
90 1 65
14 115 56
10 38 34
24 118 19
19 99 72
12 45 51
33 69 64
70 1 63
117 59 45
44 4 100
84 25 64
47 29 42
87 63 0
36 41 34
99 44 80
94 63 59
81 9 71
52 74 25
7 38 28
95 8 93
99 84 5
90 2 6
72 38 43
102 108 66
17 38 47
8 108 1
78 0 52
103 100 48
6 96 37
14 56 19
116 105 20
80 69 73
6 3 82
8 112 21
106 36 86
31 71 37
1 45 72
75 45 9
71 103 12
25 50 41
95 25 91
16 81 1
44 98 98
33 22 45
17 21 58
71 80 63
104 57 30
98 106 50
98 93 6
116 84 71
94 49 42
67 74 24
116 56 83
109 6 17
33 3 35
29 112 20
33 104 3
29 105 82
54 44 37
5 53 19
69 42 39
31 96 33
102 76 29
45 117 23
26 112 3
77 68 54
86 28 10
34 99 71
96 25 66
56 15 25
34 91 63
92 7 98
53 7 42
40 26 81
45 80 3
15 19 86
0 103 53
1 90 47
79 16 45
112 72 69
66 116 69
55 69 20
0 29 70
117 25 94
97 115 91
104 41 50
86 37 51
6 53 32
44 30 71
37 0 20
10 42 91
3 106 15
81 41 53
65 66 35
29 35 1
18 19 44
107 69 92
101 31 16
35 104 35
45 57 55
36 17 98
4 80 91
7 90 9
21 11 66
33 94 51
82 50 77
31 37 98
14 88 7
93 76 88
51 64 50
56 3 66
37 45 35
29 106 36
110 112 74
47 49 56
39 91 9
86 108 85
72 19 76
90 11 72
10 65 36
47 77 15
73 100 41
20 21 75
87 64 100
14 91 11
69 17 94
56 65 87
105 72 50
80 103 12
115 98 85
52 67 93
81 19 4
34 92 95
34 30 37
22 18 60
6 8 13
94 31 100
59 96 96
8 106 74
45 27 100
10 92 45
65 21 74
96 20 51
32 35 50
56 80 62
66 117 87
37 13 85
28 73 91
71 65 36
64 116 51
83 93 79
35 10 31
112 48 59
28 34 40
104 43 48
106 37 83
0 45 73
37 82 41
75 106 38
22 60 73
48 76 4
106 25 26
37 115 51
57 84 43
6 38 29
11 3 93
59 63 79
118 61 80
13 101 91
71 44 29
4 81 46
66 49 14
62 109 14
29 85 7
100 31 48
26 28 25
61 103 20
39 82 67
31 50 83
110 50 80
62 80 14
76 94 73
67 107 21
119 105 40
57 93 26
51 102 95
97 48 23
12 78 3
65 54 0
95 72 46
70 97 32
22 104 65
107 104 87
24 97 39
35 13 13
41 79 66
100 13 58
18 82 79
16 100 66
61 14 64
26 6 87
118 34 67
43 72 35
66 1 27
33 46 75
117 87 62
10 0 19
65 34 13
86 57 11
112 55 60
39 6 43
65 80 53
81 71 27
28 1 16
36 79 78
38 49 18
64 83 1
89 35 78
21 15 68
117 9 12
79 62 89
56 35 13
15 42 43
118 69 21
103 63 54
19 10 69
20 73 58
69 6 72
100 65 6
49 101 82
69 44 13
99 50 92
104 60 18
85 119 49
19 43 13
59 73 92
90 94 99
79 86 59
11 18 57
51 26 94
49 74 58
11 110 39
53 116 80
112 52 23
15 12 86
110 74 18
5 87 90
38 43 96
43 37 11
93 80 28
37 52 90
91 79 15
36 44 89
73 54 46
27 49 86
117 28 97
39 55 7
87 74 50
102 65 1
47 95 31
39 27 72
9 44 3
103 28 14
52 76 36
56 5 33
30 74 27
67 4 7
10 44 96
55 82 15
78 32 50
91 35 62
62 71 80
24 8 79
102 98 67
47 3 3
100 44 57
15 53 22
17 103 20
11 87 32
11 16 18
107 84 12
119 103 54
34 71 55
63 45 35
103 112 97
86 103 20
64 15 17
62 88 57
50 10 44
95 41 91
83 69 79
108 8 84
28 60 69
9 62 14
64 18 89
100 14 83
110 106 39
78 104 75
33 8 84
112 5 53
52 46 56
10 37 63
19 87 65
103 45 9
6 32 61
80 78 77
79 32 45
90 70 52
110 101 34
14 16 22
51 110 31
7 8 44
2 43 14
54 20 36
93 72 31
82 91 79
35 100 94
53 6 14
111 12 97
96 21 42
80 94 65
72 111 13
59 77 20
2 109 13
71 82 46
10 62 47
118 75 51
81 35 39
71 96 6
17 116 2
91 26 13
45 26 45
46 36 99
39 12 49
11 25 31
29 20 53
18 41 56
46 47 29
16 110 44
8 52 72
56 79 19
32 8 87
58 53 58
84 47 5
73 30 53
100 109 58
108 45 71
28 112 95
69 55 52
34 51 99
101 24 9
9 80 43
97 65 95
58 107 11
90 16 46
42 77 91
91 67 10
3 15 4
83 32 90
82 46 11
79 102 19
83 9 83
116 15 65
76 31 67
85 91 43
37 62 89
13 63 4
81 59 46
70 99 27
30 79 89
6 4 26
61 53 21
83 14 81
15 37 19
118 96 96
38 84 99
90 55 19
64 111 22
42 41 17
12 33 20
0 119 48
88 51 91
70 102 1
50 26 19
31 32 49
116 78 26
22 72 25
9 57 27
68 88 94
46 59 71
50 84 90
101 90 87
14 84 53
83 42 80
44 49 93
103 55 45
20 56 72
66 74 32
103 11 99
113 2 26
29 31 39
100 3 14
36 14 54
29 1 4
11 71 59
13 74 25
47 33 98
101 47 29
116 8 0
91 17 35
94 36 23
109 7 81
43 68 38
24 9 91
109 118 47
62 50 93
57 64 34
92 53 38
84 5 61
63 38 95
64 16 65
69 108 13
86 22 99
83 95 52
73 28 49
10 77 38
7 62 59
44 5 32
72 31 23
21 2 96
45 6 8
118 36 84
7 78 50
78 51 51
66 34 39
3 53 13
93 74 95
40 49 60
77 21 34
8 97 81
28 72 6
2 77 59
62 31 31
65 52 69
21 102 19
116 47 56
93 39 21
45 94 6
71 73 83
98 77 81
47 61 100
85 0 23
54 64 78
93 4 75
22 110 71
49 33 21
11 43 70
44 86 42
73 69 24
84 78 39
109 27 69
83 90 60
61 50 43
37 95 60
113 108 23
48 101 91
12 71 16
86 85 72
57 21 62
85 12 67
108 46 11
55 5 40
92 69 25
9 37 37
30 95 49
104 14 56
99 49 99
14 26 53
11 77 6
72 81 7
89 83 57
57 52 62
119 21 26
100 34 52
115 19 98
92 64 4
53 26 13
3 25 7
100 71 18
9 81 48
22 112 4
81 32 8
115 82 39
74 11 13
64 119 17
87 17 2
27 9 58
96 42 47
40 50 26
35 85 76
98 89 100
55 90 25
3 89 99
88 10 88
22 13 59
43 41 36
43 65 45
101 74 29
102 44 84
108 68 45
67 13 89
69 70 89
82 107 32
45 82 73
109 72 72
2 12 24
81 67 39
87 27 9
54 25 16
44 3 57
74 61 68
26 62 93
88 61 58
48 43 59
36 85 74
109 80 0
80 10 96
95 83 90
40 19 16
70 75 13
50 108 62
10 54 50
73 62 52
12 67 5
52 91 32
85 107 75
89 27 97
48 106 42
115 60 100
17 79 47
92 98 63
19 108 75
21 97 51
82 15 41
33 108 68
55 35 71
49 11 33
79 58 0
4 73 49
63 65 33
55 97 38
17 58 61
92 76 54
115 85 9
38 67 27
11 62 24
81 107 50
82 93 88
90 20 19
87 48 23
54 55 34
99 48 99
65 79 75
3 65 5
51 94 66
32 68 97
9 24 91
72 18 22
40 65 77
24 40 58
65 51 36
27 33 10
52 65 2
105 119 23
103 41 81
83 30 47
113 106 59
13 89 71
33 0 80
40 68 28
103 83 95
91 97 5
112 93 37
86 56 84
105 112 77
33 26 19
93 45 52
2 25 52
101 22 85
15 24 66
68 47 4
15 89 62
109 88 96
115 80 39
11 111 90
88 38 16
108 90 17
79 104 46
5 16 13
10 60 89
116 61 2
70 26 51
91 116 10
107 33 15
37 80 94
43 100 20
86 96 98
81 11 88
50 7 13
80 38 82
32 95 20
60 113 62
19 109 48
78 86 30
81 5 48
65 15 7
8 81 59
110 33 22
104 21 60
39 84 41
67 33 20
4 18 75
92 91 47
102 11 74
41 25 20
97 43 34
85 95 61
60 25 61
111 4 40
75 26 9
116 34 68
31 18 47
86 1 68
63 86 92
57 107 5
14 35 59
103 5 32
98 75 30
47 110 49
103 68 17
96 66 10
32 82 4
2 80 48
110 67 81
99 43 38
26 43 16
47 118 47
1 74 7
30 10 73
50 36 62
79 55 37
75 11 87
119 112 68
83 105 13
32 28 12
52 4 75
33 88 81
5 106 61
20 107 21
58 98 34
47 40 50
99 89 22
31 81 86
74 71 90
26 47 9
33 37 99
77 112 42
60 91 71
117 24 53
93 95 89
24 81 87
45 53 28
83 59 97
59 55 39
69 10 99
43 74 85
67 16 34
67 103 12
82 39 55
85 10 4
24 53 11
37 71 85
20 38 66
24 52 77
95 34 48
47 48 68
72 52 62
106 56 97
104 76 73
61 56 90
86 63 20
54 62 39
50 49 52
6 117 72
31 70 87
112 39 20
33 86 72
43 89 55
29 25 4
67 84 87
75 56 73
39 5 70
52 103 4
13 60 2
38 108 51
2 70 10
34 75 23
66 26 75
83 113 57
37 74 99
18 113 48
11 35 19
75 64 66
69 0 76
77 48 24
93 113 96
99 105 4
61 16 27
7 52 54
4 30 45
105 39 89
88 49 60
57 49 100
42 81 53
28 45 72
30 113 90
41 94 13
38 74 26
87 97 91
53 101 85
27 87 79
14 9 44
27 113 95
44 64 19
64 9 21
65 27 43
0 17 18
70 38 65
100 37 35
104 116 20
91 50 13
65 55 57
102 30 17
35 117 21
6 101 72
51 12 33
117 39 89
111 115 35
33 79 74
94 22 56
74 9 50
80 44 83
57 6 21
86 35 87
19 18 34
1 77 61
3 103 6
24 36 92
58 30 75
106 1 88
88 78 81
75 53 93
25 80 19
87 19 2
12 62 8
0 10 93
57 3 78
48 10 98
53 104 91
20 25 61
67 112 19
21 55 32
53 86 82
41 72 19
90 104 35
41 70 32
53 14 100
8 19 79
56 76 45
108 9 41
99 94 70
41 39 39
112 108 6
104 112 64
46 75 50
66 88 62
92 83 6
29 71 86
111 81 7
109 38 96
62 83 62
119 83 51
58 92 29
118 78 33
79 74 70
73 67 53
22 57 57
25 3 13
70 12 85
11 24 54
40 83 42
104 86 36
19 12 53
9 17 82
67 51 83
69 41 7
9 99 46
105 87 83
0 87 5
82 57 17
67 14 96
91 66 62
47 42 85
64 39 11
44 76 95
36 43 6
63 35 53
64 89 56
16 117 36
110 36 34
18 97 1
97 78 8
37 8 13
59 11 30
29 54 71
4 39 30
63 57 83
60 106 96
60 32 84
24 39 61
57 105 66
76 33 8
5 109 92
45 67 99
52 63 64
44 117 64
66 18 29
32 17 75
71 16 18
68 80 20
77 95 15
94 17 4
20 68 95
78 79 66
39 14 3
72 85 2
82 65 46
15 90 48
41 1 96
106 30 54
110 73 89
59 31 62
43 59 3
53 107 66
112 101 20
79 50 73
113 51 55
113 97 89
83 117 80
1 61 82
117 20 19
24 112 57
1 85 44
71 105 77
0 117 91
65 105 78
100 95 86
20 113 81
70 29 100
33 100 100
11 112 68
94 3 97
113 100 15
12 65 67
55 31 25
14 77 59
44 107 76
119 68 29
104 51 75
48 11 26
35 115 22
108 83 12
92 109 58
83 110 56
71 2 51
96 31 16
52 17 46
11 92 43
70 72 71
14 71 91
57 118 2
76 9 70
101 56 76
81 96 84
51 54 89
35 88 63
41 51 41
103 1 39
117 41 4
7 71 3
102 116 66
18 57 97
106 115 73
103 67 67
110 88 36
47 104 71
9 30 43
48 111 36
18 60 40
86 43 90
21 13 70
28 11 93
32 71 39
99 92 95
81 103 50
101 5 91
45 14 92
11 59 3
71 34 41
79 3 50
37 87 100
97 15 85
115 108 10
50 85 21
72 28 27
97 70 80
38 18 12
85 73 83
32 52 49
97 41 55
62 110 19
13 38 24
81 58 80
78 8 2
61 95 23
104 94 68
94 51 36
70 10 30
77 85 9
67 54 97
107 67 69
104 62 31
3 6 13
74 109 15
116 17 47
56 37 5
9 98 74
102 85 72
19 21 42
7 12 28
53 54 62
61 106 84
16 27 46
72 79 76
54 88 85
78 103 63
56 68 29
72 12 5
14 49 64
36 92 12
85 16 4
13 119 91
86 84 25
78 1 100
71 117 34
63 67 66
9 67 74
17 81 72
109 37 67
118 65 13
117 65 32
15 3 59
99 75 7
36 95 88
110 77 46
96 33 71
79 78 92
52 116 45
86 7 83
1 110 72
88 11 61
80 97 56
82 106 86
27 75 78
78 18 48
25 9 97
49 116 63
53 95 52
7 14 10
1 19 12
86 24 95
113 83 59
44 104 14
83 81 50
13 71 83
111 25 80
5 95 98
21 53 21
80 75 82
113 85 47
59 108 31
66 29 92
78 110 29
6 35 93
44 67 18
5 0 58
56 12 28
97 26 76
42 92 63
14 74 40
22 78 91
51 77 80
45 9 95
29 33 81
31 33 52
35 116 40
27 21 26
31 89 31
20 14 15
100 70 5
20 91 95
60 104 71
32 108 53
64 3 70
69 39 5
77 113 78
66 46 52
11 27 92
53 2 51
26 70 48
24 95 20
24 68 11
65 45 26
105 28 81
4 100 18
55 25 86
68 83 5
33 54 73
61 94 28
12 99 38
69 86 3
52 41 32
47 31 42
113 101 45
2 58 67
51 41 62
74 4 6
39 81 49
87 67 31
57 20 94
49 109 97
80 8 43
51 39 18
104 105 22
61 19 35
102 7 0
32 66 89
33 36 96
62 115 75
39 58 45
88 107 81
117 38 63
16 92 0
90 101 9
97 28 0
82 44 36
29 81 17
63 60 50
103 117 9
62 79 74
109 101 66
16 15 2
64 76 85
90 35 97
4 37 47
55 26 61
41 7 27
31 44 34
22 76 64
89 38 22
83 10 27
85 74 25
87 98 55
91 37 39
115 118 41
30 1 60
52 13 64
26 78 20
32 3 40
7 55 21
105 76 79
81 21 63
34 18 97
78 36 5
65 101 58
35 64 25
106 47 6
85 86 80
44 14 70
107 119 12
27 18 10
3 81 7
113 72 62
43 13 43
32 12 10
92 96 27
1 60 33
75 117 19
65 0 99
90 47 53
2 10 77
68 107 90
32 96 23
105 75 83
51 67 32
54 10 59
112 99 70
103 106 63
33 25 76
40 116 22
48 72 27
63 80 69
95 28 99
68 90 66
16 44 79
115 95 96
113 46 54
116 96 23
93 54 2
115 113 42
117 85 59
24 93 97
103 89 0
74 46 39
17 28 39
74 7 47
71 91 58
37 70 32
9 74 3
74 112 73
65 10 78
68 109 36
79 94 25
68 95 71
46 14 20
92 31 33
75 29 95
6 116 2
27 85 55
54 97 35
71 112 37
34 24 82
100 48 96
78 73 46
28 101 5
60 75 72
41 97 38
8 118 32
82 88 14
13 30 47
17 7 62
106 103 66
67 102 22
29 7 53
94 5 69
15 78 10
112 4 29
52 119 13
28 89 53
73 21 56
59 19 77
72 115 94
108 64 95
26 12 38
98 28 61
109 105 60
75 76 20
18 34 72
42 13 40
77 44 50
107 12 59
100 88 22
91 21 73
101 80 34
10 94 34
33 27 36
3 47 80
70 52 84
36 8 93
80 98 25
43 8 40
35 91 39
73 101 80
33 97 42
46 83 63
76 49 58
29 42 75
42 60 100
73 113 90
14 62 17
57 110 0
31 15 42
87 95 88
104 82 53
15 46 65
8 90 14
42 46 61
62 66 37
24 60 44
77 41 75
22 14 46
35 20 57
18 20 85
77 24 65
82 100 75
110 89 2
60 71 95
101 82 74
34 112 28
42 103 68
60 72 56
99 47 11
67 111 85
115 106 10
66 102 83
27 92 63
17 89 34
60 86 79
94 98 88
57 12 35
26 91 23
27 43 65
63 6 49
32 72 39
9 47 79
38 56 100
57 55 15
80 104 91
34 68 4
89 91 44
44 51 68
118 99 96
13 8 92
45 52 9
53 22 78
35 97 78
16 20 70
90 89 81
45 63 42
109 21 99
30 82 85
48 4 98
72 30 32
37 118 59
66 64 43
15 35 69
67 96 26
20 119 71
119 84 99
34 8 11
18 4 58
51 75 32
99 90 93
117 103 34
61 86 20
18 116 76
99 30 46
79 17 13
11 115 35
90 40 42
50 18 7
74 86 97
40 89 9
59 95 99
27 13 11
12 77 22
35 39 42
116 4 20
39 112 16
73 90 20
112 34 85
19 54 4
97 22 70
34 15 14
62 16 7
92 117 83
26 20 21
82 68 29
46 41 75
52 84 14
94 44 36
32 81 22
0 77 37
56 34 83
90 73 94
7 115 13
72 10 59
67 47 28
19 38 74
0 44 20
11 31 61
40 118 23
90 26 22
29 72 80
25 33 45
33 116 54
87 71 28
5 27 13
29 97 56
46 57 5
29 82 18
86 6 73
88 24 42
76 62 59
103 90 48
69 31 41
91 63 24
69 35 32
16 9 17
64 20 23
32 105 0
41 20 70
98 51 18
82 53 38
4 86 2
39 102 62
77 119 41
94 103 85
109 8 21
40 28 99
20 70 29
101 26 23
71 31 81
25 60 66
15 44 86
32 84 38
83 41 56
50 77 48
82 76 43
16 30 21
103 27 85
65 74 72
116 59 31
20 75 42
10 66 92
117 111 93
71 56 100
1 4 93
89 33 18
104 80 88
102 36 15
75 41 48
79 1 92
113 28 72
61 57 23
56 16 92
11 113 78
108 33 10
108 50 17
34 81 1
75 84 46
62 54 90
3 61 42
105 108 78
69 50 62
83 38 24
44 79 59
6 108 87
84 97 46
61 68 90
109 91 99
21 37 12
103 95 17
111 51 0
88 50 80
112 95 9
115 78 36
9 8 49
110 68 20
118 85 61
65 110 45
24 92 69
111 73 11
80 18 28
106 113 64
99 116 99
3 22 18
93 86 65
100 62 92
104 87 29
82 119 22
2 86 85
16 33 2
109 60 2
19 5 41
26 1 15
72 96 28
89 15 0
102 68 85
50 80 95
8 54 88
1 6 97
117 54 65
81 97 66
71 53 92
45 112 3
17 2 59
44 40 2
74 1 74
57 63 5
111 60 18
1 13 87
30 65 24
81 117 94
99 52 90
103 30 25
16 18 51
21 67 40
69 106 86
61 70 28
69 66 30
49 10 94
115 6 3
39 119 14
4 83 41
52 19 50
97 104 4
58 109 64
72 118 42
79 19 68
61 107 84
93 49 77
4 22 53
115 87 83
4 84 34
86 93 1
30 48 73
29 2 36
18 22 49
50 55 41
40 56 90
47 116 3
18 81 98
92 82 27
84 33 17
31 100 94
81 63 20
118 89 93
62 95 74
109 99 74
69 49 35
2 64 31
116 60 63
108 2 55
72 59 38
93 94 4
17 55 36
51 60 4
36 111 74
5 98 44
79 27 99
93 97 38
39 16 85
105 27 59
78 29 10
40 105 43
73 96 58
71 20 48
4 11 83
118 103 98
14 75 35
50 32 19
88 44 11
76 63 96
106 53 0
106 9 80
1 2 66
87 32 14
85 87 92
36 106 0
59 119 24
49 5 28
26 27 89
86 59 12
9 29 72
62 89 71
82 109 89
19 86 52
14 79 35
1 24 38
84 31 13
80 65 96
17 74 71
98 38 16
35 70 96
87 4 92
73 103 59
103 73 84
108 117 39
45 91 84
4 115 100
101 4 55
15 67 33
76 2 92
51 100 45
72 65 33
33 55 4
72 48 47
76 21 53
106 96 86
105 50 36
59 43 55
19 106 76
61 2 66
35 29 67
14 93 44
20 101 36
3 21 64
21 73 49
37 4 3
111 116 10
42 0 44
20 96 54
25 91 91
70 116 11
65 25 69
95 35 52
111 56 26
8 62 54
69 84 20
75 32 51
56 20 76
76 48 7
56 46 59
70 73 38
102 18 95
74 34 54
6 106 54
19 30 80
4 72 30
52 21 11
48 53 9
36 57 83
67 22 1
28 38 57
3 32 45
79 81 88
4 42 27
77 118 29
115 99 69
57 69 37
105 70 20
107 49 59
67 101 64
3 7 79
24 79 51
3 118 38
46 109 63
22 93 17
43 0 26
112 94 73
67 38 51
12 84 67
53 39 9
64 69 52
42 73 42
20 46 74
97 110 75
94 14 94
21 46 35
36 38 33
100 92 42
39 79 0
12 66 49
112 103 30
76 99 95
22 79 21
42 56 79
89 18 82
41 71 96
53 32 98
110 69 46
98 104 17
19 111 11
83 4 28
96 58 98
49 18 49
53 79 90
59 42 4
13 95 64
109 112 15
58 4 88
106 14 35
11 103 69
22 88 73
111 94 47
39 37 89
13 16 60
94 82 9
11 42 95
45 86 25
112 17 68
15 39 10
46 103 16
15 76 3
21 19 36
65 118 10
58 19 28
55 100 43
24 70 72
99 118 59
30 89 83
88 34 1
40 111 6
83 54 48
49 70 51
54 6 68
50 15 85
51 44 76
43 11 5
56 62 40
14 6 52
10 111 99
1 9 60
75 115 30
59 80 49
38 53 66
106 81 99
0 36 40
24 26 68
110 90 62
58 61 42
59 91 25
89 3 39
5 40 85
67 27 0
112 63 47
78 10 46
100 110 23
103 47 33
85 94 88
27 50 87
75 17 2
103 108 0
104 67 47
15 96 66
78 49 37
8 59 74
39 104 52
87 84 29
8 76 63
84 65 19
74 91 47
53 30 80
26 17 98
29 15 50
69 60 34
87 73 55
52 59 69
93 92 27
11 85 100
115 35 98
46 16 94
39 61 15
82 38 86
75 44 89
31 0 23
93 32 28
16 8 74
75 116 59
43 57 66
38 63 43
55 68 98
103 25 14
42 78 44
8 34 47
31 51 65
93 6 74
59 21 89
14 69 34
48 80 24
108 14 72
17 56 39
35 109 31
19 97 54
50 39 4
119 17 98
44 60 59
113 115 39
72 47 23
98 13 92
110 71 96
42 30 38
95 45 57
73 22 25
61 104 65
95 92 66
61 100 86
12 51 81
55 59 36
41 21 40
61 44 24
105 82 66
75 61 76
26 33 94
56 2 64
79 41 46
74 51 71
55 45 99
46 40 91
16 95 51
28 103 9
71 67 15
54 65 74
98 39 30
95 81 97
116 82 43
113 89 33
76 104 17
30 14 66
29 96 26
43 31 90
110 13 47
25 32 46
19 116 9
21 62 70
113 93 95
8 80 20
56 33 42
119 29 36
29 64 22
26 77 68
77 73 49
8 99 61
99 79 85
111 37 64
102 47 23
20 34 82
42 19 68
83 63 22
95 10 81
32 88 90
113 99 57
35 1 33
5 73 41
20 84 5
50 78 68
93 105 55
7 99 88
54 103 32
60 97 54
9 101 92
22 68 30
105 33 95
80 40 64
66 33 81
16 70 9
45 18 24
60 22 46
18 87 52
25 7 66
7 118 86
46 92 16
99 111 11
64 118 8
27 1 8
74 92 17
22 19 93
98 70 70
28 22 43
54 53 65
82 118 5
25 13 6
89 26 83
80 17 74
40 46 62
58 69 2
97 76 75
46 119 78
85 76 61
43 98 90
33 81 75
100 52 77
34 61 19
113 9 6
77 51 84
115 58 77
27 8 45
90 21 52
65 6 27
57 112 63
41 38 46
100 59 14
52 107 91
106 93 86
100 75 72
3 94 20
94 0 68
67 73 12
62 104 56
87 11 26
64 87 95
65 20 26
97 71 26
13 32 18
100 99 100
33 119 72
20 28 31
96 97 100
93 68 10
96 52 13
70 112 1
80 5 38
35 93 54
69 19 23
2 100 57
32 118 10
83 26 16
105 19 4
7 84 2
66 78 20
13 43 77
118 93 21
41 33 17
45 61 93
104 44 70
27 71 47
2 106 25
104 56 26
30 115 91
46 99 88
117 44 24
30 24 96
37 86 49
8 69 33
84 71 64
93 88 64
95 56 56
58 90 47
71 62 42
117 71 71
22 84 34
108 18 97
69 47 80
61 9 38
88 89 79
60 0 93
115 63 66
34 69 1
12 5 70
17 109 70
18 61 11
94 26 90
18 80 1
59 97 21
90 7 70
68 112 74
17 101 21
114 1 22
114 19 47
114 43 69
114 113 66
114 46 69
114 16 74
114 24 68
114 81 81
114 105 56
114 112 86
114 50 29
114 55 56
114 52 37
114 5 98
114 38 22
114 49 43
114 18 11
114 58 39
114 110 51
114 22 18
114 99 38
114 25 91
114 33 36
114 115 27
7 23 39
11 23 31
26 23 90
34 23 80
37 23 89
40 23 49
54 23 67
60 23 65
61 23 56
74 23 89
76 23 10
94 23 56
95 23 23
98 23 87
117 23 20
