63
62
21 45 82
52 56 72
37 69 11
39 56 81
55 13 83
48 5 81
49 11 69
13 11 70
7 25 53
46 69 30
69 6 59
13 58 14
54 24 5
41 3 81
9 23 94
2 43 20
12 25 40
50 38 86
45 25 56
39 66 47
46 48 77
29 39 63
28 22 18
7 36 77
52 1 28
37 23 83
18 0 0
43 7 65
55 44 30
11 48 15
46 39 92
33 56 76
60 2 70
33 28 25
6 11 5
16 51 8
0 30 72
49 64 69
15 21 65
31 13 64
12 31 47
11 3 48
13 66 18
54 44 10
11 43 57
58 26 20
65 56 15
55 59 88
53 55 37
40 9 65
14 65 73
37 59 21
46 37 23
42 37 14
66 19 70
33 47 49
24 35 64
0 10 22
41 43 0
54 27 79
40 61 68
33 1 64
29 14 78
60 11 29
64 1 40
52 13 83
68 16 13
43 40 33
38 24 29
30 32 99
65 14 13
33 46 64
39 50 52
61 0 94
12 44 54
8 53 75
3 47 91
4 46 54
2 16 71
59 49 71
50 51 3
23 17 53
37 18 47
28 6 37
48 19 37
3 67 38
48 41 42
36 16 36
4 15 36
42 60 83
61 10 88
6 67 50
44 67 23
7 22 13
41 51 70
17 36 7
48 46 53
51 3 30
9 51 18
61 16 97
2 15 35
31 68 80
7 10 42
42 49 9
58 17 12
35 3 51
56 69 73
68 33 91
47 61 17
24 14 100
46 33 81
56 54 99
51 55 100
2 29 53
47 67 15
19 13 50
15 53 71
31 36 4
33 45 46
23 4 63
34 5 52
23 46 87
40 46 20
66 8 82
49 8 81
56 31 46
9 19 94
23 36 88
32 10 19
55 51 53
0 66 39
25 33 13
49 2 70
18 31 18
49 50 39
53 21 22
68 23 23
24 40 5
32 68 75
65 4 39
55 3 56
29 16 87
49 45 45
41 10 50
28 48 37
67 36 78
37 57 10
64 56 83
54 5 28
26 35 10
19 0 2
17 20 5
55 20 71
36 41 14
56 45 48
3 18 84
50 42 77
21 66 91
37 53 6
0 13 91
31 48 80
17 56 44
11 58 89
4 28 44
17 16 100
19 42 17
24 12 66
38 3 73
10 28 74
68 61 66
3 48 44
48 2 24
47 37 45
52 67 67
25 57 57
40 6 2
22 58 26
12 27 35
46 29 59
57 27 51
0 54 63
22 47 79
10 42 65
55 49 61
30 28 79
10 22 50
68 25 70
27 0 75
11 15 28
54 38 74
21 39 38
46 36 74
26 12 53
50 55 53
43 20 49
65 59 42
38 31 57
49 34 31
14 68 47
36 58 86
68 8 17
50 35 68
50 17 45
65 44 66
14 53 52
18 16 0
64 51 35
37 49 16
35 30 63
9 2 7
18 19 55
66 15 33
50 32 2
53 66 69
46 40 75
33 68 3
55 26 12
49 43 77
5 9 7
2 25 31
13 34 71
60 44 23
9 8 83
51 69 23
67 44 6
0 34 54
29 32 94
50 8 96
48 35 49
3 30 9
17 25 92
4 0 28
30 64 7
19 30 55
61 38 90
33 39 47
13 24 8
23 54 92
1 22 5
48 24 8
56 64 27
30 37 22
6 4 99
65 35 6
55 22 21
8 33 35
37 11 88
54 53 43
6 49 51
46 27 62
2 58 78
60 7 80
55 37 9
68 0 8
27 28 44
49 51 85
25 36 43
53 33 40
44 4 46
39 26 2
3 42 93
17 1 32
11 44 4
8 61 5
26 38 69
20 36 1
24 18 22
53 17 57
24 17 79
38 33 44
8 9 92
14 0 25
32 13 60
6 50 18
47 42 60
26 69 32
36 6 50
44 20 61
19 26 26
51 39 84
5 0 11
54 30 12
20 7 33
42 59 3
17 12 16
56 34 36
23 15 54
31 58 60
47 65 90
58 20 46
6 27 77
32 22 27
19 49 57
59 17 55
24 9 19
1 24 91
10 53 73
43 67 35
27 17 88
22 3 10
49 16 75
44 25 80
30 33 50
10 34 41
31 46 76
9 37 93
12 65 4
69 8 13
68 51 97
46 12 28
37 61 53
49 0 43
12 23 84
12 22 70
40 25 42
36 32 58
55 1 76
24 23 16
40 68 80
23 50 68
23 10 52
2 47 77
37 52 33
16 4 31
5 14 93
30 2 41
58 13 61
34 24 29
50 44 99
18 56 2
54 17 23
30 26 44
26 42 4
29 61 32
1 12 15
59 38 88
19 50 58
10 59 41
31 53 40
68 49 17
6 29 97
51 13 8
8 16 30
6 7 75
66 38 94
7 27 75
7 56 57
57 66 1
7 49 77
20 61 23
16 49 45
61 2 64
39 38 85
66 68 50
15 14 16
3 13 44
55 50 94
26 43 36
21 57 71
31 27 35
66 4 95
11 13 28
17 6 58
57 54 60
16 11 52
22 50 4
57 30 2
52 65 65
33 40 68
22 40 8
39 67 90
16 24 30
50 67 25
42 8 68
69 9 42
25 49 92
5 22 37
14 69 18
58 6 58
33 31 77
10 14 35
3 11 64
65 49 46
29 38 15
5 34 58
14 19 88
30 15 23
51 66 50
16 47 62
27 32 96
65 51 10
15 44 39
30 49 46
35 13 9
26 57 5
69 10 33
38 18 86
0 40 48
52 69 93
12 50 25
22 29 65
51 56 91
69 55 80
45 38 3
61 45 17
23 22 82
50 61 59
8 60 98
27 60 64
61 64 79
66 51 62
6 39 39
43 34 91
61 30 76
66 29 51
46 67 60
45 57 13
5 56 5
9 56 28
6 65 57
61 7 64
3 46 97
11 4 28
5 35 99
53 16 75
40 67 14
10 20 29
38 15 26
29 59 81
60 33 81
34 56 28
17 33 15
2 56 49
17 50 39
58 24 34
34 51 84
15 7 78
3 52 45
6 20 99
24 27 95
14 48 42
68 12 16
23 20 39
50 58 92
40 57 34
42 31 55
4 52 34
21 32 40
2 52 35
56 48 99
49 57 9
64 13 46
23 21 58
39 27 39
27 66 82
13 55 9
60 16 87
24 54 21
3 68 84
17 19 43
47 44 27
46 8 53
45 67 52
38 40 79
68 1 82
50 34 31
38 69 10
12 17 18
27 49 49
28 27 9
23 27 79
40 28 5
67 12 58
18 8 44
52 37 83
49 58 69
7 67 6
22 61 80
66 42 51
10 40 67
29 35 16
8 20 99
26 32 67
56 58 91
61 60 60
11 45 91
64 4 51
42 6 69
41 69 43
66 27 83
58 38 97
50 68 25
0 11 31
5 40 39
32 51 35
38 52 55
15 67 4
65 54 8
66 25 7
56 46 36
67 59 98
55 17 20
48 12 53
40 56 57
38 66 16
23 49 43
19 61 7
38 37 89
55 54 62
12 45 82
0 16 29
42 26 23
21 27 92
59 46 58
21 35 68
59 2 51
60 4 68
49 47 83
49 40 1
40 42 100
3 0 82
40 45 33
23 29 62
3 5 63
65 43 65
17 0 35
40 47 71
57 51 49
69 41 87
16 59 27
41 33 92
7 21 35
64 7 9
42 38 3
66 0 88
64 60 100
13 54 32
56 14 46
10 12 83
48 18 21
1 10 57
12 37 71
55 16 48
7 26 3
16 64 27
27 58 51
18 42 27
66 61 31
65 3 55
49 66 63
40 1 74
38 16 82
4 8 86
8 51 96
55 57 71
26 56 75
65 31 17
23 55 23
29 36 55
64 45 43
39 29 68
58 29 62
43 41 81
21 4 3
58 45 14
25 59 13
31 15 66
68 37 37
17 30 23
66 7 61
69 5 86
26 59 38
9 1 83
20 5 8
27 21 63
3 38 36
0 45 4
57 59 20
31 33 54
25 6 71
27 14 23
19 46 0
4 58 18
18 44 39
42 69 9
16 37 77
60 68 2
46 4 75
51 46 87
65 30 53
19 6 70
68 36 97
61 52 70
52 35 13
39 7 1
69 31 34
17 32 7
20 60 30
43 69 11
32 45 68
65 34 58
44 13 58
40 33 5
9 52 90
6 48 54
3 45 65
18 64 65
58 12 94
42 67 15
22 14 58
48 64 29
49 10 54
40 34 46
51 1 42
19 14 26
16 23 75
14 49 68
6 2 30
20 14 36
19 12 15
36 42 17
40 3 33
13 1 41
2 9 82
24 45 52
54 40 83
17 66 26
64 54 98
4 47 29
44 37 0
25 38 70
37 7 74
2 55 38
28 37 5
45 13 93
43 57 60
20 17 20
29 45 8
22 59 32
15 5 88
28 21 100
23 40 16
9 7 78
58 4 37
23 25 66
53 0 37
8 49 26
58 16 14
36 13 98
16 67 10
28 50 53
68 58 37
16 33 93
51 25 51
9 6 28
45 33 71
65 60 60
28 57 57
65 46 100
53 3 36
64 20 79
32 55 85
65 57 6
42 54 90
16 32 6
23 65 13
41 35 75
33 43 59
5 33 3
61 24 71
4 32 5
37 4 24
15 42 97
43 37 51
7 20 82
20 42 30
34 55 90
14 13 22
20 18 72
30 46 66
51 16 90
9 41 51
33 48 24
36 4 81
57 10 45
11 10 39
19 24 99
60 34 2
13 47 100
61 4 29
44 34 86
43 56 69
37 39 20
68 50 69
63 19 63
63 18 24
63 0 47
63 9 87
63 40 14
63 56 29
63 35 14
63 65 76
63 44 89
63 10 57
0 62 100
3 62 66
5 62 90
13 62 43
45 62 33
49 62 85
58 62 78
64 62 44
