73
65
53 2 0
66 21 0
46 54 0
53 59 0
38 76 1
63 77 2
25 59 1
48 72 6
45 11 0
60 19 0
26 14 4
78 97 5
40 90 0
16 40 3
11 88 11
42 54 8
3 24 6
56 50 6
59 72 15
45 48 18
69 60 7
26 51 22
15 4 20
35 41 23
28 80 14
36 67 1
13 44 18
89 40 8
39 5 1
79 28 20
11 75 29
89 15 30
8 48 12
97 19 17
51 64 34
50 20 3
77 61 36
42 22 10
84 61 2
13 12 12
4 57 6
63 94 1
85 16 3
77 51 17
2 90 4
70 74 35
59 98 2
44 39 38
3 97 38
7 68 6
10 26 16
91 86 38
82 58 43
6 98 9
70 89 22
81 69 31
25 8 25
31 37 40
21 80 25
15 72 43
56 4 40
86 78 54
69 61 3
68 0 21
68 58 45
60 39 38
77 8 20
20 14 46
67 7 28
32 7 66
39 62 39
37 51 64
52 88 31
71 16 31
32 66 37
85 91 64
42 70 44
97 61 63
36 29 70
77 62 36
84 47 26
35 76 60
62 64 58
12 93 46
82 13 20
20 54 90
83 88 18
31 50 17
89 17 28
28 31 40
28 46 93
69 70 61
5 37 75
37 79 84
67 49 51
59 92 17
28 97 53
14 55 30
33 67 78
34 29 16
52 67 32
83 0 108
34 31 16
86 41 65
78 10 56
74 64 63
45 19 60
21 1 20
71 24 89
32 62 5
14 27 103
58 39 44
98 54 42
64 84 21
79 96 109
92 42 75
88 33 26
36 35 53
8 12 92
58 61 43
45 9 44
43 45 51
75 66 107
90 16 66
22 32 57
70 66 93
98 5 6
76 41 73
78 38 90
90 20 98
18 40 72
89 67 135
70 48 68
80 2 139
39 92 90
83 20 37
25 53 139
85 1 130
68 19 33
79 74 127
55 31 110
41 89 10
44 68 113
12 38 6
12 35 70
33 93 65
60 91 76
75 44 62
57 25 64
58 33 89
50 93 79
68 34 139
14 53 138
34 90 81
39 72 132
46 77 119
50 84 112
40 89 143
4 87 99
54 48 127
88 92 153
27 75 46
64 28 64
22 69 79
74 72 86
96 88 63
50 51 31
52 5 19
32 39 60
14 8 150
12 86 54
30 90 168
29 80 64
35 15 113
3 12 152
20 15 82
2 8 32
26 8 76
81 68 29
66 15 124
4 80 50
67 26 188
48 71 106
71 35 60
72 27 191
76 75 2
85 97 159
89 9 141
82 3 119
17 20 98
34 25 55
69 79 64
49 87 131
21 11 106
96 60 176
43 67 114
26 38 130
79 15 29
5 29 71
54 33 130
53 86 182
7 43 30
23 34 157
48 76 189
50 56 65
80 39 55
23 50 58
23 59 111
10 47 44
77 92 142
18 8 208
50 24 104
30 82 157
27 22 77
60 38 214
16 52 122
41 66 185
35 39 135
39 0 124
3 57 181
68 78 8
42 89 99
74 92 115
48 6 221
5 60 6
69 36 110
9 77 140
8 16 84
4 79 29
86 70 198
57 43 17
5 95 163
77 15 208
78 86 240
12 74 221
76 97 138
42 52 234
87 91 151
66 77 190
5 7 153
41 31 31
12 53 34
29 36 68
95 52 82
3 43 163
87 62 155
62 59 237
19 56 69
42 46 51
41 43 178
84 78 4
4 66 16
26 7 110
33 2 239
28 55 167
0 44 86
0 84 233
88 38 262
3 37 157
45 71 96
48 69 14
58 22 115
69 27 208
37 31 134
37 33 220
24 62 135
55 79 105
26 72 43
0 85 4
54 99 33
7 25 133
4 29 267
1 81 271
49 25 206
29 78 68
97 79 175
47 22 43
61 27 175
0 15 16
10 75 104
1 56 86
53 94 106
4 58 177
85 74 74
26 35 155
96 20 248
84 69 196
18 6 179
17 33 143
3 33 12
83 35 205
66 18 158
10 46 296
9 43 239
95 79 21
97 88 281
29 94 238
9 13 305
41 35 249
15 96 260
74 67 242
21 43 136
63 42 212
96 43 110
14 61 293
9 82 258
66 61 38
92 47 281
56 20 161
78 60 2
39 12 243
70 45 156
60 35 27
77 12 129
11 80 294
91 10 30
84 80 327
40 41 20
0 72 156
26 31 72
53 57 265
44 79 16
90 64 259
26 87 190
52 46 140
92 7 1
58 32 290
59 96 116
15 17 166
53 29 306
6 5 61
59 40 124
0 29 18
77 44 171
4 38 228
13 24 51
16 12 131
15 99 165
88 9 144
55 44 282
38 28 332
52 84 77
6 14 245
23 88 99
13 23 123
11 24 161
86 85 126
74 59 138
45 37 212
44 59 189
55 23 324
39 66 220
99 84 121
81 13 364
18 35 104
85 93 289
0 16 305
83 69 248
54 12 4
4 56 296
10 71 171
14 7 181
79 29 259
21 13 108
75 85 67
61 67 44
74 21 142
68 62 164
31 25 133
66 50 374
54 82 127
69 15 251
7 52 115
54 46 54
48 88 383
93 63 216
51 74 253
88 98 329
47 94 146
53 78 339
25 99 94
97 42 184
48 3 286
48 39 12
38 74 188
55 66 30
32 48 102
81 61 0
93 21 146
88 15 239
63 8 150
48 50 192
40 28 160
3 27 25
11 9 299
97 23 254
85 98 403
99 24 0
69 75 132
99 91 102
59 78 340
68 60 219
27 85 359
4 0 196
87 44 144
37 8 38
70 81 114
78 56 51
68 99 74
72 32 224
43 42 150
34 2 79
13 5 25
72 5 333
5 63 128
60 36 323
38 61 423
11 33 233
97 60 248
86 14 54
61 50 258
66 16 321
75 87 427
61 46 192
28 34 420
88 42 12
29 95 28
30 43 299
14 91 149
32 18 130
21 36 215
76 9 5
69 18 36
75 68 181
77 31 241
56 0 384
93 98 74
0 60 367
9 23 286
99 20 130
86 96 242
25 18 166
23 2 277
98 80 285
27 56 252
7 96 319
52 33 332
69 42 130
45 46 16
49 55 398
70 87 387
98 92 264
90 99 199
22 7 76
24 41 392
70 49 87
56 51 20
10 31 117
63 26 415
45 31 237
19 66 362
63 89 59
24 38 135
87 30 70
75 49 413
12 32 45
12 82 139
95 42 81
10 96 130
38 50 359
26 75 0
35 10 312
74 75 470
84 46 286
96 98 182
31 71 58
31 5 383
8 66 299
20 26 424
38 69 143
43 99 172
23 67 215
10 25 467
5 68 248
12 71 386
31 30 236
16 90 291
85 24 169
64 68 21
25 10 331
57 34 231
0 12 496
31 95 272
23 86 311
64 6 394
99 22 105
38 51 35
58 55 248
69 6 414
0 41 277
8 91 72
20 72 198
91 82 28
78 61 181
47 54 447
3 38 342
1 51 203
0 69 58
44 43 115
46 17 424
86 20 211
55 4 354
2 92 532
32 78 358
42 33 509
36 48 399
69 72 221
39 34 381
25 50 291
84 29 286
88 69 537
8 19 475
29 62 57
68 18 361
53 89 439
82 95 469
32 99 426
84 42 482
36 52 313
92 63 198
38 2 236
98 52 161
96 53 270
28 77 0
23 18 405
22 83 393
84 32 473
19 67 365
61 26 479
11 42 535
5 92 461
96 91 400
88 37 301
2 86 336
64 53 320
43 46 236
11 96 50
81 95 182
16 22 485
51 77 307
81 48 69
68 4 446
48 15 270
36 85 487
24 79 478
22 18 369
87 50 79
85 72 94
63 43 381
55 51 296
94 30 413
22 74 521
0 26 351
18 70 438
23 53 130
62 77 516
66 4 516
8 34 517
79 71 553
88 77 161
52 18 490
60 30 545
16 75 67
41 69 437
97 2 209
71 33 312
90 70 594
22 66 482
76 83 480
27 78 456
11 34 371
53 34 224
34 41 113
43 75 561
42 34 546
74 91 87
78 2 507
46 26 264
47 61 94
6 23 72
79 9 542
35 7 481
25 5 527
57 15 184
5 86 168
50 43 480
6 20 603
4 69 572
39 89 244
92 71 445
84 82 74
47 60 116
16 66 362
84 60 106
34 86 550
67 93 620
12 46 41
57 77 619
49 2 584
83 55 108
40 25 87
68 36 462
27 14 414
56 74 277
93 42 281
19 0 225
14 22 107
12 95 499
52 32 639
71 85 11
20 81 347
20 96 331
87 94 58
34 32 175
61 55 580
41 63 628
23 93 143
13 15 456
23 32 479
80 45 546
95 27 615
84 79 148
6 52 662
30 93 203
15 46 609
91 36 98
33 15 132
71 98 666
33 95 481
23 21 152
76 69 424
72 99 212
71 95 650
5 52 327
35 55 395
99 12 461
64 14 467
94 85 662
49 0 135
15 20 276
58 16 433
94 76 279
28 64 599
7 88 474
9 33 157
54 14 573
59 64 681
29 64 630
75 15 355
53 1 452
85 15 376
54 79 347
89 12 538
8 35 555
22 5 95
36 57 150
62 46 260
90 96 38
11 98 302
60 55 115
5 54 168
46 21 210
91 67 109
38 79 656
80 74 281
66 12 693
60 45 107
57 39 121
26 91 315
72 67 510
16 35 7
34 76 104
24 59 477
54 95 334
7 75 358
52 24 99
27 88 679
96 32 192
55 41 10
63 15 74
80 95 479
37 13 79
56 17 170
74 51 319
69 47 155
16 94 39
29 25 265
39 28 342
31 76 279
2 91 222
8 2 467
96 55 299
59 7 523
19 10 437
7 22 625
61 44 148
51 17 12
67 11 699
98 23 208
82 23 280
93 67 341
47 57 554
46 34 142
90 6 396
97 91 551
75 19 88
95 40 180
29 54 636
58 95 401
57 47 75
62 60 639
78 52 139
23 0 281
81 31 94
52 28 233
9 47 681
61 75 744
35 12 89
41 54 615
99 49 659
1 0 317
61 30 561
76 7 144
23 11 676
98 91 14
8 72 361
58 59 282
25 64 579
22 97 172
86 48 49
52 14 291
42 91 364
37 25 476
16 27 735
8 96 331
4 1 393
82 4 261
95 49 305
63 38 589
57 24 542
93 39 454
74 96 567
33 44 656
81 83 703
44 0 601
32 51 662
24 21 117
41 0 346
14 9 45
80 14 281
64 38 105
98 82 333
89 86 389
59 61 73
12 15 230
23 89 589
87 6 463
21 90 617
43 6 50
96 99 307
95 94 40
6 78 701
85 70 403
55 48 55
1 20 132
66 42 569
46 81 531
38 71 202
38 42 281
28 41 99
18 20 680
6 39 226
13 66 680
5 32 143
64 52 440
9 68 375
53 5 248
35 0 20
5 76 609
60 32 692
43 49 46
75 13 36
92 66 457
40 15 581
45 72 593
75 20 771
66 57 314
24 0 54
36 58 199
21 87 462
12 19 747
48 67 571
97 22 132
0 19 503
7 49 125
31 21 235
63 83 398
16 38 395
54 51 462
74 18 237
48 49 255
95 10 389
10 58 243
96 77 712
12 57 114
33 79 143
25 70 274
70 93 772
91 38 307
93 43 123
7 71 571
83 15 859
16 14 13
5 67 559
16 96 734
52 66 560
57 31 118
90 32 369
46 47 868
35 57 91
15 25 821
49 3 710
27 62 217
43 55 572
44 52 274
12 96 40
54 81 122
37 4 822
36 91 617
4 47 178
28 92 353
97 16 4
58 21 653
89 72 441
23 7 657
64 57 270
21 50 621
76 28 546
89 35 454
5 3 390
42 2 423
11 77 642
19 61 852
78 8 82
66 68 179
84 12 466
45 94 94
21 2 314
97 86 778
92 93 417
22 2 819
75 93 111
54 55 622
3 55 46
56 44 511
76 45 172
47 92 207
56 82 72
20 41 349
17 70 415
68 87 358
43 5 801
96 37 715
4 6 490
93 87 269
92 69 623
55 28 284
55 33 447
81 19 520
7 58 525
20 34 88
40 80 810
63 35 465
53 55 615
97 59 313
71 80 368
9 2 828
48 82 411
79 70 256
83 87 504
62 9 386
53 25 816
6 75 82
17 61 674
78 83 910
34 0 229
63 48 424
92 41 891
99 85 133
61 95 414
57 44 2
82 85 99
9 39 399
35 51 126
25 88 622
88 32 391
14 19 558
13 42 665
56 48 553
98 21 278
14 20 483
35 56 873
61 51 4
23 29 810
84 3 672
28 51 91
17 0 17
80 58 613
48 47 34
0 23 44
86 31 153
35 18 35
3 0 814
34 71 737
25 41 348
60 1 78
17 13 382
74 22 126
88 26 365
91 94 606
68 84 249
20 86 178
40 34 395
87 39 36
69 20 113
56 94 775
17 49 403
14 49 405
88 28 982
34 56 653
34 59 966
3 14 810
91 54 158
8 29 78
34 79 437
83 8 946
71 64 726
38 99 305
18 4 506
29 76 46
31 89 37
7 46 582
99 86 196
0 63 778
22 77 846
25 23 880
37 57 265
89 6 176
89 58 948
54 98 439
54 40 603
50 85 513
5 16 18
28 11 465
15 92 342
2 77 253
68 74 936
87 96 30
58 71 417
6 74 68
81 72 1001
89 11 456
49 47 163
0 14 20
57 37 853
56 70 802
10 13 315
28 61 404
83 36 799
16 70 730
46 51 470
89 91 211
61 3 46
15 22 951
27 74 670
32 24 288
91 71 960
45 89 920
19 20 240
14 57 457
83 54 802
30 16 979
78 75 13
38 12 1005
67 87 895
10 18 452
66 54 577
33 86 293
23 82 855
13 82 889
97 90 480
46 75 75
53 14 370
59 26 697
81 15 6
84 14 174
17 16 747
40 22 202
13 16 134
7 53 138
30 15 29
32 87 927
44 87 986
71 55 1002
74 87 683
64 18 241
30 13 485
64 10 494
67 86 497
20 83 236
95 23 968
59 30 511
70 2 950
76 2 829
25 24 284
58 51 536
7 23 817
6 29 186
56 25 329
92 76 482
44 8 354
69 94 676
56 78 687
86 81 457
91 61 598
80 79 22
22 50 1058
77 96 436
87 48 289
86 5 460
64 86 843
59 45 850
48 58 729
55 32 401
36 97 555
69 95 631
63 72 164
3 26 335
68 75 177
42 74 661
53 96 1023
21 58 139
25 27 808
94 50 530
12 99 597
40 29 249
50 26 41
66 87 759
16 85 660
25 14 473
96 28 125
24 60 495
2 44 941
99 90 833
3 94 1030
68 92 188
39 44 525
19 12 827
6 69 166
63 82 532
40 56 687
67 8 709
28 89 839
4 45 910
48 16 32
87 49 300
37 95 154
86 40 2
0 7 90
62 48 367
94 39 279
8 97 882
52 89 658
82 20 65
29 57 310
2 26 532
26 32 529
44 61 367
54 78 841
9 37 734
1 5 303
45 27 736
38 54 300
20 27 425
75 94 943
7 92 398
97 4 768
4 43 89
23 17 746
62 85 165
69 43 166
33 37 324
62 38 841
3 52 724
94 5 335
52 10 887
81 16 676
89 24 442
94 49 1033
70 14 375
69 1 917
37 2 593
58 96 398
56 64 282
60 11 566
84 85 978
52 41 591
44 99 30
99 66 558
37 67 487
46 19 699
71 23 202
76 46 421
6 7 143
30 76 358
27 33 278
64 43 734
87 36 186
32 30 891
64 81 1112
51 80 656
26 90 1034
54 28 811
25 15 680
56 18 703
43 25 164
69 7 612
23 74 380
60 67 403
97 27 879
90 85 1177
0 79 618
35 2 916
45 44 379
19 85 896
68 66 1200
13 62 499
12 69 899
69 37 759
61 17 838
83 27 26
41 71 264
29 85 198
93 11 501
42 92 328
31 56 98
26 54 776
96 49 1031
10 76 81
67 76 628
96 74 161
10 79 65
60 37 244
64 29 617
71 83 1105
88 67 263
7 55 252
43 31 208
29 23 1200
45 87 616
52 59 153
54 9 1069
82 72 645
95 82 664
96 83 384
4 75 929
57 17 591
3 19 1175
96 18 679
50 11 486
21 0 374
11 71 1131
1 89 1005
47 32 680
55 90 197
27 93 759
84 77 236
36 7 955
19 36 833
26 36 35
47 34 6
48 14 654
81 6 403
54 38 1054
16 58 260
1 97 761
55 99 964
90 5 304
59 63 54
72 29 400
9 57 654
21 42 655
40 24 543
23 48 1143
84 91 983
95 68 394
79 92 579
42 0 731
91 24 1077
66 40 337
5 0 1116
63 10 885
23 96 1089
76 13 31
69 39 1019
44 6 104
69 76 1092
41 52 813
45 93 641
49 61 661
60 24 1100
77 60 627
45 58 988
61 69 244
28 76 1155
52 3 16
39 81 763
61 63 20
75 55 935
43 0 52
68 57 861
59 82 56
35 67 514
88 45 839
52 44 943
99 59 353
55 52 896
28 58 1034
31 13 858
74 56 190
51 23 96
70 26 315
94 48 109
61 94 939
90 89 855
94 84 674
63 28 1203
49 38 192
85 46 851
19 86 866
9 80 375
39 41 800
93 15 405
6 15 1023
74 26 400
29 58 607
95 62 467
77 55 686
59 84 272
96 44 1050
84 72 976
81 56 1044
7 41 994
74 39 512
37 36 82
12 9 1175
45 3 1069
19 48 541
6 18 49
66 53 1069
30 6 0
49 36 636
28 63 428
27 80 156
70 16 210
37 80 916
36 3 847
34 46 448
87 27 221
28 48 1154
49 5 112
80 61 5
3 76 999
20 38 815
56 28 1084
56 32 985
99 43 748
52 99 442
5 46 419
34 60 1333
71 66 540
69 51 568
46 50 1302
50 86 54
66 80 1157
38 32 476
28 6 269
2 32 972
69 50 941
63 21 874
15 3 1003
72 44 1063
57 40 982
43 83 1261
27 59 1311
40 58 517
82 71 707
16 1 480
75 10 679
40 75 758
69 9 1257
68 76 583
53 46 929
75 33 572
43 47 1261
61 71 668
57 53 168
91 75 959
46 12 1000
33 50 722
85 47 1175
93 95 717
35 36 9
77 56 358
13 72 1319
11 95 1273
69 85 888
12 55 819
87 85 1387
17 94 1217
94 29 1264
55 18 1025
43 57 875
46 98 225
62 99 516
2 58 984
40 74 466
32 36 465
14 1 536
86 39 1345
31 61 1062
63 4 742
46 64 371
18 1 234
92 88 871
61 22 1003
72 1 679
21 92 475
40 33 1145
26 40 257
0 42 232
28 53 1028
29 12 840
94 70 672
7 39 1285
34 35 772
20 48 1084
40 45 1248
86 68 933
20 62 1321
66 8 807
14 46 1024
77 23 985
84 36 792
79 69 1280
87 89 894
24 84 367
79 89 405
67 30 545
83 5 399
88 84 1384
53 77 761
13 54 103
10 4 1224
91 1 1281
8 49 1072
59 95 162
91 83 506
44 71 1297
25 49 133
21 18 1384
48 62 349
70 42 621
1 99 596
62 74 579
55 61 614
21 47 836
27 91 1426
22 17 820
7 20 609
43 11 1306
31 91 965
44 19 433
77 6 438
40 21 224
53 3 586
90 38 1070
56 40 414
28 78 463
94 45 431
37 97 1332
96 11 1234
50 55 671
11 92 1068
35 34 419
23 95 515
74 52 970
51 32 1402
1 53 305
42 1 176
84 9 952
31 32 1359
27 45 793
86 72 612
45 50 970
0 32 447
63 75 1457
45 57 1365
53 92 875
40 82 456
93 5 1398
68 90 1220
77 9 892
23 51 1069
22 43 877
21 4 1103
69 67 1474
47 17 1216
51 21 335
28 43 1126
95 14 1038
92 14 653
45 84 343
21 76 1170
97 98 384
41 34 1076
61 42 395
9 17 1456
35 24 567
38 68 1292
29 20 759
12 7 995
90 44 753
78 31 1272
57 38 731
51 97 1146
95 13 725
43 61 1460
72 14 1411
59 42 690
66 59 191
43 77 362
7 79 551
61 78 802
16 25 932
74 28 1225
40 63 934
41 92 1348
68 12 879
66 98 279
0 37 1279
12 8 396
47 59 75
26 68 970
13 36 698
21 3 282
28 35 1495
72 87 344
11 8 1188
58 36 1492
22 37 533
42 50 1364
77 38 1496
84 28 1026
9 30 146
54 36 322
68 59 552
30 74 1336
37 54 432
23 40 1404
60 56 399
74 0 774
10 52 1349
42 78 520
75 90 319
18 7 675
15 41 1299
70 0 1018
77 63 1314
12 33 161
26 88 1527
93 22 153
78 80 1403
56 26 1025
13 31 292
14 62 843
60 85 256
42 21 1500
4 9 191
25 7 623
47 28 978
32 69 59
32 61 910
7 84 1265
98 37 56
62 17 101
8 54 323
27 52 72
91 2 95
11 93 496
66 89 267
24 91 136
80 88 1213
6 89 1183
86 51 311
33 12 426
24 8 415
62 40 295
40 44 1558
98 56 1213
51 24 562
80 22 802
26 44 508
6 46 1396
89 43 353
5 81 1338
93 14 1462
26 82 1260
53 11 195
27 60 518
1 31 416
40 11 192
21 8 791
17 71 506
71 27 176
32 50 1572
4 91 524
21 77 1382
40 7 624
92 74 1372
61 60 1343
11 99 1128
29 44 889
13 0 1519
75 83 1479
52 56 1200
83 89 755
28 57 139
1 45 1537
57 76 1320
86 35 664
74 44 1282
2 63 73
36 79 1414
96 93 345
78 37 973
45 62 1048
55 75 1353
0 50 271
67 34 868
51 63 215
90 1 1392
75 9 937
91 66 566
78 42 740
89 83 1471
89 41 364
39 58 981
78 6 902
76 82 59
0 39 161
38 78 615
34 36 378
28 9 816
38 81 804
96 51 1485
2 19 1557
22 68 423
0 71 1242
5 75 159
34 51 720
43 38 1055
87 26 1580
26 22 1407
86 79 416
13 8 633
27 34 312
76 70 267
77 58 1589
19 31 1110
83 18 978
32 13 1473
67 13 902
75 16 814
94 71 669
6 51 1614
72 89 196
7 47 1034
59 9 1454
14 41 812
23 9 380
93 24 962
76 44 1654
35 27 1117
52 64 717
81 88 563
5 79 598
89 1 1126
62 80 850
95 66 878
78 47 993
44 48 376
16 79 1038
44 42 1329
96 86 982
55 1 982
55 16 1077
1 35 1676
36 38 143
16 56 1393
35 97 1620
14 56 637
54 63 980
80 25 268
14 60 878
98 9 217
57 70 1222
32 63 410
50 33 998
19 78 1153
40 9 1302
79 19 584
30 9 586
8 75 1352
18 51 295
63 96 719
82 92 27
63 20 259
0 35 910
28 84 290
38 25 1335
11 49 1186
61 1 727
45 91 657
77 24 814
94 55 100
67 5 274
79 34 1073
74 69 1111
48 66 515
59 77 1120
67 23 923
88 79 447
90 22 1617
32 43 1090
92 44 1093
54 75 540
78 66 625
94 35 120
28 52 1254
42 93 777
7 63 804
75 5 929
69 49 394
12 10 168
84 11 834
55 5 428
87 53 191
98 96 586
51 56 273
15 82 690
58 34 717
26 50 209
34 66 1178
80 37 389
98 43 505
79 4 611
95 0 1520
92 26 1338
40 57 1323
94 1 1179
90 79 364
11 67 615
7 14 897
1 34 1375
93 94 731
6 50 1667
84 83 65
30 92 325
8 85 101
27 30 210
51 40 1365
60 22 82
97 85 1313
23 39 632
18 23 1600
0 38 1675
64 70 212
55 86 1650
24 55 966
79 18 1153
57 83 1629
33 8 1079
56 16 1557
68 45 697
85 52 259
15 58 683
41 10 1256
54 47 900
85 0 551
57 92 454
90 61 943
0 24 608
80 68 1769
19 75 370
33 35 120
3 17 1446
38 52 621
12 14 425
61 41 1723
11 2 973
95 38 310
95 33 1219
60 8 1016
41 22 1539
93 61 1287
96 58 1658
97 54 222
96 33 773
89 27 1664
81 63 1177
57 35 391
49 17 840
61 76 167
6 93 658
39 10 682
27 98 1243
58 5 1489
30 40 1168
69 90 1290
75 38 1271
41 91 562
20 6 704
27 47 1251
14 69 187
90 93 1298
47 44 1056
53 8 1369
74 53 1725
22 86 1803
45 22 1205
74 5 991
13 59 1717
46 45 1771
99 45 1639
20 5 1337
20 24 1706
38 31 671
97 30 1799
89 90 1359
61 64 525
15 87 1502
13 22 742
19 95 536
92 49 193
0 34 1815
64 7 1304
9 54 67
69 10 4
78 44 1566
51 11 294
34 63 1775
91 90 133
72 79 1058
2 94 1015
62 32 1649
61 12 277
87 42 1192
35 52 190
66 35 1092
44 38 1155
16 82 1829
50 98 153
20 82 174
51 9 739
76 39 560
5 18 1573
98 20 211
55 87 524
19 25 1024
81 51 1462
21 15 1093
52 2 158
23 26 577
23 98 889
67 20 1736
94 98 1222
28 83 1684
54 30 774
63 30 220
18 44 786
62 27 170
80 17 1408
96 94 549
66 70 1190
99 41 1390
36 44 388
8 25 573
34 28 43
91 93 1826
76 59 330
43 27 1734
43 19 953
42 76 855
51 58 1409
55 13 229
61 19 621
63 32 1045
67 47 550
98 47 1863
72 25 328
68 69 1668
19 97 1849
61 77 165
92 84 1031
32 84 1184
8 38 1585
74 8 1527
55 80 1353
5 45 248
29 66 301
30 85 1504
47 25 1684
25 86 105
74 30 1207
43 9 1853
99 3 918
14 45 934
81 46 839
49 95 443
33 46 341
47 62 1300
64 76 1054
94 13 1917
42 62 746
91 11 1399
30 77 488
45 82 651
69 38 1238
80 23 258
12 68 769
82 68 1731
94 31 1446
30 17 589
22 11 637
25 89 102
71 54 1119
56 14 1634
47 71 858
56 83 1412
55 50 1479
45 77 748
9 87 1607
90 0 577
19 88 1913
8 11 305
84 44 1478
27 51 827
23 94 112
81 45 286
3 83 1118
47 50 876
18 94 412
52 55 402
37 0 1339
9 3 594
14 42 374
7 31 458
81 75 1703
32 95 1359
99 70 1905
42 12 290
40 64 36
63 52 1536
71 17 194
83 16 221
62 81 369
61 7 468
30 38 1391
1 49 460
82 63 1655
33 20 704
91 35 1818
96 89 66
51 2 425
26 19 1390
0 36 1239
2 80 244
24 57 1875
21 61 1645
79 54 879
0 1 1412
83 70 1226
19 17 198
7 15 129
54 72 988
63 68 1899
61 85 1480
17 76 155
86 74 673
9 20 1117
34 11 1470
7 34 534
35 72 1520
14 90 501
29 9 1899
3 34 798
42 72 1602
85 14 1264
99 93 713
70 23 1702
84 64 478
18 76 277
68 61 1137
74 45 1108
99 63 686
15 24 1710
39 87 1002
82 43 1213
86 21 1300
87 23 1694
98 51 731
73 50 68
73 68 23
73 25 85
73 65 17
73 81 66
73 86 41
73 53 54
73 46 94
73 11 25
73 18 16
73 16 51
73 48 15
73 59 29
73 64 7
73 29 79
73 75 46
73 76 69
73 70 55
73 33 88
73 36 44
73 41 9
2 65 17
4 65 73
10 65 22
12 65 43
18 65 61
19 65 26
26 65 81
30 65 29
34 65 33
40 65 15
41 65 49
52 65 54
58 65 41
67 65 72
69 65 49
74 65 53
75 65 25
82 65 17
83 65 14
91 65 26
93 65 18
