73
87
80 10 94
35 89 97
11 96 9
83 10 44
48 56 87
21 107 44
78 89 23
44 67 12
90 76 3
52 104 19
48 11 20
92 30 42
56 13 99
108 3 16
56 9 76
34 6 65
29 97 36
69 0 56
80 58 14
96 84 46
88 92 80
35 99 7
28 4 60
11 36 74
20 82 87
0 85 69
2 29 51
42 96 11
101 93 100
17 83 11
47 18 59
59 62 20
24 60 20
20 74 67
9 55 50
48 72 40
36 66 43
13 15 8
92 27 73
18 81 23
24 76 89
4 56 49
100 46 34
9 13 13
106 2 27
20 71 43
100 18 15
52 58 66
44 25 25
36 50 79
35 41 30
24 51 86
78 53 43
64 57 43
99 13 62
93 41 73
57 36 2
40 95 1
24 54 67
103 57 79
86 105 73
38 10 46
54 52 38
10 14 70
78 1 0
66 43 86
47 78 87
90 96 48
76 4 26
10 25 38
47 46 1
50 13 32
61 0 68
103 71 26
9 71 7
109 25 90
74 71 73
104 69 21
81 70 63
91 9 27
61 57 96
42 48 56
68 64 53
64 47 47
105 45 52
43 94 92
38 43 85
1 39 14
7 104 71
108 62 92
32 85 80
28 80 5
36 39 96
72 105 31
49 61 12
8 61 85
14 15 97
108 15 92
8 3 69
25 38 30
34 36 14
79 102 11
89 18 86
103 24 89
74 1 3
34 102 50
106 31 57
0 20 91
7 52 21
51 94 76
37 29 62
40 30 97
94 51 61
52 42 38
63 79 48
67 31 66
90 77 69
23 9 24
76 9 13
68 22 59
33 42 54
86 10 32
80 41 84
102 85 95
46 106 75
9 1 52
107 55 8
57 4 4
63 30 97
15 44 10
99 56 19
100 48 67
71 98 55
108 67 5
49 38 41
9 69 19
107 94 64
93 11 42
79 27 35
52 23 47
17 61 65
52 75 82
76 54 17
89 33 3
62 55 66
27 96 70
32 64 91
109 41 86
17 53 97
49 3 60
51 88 100
100 68 10
31 28 24
93 20 70
84 82 38
32 22 86
76 60 83
68 28 20
38 108 91
94 37 1
52 46 62
20 78 29
14 11 64
76 26 18
4 104 85
38 104 21
91 95 58
75 12 30
12 60 62
25 68 56
14 84 4
101 18 85
64 7 75
15 8 61
90 27 2
23 77 32
86 20 95
15 24 22
98 109 90
44 34 37
35 100 3
101 48 56
75 25 5
43 47 45
52 62 18
51 58 6
4 1 32
66 12 65
44 33 58
63 59 8
36 16 79
85 9 10
102 27 50
23 8 66
69 59 21
1 75 78
43 67 39
82 38 4
84 54 50
30 107 31
18 39 24
6 30 4
62 36 25
107 24 16
85 7 73
8 43 98
57 106 76
61 78 18
108 45 27
41 29 63
49 94 86
61 84 71
5 81 89
106 46 25
52 53 32
35 40 57
40 61 66
8 91 48
7 47 45
19 57 40
74 49 94
15 0 8
50 32 54
105 64 75
68 82 88
92 23 51
99 2 46
5 71 48
26 70 90
50 60 86
62 59 36
70 81 96
80 97 64
44 60 74
48 63 94
102 33 12
32 0 1
98 68 28
103 43 63
100 105 5
4 57 2
24 108 15
57 76 35
100 91 45
56 69 96
81 57 80
88 26 45
55 24 17
99 71 55
28 9 6
48 26 82
39 91 47
86 101 42
60 82 9
88 8 70
85 75 84
52 68 30
40 36 47
39 67 33
108 85 27
40 33 26
41 107 69
32 70 62
86 25 63
39 10 94
68 65 42
19 61 95
10 64 20
99 61 84
102 3 41
41 49 100
22 51 12
104 4 22
28 20 32
85 17 25
21 101 77
52 86 54
24 32 100
2 105 19
11 23 100
104 42 6
64 82 84
14 107 66
72 66 48
88 21 52
21 12 1
36 8 59
58 30 7
17 67 34
67 97 91
95 96 0
47 60 24
33 2 84
14 35 34
10 58 20
10 100 45
81 64 4
55 41 61
41 50 36
97 54 93
21 52 10
82 13 9
23 17 90
83 70 40
72 44 32
32 38 99
83 37 61
6 89 27
109 69 55
105 4 24
109 31 1
66 83 53
24 79 27
27 60 17
37 55 18
27 30 56
29 36 55
1 40 22
96 95 12
85 3 68
99 1 55
104 49 62
24 30 19
39 1 52
30 8 99
64 61 23
93 65 53
109 75 39
74 29 38
102 49 70
77 62 61
1 33 51
36 64 35
5 70 58
44 63 11
60 62 78
89 82 18
82 78 81
10 106 1
74 70 40
89 101 25
48 97 91
20 90 51
36 32 44
55 4 37
38 96 5
39 6 28
97 14 26
34 91 61
21 39 71
51 27 45
79 65 65
102 13 92
9 102 36
100 54 92
91 28 21
52 28 99
92 79 70
69 109 38
16 55 46
48 80 71
12 106 86
86 11 68
109 92 50
71 67 54
30 5 59
53 67 10
109 52 43
48 50 96
34 14 30
92 26 82
107 61 25
20 101 41
81 82 80
108 6 44
69 41 52
55 16 60
18 25 72
91 102 86
16 5 36
26 34 99
106 35 81
89 64 13
94 59 82
64 63 84
67 48 61
25 62 87
107 82 89
8 98 76
84 49 4
11 43 57
74 107 64
42 11 61
95 89 71
71 60 94
52 64 59
36 76 71
8 58 51
38 50 11
77 46 49
55 37 31
47 45 28
8 23 7
70 64 9
91 105 38
40 70 96
3 23 19
18 49 95
102 105 27
2 57 52
23 109 53
38 9 30
63 95 2
35 93 75
42 67 78
36 89 6
76 12 28
34 26 17
91 75 7
98 19 28
23 38 7
84 56 65
75 49 68
31 34 62
109 15 26
63 99 53
48 6 94
28 17 89
67 101 40
78 0 81
33 93 24
16 36 3
1 90 22
37 98 56
94 80 65
25 41 97
20 92 65
65 6 54
16 20 83
25 20 26
95 13 11
76 82 73
75 40 90
99 60 46
22 98 75
71 15 11
5 59 26
59 4 29
18 94 97
29 32 89
91 38 70
10 16 71
57 70 50
42 83 2
104 21 87
44 14 58
48 34 72
86 66 48
63 54 86
32 90 56
86 48 92
98 75 73
104 102 92
43 29 38
64 53 21
46 97 73
94 17 16
25 22 85
109 60 26
101 85 41
2 31 58
85 15 87
102 17 50
82 1 84
42 14 97
3 92 13
55 25 49
78 17 59
45 22 60
9 39 4
66 1 50
60 54 18
75 81 38
100 85 54
18 109 94
71 33 25
5 56 56
89 77 39
93 89 31
106 29 29
79 108 62
58 107 49
36 78 67
53 80 10
45 23 83
82 61 39
25 69 57
14 24 60
105 14 68
101 14 72
69 84 12
70 0 91
78 4 46
100 15 50
94 109 96
98 105 68
21 94 96
75 79 94
63 17 39
18 76 1
108 35 12
55 62 6
96 10 85
57 48 82
85 106 68
84 103 22
62 33 91
65 49 18
5 2 58
83 60 12
67 74 95
27 43 26
82 45 50
89 62 66
7 99 43
56 21 40
67 71 64
51 23 1
106 10 16
13 101 31
27 29 30
23 42 62
81 11 62
89 48 25
25 85 66
78 106 76
1 6 72
2 51 23
2 6 88
82 94 10
88 76 45
40 94 35
14 99 61
103 3 64
72 42 45
15 101 4
64 24 58
75 0 59
45 75 86
91 62 81
58 27 90
107 88 67
65 52 70
78 97 91
6 64 64
11 93 64
27 51 81
82 63 19
32 74 22
23 78 89
23 98 56
67 42 36
46 4 44
21 61 67
23 81 53
30 55 36
33 1 25
69 20 79
88 102 66
29 107 59
96 105 11
91 76 23
2 69 72
97 96 45
11 74 90
2 93 70
89 14 97
23 45 34
47 35 39
36 98 63
35 72 78
105 93 53
10 66 64
20 75 70
97 99 14
81 53 86
72 77 96
10 60 98
25 44 34
2 13 85
14 63 43
26 41 99
100 50 28
21 103 74
77 61 58
51 68 79
71 64 81
11 20 72
104 16 12
34 60 61
64 90 91
47 84 42
15 23 67
33 39 97
92 81 47
48 86 84
103 85 55
29 59 27
94 88 41
55 96 51
76 52 16
9 86 39
76 105 30
89 50 93
50 83 57
54 34 18
29 56 82
11 58 74
42 91 87
64 80 44
63 91 37
95 46 74
52 16 64
67 78 64
75 17 78
34 89 21
82 20 98
12 43 10
35 83 64
102 16 48
105 54 52
99 109 73
17 71 74
52 102 81
72 100 48
71 92 44
36 62 71
17 44 15
9 85 81
10 51 74
101 31 5
80 23 63
76 27 79
14 61 7
95 83 77
39 68 96
36 80 85
16 17 33
67 56 57
52 93 50
3 60 68
105 34 1
16 21 5
7 31 28
97 26 81
27 5 84
32 19 53
47 67 45
8 57 32
7 70 21
40 106 65
37 100 100
69 101 40
9 84 20
27 11 8
36 106 45
9 50 53
76 49 5
36 58 28
65 4 92
77 81 0
66 37 26
49 109 72
45 94 29
33 100 38
41 25 15
106 13 20
5 12 11
24 20 7
99 17 58
104 55 19
107 58 89
34 85 40
34 90 0
23 7 12
0 34 47
64 96 52
26 18 20
67 26 43
101 96 15
69 86 72
32 3 5
22 108 86
59 79 33
52 43 98
72 45 50
8 5 90
62 56 21
107 65 11
81 15 100
82 104 32
95 93 40
43 0 90
97 5 39
81 21 48
103 106 35
71 65 82
78 101 45
45 92 3
31 44 36
100 104 99
63 102 28
33 50 83
104 7 58
74 6 48
57 94 74
18 55 85
103 2 10
11 37 54
18 69 38
58 5 58
88 109 19
103 51 58
37 99 18
3 54 57
8 64 8
100 58 96
106 99 55
109 34 49
85 55 49
33 38 83
83 74 52
95 108 87
96 89 12
27 61 36
59 65 79
67 23 81
91 94 97
39 32 22
30 59 5
16 99 5
36 82 30
9 43 17
108 28 20
14 9 62
72 19 19
24 25 44
53 15 93
48 30 46
45 38 62
99 23 29
81 74 24
98 99 58
68 80 79
97 46 86
35 104 95
72 109 45
41 28 24
0 57 39
4 47 22
40 27 5
98 31 77
58 17 91
93 81 12
47 95 61
5 93 37
72 20 84
70 36 49
62 71 99
22 9 1
26 60 72
15 48 29
58 84 58
11 82 73
88 71 98
59 11 85
39 36 40
86 88 93
61 70 7
17 26 20
25 23 30
19 14 56
68 21 77
24 9 52
20 63 52
67 21 47
53 36 41
46 1 82
91 24 2
50 5 78
82 54 60
14 106 7
35 22 48
47 64 64
21 57 10
55 105 11
71 90 4
65 15 67
102 11 75
83 18 84
21 64 16
46 109 21
14 46 96
81 19 46
60 52 13
46 82 71
19 44 51
100 47 10
33 24 44
8 29 32
68 101 42
31 12 21
89 54 44
72 31 7
38 71 41
89 39 70
71 22 87
12 14 67
109 43 32
35 102 68
22 27 93
47 83 23
46 61 42
91 83 88
35 71 68
92 82 71
17 108 8
54 84 54
9 2 1
36 4 4
85 42 75
30 82 28
106 55 4
53 9 95
34 75 55
82 67 27
57 63 16
16 109 52
81 5 75
76 63 72
60 3 61
61 62 46
7 51 21
82 32 10
59 8 76
108 51 36
19 37 19
80 63 82
71 48 33
84 38 41
36 6 25
44 50 38
96 104 84
35 88 39
108 94 51
19 74 53
44 56 33
27 104 89
74 91 49
51 97 51
10 27 51
56 70 21
53 44 50
15 67 33
65 9 7
82 14 65
95 7 48
1 4 7
22 49 39
86 83 66
77 106 7
30 51 50
44 108 13
50 20 55
76 94 84
69 24 20
34 24 43
29 45 7
90 40 71
94 35 92
76 42 85
37 75 94
54 91 58
72 92 93
20 28 25
81 109 71
85 95 66
11 12 7
2 16 4
2 12 67
44 36 82
6 103 72
107 30 29
9 47 70
43 45 41
2 95 0
15 7 37
66 2 57
50 15 33
2 39 4
49 92 87
51 34 74
27 45 74
85 43 7
77 58 21
74 90 30
20 97 83
0 69 78
92 72 94
12 59 97
75 34 90
17 4 53
6 63 83
32 45 58
21 8 77
50 72 17
50 90 75
8 18 74
67 61 89
26 100 98
15 105 96
59 37 67
2 41 24
50 96 9
65 109 43
72 82 90
49 27 90
54 57 1
108 47 28
76 6 20
22 78 20
64 59 71
109 98 39
78 98 1
37 41 87
58 21 12
59 23 1
33 35 32
59 15 62
100 4 100
44 22 73
16 62 63
20 4 61
15 100 75
106 81 56
46 104 68
82 84 96
86 56 14
44 107 91
76 19 98
77 75 77
83 58 99
15 94 97
17 46 3
33 29 31
56 61 19
34 21 60
5 66 0
32 30 51
25 106 10
63 86 55
46 101 88
24 19 31
63 55 34
98 35 8
8 100 59
25 4 63
101 20 63
36 35 12
100 70 44
59 52 29
59 89 82
66 77 74
22 62 97
48 47 21
93 78 59
63 93 73
31 84 99
2 38 33
16 79 5
26 89 85
74 109 46
0 65 97
72 63 98
69 89 14
48 9 75
80 26 41
72 28 28
70 51 25
51 42 66
103 63 28
92 96 73
78 39 65
52 5 84
52 61 46
33 19 28
43 96 18
35 13 8
17 19 66
86 94 52
14 70 56
101 0 71
92 99 70
23 36 57
106 105 46
33 27 87
60 13 34
45 26 4
69 62 51
102 94 72
60 103 78
81 56 65
15 47 53
98 58 30
93 24 30
60 24 13
95 34 63
85 11 75
9 97 96
106 40 43
56 95 5
94 10 24
54 67 29
102 52 33
16 42 19
6 97 6
14 42 89
7 13 88
16 11 83
45 79 8
27 91 44
7 80 97
27 54 19
15 66 62
36 47 58
61 6 30
53 2 16
88 2 90
47 63 9
63 90 41
30 64 65
32 91 79
68 107 91
41 66 44
30 37 35
26 85 54
89 71 91
92 83 58
7 3 81
51 5 32
23 108 93
67 7 47
102 78 81
98 49 78
102 104 66
63 15 84
44 6 89
99 106 24
8 92 97
91 37 57
98 9 9
105 22 8
103 78 45
13 107 19
67 89 63
76 11 73
67 14 87
51 78 30
66 18 65
53 5 26
75 77 62
85 94 78
39 55 86
50 33 69
75 89 30
4 21 75
68 5 57
54 14 20
44 80 47
79 41 92
102 44 13
72 103 81
32 81 73
64 21 81
3 12 10
60 69 75
101 40 83
27 40 46
47 4 8
89 106 49
21 53 4
41 55 39
74 50 77
61 86 86
38 6 6
14 60 99
46 88 33
75 18 43
78 38 21
43 37 84
20 47 56
2 8 76
93 83 84
109 30 62
84 48 42
62 107 8
18 0 47
4 26 59
11 64 41
72 41 72
66 10 4
38 46 77
26 43 85
39 15 57
45 58 69
47 32 61
32 66 30
77 19 53
10 34 63
81 49 55
66 22 67
47 100 81
108 103 89
33 64 10
39 18 67
82 25 6
53 99 1
78 86 41
57 96 41
28 2 85
86 13 33
75 36 44
1 21 85
14 53 45
50 55 96
62 29 31
77 105 44
83 50 77
91 25 79
89 47 76
1 9 59
93 22 4
47 42 85
70 1 82
10 83 10
41 81 35
102 86 94
100 10 38
57 6 72
79 103 73
23 64 89
20 64 22
71 20 51
0 35 46
25 26 66
85 60 64
34 47 70
24 91 64
61 93 31
13 40 71
60 63 12
39 64 18
97 52 46
59 69 81
81 0 52
108 92 64
109 84 81
53 103 80
75 32 46
64 16 3
68 32 16
88 101 3
8 96 24
74 24 9
67 76 98
66 90 6
99 31 96
11 86 88
54 20 25
107 41 54
66 3 70
78 33 26
89 104 89
82 7 55
89 37 47
62 7 85
104 48 7
40 28 3
88 55 94
18 75 58
23 20 72
72 36 89
27 18 7
40 99 96
0 29 8
50 51 64
107 13 81
39 29 88
64 45 47
52 106 98
35 28 89
41 10 41
91 18 26
30 74 44
38 34 97
42 56 39
28 71 2
69 80 66
106 25 74
25 90 24
81 16 81
5 103 2
104 1 74
102 106 73
66 23 7
67 19 42
74 58 81
105 11 48
56 79 11
97 103 22
92 51 78
109 11 10
51 86 59
38 20 54
85 86 62
57 104 41
89 96 22
82 12 23
49 93 9
109 85 89
49 53 66
65 101 26
102 5 7
108 88 96
49 31 9
64 62 75
43 33 86
56 97 55
106 9 54
48 17 78
61 17 0
45 36 81
36 12 35
2 91 22
88 66 11
82 57 34
33 105 77
107 27 33
86 8 86
21 68 55
65 98 30
74 30 68
2 65 74
41 12 78
49 35 41
29 40 58
19 25 69
23 2 10
107 93 9
0 92 62
14 16 65
46 84 84
74 97 13
14 72 22
92 32 57
4 20 88
51 89 71
65 107 24
50 49 43
29 53 59
97 27 65
52 29 10
12 78 52
80 65 98
41 40 43
84 55 99
99 42 43
15 39 46
48 21 59
91 65 59
12 98 3
44 58 81
103 99 81
28 25 62
3 52 67
22 92 4
68 49 7
100 45 88
49 79 12
10 48 39
107 99 59
13 61 77
48 44 68
103 34 39
105 75 36
108 40 95
63 68 4
92 42 73
80 89 31
20 27 3
17 104 80
60 16 74
57 12 71
63 76 66
93 86 40
34 38 48
15 82 43
16 27 5
33 90 55
78 81 10
100 20 56
47 10 57
58 39 37
45 109 9
89 38 36
45 95 77
16 6 7
47 94 54
66 17 70
64 94 68
17 7 40
17 35 67
71 77 92
4 51 34
12 9 0
14 43 59
107 108 21
95 40 24
11 6 71
48 88 7
57 0 50
50 62 85
2 92 32
68 66 16
5 29 50
57 39 29
82 16 45
98 13 75
63 33 5
40 89 8
63 38 74
10 55 12
92 22 19
27 31 89
31 92 44
24 74 100
18 10 59
36 57 70
78 84 57
60 44 64
22 11 54
2 32 35
79 21 34
0 83 47
49 6 20
74 53 55
7 50 37
51 59 75
68 53 38
34 9 85
52 13 41
51 108 28
98 54 90
81 40 12
80 44 0
74 86 96
83 89 15
48 85 59
67 70 82
37 4 77
61 40 28
18 82 56
69 57 42
76 68 54
29 95 16
36 29 6
1 99 65
71 66 83
99 89 79
85 97 46
16 102 11
86 28 4
2 27 89
76 53 29
38 67 56
57 29 83
0 5 37
6 65 45
10 52 14
44 57 68
86 47 10
103 84 98
83 90 95
47 81 99
68 85 12
53 46 50
50 40 74
28 60 22
41 84 31
74 13 39
101 33 58
23 27 77
103 14 87
59 21 30
31 0 24
48 57 82
41 36 75
41 32 85
79 6 46
50 17 65
4 60 31
66 49 31
42 55 7
76 106 55
91 0 7
78 27 99
107 95 88
107 7 74
34 84 44
5 97 15
8 17 89
61 20 61
4 107 68
54 50 23
102 51 1
96 65 15
3 77 39
46 62 89
78 74 36
106 14 47
51 15 59
93 98 52
5 50 19
61 24 30
64 31 60
79 104 45
16 3 13
107 66 60
45 4 64
97 75 55
49 107 67
13 106 28
4 35 23
89 44 84
72 107 14
54 68 48
46 33 66
101 94 36
29 79 97
51 103 71
6 32 77
35 23 50
35 108 71
75 60 15
28 57 75
8 102 77
43 81 88
46 67 10
82 15 18
67 39 26
6 85 4
34 56 64
9 33 69
80 57 21
70 48 61
11 27 86
65 45 31
23 75 4
98 17 25
36 3 8
71 58 90
51 46 71
28 31 63
94 100 38
21 105 58
19 77 41
30 18 54
23 51 76
0 3 29
63 67 97
109 83 14
53 76 74
9 17 26
18 85 86
101 54 61
84 17 10
38 36 27
58 72 17
26 29 92
101 98 22
59 97 81
0 104 8
93 67 74
32 84 7
99 55 23
67 6 3
70 66 79
29 74 96
85 70 44
108 42 73
14 83 0
68 46 41
16 1 73
105 77 58
24 41 82
72 91 16
20 106 33
90 18 98
64 19 32
5 44 13
18 41 21
103 95 73
78 35 56
76 80 20
7 62 35
9 70 58
12 89 44
50 10 23
76 97 46
44 4 23
97 25 37
52 33 12
22 25 44
1 14 11
88 13 77
2 0 1
71 63 37
99 94 78
89 78 15
89 86 68
29 10 14
25 109 36
6 21 52
78 22 67
11 77 34
80 96 18
24 62 89
24 15 6
86 60 8
50 68 42
27 92 60
71 12 40
69 45 3
61 3 4
3 76 98
70 84 98
107 52 56
89 60 100
32 29 57
68 92 68
108 20 88
53 98 63
2 49 51
17 60 72
7 83 34
50 64 35
3 15 35
98 48 74
37 38 52
5 35 41
80 17 96
102 101 55
78 65 98
48 68 92
69 96 19
103 76 25
23 107 57
52 97 76
2 30 2
72 21 65
9 37 80
103 28 31
65 14 50
64 55 32
95 104 64
94 49 64
2 14 29
48 81 21
61 7 9
40 83 94
37 68 47
109 44 11
80 85 100
39 57 28
108 0 21
93 32 54
90 59 22
64 83 71
23 85 98
72 6 79
16 32 70
85 103 8
17 15 34
41 90 56
79 89 28
94 74 12
64 56 62
105 104 94
74 5 3
20 80 58
96 37 51
20 61 82
39 97 51
13 47 68
61 13 20
88 57 73
22 28 73
77 41 1
22 60 56
83 44 45
98 5 54
58 54 16
63 16 20
49 23 2
95 60 25
67 99 78
86 55 22
67 86 78
69 16 55
86 71 68
8 72 86
35 92 52
107 106 100
24 49 88
3 108 58
50 100 97
74 60 60
61 21 49
46 65 12
61 83 19
39 74 52
104 9 94
32 24 32
86 43 44
72 90 20
84 66 63
65 66 59
79 16 17
69 103 9
14 12 50
45 101 63
95 103 25
95 76 20
64 3 44
72 29 55
50 70 38
40 56 62
84 95 4
29 28 50
68 103 71
65 62 34
5 102 41
79 94 63
74 88 86
12 52 37
65 69 70
56 64 93
49 60 12
6 22 77
40 25 37
26 39 56
90 74 48
98 103 77
106 41 53
96 40 16
63 41 39
43 69 33
41 57 62
60 19 95
49 57 29
60 71 2
88 62 24
7 1 10
25 104 33
70 58 99
4 8 40
86 24 37
60 45 39
63 34 29
18 70 78
86 57 1
97 80 32
54 49 99
49 101 100
88 42 82
0 45 17
1 85 67
45 69 51
53 65 62
65 46 48
88 94 4
41 76 26
74 65 77
58 95 10
74 7 53
71 102 10
14 71 42
33 58 33
6 54 9
104 97 91
56 12 71
35 56 19
33 54 52
95 78 93
35 5 11
103 52 86
108 24 20
2 106 52
96 75 89
92 97 79
68 18 22
77 21 24
25 88 79
81 33 8
104 27 48
106 79 19
84 92 28
14 20 65
12 108 94
42 100 70
5 69 14
85 8 48
72 62 46
75 41 71
58 24 24
23 63 64
11 79 72
101 22 67
101 5 100
100 94 86
91 42 15
34 69 72
5 3 46
34 8 58
54 66 19
73 98 47
73 20 55
73 63 85
73 66 66
73 47 29
73 36 84
73 10 85
73 92 91
73 32 1
73 68 69
73 56 73
73 41 5
73 90 72
73 11 17
73 9 56
73 108 54
6 87 45
11 87 95
15 87 65
17 87 88
19 87 24
21 87 14
36 87 67
43 87 76
53 87 32
60 87 11
80 87 16
84 87 7
93 87 42
95 87 16
96 87 57
99 87 6
107 87 63
109 87 59
