50
62
56 8 21
88 33 79
83 73 28
84 76 89
5 61 28
9 5 51
28 45 12
60 39 11
29 45 80
43 28 71
61 37 22
69 21 54
44 0 68
60 56 79
85 9 49
78 22 74
41 87 32
58 20 72
17 51 99
84 87 46
26 2 46
28 35 54
80 57 62
49 18 9
57 39 74
40 60 38
51 63 37
44 18 44
55 36 10
29 18 11
0 55 94
86 73 16
79 49 51
36 6 13
63 0 2
59 58 19
72 17 94
81 89 19
67 85 96
89 85 32
9 13 68
81 9 78
57 58 22
44 51 50
76 21 82
49 82 39
6 78 66
67 68 46
7 41 90
41 36 40
65 23 89
11 82 41
11 31 79
43 47 10
3 33 19
22 8 65
47 66 41
51 82 75
56 86 70
21 22 9
12 11 47
1 17 37
18 84 27
21 75 34
5 85 16
81 25 76
51 5 92
28 59 25
43 26 58
25 55 2
22 5 25
48 39 71
65 8 41
53 24 86
38 29 68
63 6 58
5 31 59
28 60 42
60 31 21
88 3 61
71 74 33
13 24 82
40 4 68
3 8 1
69 84 15
49 4 89
80 33 47
23 66 61
87 47 24
5 79 49
88 37 8
12 38 98
59 64 84
29 6 2
77 55 38
14 13 83
31 3 58
83 26 8
51 34 46
79 38 31
31 88 21
23 42 22
74 78 2
49 27 100
21 83 84
37 38 86
19 1 90
67 1 86
21 34 81
69 4 93
34 57 75
34 30 38
1 80 84
34 22 73
47 13 56
45 19 97
84 26 2
24 89 52
31 42 30
65 37 82
56 72 36
15 25 71
24 40 33
58 35 85
59 47 92
76 53 69
45 9 98
29 42 51
29 83 92
45 32 57
80 74 55
87 52 26
40 10 44
40 85 65
37 12 85
70 87 19
17 58 4
82 35 32
58 13 75
70 82 92
70 66 77
42 16 72
68 81 62
66 82 40
81 6 51
11 56 8
54 19 97
9 7 9
41 40 24
83 9 22
18 11 72
28 37 29
88 10 69
10 71 45
23 24 7
68 25 57
6 64 80
46 88 63
58 79 11
24 44 71
64 86 78
17 6 95
39 61 38
89 55 98
37 67 35
30 13 78
12 65 64
68 31 86
77 7 44
75 64 100
76 29 29
27 20 47
73 85 15
47 65 70
63 22 33
10 19 51
60 89 96
59 7 30
89 16 20
74 6 83
27 12 72
69 88 51
66 61 76
36 77 96
23 65 25
54 4 77
58 89 11
21 35 44
56 41 87
22 3 26
21 16 24
80 6 30
67 65 10
39 15 14
24 31 77
71 52 53
24 6 18
46 83 77
47 56 57
87 3 34
59 82 10
6 61 44
67 32 53
68 42 89
21 36 39
76 32 87
74 77 89
0 41 53
37 71 44
60 87 90
37 53 65
2 25 48
27 31 75
42 87 76
32 76 38
31 38 34
16 4 92
79 45 55
54 86 49
17 61 19
15 30 100
39 47 46
21 61 61
12 8 54
75 26 89
84 88 32
65 13 65
69 37 32
78 9 72
57 41 35
37 31 20
68 41 89
84 19 19
58 67 14
10 63 26
84 59 73
42 7 88
64 4 14
40 49 34
44 64 26
30 23 82
56 12 8
70 10 67
31 83 52
24 82 82
6 74 7
29 89 78
39 46 50
48 54 10
83 8 3
75 33 15
56 47 34
19 67 65
6 9 86
78 1 63
53 15 7
16 33 45
71 55 5
77 38 16
6 27 74
84 63 9
41 73 52
72 35 33
58 21 27
38 16 73
69 6 34
76 65 21
52 43 58
83 16 89
48 68 55
2 80 9
35 63 51
48 83 6
30 21 98
34 20 100
63 5 7
24 10 24
54 74 27
17 19 30
58 26 34
70 69 33
69 73 44
67 9 55
38 66 13
18 29 3
32 46 11
67 33 56
5 71 39
61 38 27
86 61 93
75 82 92
1 11 24
83 77 82
58 63 93
66 74 71
12 82 17
82 68 8
45 77 88
39 25 39
16 56 69
28 47 2
61 23 96
20 25 65
40 78 9
48 66 43
60 59 59
7 35 79
30 84 28
18 30 22
89 80 29
3 46 87
79 5 88
85 1 71
49 86 81
57 61 44
31 39 19
11 46 5
15 6 25
88 6 39
35 0 4
86 28 84
66 22 63
24 87 17
2 69 53
18 60 88
21 7 20
83 1 88
86 9 46
66 54 2
41 26 3
44 68 70
39 87 41
17 76 93
40 47 75
76 30 51
75 66 92
40 13 100
33 30 88
12 21 21
41 39 63
20 57 46
46 19 26
56 42 29
49 28 54
19 74 4
54 29 91
80 83 76
76 73 5
33 9 98
39 14 65
18 71 92
48 56 27
89 60 98
54 39 34
7 8 57
32 66 60
82 59 75
32 43 65
85 33 27
7 43 46
83 76 50
45 29 93
79 0 93
5 73 52
56 9 22
31 78 1
89 37 81
1 41 32
10 45 13
31 80 42
75 48 91
29 12 44
3 17 48
82 19 81
35 75 6
74 63 13
32 31 17
84 29 78
38 36 13
3 21 1
36 56 35
44 55 13
27 9 90
86 88 38
77 0 4
0 72 8
88 78 16
61 52 10
82 22 21
75 68 82
80 10 25
4 73 93
82 87 37
30 49 87
82 31 74
87 43 36
89 79 97
0 15 97
17 80 19
79 69 56
0 18 6
83 46 98
48 88 96
86 67 20
24 67 86
42 41 67
16 46 82
55 82 25
4 16 3
8 1 6
85 15 87
70 86 88
22 21 57
24 73 39
25 46 6
25 83 3
46 45 79
32 30 91
36 32 57
64 49 14
21 18 1
63 56 55
51 66 100
52 6 98
13 63 8
68 77 87
46 72 53
19 73 54
68 89 78
35 72 92
52 21 69
72 19 69
14 51 81
6 53 23
40 25 84
57 13 74
3 47 59
58 53 61
21 57 27
45 54 8
78 76 8
27 7 7
65 24 13
89 72 80
86 85 80
2 5 83
23 9 21
17 33 31
21 66 31
32 40 69
57 85 55
70 29 8
8 55 77
41 48 39
27 32 65
9 84 8
54 25 79
26 87 25
31 85 15
12 74 98
70 37 26
64 31 80
4 42 40
70 3 99
67 20 42
82 0 71
22 49 53
52 9 71
82 58 86
77 22 66
34 52 22
64 27 83
70 60 82
15 89 97
15 32 24
1 31 95
18 27 63
64 89 62
7 44 22
26 1 23
9 14 58
64 63 92
17 26 43
70 40 11
43 31 5
71 41 49
54 64 9
21 68 66
76 8 67
40 42 33
18 32 67
85 14 9
11 80 64
85 81 50
37 46 1
24 56 22
4 67 89
25 19 35
47 32 6
41 61 100
48 34 98
23 4 78
31 32 74
8 68 56
7 64 59
61 70 6
47 21 97
88 23 94
61 80 19
13 34 26
77 30 44
30 78 71
2 77 21
36 45 23
65 20 88
46 37 72
45 5 8
58 61 80
59 37 19
31 8 26
1 48 29
53 79 21
55 77 32
84 25 91
47 23 62
12 53 70
81 4 80
79 44 19
57 60 28
55 37 51
80 27 56
7 84 33
60 48 70
52 18 2
70 68 2
44 29 66
69 10 68
67 37 50
17 67 12
0 57 49
14 10 59
73 81 35
84 18 67
52 44 70
25 16 98
2 1 27
26 30 92
26 19 85
19 70 89
34 49 54
26 36 68
27 23 82
59 1 53
79 64 43
23 25 98
86 76 69
5 49 92
74 28 93
45 80 51
27 67 8
53 55 15
79 81 23
59 89 88
84 47 38
72 66 74
82 13 76
24 14 13
69 58 91
26 89 3
19 61 55
74 72 25
89 32 79
67 0 29
0 53 97
79 17 95
37 35 85
35 11 75
6 4 88
29 5 100
3 59 68
48 26 51
75 88 59
52 82 71
37 48 51
18 41 10
53 14 87
6 35 1
46 35 63
20 60 67
74 40 14
63 3 59
5 80 79
59 85 59
4 82 9
20 30 54
24 17 36
48 23 45
59 73 11
77 29 37
23 6 23
66 42 50
70 71 54
65 60 98
54 45 43
89 10 59
40 16 1
76 42 66
42 59 1
71 1 53
20 53 77
18 73 67
83 34 41
72 41 72
11 67 57
55 17 67
58 49 81
33 20 7
34 87 43
14 58 52
9 77 29
79 18 69
1 58 21
7 4 21
64 10 33
29 26 41
46 12 25
42 28 57
69 43 9
53 82 6
78 2 8
26 55 39
34 25 43
32 60 38
81 52 47
52 30 36
71 29 76
27 71 64
11 1 98
12 10 71
81 66 95
59 22 55
17 68 57
34 1 93
48 63 4
80 51 45
71 4 26
6 58 73
15 68 64
59 88 67
86 74 99
23 54 85
4 68 98
71 17 29
40 43 39
17 42 20
78 39 76
12 84 33
31 55 49
77 37 31
87 5 40
73 71 10
35 20 33
28 2 6
23 13 59
71 65 51
26 48 83
80 73 63
1 68 37
41 76 85
66 33 94
9 69 12
26 56 32
55 61 53
24 1 9
15 51 91
30 6 13
48 70 5
43 29 88
42 11 17
10 14 60
16 87 8
83 58 73
20 85 42
4 43 97
24 26 84
86 83 6
82 39 53
28 17 77
59 12 53
68 13 18
10 87 47
39 11 26
49 67 24
83 40 71
8 73 34
58 40 10
33 6 52
33 56 48
71 2 25
10 37 73
40 63 70
8 48 56
6 52 97
82 61 47
64 46 61
51 89 5
70 20 50
59 43 43
68 85 39
70 22 79
16 20 38
18 70 95
48 33 96
56 48 9
6 51 77
2 82 90
73 0 67
18 16 86
85 77 49
79 88 84
39 9 37
63 88 46
18 28 54
52 86 58
22 35 18
55 65 51
57 33 34
48 42 58
61 68 12
5 41 34
57 42 76
81 73 24
13 88 72
88 71 9
73 87 32
12 6 71
1 45 22
3 20 52
84 57 40
73 51 59
10 0 14
83 61 80
70 17 70
9 1 13
38 37 63
70 21 37
84 52 18
67 69 71
46 6 65
40 0 76
67 89 24
55 74 71
20 70 20
38 56 12
59 78 89
68 7 19
89 8 79
9 40 29
10 21 81
85 28 48
15 84 42
74 24 41
1 75 7
85 51 11
74 38 75
8 0 42
85 48 51
85 47 88
20 69 11
76 44 67
63 78 87
78 53 18
77 69 73
55 10 61
55 47 93
36 67 2
35 52 3
19 33 7
43 49 57
77 85 69
45 57 8
71 16 30
26 13 38
64 87 45
85 87 35
24 66 98
56 6 3
51 36 28
35 24 79
46 33 51
72 84 98
65 19 68
45 43 38
34 31 91
17 22 7
77 5 52
21 11 67
25 81 92
66 71 45
49 73 13
40 77 88
44 38 50
4 78 61
1 84 16
48 41 92
33 44 97
81 28 71
21 73 92
64 26 51
69 39 37
49 24 20
82 7 78
16 31 39
88 52 33
54 68 50
52 37 59
47 69 48
73 75 70
28 18 91
2 14 30
67 19 84
30 71 100
45 58 92
8 18 100
48 21 40
74 67 44
44 10 27
63 74 42
57 18 89
54 28 63
3 78 23
64 85 3
68 14 62
34 89 16
77 9 92
81 57 92
88 65 85
89 57 48
79 1 26
82 43 1
12 44 1
16 88 96
30 42 3
58 86 19
15 77 56
27 36 49
63 67 48
36 46 22
84 65 63
31 18 23
56 75 94
48 73 19
55 85 15
53 32 31
39 41 79
70 80 61
76 60 68
75 72 36
20 74 82
0 21 39
42 36 32
84 85 76
34 88 16
69 49 19
49 41 61
83 0 32
79 61 40
30 28 25
7 13 80
55 67 93
42 37 31
74 35 27
32 58 47
38 44 85
57 65 100
78 3 51
18 40 53
12 49 62
7 23 84
56 49 57
27 89 14
87 9 28
15 31 46
44 30 83
88 73 24
15 33 34
3 14 8
88 21 34
15 39 93
11 25 55
66 69 67
70 52 35
76 56 67
74 47 69
35 33 36
55 1 19
10 46 71
43 55 78
73 25 70
11 75 92
52 25 16
42 40 29
15 49 2
53 27 50
5 42 58
2 22 69
73 53 10
1 25 49
76 35 67
3 87 18
32 9 37
44 31 41
34 9 77
4 32 77
34 17 17
21 89 23
47 63 52
86 13 88
49 77 33
13 35 26
11 64 93
35 46 45
47 10 77
35 67 27
20 76 92
51 57 42
45 41 61
9 22 34
46 76 61
34 28 72
9 17 48
80 86 82
4 1 47
19 37 32
27 39 49
26 15 79
14 16 47
63 28 90
60 51 39
55 59 17
89 47 2
80 3 41
19 38 48
65 54 66
89 53 90
80 40 33
81 69 86
88 28 43
16 70 75
37 21 3
78 16 80
4 71 91
53 39 49
54 70 33
10 76 84
8 33 77
34 4 4
64 66 51
25 21 87
0 38 1
76 24 94
7 0 96
8 16 23
43 22 21
72 1 58
23 12 92
85 44 80
45 7 4
38 30 9
74 76 65
52 75 49
36 1 52
70 15 7
58 87 86
53 85 50
85 41 50
39 31 45
40 73 38
11 72 10
36 49 27
51 69 36
81 40 68
87 23 11
32 7 8
81 83 49
45 70 66
59 45 47
79 84 82
86 70 38
29 14 97
64 29 92
13 65 5
73 44 57
29 63 72
65 59 2
20 73 9
5 46 27
65 4 12
29 55 23
18 66 76
67 4 27
6 82 85
42 26 79
66 79 81
56 15 42
76 52 64
32 64 6
29 84 57
65 49 68
73 20 8
61 24 46
24 42 34
42 89 68
69 24 36
14 26 8
75 21 82
8 5 67
56 57 52
43 2 39
86 49 99
67 14 32
4 49 75
78 14 71
67 83 33
48 89 82
54 79 75
45 21 23
85 60 61
78 67 50
89 31 67
0 29 40
28 13 15
67 42 38
9 38 57
15 36 82
25 18 79
27 19 62
12 0 31
82 32 54
70 43 35
41 10 85
53 8 55
85 26 6
66 77 3
33 19 29
6 16 47
71 49 3
63 53 32
32 72 45
57 68 20
65 43 25
21 12 47
44 72 46
36 34 5
45 33 22
58 54 35
54 44 58
73 54 13
74 54 78
48 29 66
37 47 78
12 63 68
34 82 31
51 21 73
12 14 61
15 17 63
39 0 86
46 89 74
30 0 94
89 51 92
61 36 96
42 13 23
28 42 26
11 30 40
39 88 59
11 5 95
87 46 86
45 68 66
78 6 20
34 58 90
85 5 56
74 85 64
2 66 74
29 24 30
25 42 52
81 64 22
4 44 55
66 18 45
35 81 100
55 63 12
13 3 67
35 10 39
28 72 50
6 55 93
22 58 66
51 40 100
9 44 8
52 67 25
14 44 56
54 40 75
35 18 20
13 1 46
87 75 13
27 21 75
73 40 45
35 23 94
46 9 35
5 21 59
27 28 6
27 66 85
21 56 22
81 54 3
72 64 77
81 12 87
26 6 23
21 59 77
71 26 16
39 78 78
32 8 4
67 2 64
0 11 5
35 4 35
23 0 32
63 37 100
75 16 2
87 13 13
18 21 46
38 84 73
72 12 68
7 67 6
48 76 52
7 53 37
89 45 31
30 60 54
57 37 64
88 69 94
51 15 7
30 16 47
88 29 80
12 5 41
2 46 33
34 39 91
43 15 79
72 14 80
3 71 67
76 43 58
59 23 25
10 89 52
64 57 59
52 57 85
30 27 45
63 32 41
3 18 74
1 10 70
5 56 83
44 87 68
33 18 70
15 64 95
39 67 1
45 88 10
72 46 84
71 22 22
29 67 22
43 37 92
87 37 39
33 2 81
13 9 77
1 5 45
3 60 51
71 37 81
67 17 21
11 70 68
53 16 65
72 10 100
72 47 64
26 80 83
19 69 38
33 37 2
53 21 70
76 87 46
84 67 24
36 16 58
42 38 79
85 16 60
25 84 87
27 76 15
27 3 87
13 81 83
6 77 11
71 31 41
79 26 44
56 40 13
28 15 1
58 48 55
34 66 80
87 58 23
57 44 90
81 46 89
61 73 37
16 24 86
54 58 62
80 66 99
17 3 30
5 36 92
75 47 76
41 13 72
38 48 97
49 21 8
19 3 25
0 52 83
63 41 56
20 41 55
1 77 46
53 80 76
65 28 96
57 0 81
68 70 92
60 73 5
32 89 54
29 39 3
80 14 52
35 25 91
87 38 17
70 47 63
48 65 65
23 3 71
68 61 13
23 84 47
87 61 76
83 49 71
73 57 85
9 71 98
25 65 77
43 73 26
53 73 55
19 11 89
36 44 79
68 37 42
4 8 68
23 56 20
73 65 80
44 76 31
0 84 83
39 26 45
31 19 58
34 26 21
32 69 29
49 32 70
9 86 24
68 48 53
46 85 75
2 39 67
31 86 76
86 1 68
8 24 47
30 61 85
45 65 59
38 58 89
72 36 27
74 56 96
82 18 57
52 55 23
78 36 58
67 43 85
35 86 18
14 47 12
32 1 62
88 1 50
33 69 28
57 15 81
9 89 59
2 88 53
76 66 23
16 15 68
86 48 56
18 57 89
67 61 100
3 84 33
54 76 15
64 58 79
89 69 57
78 32 63
16 26 1
55 28 90
27 81 25
1 88 82
87 65 10
27 68 36
57 1 76
54 15 52
33 49 60
58 52 50
12 71 95
8 89 75
12 3 27
18 12 84
65 64 66
22 82 39
32 70 19
39 65 94
24 35 94
46 78 31
0 83 3
66 52 58
58 28 92
73 28 86
56 38 6
4 20 68
87 44 82
71 43 87
38 57 34
35 73 15
68 38 81
0 66 19
40 68 49
68 60 83
45 86 85
25 70 30
61 31 81
59 36 61
47 2 57
49 78 46
21 39 44
80 67 25
28 49 4
88 84 81
13 36 89
14 65 92
88 27 50
46 84 18
4 37 75
10 74 38
20 28 65
80 63 55
13 79 74
83 14 71
22 69 1
9 60 59
31 14 25
40 39 84
73 18 35
14 23 64
1 47 6
57 55 64
54 80 51
73 10 7
4 19 26
38 18 97
11 59 75
82 64 34
49 54 9
35 31 96
82 83 12
61 4 27
89 70 19
77 3 95
9 52 89
10 39 79
39 85 97
87 32 20
77 12 90
65 78 62
69 28 71
53 75 61
1 56 57
14 72 92
21 37 48
39 86 45
23 85 19
70 83 59
21 5 2
80 9 75
11 26 10
80 78 88
0 88 87
42 20 64
26 25 37
26 74 60
80 0 39
66 68 41
8 34 97
52 71 37
53 25 55
42 23 42
41 51 13
72 77 19
24 0 64
41 8 46
28 1 81
17 65 29
60 63 44
20 18 8
7 28 83
51 1 75
15 53 96
33 70 71
69 11 31
63 10 98
47 87 43
36 42 19
36 84 69
83 65 44
79 14 38
72 59 66
10 34 13
5 15 66
46 32 27
57 23 77
7 45 39
34 56 79
24 60 9
57 38 31
8 64 90
78 58 41
80 17 49
0 22 29
18 76 27
20 21 92
30 72 85
59 32 25
2 70 75
56 10 57
7 54 67
83 42 100
17 55 75
23 86 98
8 20 53
1 64 23
42 51 30
60 13 97
75 34 46
63 20 79
88 24 18
59 44 76
15 26 76
82 84 83
17 15 68
81 30 68
17 40 16
23 79 100
48 28 68
26 41 37
67 28 42
34 79 16
36 37 46
11 61 76
41 82 65
56 45 30
63 60 53
53 63 22
36 61 56
66 41 54
49 64 54
46 63 36
20 66 56
8 74 80
67 6 95
54 61 67
79 3 60
31 10 39
43 0 42
22 79 73
49 55 86
32 13 77
69 36 81
41 68 85
37 33 19
85 58 40
15 29 45
85 70 68
36 20 39
31 23 37
59 30 56
59 8 23
28 19 77
69 53 93
69 22 63
2 65 13
20 33 22
40 38 50
30 48 34
10 55 8
53 84 18
3 76 80
70 9 81
6 10 15
28 87 56
60 40 68
33 78 16
68 67 56
79 34 27
6 44 42
58 71 21
49 39 19
69 30 42
57 45 8
38 21 67
22 14 60
69 7 31
37 15 86
37 19 98
39 48 69
34 16 49
88 80 31
37 64 67
54 0 31
26 39 37
40 2 99
37 82 91
17 89 74
6 54 6
8 23 38
68 26 48
28 67 27
73 46 72
36 53 43
89 4 34
10 52 81
6 37 52
53 37 22
20 11 2
29 25 90
25 80 37
63 61 74
4 12 52
9 51 1
52 80 91
58 47 88
86 41 43
25 8 3
45 25 23
56 29 80
54 18 63
49 51 75
86 82 86
5 48 29
87 60 90
37 5 32
18 44 69
80 55 59
80 18 10
4 70 29
71 69 86
18 58 16
15 35 18
17 12 19
66 59 39
21 52 96
8 28 41
81 18 56
23 80 97
89 14 54
85 74 100
0 24 13
57 25 98
29 66 93
78 24 34
68 43 5
6 67 63
33 54 21
29 78 52
1 21 56
58 43 80
59 77 69
7 31 94
25 3 66
36 13 83
89 15 13
79 29 55
15 52 73
8 39 100
31 12 70
11 0 92
69 3 37
22 67 3
81 72 57
20 59 86
35 87 2
75 51 19
84 53 41
87 41 38
71 6 3
31 84 100
3 1 16
81 88 4
36 43 21
40 84 57
73 60 100
59 49 63
52 24 48
8 25 66
28 84 75
54 46 44
68 88 33
85 83 89
2 67 76
8 56 69
55 81 29
15 28 17
4 33 31
56 16 1
28 73 26
75 10 99
2 40 26
32 2 18
51 67 47
63 23 5
26 71 49
71 40 68
42 31 85
36 80 42
89 18 76
56 55 96
31 7 94
86 12 37
51 4 96
68 40 97
68 33 8
75 65 23
54 77 98
16 38 75
80 30 81
47 28 14
72 75 71
48 37 36
1 87 73
44 80 62
33 43 32
36 26 84
75 63 39
0 76 58
47 6 49
13 75 56
22 38 28
65 21 15
30 31 92
61 10 3
29 74 95
34 5 89
52 89 91
84 43 96
21 31 7
12 87 93
20 47 95
43 67 85
84 11 6
57 35 29
81 61 90
69 83 77
45 75 31
78 8 33
47 33 44
45 59 20
15 4 83
51 74 93
12 56 54
45 85 11
61 16 45
3 15 48
58 9 84
89 43 35
22 63 72
29 56 24
47 12 38
7 6 22
20 61 41
68 87 23
26 88 88
43 60 97
85 64 18
34 80 29
71 10 7
27 70 64
13 15 9
85 18 55
63 12 90
78 69 5
28 63 52
14 21 49
12 57 94
43 72 77
44 74 21
77 45 23
37 70 72
21 30 20
21 3 54
80 37 93
21 20 81
79 55 70
58 83 35
83 24 67
18 86 50
32 52 78
53 18 90
32 22 11
46 16 88
86 35 61
73 74 98
75 39 5
87 59 82
73 89 28
5 37 53
65 87 13
48 15 30
8 87 61
45 13 26
28 4 49
6 83 64
20 7 86
58 51 4
65 22 61
80 26 29
2 35 33
1 22 12
35 60 97
12 88 85
25 33 93
31 15 20
82 42 44
46 28 20
63 82 47
44 24 24
41 53 46
42 17 8
58 17 21
11 33 56
51 76 95
19 9 7
1 49 36
85 54 22
70 27 52
38 80 6
67 29 81
48 57 50
24 16 11
89 48 70
20 80 12
26 84 90
23 36 43
20 84 84
66 15 40
0 73 11
1 76 83
81 29 64
37 23 99
88 31 35
2 78 9
18 65 54
6 45 61
64 82 10
45 31 78
39 13 79
10 7 67
31 49 87
33 73 80
60 20 53
12 59 21
41 63 32
47 86 64
81 47 24
2 49 81
20 77 13
37 4 26
18 83 45
57 54 71
11 84 33
56 79 11
59 57 47
72 15 39
40 31 72
83 68 96
46 67 11
66 83 15
0 78 90
88 41 14
83 7 99
2 10 6
56 36 80
75 5 38
75 12 84
73 7 52
71 53 68
11 38 80
88 16 33
39 6 51
66 26 64
46 74 69
16 77 67
25 14 96
20 19 7
74 51 35
75 36 25
26 40 80
47 75 46
67 18 98
38 6 72
47 48 80
89 61 23
26 17 25
31 79 47
69 57 8
53 87 68
14 55 94
30 36 62
15 14 49
53 66 18
22 56 23
34 12 71
79 31 29
12 52 93
88 39 5
54 67 61
39 22 43
56 28 69
52 23 56
64 43 42
0 61 1
65 30 33
87 2 46
40 69 24
29 68 50
55 15 12
67 58 84
40 3 32
49 8 32
86 21 17
39 77 63
67 55 53
63 72 16
9 83 41
76 26 35
2 26 43
43 51 74
17 81 49
82 16 82
20 34 48
54 89 66
56 63 65
13 19 6
21 23 84
10 11 4
21 65 50
17 64 36
29 38 53
28 12 47
83 38 6
77 46 39
2 3 57
81 49 76
76 9 55
67 27 33
4 88 16
80 34 63
29 34 33
27 72 42
16 19 18
35 69 96
55 38 41
10 41 58
82 14 51
75 2 52
58 5 26
31 72 33
10 3 2
88 17 70
13 53 16
4 24 59
54 16 94
44 22 49
8 72 96
73 66 14
23 10 96
86 20 16
46 48 4
78 13 85
83 6 37
48 36 56
12 18 27
21 76 85
52 32 4
70 61 49
79 56 67
86 2 6
15 37 22
87 28 66
13 22 17
80 48 7
14 87 48
70 5 7
64 16 7
38 67 95
4 26 12
78 55 3
81 14 37
11 60 84
49 74 86
33 10 17
54 9 66
34 65 65
87 71 73
19 86 70
27 58 34
33 13 45
8 51 30
20 44 53
55 32 90
0 7 15
84 20 33
14 19 58
24 65 48
64 79 86
58 66 65
41 29 60
31 4 70
79 23 30
68 71 52
48 78 9
68 80 60
82 65 52
43 24 27
15 19 41
78 48 100
89 0 49
26 59 32
65 6 7
37 20 47
61 71 37
49 29 47
53 42 23
44 32 69
67 41 97
75 89 10
8 77 25
19 45 69
59 4 13
89 6 76
13 39 65
69 19 57
69 76 17
88 70 36
13 78 5
68 76 69
64 14 2
80 69 5
39 64 82
37 11 2
29 75 73
32 21 93
64 21 53
71 48 41
83 45 84
33 57 28
38 51 14
3 67 26
37 89 80
64 39 48
56 14 4
27 57 75
37 26 10
35 83 3
12 55 70
36 4 57
33 17 79
60 47 100
54 6 18
41 17 9
23 63 78
75 53 38
13 42 2
35 21 42
56 32 73
48 72 3
37 16 71
55 64 74
16 8 24
74 68 66
35 38 95
10 5 82
38 13 87
18 54 31
32 5 15
43 13 41
48 10 34
16 74 67
2 64 52
16 84 10
6 42 52
60 18 56
82 26 83
49 7 58
60 16 76
19 35 42
6 38 49
23 5 18
11 23 56
16 83 55
11 10 73
22 81 82
9 2 65
80 46 93
49 15 14
21 10 78
63 11 54
3 19 44
76 1 40
46 17 88
24 9 24
42 24 68
3 39 86
36 30 48
16 1 73
72 48 43
88 30 88
23 16 92
1 14 33
17 52 42
40 82 75
32 82 37
78 72 29
2 81 6
20 89 35
21 32 66
47 41 10
11 27 85
4 63 75
71 28 11
17 2 28
73 42 58
14 68 21
14 57 66
41 25 42
21 81 18
1 70 45
42 9 53
31 64 25
26 10 13
58 73 95
39 55 83
65 88 91
23 88 59
13 18 61
2 27 22
35 14 78
9 55 96
52 69 8
36 87 4
38 69 10
72 27 11
35 88 57
27 33 50
58 78 85
55 14 70
71 68 50
86 54 16
76 54 59
19 49 27
27 64 60
23 60 45
81 58 81
63 87 80
82 86 26
17 41 61
73 27 4
53 68 73
56 46 16
67 11 52
13 61 10
82 56 24
9 31 41
18 2 95
87 74 10
2 33 9
21 86 48
85 59 3
60 55 45
51 78 71
35 16 83
27 87 89
73 6 64
86 23 23
53 31 56
7 9 15
46 69 29
47 31 90
26 3 90
87 53 42
53 78 60
60 36 9
1 13 99
33 51 30
37 59 87
43 53 63
69 41 72
79 58 81
77 44 29
35 51 53
47 52 60
55 2 39
40 14 70
12 51 35
63 57 91
87 83 75
88 63 37
57 4 99
41 5 46
21 25 14
84 15 21
23 76 30
5 75 58
31 41 99
74 58 76
32 26 61
25 69 54
29 85 43
65 70 71
71 64 48
40 75 97
0 74 58
42 22 75
58 0 63
53 22 61
89 40 99
10 65 65
5 43 39
11 15 16
32 35 65
14 33 91
32 54 6
9 53 58
46 0 97
37 30 31
13 85 92
85 71 45
64 6 51
54 60 29
33 41 1
51 18 4
87 66 53
43 16 95
88 72 79
44 19 6
31 61 39
54 36 99
4 87 59
45 39 22
39 79 18
68 47 53
88 85 54
46 65 83
83 27 64
54 51 81
31 69 68
13 60 100
18 81 57
73 41 100
12 73 2
5 66 91
67 76 64
42 8 5
29 52 59
55 25 52
1 66 76
42 46 96
40 15 62
61 29 46
79 33 38
5 3 22
4 29 91
42 73 86
68 82 68
2 21 56
60 86 55
13 21 48
49 76 18
81 63 88
80 89 57
30 54 52
53 70 39
29 72 54
60 4 55
2 7 28
63 34 88
52 54 31
9 18 80
28 80 42
40 89 56
28 25 25
10 75 71
6 7 29
53 67 71
48 3 17
43 39 14
69 79 30
28 39 73
38 8 64
21 38 14
69 2 72
60 2 58
23 58 27
9 82 81
0 85 92
81 7 6
29 37 73
89 11 8
46 71 88
3 27 70
25 44 54
63 75 64
43 52 12
26 54 73
76 31 33
85 22 87
10 23 99
0 44 51
22 34 76
75 8 83
17 63 12
84 44 44
22 54 62
45 87 99
21 87 62
77 15 81
61 89 76
30 40 79
17 74 99
41 12 82
60 44 56
1 30 43
58 72 78
31 40 7
78 86 91
78 74 1
12 72 82
11 45 70
83 56 3
60 75 36
9 65 62
13 54 14
14 12 27
47 80 64
45 89 60
3 66 94
43 38 76
37 65 57
12 46 55
30 41 54
16 27 53
18 82 61
14 20 71
80 42 54
75 35 43
29 4 80
19 60 10
1 27 60
43 46 87
86 66 45
10 18 85
69 66 85
69 89 82
61 77 26
52 36 14
85 88 78
10 77 48
83 86 86
8 41 72
87 81 50
47 70 63
85 49 14
10 9 59
44 1 64
1 12 61
16 47 56
66 32 65
41 60 43
30 4 72
56 20 5
28 16 34
89 25 100
61 85 13
37 56 14
78 49 77
0 80 47
23 1 93
0 31 30
84 42 21
47 43 30
10 36 9
2 55 20
44 37 53
5 18 52
24 43 56
16 39 26
67 16 27
32 4 60
75 61 19
66 5 89
20 46 1
52 51 34
60 42 87
80 35 49
41 71 45
21 72 31
9 26 22
51 79 56
11 86 51
61 69 72
35 58 4
21 63 68
6 1 74
16 49 2
67 66 88
65 75 2
83 67 76
65 1 70
5 32 15
1 85 72
24 21 49
77 19 88
2 71 89
0 79 50
58 45 83
26 32 1
41 30 94
46 51 21
64 40 72
67 86 22
30 38 85
8 54 3
7 2 61
23 38 24
7 46 87
12 23 48
43 18 97
43 63 18
38 25 19
14 70 94
20 10 6
71 60 68
58 80 2
19 40 34
56 54 96
38 45 90
29 47 94
48 52 82
17 75 19
13 23 3
32 29 75
54 33 76
85 24 26
38 11 62
84 17 74
84 16 61
42 70 86
82 38 17
71 87 13
6 80 7
71 14 56
20 14 70
22 1 73
40 88 1
75 6 61
70 39 90
59 39 18
20 63 78
12 70 27
61 33 50
13 0 60
1 23 14
19 29 40
32 73 77
51 35 23
4 40 16
29 35 26
9 56 54
74 20 24
64 19 71
31 9 15
35 55 68
75 78 62
64 17 94
82 51 39
40 27 36
67 84 81
82 4 73
88 64 58
74 37 3
25 37 81
57 2 26
43 70 54
27 88 67
2 74 76
28 43 28
9 64 9
75 42 37
7 12 85
55 80 70
34 27 98
55 79 67
7 39 26
0 47 10
15 83 98
5 76 61
65 44 29
70 64 82
73 19 46
74 41 52
38 41 18
36 79 30
36 48 95
34 6 52
10 61 10
59 65 1
76 27 60
53 1 59
18 87 12
82 48 29
56 25 63
60 8 18
0 19 99
26 4 74
87 22 76
22 6 53
78 82 56
74 25 57
15 55 6
29 61 83
54 21 23
37 72 13
52 48 5
38 5 79
89 2 38
39 58 37
73 36 36
27 2 66
87 84 7
38 75 88
14 36 23
29 64 53
30 59 29
44 28 61
44 63 56
38 24 45
6 63 1
42 54 46
85 53 76
63 81 30
2 79 13
83 11 81
65 68 98
53 64 54
84 34 49
22 46 7
29 59 49
61 44 3
70 56 11
72 44 41
37 60 47
2 76 92
10 79 17
26 63 25
35 39 63
82 34 78
12 22 60
52 59 53
12 85 10
80 53 4
39 49 72
12 39 55
2 4 23
10 66 31
59 70 21
1 34 14
2 58 92
88 77 65
13 83 43
78 29 38
48 79 46
66 70 44
38 73 12
85 72 5
79 36 78
53 81 41
60 29 54
58 55 37
4 57 72
89 84 77
37 10 61
7 10 71
29 33 54
21 1 6
11 41 97
86 31 72
64 7 16
87 0 48
73 4 25
54 24 40
36 69 69
0 48 46
78 57 5
66 86 12
75 71 11
34 67 5
30 75 88
18 53 3
52 68 93
37 54 88
57 52 79
19 47 58
88 7 77
67 26 84
42 45 80
25 29 3
53 20 26
60 26 41
54 22 83
14 27 86
84 22 26
33 53 99
18 38 11
74 4 55
44 60 72
83 69 10
82 55 80
22 59 64
8 21 48
53 72 35
21 53 21
16 44 80
64 23 6
68 23 22
5 13 98
24 7 100
15 79 23
38 86 63
20 72 100
1 32 37
70 53 42
84 0 19
74 29 10
32 47 71
12 83 6
44 12 45
89 68 23
53 54 71
7 47 50
46 66 41
28 10 75
15 56 17
15 87 55
63 21 78
30 67 50
19 34 24
28 61 91
83 35 63
25 68 27
11 63 17
14 66 95
86 59 75
86 37 92
15 41 47
38 7 61
72 73 24
25 45 34
17 1 67
71 83 59
49 46 55
87 70 51
13 37 31
44 34 35
53 30 67
61 11 77
70 73 13
2 52 90
73 3 22
72 83 79
11 44 66
19 54 73
43 5 31
57 27 33
36 21 60
75 73 22
86 55 27
16 63 44
85 36 23
74 42 2
67 53 28
39 33 23
26 37 60
28 78 38
8 67 87
85 10 44
66 4 20
58 85 77
72 55 21
54 55 68
22 31 57
56 27 87
65 36 29
84 81 79
55 34 81
88 25 48
67 56 27
11 76 21
19 53 28
2 83 84
63 77 18
28 57 4
15 44 50
23 27 62
49 69 72
59 2 79
46 77 9
70 4 64
45 56 53
26 64 73
69 44 100
49 47 77
15 67 76
78 63 37
56 21 14
42 43 73
19 71 100
58 77 59
78 73 25
11 79 29
59 34 78
65 76 81
37 88 10
72 11 23
9 33 23
18 19 54
68 3 63
72 8 32
41 23 11
34 3 89
52 3 26
34 19 84
3 79 41
26 51 34
40 65 4
12 43 9
56 66 62
30 19 1
64 22 52
60 61 8
46 4 64
84 66 60
82 6 17
78 38 82
36 31 38
89 17 84
4 80 72
23 31 54
87 64 97
72 82 3
68 53 53
30 83 87
85 31 84
88 74 67
37 22 94
70 25 23
53 44 64
6 0 76
45 64 39
20 49 18
75 9 95
45 82 97
44 16 85
61 42 40
40 8 40
55 75 69
29 57 47
44 8 76
78 28 23
61 45 15
38 22 10
18 45 83
4 28 46
71 86 90
69 17 16
0 17 22
58 19 68
88 79 17
38 78 34
73 58 43
9 11 20
49 17 32
57 76 10
56 33 25
61 63 42
1 8 40
44 58 14
53 59 57
16 58 53
49 19 65
65 86 65
32 3 71
82 46 4
51 72 94
15 81 72
82 77 6
46 44 67
72 22 65
40 17 75
53 2 15
23 72 70
24 49 1
34 68 22
29 49 50
63 54 51
84 8 68
57 34 33
3 56 4
33 29 93
25 4 87
81 31 78
14 28 23
54 5 91
21 85 64
20 23 90
65 40 100
70 6 25
34 78 45
0 8 9
35 15 96
9 68 70
43 88 59
40 53 64
69 65 5
68 54 80
59 9 70
33 52 22
10 51 73
42 67 100
73 17 17
77 14 20
80 76 33
60 11 53
56 18 46
65 61 46
31 77 62
89 41 53
1 72 96
76 11 80
48 18 86
33 7 23
10 88 82
37 57 68
53 23 100
47 57 100
46 61 14
26 22 72
38 39 13
86 5 1
22 4 30
85 0 39
40 6 8
14 59 94
54 41 24
4 83 13
48 75 38
30 79 96
22 10 4
31 6 1
17 34 5
10 57 8
10 2 30
77 39 82
9 10 14
17 59 58
52 72 9
80 1 47
9 57 79
86 46 48
40 55 47
60 43 23
32 65 19
39 59 48
29 28 3
67 23 23
10 4 33
11 3 40
86 51 79
11 28 74
10 25 96
19 39 50
55 71 38
73 33 50
47 67 97
22 66 38
64 73 89
21 6 80
17 56 61
31 35 18
14 41 36
53 13 94
29 58 35
83 5 24
54 56 4
89 30 86
12 35 84
86 78 67
71 12 80
30 35 6
20 83 47
13 27 73
27 54 58
29 77 90
70 59 15
6 26 90
13 20 92
74 23 1
55 12 31
7 87 49
7 38 56
85 21 12
7 65 77
58 70 27
81 33 56
83 66 1
19 4 76
57 74 7
89 39 95
33 63 38
21 9 38
53 11 26
57 24 76
55 0 95
39 30 30
42 6 36
54 34 18
35 84 44
47 9 8
87 48 96
0 13 45
48 6 81
12 28 21
24 46 62
25 59 30
61 25 99
8 29 59
19 88 80
14 63 35
85 76 32
61 67 44
78 71 64
25 48 82
24 51 39
13 11 60
88 68 79
67 40 96
66 76 14
82 52 93
56 88 82
61 54 72
53 86 78
82 9 10
47 38 58
83 28 93
12 80 75
47 36 96
83 2 32
39 84 98
21 27 42
76 38 70
84 27 35
79 76 51
66 47 47
60 22 19
37 73 8
69 46 23
82 75 67
75 84 95
58 44 63
41 69 3
0 37 28
54 14 36
0 25 72
68 63 15
39 68 83
56 0 78
70 36 97
75 54 37
56 67 63
80 7 74
23 35 47
34 41 68
54 85 86
0 9 11
23 46 36
25 20 90
38 87 8
27 10 91
30 26 33
71 56 98
39 82 27
14 6 97
86 0 96
27 18 96
76 23 46
68 19 5
81 85 55
61 19 23
43 68 35
13 5 75
67 24 59
2 13 55
59 68 17
27 46 22
32 10 61
63 29 59
40 41 86
2 8 67
9 16 62
57 11 100
30 44 43
53 33 34
4 54 10
66 81 27
43 25 51
31 87 9
58 3 1
49 84 30
23 75 76
51 32 82
54 43 83
5 22 93
44 82 77
40 51 98
69 59 48
77 87 50
3 63 33
28 68 69
39 44 32
79 82 57
83 29 96
11 49 30
35 8 69
60 30 1
38 85 28
27 73 89
73 14 85
77 63 95
89 34 83
0 35 93
65 67 18
60 77 83
21 43 50
39 2 3
87 79 72
87 54 93
60 24 73
27 5 18
81 15 83
44 40 52
66 46 48
45 49 45
74 43 48
25 1 97
48 71 42
77 11 74
82 45 29
81 23 34
85 82 25
44 85 67
27 83 40
68 12 44
45 28 68
77 48 75
56 85 37
53 5 25
49 72 84
49 87 21
7 55 43
88 35 76
73 16 16
74 83 42
34 15 78
69 16 24
53 10 30
41 24 8
69 77 82
65 10 59
48 60 48
14 83 28
45 66 5
72 57 37
64 3 36
70 16 79
5 83 77
15 21 85
53 58 97
66 27 42
69 61 54
13 6 60
46 3 48
73 55 51
12 45 16
19 68 37
32 25 33
32 85 70
76 58 39
66 9 80
3 16 56
8 52 54
87 49 69
72 52 9
12 9 30
60 21 38
69 42 84
88 9 53
53 69 62
69 45 61
70 42 45
52 46 24
8 46 50
74 80 86
1 40 3
7 3 85
11 36 9
74 19 7
84 51 96
36 73 34
15 0 64
4 10 11
31 67 7
60 72 95
45 26 44
87 14 14
31 2 18
58 37 34
44 6 82
46 55 16
47 27 50
40 33 97
26 81 29
43 42 81
60 71 61
37 75 52
82 3 43
57 49 10
60 46 88
21 44 54
24 15 92
9 24 80
23 26 55
44 88 30
38 42 31
58 39 18
83 53 18
86 84 63
67 47 18
76 78 7
46 2 76
67 48 90
15 9 94
65 77 76
59 0 42
54 69 28
29 36 9
15 72 36
43 80 27
20 6 21
38 53 82
15 46 35
57 69 86
55 87 28
25 71 37
48 25 30
54 26 14
17 20 25
58 29 70
31 29 44
1 15 87
17 48 87
24 69 49
4 85 88
65 46 65
33 65 21
42 60 64
33 24 20
88 83 96
23 18 5
72 38 5
64 47 80
43 36 75
41 31 41
19 42 19
0 64 36
8 83 83
79 52 55
22 75 13
41 55 34
3 65 90
73 79 8
34 46 4
23 43 95
42 68 58
64 20 56
36 5 91
28 76 36
84 83 30
64 81 63
1 3 100
7 49 30
75 60 27
52 15 89
43 87 80
51 54 6
52 29 66
89 3 67
66 36 33
45 35 61
2 86 54
52 4 37
76 4 93
52 78 21
56 7 37
60 32 13
19 22 44
67 45 12
61 46 41
4 84 92
45 42 31
16 28 21
25 87 74
83 60 97
36 11 21
5 39 69
65 85 83
89 12 25
14 89 66
84 46 26
61 86 72
59 29 86
7 16 73
7 56 46
70 57 12
57 80 28
79 65 100
20 24 11
25 64 31
66 51 71
35 30 65
0 68 91
56 3 97
72 42 3
21 8 28
30 76 37
2 36 87
25 77 54
51 44 33
66 12 28
30 89 39
68 1 60
45 10 61
31 33 29
41 27 19
87 20 37
84 21 89
57 89 28
64 0 63
75 19 33
40 58 83
42 81 82
8 75 10
4 52 67
45 72 93
30 5 44
72 79 48
13 16 32
60 7 52
70 58 11
27 51 47
81 0 97
40 79 51
32 6 13
14 0 61
47 46 5
83 25 85
22 26 73
12 25 1
78 30 73
84 49 74
3 49 72
37 58 86
7 27 10
34 23 71
30 34 84
30 39 58
35 32 58
32 83 95
25 53 89
26 43 99
77 78 96
67 63 70
82 67 77
81 76 12
63 8 83
11 43 57
13 66 75
6 34 99
70 89 96
7 32 53
67 59 8
12 16 38
24 71 98
11 68 25
22 13 62
83 22 28
43 32 4
42 79 18
39 35 66
29 76 43
60 49 27
73 15 87
13 30 29
75 24 86
38 27 9
11 6 9
5 58 95
77 83 49
24 88 48
39 69 56
65 17 34
54 73 29
3 38 100
75 77 53
64 52 97
64 83 22
26 35 33
88 82 34
3 80 56
31 43 9
20 27 42
45 46 39
18 43 62
84 77 2
81 35 43
60 15 11
26 20 35
10 85 3
52 85 69
33 72 23
57 20 44
9 23 21
20 31 79
26 18 45
45 81 11
72 28 17
59 14 57
73 61 12
26 57 27
30 66 33
2 0 27
68 6 89
2 17 62
30 55 74
66 38 6
87 72 65
80 22 10
37 25 55
82 60 85
59 24 79
75 31 15
86 79 52
86 7 78
42 1 8
5 78 87
79 28 75
27 14 99
89 81 24
86 19 54
80 75 14
76 12 85
41 21 18
11 65 98
1 89 63
42 57 18
2 63 84
35 45 7
14 8 11
33 0 71
30 37 75
33 71 97
49 58 38
74 88 85
61 87 71
83 88 89
45 48 94
81 17 26
65 12 59
25 86 31
36 7 21
27 6 8
16 37 12
67 3 99
65 26 60
33 88 45
83 70 97
69 80 19
17 87 52
1 51 99
67 44 93
33 42 45
30 43 8
78 75 81
0 42 18
66 13 61
46 5 4
36 52 82
59 84 58
59 69 22
14 25 60
61 55 92
14 88 35
13 82 4
41 65 99
47 20 85
36 41 37
27 41 18
84 89 5
32 67 50
34 71 57
69 87 46
51 27 42
20 12 20
66 88 95
85 35 52
35 54 89
87 56 31
23 48 67
85 43 90
22 85 4
48 38 24
76 75 5
61 84 34
43 81 19
40 56 23
11 34 54
18 37 100
21 82 40
22 23 71
8 10 3
15 23 20
71 78 13
24 78 81
24 61 12
16 72 36
33 66 56
87 69 23
16 53 100
17 4 68
57 70 60
25 32 14
18 51 42
34 64 85
60 28 97
4 21 23
51 10 85
81 38 35
6 69 4
89 23 75
14 76 37
78 80 99
24 34 53
67 79 69
64 76 39
46 8 46
45 37 44
36 65 9
63 66 81
70 1 70
28 79 11
20 56 46
18 69 15
26 27 68
8 63 86
58 68 95
89 36 73
19 81 14
10 26 25
2 85 17
42 29 25
60 1 67
49 71 54
32 20 73
16 36 57
1 43 78
36 57 12
46 58 72
13 33 48
86 32 50
59 16 35
45 11 65
32 41 9
45 16 25
86 16 25
51 19 82
4 31 52
64 34 77
17 37 23
21 2 88
30 65 48
87 45 5
86 10 9
13 52 86
46 39 5
47 89 50
59 55 53
28 85 30
15 82 96
27 61 98
7 51 28
48 53 61
24 2 67
67 52 88
34 45 94
74 1 36
16 6 51
5 6 16
56 73 61
74 84 64
52 0 21
43 56 63
84 55 97
66 67 52
47 24 46
77 31 71
75 20 2
21 84 15
46 38 32
66 1 79
39 21 33
8 70 33
56 68 63
84 2 69
27 30 89
30 32 36
77 42 20
43 59 90
38 83 99
45 24 78
46 70 8
77 73 59
16 59 53
47 1 67
74 26 62
67 22 26
9 32 6
51 17 60
49 6 53
37 55 63
33 55 6
5 55 39
49 79 1
35 47 88
45 34 93
67 36 61
24 74 27
19 72 2
8 71 48
75 28 92
64 41 70
65 9 39
41 45 76
4 58 25
42 72 20
40 1 82
49 68 79
18 55 71
0 1 84
3 42 74
89 42 12
72 56 44
13 26 37
18 1 95
47 72 90
24 72 59
39 81 20
51 28 62
26 0 63
13 69 54
52 20 89
36 88 55
68 4 27
7 76 99
63 89 11
19 82 70
52 31 34
82 17 57
17 32 89
69 26 39
26 53 78
9 85 57
11 58 23
61 27 52
34 33 43
37 32 83
33 47 18
24 39 66
35 5 50
14 48 21
1 53 12
85 11 32
51 77 3
84 14 86
2 84 5
22 64 82
39 71 86
23 28 23
60 80 46
3 6 80
69 1 53
10 44 63
8 42 28
29 15 64
18 59 43
73 84 21
15 66 24
52 13 1
16 67 50
63 36 52
47 4 74
33 61 14
77 36 79
43 3 72
5 20 57
33 40 55
1 20 89
78 26 26
41 77 7
18 6 60
74 2 28
25 0 37
42 12 64
9 47 30
75 58 98
71 20 22
86 80 33
80 32 42
22 2 9
56 51 92
36 83 45
89 78 16
55 88 41
89 56 80
2 6 93
66 72 98
73 67 44
28 6 100
23 73 22
35 22 62
20 88 62
1 79 4
23 68 68
6 75 100
32 63 91
65 66 56
41 56 87
66 44 16
24 37 5
78 87 36
84 35 79
43 20 94
45 60 90
54 37 93
12 4 51
29 10 67
87 26 62
89 29 85
32 86 74
42 86 61
37 42 92
56 35 41
26 33 16
63 24 67
44 52 71
47 55 87
61 2 84
25 61 22
58 8 39
10 72 49
51 47 53
59 80 85
73 34 80
33 39 48
79 41 57
26 58 96
26 76 22
89 82 79
68 15 15
53 35 28
51 58 87
53 71 31
89 24 7
53 12 44
52 79 60
51 43 66
75 30 69
53 17 27
38 68 18
11 24 13
76 14 63
20 51 59
12 75 5
68 66 42
25 79 71
24 52 15
68 45 56
38 55 73
64 35 77
28 77 59
19 77 55
41 6 44
4 75 57
73 9 39
66 63 26
74 46 5
15 27 43
37 84 92
89 20 16
66 43 1
79 83 75
81 19 23
35 85 86
8 37 67
87 31 41
69 34 37
66 2 41
31 24 99
47 73 74
74 13 78
25 41 87
56 22 20
31 44 99
63 7 96
66 60 39
2 18 34
77 34 95
21 15 66
9 35 6
78 25 24
78 34 44
65 15 62
37 86 23
8 30 56
32 87 6
65 79 20
27 79 76
42 53 36
39 36 29
29 13 45
34 53 80
77 80 82
36 24 12
78 77 73
60 52 91
40 12 2
68 79 18
64 32 14
9 42 59
35 29 66
16 66 48
87 21 12
3 30 9
12 54 99
35 19 42
18 15 85
74 86 43
39 74 37
20 68 56
61 18 46
63 45 73
79 67 43
45 17 47
51 30 52
74 87 30
76 74 68
35 65 53
52 66 13
13 74 13
44 83 28
9 8 88
19 23 100
64 30 3
59 10 71
57 29 55
82 20 86
23 39 77
85 6 8
47 61 49
0 71 20
23 59 89
15 88 59
46 81 88
85 69 17
63 83 70
79 35 3
40 34 96
79 32 19
9 15 56
83 48 77
41 34 23
60 82 43
28 26 40
42 85 94
81 21 74
75 69 62
17 69 67
60 38 27
65 33 44
4 64 24
4 56 31
84 13 90
34 75 34
82 11 83
85 27 57
63 43 29
15 7 19
23 14 47
60 54 65
25 58 10
15 18 91
74 45 38
78 15 87
5 23 27
51 3 69
41 88 17
63 2 43
51 29 95
24 76 78
40 44 92
35 12 76
84 10 96
59 33 64
24 77 20
31 13 79
60 57 72
85 75 90
40 54 15
37 52 54
11 9 12
51 59 5
70 14 73
67 13 86
77 84 72
2 24 76
5 59 11
83 20 9
41 84 7
30 12 38
5 57 13
42 19 60
59 19 35
33 83 77
4 55 66
84 73 61
60 5 22
8 81 1
27 84 23
7 25 58
17 72 55
48 40 20
77 74 33
61 56 17
89 54 99
55 8 34
37 61 54
86 52 40
79 4 43
48 22 88
84 74 71
69 32 19
65 53 46
36 29 79
3 55 93
11 19 64
28 54 37
1 46 22
83 78 81
14 32 50
83 19 49
76 48 37
4 15 47
8 27 95
11 48 45
73 5 23
51 22 95
55 30 18
72 74 100
76 82 18
28 69 88
44 26 62
65 80 33
30 7 76
44 75 79
7 72 67
34 10 18
79 51 66
65 52 22
68 56 72
24 48 98
59 83 59
84 3 32
26 77 82
69 75 29
38 19 1
44 81 28
6 66 89
30 52 14
61 8 5
21 42 30
33 14 3
86 27 2
76 2 9
80 88 32
17 43 44
32 19 2
84 4 95
88 42 31
46 11 48
68 32 36
74 22 73
76 84 1
80 38 16
49 35 29
66 11 25
49 83 69
88 44 54
46 18 38
10 24 55
33 59 63
36 47 79
32 0 82
41 33 39
44 35 4
86 38 61
39 75 90
19 84 99
55 29 45
64 18 96
88 60 75
38 64 33
68 22 20
38 49 96
52 88 66
53 51 42
25 36 2
58 81 15
57 64 44
80 60 62
78 33 35
71 34 90
24 81 13
59 60 45
24 85 100
35 66 77
84 30 60
83 30 68
1 39 14
40 59 88
28 48 81
15 65 54
35 13 100
10 1 45
44 3 19
25 76 12
51 31 58
87 34 96
51 23 57
24 58 19
59 26 98
46 10 81
76 77 73
38 77 21
67 46 67
53 76 11
22 24 18
23 21 20
41 3 72
64 84 62
88 2 43
54 3 65
45 63 36
14 52 78
44 66 77
2 19 91
46 41 89
0 10 86
85 89 13
74 81 52
65 7 9
77 8 21
16 68 39
86 89 100
10 78 5
88 22 32
13 80 13
22 80 18
16 3 90
68 8 30
13 58 89
87 73 79
68 74 6
56 87 39
74 12 30
18 25 43
7 5 45
61 58 96
45 2 22
25 17 46
2 60 33
64 72 58
68 27 28
16 30 32
88 38 67
22 51 22
40 11 74
89 75 51
77 35 26
83 64 50
19 27 38
73 70 11
15 45 99
51 14 100
27 82 28
53 29 30
18 74 80
26 7 60
10 60 58
24 36 40
51 68 67
75 59 15
71 72 44
61 22 31
76 59 7
68 51 78
69 63 73
57 63 1
72 4 93
83 43 25
70 81 41
8 69 60
40 76 62
84 48 42
66 34 25
12 29 31
30 24 39
16 55 29
56 77 5
84 32 50
83 31 65
54 30 16
26 34 7
40 9 65
56 84 47
81 74 2
13 77 42
63 71 35
44 70 35
5 17 31
1 26 65
27 56 99
41 18 63
48 14 25
23 81 97
47 35 16
43 66 16
80 77 49
38 35 100
15 34 3
58 76 59
64 77 4
8 40 65
21 41 5
66 58 71
72 53 34
25 15 82
66 25 93
12 15 60
86 58 30
58 56 52
79 46 55
22 27 26
19 64 82
64 38 7
17 60 12
35 42 49
70 31 24
21 88 74
30 73 39
20 54 40
29 69 89
14 22 77
54 63 13
10 67 2
8 9 21
74 57 93
53 47 87
61 30 36
14 5 68
0 34 99
10 6 48
70 44 44
74 89 85
52 64 75
51 75 46
56 31 60
36 59 49
64 8 47
23 89 37
47 42 95
12 34 98
60 68 21
75 86 71
7 30 61
26 47 100
58 22 28
79 27 66
28 23 78
39 73 1
19 80 93
54 53 2
24 84 8
35 70 14
78 0 69
30 77 89
61 5 72
75 70 49
57 46 9
43 74 19
15 8 66
6 81 12
27 22 32
89 74 88
27 55 40
19 48 94
16 35 94
22 12 11
63 79 28
76 34 74
88 75 49
41 14 95
20 75 13
82 47 32
20 48 94
87 42 90
19 83 65
32 55 59
54 52 6
0 63 63
79 30 36
51 56 31
70 30 80
29 87 89
47 84 98
67 60 48
64 68 54
36 55 51
5 67 25
54 8 94
58 1 27
48 1 63
20 5 19
58 18 98
22 88 14
27 60 8
11 73 39
8 4 40
39 60 67
13 17 54
44 4 40
57 26 71
34 7 30
13 40 73
15 1 75
56 69 33
30 57 87
63 40 96
47 60 4
10 32 12
69 54 62
18 49 58
18 46 38
10 28 59
28 55 25
6 86 62
38 10 59
2 51 59
46 60 85
69 52 5
59 38 47
63 42 37
76 83 89
29 30 9
1 55 52
55 40 68
37 66 53
7 80 27
85 56 87
10 73 69
30 51 87
61 72 34
76 69 26
7 69 68
57 75 95
77 21 50
7 85 54
18 0 88
59 31 78
29 70 34
46 47 61
36 35 40
44 86 34
5 19 12
16 18 30
56 19 74
59 46 33
15 2 4
18 75 46
88 57 68
35 71 98
69 27 59
43 44 6
27 77 79
38 26 55
19 30 2
70 77 72
54 78 63
17 84 40
63 39 79
80 68 95
2 73 90
20 32 69
9 67 44
0 45 86
26 68 23
9 45 12
24 79 86
61 60 4
3 45 78
41 0 26
28 44 39
40 71 87
32 88 44
28 7 2
44 45 5
77 2 65
54 71 10
80 11 63
56 5 8
1 38 30
67 5 66
33 23 66
11 2 88
10 80 24
65 32 74
83 72 39
22 40 16
74 55 85
35 28 9
49 10 46
76 71 35
45 84 78
14 60 57
14 69 91
81 70 7
66 48 26
64 2 57
32 71 37
60 64 27
53 45 94
38 32 1
27 17 49
83 79 58
72 40 22
48 12 76
73 11 45
60 34 37
28 56 7
0 69 46
65 83 64
30 29 22
9 46 50
19 85 46
25 13 74
80 47 74
18 36 96
78 88 84
71 66 85
0 49 8
53 7 16
52 74 39
66 55 44
40 45 61
81 8 8
70 74 99
82 10 5
63 51 94
39 23 99
75 18 31
61 39 39
65 48 42
61 6 1
42 52 76
85 19 8
71 77 7
32 68 79
51 49 27
69 23 9
42 48 76
32 33 95
15 38 18
28 58 45
65 5 83
78 31 60
64 80 64
16 81 60
13 48 17
84 72 37
20 67 53
15 42 83
1 59 13
12 30 93
49 9 70
58 82 77
87 63 18
10 54 81
61 49 31
19 14 88
87 19 61
33 46 62
26 31 32
2 23 71
52 83 4
0 67 93
8 57 89
29 0 49
77 58 35
52 33 94
61 40 29
33 77 7
74 61 40
3 61 17
19 5 91
27 1 5
10 42 20
51 73 84
3 75 17
53 89 68
22 72 85
70 72 55
41 81 9
57 5 34
75 17 55
61 26 23
76 51 57
73 77 79
85 55 34
57 82 26
88 36 76
76 63 88
58 11 6
70 2 57
58 25 53
60 67 20
64 65 74
52 61 35
41 67 68
60 88 18
77 76 55
48 0 2
10 22 73
87 4 69
18 14 15
17 85 51
2 20 44
80 20 48
40 21 14
5 89 90
85 84 92
2 41 16
84 36 17
2 12 77
0 89 49
56 11 9
35 3 3
5 38 54
61 76 46
68 84 77
33 27 51
41 85 31
47 8 3
76 36 95
1 29 81
41 22 88
3 41 69
68 59 28
13 73 61
61 47 20
75 4 54
2 53 62
23 64 18
66 57 75
13 72 2
43 82 29
42 61 74
25 11 59
66 80 76
38 82 49
46 56 100
73 64 40
85 40 56
31 81 9
59 71 53
19 41 79
53 6 88
40 32 78
2 32 78
73 23 9
4 59 3
31 70 74
49 65 84
23 15 66
13 29 36
69 15 83
23 51 81
44 41 26
31 57 75
70 79 92
9 81 34
74 18 58
86 75 90
19 63 95
6 18 64
82 79 83
73 12 100
28 66 46
47 37 40
27 16 22
8 3 45
68 55 37
4 38 2
27 38 43
42 10 61
52 58 32
23 30 94
85 8 71
23 17 9
10 12 87
61 12 8
16 75 73
1 81 66
53 60 49
36 68 44
22 39 67
30 2 26
78 60 65
1 74 47
24 8 97
68 11 90
3 58 24
7 36 37
26 38 9
46 23 54
57 19 95
34 2 10
10 69 10
88 19 99
56 13 91
87 10 94
24 70 81
55 48 78
26 11 22
53 61 27
69 12 45
43 78 63
89 52 17
37 1 59
74 31 53
14 29 84
74 5 47
32 80 30
46 42 29
28 70 9
21 58 64
19 87 15
67 39 41
79 12 8
53 26 24
9 63 94
11 85 25
75 87 52
52 45 34
9 28 34
72 16 96
13 31 57
15 60 95
49 14 41
82 76 18
39 8 23
2 44 14
65 84 90
1 57 82
68 34 85
47 25 70
65 14 76
45 74 100
21 24 54
35 27 20
46 86 18
85 45 3
7 83 70
76 47 11
78 89 78
16 13 76
61 7 55
16 34 87
78 79 19
67 81 7
31 56 28
65 82 78
18 31 93
69 38 50
21 49 67
66 14 35
8 45 88
73 52 53
63 14 81
12 47 61
55 31 26
64 24 87
12 68 33
86 71 49
84 37 70
7 75 53
68 58 74
53 57 70
76 86 12
79 74 40
81 55 1
32 24 49
42 88 76
28 52 74
47 79 49
4 0 97
24 83 61
66 19 76
37 87 100
55 13 95
83 84 61
29 16 64
87 7 18
28 51 12
9 76 8
4 39 90
48 19 51
83 57 64
24 38 50
42 63 24
19 13 16
14 43 91
15 16 23
58 30 16
82 28 92
75 7 21
22 68 81
55 16 94
34 76 51
67 82 93
30 46 58
57 86 81
20 43 39
29 82 8
80 61 74
59 17 15
9 49 57
65 0 96
11 66 85
67 72 48
25 9 79
19 78 88
35 68 41
60 58 4
87 80 64
45 14 6
5 45 25
30 82 29
59 86 10
6 2 67
67 87 37
31 0 64
42 66 6
88 55 41
74 16 80
15 22 29
70 26 14
22 15 70
25 60 7
8 88 69
15 5 15
25 10 82
35 56 27
18 79 70
73 69 29
57 30 68
46 15 34
52 56 60
75 52 96
7 42 33
10 27 23
51 65 52
33 86 68
71 38 18
18 3 1
88 18 89
11 17 62
6 8 81
44 89 44
5 26 16
48 77 35
25 30 9
64 33 36
45 27 64
18 13 73
68 20 66
53 36 89
28 31 97
88 45 45
26 44 47
66 29 12
28 21 98
23 32 5
14 71 78
82 70 13
11 78 11
0 28 47
14 86 58
27 26 50
79 53 26
74 0 47
46 1 33
72 65 44
88 51 10
19 2 28
54 27 5
83 39 16
15 54 27
5 82 65
76 13 24
5 4 7
26 42 67
19 36 58
42 49 99
54 66 16
0 16 68
71 23 16
56 44 73
43 17 34
29 79 83
21 47 68
4 27 66
39 42 53
66 35 17
70 63 49
22 0 14
69 18 72
83 3 56
47 3 77
77 53 36
37 74 89
34 51 13
27 45 27
12 1 83
32 56 81
43 23 73
22 43 64
35 40 87
45 23 61
10 82 33
56 26 35
4 48 43
39 51 69
16 54 49
73 83 10
49 52 14
84 68 76
30 45 34
12 19 67
13 57 35
40 36 59
21 26 33
74 64 42
22 18 5
5 10 41
21 17 12
19 52 31
23 44 4
85 7 66
48 8 53
48 5 70
36 72 88
30 1 47
71 36 55
7 26 47
44 71 1
23 37 1
27 25 76
48 59 50
44 39 78
18 89 3
40 30 38
89 63 54
66 40 81
51 25 82
21 74 44
37 29 93
63 19 17
48 82 12
58 15 32
12 36 10
87 35 35
37 24 88
4 35 83
32 28 84
73 59 52
43 69 91
83 85 30
28 88 25
77 17 9
71 80 61
56 34 74
17 86 53
17 27 59
33 5 70
73 24 94
74 34 3
71 42 85
74 70 73
71 30 43
6 39 76
71 67 93
33 22 89
6 85 50
72 70 2
60 83 34
89 22 99
13 28 93
6 24 93
45 4 43
16 85 40
85 68 9
87 89 37
58 24 31
88 58 44
34 54 88
32 53 33
64 75 36
40 24 99
78 42 81
23 67 27
17 35 44
21 45 69
3 37 33
31 22 65
85 29 90
38 14 70
19 46 86
46 36 89
47 81 31
51 24 99
33 4 20
61 83 31
88 15 60
25 51 13
54 2 7
35 79 34
33 32 83
37 9 16
72 24 60
71 73 55
14 78 36
15 78 32
68 35 40
86 6 66
40 67 35
36 0 41
37 3 11
68 16 3
37 28 65
70 84 10
48 49 100
51 45 88
81 42 3
42 34 28
28 30 53
54 32 93
8 60 32
61 59 80
88 48 18
43 77 81
85 13 98
17 83 35
82 8 33
88 59 31
84 75 98
46 40 52
41 11 7
79 11 78
23 20 44
40 26 52
35 78 61
71 3 58
24 25 73
72 54 49
42 64 47
70 49 31
32 14 81
80 8 20
0 6 87
72 29 34
16 48 87
39 20 32
22 45 18
53 28 63
65 39 32
77 61 20
13 14 100
68 0 56
0 33 93
33 35 66
10 40 70
6 23 87
39 54 19
3 74 49
33 80 57
31 74 7
67 7 100
14 24 90
7 17 68
31 63 3
65 51 27
42 78 3
76 33 1
22 20 93
72 69 81
19 56 93
37 63 80
74 48 79
9 79 30
63 68 90
81 79 54
44 61 87
34 59 9
3 54 29
0 14 60
78 70 20
47 76 26
78 21 38
2 61 63
51 80 74
54 31 30
77 57 49
9 30 59
48 43 37
31 54 71
71 61 71
31 75 4
20 9 40
52 8 42
71 63 70
80 84 22
27 0 57
19 44 70
80 45 4
64 53 22
45 73 59
85 65 90
65 71 96
66 3 78
30 64 30
83 55 83
37 85 18
48 24 83
70 12 98
45 3 98
11 53 35
54 75 43
47 88 45
47 14 89
75 25 2
78 81 26
55 9 88
79 59 74
58 31 86
78 10 64
14 42 46
21 51 64
72 23 44
65 42 56
82 36 37
34 14 12
71 46 93
69 0 69
29 51 1
31 25 14
47 19 16
34 24 19
6 40 68
2 68 96
33 64 40
33 87 22
40 70 49
28 8 2
18 61 27
5 29 85
43 54 4
81 45 82
48 74 3
34 60 87
20 40 44
68 5 43
54 42 23
41 38 91
16 76 33
0 86 16
47 59 30
63 86 72
36 70 61
84 6 48
25 27 3
72 34 47
37 78 20
34 44 17
57 28 45
70 46 48
64 51 65
71 85 56
26 60 15
20 35 5
24 18 20
28 20 54
47 45 9
9 72 46
43 30 48
26 49 78
1 16 60
69 72 47
9 58 70
59 54 60
5 77 3
43 75 15
43 65 20
74 53 67
31 37 1
30 81 48
40 46 9
40 80 88
22 78 50
49 57 40
4 25 51
6 73 74
42 30 3
9 78 33
15 20 84
73 68 100
44 7 11
22 41 86
3 26 91
86 14 41
44 2 26
86 39 16
83 82 3
84 9 91
89 35 77
4 66 67
71 44 1
44 33 67
21 13 85
63 80 12
19 79 9
60 41 24
19 65 33
88 4 16
34 37 97
68 65 38
80 49 4
42 4 85
4 7 7
39 12 86
6 36 2
48 45 93
12 76 85
32 11 33
31 21 45
68 86 26
88 53 11
42 39 78
18 48 97
61 13 95
78 47 52
47 40 74
51 33 70
82 44 72
24 45 72
46 80 93
46 14 62
40 18 79
4 18 67
22 53 29
51 88 58
11 71 58
20 79 100
52 12 20
48 64 94
19 26 35
16 51 43
71 33 3
61 17 42
76 6 92
23 83 50
24 20 77
12 69 88
27 34 62
10 59 14
4 11 2
9 54 13
26 12 38
22 7 42
14 77 43
38 71 40
77 49 21
82 23 79
71 51 5
10 20 45
39 37 77
82 78 26
60 25 81
78 4 84
34 43 47
3 89 28
7 89 56
77 65 4
36 25 49
81 87 95
20 17 88
87 39 25
41 16 87
49 42 95
4 77 47
53 9 62
32 23 56
61 9 17
35 2 9
34 77 20
18 52 92
26 52 9
89 87 34
16 2 91
72 78 56
67 78 51
73 48 85
49 45 78
73 63 70
79 9 29
82 73 1
87 78 65
83 4 96
15 43 30
0 27 32
81 37 19
44 47 5
74 52 58
6 56 12
3 24 36
9 61 71
64 67 25
79 70 92
28 24 17
30 10 37
11 39 59
23 61 91
52 5 97
73 38 79
28 14 54
88 0 91
58 2 88
61 21 67
0 77 39
46 57 45
13 70 1
33 79 52
57 43 95
69 85 9
71 57 3
66 84 28
29 54 91
36 17 92
78 27 90
18 56 92
21 64 21
24 55 93
53 40 90
79 77 18
6 3 92
44 14 60
54 11 93
47 22 29
65 34 59
80 43 45
29 86 20
76 80 71
37 40 8
6 5 82
85 23 59
2 31 27
61 35 1
31 48 49
42 2 1
69 70 73
44 43 35
73 43 95
4 22 63
36 39 87
43 34 8
85 17 25
7 78 87
32 79 40
17 47 100
52 53 39
22 86 92
46 7 57
51 86 7
75 45 8
64 37 22
46 79 64
34 0 96
0 60 49
8 58 97
2 43 57
70 28 9
22 30 40
19 24 19
65 47 99
37 83 51
80 5 31
72 86 10
86 34 33
37 68 69
14 37 76
51 12 27
47 64 79
80 87 38
30 63 38
15 75 55
35 80 89
46 54 79
43 57 92
1 4 27
89 76 27
42 58 18
57 77 23
49 48 37
71 76 49
40 81 60
34 21 36
6 11 15
7 63 65
44 13 66
45 8 82
76 18 73
16 0 77
15 10 60
77 70 10
84 86 62
89 7 91
38 47 34
38 15 55
67 38 21
54 83 93
20 4 74
17 7 16
86 44 97
60 0 41
3 81 39
12 24 92
10 29 38
79 37 43
51 84 73
55 7 36
66 20 39
49 66 24
40 22 4
68 10 23
68 83 58
49 31 82
83 74 11
55 44 32
63 30 13
22 28 45
85 34 32
86 43 43
4 3 67
44 46 76
6 57 39
67 15 59
79 19 30
41 80 31
76 57 32
77 72 95
82 53 56
45 78 96
79 47 39
57 12 90
82 41 25
16 5 96
14 17 44
82 5 10
31 68 34
75 23 61
52 11 14
39 56 49
79 75 57
47 58 61
15 73 24
11 83 30
57 73 78
35 64 37
12 26 42
56 71 18
81 48 78
17 13 7
79 25 92
78 59 2
89 88 32
6 28 37
35 48 39
75 13 99
43 83 10
20 22 94
23 49 41
79 89 3
34 38 16
3 28 60
39 16 61
68 46 34
67 30 95
0 32 7
16 42 58
72 9 87
38 60 69
27 85 48
22 84 96
86 53 80
45 36 91
74 65 74
44 42 1
74 71 57
88 47 30
49 37 75
40 87 10
72 18 22
36 23 16
38 33 20
0 30 89
55 19 73
81 41 20
2 9 21
61 66 4
71 32 28
16 52 70
42 82 7
29 71 97
24 28 91
84 54 37
41 32 36
24 86 21
3 72 80
82 30 36
9 80 35
3 40 2
67 75 42
70 65 32
48 20 43
82 66 54
22 52 34
43 19 97
14 85 46
42 44 10
78 20 33
3 53 4
11 47 47
24 47 10
56 70 7
6 59 39
88 26 3
11 13 12
18 77 57
38 2 50
75 85 44
0 40 84
22 89 61
80 54 31
5 24 93
84 28 1
41 1 39
19 7 64
58 69 15
83 32 18
76 7 53
6 17 72
14 67 46
23 47 50
55 56 82
25 54 69
79 63 62
45 1 23
87 15 81
72 0 31
63 33 7
23 52 15
31 65 93
5 84 42
36 8 51
31 89 96
71 58 14
52 65 33
25 47 10
81 20 16
17 38 34
10 48 82
46 75 4
76 15 26
72 49 24
70 0 18
58 7 3
67 88 16
67 71 57
49 44 81
56 23 54
76 81 74
24 13 99
8 38 64
87 82 71
4 23 57
1 24 96
63 59 48
42 5 87
81 71 54
13 7 79
30 15 34
26 24 43
66 31 50
77 1 23
7 88 1
37 18 22
77 66 79
55 69 10
12 31 31
60 85 21
87 8 61
19 8 40
16 71 47
77 75 31
49 36 28
77 23 23
44 9 41
63 84 73
53 52 89
8 80 98
85 61 40
79 57 35
19 15 80
69 68 96
41 58 88
77 6 22
74 15 70
1 82 87
70 7 17
28 5 23
86 36 82
12 89 66
3 4 48
84 69 1
61 48 82
53 19 10
57 8 84
89 59 23
15 57 73
7 14 8
86 8 44
19 12 83
25 22 59
17 54 11
25 63 50
42 35 4
42 75 37
72 60 11
57 40 99
61 53 85
88 87 11
38 54 17
87 27 6
7 70 33
24 5 34
85 79 65
41 57 33
27 86 25
1 36 13
35 34 33
37 2 81
46 22 74
11 37 73
22 48 14
79 6 43
12 66 65
29 2 33
83 17 83
69 48 92
29 11 71
12 86 6
37 8 37
2 48 64
56 39 29
18 34 46
83 15 8
48 86 92
45 22 55
55 41 90
21 40 97
0 70 50
45 55 58
77 10 4
10 35 81
28 74 82
73 26 69
79 43 38
63 44 72
34 29 38
45 79 14
41 28 58
75 11 27
66 0 38
31 59 62
29 31 42
71 19 86
71 27 23
65 57 48
28 75 100
60 23 90
34 70 82
9 27 29
18 72 96
82 27 92
89 71 35
77 89 38
86 42 28
51 53 51
13 67 13
28 9 4
68 21 79
0 51 60
44 69 19
39 28 11
28 27 36
26 69 6
56 37 48
67 54 74
19 20 39
14 2 41
83 36 11
27 80 97
9 6 57
44 25 58
21 4 94
44 79 71
32 17 6
1 78 75
6 12 20
39 18 79
54 1 65
5 87 55
29 44 8
39 40 50
15 40 14
64 60 70
25 72 94
69 8 81
71 24 31
56 81 79
78 5 36
22 32 55
47 83 81
33 15 95
49 56 95
72 68 51
36 15 54
32 49 9
81 27 5
51 41 92
51 20 57
69 82 69
29 73 60
3 51 45
38 74 2
32 18 8
42 27 12
32 36 45
85 3 69
63 49 50
16 57 56
1 28 32
57 83 99
78 84 89
58 59 10
83 75 39
70 41 30
18 47 63
60 12 91
21 14 5
43 8 53
12 2 40
56 64 32
70 51 53
25 74 32
16 14 47
38 34 29
27 29 60
26 28 60
19 28 84
78 66 4
42 55 95
17 5 94
17 21 23
16 29 1
28 65 89
14 38 55
70 23 99
19 43 87
29 53 18
67 25 11
73 35 19
58 27 77
30 8 32
83 33 56
65 72 50
43 58 98
26 70 67
39 45 93
2 42 59
19 51 27
7 71 43
84 23 83
13 32 37
5 70 60
79 87 96
52 26 66
85 52 63
69 29 8
31 20 42
21 28 23
83 63 59
58 64 58
78 12 41
66 6 34
49 70 77
32 61 31
10 49 10
30 17 6
7 68 45
39 66 32
35 53 39
31 36 55
31 58 21
3 22 59
83 44 37
71 15 8
0 87 42
24 4 31
56 53 43
61 14 29
65 58 76
21 71 100
56 74 11
25 88 37
43 85 69
17 10 29
59 25 1
60 17 37
25 82 79
63 69 90
36 58 84
10 70 38
2 47 61
70 45 91
87 16 13
5 12 50
41 35 13
7 66 71
6 46 61
21 0 67
3 73 71
1 37 18
35 17 32
34 40 19
87 88 61
16 10 60
86 77 73
24 19 37
86 72 12
11 52 51
39 38 75
39 17 34
25 39 23
6 65 22
47 17 6
32 27 11
5 35 24
28 86 76
52 87 43
64 12 92
29 88 72
29 41 90
33 82 67
41 66 12
87 68 21
44 27 97
79 68 53
20 78 70
23 87 20
41 20 71
72 3 20
84 40 21
32 42 72
89 5 92
34 18 89
55 70 58
29 40 84
80 2 27
38 81 29
78 23 75
58 75 57
74 82 81
20 37 52
20 86 40
67 64 28
47 77 42
26 82 46
6 20 25
28 11 59
23 34 76
24 29 31
59 76 60
54 88 17
4 79 10
86 69 41
49 89 92
15 59 3
0 58 35
75 46 6
27 53 94
12 67 17
59 66 17
3 68 75
59 27 49
42 33 51
9 66 47
25 52 24
44 65 93
47 29 75
79 15 86
49 59 57
7 57 90
18 63 8
60 70 97
55 27 54
29 65 11
28 40 34
59 35 67
72 88 11
66 64 67
17 36 56
25 38 92
24 68 55
68 17 70
23 53 88
44 5 9
56 24 14
44 78 51
69 86 89
32 38 30
21 67 5
56 89 38
52 63 21
89 44 54
14 61 27
43 61 99
0 54 14
42 25 28
81 67 7
46 29 27
40 37 5
40 52 31
21 70 59
51 7 86
63 9 58
36 64 98
77 26 98
6 79 75
53 48 78
54 87 45
89 46 62
63 52 93
54 35 46
5 7 32
58 84 8
75 29 86
18 26 66
4 47 27
51 11 48
61 88 7
37 69 31
21 69 23
49 1 2
14 79 96
44 57 92
11 12 20
10 47 51
84 38 46
46 20 41
15 13 35
53 74 6
81 75 84
82 54 24
55 45 52
74 11 45
48 69 64
82 24 17
81 44 72
8 6 21
61 20 94
13 45 78
16 64 72
82 49 3
34 55 9
57 9 77
69 81 9
14 64 17
42 84 42
52 38 94
9 87 7
84 82 87
69 51 13
36 14 72
69 78 95
45 76 24
6 22 100
59 13 41
86 18 37
16 23 22
25 6 93
23 8 92
6 68 40
53 3 33
58 23 68
56 65 73
6 76 22
29 22 100
41 86 4
5 72 25
27 42 71
73 29 44
43 6 46
55 52 63
22 57 81
77 86 26
11 40 88
81 34 34
70 55 45
41 74 68
81 32 71
2 28 32
7 1 56
27 15 54
69 56 60
51 85 9
88 66 77
35 57 65
79 7 82
48 31 32
2 54 6
10 56 79
71 81 36
86 3 69
37 79 91
2 45 20
9 75 95
10 68 91
85 2 96
78 54 45
64 44 75
13 4 91
79 72 31
12 78 75
16 25 74
64 36 99
71 25 49
4 41 70
85 67 63
88 43 58
2 56 75
12 58 13
71 89 50
48 55 22
23 11 40
77 16 100
74 9 78
35 82 56
46 25 69
69 31 41
33 12 56
19 57 48
81 56 64
78 18 47
70 32 73
26 14 94
65 38 92
19 31 65
12 17 1
35 9 43
86 15 42
72 2 97
49 38 58
23 33 53
22 47 4
79 20 86
11 89 96
73 88 33
85 57 13
55 73 65
57 78 7
54 7 72
70 76 39
25 67 69
59 72 32
45 6 82
16 89 46
1 63 53
24 27 19
75 27 66
1 69 12
6 88 41
42 0 99
40 57 13
71 0 32
35 36 100
79 21 10
80 13 98
14 73 40
85 80 53
37 7 50
58 16 26
1 33 55
15 74 3
72 6 13
30 80 67
81 68 81
15 58 20
43 76 80
8 14 11
1 9 95
3 69 28
57 10 39
26 5 73
17 14 76
30 69 12
26 8 97
67 74 53
66 56 14
32 74 4
30 88 58
76 46 57
17 11 39
63 70 16
20 0 66
73 2 28
77 79 8
22 33 58
25 43 20
54 20 3
73 56 65
3 2 87
37 17 87
86 25 14
84 31 74
69 64 20
1 2 38
72 37 5
21 54 83
36 40 62
72 32 11
11 87 93
32 44 89
61 28 2
56 17 14
8 85 32
51 64 21
71 13 63
22 70 24
79 73 64
86 64 15
80 44 19
83 54 97
1 18 60
63 27 58
36 38 46
5 86 92
5 74 21
76 39 16
12 79 8
84 45 34
4 5 83
1 86 25
12 27 39
65 3 77
87 77 5
61 78 86
4 46 32
57 81 74
76 68 63
12 37 14
64 54 17
61 3 3
52 14 70
77 28 31
2 37 5
36 81 45
34 36 49
42 47 53
25 24 46
86 65 65
28 38 20
42 32 87
3 52 73
60 37 91
11 32 36
60 19 21
4 74 2
77 67 52
61 75 9
86 63 99
36 2 26
35 6 76
89 73 17
86 4 10
35 89 39
0 82 3
11 69 19
24 63 61
87 76 21
73 13 75
19 59 47
5 34 43
18 20 65
70 75 14
5 8 76
14 35 16
81 82 62
37 14 21
77 56 10
26 16 33
89 86 84
88 76 5
45 12 83
51 46 1
39 57 11
88 54 100
61 41 9
74 27 8
65 41 19
80 65 95
65 35 94
4 65 83
7 33 48
76 17 65
1 67 100
60 35 19
5 0 18
55 86 97
77 81 58
14 82 63
80 25 32
12 81 15
66 53 80
22 25 50
1 60 23
21 80 29
47 51 81
28 64 16
33 68 5
23 74 83
79 2 52
31 46 26
47 68 26
41 43 17
77 59 69
80 81 73
8 12 10
8 78 79
89 49 94
49 88 5
68 72 26
49 33 84
8 82 92
19 6 37
5 11 55
39 29 22
58 6 38
14 1 96
15 48 100
44 54 24
74 73 55
7 21 88
43 71 89
8 22 16
14 11 86
0 56 15
33 21 82
57 36 12
76 85 10
43 41 5
19 75 91
68 30 21
41 49 34
7 86 100
29 60 42
80 71 7
38 23 94
56 1 25
46 73 13
13 64 7
41 75 91
17 46 70
9 20 8
72 7 32
56 61 67
54 81 27
40 29 48
85 66 26
78 7 85
78 11 27
43 1 43
88 81 5
69 33 15
55 26 53
2 89 78
7 19 84
84 61 97
25 57 4
70 24 88
36 89 21
25 49 26
84 79 33
4 17 37
9 70 54
79 16 72
83 87 81
82 88 42
55 89 19
73 39 2
17 28 95
77 20 95
40 7 59
79 24 1
70 35 32
82 63 24
32 16 17
45 0 65
81 65 76
33 67 68
4 53 74
46 13 3
9 43 39
87 29 64
59 11 76
3 85 16
8 36 80
34 42 25
88 40 86
89 26 43
28 3 36
13 2 4
29 19 36
46 49 56
32 78 92
4 61 54
45 20 65
55 18 74
9 74 94
59 63 45
52 76 81
16 11 42
9 3 28
39 5 64
17 29 8
20 36 51
42 69 72
53 34 59
66 75 58
60 9 45
38 61 59
76 49 100
60 65 79
69 25 81
0 3 30
56 82 78
55 53 38
38 4 61
42 80 73
22 11 20
48 87 9
43 27 46
25 73 66
5 44 14
47 71 81
51 55 54
65 2 10
82 81 49
85 86 41
27 75 66
8 35 38
5 2 59
0 81 99
51 6 31
13 68 12
80 56 1
29 17 37
27 8 10
63 31 15
9 34 26
78 65 62
11 77 47
26 65 44
55 51 49
74 69 41
66 10 85
6 70 5
68 49 30
78 37 92
31 60 56
87 17 4
30 85 61
85 20 12
5 30 64
65 55 67
44 73 69
73 8 23
78 46 64
48 11 7
39 32 59
16 78 45
5 25 29
80 64 66
43 33 84
17 0 35
64 1 93
1 6 48
34 47 22
55 66 62
24 32 77
88 13 3
40 61 99
10 58 72
75 56 9
77 4 83
52 47 2
0 46 78
33 38 19
2 29 83
60 53 80
59 48 17
38 0 97
27 63 88
87 18 49
51 87 15
10 53 75
83 37 70
22 74 51
87 6 13
65 31 41
75 32 72
55 68 13
61 51 62
53 4 21
61 34 10
42 77 40
64 70 74
80 21 13
14 4 60
57 7 49
58 42 97
10 16 23
52 41 68
32 12 91
56 60 8
60 79 81
26 83 47
27 47 98
80 36 30
89 19 7
85 37 99
55 5 48
82 89 94
76 45 24
57 84 84
8 66 88
80 72 28
56 58 46
66 39 99
72 45 15
33 84 17
42 21 24
16 22 2
29 27 7
89 77 13
7 58 8
43 45 41
26 66 59
75 81 2
14 84 21
51 61 15
71 82 15
51 81 53
64 59 46
89 21 56
71 21 64
2 30 65
37 0 8
64 48 63
1 35 26
81 13 85
7 22 21
43 35 2
4 9 25
71 9 46
2 87 6
80 31 83
27 11 59
82 33 27
52 16 40
73 49 59
33 28 69
59 81 4
73 45 82
16 86 50
59 40 87
17 77 6
57 17 53
11 57 44
79 66 16
35 76 40
48 27 83
80 4 2
46 31 47
55 49 35
33 76 36
35 44 1
30 58 1
26 23 92
80 82 28
75 43 7
49 0 72
39 1 76
42 65 62
63 16 22
32 59 22
29 8 8
80 15 3
3 43 7
51 48 47
18 88 38
65 45 50
86 33 70
39 70 81
74 8 6
47 78 93
79 85 15
52 73 17
30 86 5
57 48 12
25 78 5
8 32 6
1 54 15
41 37 38
54 59 70
5 16 51
49 16 56
46 30 9
57 66 44
24 53 17
40 48 24
5 51 8
63 1 8
63 47 13
74 30 50
49 26 7
28 33 1
80 58 11
24 75 71
30 47 60
41 44 64
59 74 50
14 74 26
3 23 95
81 59 98
80 52 41
4 2 85
82 40 99
49 61 70
54 82 43
19 10 10
65 56 41
68 28 24
85 30 42
85 12 17
81 11 71
63 76 47
12 40 70
80 70 49
58 60 52
74 44 40
53 88 70
71 5 42
21 60 50
17 39 55
39 43 42
5 28 78
18 24 58
31 27 28
17 49 71
24 80 41
5 27 49
37 27 3
48 9 45
40 28 31
84 70 74
86 40 99
45 51 45
67 57 6
45 83 71
56 2 56
14 34 56
41 79 25
82 21 9
1 19 30
45 38 86
84 80 30
28 29 4
28 34 91
67 34 43
52 77 28
61 15 18
52 7 69
55 72 9
68 39 64
5 88 33
45 15 88
1 65 3
69 60 28
38 20 35
30 11 63
21 77 15
3 70 5
7 52 30
20 65 76
59 6 21
11 18 89
77 71 35
52 28 55
20 13 19
38 1 9
40 83 35
72 51 89
24 64 39
36 51 49
26 85 67
22 71 91
24 3 19
24 57 90
55 54 7
57 21 77
60 10 51
18 5 53
30 14 13
81 5 31
17 24 17
34 32 13
83 10 79
15 11 98
25 75 87
65 74 79
52 22 50
87 1 57
43 4 63
5 52 87
68 57 39
33 11 66
43 11 85
47 15 16
75 0 82
77 24 83
68 36 60
55 22 11
20 16 6
28 89 4
43 40 44
71 11 72
66 87 71
86 11 6
63 46 3
3 10 85
28 36 13
13 25 46
68 24 40
11 14 39
17 9 45
31 26 21
69 35 12
67 77 21
38 63 43
73 37 76
72 39 6
43 7 83
55 46 42
11 8 26
27 52 75
29 7 37
11 7 79
51 37 42
8 17 43
25 23 68
18 4 16
44 23 72
85 25 97
70 85 5
75 40 58
70 67 35
82 37 7
55 6 60
23 70 43
14 80 77
86 60 75
43 10 58
0 26 71
63 4 69
88 12 76
58 46 48
34 13 98
52 10 35
3 48 65
85 39 51
41 78 28
63 38 50
17 73 49
22 87 12
45 40 47
58 12 41
27 40 21
70 48 59
26 79 29
7 82 56
77 27 72
33 45 83
49 11 16
5 14 48
16 82 6
7 73 76
22 19 13
5 60 88
17 18 31
66 23 18
66 85 67
73 47 93
72 61 25
55 57 21
29 32 15
86 26 17
15 63 5
85 46 68
15 61 58
61 81 39
31 71 23
71 45 3
28 41 43
36 85 6
27 37 30
60 81 69
33 26 56
80 19 30
22 55 78
18 78 76
23 82 53
6 48 94
72 67 79
74 39 6
14 39 41
25 28 24
31 1 90
66 24 29
55 83 100
87 30 65
25 2 24
70 88 16
89 65 33
57 6 56
30 68 83
30 25 25
65 89 86
18 85 78
48 4 51
31 73 58
17 25 84
31 16 78
30 33 51
59 52 63
54 12 71
6 31 8
23 77 84
47 11 51
69 74 44
76 61 35
49 60 1
83 23 64
31 47 30
84 60 9
74 75 77
86 17 42
17 79 56
26 73 95
88 8 46
41 52 44
56 76 17
72 5 48
36 74 44
51 16 42
20 29 94
79 48 57
7 34 45
66 45 1
36 28 51
9 73 4
10 13 41
8 15 18
89 66 4
18 67 76
71 84 30
86 57 25
48 17 54
48 46 21
14 18 11
52 84 83
57 31 2
30 18 39
54 72 41
49 40 93
69 9 41
56 43 1
70 34 46
59 5 100
53 49 39
20 1 28
55 33 59
48 2 99
27 13 71
57 32 63
38 70 70
77 33 30
2 59 56
82 72 63
71 59 25
13 38 9
13 46 24
59 18 53
46 26 3
57 16 75
46 52 69
72 25 81
33 58 54
83 80 72
55 39 47
85 32 77
43 86 86
6 21 99
3 13 12
73 78 70
15 80 40
41 7 16
13 43 60
66 8 34
72 31 68
31 5 8
10 33 65
37 13 62
33 3 36
72 26 65
82 15 21
78 52 32
47 30 67
77 64 12
26 72 31
76 20 29
32 34 22
31 34 49
43 9 11
83 21 74
67 80 40
7 74 15
45 67 98
66 21 38
30 22 11
3 57 49
67 10 93
61 74 76
22 29 86
8 61 50
55 84 95
33 1 31
32 84 17
57 22 30
73 31 99
0 65 87
40 72 85
6 25 19
8 43 43
29 23 29
77 40 84
83 18 99
63 13 55
84 5 64
49 80 16
14 81 84
59 87 76
83 51 70
36 18 88
8 47 98
56 83 21
5 68 20
38 88 95
44 84 47
44 15 71
37 51 79
10 86 83
83 13 6
61 79 35
77 54 38
44 77 11
74 36 64
13 8 54
19 17 45
88 67 19
33 74 24
5 69 54
28 81 90
47 39 22
49 2 54
30 87 97
57 67 58
42 18 41
48 44 39
72 71 95
35 61 100
87 85 53
47 5 1
32 77 6
3 88 59
27 69 97
9 59 59
34 73 98
25 40 17
20 45 46
19 21 61
20 38 25
4 89 7
42 83 61
61 32 53
53 43 100
78 40 93
54 10 5
61 65 85
17 71 12
15 47 59
14 54 8
38 65 95
28 71 76
3 12 48
59 3 9
72 13 72
17 57 33
19 0 11
86 24 28
57 79 79
17 53 79
10 81 69
68 29 22
9 19 13
79 10 6
18 10 92
71 88 1
11 20 12
2 38 40
46 87 48
6 89 25
51 9 20
51 71 2
71 70 75
1 73 80
29 9 53
42 15 2
33 89 54
53 38 40
88 89 25
75 41 80
66 65 54
16 43 8
13 55 18
28 82 30
31 53 79
18 9 64
38 40 46
65 16 58
41 19 26
57 56 52
68 64 6
45 71 83
39 34 21
34 72 27
43 12 91
48 32 44
80 79 94
38 31 36
41 72 92
54 38 51
20 71 72
49 75 41
83 47 8
4 60 12
18 35 62
86 29 79
79 42 18
11 81 78
82 57 63
40 66 30
77 18 51
17 8 91
57 87 3
85 38 86
22 60 55
53 0 50
82 1 32
36 12 55
12 7 72
4 81 13
44 17 93
0 43 78
16 12 56
9 41 57
7 81 28
77 41 97
51 52 39
74 17 22
8 26 96
4 51 37
31 66 77
57 53 74
48 58 98
45 30 89
13 41 1
19 18 41
64 56 68
12 33 82
13 51 68
80 28 78
12 64 6
64 74 1
13 47 81
47 54 49
80 23 90
66 17 41
27 44 17
0 2 20
72 20 45
35 41 62
49 13 39
40 74 28
46 59 78
18 7 87
37 43 99
89 1 43
59 41 69
20 15 32
88 32 93
68 52 51
15 76 67
78 44 80
38 89 46
16 80 8
10 43 48
59 51 70
81 53 46
6 43 52
71 79 29
64 9 18
38 12 19
41 83 9
21 48 87
23 69 57
75 57 74
71 39 30
36 78 62
44 20 71
36 71 95
39 53 10
41 15 22
36 10 100
73 80 40
58 4 65
3 44 57
61 57 78
88 56 25
26 67 68
83 81 53
53 56 84
9 29 73
26 45 45
44 36 26
80 24 86
7 77 5
2 11 61
59 53 41
75 37 3
34 35 83
83 89 57
55 78 100
25 66 61
30 56 21
46 21 39
60 69 6
40 86 50
81 80 67
5 9 57
53 83 52
44 67 42
41 89 1
26 21 15
4 6 78
76 67 90
58 33 92
88 61 47
77 43 35
9 37 55
22 44 12
64 13 47
70 13 99
38 46 82
21 78 48
67 31 96
37 76 11
64 25 19
10 64 58
60 74 82
49 34 94
29 21 71
79 54 64
37 77 55
77 68 64
32 81 88
51 70 2
88 49 56
72 76 97
39 63 87
64 15 78
46 43 13
68 44 47
13 71 15
89 27 37
38 59 28
2 34 29
14 75 53
26 86 9
28 22 78
11 55 67
25 7 76
41 9 83
34 85 22
1 44 96
4 86 20
4 13 35
32 45 65
77 25 20
84 56 87
79 80 31
88 5 71
32 39 20
81 24 52
37 41 71
82 80 56
18 39 19
33 36 59
47 16 69
47 34 39
47 82 56
24 30 58
41 59 46
48 30 17
15 85 86
5 81 1
33 60 55
30 53 91
87 40 71
14 9 15
72 58 18
37 49 43
81 22 88
5 33 71
56 52 10
63 25 9
65 73 72
84 41 2
84 7 86
56 80 44
76 22 23
75 74 7
86 68 33
64 45 28
74 60 5
7 59 92
49 12 58
58 34 18
66 49 88
79 86 28
18 64 92
1 71 98
22 17 89
37 39 4
52 27 4
66 28 93
36 76 69
63 55 72
59 21 11
75 67 45
65 63 25
31 52 10
3 36 50
8 76 14
76 5 63
39 72 48
20 64 67
7 40 13
8 65 78
16 79 44
74 14 34
54 23 32
56 59 91
68 9 97
3 64 11
23 45 84
63 26 17
32 37 8
54 49 33
11 88 11
63 35 48
49 20 40
61 0 64
66 7 6
20 55 72
14 15 17
7 61 67
81 86 56
68 78 11
3 82 93
11 42 57
84 24 91
13 89 81
50 23 69
50 39 28
50 84 6
50 46 58
50 47 43
50 33 98
50 13 87
50 44 80
50 86 34
50 67 8
50 11 98
50 12 68
50 81 11
50 56 82
50 36 27
50 87 10
50 3 38
50 28 18
50 48 28
50 68 84
50 49 60
50 18 11
50 43 68
50 19 47
50 10 92
50 59 65
50 76 40
50 31 84
50 22 36
50 57 77
50 62 8
50 73 94
50 61 40
50 65 80
50 85 100
50 30 42
50 15 27
50 52 81
50 70 37
50 82 95
50 0 43
50 1 47
50 34 90
50 53 23
50 17 11
50 42 96
50 35 53
50 51 30
50 2 11
50 74 89
50 38 81
50 63 76
50 24 80
50 7 21
50 25 78
50 71 53
50 55 68
50 77 45
50 41 1
50 58 12
50 78 27
50 80 43
50 4 67
50 45 30
50 60 11
50 9 66
50 75 32
50 89 4
50 79 58
50 54 11
50 32 21
50 29 48
50 88 47
50 14 76
50 5 86
50 26 84
50 83 32
50 69 50
50 66 17
50 40 1
50 16 7
50 8 62
50 64 37
0 62 20
1 62 89
2 62 47
3 62 100
4 62 52
5 62 70
6 62 56
7 62 13
8 62 13
9 62 48
10 62 46
11 62 6
12 62 17
13 62 45
14 62 7
15 62 15
16 62 50
17 62 63
18 62 21
19 62 90
20 62 91
21 62 62
22 62 23
23 62 60
24 62 11
25 62 16
27 62 67
28 62 44
29 62 84
30 62 53
32 62 64
33 62 11
34 62 61
35 62 77
36 62 86
37 62 42
38 62 45
39 62 5
40 62 25
41 62 32
42 62 50
43 62 55
45 62 65
46 62 17
47 62 96
48 62 100
49 62 100
51 62 40
52 62 41
53 62 3
54 62 22
55 62 99
56 62 84
57 62 50
58 62 66
59 62 27
60 62 26
61 62 21
64 62 35
65 62 38
66 62 95
67 62 47
68 62 15
69 62 95
70 62 59
71 62 44
72 62 7
73 62 47
74 62 92
76 62 22
77 62 9
78 62 53
79 62 31
80 62 12
81 62 51
83 62 30
84 62 3
85 62 54
86 62 83
87 62 80
88 62 29
89 62 90
