224
13
72 99 77
43 95 21
44 50 13
212 219 76
241 122 1
126 71 15
1 132 89
241 32 35
230 56 10
20 123 90
227 195 65
177 234 3
62 35 86
71 177 7
245 219 7
45 152 10
99 232 15
79 125 45
209 77 21
195 181 2
9 48 24
87 21 14
11 44 17
77 188 40
32 175 37
10 20 0
146 15 5
20 69 24
88 53 84
131 36 22
200 44 70
74 131 54
130 205 48
233 241 36
56 68 55
126 61 79
245 48 79
54 78 12
217 54 97
135 196 95
156 9 1
43 113 43
43 198 99
217 246 76
223 135 93
138 90 47
245 72 96
112 229 21
132 136 63
240 128 5
74 199 65
196 0 45
48 122 24
119 205 35
164 52 4
4 47 60
51 247 63
4 243 57
212 91 20
12 201 82
33 172 69
95 50 89
218 152 57
14 22 87
216 186 58
2 156 31
196 135 34
47 39 6
108 106 16
150 3 40
29 23 5
199 47 98
140 119 50
171 155 47
169 79 43
82 241 18
238 32 27
239 5 36
138 57 69
180 149 11
112 145 51
74 164 48
72 45 58
15 247 54
99 61 33
241 134 64
142 99 76
245 80 71
42 215 77
84 177 75
143 56 97
92 249 31
229 120 77
217 18 84
191 204 53
89 150 64
206 47 49
45 231 81
216 151 73
50 0 0
204 56 36
143 58 51
202 172 15
9 23 2
65 184 24
18 121 42
158 5 4
216 7 20
2 55 18
37 7 68
204 178 59
134 138 2
186 95 62
168 198 8
225 36 55
160 91 69
193 3 81
128 62 48
171 225 77
170 42 74
153 180 83
193 77 98
212 234 19
231 222 46
210 21 94
186 29 95
161 249 18
219 231 73
88 190 71
74 51 84
46 70 4
4 241 1
19 43 83
89 141 89
119 70 65
145 18 31
240 152 50
192 120 91
139 0 57
151 187 39
103 243 45
174 103 28
149 41 62
177 193 16
163 228 55
69 144 7
239 180 39
56 31 0
200 227 19
234 198 95
228 189 27
154 95 79
103 66 58
96 131 46
71 123 3
42 82 3
45 28 24
156 222 76
222 6 77
175 148 25
114 139 2
199 12 54
161 74 81
216 173 88
39 161 98
217 232 42
101 63 39
57 121 63
181 164 19
184 61 81
176 105 21
89 31 39
63 119 48
204 38 48
204 163 21
114 162 24
217 53 9
106 67 15
79 211 97
5 248 45
196 60 63
154 219 88
1 140 93
145 152 73
104 195 21
237 172 92
44 174 12
230 58 25
211 135 3
147 77 50
131 55 3
222 17 19
203 108 73
246 73 66
194 146 55
238 22 48
7 67 85
2 187 7
143 242 23
91 23 14
199 142 25
162 122 10
139 78 61
85 70 94
0 37 4
163 161 70
19 166 9
175 167 97
31 173 4
32 229 95
72 160 62
111 132 91
147 137 83
72 219 11
74 116 58
15 106 20
79 88 21
5 207 58
86 14 17
215 243 45
114 113 57
52 130 46
77 96 2
31 44 58
234 24 94
4 50 60
58 115 19
242 89 39
188 220 42
51 249 82
159 36 36
32 247 36
210 130 96
206 187 98
242 101 43
45 182 32
63 33 26
206 1 94
223 105 8
147 144 34
87 231 73
33 42 52
201 162 84
11 214 16
189 185 32
58 77 86
212 22 10
23 21 45
143 192 22
186 104 91
98 84 67
64 94 11
46 77 14
222 78 76
187 133 34
80 231 26
146 94 99
46 106 53
103 92 74
180 244 45
66 146 39
70 1 15
192 30 35
67 132 4
185 180 71
148 144 85
96 55 95
230 12 87
243 0 73
109 70 31
182 16 90
28 105 18
67 138 58
33 163 86
46 108 22
14 172 81
242 123 94
41 230 0
48 107 90
110 40 36
95 159 10
246 69 13
37 183 63
73 62 19
114 147 96
153 50 21
12 244 16
96 80 94
95 77 45
108 145 43
234 178 10
190 222 81
167 207 20
121 90 65
78 243 33
155 61 49
58 240 64
107 182 74
28 185 44
96 50 66
141 144 21
100 54 52
33 117 56
56 6 86
3 55 76
2 97 25
237 215 84
16 168 35
134 243 13
12 109 53
214 202 65
204 186 40
112 141 33
198 58 59
178 32 35
78 245 63
64 58 67
222 243 22
35 2 5
22 164 91
41 0 46
159 226 16
205 132 26
95 234 18
21 4 89
74 109 36
28 182 98
220 86 3
128 123 86
160 164 22
0 166 11
32 23 0
148 105 9
66 80 15
249 3 27
28 228 94
147 215 88
115 26 34
96 69 5
203 248 82
217 51 25
249 180 78
18 179 19
149 174 67
103 165 51
35 212 17
58 97 19
116 5 58
203 94 75
105 79 45
152 123 68
70 21 12
12 90 38
81 223 57
103 121 53
200 3 17
106 214 42
89 71 66
90 124 46
121 46 39
136 106 56
156 79 42
112 90 60
65 130 32
139 58 75
107 243 93
178 230 84
210 100 18
248 225 59
24 66 44
241 217 89
81 195 66
41 69 28
88 45 22
199 247 72
126 184 42
240 243 52
192 156 99
132 29 8
50 94 33
142 91 70
192 54 45
108 64 4
187 155 98
70 139 75
195 2 50
236 143 64
229 32 38
49 247 55
247 36 20
166 126 23
28 188 20
26 182 81
186 91 84
225 154 44
218 57 60
80 4 44
47 109 78
107 105 40
192 11 89
174 213 8
83 40 29
187 248 5
99 64 30
70 238 100
25 61 12
136 31 22
215 36 83
227 123 68
98 151 75
245 150 38
243 187 41
132 124 12
221 1 38
39 80 91
83 225 66
49 135 26
197 136 81
119 172 76
205 32 88
176 141 95
230 114 27
178 179 35
95 99 14
188 230 30
237 130 4
150 138 10
83 122 46
26 68 77
76 54 82
73 29 58
98 179 32
125 11 27
129 160 9
17 128 17
176 120 76
94 31 20
190 83 1
81 27 77
43 232 12
242 169 40
68 170 43
54 98 49
69 200 15
85 2 40
38 197 32
129 229 70
113 241 93
174 171 13
180 147 62
47 169 70
157 55 66
94 168 86
112 246 46
11 156 68
86 17 3
194 6 98
188 234 1
186 107 33
138 15 90
187 213 33
20 125 90
27 103 87
8 41 99
160 39 19
212 128 40
239 158 94
168 20 58
98 32 29
142 205 97
142 129 40
197 230 50
3 79 64
71 201 65
68 206 79
230 3 56
212 156 10
219 20 9
187 209 45
91 122 21
102 85 74
29 16 14
63 41 27
29 84 70
164 43 14
179 37 31
49 216 18
240 153 36
176 14 38
107 79 34
43 36 87
219 96 45
55 159 83
81 51 32
47 2 13
160 166 28
79 208 35
19 198 11
56 179 71
101 232 21
77 192 70
3 115 18
82 57 22
72 214 15
65 161 96
0 225 95
143 80 87
179 245 5
105 201 62
120 179 64
60 115 38
49 37 31
0 123 91
112 23 41
121 18 34
178 127 25
53 44 63
239 9 12
93 111 78
53 76 9
85 244 10
3 89 2
208 141 38
196 204 96
79 101 55
145 40 68
233 52 21
165 30 47
2 78 32
96 155 21
91 237 41
125 240 35
227 60 100
80 170 96
18 206 92
45 80 47
141 216 97
136 45 99
184 205 16
10 0 48
101 236 15
230 73 97
158 116 31
132 140 57
1 197 42
121 62 57
53 78 28
169 136 30
111 10 18
78 79 96
58 184 51
112 53 69
18 109 72
70 84 36
209 36 62
205 167 25
170 9 41
175 168 54
181 3 4
51 82 28
1 97 53
190 233 65
164 60 46
104 228 5
44 122 46
121 100 98
21 164 52
131 128 19
70 81 80
221 203 83
183 213 40
3 9 76
30 1 84
121 33 74
130 114 35
16 180 30
92 16 53
180 6 81
121 139 32
142 208 57
75 181 53
235 175 99
59 231 59
30 177 98
32 161 31
229 148 7
227 0 71
94 62 44
26 80 46
74 180 48
18 42 84
95 64 96
29 148 13
149 77 44
108 128 3
144 7 0
83 69 79
102 212 16
151 1 9
133 210 94
141 171 56
181 125 30
63 18 59
97 184 8
124 227 46
44 25 76
61 95 3
16 92 95
201 46 21
30 83 83
52 105 1
2 153 9
6 85 96
120 220 13
119 155 88
25 171 67
171 84 5
139 60 23
44 123 42
4 66 97
70 2 18
64 205 3
117 190 59
102 11 97
233 180 37
249 207 10
190 221 91
30 168 82
178 121 49
234 129 15
114 157 7
99 131 50
62 138 16
182 67 50
139 210 53
143 137 20
236 21 79
55 118 87
234 177 72
112 30 35
128 135 53
233 204 37
116 139 68
71 189 99
46 186 92
17 176 62
196 9 56
115 85 75
247 192 15
113 22 99
31 239 45
146 3 97
102 195 22
39 142 66
196 121 71
213 35 14
220 199 12
158 44 68
88 222 11
221 112 21
113 242 4
33 111 26
62 163 23
155 85 24
248 160 33
54 16 82
68 100 39
16 61 53
152 17 59
148 166 83
37 10 4
179 222 17
7 204 39
144 177 45
15 86 95
59 63 40
178 27 15
100 184 79
192 88 10
211 225 38
61 87 76
115 133 93
93 201 14
195 27 14
135 214 25
203 45 33
154 172 4
150 198 57
119 130 5
42 212 37
88 211 6
158 115 47
3 75 40
30 12 25
128 232 24
5 189 72
107 56 74
162 147 14
83 213 27
85 202 30
1 82 96
64 165 36
21 203 36
120 244 17
17 237 26
168 24 18
21 92 34
58 246 48
186 94 94
21 242 91
90 136 10
26 6 56
55 99 3
5 172 30
43 174 24
239 69 19
118 55 17
223 168 16
184 158 62
71 219 74
119 200 43
248 203 78
25 29 42
75 41 63
83 21 96
136 76 43
115 168 100
105 170 52
189 24 88
172 28 95
67 55 61
130 231 78
240 180 32
230 115 69
125 143 15
110 235 60
175 244 84
248 154 65
161 221 48
140 160 20
226 61 51
237 201 24
3 5 25
61 231 36
207 194 78
47 110 45
1 29 0
243 99 1
235 73 23
70 147 81
55 208 50
83 114 12
234 173 36
86 134 38
19 226 47
191 35 87
210 226 20
144 46 20
197 108 92
56 209 12
187 176 11
161 135 6
164 55 13
158 162 71
194 164 15
146 228 57
153 60 40
69 108 34
216 197 81
35 202 100
234 122 6
2 202 31
223 152 43
32 97 68
29 186 48
29 145 54
107 189 9
30 171 25
149 23 19
66 118 55
239 64 95
240 20 70
161 127 13
142 206 59
86 245 4
31 165 60
202 25 0
132 213 75
100 174 65
221 131 93
233 225 8
164 144 95
69 111 63
63 159 5
230 41 77
200 215 82
29 43 57
145 116 76
190 17 32
118 63 2
166 194 55
179 122 10
81 142 1
9 194 15
81 54 76
209 152 16
53 83 56
143 82 61
245 32 22
33 191 73
208 79 82
218 173 41
52 110 13
139 15 64
137 116 83
154 216 76
34 14 6
71 129 11
222 117 65
76 151 74
141 187 4
155 132 63
199 225 72
212 190 54
135 122 17
28 75 79
114 171 25
244 200 90
211 108 6
227 106 4
110 208 57
25 46 70
148 88 98
4 83 94
51 21 63
189 150 90
93 1 45
125 37 1
127 169 57
38 184 1
208 76 13
141 79 81
116 53 36
154 108 40
246 107 67
126 129 55
117 61 11
66 102 2
134 89 42
146 167 35
244 58 53
190 44 81
139 231 75
145 219 65
102 217 9
206 166 53
70 104 30
109 17 37
157 174 75
240 77 39
52 68 19
237 244 26
247 93 53
221 163 91
83 1 98
40 205 87
122 19 25
57 55 48
166 247 80
124 79 56
85 194 57
33 185 22
105 72 50
64 143 74
187 20 67
185 65 61
194 133 8
223 146 34
110 50 5
11 199 66
112 27 21
100 46 4
99 58 98
235 146 47
217 58 96
126 8 20
105 103 56
85 43 45
168 157 47
94 37 67
39 188 79
133 29 85
27 212 71
218 200 94
183 212 35
88 41 38
98 219 78
213 7 59
83 208 46
216 25 14
220 99 19
72 42 21
47 117 37
234 170 59
115 187 38
138 179 80
58 130 27
77 75 90
234 128 0
50 225 34
37 228 44
146 190 88
0 85 73
198 210 43
51 89 46
123 71 12
27 148 6
126 103 80
59 244 30
216 29 45
115 215 38
117 150 24
181 25 6
1 83 63
80 195 65
165 68 51
46 60 4
0 31 21
167 140 15
17 8 27
134 23 94
243 121 51
82 16 62
208 111 99
44 89 24
236 169 81
19 37 14
75 91 66
82 209 19
198 186 4
193 41 62
183 35 15
214 30 4
22 219 86
5 27 22
41 161 98
235 3 98
63 110 41
123 219 38
3 162 83
182 46 12
118 44 20
241 184 16
184 157 19
188 59 31
45 186 38
16 223 5
212 50 40
231 5 6
23 18 72
36 64 91
231 141 38
35 200 49
38 71 92
114 239 33
217 194 74
42 19 57
78 161 5
41 215 60
79 243 21
101 129 0
148 240 1
244 99 97
196 92 47
195 62 95
103 134 38
206 46 100
171 141 59
235 70 83
80 93 59
67 11 19
62 10 93
56 180 2
247 199 87
25 6 73
67 146 2
160 70 58
1 119 53
122 185 60
29 46 9
248 125 20
82 194 40
96 175 71
133 104 8
159 137 26
155 103 42
170 60 53
52 160 36
211 120 87
168 189 70
12 222 53
150 236 53
236 231 7
143 188 92
177 244 45
215 127 14
187 143 22
103 174 99
1 30 81
83 222 37
166 197 92
236 85 18
133 118 31
57 5 96
223 125 44
55 97 76
200 180 83
76 170 96
191 109 25
62 231 46
165 143 34
2 188 18
3 148 65
52 249 51
92 7 63
84 67 37
180 83 62
145 209 41
46 2 44
196 223 14
89 57 64
108 68 59
86 91 56
228 111 35
175 63 33
221 55 70
29 77 0
32 212 15
53 205 93
94 89 92
131 235 19
172 39 11
211 41 51
214 226 32
132 31 90
118 125 72
3 234 51
114 209 66
242 58 94
181 86 6
198 130 44
77 176 15
134 135 18
246 118 92
72 110 66
94 222 78
92 100 43
232 198 6
151 129 57
148 69 20
161 114 71
89 111 11
82 220 48
23 163 87
150 174 72
208 118 27
53 231 64
62 101 91
151 98 36
238 9 98
15 104 31
220 234 34
141 23 1
51 143 87
39 21 27
176 43 76
190 96 5
193 67 75
89 65 15
225 42 41
173 105 69
46 104 97
22 189 85
24 2 32
68 53 41
185 62 8
36 216 88
177 164 12
223 206 69
100 219 42
205 149 1
173 139 1
6 94 18
141 30 45
105 126 93
18 74 88
69 24 1
43 17 86
149 53 86
209 83 75
244 75 31
20 2 74
6 21 6
41 113 51
17 175 9
105 33 9
238 166 5
95 72 83
184 47 99
247 119 1
146 37 74
5 11 50
161 42 13
153 106 6
213 144 61
189 83 30
64 45 83
170 196 27
19 218 15
245 105 78
59 187 63
121 240 26
78 152 93
44 231 44
155 214 71
68 219 8
8 226 61
181 176 51
163 69 39
61 106 82
47 37 40
225 188 10
198 195 62
205 0 4
7 107 55
45 144 84
31 11 61
219 206 75
95 192 5
89 22 62
139 234 25
183 47 54
248 105 19
103 80 14
14 120 13
106 178 82
159 207 71
19 203 5
144 129 24
12 99 80
51 26 54
56 9 50
81 216 39
138 35 0
232 104 52
110 229 13
181 157 88
165 14 45
136 165 37
37 83 13
121 209 28
157 63 96
98 67 80
15 213 71
116 38 93
66 62 95
91 218 29
70 134 68
160 119 96
184 203 83
131 106 72
14 111 86
244 210 21
201 108 30
238 75 55
64 68 45
59 213 16
94 116 70
163 197 17
218 153 50
216 108 15
230 130 45
117 228 89
35 4 5
100 210 88
76 175 79
146 62 56
145 11 76
158 247 57
8 93 77
18 108 23
76 30 50
218 236 30
119 223 59
218 238 56
79 182 4
113 221 10
241 54 40
156 116 85
115 170 70
245 225 69
217 59 40
49 194 35
200 192 64
25 16 37
63 94 83
140 64 24
18 153 58
117 1 95
104 164 34
241 207 20
34 195 19
54 153 84
77 11 9
86 182 87
183 60 31
229 209 65
180 154 25
97 159 69
30 174 57
131 247 46
108 80 38
172 134 26
197 202 24
5 46 32
133 25 95
92 95 93
171 143 50
218 119 0
36 225 64
191 206 11
178 211 86
33 121 65
230 209 84
48 151 3
216 153 60
24 76 70
219 203 100
201 91 40
80 135 51
2 34 57
249 232 89
157 199 60
102 143 40
80 92 31
198 218 65
106 83 34
81 43 31
167 66 78
107 2 89
7 219 50
68 17 7
41 232 5
28 92 8
182 35 96
24 194 38
149 37 46
181 239 67
89 103 85
104 152 63
166 112 21
39 159 70
186 65 81
226 248 52
44 53 2
98 131 96
72 145 54
125 175 70
214 221 22
54 95 19
115 91 12
35 106 57
161 151 35
144 176 47
93 115 37
77 246 7
110 204 56
131 60 9
37 244 54
43 244 52
110 146 42
106 81 38
20 191 22
78 95 42
144 238 59
160 175 6
124 209 47
105 27 40
152 1 30
230 31 0
162 54 52
169 147 15
193 107 63
103 151 5
29 44 24
19 178 22
146 249 6
131 215 76
100 77 44
22 140 94
91 39 28
151 133 24
12 133 21
167 247 69
233 240 82
25 160 58
103 172 86
245 160 1
61 63 93
55 96 89
65 2 27
134 103 20
102 247 10
199 26 49
9 126 11
147 105 59
142 2 46
55 4 49
216 60 30
145 77 60
21 119 34
222 143 86
143 70 61
113 171 81
236 234 21
144 30 25
137 122 12
175 229 56
183 209 75
241 96 60
81 176 74
81 226 76
93 225 41
109 60 57
225 5 33
3 144 53
33 43 41
211 25 98
171 86 70
7 157 10
193 126 27
154 162 17
52 126 25
9 143 22
223 248 81
195 169 54
166 187 7
90 49 65
1 185 54
154 115 32
78 140 72
48 37 85
136 195 67
104 3 63
215 2 45
166 200 10
246 79 13
47 238 53
97 58 74
98 101 30
119 189 17
219 179 33
93 228 21
184 195 32
237 236 10
193 33 75
49 218 29
73 43 70
126 76 13
159 167 72
33 226 6
51 168 24
233 229 33
4 18 63
110 132 28
96 236 89
238 247 92
186 114 18
211 186 13
3 200 25
200 125 93
184 161 70
118 131 92
223 34 11
238 55 46
206 63 14
156 142 92
45 26 21
8 77 12
44 78 41
183 218 100
96 237 87
58 231 94
208 243 79
194 10 24
52 16 21
188 242 39
150 17 52
52 57 38
225 248 74
74 43 87
114 50 61
80 39 40
127 187 36
38 61 46
10 128 31
77 173 72
4 121 46
201 70 32
35 209 88
82 8 88
196 87 80
111 153 5
111 137 44
14 33 65
137 234 96
114 32 82
129 165 11
66 77 26
69 212 77
240 98 40
211 22 96
24 102 89
16 113 59
232 205 40
207 243 5
75 30 43
15 166 45
84 233 27
33 180 57
50 99 33
91 65 89
1 77 60
116 222 77
185 74 7
15 70 37
231 196 31
232 105 95
1 244 63
170 220 24
196 80 14
110 243 86
226 39 44
141 148 74
4 182 65
74 176 14
180 181 31
227 30 28
86 183 9
42 132 76
208 95 67
126 45 28
209 76 12
89 136 59
60 109 58
90 180 26
148 114 89
74 101 30
0 245 86
96 198 96
10 152 81
64 73 39
8 11 62
27 149 83
7 74 57
225 138 73
65 156 31
20 105 71
192 205 11
120 207 91
38 15 65
142 3 62
132 166 58
211 1 8
51 49 13
127 140 24
54 149 12
152 37 61
39 82 29
71 29 67
88 128 22
64 56 56
102 200 17
170 206 4
232 133 70
231 137 45
29 164 63
67 7 47
235 222 2
73 169 85
248 167 63
202 212 3
106 170 57
6 160 71
151 81 44
204 249 18
106 103 93
169 153 54
72 233 89
238 37 26
185 200 63
124 69 55
238 80 46
182 78 75
114 192 12
138 150 14
195 91 95
21 6 45
32 82 77
23 49 88
87 40 66
59 171 65
127 146 46
168 206 89
46 123 1
75 52 64
225 142 35
86 29 29
88 201 9
122 144 74
141 239 18
68 142 4
43 101 44
133 179 39
79 69 4
171 209 7
235 83 77
77 227 34
150 182 73
223 6 52
91 157 5
196 23 88
65 231 71
172 113 51
163 24 13
184 30 28
14 166 74
235 42 80
109 230 26
172 78 10
73 26 67
167 193 76
177 21 39
62 22 5
197 247 61
176 17 67
126 34 51
121 233 22
59 135 30
20 106 98
77 23 70
111 157 19
112 117 65
95 20 29
163 31 34
77 216 4
97 210 30
76 41 64
116 177 85
133 156 80
155 91 40
241 228 69
205 116 89
55 0 0
218 46 2
64 63 45
214 218 7
222 202 15
154 235 76
222 248 93
128 109 100
16 210 55
34 164 11
217 203 0
103 99 16
36 152 0
246 29 14
170 247 49
147 196 5
170 174 27
193 171 75
137 190 74
200 129 24
182 27 48
237 242 41
188 151 65
22 205 13
50 26 58
181 116 75
112 81 35
37 173 95
34 174 32
34 90 93
4 177 53
164 6 19
114 45 38
235 132 17
48 222 9
170 162 78
221 185 88
202 195 60
166 120 60
177 189 6
88 122 40
248 195 5
168 109 74
141 119 76
76 65 52
194 43 68
190 198 99
132 25 29
20 135 100
33 79 90
25 5 28
43 107 54
168 84 64
175 16 86
83 57 60
100 60 25
170 37 24
132 14 58
229 26 69
103 221 65
46 73 40
5 220 81
179 226 34
159 17 75
95 106 8
103 145 11
38 239 60
245 184 69
25 232 41
76 190 70
104 116 99
3 221 86
195 197 43
202 141 98
132 5 22
132 70 78
61 123 18
216 130 74
243 244 44
245 153 45
246 120 51
24 58 32
172 92 96
193 10 90
79 131 34
182 52 98
204 104 80
67 130 61
172 88 37
211 72 62
118 30 69
168 187 37
202 134 15
248 20 2
65 15 12
1 125 14
31 126 58
130 143 29
135 150 27
5 144 26
124 84 93
218 18 98
14 112 23
144 216 54
215 118 51
27 137 88
180 70 60
192 79 19
151 106 94
43 118 1
38 124 49
70 128 75
189 93 72
49 2 12
109 184 60
184 216 83
59 52 48
114 149 19
50 173 6
46 4 85
27 184 91
249 247 59
119 149 78
246 147 95
64 7 66
150 229 34
50 223 4
90 122 9
200 114 42
188 15 38
114 151 88
48 65 64
93 60 78
133 3 25
195 9 34
123 56 43
165 213 88
18 59 84
28 248 70
6 2 32
73 192 96
29 85 6
73 215 14
60 77 28
82 169 27
194 143 1
93 237 54
157 3 33
249 58 11
242 87 26
154 190 71
156 10 50
145 227 63
25 18 19
44 108 27
37 175 25
157 205 98
217 79 85
211 79 15
30 180 18
186 87 46
127 95 5
135 103 59
73 84 10
30 91 49
121 3 4
216 196 84
66 211 13
213 48 40
147 163 89
26 200 18
70 249 0
148 10 95
245 130 11
121 9 45
244 230 55
206 232 97
212 231 1
104 57 81
105 156 96
78 16 89
182 31 34
56 190 65
168 135 69
94 242 17
14 2 61
88 233 52
221 60 6
20 59 3
217 198 88
32 179 4
17 50 18
28 149 18
117 91 56
100 97 28
190 86 83
111 213 8
182 211 41
242 92 93
182 143 77
84 238 29
171 17 96
33 1 87
130 119 92
203 77 90
141 189 62
87 229 38
177 119 89
83 32 95
149 71 98
71 134 98
46 153 11
162 158 94
24 158 73
105 66 17
71 164 35
83 174 100
173 30 5
142 46 54
241 190 1
94 85 88
164 103 29
68 182 79
77 19 38
183 245 73
244 105 87
25 194 31
118 123 82
105 93 37
90 220 33
164 126 74
200 89 4
227 49 48
164 72 62
88 145 52
125 170 56
118 220 2
211 141 100
243 69 86
216 158 33
238 126 83
248 206 34
177 233 13
110 154 40
91 146 52
80 41 51
174 243 63
183 70 92
112 196 33
59 133 87
94 219 23
11 193 53
118 201 72
47 63 83
8 207 55
149 198 79
70 118 44
226 206 47
118 171 3
204 182 68
226 35 24
182 163 48
240 81 89
127 244 94
206 80 77
241 136 97
155 175 94
199 206 15
122 103 64
142 238 38
126 62 56
150 215 34
83 87 99
67 214 41
151 64 11
66 203 1
45 208 67
72 136 65
236 243 89
46 158 71
88 210 8
30 186 53
98 92 52
21 109 86
239 217 71
127 165 5
29 83 80
213 193 69
59 10 92
191 91 95
196 195 54
198 233 98
126 182 30
46 162 16
139 161 37
58 27 30
201 121 99
160 177 50
202 82 55
15 151 47
60 111 33
242 2 0
67 99 32
174 137 53
41 29 24
40 152 18
189 97 94
94 71 86
240 140 40
82 183 68
179 53 50
236 49 12
11 8 78
235 188 65
73 197 98
145 166 25
136 171 92
160 36 61
185 20 50
152 216 54
215 240 13
59 223 82
168 105 32
117 26 15
66 75 89
150 171 92
245 24 59
213 27 60
2 131 59
170 195 4
6 31 31
136 156 91
49 18 38
94 226 46
80 33 86
18 9 63
163 110 72
213 73 61
66 10 88
219 216 81
93 232 35
160 145 11
166 11 55
180 145 62
49 185 95
145 120 61
204 240 27
182 66 10
106 132 74
177 23 48
2 0 41
248 36 71
207 22 54
153 86 92
184 36 87
78 12 21
86 9 54
180 240 81
218 58 17
172 73 77
15 52 74
248 65 76
146 136 28
28 222 16
36 123 96
137 68 87
228 124 68
197 244 92
67 240 80
156 124 80
138 5 31
105 213 0
59 159 35
27 104 100
5 198 80
234 71 53
242 238 82
78 246 90
201 169 69
92 74 100
170 215 61
66 220 47
85 46 80
174 105 32
159 175 98
56 51 22
122 192 2
248 122 58
41 61 92
86 246 71
123 229 24
146 107 77
215 190 8
241 24 62
178 117 51
18 234 11
240 210 6
184 215 75
190 69 43
205 89 83
55 200 4
66 119 96
91 184 23
197 221 41
53 41 66
189 143 59
121 25 61
161 229 99
139 142 62
126 60 86
184 228 16
63 187 90
119 67 63
185 59 2
197 167 46
98 17 77
173 152 54
170 204 4
159 124 90
132 220 5
62 98 91
58 123 5
211 95 19
32 165 18
136 225 9
36 96 88
161 166 26
122 100 16
238 182 33
214 37 33
129 225 99
59 141 82
191 179 39
163 98 13
56 27 9
244 156 61
35 133 97
64 183 70
157 68 8
145 12 92
56 208 77
229 35 52
83 120 35
6 25 97
124 114 56
2 112 50
22 192 33
127 122 93
168 170 30
209 34 1
172 50 19
99 200 11
142 70 48
56 45 21
191 156 72
207 191 85
228 95 21
96 157 58
237 136 15
45 49 22
153 73 43
214 3 2
68 210 35
29 133 45
78 49 30
137 218 85
123 158 8
23 110 15
78 129 12
65 31 8
217 160 56
75 65 31
104 20 26
194 75 68
140 223 92
133 57 47
177 219 32
87 196 70
34 82 90
84 29 62
133 129 74
123 17 18
98 125 80
160 34 55
139 24 32
51 185 13
201 110 35
182 206 58
116 154 6
194 53 12
234 180 95
205 237 42
242 141 8
3 54 99
103 10 95
65 79 51
151 207 96
135 242 76
99 205 75
22 37 74
129 76 54
18 60 62
76 130 24
106 12 12
66 227 95
114 129 0
157 173 86
235 25 26
137 82 62
24 189 49
37 100 86
130 178 98
107 200 24
52 107 37
19 120 99
137 140 77
27 172 11
156 244 72
66 28 27
77 228 65
76 199 73
196 73 98
102 193 49
112 97 19
73 118 72
56 107 97
231 249 98
43 157 35
228 219 93
149 162 92
235 22 31
24 47 90
65 33 87
27 12 29
66 30 81
242 42 12
55 102 73
26 81 63
34 143 24
56 14 18
9 109 20
1 243 88
230 68 50
202 132 38
132 105 26
216 36 42
240 209 43
213 240 7
25 197 58
98 49 24
218 188 22
83 55 49
198 203 25
193 4 96
4 60 29
56 176 90
228 127 14
38 14 58
193 45 8
199 5 4
211 245 44
148 235 21
74 96 4
85 121 88
154 3 73
103 222 93
125 158 75
16 102 70
122 141 74
69 211 50
176 98 68
67 96 97
167 147 16
201 151 85
19 244 6
24 148 90
176 136 23
197 240 58
106 17 91
97 158 16
116 162 73
37 80 87
153 18 1
68 2 11
10 41 61
24 129 76
155 2 45
78 122 80
171 196 27
158 4 87
34 181 25
113 191 80
16 163 57
218 63 34
44 5 63
21 106 80
81 101 65
239 169 47
46 128 84
142 19 90
191 215 79
103 231 97
181 34 57
12 207 78
149 114 48
159 29 39
213 18 47
214 93 23
149 45 34
134 191 39
170 159 58
102 79 65
150 177 88
38 91 75
223 50 78
207 175 71
15 241 89
236 147 21
77 66 12
128 41 5
217 131 33
89 67 20
99 136 35
36 150 65
47 157 99
120 234 34
116 206 98
248 161 89
119 209 45
222 220 91
249 67 46
144 206 30
230 83 4
48 199 68
84 204 15
143 193 35
24 0 14
116 172 99
180 60 4
194 112 47
9 66 0
152 229 50
134 137 8
95 18 27
130 39 90
65 100 51
178 54 0
174 161 19
131 171 3
95 121 36
144 99 25
188 97 74
98 204 56
231 68 98
36 17 86
227 208 49
185 223 65
233 127 75
16 170 15
4 146 67
85 206 50
179 160 8
203 175 31
127 71 81
154 8 91
159 8 26
135 41 23
95 216 67
174 194 60
178 122 4
64 128 33
214 120 99
138 204 99
159 180 40
151 173 35
130 121 60
29 8 100
116 0 46
68 178 88
188 52 57
226 122 66
230 4 11
68 229 5
163 64 76
16 95 40
233 58 20
110 167 82
135 20 43
33 85 99
193 158 74
28 104 16
239 89 8
35 78 99
38 187 35
207 197 45
141 202 51
124 195 35
173 137 70
139 216 99
219 173 39
4 63 39
191 133 77
126 249 62
96 74 46
198 243 76
222 35 21
141 10 40
88 202 77
77 5 13
100 2 25
24 36 7
6 79 47
37 85 25
121 54 93
82 227 43
23 48 83
230 178 46
176 244 85
236 100 71
201 140 14
104 207 76
226 143 65
163 45 2
164 153 49
152 217 10
153 31 8
2 216 66
94 56 34
81 31 98
132 179 28
72 182 36
202 156 38
189 89 92
56 36 75
149 27 57
125 79 47
185 132 70
176 174 30
7 8 93
113 61 59
118 45 24
92 215 56
195 175 55
12 199 35
185 102 62
57 54 71
215 88 41
146 56 45
155 47 94
77 136 83
155 216 54
102 99 69
182 145 87
203 227 27
128 154 89
90 6 90
187 208 95
102 163 73
65 114 95
135 86 33
100 149 11
87 219 7
148 213 38
2 234 21
121 124 15
179 66 41
164 17 1
178 31 36
186 19 36
93 195 65
63 69 58
184 70 15
41 73 29
22 89 13
242 66 19
221 187 63
43 58 13
154 80 6
17 140 21
174 197 87
48 141 100
158 125 38
22 110 97
101 195 76
54 183 56
32 124 96
135 5 27
172 166 16
15 90 37
32 48 9
17 139 53
86 25 22
86 62 43
96 161 80
205 158 57
15 49 38
179 149 34
206 236 4
235 79 65
113 79 2
179 147 0
48 143 63
100 66 21
205 105 5
28 76 98
175 227 13
164 198 93
140 214 13
237 60 8
20 152 18
225 226 90
191 54 74
60 11 38
214 199 85
66 177 15
173 44 98
106 86 29
104 132 48
19 216 19
139 173 40
22 216 93
121 64 38
54 53 61
50 82 36
205 109 41
196 115 100
112 136 16
75 147 46
17 103 17
210 76 44
1 122 83
167 102 59
56 135 80
118 162 41
246 101 38
192 74 94
191 126 88
62 144 10
109 52 10
22 153 39
105 5 57
232 60 81
225 120 98
109 154 45
219 218 73
39 209 44
97 45 88
50 107 11
182 227 71
139 218 94
133 58 44
226 24 10
172 10 26
207 178 13
179 36 59
135 249 39
130 175 87
70 165 27
9 14 0
221 103 55
147 198 41
54 133 44
167 183 14
105 168 50
206 41 26
176 179 44
15 199 77
76 212 11
186 11 66
227 121 86
159 100 27
222 148 28
96 33 96
248 24 76
141 116 86
102 192 55
99 202 64
86 39 99
112 231 6
38 212 18
111 7 100
44 125 81
208 232 57
219 176 33
202 142 42
231 101 97
129 206 5
169 116 14
79 193 85
222 188 74
202 122 84
107 211 49
148 54 68
234 174 86
215 174 19
114 16 88
95 53 20
229 232 81
227 104 27
99 11 62
91 201 54
7 62 20
234 249 90
133 82 90
186 205 7
59 186 83
46 192 71
5 120 12
59 116 77
103 60 58
120 64 28
219 247 47
18 145 42
67 77 63
227 173 9
154 116 18
38 183 24
225 174 32
140 3 37
172 100 68
39 78 82
109 242 41
157 219 64
58 119 57
161 61 14
168 104 98
58 96 46
220 96 100
157 2 52
15 158 24
226 23 66
239 51 62
78 102 17
211 180 70
140 126 75
45 21 6
101 112 9
68 122 3
172 187 77
143 4 6
218 91 81
226 145 67
237 119 32
101 86 17
163 160 78
200 54 51
248 21 96
0 159 52
105 68 82
57 58 74
215 162 5
237 189 95
208 68 54
232 108 74
171 34 63
50 89 76
247 15 85
12 141 40
8 69 49
218 162 63
46 202 99
103 249 31
43 135 5
19 101 36
56 194 25
11 73 78
72 123 32
100 249 21
189 109 91
213 220 27
237 118 14
226 137 16
145 161 50
36 231 13
223 175 3
223 148 73
21 190 80
128 156 69
36 102 32
36 198 31
133 180 98
234 145 61
150 37 33
172 193 87
89 58 11
74 157 22
138 93 9
142 174 66
2 133 82
55 139 29
65 196 2
169 227 69
5 136 40
104 73 27
17 22 58
181 139 65
142 108 47
118 206 9
5 246 88
180 225 75
227 245 89
25 220 40
58 229 71
205 96 66
174 15 29
189 79 29
74 37 72
202 38 10
177 210 54
73 248 24
103 223 64
39 34 3
99 59 90
204 40 56
191 155 34
229 147 77
210 233 15
138 218 69
237 171 45
236 115 54
42 83 91
158 175 83
127 155 35
33 27 33
187 45 0
132 88 88
21 44 77
31 186 55
134 171 85
104 54 9
191 20 6
197 119 20
164 183 82
172 22 88
43 39 80
49 165 35
164 38 40
27 107 9
197 77 7
177 41 24
40 181 3
25 49 24
195 214 41
238 189 38
21 231 7
230 87 79
146 55 30
3 204 46
45 115 43
98 184 83
77 128 69
34 84 0
197 173 32
188 89 14
215 219 18
112 156 64
118 237 54
138 124 26
136 124 53
236 196 21
168 195 80
97 49 86
83 133 8
157 193 97
197 193 91
107 80 27
84 77 64
191 87 71
36 48 44
183 196 97
3 33 91
191 129 71
206 203 39
155 136 100
139 79 1
150 208 32
193 167 26
47 44 48
141 20 35
73 218 23
143 214 70
77 231 99
24 122 66
63 36 83
184 151 43
32 54 91
231 229 85
68 212 10
167 92 11
52 36 58
3 231 86
61 5 44
7 166 31
139 12 49
149 69 71
191 125 49
237 193 95
176 152 56
209 146 83
237 101 19
113 138 92
188 137 51
148 139 87
57 64 36
7 201 94
38 18 5
10 54 50
59 0 61
124 74 64
129 31 76
107 121 54
193 61 89
62 156 87
80 14 23
143 207 99
155 66 52
77 93 85
103 122 65
119 138 3
199 218 52
95 238 25
234 6 37
199 31 30
36 100 1
106 63 49
72 116 17
122 170 53
4 141 56
231 178 0
38 170 100
73 34 69
6 237 9
222 15 98
185 55 1
161 196 92
232 218 15
170 198 13
19 206 72
84 175 17
241 2 8
136 82 28
194 157 29
31 167 7
210 1 68
28 124 30
194 221 29
87 25 84
44 140 59
69 155 78
212 75 96
136 206 85
181 149 51
164 192 45
161 238 48
238 17 7
43 30 18
27 65 47
112 219 53
150 145 69
167 157 54
60 135 7
89 119 36
124 172 61
76 164 57
161 112 83
199 159 37
193 15 96
55 50 32
243 197 23
187 160 34
201 120 1
186 209 11
53 225 45
142 209 9
14 236 77
42 89 95
168 222 41
151 35 71
228 188 46
218 39 74
98 8 32
193 0 17
157 23 10
134 221 28
61 208 72
49 28 95
240 238 67
213 223 31
100 23 80
98 69 61
228 98 71
176 219 6
81 21 21
120 206 49
213 141 45
177 246 25
198 143 30
7 182 27
87 125 30
167 152 28
175 210 27
20 143 15
192 148 83
178 203 40
248 49 21
214 201 41
145 141 95
25 178 76
248 231 87
29 113 74
176 58 66
204 175 89
72 87 26
138 180 43
61 1 69
27 79 15
69 22 14
72 246 98
139 211 21
218 7 23
194 223 32
216 236 98
187 139 98
50 105 6
133 56 39
56 183 82
121 68 94
41 19 89
200 106 57
115 134 84
249 46 11
70 3 70
153 190 58
46 28 34
41 249 80
96 243 62
7 191 46
143 125 16
109 198 46
27 243 23
29 51 37
50 189 84
153 38 11
46 80 52
83 155 36
239 227 39
240 195 91
131 173 42
217 207 54
176 79 12
27 116 57
92 213 54
217 116 24
5 214 1
118 75 16
243 63 28
99 40 60
192 118 51
109 192 56
201 15 12
94 167 13
62 11 19
239 202 18
134 76 59
61 121 79
133 213 80
136 134 15
242 93 77
58 82 20
138 131 76
111 130 100
236 133 55
195 239 53
83 31 100
113 240 75
104 78 83
61 9 47
167 12 88
216 86 83
98 16 38
91 221 41
104 100 31
202 201 60
22 34 65
152 86 82
37 193 66
44 103 7
109 77 74
123 118 50
215 113 43
91 99 44
210 24 47
48 241 68
207 16 85
56 171 68
8 178 6
99 100 81
227 191 6
245 149 90
228 83 18
189 77 83
208 65 79
230 189 8
237 198 98
60 55 44
111 45 82
6 248 24
124 231 14
68 110 98
56 21 70
185 192 83
214 108 87
112 16 40
18 149 37
226 80 62
201 194 61
211 97 54
176 190 34
154 134 35
109 160 50
134 173 67
157 53 90
97 117 2
38 28 28
234 185 61
68 179 97
87 211 1
58 195 29
233 56 24
120 3 32
130 122 50
50 180 48
96 64 85
50 23 23
157 161 84
22 67 57
1 44 17
64 182 63
0 36 2
235 126 34
190 214 7
118 104 35
194 136 51
119 71 99
28 176 53
12 58 19
26 190 23
14 204 31
244 22 37
67 29 65
195 136 40
77 46 74
59 220 0
226 203 83
215 231 86
12 187 37
223 218 60
24 132 25
0 107 43
204 8 12
1 207 90
209 247 24
24 153 24
175 135 85
73 11 44
8 56 41
124 39 58
236 103 11
163 184 53
157 33 100
14 95 4
21 76 9
100 145 62
211 113 38
126 127 1
42 140 70
70 214 95
240 150 74
45 245 5
86 36 76
75 211 69
203 205 72
24 202 90
207 138 50
62 83 26
152 72 10
192 24 48
60 194 96
58 40 28
161 142 80
165 172 69
3 163 41
2 95 55
206 239 66
88 109 83
145 42 38
93 81 87
203 101 1
162 0 12
122 32 38
237 207 60
234 219 43
33 120 47
235 60 41
107 63 23
114 148 51
35 129 21
126 137 32
85 21 15
184 75 95
42 181 23
136 197 98
242 99 10
86 132 28
160 146 44
63 54 36
223 136 14
225 249 16
145 201 73
178 131 14
196 100 33
71 193 56
130 210 29
79 5 35
116 20 75
235 148 43
108 168 65
42 145 27
187 233 48
165 184 52
184 2 24
162 164 19
4 120 70
130 45 49
75 6 49
24 157 68
194 190 77
207 211 98
64 249 76
113 40 10
144 215 27
161 52 34
76 104 12
181 171 86
184 163 60
42 6 61
230 48 64
170 1 74
19 123 44
191 241 11
236 74 94
188 170 97
119 156 81
164 135 30
214 223 21
193 187 47
124 32 88
207 192 10
64 72 33
82 160 100
109 50 97
249 245 97
32 210 32
119 4 22
212 186 53
222 174 12
26 195 77
155 188 48
143 110 90
181 105 87
185 225 33
123 108 56
65 202 71
195 225 32
244 121 32
130 161 50
61 152 34
222 83 95
71 114 84
44 161 16
101 139 4
80 35 22
243 100 5
200 47 97
98 146 48
55 51 26
97 197 6
202 173 8
216 113 97
126 104 14
241 230 18
56 220 69
122 115 14
56 41 30
133 26 99
10 241 13
83 105 17
33 217 75
28 233 86
34 105 34
3 72 63
54 110 78
31 139 74
67 49 32
195 73 47
78 88 30
124 221 94
207 210 7
192 163 36
183 81 81
147 35 38
17 159 78
237 140 6
189 247 3
164 225 26
107 15 35
71 92 31
173 66 59
101 24 94
40 34 59
35 62 31
112 174 8
197 233 67
126 225 96
240 82 48
36 169 91
203 165 75
38 84 20
160 45 19
92 63 29
207 38 100
129 11 51
239 65 40
188 102 14
67 172 36
9 110 0
227 62 4
66 87 61
153 107 98
59 79 49
81 76 77
12 121 21
47 214 4
233 82 43
171 110 21
199 172 63
185 181 72
132 174 61
52 196 20
231 217 68
128 138 8
114 193 6
79 126 32
10 29 38
166 74 84
162 4 94
10 198 6
3 207 64
196 172 27
101 87 24
26 174 56
190 32 44
160 141 94
121 103 100
128 223 13
74 20 36
105 102 1
119 84 0
192 184 94
31 8 38
44 144 12
205 16 97
212 227 24
207 85 22
134 231 98
223 245 15
212 207 100
198 18 95
62 8 25
235 108 22
103 153 43
207 6 71
149 85 15
53 142 85
125 186 40
48 150 73
0 163 21
223 178 22
106 193 92
183 232 93
84 182 15
114 17 49
195 221 66
116 207 61
70 233 80
124 12 79
96 181 52
147 180 30
30 38 36
65 55 38
246 198 55
154 70 6
173 223 22
136 96 79
104 144 75
65 248 0
17 189 14
123 213 35
21 238 40
235 112 28
227 201 28
34 177 45
228 37 46
217 3 81
73 150 94
177 53 6
160 47 5
39 148 39
167 11 2
159 123 31
199 65 80
52 244 26
204 200 3
202 45 52
126 35 93
83 7 20
63 179 64
84 148 62
151 118 25
124 203 2
212 35 26
120 16 15
134 6 15
83 4 12
174 43 12
199 140 21
246 247 95
201 117 12
229 223 43
116 85 21
235 38 95
136 16 68
236 217 42
98 111 86
197 79 45
76 183 34
151 154 11
38 130 75
98 247 47
77 101 58
246 164 68
236 24 32
104 88 38
29 180 45
75 8 52
149 200 48
139 129 91
93 98 82
0 205 18
74 50 57
244 236 7
18 69 64
244 134 4
207 183 49
33 249 8
67 15 18
168 159 46
60 110 21
225 84 26
7 193 30
90 83 67
212 200 83
30 196 0
7 33 100
173 84 77
47 86 94
223 231 27
155 6 21
123 64 57
214 222 51
4 124 90
136 140 21
15 238 42
184 208 98
226 110 79
178 249 32
147 18 16
110 153 26
204 45 57
206 190 67
178 215 3
152 134 38
198 124 72
178 68 91
161 188 51
155 161 62
6 62 85
52 241 27
52 188 55
108 53 92
6 115 82
176 49 39
147 17 69
202 52 90
69 177 91
245 201 48
157 215 18
237 152 75
237 200 73
151 103 17
97 150 22
223 106 98
220 43 57
209 37 75
242 21 53
27 240 2
144 74 36
76 149 28
104 81 20
151 126 20
173 39 83
16 131 42
185 73 80
3 38 30
220 81 86
203 38 100
115 193 67
246 219 31
126 65 69
164 140 79
125 88 96
83 160 27
124 137 89
206 157 13
82 4 60
175 155 88
37 11 49
173 51 62
15 19 83
2 160 65
41 138 31
139 97 52
102 226 53
43 49 76
140 115 6
235 39 83
51 95 55
77 214 88
171 184 5
152 184 63
12 161 72
67 150 18
148 71 80
1 191 18
20 219 83
100 203 37
19 44 51
215 185 2
202 68 76
237 59 14
118 121 56
159 225 11
229 127 44
133 172 71
156 148 61
44 59 55
244 184 22
184 186 12
81 243 72
153 33 56
126 143 3
92 160 74
193 80 16
97 89 89
218 26 4
215 38 80
171 29 94
231 9 46
114 154 65
85 195 39
97 142 57
197 60 46
214 242 93
238 74 61
210 37 11
160 150 98
136 23 72
247 156 5
119 238 26
175 232 81
152 122 31
2 176 92
30 44 0
112 188 18
63 58 50
105 119 57
12 111 49
123 68 28
5 213 31
221 183 95
234 91 14
90 179 54
23 232 36
238 190 8
79 32 86
218 235 9
233 63 52
238 185 83
19 58 92
190 40 53
138 107 89
30 244 38
218 198 44
237 223 62
170 146 9
96 205 75
242 59 19
219 192 82
110 213 52
135 132 90
82 178 77
205 144 26
63 89 53
134 232 54
14 240 80
66 94 36
173 147 20
109 14 83
16 185 76
207 122 67
78 158 74
23 156 56
212 180 17
63 173 21
193 173 64
149 74 84
125 50 89
155 3 29
244 231 32
117 143 43
52 116 48
151 4 0
121 201 99
201 202 28
173 207 36
218 42 18
245 232 59
28 211 57
234 240 26
2 31 75
28 215 35
87 149 44
15 175 96
152 238 14
156 44 83
111 214 40
15 9 0
172 122 88
189 90 80
89 120 20
70 96 76
81 204 86
91 161 56
72 170 58
11 112 74
131 50 35
176 39 38
209 123 2
158 73 4
28 86 5
169 14 46
33 219 99
96 142 8
21 2 39
140 221 82
74 33 59
17 218 96
130 48 81
7 185 95
84 96 79
107 209 98
23 118 48
125 113 23
220 4 16
158 204 2
148 214 20
163 12 50
78 32 86
161 178 100
72 32 3
249 70 33
4 22 56
199 219 64
141 54 70
135 54 92
220 28 22
18 30 41
124 11 28
185 34 89
180 123 61
47 102 89
14 70 41
123 58 35
233 44 8
140 93 29
180 28 53
243 248 18
43 24 70
70 215 73
22 72 60
76 36 83
205 73 47
121 32 35
170 164 56
122 114 55
195 170 53
37 43 44
128 225 97
49 197 42
110 33 42
61 170 10
94 178 27
235 139 70
133 108 97
216 242 82
235 12 21
84 188 66
49 178 6
164 249 76
195 40 84
205 216 79
18 214 70
45 168 28
35 150 16
142 183 30
117 75 36
149 173 81
124 247 11
23 58 16
8 175 39
228 163 51
14 109 83
218 47 67
45 148 36
130 6 39
27 166 21
58 33 69
66 147 93
29 194 21
141 55 77
82 229 65
176 147 15
18 75 16
148 90 48
216 51 4
147 84 77
14 137 6
123 36 54
76 116 38
124 249 89
7 90 74
189 138 3
156 88 42
7 155 29
192 135 59
248 186 20
182 59 29
5 17 19
95 126 82
64 95 30
41 234 64
65 132 9
5 222 40
143 185 81
133 93 47
227 44 72
185 90 50
83 116 68
50 104 66
80 151 71
74 0 13
197 41 16
128 20 0
126 30 94
191 86 43
190 165 83
240 54 65
148 211 7
67 18 30
226 113 78
159 40 74
116 97 27
162 124 44
130 83 67
71 103 21
198 76 40
41 57 100
230 24 3
68 22 46
116 248 32
112 21 51
76 68 29
183 198 13
150 188 86
237 83 14
60 183 43
219 160 56
99 45 80
172 99 25
14 49 59
164 99 48
215 230 69
100 193 52
249 68 19
40 71 63
170 46 18
101 69 58
180 124 78
27 220 96
21 36 63
55 172 60
122 97 0
192 227 44
199 3 43
119 222 81
127 113 62
38 126 22
174 21 72
107 93 62
15 87 97
5 80 79
0 122 25
189 223 72
95 171 72
129 208 51
145 200 11
11 103 12
72 23 66
16 6 14
124 10 73
221 38 87
41 60 64
87 82 17
217 132 4
75 12 37
57 209 89
83 52 41
142 78 40
139 147 97
46 140 39
128 6 61
84 218 53
71 141 76
123 132 100
94 46 13
157 239 51
73 83 93
33 99 72
97 106 45
219 245 4
187 221 46
134 228 75
231 185 54
79 28 90
1 7 13
211 110 60
99 70 5
49 133 39
55 49 22
215 34 32
19 49 59
229 103 72
154 32 46
140 154 93
101 56 28
235 165 76
180 218 22
220 87 64
245 124 47
119 140 81
130 155 2
23 189 19
136 56 28
39 202 73
158 48 19
160 46 39
28 137 17
85 18 16
243 64 100
35 50 24
209 186 28
58 81 72
99 54 66
195 59 21
178 25 61
84 241 45
218 140 28
52 216 40
33 10 60
244 7 64
83 100 52
29 124 28
165 228 25
78 92 44
222 131 20
27 19 92
16 133 62
243 56 44
90 228 7
222 196 51
80 136 72
77 127 1
51 147 52
184 23 31
67 244 48
199 227 75
95 110 4
201 79 75
150 78 26
231 87 91
1 168 55
118 89 98
172 176 96
207 167 39
34 189 37
40 178 16
199 15 28
109 110 70
189 104 49
46 156 26
53 164 58
81 44 22
8 205 84
15 2 51
186 178 19
162 127 6
69 157 25
64 212 21
85 185 14
138 153 56
31 33 16
83 12 30
90 175 38
216 94 75
222 116 100
230 102 22
2 139 26
51 2 34
223 241 40
25 130 25
196 18 9
89 186 53
99 168 82
159 67 91
41 65 12
128 228 71
65 160 18
2 142 24
84 32 91
190 100 91
151 206 56
74 225 31
144 90 45
93 68 3
2 72 55
177 112 95
236 210 63
231 192 26
66 140 100
17 54 94
190 76 0
3 161 61
34 211 57
130 165 46
194 3 48
34 25 30
186 157 55
166 92 35
243 82 96
11 190 47
231 215 52
32 132 70
187 182 16
1 87 66
210 142 9
204 158 40
52 205 15
40 163 55
52 212 2
93 20 28
241 66 84
87 141 11
48 124 51
16 71 95
94 243 20
125 173 96
27 53 53
213 106 82
92 147 46
189 174 33
236 43 39
158 227 41
190 94 79
40 125 64
111 113 74
153 203 42
68 191 17
148 79 53
35 44 88
16 27 21
24 126 41
68 71 82
117 136 30
99 120 68
36 98 26
74 245 72
42 66 27
69 44 4
173 209 81
143 95 53
122 151 65
32 243 93
22 190 1
208 134 60
75 44 96
155 84 85
161 124 44
63 243 88
35 188 1
32 245 7
241 93 41
11 139 32
126 51 22
71 3 11
212 141 24
56 222 3
29 88 30
116 102 24
90 169 20
180 230 77
220 9 54
158 121 30
159 174 100
203 210 24
184 183 51
88 6 99
10 166 63
207 200 3
68 87 87
113 236 44
9 185 48
152 196 36
122 218 35
17 21 80
14 74 7
148 59 39
119 216 97
45 239 49
127 217 81
169 218 81
33 84 59
1 46 49
132 19 67
160 9 27
36 50 46
0 174 86
64 42 88
195 131 56
54 161 2
223 173 2
245 202 54
146 57 40
217 63 46
211 228 20
213 119 97
94 64 57
231 60 48
231 156 60
123 62 95
12 54 73
79 76 71
93 28 80
14 231 42
210 240 15
110 83 45
232 82 47
193 81 51
148 110 10
25 246 21
177 147 25
237 206 65
8 14 17
185 105 94
37 40 4
77 206 9
123 155 34
153 150 32
100 92 15
130 190 42
82 213 32
86 88 46
80 154 6
1 10 55
219 186 59
65 11 87
248 178 69
51 122 29
66 209 93
216 178 17
113 54 96
74 107 61
149 201 58
31 249 93
7 120 62
149 93 41
91 125 42
69 119 58
114 73 77
36 145 12
188 194 87
166 158 73
167 79 37
5 230 23
56 226 86
98 30 23
206 27 65
93 31 68
45 180 37
36 65 79
98 241 12
122 124 36
48 173 26
123 96 29
51 223 49
159 115 18
68 104 70
208 71 69
181 77 96
100 123 91
74 35 73
209 206 6
36 223 35
175 42 59
126 159 74
28 145 96
238 122 28
215 116 59
242 248 42
58 191 59
62 212 78
144 168 99
197 38 13
18 11 56
36 94 51
197 215 66
208 133 16
143 32 53
214 181 37
142 181 86
207 203 43
198 236 45
16 184 42
19 148 19
191 172 41
68 79 86
247 153 71
182 229 36
158 40 48
163 177 26
189 240 9
137 246 69
222 198 50
170 237 40
231 99 4
190 174 34
211 67 73
178 173 97
218 15 55
45 204 21
168 107 18
109 42 1
60 162 45
228 151 47
142 59 63
179 153 27
132 74 72
10 56 95
199 61 79
54 122 53
2 179 34
88 99 60
163 19 14
119 190 3
174 64 69
0 169 68
186 145 85
124 211 96
11 16 65
237 108 11
44 181 71
118 116 68
8 90 71
118 110 40
213 134 27
136 182 52
222 195 52
3 102 64
177 68 35
10 85 91
90 45 91
207 74 41
219 50 41
36 130 77
30 247 66
15 144 41
205 236 4
128 129 62
188 31 18
8 225 58
85 182 19
237 191 72
70 155 47
168 108 60
123 76 81
119 91 24
232 59 4
75 0 74
241 242 95
244 6 40
138 215 82
139 199 67
20 132 87
148 8 39
54 195 98
7 47 68
21 248 31
85 163 62
97 216 97
24 80 97
82 27 1
207 237 19
179 231 52
98 12 4
199 209 57
157 197 5
136 98 81
165 111 8
122 187 30
123 27 37
56 217 17
104 147 45
223 88 17
102 235 60
197 66 59
86 147 58
103 49 34
150 67 24
120 63 46
59 137 61
44 65 67
129 152 51
59 156 22
64 161 57
10 139 74
110 46 92
39 200 44
117 202 89
210 112 73
82 118 69
18 187 5
66 151 49
193 227 56
26 38 57
194 47 65
95 229 17
55 136 30
78 201 23
6 102 73
115 166 34
22 25 18
80 184 12
73 23 21
150 219 32
243 225 48
40 9 22
117 118 23
174 210 20
87 109 57
191 238 34
68 4 73
185 100 49
16 182 93
233 174 91
51 159 10
138 8 0
228 236 5
214 192 95
217 209 16
184 77 4
63 202 74
207 154 99
9 138 14
229 68 66
95 56 97
115 227 13
196 221 8
7 227 0
169 239 51
92 27 45
29 93 69
166 170 87
88 97 30
88 183 46
157 25 71
52 109 4
128 200 28
82 231 7
227 126 59
187 206 27
54 221 39
217 229 63
21 183 37
153 79 89
29 166 24
247 95 5
20 65 23
140 94 41
42 0 10
245 215 43
91 112 72
210 197 81
229 23 35
116 182 0
24 197 77
170 190 46
154 41 36
198 32 10
54 166 47
74 93 71
19 213 32
214 65 89
117 108 4
85 84 54
126 236 2
183 92 78
246 132 93
174 153 26
66 18 20
9 135 1
90 222 26
239 1 73
202 192 48
124 64 97
23 180 34
245 139 65
130 11 71
47 0 16
249 57 45
245 37 74
101 178 58
105 229 13
188 24 50
55 145 37
236 235 92
52 221 21
132 42 41
113 94 71
222 242 82
225 181 52
115 152 78
22 209 4
53 129 27
151 49 40
63 180 45
180 31 98
190 18 12
100 138 78
62 73 59
169 58 44
238 24 28
72 140 25
207 165 71
219 0 13
227 199 41
59 101 51
131 177 43
66 117 79
166 43 86
52 157 62
67 42 7
65 210 20
128 46 10
167 146 22
174 72 59
169 176 34
7 3 57
31 129 65
131 154 12
166 87 41
204 67 43
99 50 82
16 7 55
49 242 63
203 110 85
66 174 99
11 218 0
221 147 87
172 76 65
156 14 98
86 73 28
129 123 16
178 51 42
6 147 95
153 135 54
136 233 29
244 32 94
29 237 83
182 49 62
62 24 44
246 212 45
248 63 70
58 172 61
199 94 55
164 53 46
242 215 60
176 233 41
44 77 98
129 116 23
63 212 42
130 150 50
173 55 49
240 117 98
40 226 18
230 146 70
183 112 85
74 92 67
227 152 38
200 185 45
189 149 64
167 41 4
197 249 6
56 53 66
128 86 96
28 102 74
9 97 2
122 201 40
248 202 77
241 240 0
125 236 21
215 140 37
149 213 15
186 44 17
76 60 56
167 51 86
226 221 32
211 3 100
205 153 39
178 169 73
36 30 93
231 211 65
190 104 40
160 42 25
108 90 54
82 172 54
240 112 86
229 17 7
157 98 6
3 1 15
29 57 0
154 237 10
219 66 63
102 234 98
206 3 65
25 249 78
58 174 45
123 238 82
23 9 82
198 10 12
169 72 18
49 90 21
205 194 1
183 141 46
80 144 78
93 30 61
97 33 74
59 233 54
106 9 19
205 75 31
36 32 23
54 208 17
18 82 50
249 173 88
200 201 18
241 147 57
144 188 92
49 143 100
163 82 29
20 220 89
112 190 67
3 208 27
241 182 4
195 29 48
228 234 17
120 114 92
109 172 23
93 226 63
62 23 92
242 246 2
66 74 4
228 199 82
65 238 71
120 43 10
118 165 97
45 121 90
105 191 67
24 15 71
234 207 94
195 30 44
228 44 1
65 220 27
132 16 3
162 237 45
168 193 58
47 98 74
235 204 29
65 62 87
101 145 89
181 93 99
62 147 29
71 117 70
160 155 18
35 1 80
125 92 4
229 119 63
37 120 35
228 115 100
172 223 8
237 10 65
147 184 33
15 225 4
5 186 94
142 150 1
98 218 16
206 28 33
112 25 27
165 190 49
41 194 54
155 240 68
179 106 1
159 98 52
131 211 3
1 192 31
40 232 74
173 240 85
123 101 18
80 223 29
82 123 66
230 243 22
82 15 54
230 151 77
38 1 5
131 151 89
144 17 86
107 178 11
57 92 16
220 29 35
179 29 23
156 36 61
178 206 33
231 126 0
4 71 34
49 172 82
11 232 36
31 202 69
248 170 56
180 216 60
215 155 82
39 61 42
211 85 11
51 189 80
133 46 30
191 230 17
189 58 62
221 100 89
55 156 93
216 222 84
232 158 15
61 74 89
67 54 35
82 161 94
108 70 25
226 198 56
134 72 87
99 98 41
75 180 45
193 162 39
173 203 78
30 178 50
127 218 61
123 57 17
4 248 56
196 101 59
232 72 76
216 143 10
206 75 10
203 53 18
106 77 98
178 7 77
171 74 5
207 188 58
175 46 65
3 209 84
131 145 100
170 108 20
145 59 44
94 193 52
159 201 20
160 194 25
73 126 30
56 136 68
0 221 47
215 144 97
110 240 64
125 90 81
198 194 12
171 182 98
59 198 32
164 86 50
137 54 79
44 141 11
208 25 86
180 233 54
1 190 77
155 189 48
113 29 39
106 182 14
78 204 87
32 17 81
135 22 85
77 150 17
229 85 1
150 29 19
247 172 26
160 214 73
79 128 62
63 242 14
144 91 46
40 89 84
237 41 23
90 244 65
43 231 12
241 127 55
148 154 88
229 0 92
243 47 25
98 88 17
43 99 100
8 60 46
7 206 5
119 83 62
117 211 72
216 221 66
133 117 40
171 245 12
183 147 81
167 105 53
127 67 52
144 181 48
191 148 1
240 123 88
156 221 24
59 204 100
205 177 6
150 154 43
205 244 46
120 20 55
97 36 86
221 162 19
51 107 50
206 16 22
109 23 97
243 24 19
7 174 69
166 88 16
141 75 5
215 11 60
231 26 24
91 131 23
128 201 31
163 115 32
46 193 83
93 236 7
4 70 36
204 225 29
148 197 16
95 7 64
50 146 13
178 36 85
129 67 49
196 158 90
28 225 82
140 164 34
164 207 82
249 181 56
170 5 79
155 184 66
133 100 93
73 204 34
77 76 52
204 117 85
112 181 42
110 80 87
63 244 31
158 233 56
12 242 7
9 75 22
64 12 76
108 131 11
114 206 42
185 153 99
106 51 69
131 169 76
156 166 83
127 137 74
151 44 58
86 139 55
188 211 75
76 180 47
153 147 71
25 212 34
88 57 76
187 173 70
39 207 25
87 89 54
124 213 56
220 158 63
68 169 12
218 61 16
187 229 30
58 204 71
108 197 62
45 2 86
42 136 16
173 231 88
142 161 33
139 104 67
178 226 79
110 161 23
124 181 3
64 90 27
90 182 58
187 83 53
93 23 89
69 101 68
126 229 16
47 147 88
205 232 80
159 82 67
74 235 57
163 236 100
204 147 96
160 227 20
29 70 40
89 98 3
156 106 55
219 166 80
211 49 10
123 114 96
92 151 14
87 222 26
71 12 73
22 66 65
87 111 66
11 38 40
94 191 93
21 127 97
4 37 19
97 48 94
148 200 18
245 204 84
78 103 13
228 243 38
138 137 30
185 29 39
122 181 19
189 2 5
199 6 25
62 86 61
92 207 30
102 184 6
212 119 54
192 60 5
127 81 89
6 128 90
70 242 49
78 98 96
128 239 95
57 59 97
22 228 95
194 166 24
175 54 93
127 69 2
78 47 16
92 78 14
94 235 11
200 137 22
23 130 51
180 168 27
41 23 83
90 108 0
169 16 20
25 126 91
57 136 14
53 249 36
114 126 22
103 84 70
35 148 6
159 168 52
124 173 34
185 155 96
237 208 68
168 15 34
189 147 96
97 228 91
176 170 28
14 123 5
53 21 18
20 36 86
126 9 4
249 171 21
126 187 87
237 155 67
41 190 24
118 136 78
115 7 1
27 171 14
202 167 54
221 170 31
133 91 79
105 122 44
175 203 47
178 88 4
5 112 88
92 90 36
30 49 37
212 3 52
26 138 60
234 111 57
230 5 16
130 212 90
232 167 92
217 8 33
218 247 61
156 96 45
222 179 66
205 126 15
69 99 90
118 179 19
199 100 58
68 10 37
132 63 45
26 183 22
230 89 39
219 246 45
221 223 94
9 8 8
26 74 75
122 72 70
44 99 19
42 170 19
221 92 99
211 62 26
0 12 25
185 15 44
176 198 10
37 243 55
29 163 35
15 112 13
96 84 20
51 97 46
202 120 4
119 122 34
249 47 14
114 140 33
97 143 52
215 97 45
248 241 75
75 98 58
155 92 64
212 165 50
116 152 64
12 37 100
232 54 82
24 173 15
144 43 65
6 142 29
145 43 46
112 214 41
188 21 30
186 220 33
27 2 27
8 160 82
175 91 65
196 67 65
66 11 91
174 101 69
3 191 53
236 116 64
103 2 66
121 91 70
241 43 6
204 60 46
3 23 86
126 22 45
52 235 57
53 159 93
41 217 75
116 185 91
60 238 92
8 67 99
159 138 72
76 23 98
186 48 51
82 218 80
146 36 12
4 110 6
218 98 3
177 27 27
241 204 10
186 2 21
183 102 85
242 179 93
109 195 99
43 141 62
157 112 22
44 121 16
187 106 28
145 7 11
137 44 52
164 204 56
237 209 97
125 61 46
71 186 34
230 84 65
82 47 5
122 16 29
173 7 86
3 175 96
243 145 64
122 121 41
44 52 94
161 139 66
39 219 29
50 49 100
129 230 2
75 208 24
157 156 86
35 230 77
246 43 81
147 243 70
138 17 53
231 194 61
168 30 32
20 142 67
177 26 49
183 185 56
196 225 8
79 87 91
22 145 68
226 116 14
109 73 29
113 50 7
18 22 71
131 205 45
128 132 3
34 97 9
101 124 59
198 222 56
110 207 89
242 193 19
142 87 0
94 205 18
178 75 5
130 200 1
230 2 13
54 128 25
55 12 7
136 191 64
181 79 20
47 245 63
200 160 77
240 51 31
223 150 19
45 138 91
137 235 5
197 86 14
161 173 34
56 228 17
130 105 5
220 18 28
81 240 4
232 249 75
161 164 28
232 84 23
131 118 27
204 177 84
197 19 96
63 78 98
24 67 26
0 194 65
59 39 100
15 18 81
49 55 45
80 3 75
210 193 95
59 81 33
227 147 31
60 174 47
246 188 78
171 248 25
204 133 10
109 185 96
174 190 33
242 156 91
192 71 65
140 157 23
209 86 91
57 145 88
163 26 60
76 249 98
95 233 78
201 134 97
126 1 91
65 127 42
230 203 43
154 5 49
118 239 85
12 192 92
221 237 1
39 85 43
188 5 70
124 138 83
21 70 7
65 72 14
175 194 16
204 22 79
220 143 35
41 1 75
214 119 78
220 37 14
2 56 44
33 210 5
236 135 49
71 152 53
217 27 15
86 211 83
44 87 21
71 26 87
2 212 9
129 89 9
86 194 56
30 187 91
75 174 98
27 131 23
75 3 19
212 31 85
192 138 61
183 238 18
102 51 79
2 161 48
179 73 19
41 43 62
87 104 57
100 153 96
141 194 92
7 135 46
66 14 87
129 161 82
98 104 24
5 70 55
108 196 29
210 170 80
48 6 44
24 81 77
25 191 63
227 57 67
27 195 92
46 96 27
242 231 10
137 179 73
154 64 1
180 209 71
22 23 53
75 63 64
17 240 13
30 116 33
197 99 45
40 231 8
136 141 9
80 189 33
106 4 79
32 134 88
123 74 96
214 178 69
181 108 71
247 7 98
177 163 19
22 5 27
199 151 35
194 120 21
235 136 78
5 208 13
124 196 30
207 179 59
194 119 78
159 125 84
180 190 13
214 153 63
119 154 2
2 136 75
174 132 80
156 212 58
211 179 36
138 41 14
1 116 33
49 78 69
26 180 10
204 83 97
148 245 0
110 219 100
107 89 31
60 139 18
148 4 40
88 152 57
114 212 21
31 183 100
12 124 63
118 25 51
83 77 34
10 183 10
234 110 48
1 235 83
10 61 92
158 200 13
192 105 78
186 58 26
243 37 12
245 47 42
21 24 95
177 123 59
66 1 65
218 220 56
79 117 25
217 50 57
238 187 87
118 48 95
56 49 74
236 18 18
30 173 41
138 154 16
62 226 81
229 210 90
74 76 73
136 204 3
178 195 2
94 39 61
193 57 23
60 52 82
191 246 53
123 63 96
41 176 46
83 200 14
209 218 30
170 96 98
86 172 88
125 32 53
58 93 45
195 124 39
0 82 32
89 155 80
207 96 33
219 131 12
24 68 69
91 244 82
156 203 81
39 104 85
4 137 15
99 165 21
188 12 8
8 63 88
31 103 22
184 185 26
32 171 28
109 143 49
2 227 8
44 183 77
21 140 23
98 47 39
189 145 58
216 105 85
183 27 17
29 39 64
206 54 21
3 67 86
214 166 18
228 146 67
246 24 56
202 131 61
174 33 9
142 122 2
109 92 45
95 158 92
95 240 76
212 225 96
49 83 2
216 174 0
178 118 73
98 220 25
138 40 13
166 77 62
149 135 32
70 37 68
14 167 47
128 206 16
123 164 26
126 23 90
161 183 70
158 177 43
112 166 81
40 88 21
10 107 92
246 116 67
17 59 13
66 51 18
243 123 26
208 217 68
156 139 63
116 56 87
130 243 63
35 107 3
189 11 29
164 228 69
106 97 63
12 71 56
112 210 72
130 104 19
43 164 48
136 242 98
97 151 21
148 163 25
147 14 20
102 124 64
177 82 53
171 88 48
73 54 66
0 116 16
191 61 42
78 190 19
49 207 11
50 40 72
180 29 97
148 73 69
165 150 71
19 168 23
84 225 91
0 145 69
104 166 85
97 231 86
84 40 1
126 20 38
225 243 30
73 63 25
134 187 100
90 143 26
9 157 95
27 126 12
229 208 83
14 124 81
48 72 43
124 119 100
27 128 38
68 164 30
27 66 45
238 204 32
137 126 71
163 185 55
40 234 41
66 192 95
154 198 91
143 1 68
143 186 62
42 106 71
193 218 100
226 168 4
101 234 81
238 12 97
97 5 63
97 205 74
182 178 3
2 197 53
123 240 82
11 217 46
173 138 21
236 44 42
96 167 97
126 0 67
71 153 65
165 45 4
229 161 88
133 236 23
247 24 21
221 124 34
122 126 57
159 30 26
55 234 54
11 93 16
209 25 14
238 131 99
104 90 27
2 92 3
102 108 45
55 211 97
114 228 90
177 72 73
249 92 47
26 154 100
48 221 4
136 222 33
6 170 94
158 120 18
195 61 47
141 78 38
226 134 100
55 64 75
9 226 11
232 245 48
7 217 73
71 232 97
188 206 75
168 180 16
228 183 49
33 231 49
35 151 9
184 125 76
210 32 98
228 198 35
123 145 7
80 196 7
34 48 88
30 161 8
137 181 47
239 152 16
19 167 48
242 18 92
190 20 42
46 5 80
60 118 78
177 216 67
134 123 56
47 161 37
66 27 48
178 63 76
121 177 37
157 58 48
66 129 52
181 165 82
11 168 82
119 8 43
9 49 88
55 131 93
57 40 23
174 8 24
158 103 63
203 154 56
238 149 74
223 23 59
183 215 54
152 66 11
53 202 64
157 48 70
96 150 48
242 147 26
135 125 91
115 147 34
33 11 7
210 90 23
229 60 93
75 176 9
240 174 54
170 12 58
164 118 82
146 197 73
68 121 90
93 107 10
84 27 75
172 11 63
206 184 35
130 195 83
91 111 28
233 50 55
89 248 98
75 178 76
154 67 91
149 189 4
160 148 4
37 44 20
182 139 50
137 90 74
85 152 18
162 94 18
150 42 88
107 45 16
186 5 13
62 170 86
178 26 9
79 95 2
162 32 20
109 34 79
108 146 79
146 163 83
144 135 12
217 168 92
70 220 55
171 41 74
71 9 15
165 12 74
92 135 46
82 206 77
39 7 38
188 60 72
51 4 93
28 141 28
5 0 98
144 57 10
197 43 36
117 142 9
174 70 34
188 110 40
83 205 70
84 3 36
126 108 28
5 212 89
188 126 44
32 160 35
43 172 85
152 214 88
132 161 65
10 150 49
154 37 11
234 44 80
203 139 15
240 200 23
171 15 24
162 24 68
7 230 66
51 214 36
240 191 7
39 147 23
163 136 36
191 118 96
76 5 95
219 47 57
177 111 1
121 56 52
75 62 33
233 35 6
0 88 63
201 78 4
3 140 87
139 71 14
75 31 30
181 158 7
111 131 65
151 183 28
191 43 40
102 146 90
125 165 55
95 122 69
16 45 85
226 197 83
24 91 83
124 85 75
11 37 31
87 227 19
163 114 28
219 114 0
213 64 49
199 248 95
121 85 2
244 171 16
71 118 16
107 205 59
116 101 59
11 6 2
40 85 1
75 85 23
240 172 84
230 33 49
17 153 89
133 97 19
97 62 10
116 147 74
126 210 1
12 47 21
77 4 27
178 108 76
107 216 98
190 153 71
196 153 26
172 17 56
131 137 5
166 125 16
32 31 41
133 10 4
23 231 27
236 149 19
245 178 21
193 205 37
187 109 91
32 51 94
150 146 74
145 135 66
229 135 63
186 207 76
247 149 80
63 203 4
107 77 5
174 11 34
118 163 41
198 212 50
15 234 20
201 178 63
81 192 56
80 174 50
104 149 99
133 193 80
148 36 17
214 195 18
129 124 75
114 242 4
27 73 89
234 242 42
19 138 63
85 150 69
205 169 98
212 206 62
125 6 98
121 47 12
216 219 87
94 7 26
34 222 80
106 113 4
34 172 21
1 172 85
228 70 12
248 126 62
180 85 66
139 87 57
121 146 88
222 136 38
109 126 48
156 155 4
84 184 37
187 123 80
110 85 68
201 74 63
175 239 59
220 70 71
131 116 21
149 202 74
178 43 46
76 197 94
249 135 46
76 153 26
134 125 20
24 100 66
36 47 31
147 3 97
152 67 19
147 19 8
180 130 50
16 139 61
15 77 16
163 90 65
2 183 86
86 95 55
112 47 95
107 145 20
181 210 90
150 84 8
14 32 3
206 165 19
8 156 67
22 11 33
133 209 29
157 245 21
62 208 31
128 212 69
22 45 54
24 12 62
107 26 60
105 155 66
57 97 65
26 37 84
239 77 85
173 167 5
36 31 87
76 235 34
211 53 92
191 130 34
121 4 55
10 196 94
109 186 64
115 194 96
108 7 54
187 124 66
180 239 62
18 200 95
84 106 57
152 0 68
42 64 38
147 122 17
183 248 58
243 124 76
28 153 77
97 171 1
206 223 49
98 180 70
186 199 84
181 44 13
61 67 86
129 220 55
76 105 85
215 178 88
166 34 76
173 191 21
198 90 26
84 223 28
6 240 43
22 161 49
105 109 2
196 76 17
246 63 37
69 117 91
110 202 98
19 154 38
60 2 98
18 139 44
167 93 43
81 134 1
59 144 14
102 50 79
165 109 34
7 112 76
131 23 82
117 98 38
217 212 18
186 54 10
202 102 71
63 118 29
77 121 63
10 145 44
19 151 23
85 231 31
103 143 57
232 31 13
225 217 19
81 38 81
229 82 13
182 160 85
126 196 49
100 137 46
196 33 58
18 247 40
105 215 19
193 165 64
146 153 24
5 166 58
232 118 39
240 204 84
139 96 94
12 186 32
194 103 21
199 136 27
122 136 24
63 122 46
18 89 34
131 68 20
137 108 96
40 162 73
163 10 16
120 181 9
73 179 98
74 241 48
128 77 68
72 22 94
237 15 46
63 139 54
35 199 65
23 236 2
209 140 49
62 198 47
0 23 64
243 80 81
95 88 63
52 147 38
53 157 41
105 88 79
247 122 11
46 171 92
121 129 61
174 110 60
109 66 98
110 52 45
44 247 17
146 150 77
62 113 89
122 225 88
68 176 11
207 86 29
76 143 23
44 109 57
53 194 25
179 98 72
168 40 31
124 206 1
144 31 68
166 97 89
199 96 47
27 237 12
212 169 39
71 145 28
38 106 52
171 115 86
120 133 28
135 225 75
103 240 49
72 139 87
116 186 60
132 7 54
104 236 55
83 123 83
140 168 84
209 78 21
134 97 62
48 238 15
169 111 65
147 81 93
92 8 75
203 151 39
80 81 50
186 151 28
208 46 80
117 129 69
99 144 18
131 1 72
184 39 26
123 242 34
229 160 32
86 18 84
122 246 100
121 41 84
186 80 74
66 121 50
109 244 58
202 155 36
139 50 62
117 111 85
108 202 2
125 95 24
142 210 88
162 144 28
136 102 17
160 144 17
133 42 86
248 131 51
171 189 87
52 127 0
150 209 14
33 57 0
220 112 24
168 163 80
102 141 18
112 111 41
139 169 88
157 56 2
108 126 15
149 134 62
32 107 80
245 198 60
93 242 45
55 114 88
21 89 19
130 67 37
114 87 44
240 168 88
180 1 67
40 57 52
141 197 14
61 137 2
61 89 90
144 191 38
107 99 28
99 119 90
44 142 83
112 63 59
188 42 47
37 75 52
82 65 47
211 111 92
215 68 66
172 105 15
91 124 48
10 3 67
138 126 46
196 235 47
199 241 55
45 62 13
88 86 88
19 230 64
63 6 7
82 207 54
82 116 27
79 70 40
133 119 80
159 233 76
95 23 4
247 46 76
10 51 39
208 176 87
113 119 83
88 242 32
69 226 38
196 11 7
84 208 73
56 160 51
219 92 51
187 132 64
65 173 34
221 242 59
132 248 26
136 81 12
21 55 25
191 134 7
25 83 19
75 238 73
182 33 45
49 208 16
41 158 67
129 12 99
36 155 28
205 157 71
202 175 59
83 178 30
247 163 4
33 143 54
115 17 38
162 221 45
34 246 37
26 104 61
222 58 75
138 145 100
108 37 14
117 62 37
72 100 30
40 210 41
176 6 40
233 178 1
134 234 79
1 183 6
168 31 16
12 9 59
3 37 2
163 85 40
210 190 29
196 144 83
4 218 55
125 174 66
66 12 6
70 129 23
126 195 53
185 103 25
170 147 82
66 103 11
116 143 16
164 10 23
115 20 34
133 99 39
210 164 96
220 84 63
63 148 61
122 78 63
176 124 15
193 128 75
149 164 56
47 155 94
153 176 14
128 133 90
33 64 27
242 36 11
121 60 46
171 48 98
213 231 56
89 110 90
199 4 94
193 65 89
159 127 73
63 163 12
233 173 86
81 82 13
215 222 31
52 176 14
73 108 32
22 7 66
48 93 39
232 143 44
180 75 41
209 79 81
77 159 10
149 157 32
9 73 41
236 122 60
194 140 84
65 53 2
126 192 47
67 236 81
152 64 99
235 124 87
172 71 59
172 97 9
223 58 45
207 2 80
0 6 40
58 190 63
6 89 2
143 201 13
177 151 73
24 9 79
25 238 5
140 195 58
175 140 81
48 161 33
8 134 94
35 232 99
21 26 99
246 6 93
14 75 49
77 68 96
104 71 96
71 111 50
89 148 61
195 104 51
142 16 15
74 85 30
3 60 45
78 203 57
163 51 92
45 172 19
160 12 93
73 94 48
186 111 93
208 196 38
239 142 81
170 103 41
50 181 7
193 174 30
79 223 76
29 30 42
37 201 34
122 87 2
223 15 65
197 155 15
5 14 99
16 191 32
127 194 92
94 131 57
173 74 50
0 4 30
69 54 78
11 5 21
11 114 16
190 9 41
2 163 95
58 100 34
142 26 49
42 110 83
183 200 62
163 120 24
197 82 48
88 1 93
114 145 79
33 206 36
24 160 86
64 117 87
145 95 63
182 25 21
156 25 48
195 150 75
19 247 100
163 130 0
141 52 53
43 183 19
240 146 60
58 23 40
107 163 72
44 170 32
192 73 99
101 37 96
149 145 85
22 159 14
237 21 6
105 135 4
84 181 62
51 92 34
249 148 43
194 229 16
11 24 79
10 174 87
191 168 38
236 72 17
155 87 62
155 73 42
229 146 86
8 204 87
179 233 79
211 87 29
172 194 76
155 40 21
29 179 48
87 69 44
206 205 12
70 148 15
227 105 91
161 92 75
226 54 84
219 98 62
241 16 86
132 233 8
36 162 80
160 90 47
208 240 83
36 67 24
98 97 47
197 62 15
160 184 10
181 211 90
52 150 10
171 117 10
22 63 58
243 67 100
136 57 16
160 234 37
187 151 39
203 59 82
99 159 70
98 23 5
212 55 24
101 70 41
188 182 74
161 94 75
106 124 2
7 39 4
25 125 40
196 131 90
143 195 71
220 173 1
60 18 100
108 23 93
18 73 22
1 34 26
50 85 97
124 129 52
229 91 67
128 101 46
230 16 64
158 113 26
156 92 37
21 191 13
86 204 20
95 43 9
35 213 77
23 61 87
246 162 81
183 24 75
88 11 4
158 38 90
246 35 83
165 208 68
124 117 33
7 104 67
142 144 64
48 230 58
140 27 48
134 165 43
63 218 7
67 179 55
14 76 93
67 50 66
241 198 17
177 243 86
244 173 78
189 38 75
153 138 79
148 229 65
225 233 46
59 20 13
227 43 71
32 34 11
87 66 27
29 167 56
47 139 91
23 166 43
212 121 30
115 139 10
188 56 35
112 200 60
205 137 58
70 114 8
228 38 39
196 146 90
160 27 63
114 244 86
206 143 72
96 229 63
116 126 95
241 149 94
226 211 58
14 142 94
108 217 72
79 202 78
97 47 56
193 135 72
102 152 15
153 238 91
67 225 54
172 29 35
156 75 0
100 20 22
25 98 12
56 10 59
46 116 54
106 7 98
98 78 10
168 6 71
111 39 52
126 15 17
5 127 46
134 82 22
61 90 63
30 172 37
189 183 59
166 111 99
92 182 70
51 200 20
115 6 69
22 206 33
67 111 40
131 187 53
27 174 60
34 244 14
161 236 100
229 11 93
108 15 52
71 17 28
75 99 65
35 46 28
53 33 42
165 212 33
14 152 66
197 237 18
138 70 90
43 207 33
207 169 9
82 64 23
140 139 15
16 4 71
219 85 70
246 172 2
5 109 94
33 40 6
186 189 40
182 70 42
59 168 5
156 234 64
104 196 22
151 231 46
179 9 70
65 50 92
76 179 98
30 170 53
94 69 86
105 153 11
194 5 39
193 228 77
85 246 21
73 67 3
170 16 65
184 29 39
89 41 24
187 101 5
120 175 83
51 23 100
124 244 45
223 166 10
238 43 39
158 237 79
88 77 94
207 72 90
26 196 60
74 196 13
216 223 11
83 72 67
176 25 91
186 144 33
111 103 40
93 21 78
152 7 27
158 225 44
164 11 60
219 27 16
21 63 54
19 153 65
120 15 19
133 39 71
154 52 90
36 222 47
79 239 87
9 192 60
132 97 86
206 76 10
153 27 10
114 184 90
186 164 14
162 117 89
50 3 79
113 198 62
103 124 13
208 50 36
99 121 32
24 150 43
84 211 77
232 126 27
163 118 47
232 202 21
151 43 97
202 62 19
212 150 67
41 227 38
24 213 80
156 232 15
184 22 68
28 85 12
130 87 71
27 160 14
151 17 95
98 217 2
0 139 50
200 210 14
127 190 29
132 22 99
154 2 67
33 181 18
215 62 76
70 57 28
248 123 5
122 59 100
32 35 37
194 152 0
41 178 44
190 31 93
171 237 49
170 131 22
5 168 86
114 86 83
47 121 88
26 165 1
134 11 7
17 137 51
38 34 80
74 91 68
192 96 12
161 27 96
184 102 32
168 244 26
32 28 5
104 189 22
246 181 45
231 207 47
90 153 61
234 211 99
96 153 68
133 47 22
168 124 83
41 2 72
66 139 54
3 160 77
142 153 86
74 71 63
240 108 88
39 242 22
209 187 99
68 245 47
48 162 61
48 147 75
129 17 63
51 57 12
92 214 98
11 176 59
199 107 13
106 160 76
21 130 60
138 56 92
52 146 20
60 248 47
80 6 35
184 10 79
36 76 90
115 135 33
116 86 3
177 5 17
7 246 2
78 205 40
86 106 30
54 65 2
149 236 19
58 217 33
52 202 42
181 152 100
65 232 7
46 149 78
102 128 9
84 58 75
67 136 48
122 41 94
28 120 94
211 207 38
79 191 96
22 83 66
163 29 67
44 90 76
182 217 7
57 113 21
177 154 89
198 117 20
229 125 46
17 74 78
185 151 23
1 40 98
101 82 5
25 188 3
167 165 47
89 157 99
194 56 68
4 235 75
67 114 72
10 98 23
81 5 77
215 209 84
45 105 82
209 249 5
121 220 68
32 233 59
222 144 73
239 68 75
149 182 98
153 96 52
139 115 35
56 234 60
97 12 51
144 49 84
87 230 21
150 85 48
209 117 76
52 81 14
39 129 97
236 38 35
78 215 39
171 199 54
149 237 96
75 83 94
91 155 92
211 51 49
228 211 96
216 78 75
21 186 47
77 9 23
88 10 60
20 162 37
200 190 11
165 88 92
48 118 81
107 3 47
120 90 68
245 167 38
51 210 82
91 246 55
137 142 62
216 179 32
67 71 99
9 144 72
155 23 15
249 178 62
99 79 89
142 11 87
60 205 97
164 106 29
246 217 38
37 181 44
233 78 100
246 108 24
73 22 78
16 115 32
184 168 37
12 57 30
42 126 56
165 164 53
87 236 20
61 0 61
193 148 4
84 161 75
205 199 14
130 149 23
120 112 14
163 138 67
213 247 30
124 229 48
244 209 65
30 231 62
134 71 9
232 145 59
86 244 53
86 50 43
58 153 50
34 52 86
115 247 24
157 180 11
163 111 28
41 163 22
122 165 26
205 189 44
115 25 35
183 45 69
122 28 80
6 143 35
129 236 81
121 153 86
173 87 93
246 49 46
1 144 84
41 116 48
53 200 49
175 0 7
204 169 36
122 150 10
153 98 5
222 36 4
19 118 64
111 161 59
84 228 86
140 236 88
101 174 75
241 112 19
82 94 24
23 104 2
176 182 39
35 60 62
4 51 70
127 120 56
249 219 13
4 87 20
7 35 22
194 228 24
161 23 77
133 152 96
231 58 37
90 11 38
25 39 51
203 146 70
52 11 1
141 40 52
66 58 68
39 170 94
127 89 93
145 102 27
59 158 31
135 79 78
245 205 27
174 28 48
19 128 93
127 204 98
62 157 51
195 116 78
222 210 73
9 26 62
101 247 20
59 68 97
99 233 33
49 171 17
233 145 43
154 230 48
62 49 33
75 97 36
191 223 90
160 192 55
135 3 9
95 90 74
205 93 15
163 237 74
168 141 6
63 24 79
176 9 31
249 183 4
115 36 84
26 22 71
137 226 55
14 185 10
161 241 79
4 205 37
233 117 85
31 207 83
202 1 75
145 85 81
86 232 99
166 241 40
179 194 36
89 27 18
240 119 73
159 163 17
215 42 0
36 61 100
145 101 42
163 81 7
50 20 52
39 86 90
215 85 85
182 167 79
96 42 55
48 40 24
195 101 67
119 104 83
29 144 95
63 216 50
73 234 0
73 138 75
212 160 72
77 58 50
133 201 91
90 242 93
229 78 33
160 204 83
161 26 4
12 128 69
204 93 34
134 203 20
106 44 58
100 131 76
195 163 78
122 62 10
69 9 70
173 175 75
72 135 35
109 231 71
98 153 11
249 53 31
6 114 27
126 243 59
162 56 37
153 109 18
225 112 82
134 153 85
105 84 94
195 190 44
4 246 70
114 93 58
99 172 70
154 240 62
229 211 87
118 128 98
45 247 86
216 47 38
233 218 92
207 214 21
58 76 99
4 15 93
229 29 73
35 219 86
145 125 87
24 133 64
181 19 92
240 206 9
202 220 52
242 12 91
217 25 10
161 7 20
25 56 94
77 207 6
209 173 35
121 218 54
61 40 88
170 115 46
54 186 45
138 45 55
154 118 39
226 249 35
103 194 98
170 3 87
166 37 66
137 39 81
181 113 81
132 52 46
196 232 90
181 10 61
73 242 54
229 222 87
109 49 18
88 188 5
76 191 26
101 100 76
8 198 16
141 46 25
56 215 41
84 75 55
72 201 99
234 123 97
10 22 68
159 156 19
210 92 45
56 177 73
29 98 65
109 189 12
9 81 57
4 95 83
196 24 93
221 155 90
176 159 63
147 101 35
38 31 73
93 97 89
222 142 70
167 161 21
118 58 53
248 236 79
89 97 45
221 202 40
154 33 7
114 106 76
142 207 96
87 135 32
162 183 95
69 247 98
199 101 62
231 100 96
80 192 21
175 84 62
92 6 51
187 27 70
232 127 92
23 223 29
159 27 69
76 204 55
239 241 24
57 153 47
48 101 45
119 124 60
75 223 49
159 139 77
211 248 23
230 14 8
225 185 28
98 172 35
139 220 66
83 58 48
228 152 28
103 199 53
66 131 19
141 190 64
184 226 4
203 51 77
196 159 82
66 56 89
126 26 99
39 156 66
211 189 13
2 33 70
189 177 51
189 246 31
163 11 17
159 238 18
198 36 47
139 179 18
114 120 23
18 161 72
203 129 51
81 190 4
222 247 48
63 160 36
126 72 72
223 20 79
219 68 11
107 114 15
74 28 25
229 122 2
147 177 22
100 1 41
94 197 97
46 105 55
29 34 89
69 206 28
160 202 93
229 162 7
1 104 72
20 84 78
177 242 38
24 159 73
230 235 23
206 37 17
102 1 42
98 136 67
26 172 55
179 64 14
187 129 53
145 180 55
233 112 0
75 246 33
183 28 83
19 90 0
8 174 4
219 51 64
114 59 35
93 0 57
138 50 38
35 14 29
110 127 81
93 56 99
133 185 9
89 123 93
26 245 84
8 97 91
216 138 29
16 20 39
205 239 46
58 235 25
115 160 36
73 50 2
214 142 28
14 133 23
196 26 92
35 49 58
79 26 10
71 108 96
112 20 20
240 12 76
157 92 94
19 71 66
204 58 62
222 59 14
227 240 98
100 103 84
69 163 26
58 154 85
115 138 29
11 64 31
222 213 60
137 162 34
192 203 28
236 207 35
184 37 47
162 9 58
66 67 85
151 110 34
171 111 97
160 197 64
148 226 33
159 25 71
124 145 88
193 74 24
189 203 97
205 77 10
191 75 78
10 243 38
203 236 89
185 3 52
67 1 9
8 239 60
110 215 82
176 215 46
14 190 15
186 53 88
98 186 77
73 55 90
52 66 6
76 182 49
130 85 25
177 81 17
40 192 59
144 198 87
14 188 40
26 143 9
8 110 10
28 16 62
142 175 51
18 85 33
167 54 13
54 26 71
232 74 99
94 22 84
100 172 26
179 177 76
7 89 24
182 110 45
143 46 87
213 3 6
51 127 80
56 23 90
227 47 50
243 170 73
74 7 9
183 127 63
61 22 27
204 231 49
242 196 17
92 136 37
40 31 15
40 82 37
75 155 55
184 209 64
80 21 91
122 55 85
73 98 16
70 108 37
103 88 63
24 249 84
189 101 21
219 21 16
135 99 15
237 30 79
195 243 86
105 100 10
220 169 34
177 245 13
184 225 75
242 189 55
49 110 20
36 248 36
81 151 13
172 191 2
92 103 17
0 228 40
231 237 19
18 225 56
240 29 43
173 183 0
148 233 10
35 231 18
153 209 25
97 130 4
154 123 59
206 226 82
29 160 88
201 99 88
8 177 63
160 43 98
191 102 3
135 75 9
239 118 68
209 64 64
135 56 11
177 22 41
95 169 44
239 193 1
82 31 64
93 196 93
215 64 49
51 42 57
196 168 36
151 74 44
162 179 84
231 113 64
231 16 44
172 63 30
223 77 74
58 7 83
110 116 18
154 40 1
162 85 50
178 137 57
79 163 11
209 7 19
206 243 49
191 209 99
227 103 25
247 28 26
41 63 5
102 77 8
12 202 39
109 120 99
110 90 86
204 238 95
11 115 61
246 169 54
38 155 44
95 57 2
134 181 11
152 109 89
175 226 87
98 1 22
149 64 52
248 47 70
241 216 22
241 212 67
184 217 41
178 233 54
210 232 53
59 143 54
229 64 67
202 85 63
121 207 84
3 47 21
14 35 70
232 114 55
83 110 35
122 232 30
54 72 11
232 210 94
91 159 45
156 200 81
26 45 21
15 128 46
24 137 28
15 124 24
109 142 41
179 119 65
31 112 7
61 129 21
32 60 83
119 128 47
186 236 85
232 99 3
58 109 9
213 71 99
124 92 63
108 134 31
223 172 68
183 86 42
205 74 41
79 0 66
182 102 45
183 66 97
223 230 49
95 17 54
103 74 1
90 168 1
26 140 17
184 32 72
112 109 10
218 210 96
33 197 56
38 199 11
221 36 64
151 107 100
146 179 59
83 152 86
209 60 52
74 200 54
126 5 37
217 151 49
78 139 80
151 76 30
179 101 98
206 131 92
184 134 20
67 40 35
195 56 2
210 206 60
178 222 66
222 65 9
202 118 3
144 44 10
129 239 67
235 225 14
64 247 27
75 227 5
23 80 47
200 184 45
194 41 9
72 105 10
139 214 96
186 213 16
229 221 61
0 203 76
35 117 85
94 239 39
104 26 67
86 109 39
245 137 37
169 155 96
48 165 25
232 208 47
126 136 3
116 4 23
195 35 17
107 223 64
243 131 14
63 96 74
211 58 62
196 104 92
169 1 83
200 42 30
207 49 52
43 104 36
1 150 94
140 95 43
136 73 34
151 104 20
48 88 78
148 171 20
164 137 95
112 29 55
102 94 54
248 144 84
203 157 86
68 72 52
235 211 62
94 244 72
41 206 95
203 193 51
37 169 99
203 20 57
226 161 22
132 53 37
196 108 10
184 45 57
102 88 23
74 138 25
199 130 60
176 96 42
124 215 47
244 151 33
104 38 35
56 61 86
96 189 11
31 22 12
129 118 31
88 117 20
104 27 19
66 57 27
140 85 9
156 246 62
131 241 52
5 32 57
58 197 90
56 181 90
51 66 80
215 204 37
56 65 48
202 237 60
110 67 71
109 117 72
0 241 82
126 248 90
239 236 39
47 65 41
30 239 25
134 0 0
186 69 10
167 173 18
21 218 45
94 215 56
1 126 7
160 28 59
223 219 28
165 18 40
96 193 26
94 122 76
3 21 87
193 116 73
98 137 64
1 120 75
155 211 78
83 68 2
201 47 93
23 70 85
1 64 93
92 241 81
243 113 66
210 7 28
246 142 40
165 203 35
36 185 59
94 100 38
242 98 35
190 236 79
70 102 17
207 220 0
108 194 31
152 236 27
111 12 62
217 4 45
91 147 94
50 37 43
114 36 99
128 81 98
111 177 14
166 176 86
153 51 38
111 21 53
33 106 12
210 156 6
134 53 22
31 79 74
96 223 61
201 171 7
197 245 76
246 206 96
145 22 43
165 178 12
61 191 53
67 217 27
217 30 36
36 204 66
211 55 28
15 206 2
33 182 81
169 80 28
233 8 56
52 103 77
99 123 52
121 205 60
230 204 47
39 230 97
41 83 44
126 145 50
110 125 52
130 98 59
178 78 96
83 233 67
88 153 71
80 149 100
245 213 18
149 95 24
175 128 74
237 204 88
191 234 69
161 130 9
204 27 23
212 230 73
40 195 94
240 120 0
102 168 92
243 175 76
223 60 76
187 211 91
242 181 16
221 206 100
80 96 100
132 133 91
178 58 93
144 117 18
150 120 80
176 184 60
125 119 46
208 16 36
36 85 14
63 166 34
209 193 49
25 23 82
216 235 29
146 118 49
125 154 58
63 206 93
3 113 68
21 66 94
206 79 1
158 138 33
84 157 54
95 198 39
65 74 86
48 100 75
45 146 41
104 93 62
70 194 13
147 30 81
100 248 29
52 144 50
172 80 100
247 150 13
3 202 92
239 195 67
38 100 0
180 104 50
81 231 36
137 47 73
234 149 43
28 33 30
102 35 91
217 189 83
239 121 69
221 172 68
103 6 47
175 81 79
117 248 73
156 132 64
148 198 71
73 222 21
246 171 50
2 20 60
141 96 100
212 118 86
20 241 85
31 190 41
133 51 48
98 200 17
35 157 50
17 39 49
8 51 43
169 100 46
216 160 91
64 242 81
14 189 20
80 114 30
24 39 29
179 173 28
221 78 9
103 237 12
235 189 85
176 115 2
155 12 1
98 93 20
211 65 22
230 242 69
190 68 2
145 20 95
240 129 55
247 152 22
22 149 27
74 83 41
231 90 59
237 225 0
56 67 83
123 87 79
35 75 51
233 136 84
230 88 9
129 2 41
27 246 88
159 51 31
26 136 74
69 203 42
102 84 61
78 187 3
84 87 36
177 209 53
155 41 64
183 133 31
156 150 17
20 4 40
150 56 85
216 9 64
124 160 18
196 181 11
148 239 24
231 84 46
158 114 96
192 78 58
31 228 21
203 133 8
64 152 49
214 2 26
159 19 76
145 157 17
38 90 11
192 33 72
182 205 95
243 220 55
178 113 35
14 207 81
60 4 30
56 71 56
177 35 1
105 189 52
25 35 31
221 39 79
97 102 71
10 30 32
116 141 9
206 139 87
128 173 92
180 119 60
105 137 30
89 35 61
3 74 52
152 135 87
196 160 0
165 177 64
128 96 34
99 22 3
145 58 59
75 170 79
85 205 6
212 14 30
83 168 90
45 29 80
232 57 79
2 147 4
144 50 6
205 85 21
12 248 50
193 212 47
222 16 91
78 172 4
225 63 54
54 46 27
49 40 47
30 115 73
220 160 8
207 109 21
129 58 92
137 145 72
177 69 75
67 126 20
1 182 24
201 123 74
19 179 36
21 135 0
52 40 43
167 16 45
2 58 77
24 7 100
64 89 63
25 216 36
89 104 55
52 129 46
36 89 81
55 218 97
179 116 46
105 74 27
3 127 17
141 238 77
101 214 58
130 133 84
110 234 54
197 140 65
89 233 78
88 52 56
185 174 13
64 55 0
90 245 5
32 36 28
36 56 6
191 245 77
98 27 62
218 108 53
2 40 49
88 170 38
151 192 37
133 241 70
115 47 29
146 183 65
245 192 75
128 87 72
169 109 62
68 97 94
18 3 89
179 15 32
69 17 36
124 131 88
237 18 64
66 126 88
156 161 43
26 220 36
192 215 66
136 89 12
196 143 4
185 187 31
79 94 72
214 110 72
169 184 35
69 92 37
199 66 62
10 129 7
16 188 78
96 235 84
50 46 35
46 125 96
248 46 44
49 195 36
122 190 81
14 4 74
205 46 10
243 169 22
204 57 88
156 42 34
207 28 19
216 164 59
10 249 4
238 155 85
65 78 44
62 162 15
74 119 7
67 102 30
4 7 21
206 100 75
42 39 30
240 92 34
71 55 47
24 179 30
221 209 20
188 175 39
165 207 84
48 63 63
71 166 18
86 12 35
156 207 66
138 28 73
238 50 9
56 58 93
144 174 10
63 5 84
130 118 59
242 69 38
2 215 91
81 202 57
64 98 10
137 24 14
23 32 58
20 86 78
235 91 95
45 100 23
198 2 70
246 145 71
189 16 19
142 194 74
85 120 89
186 203 79
57 75 35
122 66 30
4 75 32
65 245 55
102 43 41
120 153 67
179 26 55
235 181 53
169 103 14
197 189 76
76 62 72
138 216 10
143 123 92
215 195 69
137 165 36
59 248 90
38 222 3
100 90 50
14 93 92
115 54 46
57 162 35
226 189 70
183 12 98
9 125 3
40 107 49
68 56 80
113 5 8
9 163 43
242 97 73
192 137 85
38 194 73
209 9 2
123 249 50
92 154 87
217 179 5
217 244 48
71 33 38
98 175 34
113 106 8
184 171 46
240 182 98
174 78 4
27 150 63
108 84 36
127 191 68
198 214 91
42 113 95
58 208 89
174 88 92
148 9 48
198 73 60
247 44 93
216 41 47
89 40 28
36 203 1
23 167 65
68 92 68
1 89 27
209 81 75
18 238 68
47 186 22
190 60 16
63 142 31
86 81 97
47 12 43
96 99 36
74 102 78
66 248 78
205 104 81
106 3 68
172 19 46
112 24 9
135 233 22
23 131 36
55 193 7
246 225 59
223 4 49
131 146 39
141 29 58
230 195 28
229 3 26
35 172 32
111 201 47
236 27 84
32 222 72
213 37 15
29 149 42
9 159 14
154 206 28
155 59 24
23 209 86
17 29 8
4 234 7
186 32 83
215 182 67
10 70 49
34 218 9
187 163 26
249 43 85
234 75 94
235 104 85
47 56 26
236 111 34
62 213 54
197 46 36
58 73 23
132 200 59
167 35 72
147 194 76
52 76 7
32 192 44
176 16 29
70 221 38
208 0 68
213 36 20
100 108 92
71 190 79
110 232 44
47 54 40
246 85 66
90 84 17
89 172 36
31 19 38
26 238 22
206 192 77
74 8 92
173 143 23
160 200 55
25 217 88
7 226 15
169 240 39
202 216 0
35 228 76
249 89 28
249 32 42
15 152 0
44 3 67
173 38 34
234 104 29
12 234 1
192 183 57
55 248 27
36 153 26
219 97 9
47 116 70
41 152 47
104 169 11
137 154 73
176 101 92
71 133 25
161 12 11
18 63 25
50 80 70
26 170 37
12 237 33
239 114 74
243 4 64
61 60 46
153 74 73
93 24 32
104 126 30
226 44 91
248 150 39
109 6 7
112 7 43
210 128 40
66 171 58
221 47 66
215 165 81
188 98 11
147 23 24
95 226 45
154 90 93
80 150 92
84 59 56
228 238 48
162 45 53
181 81 36
46 191 21
216 199 56
129 188 41
189 99 75
180 163 59
233 84 30
179 74 54
19 113 7
233 236 22
163 220 1
236 201 10
89 245 27
236 26 89
236 96 5
18 135 33
144 161 85
123 234 50
211 140 67
233 81 10
91 75 76
174 87 44
241 33 93
82 204 76
205 228 71
159 240 100
57 230 35
12 55 17
25 142 47
200 154 6
135 61 85
64 156 53
237 192 20
51 91 98
30 11 15
148 75 70
201 52 6
20 82 84
95 235 60
221 18 74
158 66 40
102 175 97
111 51 73
117 59 51
107 219 55
9 239 27
29 62 63
194 93 57
118 52 10
44 73 98
77 240 0
30 121 85
42 117 32
206 170 22
72 248 73
162 22 30
15 217 52
164 197 88
220 217 39
73 17 47
173 52 26
89 162 38
158 94 22
144 2 77
39 210 4
69 37 17
167 210 90
92 195 72
49 234 36
168 218 45
118 127 53
183 16 17
148 103 86
145 191 3
65 17 73
228 193 32
70 188 19
164 31 94
101 115 12
172 109 56
187 19 92
165 142 91
97 80 31
19 231 67
103 206 45
27 114 53
227 12 51
120 9 62
1 22 34
34 115 98
159 3 38
199 45 55
112 32 33
201 236 65
81 239 68
56 55 24
82 21 66
141 235 27
171 40 24
243 45 14
175 187 93
128 105 65
142 191 36
123 14 26
128 158 42
95 222 1
98 11 79
100 64 9
171 91 89
198 45 44
101 51 87
156 185 29
21 105 11
212 144 51
141 245 31
106 107 96
152 107 16
239 106 94
183 163 63
185 241 39
114 25 82
147 89 13
142 29 86
158 210 43
73 182 41
132 218 78
24 26 1
217 170 39
98 231 74
7 48 49
140 52 69
15 38 57
140 43 94
34 29 55
198 226 81
183 204 39
198 0 31
140 73 73
125 172 47
192 160 18
59 199 33
225 20 10
135 128 77
195 0 99
75 26 51
204 166 74
103 239 72
45 209 45
222 42 25
146 237 30
136 151 39
153 17 73
215 102 13
187 17 28
245 5 24
112 19 10
211 77 47
192 85 44
187 207 74
77 104 12
167 227 16
155 149 59
30 233 100
69 38 64
26 135 26
16 17 3
8 45 28
48 36 47
127 18 22
203 241 9
211 76 83
186 72 75
15 63 84
232 112 43
58 107 0
249 66 75
14 20 65
151 19 70
28 109 41
121 99 87
155 143 27
226 86 27
119 48 93
70 45 87
232 152 71
18 81 38
218 103 21
102 75 90
225 59 6
41 15 66
63 153 36
44 173 92
80 207 40
72 79 46
178 181 10
244 41 78
34 17 11
156 43 70
112 41 57
2 41 51
222 100 30
244 57 68
30 130 4
3 138 51
149 55 23
86 161 62
211 18 61
249 186 63
42 121 88
209 174 92
38 118 19
248 143 30
97 247 12
243 223 48
47 52 24
131 150 51
60 165 0
90 4 20
211 235 43
33 189 39
21 90 94
29 64 85
102 63 92
129 181 45
233 143 1
245 112 26
137 134 78
71 124 39
198 49 41
235 240 97
246 59 81
79 217 69
231 112 5
231 171 63
128 179 24
188 216 90
52 233 48
246 76 6
188 101 25
212 177 84
126 173 99
59 118 0
139 49 33
75 187 7
216 205 84
177 184 10
118 17 71
165 231 22
150 104 48
239 140 0
157 79 5
154 163 59
9 43 58
23 67 13
88 163 77
65 123 11
172 101 88
236 94 90
203 12 7
85 95 83
189 36 0
35 38 60
104 160 83
87 75 47
144 228 44
178 205 60
169 42 43
178 55 7
181 1 72
31 135 14
44 102 81
0 134 52
111 120 91
131 61 27
140 5 39
70 206 44
212 74 26
9 71 33
81 66 29
19 199 29
186 139 8
110 53 47
40 217 62
73 183 8
125 149 12
59 183 24
190 23 31
171 80 23
72 163 96
117 152 31
86 35 73
119 145 86
204 168 79
203 130 0
2 157 62
116 43 19
223 71 3
217 19 50
0 239 28
128 168 37
220 121 24
110 156 55
6 235 73
103 65 36
169 127 77
132 145 82
101 185 100
109 156 90
201 211 3
131 45 81
185 129 86
1 136 34
67 68 36
179 195 52
83 236 21
158 88 68
80 58 51
187 235 53
43 103 73
217 12 32
215 191 85
9 205 60
36 53 5
138 233 100
62 60 9
73 93 79
83 5 43
91 54 63
69 142 18
147 212 23
33 230 69
169 91 92
146 29 88
23 244 93
4 158 21
9 30 88
156 16 55
0 35 92
28 173 29
76 28 86
0 58 50
0 146 56
230 169 97
28 210 46
64 116 74
217 184 82
80 240 59
38 77 48
11 131 65
95 74 14
243 194 16
71 37 43
23 160 1
135 131 99
70 135 56
85 59 46
3 227 16
50 44 98
199 171 98
249 125 82
103 68 8
185 230 35
45 67 31
123 175 77
114 52 78
41 86 3
197 157 43
163 106 11
44 31 41
20 63 73
187 111 26
106 149 62
164 136 100
110 73 84
208 123 83
226 63 36
74 139 16
15 62 30
230 167 3
134 10 9
158 55 22
78 107 29
10 16 89
93 96 31
219 37 39
158 74 40
34 64 51
235 217 81
182 157 15
136 114 10
135 215 57
206 26 92
69 30 13
227 25 76
242 230 68
233 165 49
26 227 40
29 56 28
218 135 90
188 249 96
210 68 43
75 159 94
103 39 78
226 117 24
66 55 87
153 249 97
10 37 100
144 45 84
136 90 63
51 208 31
201 41 53
91 117 81
111 1 98
129 80 45
79 212 45
43 248 28
106 236 99
17 229 36
121 2 85
158 52 46
158 68 75
210 102 63
138 232 24
205 87 10
124 210 49
150 48 36
145 187 41
172 249 67
235 98 43
88 12 56
52 133 24
18 213 80
126 128 1
122 92 68
198 5 36
191 31 53
232 109 10
90 209 96
9 166 53
139 236 36
216 14 97
103 193 18
193 142 12
152 132 9
9 247 64
157 226 49
63 171 74
225 110 7
70 137 0
135 129 42
220 75 81
9 238 74
99 21 20
62 225 6
111 42 14
53 187 92
246 165 8
132 221 12
10 53 11
95 133 45
175 74 15
46 129 21
158 171 26
155 200 57
226 220 15
232 50 41
59 109 58
194 69 75
63 215 31
43 243 26
52 26 26
233 239 3
18 94 89
38 114 100
44 228 4
83 127 69
50 200 56
60 192 64
20 204 96
47 143 97
43 214 25
23 45 66
78 153 66
59 6 9
84 115 47
169 15 59
233 59 65
98 127 76
78 70 15
69 102 29
130 79 99
218 157 67
205 122 15
37 204 53
226 187 16
39 87 82
64 41 53
119 29 72
65 23 78
188 104 57
216 5 67
239 237 24
119 72 84
164 171 18
167 69 96
218 95 85
31 49 63
64 215 99
86 151 96
40 140 94
236 89 32
52 161 100
145 118 71
120 168 38
99 216 44
38 211 3
97 189 66
30 78 23
161 81 4
119 7 82
82 9 28
160 217 7
216 46 15
6 36 27
193 201 7
78 210 45
133 211 85
82 63 50
130 162 43
92 218 78
185 11 32
137 113 50
236 175 66
26 176 100
91 193 40
236 83 52
243 112 24
85 136 70
155 248 24
98 212 50
84 26 6
15 205 38
121 175 49
112 226 51
51 207 55
170 71 22
126 152 94
10 94 99
157 170 44
244 233 41
164 27 76
151 246 7
242 132 21
12 189 93
116 244 46
127 136 36
200 21 100
77 209 26
37 93 92
165 104 39
85 228 92
130 23 45
212 68 13
88 62 9
217 68 95
71 207 58
10 177 36
57 156 73
47 26 86
225 194 32
35 155 15
132 21 0
22 202 16
186 233 17
117 5 85
35 45 58
88 80 22
227 14 9
89 106 68
182 57 66
23 136 44
209 178 19
139 1 14
86 59 68
238 242 71
6 177 92
231 225 62
64 106 70
112 195 47
187 212 39
46 25 48
150 27 38
100 161 13
214 183 45
52 63 54
160 112 45
85 172 43
176 249 35
131 78 2
60 122 79
159 41 11
155 74 0
228 91 72
136 133 33
117 44 57
84 219 61
67 106 15
71 239 39
195 153 84
87 94 45
248 212 13
65 51 40
198 157 89
210 58 99
30 188 30
183 146 69
86 7 75
233 92 31
221 175 30
193 178 40
40 74 38
133 101 94
166 149 50
119 245 79
133 162 31
246 94 30
57 68 85
103 236 63
245 246 14
214 206 48
237 74 35
101 36 30
121 164 48
96 110 65
50 232 11
168 203 55
4 24 49
152 180 2
164 169 52
40 228 91
195 215 83
159 242 73
179 170 7
192 230 54
29 242 91
69 136 48
37 1 44
60 199 14
106 32 93
101 221 78
151 66 83
156 104 74
107 18 90
107 191 6
51 176 43
92 206 95
82 91 26
184 156 37
149 68 35
127 93 52
140 55 89
50 9 95
81 191 56
10 9 94
237 124 60
116 124 2
44 166 4
37 170 95
168 227 87
219 39 84
197 45 44
135 130 0
99 238 55
162 98 86
14 9 44
226 50 80
167 243 17
206 30 39
88 144 97
33 157 21
241 229 30
40 0 78
186 119 40
45 41 64
125 5 36
14 161 15
140 80 80
209 71 77
233 190 10
158 29 6
214 136 53
172 225 34
150 105 2
22 18 60
51 109 34
137 177 94
105 242 87
198 91 70
177 12 68
244 249 8
48 201 66
113 235 45
2 109 81
238 48 5
131 96 95
208 140 39
113 173 83
159 108 16
242 209 21
12 179 72
73 199 23
226 104 24
76 90 6
113 74 0
149 89 67
191 68 35
100 112 63
158 111 25
55 138 35
16 90 44
228 227 1
129 227 39
76 150 71
213 152 37
36 20 29
171 45 96
237 114 17
98 46 80
67 176 100
150 202 78
147 174 63
246 8 15
94 104 63
135 16 42
167 162 86
171 82 19
211 17 19
102 57 25
134 141 16
142 106 84
19 2 83
107 88 29
178 196 94
222 197 94
9 116 27
213 187 66
234 199 10
192 140 37
50 197 69
203 158 99
244 199 46
160 169 43
79 233 83
113 17 96
64 186 55
144 40 14
109 65 83
157 73 72
65 247 47
196 98 63
143 196 49
201 145 26
191 64 76
126 162 98
20 27 38
161 110 88
176 122 1
142 22 10
132 89 13
118 38 45
116 153 82
222 158 57
18 228 79
63 25 23
181 198 47
135 85 6
67 185 64
227 211 83
12 32 91
82 225 95
108 172 23
209 33 19
150 1 53
194 24 55
60 21 89
175 38 90
187 76 20
67 159 85
72 65 1
174 179 16
170 69 50
127 48 78
196 199 16
131 125 82
96 20 53
54 22 100
47 152 50
188 58 37
249 218 45
149 155 35
33 146 42
6 77 13
146 102 48
73 244 75
52 97 63
107 75 53
122 221 70
200 2 56
90 41 88
14 52 40
30 176 25
210 203 34
46 229 65
67 174 26
140 53 100
75 95 19
139 70 32
108 60 8
209 62 18
105 169 9
221 192 68
75 74 65
46 68 11
212 6 48
175 1 51
196 81 2
234 30 44
41 140 44
247 127 68
118 248 37
173 136 23
157 210 94
89 159 74
90 206 33
143 156 96
180 128 29
32 15 55
71 240 56
87 86 34
2 96 73
215 76 76
228 213 92
227 200 21
234 47 5
114 159 12
247 70 1
111 235 100
153 94 74
27 17 2
89 142 29
235 62 45
135 101 64
212 69 97
47 209 69
132 177 99
35 126 96
65 118 72
139 204 7
3 135 79
177 166 80
180 52 40
134 1 6
98 147 22
135 95 46
174 217 6
133 90 15
30 124 52
243 141 32
86 100 60
138 159 15
159 114 17
41 58 66
185 165 45
78 163 55
199 64 0
72 97 61
40 78 60
161 201 83
21 108 75
20 38 91
178 110 65
20 192 40
64 134 99
141 115 33
44 24 27
104 129 25
208 233 30
16 69 71
38 64 42
150 220 75
101 23 72
32 127 58
16 231 88
229 214 82
67 195 24
167 72 69
230 93 12
102 28 53
210 113 72
167 124 71
98 2 26
53 80 29
99 177 4
221 166 41
65 165 90
5 182 15
243 120 27
195 137 78
243 115 50
146 60 41
210 234 36
196 246 9
214 208 27
237 139 48
220 165 39
205 183 84
227 32 36
24 154 81
132 129 90
191 203 92
229 175 15
145 229 8
145 205 96
68 58 68
172 139 12
101 246 22
191 187 41
155 174 84
210 94 43
72 137 77
225 214 85
15 71 39
73 16 61
206 219 63
166 127 97
60 33 41
42 7 58
249 166 0
31 114 15
221 138 81
111 179 11
17 102 65
157 229 99
176 231 90
106 158 46
61 10 39
118 50 68
49 72 82
32 143 100
185 10 97
245 217 39
249 106 68
211 29 57
126 55 34
218 164 60
232 100 68
210 133 56
124 14 34
51 230 80
147 233 73
237 70 67
47 221 65
197 97 98
135 104 37
45 73 29
172 145 99
145 159 25
177 47 72
169 162 29
86 217 58
102 182 96
152 44 16
7 108 71
122 95 38
162 41 71
243 79 89
179 47 38
55 222 51
7 222 82
213 91 27
19 192 68
238 206 58
15 8 78
242 180 11
126 138 20
74 238 86
58 211 76
16 104 66
153 132 63
2 181 32
134 112 82
184 152 71
238 106 27
112 157 69
27 138 29
211 86 12
157 139 19
37 99 83
54 37 72
37 88 95
105 147 68
202 65 90
31 74 88
249 242 41
160 245 26
128 14 15
96 234 51
182 164 70
206 45 12
160 210 5
114 60 70
199 121 74
25 223 87
240 245 89
31 221 59
186 88 7
217 100 59
14 37 12
211 130 24
117 55 5
10 162 13
190 178 72
137 86 60
85 132 1
166 144 49
233 156 23
225 51 0
8 75 51
210 83 94
119 220 89
164 194 98
102 165 10
183 79 34
35 198 15
4 34 99
83 230 78
201 182 9
207 20 89
135 234 88
23 152 72
30 166 92
119 185 64
242 142 83
102 82 83
247 102 12
235 170 10
12 74 47
145 84 4
155 120 39
155 102 76
193 38 34
76 21 19
176 81 45
205 196 0
105 7 25
88 27 67
206 198 7
225 107 20
209 231 31
51 54 0
172 61 73
161 22 1
149 177 77
175 245 23
121 182 51
202 249 52
50 21 68
85 91 9
84 207 79
21 247 38
167 150 13
10 132 89
193 94 40
52 114 9
27 231 93
65 233 43
44 112 15
8 196 100
192 175 39
195 245 6
196 169 99
102 164 23
61 82 45
74 34 48
71 85 100
4 67 14
150 39 63
170 141 46
195 47 45
71 66 91
183 39 62
150 156 97
27 119 79
49 231 78
39 44 7
139 174 18
78 17 96
143 81 35
1 217 85
232 2 100
91 243 21
192 108 86
221 57 78
55 127 11
184 141 74
233 97 88
24 174 78
146 227 20
125 77 90
28 239 92
17 235 36
156 126 78
121 190 30
96 221 45
39 221 78
212 73 83
97 165 8
131 65 51
173 123 35
51 93 95
175 144 33
184 212 3
147 16 97
197 115 8
185 159 70
211 128 42
151 5 73
93 193 2
20 34 82
147 45 4
60 156 7
116 151 27
26 207 40
179 30 20
92 49 77
101 173 56
51 32 2
232 182 34
178 187 37
58 35 47
59 210 49
194 205 12
24 196 67
51 40 64
155 205 68
132 48 93
236 20 17
78 77 16
41 10 22
113 69 73
35 15 80
207 114 69
110 210 27
154 66 93
44 194 94
85 173 69
51 245 21
108 204 95
18 96 19
197 31 17
98 214 64
52 158 30
66 198 32
228 1 84
167 42 100
70 187 74
134 175 4
159 228 87
104 37 95
14 222 64
132 90 61
135 227 58
129 187 40
16 36 80
54 184 16
179 162 67
209 93 55
71 91 47
60 123 57
22 203 24
223 200 21
4 161 59
40 157 19
192 244 41
66 167 90
45 122 91
130 73 62
177 211 6
156 180 7
225 227 4
241 139 33
235 35 54
175 170 21
235 207 12
189 72 59
178 243 43
125 228 46
173 27 0
16 228 51
47 96 88
183 120 51
55 205 44
79 210 57
39 138 2
4 55 48
171 61 69
66 246 64
101 155 2
89 80 98
48 145 70
226 37 63
198 173 58
245 29 70
119 98 38
133 229 42
238 203 56
31 184 100
151 200 18
97 235 62
179 10 4
20 174 53
218 32 94
171 49 75
70 123 2
19 31 74
230 60 81
226 217 96
212 110 74
191 81 24
144 185 78
70 119 44
156 27 25
9 169 14
153 76 4
246 93 15
72 216 38
170 223 15
185 46 47
156 77 98
156 217 35
109 159 88
30 212 81
47 159 100
149 115 18
200 97 100
92 192 70
140 0 56
116 235 36
15 23 23
99 141 93
115 149 36
189 9 68
30 215 16
28 72 16
234 171 55
53 226 84
237 176 83
24 79 9
47 213 44
139 136 73
191 167 44
186 197 28
43 177 40
145 78 52
135 185 40
87 60 19
113 157 80
226 31 80
30 142 53
61 222 59
142 199 43
86 142 9
92 194 21
159 162 80
248 83 94
33 44 75
137 222 87
210 26 25
71 135 72
102 129 50
190 112 7
149 187 34
113 179 3
142 220 55
92 232 15
219 38 48
240 165 17
94 48 22
185 145 45
218 154 67
77 153 24
18 174 84
221 117 21
213 74 22
7 2 29
92 89 39
106 203 27
161 225 73
152 36 100
109 246 17
234 86 25
137 16 22
192 242 47
151 214 8
129 97 63
103 42 92
83 165 37
93 27 50
113 185 71
22 158 94
24 223 38
135 193 1
89 247 13
21 150 100
161 5 68
151 113 82
201 82 63
40 176 27
245 188 61
35 130 84
102 126 47
1 145 87
152 62 2
187 158 8
84 35 69
230 26 52
114 101 17
60 143 7
4 119 32
199 226 30
153 216 57
105 197 98
44 163 19
170 168 50
188 168 22
0 244 1
18 230 59
233 201 62
33 22 31
246 134 30
203 245 95
34 71 94
124 214 63
75 129 40
50 153 71
138 247 71
138 3 94
155 28 28
17 161 21
112 62 86
26 96 83
4 31 7
115 222 38
113 4 34
39 160 50
113 208 57
205 175 33
125 208 44
57 138 75
23 229 39
66 242 24
106 33 71
129 34 8
220 19 58
147 120 1
209 65 15
12 96 68
241 41 12
110 182 30
27 141 18
37 161 34
126 3 46
131 245 82
235 102 19
228 205 27
70 122 45
99 2 88
81 57 48
203 201 33
195 66 92
89 212 62
20 48 33
194 42 53
215 52 67
71 132 39
181 194 96
159 22 47
81 128 100
168 150 21
7 119 76
162 66 51
139 52 17
144 133 78
138 52 87
54 104 97
55 213 32
2 244 52
109 122 83
30 55 45
156 172 46
25 207 74
5 100 5
85 31 15
226 166 12
109 158 100
101 31 51
121 74 87
166 25 4
78 151 73
98 5 48
151 97 83
219 32 75
145 143 18
58 143 29
208 186 96
36 68 86
121 192 57
74 61 39
101 140 1
91 98 84
194 66 59
180 170 36
233 193 44
190 91 99
244 141 63
165 102 17
93 223 3
234 107 21
247 193 18
81 133 30
106 221 56
2 46 8
180 173 47
21 240 5
46 97 33
61 27 36
149 21 89
213 44 29
223 98 70
52 174 94
28 17 15
241 150 28
145 65 80
104 154 91
132 138 4
12 129 25
211 112 87
73 203 9
91 110 71
194 22 65
187 29 71
222 89 61
226 96 68
174 147 5
171 126 61
54 167 83
227 165 87
127 188 79
242 24 34
32 12 64
76 200 84
45 161 27
176 67 82
40 114 15
118 18 64
169 248 92
101 126 14
194 72 4
0 235 68
36 84 96
36 160 10
100 176 76
201 33 54
245 101 18
90 165 72
76 231 60
176 64 39
168 83 77
110 211 54
78 33 88
104 83 14
159 83 75
63 155 71
60 24 31
176 94 57
206 181 85
21 174 24
25 93 61
14 215 72
47 212 60
57 218 9
25 156 37
114 12 54
57 36 42
205 163 76
140 98 73
228 182 10
138 142 62
191 107 62
183 144 54
86 48 22
42 159 53
107 42 88
140 103 92
196 31 44
57 220 68
206 78 26
247 190 49
32 63 43
36 69 76
217 5 29
135 15 16
111 237 68
41 52 99
135 80 56
229 185 2
205 168 66
15 68 100
201 49 4
78 167 52
34 61 57
110 200 63
31 82 76
3 56 93
49 42 60
169 19 30
135 208 70
16 25 85
195 152 44
205 43 43
158 110 83
28 103 51
24 16 13
14 87 16
181 37 17
201 126 98
232 78 67
187 6 10
120 249 89
70 144 9
183 30 35
220 69 24
45 39 6
112 173 4
103 54 83
233 90 70
131 87 91
104 39 48
41 157 1
80 205 38
152 28 41
81 246 21
17 245 51
200 213 22
75 66 75
217 223 76
129 231 98
166 141 64
247 8 36
132 50 28
210 11 21
18 53 8
188 10 19
171 240 25
101 65 87
230 221 46
249 69 76
180 131 76
165 3 37
16 200 78
29 128 67
181 98 20
85 57 16
74 125 51
127 65 33
14 6 41
203 78 52
18 44 11
39 69 31
45 242 55
86 26 14
219 155 0
50 215 67
3 199 11
208 197 73
142 64 75
58 241 50
164 200 59
230 197 11
30 226 93
175 195 10
59 120 95
109 112 39
41 98 65
87 166 90
59 11 55
247 128 36
153 46 14
2 140 0
28 26 78
55 107 41
54 8 49
43 16 87
95 128 39
38 80 50
243 180 77
150 187 40
18 95 42
6 175 30
239 12 33
152 221 87
139 21 61
43 225 51
91 74 67
26 187 54
61 212 30
30 217 61
127 176 86
229 170 24
113 128 0
103 28 68
63 43 96
101 38 88
233 158 97
171 227 46
242 129 100
184 207 63
209 132 34
5 92 57
205 108 81
123 59 36
68 213 96
94 156 86
204 59 93
193 210 34
145 216 18
156 151 73
32 217 94
191 194 96
14 60 43
176 66 15
81 150 90
230 118 61
232 165 62
1 151 14
23 218 29
235 228 46
240 202 82
137 164 35
162 194 95
95 116 48
9 223 88
72 225 21
122 23 52
46 45 41
44 187 99
89 73 84
3 34 38
49 108 8
107 144 37
193 248 70
71 49 34
121 223 37
58 18 9
193 111 49
190 139 17
231 104 15
188 222 56
97 9 5
226 34 16
17 76 47
249 35 73
144 190 60
162 80 13
84 45 34
4 19 82
234 12 91
75 81 66
150 22 57
108 177 89
144 138 11
105 202 100
117 230 86
48 136 1
14 81 100
98 91 76
27 177 54
160 10 31
198 196 26
235 69 60
79 218 46
25 57 30
143 241 47
172 155 34
84 30 24
64 29 36
154 146 1
192 176 83
37 212 34
195 171 43
51 148 0
181 82 13
115 44 92
249 100 78
31 189 13
103 169 19
179 99 74
39 231 17
179 207 0
185 194 64
18 79 36
109 85 59
81 227 84
60 180 72
221 14 9
215 75 6
91 118 26
98 205 83
2 170 7
128 10 4
100 195 83
244 0 70
213 222 28
162 5 77
246 137 92
175 107 79
60 82 36
204 121 15
20 80 98
116 157 43
189 111 93
57 237 100
174 129 97
217 48 49
151 6 56
47 50 6
83 76 36
244 20 26
243 235 35
63 213 43
109 39 34
19 12 43
134 227 7
128 35 64
221 7 79
3 40 6
44 116 88
23 31 63
119 183 21
173 0 79
42 192 71
118 215 60
148 203 49
216 88 36
36 187 60
87 160 38
22 167 74
176 76 80
63 233 47
59 56 100
145 156 12
58 249 83
212 245 86
243 209 13
62 67 69
100 5 34
94 150 68
50 244 29
193 113 31
20 32 59
217 37 92
246 150 41
97 248 41
67 45 91
53 223 58
228 167 51
153 131 47
116 48 12
57 197 63
35 113 48
117 64 47
215 90 91
64 232 64
182 188 93
122 205 46
138 249 95
19 28 6
169 194 2
39 213 9
184 38 16
214 28 93
238 29 37
129 35 81
21 234 74
108 175 39
15 36 84
14 78 7
190 189 55
175 72 84
124 241 27
175 126 74
206 84 68
143 42 93
106 56 16
20 26 46
231 186 36
234 49 71
174 200 29
59 75 43
154 124 7
224 212 23
224 171 69
224 216 60
224 36 2
224 151 40
224 18 22
224 158 22
224 55 9
224 174 81
224 141 36
224 130 57
224 57 12
224 76 8
224 63 55
224 20 34
224 132 91
224 51 49
224 179 34
224 87 96
224 146 41
224 103 48
224 101 38
224 155 10
224 40 61
224 16 14
224 143 81
224 162 78
224 7 11
224 112 2
224 228 56
224 180 95
224 149 26
224 140 89
224 217 53
224 139 25
224 161 33
224 144 98
224 136 70
4 13 54
7 13 64
8 13 58
20 13 57
26 13 4
29 13 77
31 13 66
33 13 29
35 13 52
40 13 100
42 13 39
44 13 51
46 13 0
58 13 34
60 13 41
62 13 93
72 13 61
82 13 76
87 13 40
89 13 42
90 13 32
91 13 83
93 13 9
97 13 14
100 13 41
102 13 63
111 13 92
124 13 54
125 13 46
132 13 61
136 13 81
139 13 92
154 13 73
157 13 85
158 13 1
160 13 60
167 13 42
178 13 45
180 13 88
182 13 2
203 13 6
220 13 33
229 13 52
237 13 81
249 13 46
