26
73
11 70 19
59 31 27
24 51 29
71 3 72
64 38 95
66 12 80
62 36 54
59 9 52
53 1 69
44 0 39
30 43 58
7 68 43
5 46 90
55 5 66
49 76 79
33 74 64
42 48 46
35 10 36
27 44 51
13 0 79
4 70 69
76 62 73
37 58 99
33 78 89
72 76 54
12 17 89
64 6 86
7 9 77
61 43 16
6 15 25
6 41 77
9 25 61
72 59 4
66 54 82
32 17 96
10 20 90
55 35 2
10 55 16
4 27 70
21 7 11
45 27 32
60 2 100
69 67 74
12 66 29
24 54 69
8 62 69
6 39 65
70 67 73
21 17 65
60 19 45
64 3 83
79 53 79
58 48 29
40 4 36
30 60 35
34 13 26
22 79 46
39 9 1
48 6 2
48 50 57
74 62 42
3 39 13
56 9 89
33 15 97
53 27 38
51 40 30
11 77 80
43 0 92
7 10 50
66 72 20
30 35 64
6 56 7
28 37 85
55 19 48
0 34 31
0 16 85
69 19 71
19 39 49
58 64 41
69 55 80
4 56 94
50 53 21
35 19 34
74 64 93
77 65 10
27 38 33
33 22 59
60 20 12
63 57 24
62 79 11
20 9 73
79 29 75
0 60 94
79 36 4
14 11 2
16 69 34
41 55 10
33 46 27
19 40 57
42 11 48
78 28 43
52 17 78
31 70 78
13 42 68
70 58 8
1 11 72
67 20 67
71 78 100
38 62 48
52 62 76
68 18 14
68 4 3
11 15 36
21 18 14
11 51 46
13 12 25
71 19 27
37 65 61
46 61 65
62 78 47
14 23 49
27 5 54
51 9 35
69 61 73
52 10 34
59 54 88
15 4 52
9 47 78
50 12 95
75 10 73
36 60 13
78 54 1
1 27 27
7 42 30
56 5 17
71 44 27
76 75 31
6 79 73
16 28 81
3 52 54
9 52 1
59 55 6
69 29 57
65 22 60
75 2 10
3 32 29
34 59 13
22 55 85
64 62 51
10 37 86
1 30 85
29 39 94
36 49 51
40 15 65
76 17 61
24 47 63
38 0 1
43 9 63
29 17 94
68 33 42
39 2 24
4 25 60
75 41 12
59 57 57
74 55 39
22 40 66
55 4 66
23 46 36
54 46 51
19 69 60
0 8 66
25 67 77
50 31 8
10 77 89
61 70 93
11 25 94
4 60 74
11 54 94
39 71 19
38 16 5
34 7 78
74 18 83
8 60 42
65 41 35
53 52 42
43 64 88
0 29 17
44 31 6
51 47 67
52 70 50
38 35 72
29 23 21
65 30 76
35 62 80
78 1 86
61 47 9
75 25 25
42 44 68
1 34 73
15 63 87
19 54 33
7 71 43
17 76 67
58 61 23
70 18 86
14 51 59
17 46 15
5 20 94
12 47 65
31 19 42
16 60 35
28 58 59
48 40 34
34 60 18
46 10 37
30 76 64
43 11 100
6 69 79
50 15 8
45 76 10
78 79 46
25 7 42
34 68 67
38 67 49
59 79 27
25 46 20
54 78 41
67 74 38
3 7 24
2 71 93
44 72 75
60 28 17
28 79 91
14 55 6
58 78 90
27 2 84
55 63 57
64 34 38
41 34 45
12 29 68
21 59 1
8 14 5
21 71 52
50 29 19
24 22 41
4 69 80
77 32 34
10 41 53
74 4 58
75 1 11
0 28 22
17 27 70
46 63 3
42 52 10
28 75 18
35 22 67
70 32 90
45 74 2
3 58 3
53 22 96
65 72 8
1 78 68
52 51 30
2 11 6
20 56 18
42 15 91
36 48 5
31 33 48
63 9 35
48 57 99
4 45 34
64 15 1
63 47 36
45 28 59
71 24 24
29 37 91
41 58 9
48 34 28
0 21 93
50 44 32
55 59 60
67 27 15
49 70 15
44 69 4
2 14 44
27 74 7
31 52 25
45 72 79
20 78 73
29 69 93
35 46 16
38 27 27
67 6 24
0 55 85
11 12 70
29 12 64
2 28 53
20 34 49
35 42 81
74 8 69
64 7 70
66 19 12
32 50 34
15 62 79
77 25 33
15 43 23
21 46 85
22 76 16
23 4 7
65 67 23
35 21 15
16 79 29
17 61 90
55 54 46
33 14 32
61 58 75
50 8 38
39 79 76
40 27 51
42 56 7
60 39 31
61 25 69
79 64 76
16 15 28
27 79 49
64 49 45
44 62 77
39 69 100
47 61 3
41 71 57
47 1 65
31 59 48
62 42 18
71 0 78
2 21 4
15 31 73
64 21 25
17 2 4
45 38 12
68 30 85
49 71 13
2 32 61
78 59 19
60 71 43
21 45 27
76 38 58
19 71 78
48 66 16
77 7 96
71 43 93
52 39 55
70 37 77
22 63 18
41 78 68
59 65 48
1 15 95
33 28 7
35 67 71
27 62 89
18 69 37
24 56 99
0 45 80
59 76 2
76 63 8
2 77 54
39 7 42
7 55 69
37 6 1
18 32 11
54 36 52
75 38 62
3 42 42
62 16 98
32 29 19
62 2 33
64 18 68
79 67 25
41 9 40
60 29 11
72 42 7
7 43 69
61 36 98
5 72 24
9 33 11
3 0 8
47 19 5
31 46 46
16 33 24
16 21 24
30 79 37
76 71 45
43 37 77
79 10 69
55 77 42
16 17 73
48 18 33
70 3 8
67 55 61
1 16 75
72 11 68
7 18 63
46 38 10
65 7 64
69 44 59
51 15 45
62 35 54
41 3 39
61 40 9
25 13 85
69 78 60
21 36 71
52 77 92
55 0 46
18 10 74
43 39 23
63 44 100
31 44 96
1 61 53
25 32 54
70 13 14
57 78 49
61 13 30
23 78 60
50 54 2
79 28 53
28 51 88
63 4 46
68 0 55
54 4 81
12 3 23
5 43 28
32 6 71
27 77 53
70 19 89
25 15 27
19 68 86
65 6 35
32 20 76
18 11 89
56 66 87
24 59 77
77 68 86
10 25 8
2 74 5
78 70 79
5 60 17
48 20 77
43 56 22
74 79 3
34 32 32
37 38 7
12 22 27
32 47 84
7 8 84
6 66 60
48 38 94
48 3 72
69 11 31
23 35 39
70 11 7
54 11 68
12 40 64
58 36 14
21 20 65
70 51 22
21 56 15
42 4 81
40 29 38
14 6 57
40 59 44
24 60 78
54 70 8
64 75 84
38 18 65
4 36 23
37 52 15
41 45 89
49 40 60
77 1 26
54 34 48
38 15 14
10 66 85
62 14 70
78 50 63
43 40 61
66 31 1
47 24 29
51 32 67
62 27 29
14 25 29
44 2 26
71 65 72
3 15 72
76 3 95
7 59 45
33 47 14
27 22 82
0 32 86
25 51 78
47 42 5
31 4 61
22 50 6
3 72 91
11 74 56
79 32 7
78 65 88
34 4 33
20 27 47
25 30 3
57 38 37
46 75 95
61 39 53
29 40 18
13 40 55
37 43 97
3 69 8
33 41 45
0 52 79
52 67 17
9 79 25
70 39 83
11 60 8
3 54 76
20 13 75
21 37 39
30 77 71
6 18 31
18 34 53
76 15 10
57 68 37
16 0 37
42 27 15
36 71 94
38 49 100
78 16 84
55 30 94
11 67 44
10 12 5
18 21 94
14 49 49
34 56 27
15 30 96
74 66 96
41 23 4
54 38 76
2 4 59
20 45 71
58 75 1
57 8 61
72 37 96
3 61 77
41 12 4
62 77 22
43 53 20
72 43 81
31 11 81
7 56 2
69 24 26
32 46 58
66 4 10
76 1 100
77 60 8
61 60 62
10 33 69
52 69 35
28 47 33
20 50 78
48 67 32
36 65 97
38 21 45
43 1 19
42 14 52
51 69 90
40 71 85
24 4 79
28 6 91
61 35 55
10 4 97
22 30 75
48 68 4
69 14 11
54 67 51
55 69 94
79 59 97
40 24 39
79 18 86
0 23 56
12 41 41
66 3 94
38 66 51
77 61 4
30 70 7
45 59 75
58 43 55
12 5 25
11 30 87
3 70 58
7 6 92
31 25 76
4 58 1
71 66 55
54 13 61
29 5 38
32 7 64
22 67 76
69 38 47
26 22 50
26 39 18
26 71 55
26 79 48
26 8 96
26 64 44
0 73 44
5 73 70
9 73 76
19 73 7
44 73 5
54 73 45
60 73 94
62 73 70
