72
39
82 6 0
65 47 0
59 51 1
19 12 0
21 48 1
76 3 2
33 97 1
11 15 4
61 71 0
34 42 2
9 41 8
33 35 1
83 62 3
89 69 12
48 6 0
52 95 13
75 89 12
47 4 10
59 45 16
7 81 1
89 8 4
66 10 18
25 43 20
96 79 22
82 95 14
98 95 6
43 23 10
25 28 3
97 63 18
75 44 3
15 12 21
94 65 1
65 54 5
51 14 21
15 69 7
13 7 18
52 47 10
52 97 17
19 49 20
12 69 16
21 89 25
51 0 33
8 95 41
83 97 22
96 15 4
20 62 12
71 8 29
60 33 23
14 21 40
31 21 4
0 69 14
12 86 33
76 8 4
96 18 39
43 33 3
29 67 21
78 5 11
28 32 36
82 74 52
2 32 54
98 62 17
95 36 11
14 29 62
35 80 8
69 79 64
99 42 2
3 49 4
25 16 7
73 81 24
7 2 7
17 92 7
67 98 4
71 76 68
58 12 10
53 97 68
91 96 26
55 98 28
49 81 71
28 82 31
18 52 43
90 75 63
54 78 47
91 11 20
27 52 82
44 2 57
47 67 81
58 45 19
77 21 40
66 26 52
71 54 66
53 7 20
48 58 41
7 25 44
42 92 26
16 98 63
73 1 16
5 44 29
88 69 45
67 23 55
24 38 8
6 82 54
89 54 85
12 43 20
64 14 6
3 87 92
73 70 70
57 95 59
47 28 81
53 92 53
44 28 26
6 30 2
67 65 16
54 45 23
93 4 59
95 34 32
94 0 63
70 35 82
43 29 89
40 26 27
9 48 112
9 6 35
19 65 8
53 58 117
52 7 86
81 67 108
55 7 22
46 99 25
32 78 57
81 32 41
47 37 130
36 75 55
92 33 11
75 24 28
61 36 75
78 71 123
92 55 101
23 47 117
67 43 23
93 70 19
98 1 131
27 32 84
66 11 125
36 37 56
65 76 1
70 64 12
14 31 79
16 61 64
20 77 122
91 10 130
96 5 120
37 67 11
25 56 20
28 88 101
11 58 62
59 8 108
36 53 102
45 23 66
85 58 16
53 26 76
23 49 148
44 5 76
58 41 108
12 85 149
77 37 106
83 21 19
62 8 32
40 31 105
83 46 43
25 21 156
32 5 91
19 42 18
30 81 80
20 95 161
48 24 9
21 86 10
27 93 43
31 82 159
86 80 162
0 4 22
61 33 185
33 27 174
0 64 144
16 80 146
18 15 10
92 11 18
11 50 92
85 38 191
38 56 176
35 87 101
47 79 62
2 35 125
78 77 128
28 21 143
57 21 104
20 35 153
24 35 17
3 24 93
38 18 12
26 48 17
82 35 105
97 76 158
36 92 184
62 13 2
46 98 49
87 82 104
0 19 186
95 81 202
1 51 11
2 52 78
42 38 12
67 63 27
42 21 163
45 68 74
93 37 38
28 23 66
52 17 108
85 84 218
24 9 64
10 41 132
62 15 170
32 64 49
29 59 34
69 20 11
82 76 77
41 95 190
61 62 167
43 99 170
95 80 185
82 84 186
60 16 70
62 55 180
87 17 190
98 21 199
61 42 221
6 89 127
83 11 173
30 46 142
87 32 58
36 84 79
20 92 217
27 73 75
40 51 217
59 28 95
60 2 248
37 86 86
13 94 166
99 87 69
52 89 203
19 34 115
6 94 218
48 76 39
14 12 67
53 80 238
98 73 217
2 73 56
13 67 240
93 34 219
79 54 153
8 1 247
12 47 157
91 22 184
69 87 147
33 78 25
75 54 187
17 53 174
71 62 134
82 43 255
31 20 66
23 71 192
57 23 28
84 75 106
18 93 283
44 94 111
68 60 67
7 10 234
90 41 18
3 92 164
45 86 108
95 37 177
47 19 44
11 16 50
87 49 295
5 82 92
49 28 234
85 76 284
42 99 110
99 84 66
55 61 60
4 22 115
54 55 37
91 68 124
1 82 71
46 68 275
36 97 277
75 48 238
17 82 25
17 11 270
90 25 81
42 34 183
35 33 170
52 6 49
57 12 131
18 30 71
36 67 8
29 1 34
84 23 300
58 34 130
61 13 220
75 32 57
82 20 292
20 69 8
18 43 210
71 93 286
48 18 49
93 60 204
31 94 185
32 7 293
60 37 98
78 66 146
25 65 153
69 83 200
44 87 173
40 30 221
40 81 244
87 88 304
62 31 274
56 37 37
24 94 295
33 37 193
36 90 260
0 61 97
26 65 178
52 1 41
38 47 261
80 63 212
81 34 8
73 97 336
55 0 6
68 35 113
15 20 97
13 69 203
83 60 256
58 98 43
38 2 307
83 48 170
47 73 346
21 95 199
87 80 235
57 40 320
18 98 105
69 9 155
0 31 34
53 75 161
50 24 54
57 55 93
80 36 103
55 74 209
6 12 273
70 10 92
11 98 63
43 73 110
26 71 327
98 38 354
43 85 185
44 40 215
58 54 210
19 78 64
98 16 285
99 94 2
35 38 232
67 31 373
44 71 270
17 9 208
34 38 60
71 3 376
7 94 170
69 70 157
45 60 102
35 24 100
24 31 271
89 74 225
20 28 80
34 13 146
6 36 301
15 17 225
96 40 256
97 26 233
13 62 251
64 35 55
49 5 13
64 97 77
32 55 81
64 76 80
69 64 247
46 60 357
37 71 127
48 94 121
60 58 257
12 50 17
54 25 94
21 70 236
73 50 258
59 40 1
89 75 358
0 40 242
14 11 422
50 28 356
88 12 355
85 96 302
60 88 211
68 83 92
0 98 386
98 59 246
0 79 62
47 44 281
87 37 118
8 40 307
87 51 198
28 62 22
40 22 147
26 1 330
84 20 79
6 58 100
80 59 67
83 55 214
66 28 370
92 10 311
80 94 343
83 6 231
16 32 88
90 95 212
80 23 182
79 95 199
16 40 443
21 83 264
84 51 291
33 15 294
95 55 449
31 51 308
27 82 16
6 97 257
81 4 39
94 9 310
29 78 86
31 11 80
38 77 149
2 19 282
96 82 99
7 43 39
49 69 36
71 79 373
78 9 9
36 12 260
61 48 405
85 90 7
83 69 300
33 77 212
1 68 159
56 89 139
93 88 189
66 54 125
75 73 375
0 57 305
50 2 34
46 56 279
11 5 141
92 62 235
34 21 193
92 29 273
76 28 476
56 46 112
98 76 184
7 1 390
44 91 108
17 25 135
55 66 415
96 93 411
70 76 437
7 83 261
45 92 132
38 53 485
22 56 105
36 55 367
96 64 13
74 71 399
87 86 425
52 99 120
24 59 486
58 74 421
38 16 234
24 6 180
66 76 373
89 18 234
82 78 302
35 81 462
1 71 173
96 81 92
44 61 362
82 44 161
29 43 62
75 15 298
3 83 90
21 2 27
58 49 120
56 45 413
67 53 9
96 37 437
49 61 36
42 41 506
9 49 345
44 37 514
93 97 431
7 50 299
73 40 286
54 86 297
87 54 252
16 57 15
14 7 472
57 52 48
0 71 502
98 88 87
99 17 26
27 89 41
12 80 81
20 90 106
1 27 470
52 75 304
36 25 480
99 98 416
91 0 357
11 77 123
79 13 171
71 91 73
34 20 401
38 12 435
33 11 189
24 78 282
45 80 527
98 24 164
68 14 199
40 41 420
85 75 428
70 87 517
71 45 136
71 81 393
1 58 367
17 83 489
76 34 286
29 52 289
51 63 223
46 97 334
57 50 354
22 77 66
90 54 258
91 95 283
31 25 157
83 90 479
3 78 447
74 80 234
6 8 522
24 12 531
74 32 257
38 61 16
94 20 258
15 57 336
53 67 585
35 78 158
10 50 180
89 3 182
48 0 313
75 86 205
64 3 112
5 55 325
5 59 60
18 7 396
34 57 384
19 94 134
77 8 16
96 77 467
73 31 227
67 21 186
42 89 354
23 91 127
87 77 208
3 57 213
2 28 223
13 51 265
63 97 399
40 7 532
49 44 490
98 52 132
74 67 16
50 61 567
9 32 13
54 52 219
89 73 127
13 88 6
34 81 362
25 63 402
42 5 36
89 21 166
21 67 328
24 15 335
78 50 526
73 34 15
62 24 9
77 17 604
36 95 163
55 42 461
61 68 354
8 99 143
61 30 127
42 80 39
80 34 389
94 22 319
27 7 27
41 23 602
48 62 37
33 23 627
61 32 279
28 47 600
86 93 97
48 70 637
74 33 418
2 30 319
30 62 631
42 70 2
7 3 435
78 62 24
14 79 542
6 73 52
83 45 277
99 30 58
23 5 433
16 66 494
73 93 90
92 51 75
95 47 562
45 10 326
51 64 278
54 7 165
67 47 360
58 73 552
67 89 316
78 85 219
2 77 478
93 55 57
3 47 213
80 6 369
96 58 189
17 5 387
81 53 108
24 96 47
43 8 563
6 37 625
32 81 527
50 12 4
80 61 258
28 18 40
48 92 499
54 38 180
84 1 650
66 70 377
94 73 309
46 94 247
91 13 469
43 27 673
12 16 682
83 22 314
17 40 41
34 26 512
34 22 379
56 73 88
10 86 468
83 3 109
84 55 156
16 3 316
43 55 564
78 17 28
38 13 9
59 57 604
49 77 320
85 73 220
62 76 559
64 40 111
74 53 609
18 95 105
57 36 282
20 42 29
71 22 93
56 67 62
33 55 71
49 20 298
49 73 424
19 3 675
71 15 3
56 71 356
34 11 134
47 2 447
9 29 306
28 55 291
92 76 79
73 35 203
29 73 351
27 88 241
60 5 35
26 24 575
18 4 566
16 58 102
34 67 461
10 54 167
51 89 643
11 4 320
61 73 237
78 53 658
95 82 644
70 5 215
94 58 704
36 26 381
46 2 572
74 48 7
45 6 655
13 93 302
99 15 327
81 20 139
56 47 141
18 45 661
57 97 118
60 82 510
10 1 539
75 0 484
77 58 326
78 45 567
77 31 228
16 17 741
81 70 235
45 35 700
68 87 275
55 84 389
22 27 119
19 76 245
28 57 738
28 19 29
54 60 499
41 44 339
26 80 588
0 73 748
99 5 201
53 73 57
7 15 141
8 81 204
93 47 24
6 42 12
53 78 670
44 99 115
34 99 37
22 51 701
56 52 644
11 57 244
43 75 367
2 24 434
5 58 216
66 36 611
0 42 365
64 33 406
67 88 556
40 21 651
51 22 63
75 58 765
2 94 139
41 22 414
43 94 784
52 8 144
47 3 64
73 38 271
73 16 79
0 46 782
16 79 498
92 34 267
8 2 408
14 52 115
30 53 493
14 30 255
0 76 784
67 36 62
14 61 284
97 43 754
7 20 222
61 86 156
73 13 123
99 38 503
6 99 37
10 61 227
54 16 706
16 91 547
80 95 775
86 57 677
74 97 137
9 87 306
16 23 50
53 0 517
13 21 700
23 52 429
41 6 813
4 86 774
4 33 35
97 44 634
25 11 392
33 32 466
74 59 585
22 88 665
73 14 607
70 1 424
62 99 586
4 73 394
18 61 432
16 71 196
98 10 622
93 89 371
38 99 486
0 16 579
9 2 336
47 76 349
3 21 159
65 9 252
81 91 599
64 10 5
61 64 43
93 52 247
43 98 54
85 87 199
81 99 703
47 49 509
27 19 708
48 38 48
99 45 534
3 23 314
49 56 689
68 27 553
35 45 310
7 36 271
84 16 336
60 35 801
78 48 446
91 24 689
80 28 648
54 64 174
26 18 200
16 47 233
35 95 544
24 2 663
59 21 604
49 45 484
65 4 17
70 29 41
1 81 31
88 14 259
71 99 667
79 74 871
66 29 867
76 70 406
29 38 296
19 41 794
49 32 93
89 86 188
85 7 217
96 42 664
43 92 43
99 52 891
71 40 792
34 71 155
84 27 347
51 67 17
51 3 279
74 46 859
45 0 334
14 86 402
95 17 746
42 29 562
29 7 296
99 31 474
41 50 491
18 8 163
64 66 284
8 30 898
6 57 682
38 79 691
47 29 256
16 81 434
83 68 558
9 5 499
93 75 139
23 80 71
79 21 71
91 9 579
17 33 783
97 19 824
98 37 423
22 1 496
33 61 688
93 14 524
11 26 586
64 37 754
28 51 448
43 19 157
5 90 40
96 4 867
26 64 201
43 82 910
27 80 632
63 68 835
4 74 139
83 0 792
82 14 583
87 97 292
62 19 151
44 64 57
30 25 732
11 79 604
25 97 565
51 78 563
91 15 564
82 7 163
5 21 800
35 23 341
85 47 260
2 36 427
21 57 761
8 94 81
71 67 922
22 43 851
31 62 163
92 97 277
94 21 40
4 42 789
55 10 419
57 80 849
43 62 225
15 41 867
12 42 33
45 78 194
68 95 192
61 53 210
56 77 31
51 77 7
54 1 357
60 10 889
73 78 420
40 2 569
57 74 340
82 94 315
85 56 644
1 80 669
27 50 517
16 28 970
26 82 807
35 93 296
8 96 212
52 85 56
8 6 383
20 70 750
98 85 470
40 49 98
54 63 816
55 48 449
38 36 511
4 40 580
8 70 289
75 21 296
46 14 859
86 85 464
64 8 748
66 79 324
62 9 972
50 55 624
18 37 291
59 66 985
0 24 841
61 11 307
94 11 729
34 50 474
75 85 230
1 36 252
52 67 73
56 70 446
34 73 580
15 31 506
40 1 864
43 88 219
34 29 639
78 60 198
34 87 771
46 33 289
7 55 598
94 76 801
77 84 239
74 52 222
69 50 271
12 90 145
17 77 981
58 37 968
13 31 916
71 49 547
14 6 174
46 9 101
97 73 315
47 21 977
28 2 347
87 1 298
52 15 613
70 9 874
89 1 122
66 55 1028
45 31 26
26 63 982
90 93 487
92 75 1011
32 6 376
38 25 539
68 40 304
14 89 889
36 93 245
10 18 246
57 83 335
77 74 770
79 48 395
4 25 561
66 86 519
69 95 649
61 6 343
37 32 305
64 93 186
81 85 14
8 42 748
59 11 809
21 13 994
8 59 1067
24 74 893
52 18 257
41 91 129
51 53 756
27 84 218
10 59 1017
0 54 227
0 3 1059
59 52 796
18 90 20
99 61 962
29 71 155
87 9 148
4 52 138
87 94 235
79 34 694
84 21 425
84 87 602
29 90 906
26 50 765
29 35 239
64 63 323
51 82 487
76 41 187
27 14 64
52 65 841
30 41 979
6 95 712
47 36 137
92 87 487
77 60 892
10 44 592
61 49 746
2 93 1031
51 69 125
74 88 942
70 62 450
56 63 650
80 83 379
20 94 458
99 54 112
51 66 749
50 73 632
86 3 81
23 95 794
42 64 156
91 92 949
42 96 835
88 90 1094
18 11 827
83 25 1086
91 16 774
85 33 657
14 78 849
4 35 575
14 60 15
62 93 732
93 19 232
51 8 848
27 21 42
45 13 102
76 94 1001
17 32 305
56 34 1100
70 82 586
6 11 1133
98 23 285
44 10 251
44 11 930
36 0 993
6 31 698
11 59 425
10 71 401
89 60 519
40 71 485
51 49 690
17 31 974
52 5 616
48 69 1118
75 10 78
45 18 721
63 35 999
4 14 613
95 87 957
56 62 641
47 71 310
21 87 740
86 33 244
31 79 673
16 5 895
66 64 1125
98 96 847
65 88 399
96 16 714
10 75 734
98 20 716
17 75 56
93 20 52
90 40 116
37 41 1103
49 14 1024
4 21 876
51 43 885
45 99 324
97 53 198
56 81 352
94 43 807
18 82 145
26 4 897
12 71 1035
62 77 144
75 71 19
50 49 686
9 68 1013
66 78 879
96 48 62
57 26 774
97 15 366
49 4 856
8 16 1052
42 24 450
30 38 1003
76 33 800
17 23 647
48 5 1115
1 9 105
42 63 515
20 76 473
11 60 506
66 82 825
71 74 258
37 51 1105
44 30 886
98 80 131
84 63 1104
47 45 618
56 40 6
79 86 852
32 4 934
92 90 833
64 90 1190
66 43 13
36 59 766
29 44 118
99 44 955
89 55 574
9 10 44
19 35 893
32 15 425
33 8 958
44 88 378
26 10 1130
73 80 989
66 4 180
34 64 314
84 11 85
49 57 1183
84 15 1206
97 5 487
13 4 236
19 81 780
87 36 454
76 73 1051
83 70 1174
11 75 295
78 73 326
90 63 986
86 84 747
9 15 763
55 99 512
99 90 796
18 27 306
9 38 1161
96 99 730
14 19 243
41 99 1052
34 5 172
32 35 681
99 71 928
34 33 1009
91 42 574
69 10 1187
74 5 1083
28 85 1046
85 92 762
71 21 371
5 98 961
57 11 1104
22 21 1143
84 66 197
53 28 802
94 99 932
74 61 98
92 64 242
50 17 372
91 3 424
3 34 369
48 65 671
32 95 1211
45 70 1120
92 65 1107
76 56 256
84 73 1171
32 10 1226
30 90 987
31 15 933
41 78 364
92 84 962
44 52 169
71 12 420
78 38 164
77 64 687
93 73 829
71 24 70
51 23 1222
20 87 1020
63 90 411
91 74 879
30 67 161
92 32 959
66 93 820
22 14 146
55 1 1169
15 29 672
99 7 195
83 5 1030
34 54 509
74 79 264
91 86 869
36 46 485
87 30 83
23 99 316
27 23 777
23 0 567
38 42 1223
18 56 271
49 66 139
43 9 769
12 57 80
21 42 1275
63 67 794
83 23 939
85 15 334
2 43 384
68 51 575
85 60 192
24 56 1183
29 45 806
9 98 871
64 22 530
43 18 219
68 79 121
81 14 845
97 59 1153
22 25 1169
66 52 318
43 14 625
31 97 602
96 17 833
7 16 683
69 81 1314
58 86 997
21 91 48
12 2 377
46 24 773
35 88 745
32 87 91
82 62 562
82 50 506
46 22 1218
16 11 916
42 49 354
6 98 1014
82 57 391
43 71 238
59 96 666
89 19 227
87 74 171
60 94 794
98 55 1207
44 36 942
2 89 67
65 51 238
3 95 904
40 29 1102
29 86 784
67 84 94
44 47 416
57 67 1157
13 76 218
18 74 965
95 26 1135
8 4 477
40 55 1227
48 89 831
88 46 1100
16 15 1025
86 44 216
63 12 479
53 89 594
34 56 24
8 55 842
17 44 856
36 19 911
98 56 844
9 67 33
90 43 586
53 63 1034
6 45 1135
2 61 974
29 99 483
56 29 975
69 65 1287
64 75 128
95 46 284
12 32 1398
16 19 710
27 54 437
38 65 438
97 92 4
23 26 801
9 97 431
56 65 1344
52 10 697
90 88 1109
68 31 325
94 57 686
24 41 386
60 27 1026
82 67 118
35 98 553
4 17 1178
56 10 32
85 23 1106
59 95 1369
19 97 1114
2 90 646
33 29 1244
54 77 491
8 69 848
36 61 487
99 92 490
61 8 16
22 59 872
65 67 1183
77 79 1218
37 40 234
95 49 343
13 90 1159
88 22 1350
4 6 161
88 26 1412
37 60 779
52 16 219
84 69 1058
31 69 28
76 36 842
1 77 289
41 62 608
88 95 21
27 6 1431
58 60 509
38 30 624
69 28 100
25 54 1384
84 3 546
44 50 545
63 7 977
21 30 982
35 10 19
33 5 538
33 53 260
38 7 580
3 2 1008
63 53 1461
0 27 1040
47 25 679
50 11 997
18 86 322
17 86 1152
4 80 1308
36 64 1306
14 85 820
77 30 200
30 24 458
66 68 1076
64 94 1181
36 38 347
61 80 607
28 1 65
71 31 750
35 15 885
83 27 1426
54 44 718
28 77 1475
8 9 1232
88 42 38
2 4 372
47 50 207
1 28 758
0 74 210
77 90 1488
44 69 727
42 43 567
29 79 204
78 74 214
9 99 1230
68 77 1097
24 3 1120
79 66 975
48 7 415
48 73 1366
77 1 987
69 32 1410
40 87 1040
38 66 769
38 34 409
13 23 258
54 59 1090
57 30 700
71 64 608
79 47 253
38 63 1112
67 50 888
94 93 1462
8 75 22
38 95 348
16 75 480
7 11 839
76 40 105
66 13 263
74 54 864
62 67 1326
93 83 1408
31 55 1382
32 1 845
30 85 68
16 21 546
22 52 1359
82 32 1468
50 76 617
74 34 916
65 27 43
52 81 1353
12 60 664
28 84 147
75 77 213
73 84 135
45 61 700
96 85 482
83 78 122
84 76 1336
11 41 1031
26 14 647
29 65 1367
13 2 1206
40 57 394
47 6 1423
58 32 330
85 66 650
12 38 1448
19 25 1169
1 83 1223
58 35 91
30 21 572
88 6 1167
32 38 25
73 49 285
68 82 113
75 16 1151
47 48 1480
91 69 1013
58 62 1310
50 30 562
51 57 780
27 1 85
12 33 986
81 40 1143
50 77 1446
29 16 707
7 47 948
15 78 1148
43 76 819
87 47 373
11 91 1498
98 22 425
22 90 1141
86 52 669
88 18 738
56 19 289
78 56 285
66 62 1560
18 35 1215
53 56 1182
81 10 1251
63 43 1042
60 95 149
54 75 1529
73 6 421
87 89 359
34 40 821
6 61 1455
61 52 1138
66 12 901
70 61 1251
61 93 1199
94 92 1146
44 23 1196
79 38 536
38 22 860
81 23 891
89 33 368
73 19 760
85 20 139
28 44 1344
12 55 1054
6 35 795
88 37 497
66 67 4
94 97 1495
86 32 884
16 13 967
37 58 746
37 65 1187
90 53 1593
38 52 1431
45 20 456
76 24 291
12 3 1289
70 3 1225
32 91 28
67 61 808
51 41 185
33 26 882
55 38 1030
22 98 1037
90 13 26
2 9 301
3 59 1417
31 83 1538
29 20 1116
32 8 131
13 49 1210
6 3 775
17 10 1441
98 8 179
51 91 711
70 77 1254
80 97 1090
34 36 484
45 14 1293
93 87 1353
60 52 860
59 97 210
53 8 526
80 16 1270
87 24 1603
55 79 1214
47 64 77
96 36 214
67 12 227
45 64 22
70 58 540
94 13 514
76 71 1014
22 13 93
96 52 1010
83 54 1059
11 48 773
67 41 1041
42 31 62
34 6 1259
97 8 1000
87 20 424
73 71 596
21 1 736
18 38 35
44 6 161
77 94 766
13 63 832
70 16 718
35 58 259
25 15 1111
12 98 283
61 19 421
28 43 1357
14 25 810
4 60 88
10 26 487
50 89 1531
51 27 1589
7 70 708
92 19 635
38 83 1181
47 74 1057
11 25 1173
18 78 1392
4 8 1410
88 63 142
85 37 1651
5 22 573
59 15 1059
73 42 605
81 43 362
97 47 1256
50 58 1007
93 99 875
40 77 713
65 17 191
93 11 978
5 10 1052
75 22 685
82 47 372
40 88 1010
68 65 853
29 93 944
21 4 105
26 93 417
75 52 569
57 66 638
76 7 360
69 58 1544
16 48 55
11 55 1115
8 38 343
31 9 1500
22 61 1058
65 52 315
49 76 1306
79 46 1443
65 14 8
78 94 317
38 10 340
97 77 621
55 2 1007
4 5 932
4 43 599
84 96 195
96 44 69
29 36 1292
47 97 666
1 93 1298
89 17 1013
31 52 1548
17 30 1656
0 65 1387
53 52 399
59 81 244
51 99 534
89 88 1101
83 32 1481
58 33 1436
62 4 1112
23 56 1282
2 40 901
86 98 911
21 40 813
6 52 1174
84 2 1325
68 74 1469
56 95 300
21 19 1753
33 16 777
36 94 1048
11 84 785
45 98 500
48 53 169
2 18 1210
68 13 284
75 68 1184
99 86 1499
27 8 1362
9 74 1554
19 51 720
85 52 704
10 76 1595
7 45 364
88 7 255
35 85 563
18 46 453
22 73 940
6 48 953
69 53 528
54 40 622
28 80 848
63 45 79
30 37 252
90 87 76
76 85 698
61 2 781
3 19 725
10 49 1033
55 53 670
83 52 1317
45 52 1788
37 80 1399
94 95 1634
95 5 1096
79 24 507
98 6 1052
59 82 7
51 79 1794
99 77 500
77 20 466
36 5 1481
58 61 329
17 66 859
0 9 531
40 85 141
91 25 1059
75 9 1736
30 65 359
16 64 1586
89 12 288
45 79 657
18 29 1362
62 36 115
1 26 552
68 23 331
55 90 874
93 22 636
75 45 148
32 33 1216
61 35 1558
24 97 1028
88 0 1164
60 79 1069
38 98 202
70 93 147
21 77 377
91 97 1508
18 94 1113
9 7 226
90 78 1270
80 74 61
89 82 1471
61 3 507
14 4 1396
95 89 5
9 47 1028
71 69 1165
52 14 246
16 55 276
42 0 1489
94 87 300
65 1 1485
67 5 447
88 36 1265
80 78 1533
51 21 850
85 11 1134
93 23 284
30 79 1530
20 61 1855
48 77 1002
67 48 1794
60 77 1201
76 60 1640
7 27 714
1 46 1865
71 87 879
62 83 1734
91 94 1860
12 84 1692
40 59 1421
86 25 515
27 11 1753
25 8 1377
51 17 1533
92 67 1597
20 80 1177
7 49 1075
70 97 1525
95 73 293
89 38 1463
64 6 345
81 79 1197
24 37 1864
73 33 55
31 93 44
52 82 1884
40 54 749
55 4 769
45 73 975
15 65 1738
23 45 83
25 2 1250
87 75 1835
27 16 1596
71 73 631
56 21 1760
31 16 1177
90 80 637
27 42 1819
97 81 591
31 50 734
37 15 995
23 38 1159
38 14 1506
7 18 1670
87 29 332
45 51 261
59 44 1069
55 68 1016
48 98 1558
41 42 414
35 97 222
58 31 1002
83 59 1910
28 97 1813
32 20 1731
84 37 853
45 65 216
32 43 1713
58 13 402
79 22 885
28 33 319
68 0 1814
40 86 191
35 5 149
93 33 172
0 26 1240
81 30 170
94 46 953
77 65 139
42 8 1428
62 17 613
25 22 1815
33 31 1634
36 17 506
30 44 1273
16 44 1514
92 49 9
53 5 1350
63 69 1808
46 62 340
96 7 1103
11 54 398
1 14 434
15 22 585
83 96 585
6 63 243
22 79 1261
41 19 1290
4 61 967
50 93 102
77 87 1458
81 44 1801
20 21 804
5 11 384
45 34 281
65 30 985
7 26 860
70 69 625
80 21 1362
36 47 1659
69 37 1856
36 23 1309
24 11 381
17 97 446
23 82 1022
11 56 1058
98 60 1594
37 64 1551
17 14 1565
54 82 331
87 64 237
41 75 810
55 60 1045
19 48 1477
37 5 872
63 5 456
88 79 1029
34 97 1181
48 29 1535
70 75 1943
69 59 1758
9 95 1157
3 85 1173
82 59 1817
89 46 1572
63 92 1548
31 19 109
53 16 1948
76 78 525
56 85 169
49 71 1447
89 20 1803
66 80 743
14 62 1256
83 30 18
54 65 745
76 20 738
43 86 677
85 98 855
78 40 593
74 78 1577
92 8 1200
14 63 66
5 73 178
93 29 507
48 16 1550
46 53 629
89 83 574
44 31 1307
54 0 1397
42 9 1289
75 70 1876
46 78 471
43 90 18
13 55 1163
68 20 842
56 3 185
92 5 317
23 7 129
70 8 575
96 57 578
83 37 1372
7 22 120
45 9 879
88 32 206
59 68 874
68 94 163
36 42 1691
63 50 1637
51 70 1951
65 84 1876
94 88 1875
27 67 1811
49 55 1509
91 30 1725
40 98 1909
20 43 1983
51 20 642
91 82 1043
67 70 1312
11 7 665
99 46 577
26 98 1735
34 92 1327
44 96 1224
94 75 980
56 61 1160
53 94 1357
51 32 1687
24 76 1434
65 43 0
12 10 603
2 31 706
83 34 1986
58 15 42
30 49 833
90 28 1392
16 78 1173
14 80 2064
28 67 873
27 62 590
69 7 1211
32 54 1281
46 6 1610
4 83 1023
22 7 1518
12 82 1044
10 46 1449
93 56 2023
60 9 577
14 1 1993
25 76 1146
21 64 945
10 96 1121
0 15 1716
56 88 1913
61 96 1081
10 80 1436
3 17 1310
58 42 831
36 82 1932
0 77 460
11 27 1901
11 17 1768
88 44 1068
60 99 1133
31 91 1835
46 27 991
63 34 720
71 66 376
24 20 879
17 94 93
77 55 1600
59 4 1499
69 17 82
81 86 1648
27 41 1412
43 96 392
34 88 1913
34 27 975
91 8 189
93 6 925
63 79 166
61 22 1646
26 79 824
62 96 351
69 0 1995
25 0 564
4 23 513
60 75 1963
80 20 51
87 44 1336
82 88 684
6 50 267
62 53 1479
10 52 1080
56 57 381
41 56 1290
46 47 1960
90 83 2007
96 47 1064
44 8 499
52 43 105
58 23 1953
75 91 876
83 98 1921
77 53 1320
11 83 344
76 21 514
13 52 679
65 95 2122
87 23 1995
47 56 1721
8 11 596
30 88 358
37 70 801
35 2 801
26 52 1897
29 26 345
25 6 602
97 18 1239
17 1 2002
61 18 695
83 12 534
10 88 587
23 74 304
24 66 422
15 56 1123
40 18 711
13 68 1591
69 40 845
53 27 1932
76 80 765
87 52 770
24 1 1188
65 79 1841
73 36 1758
21 47 286
35 96 309
51 46 326
90 49 1514
30 77 477
34 46 461
74 96 1774
95 99 2116
36 3 720
9 33 1018
56 16 235
25 59 2043
41 51 1640
3 61 2097
41 88 262
41 12 1842
42 40 531
18 65 2008
68 1 142
81 35 1783
66 89 1900
77 50 480
43 47 2176
56 20 2090
58 44 8
67 38 409
30 89 1480
45 82 121
41 66 556
44 25 1914
89 2 637
20 25 1536
25 42 1262
16 10 1691
32 34 1027
53 99 99
75 99 1399
46 96 218
29 89 1755
20 59 767
23 67 537
94 14 782
57 75 321
5 57 718
45 57 619
27 53 242
36 66 155
40 46 1586
17 37 223
94 96 1094
85 24 695
98 54 1561
30 8 1954
4 44 1681
42 7 1121
94 28 1737
3 36 1784
86 10 1336
66 24 979
22 31 633
14 58 74
98 58 190
75 1 1862
8 54 241
31 26 2058
75 66 2186
94 41 1757
41 45 1736
23 22 85
64 11 507
32 40 1397
93 67 186
8 29 297
69 26 1700
30 93 586
89 28 36
50 94 791
53 17 366
51 2 152
40 75 2231
22 66 2002
84 9 2060
30 48 643
94 56 623
79 18 1465
93 68 1148
54 96 1245
33 7 58
81 33 1333
7 44 1180
3 67 1104
59 26 2141
14 33 495
45 62 1234
21 90 289
50 86 464
63 88 343
88 92 339
92 57 797
27 2 1335
78 27 83
16 41 137
86 76 30
95 48 618
4 90 973
35 94 558
66 25 274
45 56 492
52 56 2011
21 61 862
20 99 64
97 12 856
33 57 1281
3 8 1541
22 12 1494
74 15 156
85 34 1093
52 28 589
41 32 1605
99 24 918
28 16 628
97 93 911
37 17 1574
20 3 884
11 37 794
18 47 1346
88 33 930
29 22 1877
37 22 2242
50 20 1058
64 81 1234
63 81 1358
41 36 368
86 14 1722
11 14 2257
45 16 1657
84 78 834
58 96 308
91 84 189
15 53 155
52 91 2152
46 32 1734
92 0 1643
68 9 1998
31 99 665
24 40 1140
66 87 2270
16 27 1136
73 46 1464
86 64 1568
12 93 1504
36 27 1961
11 13 676
81 84 1073
33 87 1686
64 18 787
60 92 1172
29 33 138
69 46 2187
62 78 553
85 5 358
81 6 684
65 11 1670
99 8 1582
10 16 23
17 50 346
40 45 1763
1 37 250
55 93 2022
90 74 600
38 5 1873
92 7 2355
75 27 1149
9 66 775
75 49 1263
49 43 408
89 62 678
71 59 1062
84 58 1239
10 5 1106
97 70 1582
64 4 821
85 17 7
60 38 468
83 89 977
1 5 833
58 89 1021
83 88 433
17 84 609
54 83 656
89 32 921
85 22 1660
65 63 40
88 21 1282
41 68 1875
7 98 2147
70 95 547
44 48 940
31 12 2004
5 0 391
65 64 2083
41 38 1696
98 3 2105
34 89 1259
94 31 1773
33 66 290
30 3 1001
22 58 1041
58 87 2189
22 36 1667
59 88 855
1 42 689
75 13 874
36 81 1730
15 30 12
6 44 1899
1 32 496
49 24 1807
7 84 1631
44 83 1513
45 63 301
85 4 120
35 46 226
70 19 256
81 98 452
80 73 521
93 64 1125
35 51 1388
19 79 1300
97 4 1616
46 44 2251
40 43 1671
87 26 2044
89 0 1505
83 43 1646
58 70 1349
1 34 175
82 17 294
47 92 1664
86 49 385
75 5 4
9 3 1059
83 58 311
28 78 2162
62 45 1009
86 18 617
50 43 1082
17 70 1287
83 40 1936
0 97 1400
56 55 616
83 66 2316
69 2 2419
57 54 1631
46 51 1253
90 96 1033
92 13 2223
46 90 539
75 30 538
10 64 1873
7 34 1847
86 55 386
66 22 1094
86 38 1612
12 92 1103
22 63 2122
40 9 1023
44 85 455
53 69 1831
11 19 2438
79 91 2137
68 81 141
21 10 498
50 27 617
74 26 2433
31 64 1907
20 19 331
37 16 926
6 83 1770
61 75 1859
59 84 2464
87 56 266
67 20 2428
19 75 1671
92 66 332
88 11 1737
16 4 1903
33 41 394
99 82 310
52 93 1698
50 75 1300
10 90 1415
74 1 2158
94 24 2315
68 28 932
6 93 523
68 63 1306
20 97 360
61 4 51
73 43 2287
79 14 231
86 29 1365
61 92 124
90 35 2077
60 1 2075
41 33 2311
81 73 1905
37 45 1939
97 90 466
43 28 468
30 70 1220
50 59 3
79 65 2326
58 46 878
7 85 1093
74 58 2305
96 45 744
47 59 203
23 37 2219
43 11 1525
50 9 725
36 43 969
11 86 1588
61 90 833
33 45 789
69 60 1094
10 28 1816
53 96 208
0 95 643
46 91 1818
92 79 60
12 17 1870
4 18 1479
58 38 2015
70 65 2141
17 35 2196
66 61 1918
8 28 1458
59 70 382
88 81 786
46 67 2389
99 2 1263
84 93 545
81 16 193
28 52 1475
42 84 1031
2 46 779
96 56 301
29 5 591
91 41 1029
76 63 362
84 18 1228
3 91 910
33 28 1241
25 20 1329
89 35 1750
88 75 1073
64 73 1750
30 56 1140
84 50 1647
85 69 60
94 68 1559
34 12 561
25 89 2126
30 83 1122
63 27 2515
26 83 1864
93 24 1030
96 35 1204
47 75 474
13 80 1647
80 41 1108
23 66 826
38 67 322
24 5 2393
38 9 1974
14 22 1641
41 25 175
33 70 1172
79 33 1498
73 51 1349
40 95 672
48 52 270
70 31 1175
97 20 1478
49 47 1969
59 55 2192
99 34 1843
4 49 715
9 25 1111
74 13 2054
93 7 460
89 30 2266
34 7 1189
52 49 84
27 3 756
99 57 1747
48 17 164
5 89 701
59 35 9
43 97 709
24 85 973
48 74 2014
78 4 729
32 50 69
26 13 660
68 21 2372
94 42 1037
35 32 1316
71 47 1644
57 42 1974
52 86 2040
95 98 488
18 54 2062
62 90 90
90 67 245
63 76 2195
90 81 1439
92 40 1477
62 6 256
81 21 535
60 51 1690
53 59 1601
34 80 2404
71 26 440
50 31 1531
60 44 1527
96 98 1248
74 83 1246
5 13 751
19 36 1472
6 49 1715
5 42 339
71 10 698
58 7 1329
65 96 2353
81 93 982
3 53 2159
10 95 1119
16 30 851
43 41 452
6 9 558
32 73 1522
20 89 1964
9 71 479
32 51 283
75 74 2181
40 63 913
65 0 2638
53 47 1956
86 35 2477
37 91 2165
90 62 848
20 96 1314
48 33 720
47 89 7
81 2 1653
64 48 2622
65 87 1546
75 34 2653
74 89 30
7 41 1592
44 43 585
75 90 500
54 36 2033
66 81 1843
83 31 783
5 70 2425
0 90 1491
20 26 1552
26 66 156
13 8 1156
48 23 262
98 46 1181
93 74 188
50 10 1954
62 59 2507
82 66 1228
35 11 201
44 55 2126
25 17 1945
75 19 346
32 45 369
76 26 1321
85 45 2660
19 57 2373
19 99 1024
95 40 1284
24 53 2654
55 89 623
16 26 928
48 31 1000
48 20 87
99 36 1943
33 60 749
88 54 620
55 33 2377
90 32 267
56 48 536
84 54 2384
33 46 45
14 65 1470
47 87 2681
51 96 2140
17 88 1353
47 55 1923
78 30 1484
90 14 1430
34 48 1531
19 59 2036
27 35 1123
45 29 985
42 95 1030
1 75 1877
5 17 1090
63 80 2665
78 64 2336
15 23 2475
17 85 1098
83 93 319
7 66 1516
63 15 1536
10 77 164
77 22 1654
56 0 2492
68 80 247
41 77 1760
23 25 1887
68 58 1867
32 16 323
3 86 2433
77 2 2449
4 28 556
27 57 505
51 75 1119
43 93 2602
25 55 405
95 27 2676
93 81 754
20 31 2252
11 69 2295
83 65 996
88 67 1294
48 34 185
23 63 1820
96 23 2380
95 21 128
46 26 635
5 23 265
34 28 533
85 93 215
54 62 1952
76 92 2486
8 32 140
37 36 2287
29 96 1662
63 55 1237
70 36 2739
84 52 2033
77 4 897
56 64 1579
75 35 2298
14 74 880
14 57 2218
79 7 746
75 41 1565
67 68 1390
56 14 2217
73 67 1310
24 54 2727
36 20 259
74 66 2636
9 16 2208
42 47 427
58 28 1061
32 27 621
25 37 1144
47 20 354
96 38 1464
8 15 1501
90 24 2033
95 1 626
28 64 432
76 19 1250
42 36 1372
42 17 2416
47 31 1405
16 0 270
42 73 2733
61 46 2364
42 90 1029
34 32 2191
5 28 2389
26 59 577
36 31 2756
60 66 1755
30 47 2450
8 90 2753
40 17 1570
57 94 232
33 52 1329
31 59 1946
85 64 169
97 41 1899
61 89 1075
24 16 1908
63 28 500
11 94 2233
46 18 150
29 51 993
67 15 701
57 81 234
25 60 298
70 45 2273
84 60 217
33 88 1591
74 65 1081
14 54 2647
17 2 884
88 13 2552
6 54 2435
77 14 13
86 45 163
18 92 1943
71 58 1165
2 8 2725
8 50 2630
34 23 2131
38 44 1847
82 8 1810
2 59 878
40 78 843
90 7 148
86 78 1720
59 25 1476
14 46 20
23 77 309
23 16 2431
20 2 521
71 84 1129
17 13 2403
25 30 2183
8 10 807
99 29 313
18 13 570
62 16 2659
85 94 2188
94 62 1367
47 7 810
92 88 484
1 11 507
69 99 1481
47 35 2591
14 37 289
30 73 604
33 71 1607
59 10 2317
24 69 1868
67 24 719
62 82 1943
78 88 596
0 53 995
26 32 1995
52 12 1893
78 63 2350
65 5 1416
55 67 2508
2 88 2683
93 53 727
68 25 736
70 11 75
45 36 434
87 76 1972
53 84 2263
95 13 2199
17 38 84
71 29 1568
78 3 658
54 27 14
56 99 1471
75 11 2872
32 12 1163
29 77 1165
3 29 1512
77 66 1275
22 53 2381
87 93 559
16 74 2223
54 43 2845
17 19 2834
86 54 1385
97 64 314
90 46 1320
55 83 2868
1 10 1640
33 36 404
31 6 180
91 83 187
94 64 1412
59 19 822
30 61 2306
79 58 1908
52 80 40
99 14 1303
76 9 1645
14 91 2565
78 41 2372
55 71 988
60 11 2261
37 90 60
54 11 1395
42 56 2235
22 92 83
99 11 2567
22 50 2007
2 87 2027
44 16 2516
68 30 477
22 24 364
13 86 1882
34 91 2636
65 91 247
54 68 2863
52 69 2609
38 88 2262
61 60 438
75 26 2436
22 96 466
98 69 692
27 31 1651
23 93 2007
11 21 686
71 48 2456
36 1 331
21 54 1443
25 44 2193
90 26 345
42 71 2325
83 77 2537
17 24 2431
93 13 911
98 78 1752
61 88 506
26 96 372
43 87 95
15 14 2161
58 27 1182
90 73 1455
25 61 899
21 69 2712
73 17 2110
89 78 1829
91 93 2743
24 7 958
0 45 2038
6 0 320
18 80 676
58 14 385
98 94 670
19 24 2092
20 83 2327
34 59 2207
42 81 1913
37 12 1433
10 89 1954
70 66 1725
56 79 2472
77 61 2814
44 35 75
86 21 893
17 54 1121
67 77 868
83 8 1430
44 75 249
93 25 1089
96 13 701
94 55 1550
19 67 1319
96 65 570
86 61 668
15 33 1591
31 96 2896
70 89 2208
74 73 2883
56 8 43
77 52 2629
73 45 1606
40 68 511
97 57 1244
32 56 1216
55 24 502
59 48 1685
94 60 328
85 1 668
41 27 1139
68 70 1102
83 74 650
62 58 537
34 62 4
81 5 2555
51 13 2282
50 8 665
44 15 371
5 31 1346
86 90 1367
12 67 369
21 6 1743
47 18 1434
69 15 1119
52 35 2037
3 30 506
72 50 73
72 11 51
72 87 63
72 54 3
72 70 48
72 25 62
72 95 76
72 77 86
72 89 12
72 68 77
72 71 76
72 64 15
72 26 39
72 90 9
72 66 66
72 23 71
72 45 76
72 4 13
72 91 52
72 86 62
72 8 4
72 96 17
72 7 13
72 67 33
72 80 92
72 10 23
72 60 75
72 48 27
72 37 97
72 42 26
72 51 27
72 82 51
72 55 9
72 19 90
72 0 60
72 47 7
72 58 30
3 39 39
13 39 48
17 39 76
18 39 38
19 39 66
24 39 72
25 39 40
26 39 81
29 39 66
32 39 29
33 39 10
35 39 18
43 39 40
45 39 70
46 39 61
47 39 70
55 39 74
59 39 65
60 39 14
63 39 56
64 39 20
66 39 20
67 39 0
71 39 1
75 39 21
76 39 47
81 39 16
83 39 65
84 39 63
86 39 92
91 39 92
94 39 47
96 39 9
99 39 28
