51
69
86 5 89
146 132 15
117 122 31
68 151 93
143 35 19
109 94 16
158 106 92
108 119 34
145 114 16
147 83 56
138 114 92
54 1 97
91 148 21
85 159 77
130 15 54
105 129 80
49 29 15
60 87 44
15 14 50
84 73 28
142 111 15
90 19 22
110 153 97
137 59 13
108 85 36
4 47 59
108 129 67
25 36 43
156 33 65
25 112 48
135 50 30
62 70 74
83 88 66
43 24 58
139 137 29
88 28 83
75 154 50
48 23 79
45 98 64
92 79 55
41 111 55
29 112 37
13 91 41
101 150 60
91 0 77
52 17 47
77 93 15
149 117 93
34 119 70
80 91 93
28 53 32
43 153 41
62 148 93
140 116 99
147 157 55
40 79 76
132 91 65
96 59 41
118 42 52
22 142 22
71 158 11
64 102 58
58 18 10
126 90 17
100 53 21
88 127 38
94 0 1
61 132 72
67 76 26
76 122 77
43 47 64
124 29 70
31 18 1
112 159 9
14 55 98
88 42 42
40 144 8
13 53 54
54 79 8
92 120 36
113 111 48
115 110 11
5 95 81
136 106 61
41 154 72
129 97 68
92 100 86
55 126 49
112 157 59
122 57 68
119 82 84
152 49 83
128 45 5
37 70 68
112 104 29
63 66 92
61 79 63
3 15 7
48 110 66
78 55 23
107 86 78
112 59 17
116 87 39
4 72 64
28 2 90
74 8 23
59 41 26
46 127 17
7 99 18
32 139 2
59 83 97
68 83 65
151 74 64
136 93 79
93 16 0
15 39 77
148 7 3
122 75 11
6 26 90
50 74 12
94 6 70
30 133 84
71 100 44
15 142 37
34 100 1
57 135 92
60 101 61
28 29 49
89 76 44
63 103 100
66 128 57
157 99 28
80 18 13
24 125 38
0 86 37
117 28 84
46 112 38
154 7 5
65 140 17
19 27 9
105 119 55
64 6 2
118 129 100
20 73 72
110 55 0
28 95 23
25 58 12
84 43 96
52 8 95
4 12 17
85 30 71
125 131 82
154 73 58
4 9 0
122 90 52
154 106 42
82 13 79
77 10 22
132 119 84
91 110 0
108 0 87
125 63 23
56 21 32
44 146 65
27 96 88
120 107 53
17 112 47
18 64 23
129 122 61
156 108 92
97 152 61
116 145 50
35 5 78
106 62 93
118 76 25
85 55 83
23 12 8
44 38 30
46 24 57
53 8 10
48 106 53
30 131 59
140 72 5
21 10 24
134 104 68
145 70 40
73 28 0
100 137 13
13 148 78
147 107 43
104 157 18
104 15 28
127 108 48
91 41 33
105 107 45
145 122 98
83 27 50
21 116 1
138 65 59
46 140 66
42 50 99
148 145 56
106 153 23
153 3 63
140 81 11
136 65 92
109 46 23
43 137 80
16 115 80
144 105 75
1 81 34
126 28 40
95 150 0
114 12 97
82 120 7
136 27 21
99 42 20
65 62 86
134 150 17
3 68 73
157 14 83
6 87 88
80 39 96
112 45 70
114 128 42
159 123 86
112 19 61
71 6 14
27 131 8
20 18 53
2 117 98
91 56 27
38 153 92
41 81 82
7 135 12
137 131 45
144 24 74
91 96 81
67 127 34
133 24 13
67 4 51
10 1 71
95 140 66
11 22 98
132 5 9
12 121 73
29 115 61
55 78 1
146 94 56
95 38 49
147 71 59
59 75 25
155 37 16
34 126 9
126 70 78
140 85 8
2 114 36
98 64 9
76 138 9
43 109 94
128 55 94
96 86 7
36 38 89
142 98 18
147 129 42
133 102 96
46 97 100
105 25 77
115 146 35
157 148 60
30 62 5
137 4 2
32 78 82
11 124 32
102 43 43
3 81 44
101 79 21
109 59 67
22 73 65
20 102 36
154 139 58
67 113 57
66 6 89
71 66 2
121 101 14
115 76 8
143 93 84
88 43 67
152 146 67
9 21 92
84 56 93
17 56 39
158 121 42
76 8 73
95 11 98
21 14 8
77 18 98
114 35 13
66 152 30
16 137 95
47 63 73
66 80 99
138 140 26
56 3 55
12 106 56
63 25 56
28 97 35
146 101 4
17 121 72
157 143 94
110 148 97
45 139 70
80 54 38
16 59 81
103 158 56
152 63 69
2 146 31
85 47 90
71 80 31
149 110 19
152 54 5
81 52 33
37 54 49
65 115 58
118 99 49
56 99 79
37 111 47
56 35 98
88 16 74
70 68 7
44 83 90
120 148 68
73 149 44
61 144 20
85 4 87
44 117 0
129 151 27
46 48 51
138 5 80
21 103 75
34 159 93
50 137 40
112 30 36
57 147 16
103 159 1
135 57 49
117 53 55
3 14 11
106 4 70
68 107 2
120 104 95
102 108 87
128 146 23
22 74 16
154 12 77
72 35 53
113 40 89
44 135 69
142 140 96
158 76 13
113 76 30
96 8 100
72 65 15
63 16 52
156 132 20
36 155 65
133 128 21
1 106 2
144 132 44
55 127 33
70 36 19
68 120 78
35 36 80
31 61 10
77 133 79
95 151 66
119 10 1
28 132 13
10 120 29
38 84 87
26 47 37
76 159 15
15 100 31
105 79 20
67 9 9
65 103 65
65 124 38
59 135 43
154 54 67
30 21 50
81 117 58
88 47 40
81 75 60
72 113 20
32 65 4
140 100 46
32 38 32
25 123 65
81 64 83
147 75 41
147 50 95
45 123 26
88 148 41
62 156 46
62 110 76
73 117 44
31 156 29
13 118 31
19 13 32
57 25 87
59 100 47
27 132 22
118 52 70
135 97 0
47 44 0
81 128 56
72 97 70
129 73 30
17 85 52
41 67 98
13 0 100
24 35 2
24 7 49
123 156 75
148 131 40
39 1 19
43 151 37
80 113 58
10 31 78
50 145 78
48 3 92
71 56 81
89 109 11
108 152 73
63 97 44
27 146 97
136 155 91
76 57 87
47 139 60
102 131 89
141 136 33
17 148 76
79 145 14
142 151 82
153 49 15
111 65 68
17 127 77
141 18 41
94 141 16
0 120 85
60 68 8
155 15 84
110 14 96
35 12 99
11 56 31
42 36 67
72 99 49
47 58 38
59 146 39
36 6 86
72 56 63
44 113 78
116 38 12
97 48 7
37 151 36
74 151 77
84 75 97
73 5 35
77 122 36
122 151 98
128 83 4
99 68 96
84 26 58
33 1 2
71 111 74
45 60 69
56 2 56
47 36 68
103 81 93
19 112 91
46 72 16
98 24 97
119 86 77
55 113 31
71 16 55
72 57 1
156 75 49
115 157 25
34 112 8
122 61 30
122 103 71
143 136 66
77 68 94
42 63 8
12 20 36
101 22 16
85 70 80
38 100 47
144 77 29
81 0 31
17 149 95
75 80 64
13 92 72
149 0 19
107 18 54
103 40 71
87 47 13
1 49 93
158 6 83
94 117 35
143 54 51
155 77 89
21 101 98
34 2 48
128 49 68
111 148 21
66 124 69
31 111 49
89 9 78
130 49 1
139 70 28
120 156 32
121 11 95
16 121 47
36 62 25
148 50 53
15 116 36
106 68 0
61 152 92
19 110 74
88 12 55
116 152 64
136 126 67
17 73 98
116 56 0
117 83 99
152 25 43
58 49 14
19 129 71
105 61 63
134 115 28
86 101 88
29 158 36
28 36 47
6 23 83
119 91 69
37 137 41
86 43 85
112 72 93
130 147 46
49 98 65
82 91 67
15 56 4
128 117 88
75 115 34
53 4 48
48 133 50
113 16 86
70 146 46
71 58 86
19 30 87
28 91 54
4 2 52
28 34 16
97 124 69
109 156 93
24 113 100
63 107 80
7 144 9
26 8 99
1 75 89
118 117 68
98 6 53
117 43 93
14 125 0
102 63 21
144 40 38
73 19 21
10 106 31
91 84 21
42 129 80
149 57 62
60 61 94
123 131 1
6 45 61
143 71 37
89 138 11
17 108 54
3 113 78
137 95 72
75 39 44
73 58 58
147 137 75
36 109 60
29 47 62
95 144 86
35 77 21
131 3 60
41 99 39
38 95 57
87 89 76
7 41 8
119 100 49
127 99 83
89 91 35
65 40 17
122 77 1
153 74 49
108 56 24
150 93 62
49 31 40
83 37 25
113 48 26
90 5 5
60 98 43
2 44 79
59 31 26
158 5 6
98 113 79
79 123 63
138 20 23
159 87 14
36 20 69
100 122 34
14 53 94
25 131 48
62 98 8
22 107 23
40 72 94
107 67 72
110 80 24
8 61 97
128 139 95
133 122 6
57 20 42
71 151 60
101 38 5
43 72 26
124 11 79
154 109 6
144 139 8
142 105 41
65 31 12
131 16 4
82 152 88
139 44 79
61 93 99
91 30 45
33 80 55
84 155 93
148 130 6
21 105 65
112 47 88
25 41 38
112 138 29
52 27 16
150 103 68
94 31 11
113 36 50
42 45 36
152 26 17
71 78 5
65 112 79
116 122 30
123 8 23
30 146 85
93 39 15
55 105 31
156 30 100
124 107 17
121 43 90
158 9 42
157 159 70
104 145 90
70 19 95
3 19 35
47 119 73
85 35 27
18 157 45
13 4 44
29 44 11
126 46 5
99 67 35
32 3 12
149 101 14
34 35 86
158 133 35
133 157 44
154 92 13
110 34 68
159 76 39
106 101 24
98 149 14
157 128 37
158 122 93
132 139 86
80 4 4
55 135 15
138 95 4
109 35 71
144 7 96
45 118 33
24 1 88
109 18 70
134 99 30
53 155 29
4 154 77
83 99 37
57 100 77
77 113 16
78 61 66
27 126 65
6 145 100
150 10 64
30 120 75
28 104 80
94 96 18
21 2 84
150 97 36
113 155 4
50 31 67
55 52 73
89 77 62
18 127 19
57 88 97
18 35 65
107 48 96
73 118 8
36 116 53
148 15 45
141 20 51
92 25 77
25 129 93
54 96 70
82 19 19
31 116 90
57 53 97
94 119 52
97 52 46
149 75 42
99 92 68
116 154 75
46 118 38
6 58 90
6 86 48
132 7 24
114 49 48
78 128 18
11 32 17
109 120 87
39 94 98
146 48 66
90 36 49
49 141 88
113 72 27
131 94 51
38 67 8
46 49 89
146 32 95
89 155 1
40 13 19
81 85 72
58 74 8
4 129 82
138 141 18
39 136 57
58 13 81
71 105 20
112 6 85
153 116 38
28 66 21
23 132 28
53 106 63
38 5 15
96 68 62
88 83 18
149 60 14
73 83 11
11 107 48
139 147 45
49 103 61
73 155 54
27 115 66
71 130 46
93 64 40
64 9 48
144 116 43
140 27 85
86 154 70
70 111 15
29 94 27
94 139 54
61 62 69
20 23 32
142 104 27
148 71 56
133 81 1
152 129 10
40 122 12
63 55 66
70 46 97
65 34 98
33 99 17
89 129 55
146 31 75
103 12 69
23 83 7
71 34 40
16 108 77
11 143 76
62 81 46
62 134 50
105 147 19
37 8 50
111 41 94
54 105 67
95 48 56
156 88 76
1 111 36
129 26 17
136 113 27
146 63 86
135 123 39
124 96 38
137 90 98
23 45 30
75 70 1
56 61 86
141 22 13
38 91 97
19 127 80
4 96 87
78 149 9
132 40 52
156 114 18
56 153 37
118 14 66
113 142 77
141 67 48
3 79 57
129 8 76
21 75 3
120 14 45
123 114 11
31 1 47
0 31 89
119 99 61
117 66 80
108 141 66
107 19 33
78 82 52
35 131 44
83 31 80
3 90 13
48 60 41
17 125 86
152 75 65
72 11 96
137 23 80
122 78 47
78 7 17
153 117 89
101 99 71
58 38 8
71 85 47
0 47 94
61 31 3
91 103 7
105 6 2
2 139 3
26 68 87
150 143 8
24 127 95
158 8 63
46 88 41
102 14 77
39 58 4
4 97 92
44 79 38
109 112 61
104 75 92
0 143 96
44 35 79
21 36 31
20 22 13
73 44 97
39 150 25
81 108 61
39 19 42
71 129 47
8 11 50
54 86 11
54 43 54
135 74 4
99 15 16
59 117 35
70 0 46
78 42 75
22 158 69
56 57 55
151 99 9
134 33 68
141 71 45
112 131 16
121 85 36
151 87 1
127 154 76
59 20 99
91 135 7
8 108 51
6 14 73
146 137 51
158 152 56
64 134 59
2 87 41
156 148 18
130 119 100
1 15 31
95 79 35
87 62 69
126 84 46
10 59 88
112 84 75
77 7 18
114 148 40
18 4 36
7 109 15
46 136 19
65 13 69
140 34 88
72 0 20
94 90 71
94 11 72
98 84 2
88 138 93
125 73 29
60 105 38
136 41 83
74 97 54
0 87 90
1 61 83
6 18 97
0 156 22
71 89 79
86 19 33
130 140 44
72 29 23
38 135 61
107 125 72
7 79 0
40 127 80
147 30 97
37 100 27
148 30 48
17 19 83
61 73 0
27 107 10
48 145 94
86 142 5
72 37 96
70 73 64
146 22 69
83 154 92
112 21 100
138 54 85
6 55 43
124 150 59
128 143 34
118 29 95
111 61 9
154 63 80
62 42 43
5 78 16
12 63 22
146 27 48
63 43 60
105 111 46
27 39 43
72 27 94
33 14 49
96 22 16
75 109 1
118 64 33
73 88 81
123 29 12
127 92 34
124 83 26
40 129 67
54 157 88
28 71 22
84 28 96
107 0 18
143 97 61
76 50 44
46 77 41
154 124 5
47 66 86
108 142 82
119 29 38
77 115 60
127 125 33
139 141 81
24 124 59
24 90 34
47 97 46
143 40 12
151 33 94
2 95 13
85 71 35
14 40 23
142 78 12
60 104 51
155 38 14
1 88 63
67 15 70
65 126 29
32 86 44
19 123 29
32 87 95
150 107 75
27 110 3
111 104 87
2 88 31
29 39 27
131 102 51
1 33 56
127 30 24
100 82 28
14 152 40
136 125 19
45 30 9
20 144 76
120 52 12
122 45 63
0 18 59
21 57 90
146 88 100
137 155 85
34 75 31
32 111 94
3 146 31
68 4 67
109 56 48
57 6 74
57 9 67
119 35 61
95 89 23
53 130 39
72 155 58
127 148 18
37 117 34
74 64 64
44 64 45
50 30 4
88 103 72
109 137 97
135 42 19
58 108 13
142 106 60
4 42 25
78 56 87
100 0 98
61 66 30
105 110 94
134 139 56
118 141 12
136 62 19
42 61 71
131 55 96
15 75 27
115 100 86
28 147 75
152 48 77
86 29 28
114 115 19
153 155 53
39 118 64
75 151 80
34 121 21
113 55 87
120 112 15
110 58 39
159 59 25
113 90 92
152 6 15
142 120 52
31 113 84
3 139 98
110 64 91
68 73 11
55 45 73
84 153 67
88 10 90
43 125 29
153 105 18
152 66 15
17 6 88
122 135 75
129 116 53
97 25 20
117 114 93
140 111 82
107 145 66
73 94 24
99 30 68
59 98 22
77 1 76
48 73 22
100 28 71
38 63 70
67 19 91
72 84 57
41 158 77
75 89 75
66 148 7
91 153 77
110 4 93
59 3 52
44 119 2
47 26 37
22 11 18
136 48 55
131 136 65
30 44 56
85 43 89
15 54 3
22 93 42
91 58 7
36 34 79
85 148 19
38 152 6
37 83 63
78 139 55
36 142 94
93 45 40
107 117 21
118 20 34
50 111 10
126 139 86
130 24 81
96 133 76
28 16 11
54 75 78
133 130 81
38 62 100
110 109 92
39 158 63
9 0 43
47 16 96
102 39 38
98 86 74
29 22 19
46 4 83
37 39 94
31 42 63
131 125 3
57 137 94
147 134 67
124 17 54
112 46 86
142 59 35
36 40 70
115 54 11
128 148 58
155 158 17
107 132 83
46 19 20
135 127 57
108 2 35
18 107 85
140 122 39
36 134 86
72 14 18
17 53 13
23 63 63
30 88 18
157 30 67
40 142 6
78 94 83
11 83 28
52 114 54
91 40 16
125 96 83
81 32 66
104 65 4
30 92 95
3 133 77
10 20 94
85 46 41
47 130 63
15 32 12
19 120 58
9 110 38
70 83 52
41 145 3
94 125 91
94 64 34
77 45 94
79 153 10
37 156 48
108 25 92
108 93 92
114 129 73
154 25 84
87 19 9
84 106 93
101 48 93
117 17 28
121 152 15
53 81 39
76 117 68
130 153 10
92 136 18
112 132 83
138 29 77
11 89 98
59 148 28
119 97 54
19 131 96
118 125 69
46 50 0
64 56 18
121 102 95
144 125 8
150 127 33
48 58 83
126 53 35
98 92 17
67 134 29
44 58 91
50 91 72
26 131 28
23 36 2
57 130 95
25 48 25
141 49 61
111 59 39
121 158 76
20 80 30
43 88 12
72 40 74
150 115 16
90 24 87
141 89 56
145 1 84
112 101 34
77 156 98
102 26 32
139 14 61
76 114 68
47 31 11
119 13 15
113 63 15
106 92 66
76 39 64
53 46 41
52 152 33
48 79 56
139 1 82
120 7 56
111 5 56
155 39 18
47 158 42
40 146 21
156 18 41
1 125 48
20 72 44
146 98 26
26 137 32
77 3 21
82 35 74
107 106 83
67 21 11
93 135 18
80 36 48
157 26 20
35 80 34
86 9 78
24 140 79
6 148 19
62 39 25
50 22 62
156 116 42
44 72 60
135 76 94
5 55 35
17 25 23
122 142 22
75 43 48
33 32 83
63 29 34
7 27 10
125 21 100
18 96 20
149 148 3
72 81 60
108 139 93
61 8 64
58 11 76
85 128 17
129 42 5
86 27 96
132 43 17
92 60 20
97 2 55
11 23 97
62 14 82
54 133 34
8 19 43
109 62 6
52 4 85
12 82 12
144 127 77
30 141 31
99 143 79
56 14 92
112 8 95
2 5 61
17 60 8
153 29 38
60 99 97
73 111 16
149 155 86
87 117 50
43 86 30
101 7 15
119 0 69
116 135 63
56 44 2
112 96 73
128 107 2
61 71 43
11 80 13
151 147 79
90 46 27
107 158 34
121 134 81
65 41 99
97 80 44
85 111 65
127 7 18
12 19 13
132 126 47
43 30 37
52 110 51
55 37 57
117 20 26
125 91 94
43 110 97
121 86 67
23 7 86
90 17 45
66 142 85
72 62 56
148 141 29
113 67 34
10 147 23
125 140 21
131 20 50
118 35 86
97 123 16
22 144 30
5 62 73
13 17 6
104 55 95
86 73 0
71 46 77
139 26 97
0 95 19
126 63 16
39 106 100
123 45 9
150 6 4
39 10 29
115 44 82
47 55 96
5 56 3
144 10 11
15 132 6
29 123 33
128 12 92
95 145 44
83 78 43
24 120 7
91 27 48
85 124 32
87 134 47
110 126 26
115 101 97
30 22 37
36 48 84
117 121 59
133 140 14
93 145 65
118 13 98
59 48 46
35 101 81
111 66 44
55 96 68
37 118 76
113 97 44
21 19 9
67 128 36
88 27 76
144 63 11
79 116 89
121 68 83
73 134 87
110 136 27
60 124 49
57 146 62
37 88 35
43 29 88
88 80 61
75 111 5
138 55 11
4 106 33
85 62 94
58 155 14
107 141 41
47 101 78
1 92 21
13 57 92
60 83 10
138 113 42
57 155 10
66 86 73
57 106 58
136 103 12
61 54 58
106 2 85
66 75 41
61 55 13
113 152 2
85 142 66
5 44 8
46 54 57
74 48 66
158 72 67
101 93 26
34 90 47
151 157 53
15 96 30
31 22 63
92 126 28
111 53 23
61 24 50
82 57 96
157 103 77
57 8 36
34 42 36
111 42 73
153 137 70
57 152 39
28 43 75
5 140 21
118 70 0
97 55 84
53 115 23
154 123 4
71 15 83
4 150 61
87 151 2
52 37 98
106 5 68
37 144 20
149 24 8
126 133 0
64 97 6
140 103 75
82 141 85
37 143 73
97 10 41
74 89 76
149 159 62
9 7 4
6 107 3
32 49 91
96 144 52
63 0 93
46 5 79
2 32 22
123 2 99
15 149 49
55 143 30
24 79 67
64 43 18
120 71 20
20 120 27
49 84 87
13 30 9
5 75 12
111 38 95
63 130 62
7 93 12
83 80 22
24 53 55
54 41 2
157 5 34
110 56 71
120 49 9
27 83 33
109 30 72
30 73 12
131 87 69
12 116 28
126 94 15
95 102 78
88 17 96
19 39 54
44 91 66
25 85 12
100 47 6
41 110 97
7 33 92
13 82 66
45 14 90
55 122 93
11 77 57
91 139 43
97 120 84
144 68 63
144 101 58
128 145 34
73 86 48
126 83 13
127 58 54
54 53 61
21 151 93
110 143 2
39 43 33
77 65 86
156 14 94
42 90 39
90 40 10
72 153 15
133 45 98
154 117 98
123 54 5
159 11 27
109 75 99
67 31 72
129 89 65
75 24 99
155 99 97
121 148 73
50 55 45
84 89 37
87 78 39
92 56 31
86 116 10
49 1 98
132 30 100
145 137 16
140 71 63
140 43 5
41 141 77
66 34 97
139 107 7
41 114 43
157 98 83
47 35 5
36 95 91
139 128 83
93 141 43
16 156 61
87 48 41
73 92 78
77 86 83
11 68 7
115 136 24
95 122 73
19 125 99
66 3 52
50 124 24
12 155 76
40 36 22
108 29 45
40 81 27
89 36 69
84 12 81
130 128 75
23 88 81
92 10 1
117 124 21
113 134 83
0 62 90
142 49 47
50 109 46
5 143 57
19 78 83
55 16 56
21 1 50
129 34 15
101 15 9
20 55 96
11 97 7
6 63 88
119 62 44
30 66 33
12 122 58
53 71 27
153 92 100
44 98 94
70 5 15
122 154 20
89 108 92
65 26 83
117 71 89
101 74 85
10 93 18
128 13 1
92 141 61
75 52 52
147 55 61
154 76 71
142 143 69
144 86 23
23 58 62
40 50 47
96 14 8
78 125 42
117 112 5
8 29 33
158 81 4
97 144 43
137 43 99
145 25 94
133 77 89
26 79 3
62 30 14
93 103 76
65 20 29
21 48 26
89 31 48
29 67 36
147 120 41
154 38 7
157 129 73
92 129 29
81 8 80
124 7 100
17 86 63
25 106 52
132 79 76
135 90 55
139 7 3
7 95 74
147 59 56
113 156 97
134 68 11
99 21 55
37 67 16
29 108 24
64 117 66
80 154 73
52 129 42
85 38 47
11 102 46
132 50 34
159 95 43
104 107 70
19 11 60
76 84 73
61 127 77
9 140 24
33 24 98
47 38 47
11 17 0
62 18 29
45 35 27
84 8 75
66 23 22
115 156 26
23 131 48
131 52 31
106 44 67
136 115 17
105 86 19
140 94 88
75 101 37
110 60 32
48 138 94
16 9 96
8 22 94
50 104 62
11 74 63
53 143 80
96 129 60
108 127 67
5 39 67
145 105 79
54 49 0
131 133 22
89 124 13
28 125 96
116 96 58
112 109 72
126 31 91
16 7 30
62 135 26
32 17 6
39 62 33
116 143 89
100 12 32
75 9 52
54 37 7
77 34 27
73 131 61
42 128 53
2 105 60
5 74 45
11 24 12
67 72 39
139 86 7
18 0 91
135 15 61
78 117 32
42 82 94
7 129 58
63 9 71
108 68 31
139 68 92
124 121 8
20 117 32
151 44 78
64 133 21
148 106 76
67 68 16
152 76 16
56 76 13
158 31 18
47 126 54
3 80 8
89 107 25
0 142 65
32 41 3
36 78 33
93 158 63
0 25 77
105 92 3
109 13 18
89 83 12
1 94 53
8 109 87
4 59 53
151 119 56
158 132 99
124 152 34
75 16 53
90 55 17
149 146 80
101 13 3
41 77 0
107 112 83
109 17 57
92 122 31
35 19 50
89 65 85
103 124 59
78 66 29
60 85 92
108 91 14
34 144 82
24 105 21
84 111 60
35 99 35
134 40 82
5 21 86
116 103 96
101 23 47
1 28 48
107 144 25
2 39 60
37 128 93
93 3 88
71 113 32
45 76 38
75 129 24
124 18 54
92 37 42
64 142 73
59 108 56
125 1 56
152 10 90
124 41 86
97 15 54
86 120 36
16 47 33
84 144 1
24 95 54
39 37 81
4 25 38
86 143 85
79 53 68
23 133 57
79 40 68
49 102 76
24 59 38
113 28 46
23 4 47
33 109 5
70 2 43
82 134 17
48 6 90
70 113 17
94 93 9
61 65 29
41 151 56
113 58 100
115 63 26
91 16 46
99 61 24
12 120 61
149 47 95
90 28 38
129 81 58
132 84 83
123 145 52
139 140 56
43 3 68
137 135 31
75 50 57
130 12 13
138 3 64
35 76 18
34 17 19
67 61 4
48 89 94
125 136 53
78 26 95
24 48 92
50 110 91
73 24 64
68 143 0
66 0 2
56 42 7
95 17 22
80 93 42
89 58 60
87 8 67
119 114 22
37 124 60
4 22 35
136 102 38
76 42 37
37 78 50
145 24 79
152 139 51
32 13 70
121 66 5
116 109 99
17 68 43
90 152 24
88 94 83
127 13 71
144 102 74
123 127 48
118 5 42
111 74 82
110 8 65
80 112 59
155 21 21
43 50 32
159 55 38
96 12 29
13 134 83
100 138 56
128 111 96
102 93 95
52 0 3
138 68 68
136 31 44
139 133 94
25 151 62
1 10 69
97 84 59
39 97 22
19 107 97
116 95 61
28 73 47
91 47 90
57 75 57
121 105 88
91 151 85
108 49 28
158 126 14
59 152 61
145 57 17
57 134 19
6 155 6
66 79 84
62 111 5
158 131 76
118 2 22
109 32 45
46 58 56
123 36 26
96 85 45
29 6 32
80 115 83
60 26 82
131 93 3
63 45 36
76 21 87
16 89 17
99 50 45
64 33 11
103 26 65
16 102 49
78 109 48
4 65 73
113 68 5
18 116 65
130 136 9
86 152 72
83 137 28
105 39 11
123 129 98
30 138 76
97 8 86
136 26 75
4 76 59
159 85 14
144 13 50
17 119 87
0 140 68
124 113 22
87 116 80
65 2 1
130 131 100
31 82 18
120 72 82
43 28 46
79 144 12
129 63 27
5 72 83
59 56 35
84 40 31
102 141 95
0 26 35
107 121 55
155 54 78
58 80 31
156 152 86
47 10 6
118 57 43
114 155 97
78 147 27
44 110 94
91 46 41
112 63 39
13 127 16
120 108 72
37 131 75
117 37 16
23 159 12
146 34 90
156 35 95
28 70 43
93 47 64
111 89 34
148 26 96
86 68 12
26 45 44
36 17 65
133 85 95
118 152 40
48 118 14
113 146 69
71 0 59
148 33 50
73 16 99
110 3 37
116 102 46
131 27 46
39 33 50
124 71 37
116 83 33
12 85 38
88 49 75
85 140 22
92 73 100
71 154 22
41 88 94
36 7 47
45 85 18
29 2 51
123 62 12
46 13 42
47 123 94
103 156 16
133 30 75
141 39 15
96 149 14
117 102 68
139 104 94
145 66 9
152 78 32
85 107 77
86 121 60
96 117 14
141 121 53
12 93 88
78 126 15
102 25 59
147 70 16
2 127 89
77 135 82
10 65 83
156 85 92
91 140 81
34 7 57
97 19 25
33 141 90
63 132 37
106 56 4
35 149 44
55 29 61
35 130 63
121 64 2
20 27 24
143 104 37
31 81 74
142 8 40
15 153 41
135 8 12
78 158 98
108 67 13
60 32 36
31 88 46
104 46 23
13 152 83
20 126 61
137 72 22
26 111 1
155 134 64
62 112 64
81 92 76
68 102 38
48 17 38
154 40 32
72 70 3
63 15 64
47 153 96
106 134 70
48 39 97
111 105 2
66 42 85
80 158 11
23 111 44
121 12 13
115 50 31
158 154 52
125 149 86
129 14 19
133 125 58
126 24 97
47 61 49
122 41 47
92 91 65
42 101 46
134 156 98
8 130 86
57 112 73
117 41 30
53 58 82
86 112 25
14 13 33
23 77 55
19 151 67
40 148 28
38 25 54
9 2 70
59 90 81
71 112 35
150 106 98
144 3 45
134 10 32
138 148 4
79 58 85
133 50 49
157 95 35
1 60 74
31 144 57
141 150 68
76 38 11
6 154 10
13 22 93
94 126 77
66 20 96
127 3 32
153 32 17
43 34 23
97 149 38
80 95 83
33 152 81
105 4 77
114 123 44
132 20 53
8 80 14
153 59 41
64 86 51
104 13 82
55 23 77
54 115 62
67 75 59
158 37 94
57 125 94
126 95 76
129 0 30
154 104 71
127 93 60
122 10 95
103 116 37
135 45 36
143 63 88
64 118 17
7 126 1
12 152 34
124 101 27
91 157 90
99 23 43
3 129 70
89 2 44
91 67 74
40 125 4
149 138 89
54 4 65
8 27 50
134 151 92
130 106 8
99 57 68
97 102 92
6 90 64
140 118 20
1 24 7
99 110 19
118 16 43
140 114 31
46 158 8
110 47 82
113 109 60
15 73 90
16 152 49
20 127 68
109 9 64
113 119 26
95 74 7
109 134 74
77 153 23
67 80 88
148 88 42
139 131 32
153 56 29
65 84 29
122 143 6
123 153 14
94 111 79
145 32 55
70 100 14
85 115 18
46 144 75
94 73 65
79 33 11
84 92 48
45 93 94
137 17 78
150 46 76
117 81 33
140 87 73
34 152 36
98 46 41
38 48 55
81 19 45
23 68 0
54 14 89
131 150 79
144 19 43
79 3 69
98 115 51
6 132 23
135 149 76
20 91 95
5 138 53
32 39 25
65 89 4
70 40 30
111 33 5
109 65 93
84 59 49
147 22 76
149 98 36
11 110 50
54 16 12
71 82 10
77 142 34
155 3 11
63 126 60
148 38 25
86 115 33
140 46 60
134 107 76
105 128 73
75 10 78
86 83 88
121 115 86
119 145 91
126 4 14
129 61 17
154 125 52
132 136 17
7 133 33
126 74 4
110 138 44
16 81 41
73 156 3
144 57 61
63 33 47
99 60 7
96 56 76
9 13 21
109 82 98
100 24 52
79 130 11
103 16 6
42 115 60
22 61 60
2 121 30
113 88 31
47 151 87
47 112 33
133 48 34
20 107 33
125 58 51
19 80 18
82 83 90
121 25 17
86 56 32
29 82 60
146 2 97
67 49 53
150 133 17
119 80 2
76 64 18
155 75 65
21 131 2
113 17 86
133 37 0
32 106 31
66 85 92
29 83 31
117 18 41
143 138 54
4 57 70
150 75 57
115 148 39
40 136 89
50 66 35
63 145 50
78 119 43
83 66 42
135 85 46
103 6 80
159 78 67
45 117 94
144 47 56
24 34 42
145 71 58
8 139 17
134 109 64
142 110 74
130 72 89
95 33 43
65 85 8
42 26 65
145 98 58
115 37 81
116 106 81
97 36 45
10 115 38
1 129 48
125 29 46
80 122 67
42 32 12
135 13 42
93 68 95
46 108 36
15 106 7
82 80 2
117 57 12
60 37 99
42 6 94
14 48 91
143 95 98
61 90 45
57 151 55
49 4 86
30 115 17
122 94 74
45 145 18
66 14 61
127 86 92
124 139 15
98 33 98
103 53 66
44 29 86
88 19 54
119 84 32
105 153 47
91 39 76
48 63 94
138 93 5
63 44 3
56 147 19
84 7 77
134 32 78
28 64 94
112 57 5
48 151 71
93 132 38
139 95 53
139 112 19
85 19 67
91 98 20
68 8 84
147 58 60
40 31 3
58 82 70
120 126 67
137 42 45
16 146 65
80 55 54
120 25 58
149 13 86
144 143 11
142 109 32
46 95 28
79 154 11
133 101 36
63 56 86
79 14 95
47 15 8
149 97 69
25 105 82
20 90 37
130 60 79
78 50 41
72 119 59
85 131 15
116 41 39
151 14 34
101 5 51
82 107 74
29 86 29
32 14 0
64 38 12
10 88 57
135 33 63
66 67 28
150 42 83
63 1 5
27 8 82
147 145 43
6 53 100
34 113 45
75 14 6
105 121 0
143 106 2
107 122 60
151 121 55
123 133 61
116 97 27
130 50 61
38 115 9
150 13 86
104 91 29
94 138 26
82 86 17
9 127 59
92 108 1
49 95 70
89 150 55
44 121 95
146 60 52
77 159 92
110 105 79
61 122 32
23 11 23
117 111 76
54 40 86
9 73 86
40 84 76
95 154 49
40 123 30
29 113 100
159 7 4
137 37 99
144 2 55
135 77 58
152 47 64
114 122 28
110 102 89
71 19 51
30 24 32
61 150 32
39 117 38
58 96 95
145 80 8
125 41 9
33 36 53
10 53 91
144 76 34
80 63 43
76 110 39
88 31 98
65 121 90
90 22 15
98 58 36
67 105 78
97 116 43
50 7 29
20 158 14
105 97 52
68 139 88
12 94 78
109 33 42
54 47 11
43 101 65
14 89 59
126 67 46
71 9 83
131 30 96
111 82 45
33 142 65
87 39 40
88 128 29
0 45 13
68 49 25
151 158 83
126 150 79
127 158 79
3 42 3
33 62 50
132 93 60
38 1 47
128 127 49
64 105 26
5 40 60
137 81 9
91 94 38
10 4 84
115 52 96
10 68 17
43 98 20
158 93 9
102 125 81
2 136 36
96 77 71
4 60 13
147 121 95
15 0 55
127 82 47
127 44 43
137 6 91
104 109 3
95 35 52
107 28 47
17 28 99
76 132 55
148 143 69
53 11 100
76 10 49
157 108 15
101 71 18
148 6 87
70 39 63
138 30 81
2 126 21
62 43 66
84 34 69
97 79 75
157 112 78
32 15 67
135 1 25
146 47 68
155 24 90
60 46 2
4 153 3
149 115 66
150 8 15
29 43 0
25 138 85
115 23 31
19 90 29
118 30 29
116 126 49
139 127 91
98 65 90
9 61 22
11 133 90
5 4 52
156 82 45
120 40 44
19 2 59
32 118 14
73 123 77
120 6 98
32 93 46
36 133 87
82 54 64
97 17 38
31 107 84
30 59 5
106 6 57
52 99 93
58 70 37
110 32 96
19 91 2
73 122 71
130 47 49
121 94 71
54 150 28
152 44 81
132 68 55
56 134 49
107 34 61
159 84 17
4 52 8
148 144 25
147 42 3
109 138 78
132 4 18
103 119 56
115 39 38
133 96 85
146 43 92
149 68 59
153 81 39
125 145 23
9 44 93
92 42 57
129 46 36
74 76 31
67 154 96
89 90 45
9 10 98
147 72 39
132 158 16
107 94 14
28 19 57
78 107 43
100 17 74
20 130 29
5 19 27
12 154 9
155 84 63
75 150 10
34 70 62
127 121 51
124 80 9
82 3 94
148 94 75
91 42 62
74 121 41
31 108 85
118 28 74
10 2 35
44 10 47
91 127 51
83 116 63
154 44 13
143 126 17
137 9 84
44 24 24
0 89 41
7 115 70
52 7 56
142 122 12
25 94 13
44 120 22
146 139 49
93 91 46
50 26 76
66 78 78
45 73 19
47 60 10
65 48 36
28 94 95
137 31 8
50 52 55
49 54 23
148 43 56
79 101 43
121 138 60
147 87 32
18 6 85
48 97 35
31 109 1
36 42 41
6 67 88
120 122 88
144 73 68
135 139 34
90 97 82
96 65 95
88 61 100
81 20 57
32 67 21
128 147 98
30 60 68
52 112 18
21 79 12
108 101 84
15 28 20
42 119 13
27 41 40
92 90 57
134 105 6
63 20 56
0 59 97
7 5 32
63 152 26
149 37 57
122 125 30
6 100 66
140 136 12
94 61 56
133 56 44
27 97 82
81 116 76
18 123 72
4 158 98
109 150 84
136 2 13
153 37 44
73 105 40
134 28 27
130 23 0
151 73 52
117 54 47
101 81 6
75 112 65
38 37 35
60 146 32
19 93 53
26 24 3
53 73 41
134 45 97
113 104 88
102 18 32
38 0 11
158 42 3
16 75 94
67 83 18
33 120 7
27 112 43
30 137 70
13 43 71
58 87 60
117 143 21
89 106 33
33 125 2
79 39 55
141 57 73
75 113 75
14 85 99
32 143 15
14 56 26
81 119 79
125 60 81
86 35 96
135 110 36
152 144 94
38 9 77
138 31 98
85 15 0
82 49 83
119 107 60
60 66 8
27 80 2
26 6 48
58 104 15
123 33 60
10 122 27
83 87 66
116 22 17
59 35 98
108 103 61
105 134 54
111 108 49
131 119 92
98 158 74
34 1 23
29 37 9
66 130 57
50 79 4
59 140 66
95 100 32
138 152 23
124 6 48
12 125 14
60 119 21
43 91 97
76 37 26
46 76 99
124 136 63
67 129 12
124 137 14
136 15 88
67 159 7
19 0 65
158 98 62
2 91 89
60 11 89
150 17 11
0 82 19
86 14 95
92 47 33
1 70 79
8 16 33
144 99 71
87 10 29
4 77 24
112 2 19
125 17 64
101 135 45
27 81 33
114 77 69
25 100 96
25 6 75
158 159 2
41 127 71
12 7 42
20 28 20
115 81 4
55 99 58
38 52 66
148 64 43
37 14 37
123 73 69
40 52 91
153 76 26
72 4 31
132 71 20
44 19 61
34 150 73
133 3 37
158 136 45
148 111 38
139 77 27
49 61 100
33 73 88
13 97 48
66 13 7
64 127 99
56 127 32
105 22 55
41 95 62
10 40 8
31 101 31
136 53 52
24 77 75
148 58 82
73 113 28
140 53 2
61 5 47
16 14 52
73 141 67
14 92 80
44 125 38
87 61 53
119 147 21
103 146 78
1 54 58
98 40 72
117 5 13
148 10 49
115 144 84
28 89 98
35 98 37
53 94 61
99 22 48
96 53 84
46 101 89
2 76 37
44 33 85
96 89 97
13 140 87
22 54 92
128 65 35
144 30 81
18 24 27
127 128 25
54 32 65
110 81 15
49 132 86
21 85 61
52 145 99
32 156 81
100 93 55
0 48 1
76 106 20
49 87 85
77 28 75
103 144 20
147 80 72
49 68 18
36 159 87
143 117 20
148 63 31
75 128 57
115 95 30
92 102 14
34 99 64
117 79 51
5 113 40
39 130 28
79 22 48
134 140 59
35 92 66
97 13 29
41 66 7
159 66 97
42 38 24
2 23 19
37 48 73
22 24 100
74 117 44
40 85 49
93 55 2
86 144 85
20 79 21
14 137 40
152 125 4
142 29 41
50 147 41
73 55 28
67 73 51
93 119 71
8 105 26
19 24 71
125 66 92
121 142 82
5 85 46
9 34 9
64 78 46
84 138 22
105 42 92
97 49 44
33 48 47
126 91 24
79 143 15
77 64 60
83 9 1
37 1 20
24 11 60
117 24 35
98 12 48
159 18 34
111 103 62
99 64 40
153 23 2
131 88 71
5 46 25
118 95 63
55 129 85
62 144 62
82 125 19
85 53 6
44 8 55
159 128 84
103 79 21
92 86 15
117 131 82
7 108 80
13 19 96
157 23 29
72 38 83
42 89 51
45 111 98
18 10 16
48 71 4
112 5 12
34 111 12
16 138 6
60 157 17
146 68 32
140 107 87
147 6 29
91 72 50
37 58 8
31 28 5
141 106 57
71 136 26
19 21 35
87 145 33
66 10 64
11 149 80
16 8 19
88 39 30
23 85 82
113 126 87
147 105 73
107 133 5
10 17 46
80 159 51
92 106 80
62 146 66
115 30 18
117 118 31
7 64 28
102 8 41
95 92 31
146 59 43
18 82 99
121 54 48
16 104 63
132 98 3
84 154 59
32 60 92
131 43 8
3 59 2
50 155 37
61 154 11
82 4 4
66 106 52
9 49 44
7 156 29
86 94 58
37 74 22
120 27 79
159 1 27
33 81 84
65 61 15
57 55 8
112 113 87
94 148 33
44 50 89
100 4 59
74 18 74
137 84 91
55 75 36
78 12 26
48 78 91
132 35 54
6 121 55
43 38 34
104 155 87
21 102 63
78 44 85
126 9 1
31 80 54
12 87 69
88 5 82
88 79 32
109 129 29
124 30 33
145 63 81
20 100 84
57 29 5
86 105 76
54 116 63
135 111 86
57 27 99
11 119 78
105 16 28
12 147 7
83 60 75
101 138 25
15 152 70
18 70 86
50 107 67
85 32 39
49 156 94
93 151 88
81 84 5
65 77 50
112 81 30
67 17 24
103 123 27
97 159 0
89 45 66
94 38 81
111 129 56
21 16 63
75 72 68
114 3 66
99 127 11
137 5 64
159 6 85
15 105 74
118 101 38
1 71 29
26 114 29
153 99 79
58 143 5
128 10 73
0 98 92
116 90 89
19 124 31
24 40 95
128 62 71
94 109 70
106 129 67
18 138 5
16 2 86
150 84 46
60 154 69
139 21 20
32 121 71
25 144 69
31 83 59
73 78 38
137 113 46
52 45 51
131 144 59
150 0 74
138 118 100
98 57 2
61 20 0
53 15 36
36 148 79
158 130 58
85 125 75
72 106 63
96 155 77
39 159 39
88 85 24
20 15 84
70 44 65
130 26 13
135 147 67
27 71 16
99 146 14
32 97 57
73 56 47
156 37 92
110 130 10
124 32 84
119 90 32
81 123 66
61 115 2
117 67 92
50 54 76
22 16 25
11 141 39
25 118 95
128 59 8
158 7 58
106 31 60
140 88 7
121 20 31
159 29 8
13 32 28
111 101 9
14 10 60
155 113 28
68 47 3
80 70 67
18 94 51
10 108 29
57 28 47
81 33 98
108 102 83
34 49 86
138 73 69
136 101 64
152 28 61
71 57 57
107 111 59
19 49 61
3 67 7
152 151 37
61 33 42
33 146 59
100 41 29
31 63 11
45 115 98
141 113 33
3 47 45
47 110 42
18 99 31
34 84 5
70 141 78
95 40 87
98 15 75
118 71 69
128 112 52
96 118 24
98 47 0
18 42 53
19 148 76
29 32 85
64 73 38
98 150 59
119 135 84
6 11 6
82 59 1
64 109 18
121 1 12
156 109 35
149 88 69
12 17 65
138 60 29
78 31 10
140 131 49
123 124 25
114 112 37
102 136 8
90 156 76
60 97 62
66 117 36
16 127 43
27 35 57
17 96 53
45 83 47
109 90 21
97 139 45
109 45 36
3 8 63
99 97 36
30 129 30
81 87 23
154 143 99
30 47 45
92 147 87
133 147 3
74 19 24
141 43 82
47 108 38
73 103 30
26 52 78
65 60 65
133 83 73
46 104 83
102 113 57
7 145 30
35 2 59
134 58 6
32 82 83
27 61 25
131 101 47
54 141 26
148 53 78
133 97 33
39 46 56
144 42 27
112 97 2
144 34 23
136 55 39
99 76 84
64 143 91
59 112 91
25 16 48
128 158 73
62 35 19
40 66 71
136 46 94
16 46 76
85 28 12
28 141 2
76 146 50
19 150 20
93 81 38
93 159 26
116 131 93
61 12 91
75 144 14
65 52 1
91 75 18
60 95 66
112 27 94
150 28 26
8 131 49
121 3 99
81 55 49
130 34 67
84 123 50
56 16 55
149 141 4
134 137 68
88 93 65
57 70 80
81 143 4
61 125 10
3 147 60
33 104 85
65 109 54
68 98 24
154 67 8
27 33 26
25 66 70
115 4 30
68 150 64
158 140 7
53 0 66
111 127 81
87 108 95
127 97 83
24 18 6
107 146 74
28 149 92
112 58 62
120 140 74
6 81 3
114 36 1
133 38 58
111 44 14
16 79 56
96 18 36
33 50 14
138 13 44
76 92 14
15 13 43
143 111 70
142 126 61
152 22 76
152 74 35
136 11 2
76 12 94
38 6 83
30 26 82
46 12 34
80 61 31
150 90 51
111 100 54
136 80 64
108 57 3
73 54 77
67 133 45
31 6 80
48 85 76
65 92 100
62 64 39
24 60 74
27 64 100
142 22 80
3 36 45
21 60 75
20 62 92
157 158 42
132 47 14
8 40 54
88 23 69
66 109 72
10 27 84
76 70 58
97 87 85
108 10 82
27 151 16
140 44 66
94 98 92
135 114 39
54 123 53
129 40 96
146 131 12
75 12 33
26 147 74
35 66 71
114 126 28
131 17 77
33 117 49
71 87 38
146 1 50
18 120 75
93 77 41
29 62 89
45 108 12
41 40 17
86 119 97
33 135 74
45 89 0
10 119 30
73 8 23
38 103 80
33 114 41
24 141 77
117 50 5
115 67 33
40 96 1
131 132 65
146 106 88
32 30 19
86 55 67
28 67 35
146 21 11
73 153 96
113 32 8
116 86 14
103 1 81
50 140 30
151 47 16
146 143 48
81 97 99
104 45 81
11 123 85
154 6 70
152 23 5
111 153 42
135 23 72
137 128 36
81 37 78
139 152 46
152 158 41
22 47 66
157 66 66
48 32 53
139 121 26
88 104 44
23 99 41
124 55 30
148 114 92
142 77 73
94 80 54
88 73 0
30 111 14
87 3 47
154 52 24
40 35 28
5 29 71
64 155 69
140 108 21
89 153 59
124 60 90
68 155 66
20 3 27
125 44 36
79 152 0
98 97 90
73 18 3
45 135 95
24 128 88
136 95 62
125 117 85
44 59 58
78 132 8
104 124 39
127 50 89
43 152 83
105 20 40
159 97 12
44 147 39
127 42 50
40 119 12
23 39 28
107 91 72
104 154 55
81 155 10
140 32 13
9 28 31
68 53 54
19 115 83
88 107 44
3 96 43
75 46 61
81 29 89
124 52 22
28 20 26
99 10 64
147 25 20
18 146 82
95 26 55
9 67 44
39 41 24
64 49 5
34 33 75
101 28 78
39 141 37
98 41 77
156 127 21
123 135 31
15 158 66
144 31 1
144 117 96
98 103 10
104 73 75
33 138 24
133 154 63
158 124 37
125 148 40
89 132 28
86 47 31
66 115 87
20 71 39
116 64 47
156 150 82
4 18 32
1 63 52
63 129 38
34 139 70
55 73 37
83 141 48
82 95 76
104 11 52
45 78 57
123 158 62
90 157 69
129 147 10
75 126 86
101 83 12
92 19 68
156 106 11
146 3 56
110 155 61
106 18 27
156 155 18
104 10 19
159 137 0
101 147 8
7 43 29
105 143 11
83 105 53
155 50 18
64 136 86
127 60 99
88 109 16
117 14 15
149 58 89
108 6 98
129 91 28
139 116 65
145 27 39
43 73 76
105 13 25
12 132 69
148 67 64
115 2 80
22 14 91
141 142 89
44 18 93
129 13 91
46 96 20
41 148 34
156 0 74
32 1 79
151 100 89
67 63 72
1 64 30
152 32 60
132 100 18
60 81 63
19 9 44
95 37 53
96 138 56
127 25 100
3 106 89
37 60 39
42 64 56
57 63 29
138 89 68
35 100 86
123 102 33
64 120 43
147 102 3
74 28 9
128 31 42
136 97 92
54 99 31
39 108 57
71 135 93
140 12 77
32 103 83
127 0 68
16 141 64
154 5 89
93 140 25
44 132 33
70 84 40
25 19 80
95 96 36
71 124 41
16 54 2
25 122 2
153 68 83
9 65 99
23 25 72
55 60 37
82 2 33
48 125 71
156 113 45
109 12 50
61 128 12
43 82 6
68 32 4
0 136 35
9 56 99
65 79 16
43 64 31
28 78 79
45 91 61
14 60 23
118 136 14
77 91 56
139 144 86
80 111 46
57 36 41
42 97 75
77 4 79
2 25 26
60 116 100
126 6 5
123 18 47
11 117 99
100 126 15
140 64 100
6 16 27
21 152 82
74 98 2
2 3 19
36 141 34
122 50 66
57 109 50
47 1 50
135 93 46
9 113 33
15 136 62
30 136 75
31 124 99
142 55 13
35 81 62
151 112 70
148 132 36
58 158 49
76 107 30
100 85 81
60 34 21
131 53 44
138 126 10
67 149 97
86 113 80
155 2 45
1 122 87
27 114 93
65 25 24
87 90 63
78 67 61
0 110 87
5 131 57
14 154 42
47 64 13
149 87 61
150 49 44
15 84 66
68 26 29
74 129 16
130 19 24
138 97 49
106 139 39
71 43 88
153 27 21
86 18 51
43 106 72
29 46 40
26 159 67
67 117 43
46 141 33
66 41 24
64 41 80
142 12 50
64 146 6
133 134 76
54 61 49
48 2 50
45 47 63
104 158 24
110 71 41
80 60 91
65 76 77
140 137 34
13 96 15
54 30 71
2 89 32
73 109 70
24 68 68
138 22 62
110 91 46
59 39 43
44 154 98
27 133 61
68 115 81
88 91 85
22 124 4
48 16 22
15 156 32
0 53 23
8 24 96
49 114 82
46 32 100
80 49 99
47 131 14
68 109 62
100 30 88
140 155 85
133 121 5
11 43 82
153 150 50
116 79 28
61 50 27
31 41 90
93 117 7
150 117 96
5 91 23
5 139 19
8 68 52
46 33 19
148 98 98
102 122 79
49 28 16
88 11 37
142 87 27
85 141 40
123 71 11
79 41 10
135 43 50
31 64 79
136 37 69
39 2 58
84 58 26
127 122 54
92 70 6
131 31 29
81 124 42
124 153 74
133 64 79
95 39 48
7 131 45
19 95 49
17 98 46
111 67 88
29 42 17
19 119 99
146 108 97
134 57 79
123 98 0
58 132 24
25 93 19
7 57 7
61 92 74
115 56 31
106 90 26
71 104 3
72 94 35
102 145 69
32 95 46
9 151 98
80 64 88
65 29 79
133 33 60
74 57 28
156 23 36
133 108 12
49 106 39
26 21 16
143 137 86
72 78 48
116 117 4
54 62 45
11 96 11
32 48 12
20 141 78
20 13 68
85 145 96
68 116 24
31 71 49
30 34 78
32 101 64
84 127 26
10 87 26
2 96 12
33 64 40
123 134 9
159 112 82
12 61 97
91 117 86
20 53 5
26 83 29
67 143 16
99 119 67
65 96 68
66 5 57
45 130 6
74 107 35
91 88 32
3 141 33
114 39 49
112 98 78
131 118 18
87 65 44
4 110 98
20 118 53
139 50 71
1 155 16
102 138 16
4 149 80
9 135 21
134 97 0
155 49 46
32 0 5
80 114 84
139 149 7
88 119 28
159 140 77
3 94 56
22 149 87
151 89 45
43 25 54
2 104 43
60 6 92
128 102 4
87 97 47
101 143 12
86 88 23
98 38 54
26 30 50
60 102 30
51 60 65
51 134 62
51 80 6
51 116 94
51 129 100
51 112 37
51 86 50
51 33 96
51 57 86
51 143 73
51 88 4
51 128 39
51 141 35
51 63 73
51 93 54
51 135 56
51 28 83
51 47 51
51 115 45
51 123 57
51 37 12
51 94 21
51 4 14
51 100 23
10 69 84
11 69 73
13 69 37
16 69 8
30 69 3
33 69 17
37 69 26
45 69 13
46 69 55
50 69 19
57 69 85
72 69 20
73 69 64
75 69 87
79 69 9
85 69 14
90 69 50
91 69 86
98 69 64
101 69 94
104 69 67
105 69 36
109 69 19
116 69 5
117 69 86
137 69 37
139 69 30
148 69 23
150 69 100
