56
4
21 29 0
77 75 0
44 66 0
64 88 1
51 22 1
5 60 0
57 80 0
14 8 6
76 89 3
5 17 3
81 47 1
79 38 1
26 21 8
46 39 8
81 44 13
55 24 5
12 53 5
0 35 7
64 27 14
55 87 18
19 68 12
17 82 15
87 83 18
49 77 11
2 83 22
22 50 10
3 45 21
19 54 5
78 45 15
18 24 28
81 41 0
50 39 27
44 54 10
1 9 27
75 85 16
49 38 10
86 77 3
79 6 18
18 10 13
29 39 37
45 60 3
12 50 15
6 8 19
62 10 5
41 87 22
41 47 32
30 76 10
20 17 25
77 64 34
15 36 30
6 80 20
46 19 41
71 86 19
43 42 43
68 58 52
68 17 22
14 83 34
68 0 44
72 19 34
66 30 30
47 81 33
17 18 48
83 32 33
77 16 28
6 26 35
23 75 5
43 27 46
89 18 26
54 62 67
67 76 43
79 7 15
19 10 39
15 39 48
64 54 48
83 82 34
75 68 16
48 12 56
55 41 32
42 78 19
7 64 29
25 71 40
58 28 55
57 42 8
87 42 61
62 35 77
80 25 28
58 76 37
1 6 76
25 51 1
21 23 15
44 38 76
86 17 92
59 0 60
57 84 73
34 44 56
85 10 28
79 65 90
72 32 81
18 17 79
78 8 11
29 81 102
1 86 2
36 24 32
87 54 71
81 0 62
87 7 90
19 83 94
34 72 1
21 77 15
55 50 36
75 65 49
31 43 76
47 39 109
13 52 64
87 67 51
71 83 43
8 60 97
29 86 18
51 73 66
73 55 101
64 25 17
15 68 12
22 42 32
31 29 73
9 30 32
72 27 59
59 5 64
49 24 74
38 40 106
75 51 106
76 83 95
1 0 38
48 2 48
40 36 128
50 11 116
88 23 122
74 84 33
7 39 140
7 52 73
9 64 142
14 15 63
36 23 131
22 6 107
62 18 86
89 27 41
22 9 37
71 81 14
75 9 6
39 41 35
45 86 143
49 68 47
9 78 50
82 17 37
36 12 44
36 55 9
2 69 93
82 44 141
13 38 64
33 54 81
42 44 54
42 63 36
31 22 88
29 57 66
3 20 31
41 72 151
21 69 9
82 22 49
30 21 116
89 38 106
88 10 87
79 25 29
15 70 46
68 45 135
57 9 149
13 47 133
22 45 47
26 46 11
64 79 166
35 74 121
8 45 149
28 9 183
48 54 92
27 65 119
43 88 15
78 62 27
24 43 144
11 13 187
28 0 192
26 71 192
29 82 74
6 45 11
57 63 95
38 82 45
81 24 134
72 18 2
35 87 117
66 7 13
80 51 158
8 89 98
10 86 40
52 8 21
72 69 28
78 29 36
46 43 101
89 78 21
47 19 130
41 17 74
63 52 150
9 81 85
24 28 26
16 73 49
23 55 142
45 53 170
10 47 110
32 16 112
87 41 145
41 80 219
6 70 57
65 18 180
8 16 111
51 50 176
40 49 182
51 65 192
87 27 92
89 29 14
67 5 68
9 79 167
63 78 105
47 34 32
72 83 85
35 20 37
5 85 237
83 11 171
16 83 91
71 34 142
63 22 13
33 13 164
71 60 229
82 35 26
22 60 24
37 32 70
52 17 248
65 84 80
63 66 61
51 44 47
81 26 48
6 12 212
26 50 120
86 23 71
88 28 239
10 87 129
61 66 51
70 73 6
57 71 220
43 24 193
87 63 149
12 28 94
25 75 216
69 36 12
18 76 160
0 51 88
39 81 51
51 67 117
36 34 101
40 28 33
57 61 84
61 13 256
46 35 23
6 74 243
3 41 173
37 40 247
20 7 103
29 25 31
35 17 95
27 85 258
74 53 149
70 41 192
43 62 151
15 69 19
60 48 216
87 39 192
73 6 90
0 25 110
66 37 265
22 1 48
31 82 188
57 35 92
70 83 148
2 84 176
60 71 58
41 20 63
68 85 18
80 49 98
43 11 79
87 74 114
54 14 45
5 25 68
79 20 267
15 8 145
70 44 179
47 72 235
25 21 61
25 24 80
51 34 43
17 75 134
87 21 138
86 64 266
28 1 37
61 52 59
11 86 86
60 82 264
52 85 103
50 2 308
12 68 167
21 67 154
66 69 164
65 17 244
27 82 214
86 3 143
52 1 5
85 61 28
76 28 299
89 82 275
38 59 319
17 2 331
25 74 120
13 17 52
57 59 223
66 50 255
59 84 108
82 31 100
12 67 123
75 47 203
45 8 63
31 81 94
1 29 190
60 9 15
51 52 284
64 52 220
38 79 189
84 40 44
72 88 181
39 40 127
31 30 236
63 43 340
26 83 233
27 33 38
83 41 126
74 86 298
23 3 101
14 12 349
58 86 113
10 41 94
61 27 310
79 78 263
72 9 117
34 47 188
72 5 318
62 54 317
8 34 97
40 81 356
63 31 27
19 38 59
9 58 315
77 74 100
17 27 282
39 58 176
77 8 186
79 63 362
16 33 104
48 62 193
12 89 113
63 11 215
30 3 286
31 21 45
28 34 238
14 78 310
70 52 53
7 6 76
51 42 106
66 48 319
67 79 20
9 43 280
59 48 159
84 83 276
25 22 145
80 34 253
0 34 153
74 59 153
86 9 81
77 23 139
68 57 213
78 2 119
31 54 207
0 82 187
50 13 286
62 38 270
40 42 102
46 64 295
60 5 153
57 89 345
3 57 213
22 24 371
25 78 245
85 63 296
27 39 364
67 28 255
76 69 325
55 18 12
22 0 62
6 58 59
87 66 274
22 30 340
31 57 136
5 62 211
47 88 287
61 68 61
69 47 277
41 12 286
9 82 226
54 29 400
47 30 106
9 0 222
55 37 27
40 17 318
7 54 67
15 58 239
62 27 23
44 11 412
27 26 212
2 5 260
22 80 71
19 28 160
89 58 446
63 28 364
6 30 76
88 85 43
33 72 340
50 19 251
35 70 274
47 71 314
74 85 409
2 65 308
29 32 401
47 6 361
31 50 106
17 84 401
73 8 367
7 34 110
67 46 72
62 81 62
5 0 86
12 1 396
67 31 112
14 43 260
72 2 67
72 20 348
8 25 443
12 51 457
36 16 81
31 44 197
1 58 37
49 36 216
61 88 106
85 8 449
29 11 407
0 78 435
9 13 413
0 49 150
81 57 112
88 68 51
53 3 46
20 10 194
73 65 105
20 67 406
41 22 85
5 77 107
5 68 122
28 31 45
77 33 2
50 15 430
22 32 6
36 18 252
61 16 129
10 25 373
53 5 322
80 75 313
80 68 182
72 54 45
40 76 456
13 8 197
76 6 289
7 60 163
62 17 222
40 79 273
65 51 386
51 47 273
36 52 236
86 11 396
39 26 446
27 61 257
73 29 247
70 63 134
46 53 461
51 0 348
80 36 110
84 28 472
77 34 75
65 66 455
85 16 299
6 36 355
8 10 507
76 63 109
33 2 334
32 59 103
35 47 64
60 73 213
3 9 514
28 71 199
70 9 293
39 64 36
85 62 535
38 77 36
83 40 59
23 17 205
45 33 122
18 89 248
25 49 318
60 87 309
28 16 271
84 50 234
9 6 219
30 5 87
63 9 147
44 76 122
89 69 79
2 38 219
10 52 437
16 66 541
84 7 229
84 26 306
50 0 253
38 88 480
46 10 471
27 45 325
57 36 242
66 58 522
79 18 523
39 28 303
82 78 18
51 59 560
34 64 111
19 59 92
19 40 498
30 40 425
19 71 263
75 87 435
65 67 75
79 88 0
63 29 413
45 57 388
75 52 576
59 25 454
36 51 302
15 30 245
23 6 392
62 53 502
30 85 0
73 17 359
11 83 293
35 86 407
22 63 73
5 14 594
30 59 70
80 77 351
64 33 581
37 65 185
41 19 496
64 38 539
86 82 16
49 5 467
64 78 570
30 87 246
72 11 339
66 85 187
73 30 329
5 33 420
73 36 273
88 0 96
40 38 25
22 85 397
75 48 394
72 84 492
88 31 50
12 85 294
34 13 433
67 83 409
1 52 230
82 45 7
9 24 598
37 24 228
16 15 14
5 24 492
31 55 114
20 42 227
34 28 612
12 83 581
51 20 434
17 29 596
41 77 244
28 80 295
49 51 538
18 69 606
76 39 240
24 26 202
66 71 542
13 30 30
6 64 550
51 36 387
44 88 102
7 61 315
9 23 536
20 89 51
20 11 498
50 51 492
11 35 189
57 8 414
81 33 192
39 15 169
11 24 141
47 60 225
77 28 350
31 77 324
60 69 397
42 24 463
35 88 605
37 67 46
68 60 477
83 70 326
29 80 274
87 75 628
88 7 249
8 70 215
34 50 424
83 9 657
2 7 132
83 38 570
84 71 39
7 84 136
73 80 110
15 47 198
32 1 528
3 76 301
11 1 385
79 11 107
61 53 59
43 85 342
71 1 365
41 27 568
67 82 48
22 78 653
24 53 292
15 44 277
72 63 281
29 26 518
60 23 155
7 49 550
5 74 548
21 6 670
26 47 552
21 65 358
17 87 575
74 78 494
51 66 499
49 78 459
55 58 227
81 14 443
77 85 335
42 58 204
80 3 612
67 15 319
38 60 121
66 34 629
26 23 38
31 80 473
3 86 664
25 38 703
75 5 352
36 83 463
51 39 494
27 1 270
5 36 83
41 60 595
77 82 233
49 75 197
38 63 456
27 30 413
31 28 672
85 18 246
8 53 237
15 84 455
45 36 4
54 16 151
89 72 292
79 33 137
69 83 439
82 52 197
58 64 652
71 77 488
87 86 210
73 70 399
54 87 302
41 54 341
29 9 412
9 12 469
53 58 393
11 64 41
8 85 525
53 70 381
36 71 451
10 33 603
54 24 121
62 31 341
76 47 205
47 40 269
48 55 280
66 61 82
83 61 388
81 12 600
35 10 568
57 3 490
11 7 178
40 15 561
82 14 127
89 51 347
49 23 619
40 1 132
69 75 535
45 7 219
45 41 322
24 86 237
33 74 46
80 45 169
19 66 121
25 26 275
39 79 498
46 26 637
61 54 722
5 59 183
67 1 300
49 54 663
38 14 643
84 53 460
75 37 298
24 69 487
48 1 244
89 28 335
34 32 493
81 37 286
36 44 173
74 46 651
1 17 295
61 43 311
30 35 767
70 67 390
22 10 286
88 24 451
64 89 673
33 52 147
83 12 155
45 54 19
21 38 43
88 71 567
0 24 535
84 69 698
37 50 382
32 63 293
21 73 138
65 44 733
22 33 202
71 16 718
71 20 274
39 30 11
81 36 143
49 10 15
26 27 743
13 83 365
48 0 65
68 71 90
57 41 12
1 54 383
6 79 407
38 42 213
54 40 420
35 69 336
57 29 789
37 86 773
18 33 122
26 57 241
19 41 581
83 88 80
64 2 607
10 3 699
54 47 608
84 42 180
26 9 360
58 15 765
74 22 706
16 34 377
32 30 810
50 14 635
58 48 34
0 38 710
74 39 575
36 88 199
87 78 427
58 3 441
76 45 56
76 11 360
39 52 700
48 7 353
44 57 466
5 84 698
68 53 302
12 31 439
83 23 279
19 17 749
78 3 671
51 32 32
59 73 5
47 78 619
70 39 22
49 89 491
39 13 537
8 32 479
59 43 185
43 17 75
45 14 307
34 20 348
87 80 172
47 85 303
5 89 864
10 36 510
73 79 156
52 34 668
10 8 271
32 7 498
53 69 662
35 2 878
31 52 488
34 27 449
73 60 757
78 32 871
57 75 802
82 40 12
8 35 276
74 26 77
59 14 510
7 77 366
42 79 332
8 61 309
9 57 672
45 85 803
89 40 66
74 89 191
79 5 76
45 17 753
8 80 121
57 82 212
64 20 321
30 54 29
39 82 736
63 71 42
77 80 509
63 35 104
17 67 168
53 60 472
18 65 830
7 9 172
46 15 602
69 46 303
60 18 547
38 74 37
16 27 781
9 69 232
62 40 729
58 46 461
75 45 177
69 28 375
50 77 592
53 76 69
26 0 718
20 45 382
81 71 842
55 77 63
61 28 165
55 66 283
80 29 420
70 13 721
12 59 356
28 67 441
37 12 136
79 41 383
86 7 668
74 81 26
42 65 135
83 60 396
71 33 782
79 62 754
50 16 179
15 85 436
60 6 628
29 24 602
30 8 392
18 36 129
27 24 844
45 74 755
11 67 734
14 85 5
42 85 725
55 45 240
58 10 208
18 26 711
85 13 629
22 7 528
68 87 841
25 7 904
61 24 945
14 33 313
1 42 805
28 55 227
80 85 862
44 89 717
21 34 268
63 81 914
57 87 487
83 2 38
15 87 46
0 73 742
28 49 486
80 54 344
42 36 205
45 72 84
76 30 771
23 57 779
37 42 490
31 76 838
23 21 892
22 61 642
53 65 73
18 15 870
47 31 545
21 36 433
34 14 805
11 89 282
19 36 259
8 19 51
65 19 885
25 29 592
31 78 165
22 26 948
83 75 165
86 84 791
78 52 103
53 25 761
61 7 37
63 72 481
65 37 337
77 9 480
89 47 482
40 3 837
25 68 922
69 21 408
87 14 71
5 38 525
21 1 152
30 0 100
58 22 315
41 88 442
16 32 477
49 37 205
27 25 169
67 75 286
35 40 232
71 11 123
48 64 760
79 28 369
58 72 787
43 29 448
3 84 626
86 88 758
6 16 602
18 19 368
38 45 580
5 32 65
17 5 761
44 48 228
5 16 882
76 79 858
25 40 415
49 11 67
65 85 113
27 74 558
88 11 869
35 5 1034
58 88 774
61 46 283
70 71 979
52 74 187
49 69 244
9 32 427
53 78 105
14 53 606
1 43 717
12 79 437
29 6 540
24 77 279
83 37 310
37 8 494
76 80 595
42 13 183
31 35 881
63 30 1041
9 25 680
39 49 310
77 13 122
35 73 752
65 79 1018
79 17 362
64 87 1014
54 73 879
71 68 710
51 6 874
14 35 1035
76 15 562
5 54 1017
37 11 922
63 69 288
28 12 762
65 22 376
57 72 875
2 9 862
16 18 9
39 22 890
25 84 35
18 40 890
78 26 682
2 75 364
88 64 708
13 80 353
48 47 574
33 11 353
20 71 743
75 13 175
0 72 917
27 42 44
13 68 697
68 3 1003
27 62 826
50 79 546
80 18 148
70 24 67
83 46 772
27 2 199
17 88 780
43 26 649
28 29 328
36 42 1024
26 37 673
35 45 1000
28 69 484
42 17 937
1 20 1014
63 6 384
11 8 688
32 43 1104
67 89 706
89 12 504
36 85 57
33 26 710
29 2 587
58 70 1120
82 39 225
63 64 268
85 14 329
2 29 792
82 77 639
80 62 694
11 25 767
64 46 279
31 5 957
60 10 330
58 63 518
5 44 87
28 13 165
68 9 857
43 49 837
8 88 299
10 74 662
16 44 1115
57 62 803
33 6 307
6 77 191
55 67 975
54 42 162
70 1 846
21 27 393
61 47 155
66 88 520
15 26 1092
5 80 317
5 11 1042
45 6 885
78 10 208
28 48 10
82 0 456
68 7 438
0 16 1063
38 20 1104
72 59 150
29 19 277
5 7 452
32 19 426
40 55 23
76 27 1026
6 17 930
44 69 622
77 39 268
85 74 127
19 86 17
84 32 461
3 43 442
12 54 580
25 47 914
16 71 902
20 84 415
81 50 996
25 73 632
2 14 104
17 64 48
74 77 972
43 38 517
27 75 418
66 83 705
1 49 381
57 28 786
44 3 261
65 82 951
54 76 1011
55 17 1080
62 48 531
23 53 1013
78 47 199
85 66 935
33 50 953
64 51 806
88 33 595
20 72 1199
20 16 322
43 67 595
26 25 1069
7 0 269
37 62 534
47 74 1075
63 37 1003
23 86 917
44 58 298
45 11 599
54 78 258
78 9 383
22 5 760
39 25 208
83 43 376
51 2 925
1 25 749
21 62 861
7 36 125
28 5 864
49 53 667
21 30 907
64 81 1013
45 62 768
36 41 204
87 2 44
3 32 407
68 82 609
19 70 580
89 14 691
34 80 105
32 3 382
29 35 322
45 49 1028
11 73 643
23 79 520
29 17 416
76 85 1025
88 77 544
78 60 640
47 49 872
88 78 425
10 20 1114
55 27 64
62 39 708
53 39 1198
10 35 1044
44 63 245
74 6 850
26 14 1157
7 16 852
65 68 1177
36 10 903
46 85 933
12 65 52
21 87 203
38 69 361
0 52 207
62 45 1250
8 36 476
48 6 143
25 37 1192
72 33 319
22 8 572
85 40 448
25 57 23
83 31 761
67 52 1214
60 28 36
70 36 74
32 80 488
27 79 945
50 67 340
83 28 699
33 18 437
28 15 135
65 57 1239
19 11 346
78 51 119
3 71 218
79 67 80
18 41 629
11 61 864
42 10 243
42 75 1140
9 37 1017
88 41 873
45 58 974
83 51 347
26 42 870
39 33 478
37 77 1024
39 78 1041
35 6 1250
41 51 503
72 86 432
32 49 125
53 29 18
82 84 576
36 29 1230
35 51 1200
24 41 1039
9 77 745
58 0 239
29 65 740
3 11 1171
58 65 329
52 9 603
83 71 1160
18 71 91
57 40 559
6 61 952
16 22 167
20 69 115
47 37 1204
66 6 58
36 8 940
59 21 104
69 71 1277
70 38 536
32 28 1315
32 20 33
30 43 549
65 3 406
64 6 1053
29 68 656
13 14 956
83 85 97
10 40 1270
65 40 914
27 36 971
23 82 1324
38 75 922
12 76 1189
25 86 1327
24 80 13
24 29 1221
21 42 818
46 60 69
61 14 758
79 12 468
16 1 1318
6 1 202
23 0 691
64 41 1140
24 1 1232
7 63 764
75 84 462
26 41 857
78 79 160
34 51 833
20 40 315
14 31 1195
69 88 562
76 43 870
82 63 1224
68 10 13
30 67 498
44 73 677
17 49 1320
2 13 526
34 69 1117
35 67 978
36 20 1153
9 65 716
55 26 758
78 15 1107
28 89 1304
20 60 999
25 39 359
5 63 678
52 71 982
47 33 586
74 13 1205
76 75 1208
32 24 627
64 16 811
74 82 1363
13 24 977
81 53 710
34 37 1224
6 18 943
1 65 602
68 25 999
77 63 497
0 43 615
31 60 365
66 74 751
89 23 728
47 15 1155
3 64 252
14 64 121
52 37 385
49 20 264
30 83 14
35 11 72
62 20 1173
48 83 130
85 7 294
59 69 346
20 52 1356
20 80 927
75 89 483
19 62 1186
62 9 42
3 48 282
43 44 1262
62 87 123
85 33 1179
48 53 152
54 31 712
24 82 1136
48 79 333
45 3 1192
19 43 1415
2 28 884
69 41 399
66 76 40
53 7 1212
17 69 1304
85 27 1325
59 35 958
5 50 761
32 82 926
29 60 646
25 12 949
66 29 575
48 49 759
39 1 1301
35 63 232
3 75 133
41 59 620
68 24 270
85 64 1019
18 64 1111
6 10 49
13 40 1292
71 19 1329
29 22 572
51 86 716
83 57 779
21 8 397
20 24 320
60 33 1105
48 81 1158
61 60 1010
7 70 327
26 75 104
0 71 421
61 5 301
59 34 697
64 3 574
15 82 503
2 39 1430
49 16 277
62 59 510
83 58 223
44 80 547
26 79 185
22 76 1129
39 5 1231
62 24 394
53 86 1440
2 22 874
60 43 1409
18 77 1086
29 20 573
47 57 1243
22 81 1191
89 87 170
73 21 829
2 31 594
81 20 618
64 15 529
41 35 469
88 51 1103
76 22 1147
32 23 249
80 32 1241
61 74 1184
64 58 1136
13 87 848
76 12 1495
54 84 416
48 59 715
66 15 492
44 47 156
77 12 708
40 68 938
34 0 1366
23 60 819
82 41 1230
15 88 210
41 25 1020
53 87 275
26 39 851
41 69 100
5 23 492
41 78 239
66 31 886
29 73 940
0 46 1297
11 32 486
62 52 317
0 63 434
18 42 286
11 88 217
38 12 684
26 48 1437
27 10 1089
53 28 877
43 41 849
44 60 135
18 83 792
61 84 811
79 59 719
28 54 174
17 79 1118
33 35 179
38 62 523
20 49 752
87 48 897
1 57 810
27 70 796
68 44 849
51 13 69
25 9 577
86 54 953
1 83 1528
40 72 673
70 48 1207
76 77 469
38 67 558
73 54 174
31 34 306
33 65 683
48 38 1046
58 18 380
33 31 717
37 51 287
5 75 234
24 57 991
36 49 498
14 21 1293
8 23 1375
66 68 191
55 14 1094
0 26 774
55 33 636
81 13 408
75 43 1475
87 17 1166
68 67 922
84 82 321
30 2 283
65 58 334
41 40 1085
21 37 307
37 34 1455
60 80 492
30 1 399
32 71 335
48 40 357
42 39 771
5 39 557
71 18 1367
34 35 1371
36 78 444
54 86 580
59 26 927
41 9 6
23 64 1150
52 76 1489
20 21 475
58 38 179
85 75 1164
41 31 654
7 74 177
22 58 1151
29 12 1309
88 52 670
64 50 315
46 6 1509
52 75 1168
60 75 940
21 22 778
75 3 580
30 66 1326
44 55 653
83 39 1338
83 29 1192
53 14 785
55 20 1296
7 31 40
53 36 94
58 32 771
12 62 518
53 89 1332
61 20 199
54 53 1117
16 8 769
52 77 606
71 64 649
33 69 663
36 81 1260
13 10 1534
44 82 1267
77 37 1428
70 66 1304
37 61 785
28 42 1513
21 79 1424
52 0 293
80 40 204
62 1 1300
55 40 457
9 29 1076
63 5 740
47 64 943
58 5 165
8 29 398
54 11 1165
81 72 1256
67 20 1191
69 58 354
69 7 1234
35 37 617
58 66 1030
45 64 1533
39 84 1034
8 37 1497
6 14 162
15 7 1189
9 20 1261
52 23 1252
8 11 1312
12 36 1493
16 77 1157
63 50 173
81 2 959
67 54 589
63 12 549
81 79 292
68 13 1662
88 65 185
79 64 1569
78 19 682
44 53 382
26 30 217
31 73 1552
48 11 1306
25 15 223
76 23 715
40 53 1520
3 13 527
32 13 218
86 52 1096
39 76 870
41 24 1607
70 35 1169
45 28 675
80 19 1074
30 25 1376
45 19 876
88 79 1075
39 66 1227
22 29 1664
52 62 739
77 6 1521
27 49 1011
68 5 441
71 41 1169
35 50 1020
30 49 619
74 70 1643
75 1 36
84 55 1182
86 78 779
87 32 818
0 89 204
75 58 57
65 27 248
58 79 1298
72 23 1446
42 70 918
39 65 534
18 66 1343
6 25 1005
19 21 376
59 63 156
69 89 270
37 20 861
71 12 438
49 43 761
29 55 606
55 74 1181
42 76 1651
15 45 1620
58 14 1080
0 27 1147
24 71 748
18 72 60
17 60 151
31 61 1727
65 43 1088
9 51 77
7 82 1519
75 41 1613
76 59 1614
62 85 1150
51 12 432
89 85 569
5 55 1727
17 20 1024
12 87 319
60 61 1201
79 36 744
73 83 1564
18 25 1725
7 8 214
25 46 1330
6 28 1055
60 52 154
44 68 96
55 11 755
72 82 1122
64 70 92
67 23 797
7 29 208
2 71 1600
6 43 1175
40 47 726
32 47 1234
45 25 280
21 20 1410
57 23 609
16 62 518
73 52 1363
65 88 946
2 88 1662
84 45 1364
46 54 793
36 28 231
7 3 921
88 30 432
9 35 317
21 66 181
25 43 1428
30 20 1641
88 26 1135
23 16 1521
16 26 87
24 48 855
22 87 1538
81 64 365
67 42 1094
47 43 624
6 85 1369
71 23 884
18 27 1149
45 9 193
35 39 874
3 58 1362
22 38 1364
79 71 1254
53 16 1112
0 50 693
21 9 1554
73 84 1749
6 27 115
59 62 194
44 86 123
64 80 610
82 57 1415
2 74 148
62 72 125
9 39 763
50 66 1615
63 53 1147
54 68 455
53 75 1301
74 71 782
21 88 246
76 0 627
9 26 949
43 58 763
64 32 1597
15 76 203
16 20 1330
40 83 1551
54 77 895
51 21 755
28 35 369
41 49 1745
46 57 1005
72 71 981
2 37 738
0 57 169
24 31 90
1 53 1059
72 65 935
52 51 1073
34 18 751
12 40 432
20 78 1030
40 20 389
29 61 488
74 24 769
67 11 695
32 15 701
66 40 898
18 52 295
44 49 43
60 38 1628
23 50 168
70 69 1451
23 2 541
81 8 1569
15 72 417
15 71 1337
86 14 147
49 88 1339
20 48 1032
30 81 1164
85 73 961
62 34 1070
62 77 1018
70 55 1467
58 50 846
83 14 1816
51 82 1060
7 19 1326
69 1 1543
73 13 1074
50 46 861
55 63 447
50 70 1085
69 52 768
81 61 894
53 23 4
12 55 1792
46 17 1143
49 84 997
40 77 800
25 80 1831
32 35 62
5 29 1483
85 69 1730
30 31 1630
35 52 1781
42 47 1273
83 35 1672
16 43 1475
66 77 472
73 82 1711
62 65 369
32 89 803
62 2 1177
24 73 1592
63 59 635
14 38 1474
42 88 1304
47 41 480
30 60 1586
8 33 1110
1 63 1754
36 35 858
73 19 515
24 62 912
79 83 304
33 0 431
53 71 1097
47 9 212
20 68 1143
47 27 307
48 25 1298
26 28 1224
38 33 1223
44 14 1449
23 54 314
86 70 1213
76 82 469
49 1 1524
62 25 62
66 11 1885
32 62 1587
44 42 1707
84 52 1902
61 87 244
16 87 1506
69 3 70
46 84 223
40 73 412
34 45 1051
42 80 1077
11 39 624
62 84 1406
86 6 1907
6 42 885
12 58 929
70 6 1156
61 58 1448
67 80 423
37 47 29
35 28 1327
0 22 178
60 15 1647
36 32 1273
24 70 1561
2 87 393
14 62 561
43 75 1012
73 5 1863
21 40 1518
5 71 860
23 72 401
78 27 1205
59 8 1753
76 58 831
25 3 1643
50 23 1256
22 47 1255
48 29 1794
10 82 1751
37 43 759
14 27 632
46 88 458
26 67 339
84 10 1598
59 6 923
72 50 1106
68 39 314
26 86 809
57 2 938
48 61 24
69 27 798
40 65 1073
17 24 1603
43 50 801
28 36 1106
63 54 1150
2 1 289
49 76 1202
88 9 1138
86 37 1312
69 63 1521
53 55 1189
62 19 1319
72 6 1467
3 28 1264
11 87 694
13 6 1845
71 26 301
85 65 1403
89 24 1982
16 70 130
61 29 552
48 85 1819
34 89 1947
75 33 1473
24 45 1772
49 39 1781
53 64 488
13 1 788
53 80 796
2 30 1
73 42 1717
49 59 395
31 19 637
9 21 1637
20 33 1697
76 37 1311
46 49 1788
47 69 1376
13 88 216
69 34 82
31 38 1996
46 87 811
8 72 867
37 80 152
6 88 1371
33 79 1813
54 79 1757
58 13 1764
48 70 1461
86 5 1450
12 73 921
15 42 63
16 78 273
80 53 197
29 36 1414
82 51 1237
83 52 1467
51 10 1595
13 28 1728
67 7 997
78 68 234
63 8 797
22 43 40
11 76 270
65 24 595
73 40 666
13 37 467
23 36 1352
89 3 1702
41 46 366
55 49 1531
19 57 1812
36 43 1455
77 29 1758
60 57 677
58 74 1503
79 39 582
26 16 1388
76 29 1765
60 58 1171
36 75 1979
40 46 124
28 76 360
58 85 753
9 88 1752
49 28 505
49 21 1612
32 45 186
31 75 1496
48 36 1031
29 45 1241
16 52 577
79 52 1745
71 36 2028
50 52 97
81 31 919
16 58 1356
0 86 1919
36 2 474
52 26 613
11 84 1054
36 82 949
57 13 661
44 71 221
74 47 1061
29 34 1863
11 10 858
5 30 1935
5 26 1498
64 49 1173
15 34 1648
52 46 873
65 8 1207
81 3 1828
31 40 1779
22 59 1774
46 7 1992
43 76 1596
58 2 1441
89 66 183
17 32 1677
89 9 781
53 18 1507
32 33 585
5 21 1968
37 45 2086
3 77 1595
36 63 1767
39 50 218
45 43 1451
48 26 579
55 85 1675
1 47 123
17 13 379
44 87 738
43 21 1575
76 84 447
23 13 1214
20 23 2107
46 83 1344
75 21 1146
13 75 516
85 59 1540
2 80 465
27 44 245
26 19 1385
68 29 856
82 47 1303
58 8 760
42 34 1319
23 81 1652
36 80 460
78 23 419
82 70 1813
50 84 852
11 40 367
61 18 1102
68 14 420
79 73 690
59 77 389
3 55 2119
27 87 1495
73 31 544
24 60 565
38 55 1495
39 11 1299
54 46 1086
15 2 850
17 12 1239
49 13 1683
87 30 10
11 51 650
22 54 2055
12 30 955
26 64 1221
59 45 689
39 55 1565
57 83 46
58 26 711
76 52 53
50 59 1733
3 0 925
25 88 1952
37 15 2012
6 19 251
34 38 1120
67 74 1723
77 83 1752
15 62 708
9 80 2051
37 39 2072
12 44 869
70 89 1016
75 34 495
74 52 685
69 30 627
21 84 490
41 76 1450
52 20 1082
66 3 1451
76 21 376
80 71 178
45 50 784
89 68 1211
44 5 2171
34 87 644
24 23 1520
75 66 2155
41 5 286
27 22 492
18 86 237
0 67 461
66 65 730
40 69 736
34 57 2127
23 76 1363
36 39 1419
49 87 281
36 25 586
16 41 1820
26 63 339
5 57 1157
16 50 1556
44 75 1037
83 44 1372
39 7 1632
84 85 1490
52 45 1687
71 66 332
18 50 1507
6 57 27
15 41 2133
49 18 76
85 84 1574
71 69 1724
13 2 1402
64 39 33
46 11 1257
42 35 336
85 86 413
89 7 1450
71 9 370
8 21 428
89 36 1727
77 51 1485
72 36 1796
3 65 2217
79 80 267
35 84 1714
31 67 2117
47 29 1954
64 72 1112
66 70 749
51 62 295
25 59 1920
43 68 555
76 42 837
79 74 1195
55 44 1190
43 48 1973
2 3 1114
77 1 1727
38 6 991
86 51 624
10 27 2005
81 88 1249
79 19 1732
21 10 2198
14 45 691
7 24 2009
9 8 221
80 30 231
34 25 781
7 28 1841
37 87 2111
46 23 1807
66 47 2152
68 81 1128
63 83 1339
17 50 502
51 46 736
51 77 1414
41 58 626
11 77 336
87 22 708
7 51 1773
7 1 796
82 48 1458
6 82 1805
71 32 657
80 26 137
81 52 1503
30 79 631
65 81 1484
0 15 768
7 38 2208
63 51 1306
3 19 859
22 83 1384
3 2 1368
78 28 1207
75 2 1158
51 87 1009
0 9 327
30 19 1880
25 50 455
84 80 359
69 67 815
46 72 2005
68 32 792
13 35 1130
75 36 1567
66 0 1854
52 87 443
85 31 1032
48 18 363
71 17 655
21 47 991
6 52 1359
21 75 787
89 55 2226
41 2 1036
12 39 1841
33 3 208
49 9 2129
32 88 2112
54 12 1063
45 67 603
42 67 25
23 39 1365
23 49 414
37 1 1350
43 84 2168
42 29 1759
5 65 2067
81 34 1078
41 1 583
82 83 2140
87 37 1886
38 76 980
82 37 97
39 62 144
61 10 14
80 88 130
46 38 2068
88 80 1825
23 46 487
71 24 209
37 60 1620
39 23 1505
24 15 1702
64 24 2199
89 46 169
57 76 2107
35 57 1311
81 23 1441
35 30 896
14 32 1970
38 81 839
28 66 1505
89 44 1614
21 53 914
8 39 2234
20 64 627
1 33 1892
33 80 1712
73 71 282
43 16 1277
71 61 29
15 33 159
38 1 1152
48 30 1402
87 65 1608
69 25 2274
78 25 1216
59 87 2222
51 7 395
32 17 1279
61 80 1709
40 41 2306
14 24 1506
72 26 984
44 20 1479
58 39 1780
0 13 766
70 25 202
35 23 1988
63 20 1659
5 28 532
59 39 963
61 26 258
73 16 819
21 57 508
81 60 1118
81 73 2038
18 75 2274
22 79 482
81 46 1961
54 44 67
6 51 456
32 8 2003
89 75 2253
13 48 2321
57 31 2238
86 24 2295
46 51 706
86 71 1676
7 81 1964
22 53 827
87 77 1289
70 75 579
74 40 2388
80 6 1987
46 62 740
18 85 1819
57 88 1293
60 3 701
31 6 1908
32 75 240
24 54 1560
37 85 2172
45 88 1526
9 33 1014
48 86 718
80 52 621
50 33 1043
11 54 941
65 47 1963
18 22 776
3 70 521
11 17 1425
84 63 225
66 45 1805
44 79 2086
74 67 1949
83 80 1426
22 39 712
15 6 249
75 28 609
75 46 558
35 3 1992
23 67 250
40 5 89
69 42 1398
51 43 1371
6 63 504
84 76 2252
69 66 1864
35 60 2286
20 22 1318
45 83 1534
78 70 839
1 69 2009
48 69 2129
88 13 2257
85 37 606
30 46 2041
7 48 23
24 8 517
2 32 2245
0 44 1732
80 87 984
53 72 144
12 71 1991
26 89 1410
39 24 2215
81 70 2334
84 2 104
39 48 1145
19 76 1223
10 69 222
24 61 896
33 81 1267
26 81 1663
70 78 1320
58 9 1592
26 31 870
55 72 1795
10 34 279
60 62 262
70 42 1358
14 80 325
10 15 1061
50 57 2044
16 0 1174
75 74 360
35 36 1517
13 54 1802
60 17 2112
19 35 327
50 17 1160
16 2 1181
89 45 298
44 36 2183
29 7 2351
38 78 2259
67 9 2383
59 41 1217
68 88 1044
23 8 1831
33 28 638
50 80 33
46 70 1581
58 77 632
73 87 2238
5 15 262
26 15 1031
40 62 1530
57 14 640
74 36 1013
23 34 2027
51 28 1085
42 71 1820
29 46 1033
10 46 1665
32 31 570
19 45 1324
21 54 1534
3 33 46
36 17 1644
37 21 2013
3 7 2198
28 41 1144
89 60 510
41 55 1376
12 23 195
33 62 572
33 75 457
10 24 1990
47 26 2508
60 59 931
9 61 1909
24 9 32
19 61 1447
67 59 913
50 82 424
43 59 264
60 66 2021
81 28 984
40 33 1885
69 65 1125
15 38 2184
40 64 605
20 87 1175
89 64 1322
31 11 171
11 48 1662
50 18 58
23 29 1148
52 88 0
22 77 713
49 17 442
41 14 1031
83 72 1930
7 20 514
71 10 1177
81 38 526
15 35 1639
87 61 2193
68 12 939
57 46 947
58 24 244
71 6 1079
45 21 2200
59 10 2319
47 24 727
45 32 579
83 3 1332
72 47 2487
43 39 1952
2 8 1183
2 76 2246
5 10 2227
82 13 2227
70 40 472
28 72 2017
18 73 1257
54 58 300
84 33 2130
79 21 112
53 59 2010
22 19 2186
82 89 997
0 8 1882
83 47 1092
54 45 1782
51 79 1491
37 36 2021
59 58 885
37 25 60
64 47 1373
5 35 724
68 84 1938
86 83 484
13 85 2143
74 32 2244
54 72 934
57 58 2506
75 50 263
40 19 1788
24 44 1225
8 65 1769
32 58 504
72 31 1808
27 52 778
60 42 998
14 52 508
33 19 1024
38 34 2376
30 26 1426
7 47 718
39 69 1957
63 14 2130
74 45 1610
43 40 2434
1 21 2504
46 52 1405
20 46 1082
36 13 862
85 76 316
7 76 294
1 32 2234
50 61 1797
66 41 2530
31 72 1621
14 10 112
73 0 742
66 13 1700
14 70 1080
64 84 1116
41 68 1414
3 73 2064
54 50 1846
2 89 1532
35 55 2201
74 37 1054
46 71 1938
19 37 852
77 40 453
57 37 1308
44 9 1379
60 32 184
14 74 2534
27 34 338
76 68 2009
20 65 775
83 13 420
49 40 1110
24 34 1328
16 88 467
48 31 1495
20 88 2411
41 89 735
9 50 2592
69 80 2626
80 63 1066
6 20 1154
25 20 710
60 84 523
28 70 2004
6 24 1418
39 8 269
10 78 1544
82 11 602
46 73 2640
79 77 1144
32 46 1721
69 38 2027
88 61 2067
75 83 155
0 88 1383
50 9 2226
40 26 329
30 38 1393
66 72 1409
68 6 2420
13 16 104
18 45 671
33 51 1891
48 32 1972
82 74 774
8 31 1183
55 88 858
70 80 1633
38 66 1425
7 15 1815
38 21 2172
53 26 536
65 83 1591
86 65 706
82 88 855
37 84 912
49 3 1966
36 1 1706
23 87 328
36 79 207
11 43 1818
17 66 1962
80 2 1914
82 76 1117
48 35 226
33 44 2295
19 50 752
75 42 949
75 23 222
19 33 786
38 17 2070
13 27 2309
40 52 74
11 71 33
28 11 1643
15 60 276
43 30 1393
40 16 1064
15 52 2
63 15 2384
89 11 2691
63 2 420
13 84 792
89 32 1578
60 2 2468
29 3 1681
75 77 2404
3 80 1346
52 86 2035
38 49 2595
80 22 254
13 50 220
43 7 1517
86 19 1731
57 43 1729
70 54 1682
9 63 816
16 5 2259
41 61 470
65 32 1799
37 26 35
38 46 2274
36 15 1623
38 36 7
61 82 1981
49 34 1141
0 62 1617
22 72 2155
14 82 1196
51 76 1425
27 69 291
70 23 792
77 7 1709
19 69 2356
80 35 123
72 22 799
42 11 541
73 61 1600
13 21 1669
37 33 54
80 60 2745
86 55 1111
54 69 446
72 74 2394
85 3 1381
14 9 185
2 20 571
52 67 2671
13 78 2420
38 24 401
64 11 1634
28 24 1323
81 76 254
89 22 628
44 26 1237
57 26 2280
61 34 2335
27 71 1203
19 42 612
38 89 1596
58 20 499
61 17 376
60 77 2442
65 0 683
46 30 2492
44 84 605
69 5 1630
55 10 1309
41 38 1495
85 30 550
36 87 1465
52 22 2444
53 35 1460
89 25 310
40 2 360
48 50 1365
45 66 979
28 44 2093
45 75 471
42 89 1092
2 42 2788
31 64 2355
44 21 1001
57 21 2624
23 32 2450
47 22 805
34 82 737
78 71 136
76 14 2010
54 60 15
7 68 2583
19 9 793
15 23 65
6 87 2724
52 15 315
51 9 928
20 55 1415
77 58 1258
64 22 334
44 25 937
14 28 2322
60 74 1009
34 36 1139
48 88 1292
83 79 2791
79 13 1594
70 45 2447
14 68 2388
49 85 2382
40 9 2630
46 68 189
24 5 1484
42 61 622
37 31 470
39 9 305
26 18 1983
35 9 2612
76 16 913
30 36 2821
72 64 2550
17 51 2447
60 79 1091
34 88 2264
76 60 864
75 60 2473
28 33 396
19 44 1024
63 65 2461
89 15 2587
14 37 374
24 46 1552
72 40 1051
76 66 673
40 21 2676
55 76 1109
59 54 2487
35 38 248
68 34 416
18 54 1910
39 17 1268
34 48 1777
18 14 58
84 58 1826
35 75 158
77 55 2802
86 57 2303
10 14 1050
19 25 1672
66 43 494
6 69 386
65 20 257
44 70 204
42 37 2819
82 26 145
33 27 24
52 13 692
12 57 1224
50 48 214
42 40 1406
50 83 1339
80 84 1257
19 87 1632
70 28 6
66 46 1276
18 53 757
25 5 2684
20 50 1089
64 66 2102
18 80 2395
15 75 76
23 12 1004
60 76 1434
35 27 2359
53 12 218
54 52 1252
45 42 2233
76 51 119
33 15 2306
59 40 2140
69 23 1630
89 48 1165
49 86 93
1 64 1549
9 68 1711
87 25 903
22 49 867
69 70 764
42 81 315
5 20 970
47 77 1989
81 89 1457
89 74 1633
85 5 323
34 6 2311
34 76 1358
16 23 1458
67 0 824
48 67 2900
87 26 670
13 12 1786
24 19 1219
84 68 2116
16 63 1784
68 89 1462
57 0 720
57 33 2868
7 88 2683
12 70 1733
17 23 1097
78 21 1834
9 87 672
87 34 1785
61 6 2574
45 16 2217
48 20 1741
8 62 2861
40 67 987
12 43 199
50 63 2268
87 35 2656
8 44 322
73 37 15
72 15 1961
33 76 245
20 70 1978
79 53 2885
63 47 1032
88 27 599
63 80 2116
58 12 1948
55 0 1818
77 50 846
63 17 420
71 8 714
72 35 546
24 0 2660
34 29 2815
43 81 477
6 34 950
23 84 1276
19 7 1833
21 14 413
82 79 2766
3 38 1713
89 35 1296
25 53 2832
12 48 2875
32 87 1059
77 59 2109
70 50 2819
78 74 1216
30 51 2018
68 1 2864
10 73 2544
34 11 1000
5 83 1203
20 19 312
37 68 485
11 68 2516
30 12 1127
57 32 2780
43 71 2655
54 0 2591
13 46 2870
80 46 98
87 28 821
32 69 1042
30 13 2945
76 65 905
25 45 2421
48 78 1269
15 29 2168
42 68 125
72 1 199
49 70 821
85 87 300
62 50 2993
12 0 2433
31 9 738
34 77 881
60 44 1713
28 38 1969
8 38 2112
39 27 778
86 29 594
58 19 63
6 73 2983
6 7 2385
83 67 2226
70 77 3009
15 80 2655
40 30 2843
34 7 275
34 10 2395
11 27 1304
12 11 2835
35 19 2348
70 11 1314
20 3 2975
46 63 1645
78 30 970
70 2 1995
66 22 2531
81 35 937
68 23 1889
47 63 1328
7 43 654
70 5 940
74 41 1989
5 27 1891
13 7 2137
73 78 297
18 7 1745
21 15 467
46 40 2492
36 50 2678
78 50 771
24 81 2283
6 29 1413
47 35 1188
55 84 2689
3 78 1591
61 19 2498
53 0 2514
57 22 2861
60 19 1318
8 48 1941
21 78 837
65 78 613
59 80 1755
32 29 1296
46 29 2765
42 6 17
3 42 1345
67 30 2468
41 30 1885
37 44 2693
24 11 2232
38 52 1900
5 41 3047
55 81 2936
78 82 816
64 48 2563
62 74 234
3 87 1763
46 79 2129
11 22 2898
43 66 2390
57 55 439
22 84 2104
10 29 928
22 25 2442
63 19 2275
42 20 2956
10 22 1920
48 51 2315
21 2 2661
64 19 1000
19 82 2523
8 52 1339
50 87 2980
47 18 760
65 26 743
3 15 2863
8 86 944
57 85 202
55 3 2701
7 14 290
46 77 2764
69 84 1628
32 40 145
71 87 1315
30 63 20
13 18 2229
41 83 1738
7 41 2721
28 6 2584
17 72 1836
31 36 2699
59 81 158
12 9 170
58 52 2755
7 25 1544
27 35 232
1 41 2153
12 26 121
42 1 1788
68 63 791
84 79 1282
88 18 12
33 82 1966
46 34 404
86 50 1859
44 30 991
20 66 2901
88 6 1928
77 41 542
63 40 274
10 19 1163
78 39 472
63 33 2154
66 49 1055
17 68 1953
27 66 2301
53 67 1765
87 23 2860
0 87 1358
42 9 1726
5 51 1653
44 34 750
80 7 1481
46 74 821
19 52 2105
9 3 646
21 61 31
61 15 541
44 67 47
49 47 237
86 48 1543
50 73 1839
74 3 2932
16 53 1557
21 64 2021
45 78 1673
83 69 1021
16 76 2738
25 58 2410
84 24 2940
3 72 1995
88 29 2572
33 38 2930
63 36 292
86 62 1949
89 20 2344
82 28 1616
25 28 2843
22 64 2921
42 7 2304
68 52 1246
18 8 1052
11 52 319
72 85 2345
55 47 658
86 42 3027
60 8 3064
60 81 2300
75 6 2853
0 69 887
35 22 918
51 84 2158
61 45 1862
47 12 382
68 28 1827
54 37 2555
12 47 2485
29 44 3143
60 1 290
35 44 1868
51 41 2937
14 22 12
74 55 3169
47 32 938
66 54 1577
62 80 3176
74 73 2483
82 18 3144
88 32 2743
61 40 2488
51 5 2732
47 14 2129
5 58 1804
89 5 1812
38 30 1244
1 50 2050
11 72 1664
63 70 2712
80 57 3160
79 55 2130
1 26 66
47 0 465
85 25 1660
59 28 2536
86 26 2998
17 35 764
41 71 590
39 12 2896
76 10 2161
26 88 2156
8 49 2075
77 3 2767
71 79 2230
6 48 2791
37 35 495
75 16 1964
72 16 1471
61 70 2968
25 66 1424
75 32 2763
26 85 760
67 85 286
37 22 1879
37 64 1230
71 25 2857
1 73 2340
17 89 922
69 40 2004
10 58 1215
31 42 1937
76 7 1059
78 5 1020
82 55 679
53 42 1415
80 13 554
3 39 3219
48 75 2230
24 10 2445
24 12 1567
10 76 239
43 82 1634
13 36 1997
19 1 1877
9 74 2429
78 86 3147
36 76 2759
1 36 2145
36 77 1649
23 15 2633
54 28 296
89 70 909
67 48 1763
41 13 3142
61 12 481
48 3 1331
10 1 68
78 34 881
30 41 1749
67 45 292
55 28 2053
85 9 108
83 15 2047
36 58 133
61 3 46
49 63 1661
69 10 318
80 64 2407
23 52 670
88 20 517
44 27 868
35 82 3231
34 62 1848
67 19 191
54 22 696
49 50 1953
66 23 103
86 16 3003
78 53 992
15 55 1122
36 70 2688
2 70 2251
18 49 1608
84 38 225
55 6 1740
86 68 1402
85 23 737
69 14 2808
74 1 2176
86 2 1597
87 6 951
73 22 1789
33 37 2821
20 38 2306
52 80 1713
43 63 2209
86 32 483
62 42 2719
11 70 2111
28 46 274
13 20 1195
52 12 3049
64 63 211
60 78 794
28 3 2615
24 18 2839
52 28 234
22 28 871
3 52 1902
77 76 393
19 0 3155
52 58 2221
80 5 414
60 37 1104
33 41 1354
6 81 994
9 38 205
50 74 2484
39 57 3151
72 77 2590
21 70 672
21 26 2311
2 85 350
57 38 382
69 19 1921
0 39 3284
42 86 1479
27 63 216
45 73 294
73 76 2251
87 18 948
67 43 942
46 42 3091
32 64 83
10 43 2944
35 24 1104
11 75 1365
84 13 2262
84 15 1136
36 6 75
85 89 1039
58 59 1872
16 59 961
79 50 1214
67 53 1608
65 28 1282
42 31 1762
1 14 3131
64 73 2667
11 60 812
49 65 3312
65 89 1245
81 9 510
49 42 898
47 1 2290
75 62 1527
19 29 285
40 85 1328
42 28 623
7 32 3002
69 16 2959
35 34 2934
32 76 302
44 33 737
11 5 2934
17 53 3357
20 31 1734
88 46 2788
59 82 1225
74 58 2200
13 55 2406
32 37 2771
39 47 773
45 1 484
26 12 639
80 10 647
66 1 819
89 81 2680
15 16 2726
5 3 2542
17 59 1163
80 73 523
65 72 1433
32 66 952
10 9 1500
12 38 2276
19 55 2014
29 28 2742
18 82 2276
32 11 137
27 23 2786
83 16 411
74 10 2763
80 17 2043
87 20 1027
82 32 879
49 61 93
73 74 2804
6 60 3229
36 89 2858
32 6 890
53 81 374
61 32 1470
62 6 541
16 47 1187
60 36 1947
28 64 3209
73 64 2715
66 81 696
14 1 3158
20 85 2913
11 30 2882
57 34 940
19 46 2858
25 19 3006
53 11 1116
15 74 3201
41 18 1838
30 29 683
62 41 980
89 30 1370
83 48 511
24 63 3162
73 3 1029
65 31 1714
82 46 463
15 83 3322
81 84 2839
11 23 1024
27 28 2258
22 46 1417
3 63 130
78 6 149
80 14 1602
88 34 419
74 72 3020
39 3 1682
89 2 780
51 8 2803
3 30 1557
18 84 3084
50 43 159
68 51 93
38 44 963
23 18 341
52 30 2225
10 11 1086
84 89 1963
39 29 3230
52 59 3193
40 29 3126
82 34 901
32 41 3133
55 8 2787
78 20 787
26 38 3321
32 86 249
72 89 44
7 55 1771
33 29 1003
39 31 2701
55 5 3196
74 57 2114
3 27 704
63 62 1569
53 22 2481
82 24 2393
36 3 224
26 54 3175
52 69 1434
87 45 2754
67 77 3080
75 27 3381
26 66 1175
77 81 1733
77 24 2470
70 64 2991
27 58 186
86 73 1031
87 82 3063
57 10 791
62 82 1546
3 5 586
43 31 1061
84 21 593
74 19 2488
8 22 337
31 83 144
66 64 1170
71 35 189
65 63 2910
9 52 1111
64 26 2821
69 8 3012
31 88 2130
12 69 228
39 80 970
11 59 906
87 33 374
75 35 968
46 44 1119
15 81 1188
29 21 417
34 12 2685
26 61 2366
2 43 736
69 53 2970
38 31 790
40 18 497
43 19 3261
49 60 3094
85 80 3247
41 65 734
7 89 1183
21 45 64
33 40 2565
6 23 96
84 41 91
57 51 1788
10 17 3158
85 0 1287
29 85 2602
43 73 2804
6 83 117
74 16 2995
89 37 751
7 67 3510
72 43 2736
70 15 1146
25 11 3231
9 15 230
42 52 1063
6 65 2231
22 75 1795
39 72 228
20 14 1531
60 11 1401
80 24 3226
66 42 147
44 32 2878
3 25 3320
55 39 1536
24 39 2969
9 11 126
25 85 3036
13 77 3309
83 68 3371
79 40 1938
18 81 1142
71 49 643
58 87 1600
57 50 1006
17 70 2814
9 31 2604
30 14 1412
72 78 2057
35 8 1068
63 57 3176
64 83 2557
58 17 2098
42 26 3419
54 41 1927
50 22 1016
46 31 415
58 60 1504
36 69 2444
46 82 2500
89 39 2692
13 65 859
71 82 2483
36 48 2902
45 39 897
65 21 1016
15 24 1491
79 24 1986
16 30 934
55 7 2357
28 14 975
40 50 1057
1 16 2307
32 65 1295
70 32 2481
15 14 1415
33 9 86
31 39 2308
72 30 3034
29 30 3286
27 3 1231
50 71 560
78 13 1337
10 55 436
2 26 1739
27 53 2412
67 78 2180
8 69 1443
38 23 2056
72 67 2824
24 50 2293
83 0 2378
28 10 522
52 43 3377
27 50 53
39 35 974
66 26 2864
39 46 2414
43 79 1307
26 22 1113
0 47 2814
8 50 785
26 3 2425
24 37 2286
50 28 3465
21 83 516
64 0 3109
46 2 3493
29 1 2999
85 11 535
63 73 3309
55 48 1108
48 39 1914
38 32 424
37 13 391
6 67 3248
47 38 2271
38 58 2064
50 60 1530
73 25 1707
82 68 2567
38 70 2227
59 65 321
76 41 3664
83 66 2809
43 34 392
49 7 2711
70 86 2751
68 41 1901
47 36 2708
19 30 975
56 36 52
56 79 11
56 62 41
56 43 42
56 17 51
56 59 14
56 35 29
56 84 56
56 63 70
56 34 18
56 65 19
56 41 81
56 1 28
56 49 29
56 27 54
56 22 14
56 80 76
56 71 58
56 88 51
56 23 7
56 31 19
56 50 83
56 57 62
56 4 75
56 5 53
56 89 28
56 0 24
56 55 9
56 87 5
56 72 65
56 83 48
56 10 10
56 78 55
56 81 63
56 45 34
56 76 28
56 48 34
56 68 24
56 77 68
56 73 72
56 12 54
56 82 49
56 21 59
2 4 23
10 4 11
12 4 54
13 4 18
18 4 69
20 4 24
21 4 36
22 4 16
25 4 25
30 4 89
32 4 14
34 4 28
37 4 62
39 4 18
40 4 70
41 4 32
42 4 74
45 4 17
47 4 61
54 4 8
55 4 74
57 4 43
59 4 29
60 4 31
62 4 26
64 4 85
65 4 68
67 4 51
69 4 12
71 4 31
74 4 68
75 4 88
76 4 81
77 4 56
79 4 68
80 4 42
82 4 15
83 4 4
85 4 83
86 4 29
87 4 18
88 4 45
89 4 85
