36
26
22 1 0
15 16 1
13 25 0
31 9 1
46 48 5
42 45 5
43 32 7
42 24 0
46 34 10
48 40 9
6 46 9
1 23 7
8 17 2
39 27 3
15 46 12
6 7 2
11 29 9
39 48 10
35 22 13
27 28 15
28 33 19
3 18 17
12 10 11
3 27 5
27 14 10
34 6 3
5 14 27
24 28 15
39 21 1
27 37 3
12 25 27
13 28 23
17 32 14
46 32 13
11 0 17
16 48 7
44 28 17
3 49 39
19 46 29
9 35 37
33 21 41
35 13 35
23 8 2
35 38 29
44 14 39
24 4 23
28 39 23
40 48 38
37 20 24
9 40 23
5 32 48
38 8 50
21 28 10
49 1 25
40 41 16
19 49 7
38 7 35
49 9 39
43 25 44
25 47 5
7 35 62
2 28 19
34 28 1
18 12 38
19 22 16
12 29 14
23 20 11
49 21 15
27 22 51
30 46 2
0 32 72
25 22 70
34 32 23
45 10 18
46 29 46
43 48 59
43 17 54
25 32 10
1 45 3
40 25 72
42 3 30
37 19 75
0 43 40
12 27 6
16 18 65
39 22 38
48 12 31
39 9 12
8 47 34
15 43 92
39 46 55
23 0 46
32 45 74
41 19 35
41 43 61
1 18 28
4 35 93
41 2 78
47 44 84
29 42 15
45 5 10
1 12 72
9 30 26
31 10 86
4 27 56
41 1 96
10 18 8
18 41 107
34 38 10
38 49 30
39 15 113
9 2 68
9 44 43
40 35 43
1 19 119
30 41 77
5 12 123
47 1 123
1 8 40
22 12 23
35 42 95
39 17 103
49 39 79
34 12 31
7 6 50
5 6 133
32 40 12
17 20 94
19 37 44
13 48 15
15 19 97
21 48 25
7 5 50
30 1 17
41 45 113
21 7 29
39 33 18
14 37 53
8 1 3
34 14 28
17 0 149
35 48 11
33 48 19
16 35 48
24 9 3
17 25 86
28 10 135
40 28 53
7 37 133
7 11 80
27 31 144
20 44 7
47 13 33
39 2 31
31 3 37
11 49 52
41 28 108
27 6 74
46 38 47
27 32 102
40 21 76
3 23 47
18 47 123
1 9 25
4 40 146
14 29 163
46 24 36
34 11 104
46 11 141
20 27 90
45 7 57
12 38 58
31 37 74
37 14 55
10 5 27
45 37 172
5 29 185
18 46 181
0 2 174
41 38 109
37 40 141
17 4 8
12 34 5
22 14 107
32 27 29
7 9 147
1 39 159
41 29 153
17 34 13
31 32 89
1 10 46
14 44 16
2 7 175
48 22 45
34 19 40
1 21 178
47 28 10
38 35 74
10 7 202
16 47 24
27 40 209
44 33 147
46 5 70
7 40 197
41 6 179
19 30 175
19 27 199
12 32 186
47 15 41
28 16 221
10 6 126
13 16 113
13 31 135
42 46 213
9 43 163
1 43 44
5 43 198
15 25 217
14 24 8
38 28 127
2 42 12
25 14 25
32 20 67
16 11 5
40 16 238
27 41 55
10 46 170
33 39 210
35 20 69
14 6 224
39 29 137
34 17 150
5 11 74
12 21 86
23 43 51
13 47 5
46 8 57
10 11 72
41 17 202
17 29 127
0 9 66
22 37 43
12 9 180
17 22 47
30 21 88
43 42 62
1 6 56
14 4 94
24 35 121
48 13 20
2 29 110
24 8 0
39 30 56
30 28 177
7 47 139
25 21 243
47 11 2
24 32 17
39 25 15
32 33 170
19 8 44
38 30 116
25 28 181
44 6 48
3 8 221
3 1 214
1 4 113
25 48 121
40 39 261
11 20 206
30 40 122
4 7 2
20 39 26
39 14 123
41 11 290
17 35 102
22 32 109
0 10 121
35 32 170
37 28 182
20 12 104
13 34 3
16 37 1
22 11 117
39 34 138
35 17 249
14 13 234
9 16 150
4 41 85
13 22 76
42 23 101
31 14 153
19 5 180
46 28 250
21 9 124
1 27 161
44 46 18
22 29 164
27 13 82
24 38 46
35 31 162
35 5 153
0 19 297
24 1 65
30 35 133
29 37 226
3 45 1
13 15 89
21 35 161
12 39 236
37 9 42
12 13 196
27 19 205
45 1 189
6 38 253
15 20 260
33 47 163
24 15 230
30 49 118
44 34 49
31 1 322
45 48 279
20 45 195
22 41 206
32 10 289
24 49 37
2 11 238
49 46 233
42 15 53
10 14 209
5 48 295
33 41 191
29 7 210
16 15 244
29 10 1
32 21 75
32 3 67
22 7 90
1 32 81
14 35 10
41 7 91
32 16 81
31 17 215
15 28 120
22 30 312
28 9 326
10 29 287
5 23 238
28 14 187
17 10 232
33 2 252
5 20 368
43 39 64
46 1 20
41 16 153
6 0 66
46 31 187
7 27 166
33 22 113
36 47 5
36 3 24
36 44 23
2 26 31
3 26 47
9 26 35
17 26 11
33 26 9
43 26 25
