19
1
58 63 0
46 59 0
61 77 1
16 88 0
98 46 1
46 20 5
50 64 6
88 86 5
29 31 8
24 9 1
44 74 3
74 33 11
93 90 4
74 51 3
4 82 0
2 8 9
99 47 2
2 95 2
73 34 8
59 71 14
87 17 10
53 28 9
89 79 10
69 87 25
51 6 21
57 47 4
32 7 26
11 91 28
48 36 25
18 2 17
34 44 1
58 82 22
98 3 18
65 71 24
31 77 27
38 30 1
88 43 16
9 8 23
70 34 17
66 20 23
90 84 14
6 20 43
25 52 13
56 48 26
73 64 10
44 97 6
32 35 19
32 47 17
6 76 50
18 79 5
86 32 48
39 42 15
45 6 47
65 88 28
28 49 46
26 16 57
42 16 41
11 41 32
77 3 14
69 94 32
73 91 24
44 47 13
49 4 38
46 47 33
89 58 51
84 34 6
0 11 8
68 91 12
58 45 32
28 57 55
51 88 9
21 31 16
16 3 66
45 84 33
10 52 6
94 5 60
36 37 28
89 27 39
7 92 51
0 32 21
5 0 54
51 60 71
0 40 80
64 62 59
32 14 52
99 7 80
51 79 37
93 43 36
83 7 18
84 49 37
31 54 39
55 36 2
51 56 48
84 86 10
68 99 42
68 64 99
3 53 53
60 72 29
10 79 72
23 96 56
81 69 58
69 72 65
27 0 89
42 72 60
51 12 61
86 51 0
87 94 50
97 55 84
75 83 46
14 74 112
92 77 20
5 60 110
97 15 25
17 87 114
10 47 87
13 85 104
25 79 59
39 73 74
2 39 47
93 35 3
58 49 107
74 4 50
8 40 117
68 38 101
90 27 21
14 66 79
24 86 58
67 3 118
66 61 19
4 22 23
10 63 90
97 61 96
44 82 0
3 73 6
95 98 101
88 84 38
87 96 72
73 76 43
78 60 48
60 17 64
45 72 68
56 5 18
41 4 129
83 21 75
45 88 101
78 63 99
15 76 71
52 35 52
75 87 137
61 45 10
43 41 53
35 66 8
44 88 25
73 45 135
42 33 89
52 17 121
96 80 38
71 99 103
49 91 73
21 98 93
38 33 68
2 35 83
64 39 73
43 88 59
24 63 78
86 83 91
2 15 73
86 82 107
53 4 171
79 61 156
69 45 145
50 6 84
97 39 69
93 5 98
7 36 0
89 0 143
95 3 111
81 49 6
76 78 167
98 12 146
15 10 120
92 91 64
90 53 23
58 87 117
41 17 64
59 44 38
26 25 28
7 75 61
8 80 147
29 45 143
45 57 118
32 96 60
24 54 102
72 32 74
44 58 102
93 42 188
49 83 88
43 8 159
59 91 180
50 97 161
26 44 173
30 94 31
11 2 19
51 41 57
29 35 128
92 32 63
31 96 12
32 13 1
17 9 96
29 11 141
88 44 20
25 18 22
47 9 212
58 59 52
82 68 95
96 6 180
56 90 167
78 38 200
18 6 110
13 70 90
55 76 174
39 60 43
24 46 18
33 12 187
29 22 71
25 20 192
67 11 80
15 34 115
15 68 212
59 35 28
47 80 97
33 62 181
45 90 203
38 79 42
66 87 28
27 84 181
37 53 163
79 37 149
80 29 186
82 7 106
55 91 246
90 36 106
95 15 209
30 27 106
88 91 247
37 64 68
85 62 132
64 90 185
81 57 175
72 87 11
55 13 68
15 56 38
67 92 160
21 18 110
99 75 96
47 89 224
60 0 108
53 55 12
50 94 252
98 29 187
41 14 263
15 90 210
55 83 63
52 20 126
55 67 35
82 36 74
94 95 182
42 13 238
70 33 178
11 7 244
65 18 90
18 36 22
26 93 16
3 30 6
0 31 70
71 22 172
90 73 31
90 68 206
16 22 80
31 26 17
93 82 81
58 69 96
63 43 221
33 27 135
80 79 106
29 2 224
99 87 107
92 98 256
59 77 141
56 29 248
66 60 229
17 11 9
88 12 291
46 62 178
95 64 287
93 32 283
59 33 99
3 98 25
18 8 0
30 64 301
24 67 292
34 27 210
55 87 43
98 55 96
38 21 154
11 38 134
4 69 87
40 70 194
88 26 222
59 82 173
82 51 171
80 56 194
66 14 266
8 22 211
6 23 147
49 24 76
21 33 133
9 97 230
36 16 77
81 25 42
46 57 171
72 36 116
25 43 330
78 5 262
38 39 169
33 9 111
72 77 324
66 73 276
91 11 255
48 82 144
17 6 196
85 71 120
24 14 58
64 96 176
50 62 173
25 80 66
56 50 82
94 80 137
17 48 210
39 20 170
93 73 76
60 84 336
97 27 134
2 38 184
32 30 249
63 51 357
81 9 92
20 7 127
89 85 275
58 71 141
61 80 106
28 44 177
9 47 70
63 25 325
58 73 341
66 93 177
31 32 154
90 91 194
85 54 87
22 30 58
97 91 84
44 25 235
77 82 332
96 33 23
17 14 20
64 92 189
42 86 352
87 86 254
68 48 371
83 32 229
69 27 60
0 56 242
62 42 64
0 20 198
93 29 2
8 61 18
84 17 243
40 88 29
2 4 174
91 94 348
53 60 31
82 41 346
65 13 248
2 51 30
25 34 343
72 85 382
40 33 219
78 77 23
10 37 318
93 13 48
81 2 102
10 64 154
34 69 170
40 73 57
60 79 188
94 17 56
29 27 24
52 72 12
73 49 390
44 71 34
70 35 359
83 61 385
83 92 292
24 26 54
21 44 192
74 50 39
58 7 247
45 42 217
78 80 318
90 82 31
84 21 380
63 94 261
33 46 122
78 17 38
13 71 197
30 21 171
83 69 98
85 59 401
59 12 222
75 37 31
36 17 260
64 30 107
33 51 429
73 14 373
41 25 210
21 96 36
22 78 95
12 32 412
83 63 59
82 65 64
41 35 140
49 77 328
48 63 427
59 84 398
90 66 383
45 81 67
24 29 244
75 94 202
8 47 28
41 26 234
83 14 97
99 96 59
49 68 288
92 78 83
35 59 184
21 90 171
75 81 90
28 8 77
61 32 94
98 73 183
12 99 414
85 94 305
93 66 240
13 9 163
46 30 363
6 67 114
39 52 442
48 64 355
85 16 438
65 49 257
53 9 295
65 8 177
37 24 476
88 13 25
73 61 442
82 30 86
45 51 452
63 53 128
12 43 250
72 17 115
59 2 6
67 23 391
66 71 62
43 75 375
87 71 19
50 86 49
44 45 33
35 21 183
78 7 288
94 3 192
26 52 440
51 18 117
29 4 280
70 47 497
28 76 367
41 57 279
63 18 45
57 14 175
50 16 109
64 29 495
39 51 353
54 99 397
26 9 355
46 39 397
82 49 95
10 7 248
43 32 157
14 44 489
2 45 219
0 71 301
21 9 374
94 15 9
50 83 304
97 51 252
4 41 227
93 84 150
96 67 409
59 87 352
35 6 491
39 62 330
40 79 517
49 38 447
45 73 101
6 5 357
89 97 228
79 70 230
37 41 394
2 6 426
35 5 245
51 91 132
14 58 188
72 26 67
68 98 281
26 78 318
67 87 85
53 87 305
29 55 213
48 22 224
99 90 507
51 59 318
40 59 276
94 79 35
73 58 247
28 17 143
92 59 336
80 48 286
65 83 544
17 23 59
21 71 84
10 69 428
15 54 269
14 0 381
78 16 533
54 91 476
84 44 221
4 5 74
48 21 308
92 85 254
55 78 520
88 67 309
56 91 341
50 65 564
78 69 157
25 23 84
15 23 85
95 86 214
0 4 80
68 27 129
75 34 154
94 91 439
28 90 407
55 21 83
17 13 563
35 82 190
44 79 42
61 64 114
64 5 167
80 62 548
24 88 169
81 61 177
60 81 555
56 82 410
55 18 373
29 56 20
78 31 426
33 50 154
58 53 532
51 49 195
42 12 529
75 35 253
40 69 278
16 90 38
5 2 101
15 27 136
94 28 264
28 4 231
88 94 549
92 11 416
27 40 224
4 96 360
61 71 147
48 71 157
75 92 283
31 75 369
67 68 341
57 2 460
57 52 133
68 40 207
69 21 238
53 68 296
58 33 621
89 50 252
62 44 391
76 41 376
78 76 0
47 53 219
75 11 633
64 7 26
93 3 455
53 24 483
5 74 386
37 89 210
86 65 609
84 57 275
0 97 161
64 99 396
70 9 640
63 11 290
79 96 179
85 33 387
22 34 588
22 33 626
20 47 650
44 39 90
34 6 371
89 57 159
4 72 591
81 13 634
76 29 70
3 74 615
80 38 32
82 3 384
54 78 492
96 53 315
44 98 595
63 90 412
75 13 192
51 65 447
6 98 140
64 2 269
97 85 443
39 58 533
76 82 186
98 53 187
12 26 549
61 2 308
52 93 462
60 74 524
98 5 174
84 76 291
89 24 672
9 40 640
62 37 379
72 51 252
52 7 652
20 93 641
36 4 190
24 82 276
72 5 667
28 13 267
71 65 264
48 70 424
7 67 627
62 40 655
11 97 86
20 91 329
95 16 393
23 91 470
81 97 243
64 59 36
69 31 627
56 6 447
51 37 375
5 57 12
24 83 439
47 33 442
8 18 644
10 2 705
75 38 344
43 0 79
11 59 390
13 44 267
12 93 304
97 8 500
23 58 688
65 10 284
47 92 335
93 23 367
14 57 182
22 46 304
76 63 108
7 42 218
84 72 214
31 5 642
70 41 509
17 71 275
95 34 413
53 71 262
38 41 519
47 61 430
3 26 71
45 82 464
62 77 610
37 3 360
37 77 494
84 85 390
65 38 70
52 56 172
65 82 546
27 48 239
17 77 446
22 89 199
51 75 353
38 13 547
67 88 356
24 35 422
26 45 76
6 2 69
60 57 364
58 28 352
82 22 343
94 50 340
73 85 295
10 74 287
11 90 280
85 51 706
37 86 57
63 34 396
72 53 354
55 74 395
59 53 601
4 9 275
41 20 432
77 87 293
29 54 614
55 6 530
87 69 598
21 52 439
68 45 262
53 26 467
83 72 36
68 61 125
76 80 208
10 49 663
86 60 153
18 86 695
48 50 662
47 70 255
37 11 13
38 42 42
5 45 251
26 79 643
2 93 183
33 2 463
52 42 652
47 30 173
52 15 786
44 35 150
46 21 443
41 47 397
34 45 187
54 14 97
3 31 43
4 24 731
27 95 764
34 62 269
53 63 411
3 29 612
78 82 796
88 53 459
81 85 640
80 61 442
86 71 438
32 33 716
51 22 246
5 32 243
23 93 745
26 24 698
79 75 774
28 96 392
74 29 32
59 24 465
40 47 455
43 72 457
40 9 181
95 14 711
91 68 688
98 36 92
53 39 331
7 81 387
14 45 109
20 35 391
82 9 206
14 23 133
8 58 38
24 6 397
30 39 741
98 10 616
63 5 457
45 94 457
37 2 304
91 81 733
94 65 520
60 62 172
32 63 760
80 72 822
44 69 525
84 61 55
90 38 770
98 13 56
83 68 552
26 67 389
23 71 241
12 89 634
11 31 1
44 67 657
0 60 672
42 84 649
37 13 693
83 33 527
11 10 378
30 11 276
51 44 174
11 88 491
71 5 776
23 6 151
74 18 541
12 64 64
16 67 79
14 8 33
57 13 634
3 62 754
64 51 109
17 55 768
74 10 781
74 94 506
73 35 320
52 88 647
93 83 695
43 95 189
25 53 651
97 16 860
34 87 230
4 62 11
9 20 416
0 17 156
61 23 385
24 95 444
68 17 236
47 99 193
66 79 879
44 13 309
69 15 869
21 72 34
6 88 730
30 22 30
48 90 597
65 96 6
46 96 187
80 0 698
73 87 38
41 64 126
50 77 696
80 96 820
68 28 885
91 50 783
93 78 330
47 10 26
82 59 531
71 28 431
94 43 513
87 21 334
75 21 19
5 14 214
43 93 355
98 45 33
20 30 758
71 3 293
53 10 143
14 27 560
25 2 532
91 31 883
6 94 45
80 7 353
64 87 279
50 11 97
26 12 753
35 57 877
23 69 437
15 9 8
9 66 403
57 27 443
78 14 259
20 90 334
56 71 284
89 41 143
17 79 817
75 9 798
12 53 254
13 42 761
94 60 412
58 5 536
8 99 575
35 28 850
50 51 423
85 37 639
30 48 627
28 27 569
86 76 634
81 20 103
29 91 279
61 3 354
4 49 298
34 38 347
84 11 771
38 53 372
59 89 246
2 14 382
90 59 571
98 85 27
89 40 921
15 52 506
8 43 629
4 94 722
69 13 589
53 76 938
40 67 203
62 78 590
0 48 415
20 61 197
61 46 443
93 53 147
82 88 711
57 79 34
68 86 617
81 21 509
88 39 972
82 58 703
72 65 184
13 12 821
94 47 869
45 67 738
31 62 191
58 13 844
88 0 102
81 0 139
50 74 530
52 85 914
43 5 774
96 77 91
54 67 225
2 63 122
20 55 320
80 60 527
38 73 103
75 14 71
78 66 102
53 40 850
66 37 625
12 14 60
2 32 582
15 75 842
60 77 642
50 17 533
31 86 827
11 24 41
49 35 347
13 20 790
22 67 790
46 88 129
15 81 867
86 98 967
50 72 728
78 92 364
94 55 221
73 27 349
13 31 303
67 70 802
81 86 896
97 69 636
90 21 599
73 98 711
57 78 790
20 31 989
57 62 156
85 4 760
65 28 870
99 52 550
95 2 904
92 4 275
80 18 839
31 28 556
10 76 497
81 38 356
41 62 1031
62 68 673
68 71 891
94 27 1003
43 82 530
20 76 728
81 22 88
92 48 2
97 20 328
80 42 501
81 35 665
36 58 148
10 21 89
65 47 301
52 55 475
70 13 715
33 83 307
81 88 409
65 17 684
98 70 446
99 41 190
23 16 967
65 62 882
90 86 372
99 10 742
16 38 905
97 56 212
54 69 483
58 21 208
97 21 552
3 11 530
96 12 177
79 91 162
25 7 825
82 33 423
88 69 854
42 55 815
78 48 786
38 65 239
36 84 781
43 14 922
72 46 517
99 55 283
34 79 947
3 47 245
18 62 269
68 90 874
9 58 831
74 20 959
27 10 180
5 21 798
84 46 484
7 35 574
5 82 727
10 4 88
79 71 749
24 92 8
26 95 983
69 62 919
96 62 416
66 68 509
42 36 613
53 34 868
92 94 898
54 76 505
99 33 367
57 31 959
45 26 1090
23 90 395
4 28 1049
60 32 682
56 98 817
37 38 476
97 99 1041
88 89 896
60 93 936
17 28 1084
94 0 954
74 98 682
9 43 897
97 72 710
42 37 403
82 60 489
37 31 825
90 61 400
21 25 856
10 61 113
9 24 907
53 65 425
80 26 835
5 22 113
7 77 147
58 85 962
13 30 652
95 4 988
11 34 544
34 99 1131
79 60 741
35 87 527
29 30 476
36 35 327
88 54 264
33 77 737
86 17 101
44 93 352
74 71 1100
36 76 176
56 84 644
76 0 424
5 80 671
16 78 457
8 87 93
82 39 485
71 36 887
71 39 1126
72 35 115
65 59 363
26 85 984
30 38 107
11 93 354
53 62 925
37 30 221
26 39 1057
9 38 1075
80 11 189
96 44 126
76 92 1140
48 84 51
0 53 760
78 2 98
47 46 1053
26 73 860
2 5 139
20 54 883
65 84 339
9 7 172
74 43 629
46 33 42
75 89 190
74 84 238
0 34 105
90 15 70
17 18 434
42 20 490
34 51 117
8 63 360
45 53 762
97 71 583
20 64 872
85 41 806
67 77 764
93 85 309
84 14 1183
57 33 872
32 62 766
15 25 555
95 17 677
99 63 752
82 72 718
27 8 651
68 95 215
8 88 931
13 92 1149
62 98 1205
7 20 202
78 93 340
49 81 895
6 86 29
42 97 907
39 24 516
69 51 16
34 8 429
25 42 258
83 43 208
27 41 222
47 38 52
94 76 507
91 41 1217
43 21 1168
35 61 1187
15 60 1140
31 30 762
12 17 562
24 78 907
88 29 158
20 5 1162
71 29 733
97 43 989
33 68 619
31 73 928
82 93 1039
49 96 597
53 23 759
45 16 458
18 73 118
47 35 903
31 94 409
3 18 696
58 60 485
38 15 1166
22 90 417
31 18 288
30 44 1195
83 55 539
41 96 554
34 35 758
25 76 1153
55 79 462
8 31 326
24 97 817
52 84 301
64 71 1160
60 10 83
51 53 285
92 21 180
22 68 432
49 66 125
97 65 486
41 53 49
10 58 1104
49 99 862
25 90 38
41 46 1174
76 36 20
0 51 745
25 94 555
72 31 704
71 40 1116
4 10 332
50 99 311
58 16 1256
49 37 168
55 12 33
15 59 679
87 56 447
72 88 793
7 65 1270
76 25 774
75 39 965
41 68 623
72 38 235
83 27 145
49 22 559
7 66 1002
28 10 602
69 59 774
7 34 331
34 67 339
28 48 915
86 21 107
38 99 757
62 50 1022
89 77 545
91 47 274
56 95 965
13 62 776
90 92 1023
96 35 758
28 30 21
3 52 395
3 94 107
94 6 560
84 30 480
9 67 954
48 13 43
70 8 929
75 22 1204
55 37 349
36 28 829
71 27 874
93 86 45
99 61 216
10 13 267
47 81 1293
84 20 1062
62 22 737
93 47 664
98 66 758
54 42 681
48 11 1173
33 90 125
15 33 176
81 26 536
41 98 472
83 6 133
38 96 513
11 50 520
21 74 1202
30 57 349
30 97 390
21 94 1028
91 23 539
36 99 873
87 25 1279
93 89 379
47 3 1231
85 3 532
38 46 1065
70 12 1150
2 62 1275
9 77 1310
54 51 260
97 34 273
74 88 157
64 78 125
34 43 1144
45 85 678
92 8 499
69 44 676
47 17 408
72 62 1342
64 44 988
67 35 335
71 92 1149
23 0 435
74 7 314
16 33 737
94 86 680
91 75 129
47 75 1304
29 57 245
43 7 303
40 46 281
50 20 184
49 70 138
26 30 349
3 86 943
72 7 742
39 63 1228
45 77 1241
21 67 1245
31 93 983
56 45 1136
31 22 319
36 3 781
51 10 577
99 12 362
69 64 246
86 8 889
42 10 8
74 48 264
16 80 1272
3 15 901
16 92 951
77 13 1336
77 11 151
5 97 557
32 59 345
82 45 1087
80 57 723
87 76 105
64 32 805
23 78 801
6 18 330
44 83 30
87 0 508
35 23 837
35 11 246
69 85 772
32 74 26
51 76 263
48 37 1175
80 71 653
83 82 274
21 8 1012
34 37 815
6 15 1220
93 74 788
12 74 90
8 70 1363
32 29 767
40 28 782
42 23 427
38 45 933
96 90 495
78 40 350
87 39 939
99 3 1324
14 26 287
44 40 758
32 81 275
82 25 147
24 39 1367
76 7 726
54 6 923
10 67 1223
47 0 628
43 92 124
65 26 847
99 6 1157
54 25 1198
22 20 944
24 20 1143
39 56 582
59 72 749
20 21 518
17 82 178
7 47 1135
68 36 1419
98 88 662
26 69 1424
38 69 1242
62 53 182
28 79 725
94 38 548
53 97 48
50 53 104
29 12 1396
58 65 289
65 3 958
39 40 1235
27 57 1321
16 96 298
42 73 203
31 79 1157
48 55 483
69 88 1291
33 35 1295
56 27 1291
13 77 365
56 72 527
23 26 328
71 77 761
63 37 1191
23 76 1345
28 62 47
98 60 1457
51 48 1045
11 94 1042
20 56 1215
51 17 72
94 2 1222
56 79 396
64 94 1421
54 13 360
29 65 484
5 71 1377
69 10 1066
66 21 863
3 0 1333
97 40 320
49 61 872
37 7 1464
21 14 820
75 3 1112
16 21 1176
3 5 354
64 4 1138
9 27 574
39 12 1319
84 2 1006
38 62 197
90 37 1208
82 99 31
50 76 1428
17 80 821
78 43 158
79 76 743
93 15 151
93 55 910
23 53 386
68 79 534
49 47 1336
91 9 388
83 48 1087
65 90 726
80 22 55
45 47 911
14 6 106
53 83 677
68 56 395
92 99 1504
51 82 662
3 37 304
52 27 737
67 99 199
26 37 184
92 69 386
76 91 1507
40 22 728
27 71 428
66 84 117
66 92 214
43 30 768
12 78 1250
17 59 1083
96 82 281
83 16 828
97 57 614
52 94 572
84 18 1171
8 81 1467
95 38 587
12 96 11
33 23 958
71 16 1080
32 87 1147
34 50 618
3 2 1275
38 27 1519
63 38 629
86 4 644
58 25 1416
31 61 500
46 15 68
67 42 19
86 77 788
49 74 1425
96 24 1030
36 68 713
13 46 397
8 73 946
99 15 642
20 48 190
42 44 353
32 45 1370
79 78 1137
42 31 1317
91 35 978
51 89 1480
32 97 1541
20 62 1136
29 13 511
37 26 119
92 22 600
20 52 166
31 92 147
99 48 1021
38 59 341
52 33 669
86 25 1261
5 18 431
3 99 1469
39 57 25
11 28 587
63 26 273
95 10 151
73 33 1359
76 88 1427
7 97 106
65 43 1040
77 48 722
70 7 738
33 63 1603
26 82 1255
13 96 1152
59 36 1106
17 85 761
13 60 457
62 24 1097
83 80 1006
69 58 981
78 67 527
30 91 738
49 94 1085
38 95 1220
5 50 74
32 78 1263
61 55 481
89 73 35
92 49 1526
20 23 1210
50 85 875
93 71 730
64 84 1400
13 27 140
99 31 755
14 79 350
66 26 301
18 76 1125
55 99 1346
51 77 1291
0 3 42
7 8 1485
52 73 998
84 53 1369
5 11 1629
58 11 1195
72 74 249
60 8 829
59 52 1038
93 45 798
89 67 340
81 63 72
12 20 119
55 8 286
95 66 914
49 59 396
53 67 292
82 69 1561
46 61 1113
97 98 171
60 14 696
41 56 199
54 68 301
22 88 1623
21 6 184
25 96 993
59 37 802
90 13 297
98 14 1024
90 88 1561
43 22 1308
49 51 110
2 37 847
62 48 470
56 43 1501
65 7 317
8 54 564
46 78 1001
74 16 1609
23 40 1363
6 4 1240
43 29 1344
66 38 229
60 37 1152
91 86 573
44 65 1623
11 52 1241
95 33 120
8 95 1142
80 36 1638
75 78 208
82 37 1531
52 5 933
17 83 1033
90 44 468
85 49 114
90 45 123
16 84 1174
4 58 1428
38 23 1293
86 6 993
49 57 26
36 53 714
30 81 234
18 3 781
38 51 685
60 68 192
49 12 1468
37 58 791
74 69 209
54 81 1143
9 65 1216
14 82 643
45 13 496
6 97 133
80 70 60
13 23 25
21 16 737
42 68 713
47 49 553
61 39 1280
77 75 540
80 31 685
78 23 288
66 82 917
44 5 159
56 14 345
32 8 468
21 70 185
11 12 1389
46 36 1197
31 60 1123
31 37 1130
93 79 364
15 79 584
88 27 434
74 99 278
76 11 762
91 25 756
21 87 753
99 70 1205
93 6 1740
40 95 1563
61 59 1612
44 26 891
99 89 74
61 34 88
39 86 914
91 28 1263
63 46 56
59 40 188
16 18 1301
63 52 1342
14 31 925
37 40 916
61 6 460
99 27 1313
58 30 1725
35 71 863
69 57 1262
11 35 225
50 30 1135
7 70 11
49 52 1184
56 57 996
61 30 242
60 75 84
41 83 165
57 53 1420
66 75 1427
30 58 1015
47 86 120
82 62 759
76 98 932
50 52 76
39 11 159
50 5 1011
8 52 1735
34 40 1709
5 68 1675
77 12 717
25 81 50
52 65 428
60 12 305
58 10 966
54 57 85
39 61 209
84 95 540
55 30 727
98 24 363
44 77 970
90 67 495
40 72 1310
91 5 1210
85 70 1210
30 92 135
51 42 1508
11 71 259
28 18 866
86 36 647
4 0 1114
52 25 1278
65 58 134
42 75 1731
28 37 774
65 55 417
10 26 1737
87 59 664
21 24 828
62 33 194
55 29 75
91 96 537
39 21 1520
18 50 1276
83 66 461
8 93 1224
65 99 1680
28 74 674
92 96 1725
18 90 1102
22 43 715
68 41 1326
57 73 1535
74 28 395
82 63 347
98 51 584
54 8 103
43 17 1079
96 26 396
75 64 69
55 33 727
18 35 526
93 75 143
66 47 1805
67 5 1137
69 95 743
40 8 42
87 74 1262
3 84 127
65 50 1518
96 98 210
46 9 1186
52 96 1707
86 69 371
74 14 341
77 68 85
78 56 418
0 62 219
4 59 1319
86 41 423
76 67 1078
81 93 431
39 23 221
50 38 932
84 28 100
70 91 1327
88 42 606
47 28 851
90 32 1517
47 36 839
76 71 183
5 93 1360
7 3 636
55 75 1203
63 44 1485
28 47 1393
4 73 1325
98 23 651
40 38 885
97 95 1438
83 13 529
77 4 1349
77 15 1378
35 14 472
67 86 977
22 37 1469
17 99 834
74 27 1058
27 44 199
73 63 1391
79 4 1052
22 81 1350
89 75 1267
52 34 229
93 50 705
71 69 1222
74 76 1378
7 28 1159
11 56 1455
47 98 281
33 86 441
29 18 1158
49 14 1579
53 59 142
97 5 1295
90 54 577
88 64 773
2 99 231
97 77 1077
85 95 480
92 84 1860
63 33 1605
64 22 1737
53 48 207
62 41 1838
68 39 1639
80 12 733
59 95 1348
65 37 1165
94 64 1115
87 26 1058
81 53 1048
5 51 395
57 87 941
90 20 826
6 80 527
51 71 157
50 84 1220
91 85 285
94 18 641
68 78 1117
41 37 893
29 34 1911
79 65 553
47 25 288
20 41 260
97 60 1848
22 60 1136
16 93 682
24 87 86
31 21 1193
58 24 587
92 33 1096
10 17 224
95 47 1795
66 54 1632
70 44 1242
44 78 190
81 48 1913
34 11 1017
60 33 1025
57 29 1818
2 73 39
49 20 1654
89 49 1307
33 73 1168
58 18 1490
51 40 1944
33 58 1803
64 61 1736
26 71 1071
64 49 527
12 48 329
5 38 1041
81 24 179
47 91 1786
5 53 151
44 84 959
6 33 423
9 35 1002
60 22 1491
51 7 1080
65 64 1038
48 34 381
75 68 543
55 27 685
63 3 262
12 91 525
16 55 1579
12 35 1448
27 4 1504
67 31 449
13 17 441
71 86 540
80 8 1842
30 32 1349
56 53 339
12 16 1149
51 78 55
22 86 374
77 49 1362
32 34 259
83 30 96
46 55 856
46 81 1735
46 43 1451
75 8 917
55 70 1815
8 50 53
32 77 1656
34 75 1179
27 37 526
26 75 1276
40 11 440
26 62 417
88 48 652
10 45 972
0 37 1522
16 9 1096
12 0 1863
73 10 837
11 65 1942
54 26 1106
30 62 988
9 12 930
30 72 119
74 86 441
32 23 297
57 42 1740
77 32 1563
52 75 1038
15 40 1404
48 23 1281
68 87 1103
46 63 50
31 71 618
21 88 1962
61 5 1882
37 60 1379
94 36 218
73 57 1429
43 18 225
32 57 39
34 39 1212
63 42 1052
47 69 1502
0 73 1192
69 39 8
50 41 1153
21 34 104
15 80 838
79 8 310
56 4 448
98 95 1694
11 30 1602
46 64 754
7 29 1505
49 62 637
75 77 1859
96 47 1076
30 96 1501
77 25 1257
36 39 1670
97 50 749
37 98 914
16 86 294
13 6 535
96 75 2016
88 77 1915
58 15 1398
86 47 1528
53 49 963
18 51 16
71 13 66
9 14 1639
62 99 1319
95 57 427
16 11 1665
78 11 597
99 35 970
89 70 1773
3 8 404
30 10 1764
71 88 1669
69 40 298
2 98 534
34 53 1381
3 14 1648
64 28 301
97 80 1213
27 23 146
17 7 1317
45 69 1169
2 89 1714
74 34 501
92 89 2086
33 31 1346
3 92 1949
77 9 427
44 30 823
43 47 2043
60 95 1890
8 68 226
61 50 1836
91 97 927
38 0 1045
7 89 1372
15 96 372
87 58 100
6 21 1693
43 77 1168
70 21 447
71 64 1960
51 31 594
95 91 410
13 91 1008
98 42 1749
48 68 1451
44 12 880
71 20 808
54 33 580
39 5 1932
15 31 1405
71 56 912
64 47 1939
79 88 1816
61 79 724
92 44 166
65 56 165
66 95 64
60 2 1589
59 42 1346
49 2 780
45 39 739
29 80 32
83 85 376
48 76 655
47 52 1352
75 40 1782
63 16 1921
41 94 1107
52 69 83
98 30 1649
4 92 1774
57 23 564
15 39 613
84 39 457
8 55 270
97 46 1406
2 85 90
34 49 1844
4 15 650
0 79 67
56 37 1390
37 56 51
62 12 435
33 22 1684
87 73 992
39 79 1103
16 24 995
51 35 1365
13 65 1855
69 9 518
7 69 769
53 14 1942
12 4 1506
35 22 590
8 98 1936
44 70 242
59 5 41
24 84 180
21 47 911
52 6 1817
34 41 859
89 71 1369
60 16 1406
80 37 1112
25 29 1132
73 18 1557
49 44 2053
61 35 1110
64 40 1653
39 0 1730
46 45 1260
70 10 67
13 41 2155
26 3 687
29 37 779
12 83 1396
22 7 950
81 89 203
23 95 901
48 57 1755
97 30 1968
93 98 1660
60 3 649
61 84 2088
73 62 166
25 97 397
89 13 1578
68 29 1646
48 99 40
24 52 94
37 63 1930
24 70 1339
65 66 350
66 5 2051
15 28 1437
86 93 2119
57 89 957
58 34 311
9 49 1732
38 43 1620
88 82 1721
51 45 1802
35 7 667
52 91 1085
4 84 699
67 78 1090
59 10 1906
49 43 849
97 74 1886
10 14 2145
41 15 1295
13 33 307
73 9 80
75 45 1883
81 66 1692
15 64 262
40 10 658
98 2 1542
98 83 1009
44 72 946
30 17 156
78 86 1355
71 73 412
9 18 581
91 8 205
26 34 1285
91 53 2015
28 39 387
48 59 1939
48 69 2103
14 9 1711
44 60 1831
4 16 351
75 79 2204
94 8 2192
7 82 704
68 81 2092
62 16 716
89 86 233
9 4 1995
63 29 7
75 7 803
88 38 1512
44 0 580
9 91 362
21 57 2241
23 44 1858
15 4 1279
73 56 2238
82 76 520
3 23 25
85 46 2147
68 72 1231
76 13 1296
44 64 2037
94 14 783
56 16 813
27 58 650
43 42 1441
61 98 594
77 17 1087
66 34 2047
9 63 937
81 98 2173
70 75 1354
47 15 1906
67 81 1819
34 71 1133
8 48 2011
13 40 1787
36 97 1750
56 26 1908
56 25 926
34 9 1781
43 98 1871
67 10 638
70 52 1726
13 75 650
41 52 1625
69 91 1101
15 73 478
4 75 545
23 92 1967
4 63 675
40 93 1598
39 43 554
39 13 1607
83 95 504
10 56 1091
17 10 431
12 8 1177
63 32 1212
55 85 289
84 43 1694
69 93 672
56 22 358
99 54 1364
50 87 2085
42 22 1343
58 23 633
22 47 352
40 37 1887
30 77 818
61 0 376
28 93 399
78 49 1137
71 45 324
30 75 137
71 93 28
18 96 1113
41 3 1907
91 45 4
56 60 135
72 64 1164
71 53 2062
73 74 2186
62 51 1996
46 56 945
57 9 1889
16 89 879
4 80 1554
16 8 795
30 46 594
60 97 651
52 9 70
48 96 1680
7 14 890
42 82 2200
4 39 1617
11 14 1971
91 34 1669
44 76 542
91 16 33
58 67 999
72 10 1334
76 55 1474
37 69 683
10 99 2330
40 60 1952
11 33 1955
3 67 1540
22 26 1447
91 95 778
21 91 2237
31 52 1954
75 59 891
77 83 1642
65 16 188
96 3 753
66 0 1147
26 63 443
29 26 566
51 30 2018
67 14 1766
16 5 1733
83 90 221
33 59 400
56 67 596
93 17 962
50 4 1267
60 27 1831
67 49 672
73 37 1942
30 71 1642
85 65 222
22 59 2340
70 53 177
66 39 668
66 77 2242
51 74 922
25 83 1372
80 27 1961
3 58 1281
87 40 2254
67 90 43
13 4 824
85 83 687
88 99 1655
16 53 784
67 57 395
80 5 1330
10 78 1044
36 6 858
25 91 32
94 7 1285
85 12 2151
85 25 1836
55 68 1610
70 36 261
37 78 330
2 60 1096
22 0 2399
24 72 133
96 61 2088
45 50 2072
72 91 1842
88 76 1091
36 49 791
25 40 301
64 95 10
42 49 950
87 50 757
28 59 600
83 42 1114
45 9 1731
20 86 2388
67 25 2205
24 5 1864
26 10 166
97 84 1092
12 61 251
91 20 2357
0 87 980
26 8 868
60 63 2347
68 24 1077
60 71 1102
98 91 2046
10 96 812
66 51 22
48 8 1864
95 52 204
53 79 151
24 45 486
75 30 673
36 0 596
31 10 903
92 39 2189
72 83 1771
5 75 1366
46 93 1620
20 68 2298
33 99 464
36 48 524
0 80 1716
71 57 1666
8 74 39
78 21 1849
62 10 114
37 5 1690
85 80 1051
57 10 694
2 12 1715
18 39 1000
8 78 1530
17 68 14
47 42 2256
69 35 1558
88 35 1037
66 78 578
27 36 2014
74 82 1782
96 63 1083
69 76 793
47 59 992
60 6 2159
51 38 191
94 37 1908
86 50 1773
68 73 983
84 4 1075
6 82 2224
23 85 302
13 58 614
39 46 1084
95 90 1204
87 48 990
7 68 640
14 94 311
9 29 392
88 28 400
78 73 339
22 6 585
64 81 1619
57 65 2402
58 92 2393
12 11 1841
59 22 407
58 47 309
93 41 726
52 77 2331
6 38 1710
35 29 1865
77 2 570
99 91 283
58 32 901
92 86 164
27 98 2
66 85 98
73 77 105
70 86 25
64 20 407
98 61 1010
46 83 2443
39 2 1408
16 40 1384
89 35 1379
73 44 1525
52 71 2228
78 20 2093
68 92 1609
42 39 2034
96 79 1031
56 18 2146
85 76 2167
5 33 2493
5 15 1270
65 30 1888
19 48 49
19 41 10
19 82 80
19 18 47
19 76 64
19 70 50
19 50 77
19 35 93
19 60 1
19 57 89
19 45 42
19 27 84
19 69 56
19 93 83
19 86 67
19 96 77
19 92 67
19 7 70
19 46 35
19 13 8
19 85 59
19 17 25
19 65 66
19 2 76
19 67 8
19 30 39
19 63 11
19 21 36
19 9 20
19 74 56
19 80 16
2 1 39
5 1 79
9 1 63
24 1 16
25 1 46
29 1 80
35 1 30
38 1 84
41 1 60
47 1 78
51 1 58
53 1 71
56 1 36
58 1 95
64 1 3
65 1 82
76 1 61
77 1 74
79 1 31
83 1 81
89 1 86
95 1 52
