30
26
24 27 0
10 21 0
38 20 2
27 6 2
16 17 4
35 15 5
3 34 4
38 14 0
36 34 5
9 13 7
1 24 1
0 23 0
22 25 11
33 27 1
2 29 7
18 27 4
39 27 16
33 35 16
32 31 9
32 17 19
14 7 14
39 19 6
34 36 6
6 35 13
1 9 16
3 25 19
31 11 20
11 29 16
13 29 5
37 35 11
39 3 10
11 13 27
8 7 24
18 31 31
0 10 33
9 19 19
13 14 1
25 20 14
16 14 1
3 20 37
7 28 29
24 37 8
20 32 0
21 22 45
21 8 46
18 21 21
22 29 22
32 25 41
22 31 1
2 32 49
23 10 24
0 35 28
29 24 16
6 25 17
35 27 11
1 27 50
38 6 17
1 5 32
17 10 43
8 9 1
31 4 20
6 18 3
33 39 15
39 1 48
25 6 25
3 36 5
1 13 28
2 34 1
34 23 53
19 25 68
10 13 1
4 37 42
35 36 63
1 21 33
24 17 62
27 37 75
15 2 2
4 5 0
28 22 8
31 5 4
14 19 39
1 15 70
10 37 66
14 33 74
22 39 55
9 4 6
35 21 13
31 28 34
11 17 65
10 2 95
20 38 68
24 3 83
38 32 50
31 23 64
15 24 63
10 7 95
34 5 76
11 25 95
20 37 64
15 36 18
1 23 20
16 3 5
6 2 61
28 23 56
0 22 12
21 33 37
1 3 87
22 38 92
0 27 80
5 7 50
32 21 40
15 3 23
17 7 3
29 34 41
13 7 19
35 32 100
37 12 22
38 12 77
28 13 91
33 22 89
23 34 130
35 2 101
28 5 70
10 34 9
2 16 67
13 5 70
19 20 17
22 7 41
34 12 97
39 23 55
20 27 48
38 9 66
38 31 43
39 0 26
39 28 124
31 2 6
15 9 7
16 27 134
2 38 116
1 17 141
4 36 67
5 37 95
32 27 59
35 9 136
22 21 14
13 35 104
29 35 148
31 1 23
35 11 135
1 2 11
7 0 155
16 5 34
21 14 118
23 3 162
24 11 64
39 33 109
14 9 129
19 0 146
12 1 81
22 27 70
10 33 0
11 12 109
32 8 24
5 25 93
11 33 44
34 20 18
2 21 155
39 35 138
18 16 155
14 13 126
23 1 42
7 18 37
37 4 87
12 20 160
38 8 135
5 17 142
20 24 36
2 0 82
24 14 91
29 3 100
5 39 172
22 24 83
35 18 149
34 18 1
18 6 91
35 38 153
15 31 95
9 38 149
37 15 144
7 37 187
0 32 120
9 20 59
20 15 95
17 3 162
10 20 98
29 19 192
24 29 14
28 12 194
23 21 200
16 22 74
14 4 20
29 5 172
9 34 199
21 19 150
24 9 165
22 20 190
37 5 61
34 17 181
15 7 66
31 0 209
22 0 83
35 17 37
21 25 131
27 0 64
3 14 1
27 1 217
19 38 138
10 14 48
3 12 174
16 0 81
9 39 103
24 5 178
4 7 178
8 11 89
28 2 229
38 0 219
33 6 167
17 33 185
36 16 14
23 9 83
29 6 48
9 15 127
2 1 125
33 9 44
4 20 19
32 11 128
27 12 6
11 23 224
4 2 37
27 28 240
33 5 177
20 2 236
24 36 60
4 28 61
32 15 40
3 23 252
4 17 124
3 0 25
2 14 142
10 0 182
11 31 177
0 4 20
1 19 203
22 8 186
2 15 190
2 6 185
34 24 142
22 11 62
6 21 191
31 27 213
18 33 114
19 18 11
8 4 271
5 36 168
27 3 219
10 19 239
9 29 12
17 29 77
21 29 186
34 29 236
35 12 67
13 38 193
7 22 238
16 19 15
13 39 171
6 0 141
31 9 78
28 15 194
1 11 110
36 5 253
37 32 217
14 15 19
13 9 270
28 10 271
32 34 41
15 20 299
1 20 223
2 4 90
23 22 280
24 31 249
5 32 281
4 19 311
11 32 219
36 12 98
12 18 161
28 18 84
2 27 163
10 35 31
39 21 311
7 24 138
19 4 158
36 18 85
12 17 177
22 12 184
19 7 168
8 31 85
35 20 56
31 18 154
17 19 62
25 39 288
25 8 221
34 16 269
36 29 263
32 24 45
8 1 299
3 11 37
35 14 254
23 13 62
5 8 39
6 9 310
32 6 196
3 8 256
36 0 104
14 37 88
38 34 15
15 28 108
24 1 7
20 17 193
33 7 184
7 35 210
33 36 74
20 21 119
22 13 353
1 14 244
23 38 225
8 28 323
24 19 242
27 34 223
28 16 318
14 16 215
17 8 247
33 0 219
34 25 18
2 18 353
27 38 334
1 29 236
4 10 362
39 7 330
27 8 321
38 15 313
24 10 301
20 13 177
10 5 390
19 2 279
21 16 265
36 33 86
32 36 134
0 34 240
1 32 130
0 20 202
32 2 188
10 11 65
24 32 335
28 11 237
29 9 204
35 31 197
31 3 183
34 3 364
14 18 68
30 28 39
30 25 35
30 22 35
30 3 36
30 13 5
30 19 27
30 8 14
30 39 20
30 9 11
30 17 20
5 26 2
15 26 1
19 26 37
21 26 17
25 26 23
34 26 38
38 26 36
39 26 20
