2
44
8 9 0
16 17 0
4 11 1
69 3 0
39 25 2
34 54 0
51 22 2
46 29 5
78 19 0
60 36 6
63 53 8
67 74 6
75 19 5
40 43 6
24 5 2
23 76 1
52 56 5
46 51 11
28 50 14
8 50 6
54 47 14
62 77 17
59 7 10
51 70 6
43 17 8
8 63 20
25 79 23
56 20 20
11 76 23
70 27 28
64 72 29
23 67 3
29 14 29
66 34 21
36 60 14
78 65 11
36 71 27
53 59 27
20 39 27
79 34 7
49 1 34
54 78 1
24 66 11
35 53 43
43 5 11
19 7 33
16 50 23
25 36 25
11 43 21
0 58 32
59 73 40
23 4 18
72 43 34
54 8 44
59 37 41
59 36 51
33 65 20
39 38 31
50 31 21
56 1 55
37 43 17
68 13 33
43 20 23
27 9 20
69 51 36
33 56 20
9 75 7
6 64 17
39 16 26
46 62 49
67 78 42
71 37 28
1 17 73
19 11 18
4 37 31
78 27 38
40 51 54
41 63 6
71 11 45
13 0 27
79 46 23
52 41 36
20 51 46
62 63 76
31 35 54
40 17 5
77 0 25
60 55 85
36 5 3
31 64 55
4 22 87
24 72 1
61 3 80
52 22 94
7 69 53
11 50 59
42 0 49
39 6 77
26 0 48
24 29 71
31 51 86
15 24 5
52 64 63
16 45 68
9 63 50
13 41 78
20 65 54
1 38 6
69 50 64
75 46 95
78 4 12
47 62 44
75 23 95
22 15 111
71 9 81
72 42 92
56 0 83
9 56 83
67 59 77
35 15 51
21 60 42
52 50 89
57 64 26
14 73 9
65 29 56
73 48 118
7 24 12
54 37 116
37 53 124
79 57 116
39 62 70
6 34 1
9 53 115
61 40 133
48 19 53
64 52 90
6 46 97
32 69 131
72 54 25
13 35 123
51 21 96
6 24 9
60 71 94
71 77 92
30 54 79
51 32 9
6 69 45
41 60 68
61 68 111
78 16 4
74 61 41
7 26 18
17 76 83
36 76 5
28 61 106
40 24 100
75 56 35
26 12 23
51 17 58
73 71 67
54 25 136
29 62 18
47 19 45
79 65 99
58 63 32
25 4 36
64 55 125
71 5 97
51 8 55
53 13 41
63 77 158
48 12 126
46 16 89
67 36 61
78 69 30
59 53 175
38 57 136
21 13 28
65 60 27
71 3 178
59 26 177
38 3 89
22 40 144
77 28 90
64 75 15
28 74 47
11 20 3
32 21 149
16 21 147
35 63 136
16 36 17
49 25 152
30 33 55
39 65 65
46 18 31
42 45 46
48 22 97
73 30 166
33 1 31
69 21 16
30 21 48
25 65 3
14 45 63
42 69 183
7 49 96
49 4 120
66 47 139
19 32 168
32 10 205
25 29 39
8 19 97
35 17 18
4 17 85
51 29 211
60 3 156
15 25 64
53 19 139
23 8 106
24 67 128
42 52 171
21 56 211
40 38 118
65 9 13
10 73 60
63 29 176
60 7 136
4 14 196
73 0 106
39 29 154
51 74 218
55 54 157
47 7 121
12 16 170
6 13 191
29 6 16
12 46 227
37 47 239
62 69 180
68 9 94
69 52 169
49 26 97
33 27 82
47 79 171
52 49 146
75 78 166
40 29 132
34 41 211
20 12 41
33 17 76
0 42 210
8 49 194
29 61 245
71 41 0
26 31 115
47 18 183
25 40 133
38 59 254
57 3 252
67 62 1
20 50 203
13 51 82
29 3 260
40 0 228
43 23 170
45 53 176
46 65 93
55 27 230
40 73 86
76 52 210
49 52 245
31 47 261
27 28 79
39 26 50
51 77 21
60 70 256
76 46 256
79 3 158
27 36 72
35 73 94
43 31 102
61 8 52
27 35 240
47 23 265
66 65 275
20 78 52
7 33 157
33 74 213
34 62 88
4 31 46
76 78 165
7 78 52
66 25 116
78 26 234
58 16 57
58 37 44
29 40 110
63 42 226
72 28 76
50 33 104
41 28 221
35 47 51
64 42 8
9 71 155
36 40 155
47 48 180
62 28 192
61 56 258
24 16 177
35 25 88
10 16 204
70 77 242
46 60 37
0 51 294
38 61 140
21 55 292
39 74 154
18 63 16
46 22 245
74 53 68
69 33 161
20 64 53
24 49 67
36 8 49
72 39 282
20 73 254
41 62 89
65 53 172
39 10 110
61 69 107
54 51 50
64 50 315
7 29 337
59 47 127
67 50 131
32 27 274
19 65 267
56 18 267
49 72 139
42 19 278
19 17 53
72 48 313
9 38 188
11 70 295
77 10 31
33 28 100
38 22 305
39 51 126
64 3 276
49 34 259
63 60 159
55 47 65
14 77 274
29 7 342
53 31 54
56 79 35
78 77 179
63 61 15
24 79 333
13 59 332
26 52 236
17 40 7
9 23 119
31 45 320
22 38 62
11 51 39
77 55 280
56 25 338
77 26 36
3 19 26
78 32 22
71 61 226
57 27 40
13 45 214
42 27 155
33 18 381
58 17 331
12 40 129
76 0 378
47 76 68
39 14 232
26 19 167
22 74 218
17 52 248
45 70 155
11 8 80
12 67 349
71 20 230
53 78 249
72 49 38
76 61 139
71 46 266
70 75 0
32 75 146
12 21 333
48 45 182
38 13 24
20 74 148
72 30 241
0 39 383
12 43 330
56 77 292
65 54 248
20 10 255
33 62 73
5 31 10
26 7 147
58 9 135
64 58 202
78 48 392
68 67 224
43 9 17
64 5 177
76 59 60
45 55 207
74 38 380
56 37 413
5 47 199
12 26 28
52 40 188
15 10 267
5 59 57
60 28 353
33 67 97
12 72 115
33 8 293
32 15 267
14 54 316
4 58 276
4 16 97
45 33 270
37 11 408
14 74 255
3 28 108
19 21 320
9 30 367
38 5 352
28 29 370
14 9 355
37 45 290
46 5 236
59 64 84
63 66 128
79 41 302
76 17 357
45 23 175
63 11 51
32 64 180
73 55 425
27 4 343
32 76 268
79 12 167
47 51 399
13 56 120
32 11 277
76 40 11
49 23 257
18 71 66
75 34 116
17 64 252
11 49 448
75 68 213
73 57 340
7 12 47
33 72 337
13 77 350
15 29 46
49 42 228
56 24 436
64 73 343
47 24 155
47 64 17
52 55 133
1 62 260
73 1 87
7 52 163
73 51 24
0 10 181
32 16 279
23 57 396
4 33 363
26 37 328
18 38 399
8 67 405
46 45 190
46 21 349
21 34 370
41 1 360
56 40 476
58 3 291
65 20 156
34 25 24
69 66 196
46 73 31
57 49 421
70 26 430
73 4 14
51 9 403
66 7 126
43 48 497
77 75 12
74 45 194
59 63 165
79 19 186
3 56 33
3 47 281
59 4 474
51 6 385
68 70 151
1 40 185
47 6 367
78 5 425
79 31 88
17 48 139
46 58 419
32 20 120
32 25 299
40 64 526
18 75 396
57 54 189
64 30 103
3 41 1
7 9 327
70 20 70
76 11 284
55 57 190
18 15 443
4 59 81
13 75 369
6 25 343
11 79 205
37 58 417
1 43 439
39 35 88
64 56 258
8 78 502
54 61 473
62 42 133
74 77 378
60 52 208
77 33 272
10 28 144
4 67 204
12 79 273
55 20 521
7 30 211
15 67 421
50 69 305
0 56 29
29 17 318
62 49 523
43 21 418
14 28 20
9 49 434
78 52 135
62 43 451
13 64 205
13 36 484
42 32 324
37 52 382
68 35 17
51 61 43
16 51 435
13 6 568
34 20 279
40 11 470
36 45 178
15 75 257
15 5 177
1 32 130
20 41 280
53 77 45
69 32 13
79 14 559
12 4 124
77 4 589
52 27 155
36 56 47
71 59 128
45 68 257
12 51 175
46 37 20
46 48 311
17 60 70
47 65 328
20 11 248
63 48 603
9 59 67
49 45 409
59 69 583
72 68 159
14 43 25
39 15 397
17 28 371
33 75 313
66 18 537
40 36 19
67 30 326
68 38 241
45 48 389
31 20 599
49 69 287
73 34 511
69 46 178
3 36 556
40 37 582
11 14 415
17 65 424
55 37 396
34 30 23
20 69 293
61 42 289
62 36 198
78 28 199
51 38 75
77 20 196
46 54 111
59 43 141
20 7 481
72 34 611
52 10 637
73 61 364
63 1 608
8 22 171
59 70 0
12 0 159
63 6 381
50 35 439
41 10 478
37 20 608
41 48 394
60 32 388
42 58 92
0 12 341
66 27 223
19 37 197
64 71 431
29 0 178
27 63 228
51 48 526
17 34 217
61 39 570
56 16 620
17 59 552
73 58 335
34 13 504
36 57 282
65 41 408
27 38 58
7 32 468
30 70 132
35 64 329
55 10 218
62 79 64
51 10 246
48 62 392
70 19 393
65 76 27
4 52 393
62 54 130
64 48 527
26 76 95
5 36 315
71 34 500
73 14 81
48 38 262
55 8 346
73 21 598
31 65 516
14 78 442
60 30 153
20 49 126
52 39 329
60 50 667
7 51 167
24 8 394
27 31 680
47 53 539
18 34 441
23 63 578
51 56 674
1 60 391
74 59 36
41 38 427
56 50 66
49 68 516
33 68 14
32 46 474
14 10 452
15 3 574
33 6 442
72 31 380
15 32 711
1 34 226
63 62 482
69 64 586
12 54 68
13 40 509
73 70 598
67 7 247
19 76 73
46 47 673
54 21 403
34 40 643
27 67 712
20 45 714
14 66 479
16 48 273
57 58 720
62 46 673
72 14 86
66 69 473
51 68 402
0 67 176
41 0 400
49 54 139
3 30 707
54 33 361
33 63 499
50 24 429
17 69 4
73 45 638
58 11 537
30 8 339
68 62 701
26 65 298
24 0 593
3 73 275
78 51 294
5 77 224
64 10 35
35 14 610
46 31 134
10 60 434
55 9 634
65 77 543
69 41 581
75 0 608
23 36 137
48 13 732
32 5 340
66 1 222
29 10 142
71 57 187
23 7 387
12 77 393
11 57 153
8 39 582
23 31 745
37 59 235
47 29 23
3 10 574
25 64 375
51 36 437
17 45 756
10 46 720
73 59 583
28 4 619
13 53 545
66 15 468
11 68 662
57 1 499
21 67 105
10 4 402
1 9 185
62 68 513
37 36 659
48 73 57
32 78 454
11 32 767
17 63 369
76 14 387
32 41 525
39 45 181
62 3 134
6 60 226
11 9 669
18 76 599
40 53 270
38 25 714
39 46 695
9 45 434
46 76 716
59 76 618
22 62 232
1 58 463
46 75 660
60 18 386
70 46 720
9 32 6
70 74 590
78 21 416
23 40 299
8 60 351
63 25 640
21 12 533
67 38 786
0 59 701
34 51 185
5 53 545
58 64 775
10 39 98
63 35 558
51 69 438
75 3 462
76 48 120
30 3 115
68 59 630
41 16 337
76 60 457
24 56 9
47 35 728
79 29 322
52 61 552
63 55 307
37 27 824
19 20 776
34 29 657
67 79 833
75 15 833
77 41 710
27 25 747
13 37 837
0 8 474
79 37 389
23 26 200
72 15 111
3 13 16
3 67 467
76 54 87
20 14 177
15 8 538
68 75 673
54 4 378
56 68 661
9 5 404
71 4 732
5 22 531
20 57 823
37 78 169
6 27 140
52 66 21
0 22 73
45 7 456
58 34 118
70 73 748
35 78 441
33 38 413
12 47 796
21 41 442
54 22 679
21 16 10
23 35 258
46 4 60
70 34 302
11 77 49
43 57 568
67 12 563
35 72 887
12 14 303
13 42 486
52 68 394
57 22 255
70 53 682
37 12 88
23 72 250
6 78 706
14 61 383
79 5 616
14 20 458
41 5 420
64 6 747
25 58 664
66 48 836
18 30 201
38 30 401
22 52 427
69 57 895
6 22 512
21 72 864
15 6 519
72 59 587
56 33 576
35 13 328
23 42 710
79 66 654
26 10 147
69 59 725
29 13 922
73 6 328
43 46 296
39 68 448
70 59 255
55 48 752
30 63 191
32 50 400
62 6 793
58 14 75
36 16 192
19 41 126
26 58 311
31 75 515
20 43 302
26 39 145
18 43 337
48 24 834
4 75 35
50 27 462
40 62 585
45 8 579
40 26 904
68 21 665
22 64 896
67 20 717
27 16 629
76 70 344
65 55 158
25 52 285
23 75 905
50 38 278
16 26 0
45 69 376
10 32 186
70 3 839
60 79 46
29 4 378
48 47 98
61 5 410
33 16 356
17 24 212
34 8 81
37 62 457
71 21 450
46 40 403
51 62 329
5 4 930
37 70 125
55 45 664
34 63 560
54 52 690
38 75 43
31 36 179
75 29 427
42 3 247
5 26 449
25 17 661
79 52 896
0 48 419
67 9 410
35 69 509
11 4 782
78 3 671
15 23 685
70 7 41
12 70 821
77 72 89
0 6 300
45 59 934
66 16 686
72 38 637
30 38 432
77 14 111
45 37 677
18 73 448
62 78 880
14 13 859
73 13 231
69 12 435
59 45 676
10 52 108
40 63 594
58 60 522
60 5 89
4 20 393
31 54 506
61 76 747
14 35 573
67 18 852
29 46 473
74 71 741
10 61 633
67 72 245
58 49 576
8 57 813
78 50 146
37 77 115
20 23 31
31 56 710
31 77 132
16 35 504
76 12 355
76 79 648
40 14 627
6 43 681
71 69 1031
15 27 210
33 78 139
72 45 976
9 18 490
62 40 277
76 73 942
58 71 323
54 13 169
33 36 910
3 14 337
56 41 472
77 11 567
12 52 605
12 37 713
5 76 292
19 70 338
6 62 652
34 10 395
27 22 1023
12 20 750
11 31 205
14 59 69
16 47 927
3 51 755
59 58 1030
13 11 504
39 18 565
76 15 327
20 3 165
77 67 219
57 16 297
19 72 101
74 23 711
32 63 548
9 55 582
50 57 875
66 9 758
55 6 409
22 6 805
9 69 207
46 32 566
23 56 957
4 74 730
5 14 182
52 7 65
63 4 606
23 70 358
34 58 733
79 74 1078
26 25 389
29 16 560
33 41 866
39 79 520
38 0 856
76 43 115
33 79 615
9 0 342
78 18 905
15 28 442
56 61 610
51 39 463
50 18 461
50 26 362
47 27 494
67 24 966
35 21 226
29 28 1060
47 77 716
1 71 668
61 12 37
20 31 5
1 46 199
20 46 299
5 73 391
17 79 1009
46 10 557
9 66 992
41 30 856
31 42 1070
64 24 836
31 4 1060
53 7 979
16 13 767
69 79 440
42 38 464
9 24 228
35 9 236
8 24 760
14 49 102
70 17 440
59 41 452
65 21 551
7 34 867
52 75 254
64 49 791
27 49 558
23 48 637
0 17 19
52 17 589
22 45 1103
68 79 510
34 12 777
28 5 162
24 38 1081
51 28 872
41 68 1146
68 60 324
31 18 1075
55 61 271
29 15 1080
62 4 958
38 31 28
58 19 179
30 79 622
43 60 508
42 21 28
34 28 678
33 20 605
19 18 1124
71 31 612
42 53 311
63 49 192
1 74 728
16 77 756
50 73 954
43 18 212
53 52 379
11 21 1022
9 1 231
79 8 276
76 72 170
42 25 1114
35 37 982
53 65 475
29 25 440
53 21 1164
20 32 636
6 23 985
4 43 871
50 36 922
47 30 607
19 79 1121
36 59 383
70 60 1122
79 20 524
18 48 86
48 28 886
16 41 185
4 60 863
40 70 552
16 68 696
51 57 207
75 36 83
14 3 966
70 35 679
36 65 1177
37 33 923
32 74 36
7 14 1131
33 7 819
18 40 1197
41 55 623
45 13 705
36 30 678
64 61 526
37 67 1063
24 70 1143
59 23 813
49 46 1077
61 53 916
4 54 900
72 16 463
45 1 5
76 53 34
76 34 1167
26 57 960
33 13 629
58 21 242
65 36 352
33 50 347
11 45 461
54 65 11
0 53 869
52 24 935
24 74 627
41 7 661
47 67 69
0 61 1191
56 7 1171
67 61 768
24 55 179
76 58 114
36 27 1236
16 9 928
27 78 790
3 55 522
31 67 37
65 72 761
15 72 17
28 70 1067
30 25 1052
31 29 435
77 64 388
40 18 1102
19 30 1236
27 45 807
12 75 33
18 33 454
78 25 1124
54 60 919
6 68 459
20 40 751
28 0 808
16 61 1006
24 43 329
9 34 270
27 42 672
54 66 1031
62 32 545
16 1 892
3 23 6
25 63 160
65 15 1008
57 66 1010
15 76 172
30 77 1054
73 36 874
48 65 275
65 0 166
9 52 145
48 70 408
39 76 48
22 18 888
3 78 1120
5 79 229
50 40 138
40 30 107
14 50 1126
26 23 380
40 77 620
68 58 344
56 21 1041
55 29 349
70 58 56
65 34 507
48 56 361
53 16 808
69 65 565
6 61 787
62 71 858
49 51 1213
59 40 1013
8 17 537
28 10 447
19 14 341
61 48 1072
21 70 200
51 79 476
59 12 704
75 8 174
43 14 1063
78 23 413
20 60 474
43 32 146
18 41 703
3 58 1182
55 19 226
43 30 357
30 20 470
22 27 1087
41 46 216
32 18 1236
15 13 310
43 71 675
8 36 1004
6 31 816
29 45 358
3 32 1324
11 0 473
28 45 64
66 77 575
4 71 602
45 24 1020
74 64 1316
22 20 100
76 13 47
45 29 939
45 71 372
7 11 400
37 46 668
11 65 539
78 73 628
15 65 1119
27 15 1298
0 16 604
18 64 190
19 10 77
14 15 1114
9 40 198
6 63 1285
32 68 1286
62 21 678
63 64 831
33 39 1253
24 71 163
15 56 1219
24 22 1117
52 53 112
32 59 528
31 41 886
41 70 729
0 18 976
56 51 0
41 64 1364
27 46 540
69 0 1206
54 72 465
48 5 1357
59 34 41
35 0 921
18 68 566
11 42 921
35 38 213
79 30 898
0 62 638
47 49 527
9 60 594
74 12 680
35 79 462
43 67 100
3 21 185
23 5 668
38 16 850
35 46 266
13 38 694
74 3 396
54 73 617
67 41 1237
24 57 1153
53 24 1373
10 9 605
69 70 830
50 47 1116
63 14 166
37 65 156
69 38 642
18 77 716
0 13 1230
8 35 426
5 3 817
19 67 909
45 17 1154
60 20 1336
36 55 378
12 24 192
70 6 397
8 42 185
38 4 143
68 61 669
42 37 567
53 75 715
72 6 3
62 25 72
10 11 68
54 49 1250
23 27 814
19 60 98
73 18 324
60 37 1056
29 23 873
41 61 1402
79 69 251
28 16 1117
6 41 959
32 23 1189
47 39 362
62 55 663
13 58 389
19 39 519
55 52 654
9 50 1171
25 54 226
9 11 347
35 12 325
77 58 1265
53 64 752
54 15 607
24 10 1129
27 0 500
75 57 838
51 4 288
5 23 1003
53 41 465
8 32 1331
77 76 161
77 66 703
18 46 1419
65 7 522
40 21 54
8 21 868
68 16 697
7 71 1230
60 25 1180
34 57 83
57 28 1295
50 61 929
27 19 91
45 54 856
65 56 99
36 14 251
40 33 620
68 78 441
64 32 791
34 47 1255
17 55 643
53 46 821
42 46 868
61 34 620
15 59 717
53 45 1074
69 1 884
49 32 627
57 70 601
36 78 1444
5 39 477
29 54 842
1 61 1048
32 33 1131
7 19 1034
45 35 1315
19 33 1303
62 64 961
21 7 503
58 66 186
64 20 695
50 45 356
40 71 20
76 20 1271
26 72 252
19 49 1451
11 16 100
75 50 103
48 9 1488
34 50 1100
17 39 552
37 8 89
28 64 912
73 69 613
62 19 1404
27 34 36
66 52 26
61 9 3
1 16 1280
56 62 1109
24 25 1163
69 48 451
56 23 1247
43 78 997
61 70 747
33 47 987
14 25 142
64 22 181
20 54 744
16 49 278
67 58 416
22 77 1091
16 75 859
22 71 63
21 42 239
65 8 1300
72 10 643
3 62 808
67 8 1523
64 11 1071
28 13 1174
76 68 1064
37 40 197
73 76 1529
35 57 907
37 79 745
74 28 35
32 73 1073
37 69 899
67 5 849
58 13 1153
72 7 116
15 47 897
43 26 370
7 47 1371
53 54 528
57 62 1237
41 24 120
52 0 627
18 55 148
28 76 788
36 38 1519
9 54 1185
11 75 629
76 29 590
74 76 677
16 3 1532
56 30 1190
11 64 163
1 35 469
30 51 594
6 77 520
35 77 365
33 55 1070
17 1 1534
74 70 1079
28 43 469
20 8 44
76 63 181
14 47 260
66 55 1281
6 1 1016
59 65 1357
42 51 1044
6 40 983
10 67 729
0 37 867
24 18 810
79 25 1188
68 31 1474
40 23 1056
61 25 152
40 69 310
10 59 1036
58 67 22
5 68 406
50 5 1380
49 0 370
39 56 1201
46 69 70
9 72 1074
16 5 566
79 27 627
69 55 692
13 1 1150
25 23 1417
54 1 716
33 32 510
37 61 278
19 28 684
36 7 521
78 68 1358
51 35 1475
73 56 970
22 59 1090
64 65 1335
4 9 998
71 70 490
5 57 851
71 23 999
24 61 702
22 4 1139
15 61 374
66 72 1446
58 78 896
54 11 665
64 60 139
66 60 155
57 74 76
27 6 1368
73 41 149
57 9 651
66 8 801
52 33 1186
36 29 209
35 61 1111
30 74 1504
64 23 240
34 36 106
9 6 1343
23 37 1273
14 65 768
0 66 278
70 0 251
35 3 1457
10 65 854
64 35 545
33 77 264
10 43 356
57 0 1225
74 50 1193
21 35 1580
63 32 414
27 59 907
4 57 766
50 34 1614
9 21 253
72 4 75
70 5 409
48 71 18
45 56 1037
35 68 1033
27 18 212
71 33 276
65 78 706
38 27 761
65 66 246
0 24 1530
59 22 1167
48 31 647
8 53 1324
58 43 191
36 25 1618
67 53 1513
19 4 969
24 41 439
64 17 1282
8 66 271
28 56 373
45 5 917
60 9 1558
22 68 1022
7 41 1347
49 22 503
65 51 1014
78 22 464
16 19 292
28 12 1673
49 60 183
59 61 1657
1 68 69
51 34 1100
42 56 764
37 50 112
76 26 1540
31 74 468
9 46 1614
54 18 80
32 77 821
50 37 1062
30 66 1546
56 26 377
24 11 293
30 72 1407
43 63 824
24 77 1123
33 46 1322
77 51 169
42 6 946
71 14 846
49 48 146
9 13 319
32 42 1680
23 34 398
77 19 723
1 27 464
34 27 600
54 48 519
50 16 871
55 46 1486
25 42 695
58 53 1719
23 60 1449
69 54 658
15 37 637
11 36 180
57 65 361
79 50 405
75 69 338
76 65 1597
15 57 162
72 21 282
23 1 1455
40 27 1318
18 45 368
60 8 620
33 11 826
15 78 675
29 72 1248
51 16 172
49 55 54
21 1 1110
14 11 247
31 37 858
65 63 52
68 0 1331
64 40 1084
12 17 832
48 37 1455
22 67 919
54 62 1080
21 30 548
34 18 715
75 28 944
14 67 2
5 8 1270
19 64 775
56 31 1692
62 17 1617
58 6 1294
30 9 1274
9 64 1532
11 67 52
52 57 1218
53 32 163
73 33 1179
55 41 1155
0 31 686
67 64 1229
18 52 1117
11 54 676
21 49 250
31 63 830
38 58 807
59 21 781
28 20 581
71 42 1579
17 35 1575
33 60 1545
11 61 669
0 27 1396
23 38 56
4 26 458
71 65 1116
64 77 894
61 21 1417
71 32 1720
30 32 1212
10 24 1483
51 33 146
23 39 1156
60 11 713
43 49 701
1 41 418
6 79 248
56 10 1250
39 66 957
28 30 1763
26 62 937
30 34 1407
21 17 200
27 37 270
11 46 1097
73 26 1007
19 8 1057
19 58 461
24 75 1373
50 63 288
77 47 1603
47 52 1528
34 72 392
51 14 587
14 23 1119
77 32 454
40 61 1520
35 18 944
21 37 522
62 13 1128
51 52 1701
5 25 207
71 8 292
68 65 1319
68 53 556
35 33 1689
45 30 1020
42 72 1825
0 30 34
32 56 158
64 13 805
12 30 690
23 41 157
51 30 942
27 51 253
54 76 1414
30 71 444
50 48 1045
3 34 1269
13 3 210
13 49 1531
22 78 1740
31 17 996
41 12 870
13 7 1503
12 11 274
53 55 1575
23 22 1093
25 1 243
55 32 1147
26 20 1006
41 17 1117
20 1 304
50 17 771
26 41 489
34 24 1679
61 36 647
41 21 900
11 19 1490
1 0 1280
12 38 615
24 60 1850
30 35 618
59 39 1460
53 63 657
33 40 100
24 23 1828
26 6 1668
31 59 1718
15 14 1111
59 9 1061
21 8 471
49 40 31
48 0 1878
39 50 1202
23 15 1276
11 26 966
13 9 1584
54 9 1519
10 40 755
74 32 1374
38 7 1045
28 47 889
36 21 828
37 60 868
32 37 1309
42 16 393
20 52 477
30 26 1213
47 11 36
45 76 905
50 12 1193
18 13 443
67 32 253
52 15 183
74 39 1416
56 70 927
29 50 1393
34 33 31
3 43 1589
17 22 1643
68 4 1267
63 34 1250
52 9 1672
46 41 55
3 24 1882
7 42 1403
12 36 656
61 18 1058
76 33 1544
12 66 1022
73 64 1658
67 69 1831
7 60 307
22 76 1127
24 58 571
67 75 923
54 55 716
43 29 210
27 5 1749
66 40 1072
79 42 803
48 35 529
36 15 1373
59 42 1382
26 59 1804
6 45 1807
48 51 849
11 35 1439
68 23 99
15 77 1449
29 33 1648
1 22 1110
24 20 1035
37 31 1554
59 38 1296
68 52 653
9 48 299
9 51 1039
54 14 634
13 28 1383
3 61 437
45 3 1955
10 56 565
76 75 1494
12 71 932
38 19 87
57 37 1240
61 45 1719
30 78 469
22 30 668
41 27 821
15 48 1873
56 19 1358
28 39 1028
33 43 1137
79 9 260
55 56 1475
5 30 266
43 28 629
49 57 132
7 4 1259
11 25 1832
48 20 480
13 43 989
33 30 1462
37 64 1952
50 56 1127
20 58 761
59 16 337
9 27 724
36 20 1871
4 40 428
71 51 787
48 18 1795
68 66 307
49 29 1741
41 15 1929
16 42 1128
22 36 1299
35 49 1255
30 61 364
68 18 932
35 39 321
24 53 886
15 26 1524
32 54 1381
63 40 291
6 72 1929
40 8 118
12 34 1203
1 25 556
65 12 1591
12 56 390
43 56 824
50 21 757
52 54 949
51 31 1245
20 63 1016
33 10 1233
3 15 1152
59 3 1763
60 21 1638
30 39 1858
47 50 191
60 39 1614
78 7 1382
64 12 1715
58 26 879
58 79 1701
57 72 135
5 32 830
19 24 771
79 33 801
59 78 1860
43 40 1194
27 8 1816
69 17 952
57 31 1813
61 32 1842
10 19 540
59 60 678
47 15 118
50 66 1230
67 35 1447
1 59 2001
19 52 366
65 24 166
73 7 922
57 75 1208
12 76 1207
28 66 937
17 53 902
22 54 642
38 14 1389
25 10 1587
5 9 1081
43 36 1227
12 61 1894
52 74 1483
22 35 379
67 52 836
79 39 3
32 28 1674
0 47 725
26 68 2005
45 28 935
6 11 748
15 50 941
19 38 299
4 19 617
15 21 1574
40 7 1200
42 4 444
71 16 1253
21 20 975
14 12 540
53 60 1008
79 59 1013
21 5 1967
3 37 1822
28 48 1632
58 45 1297
6 10 316
29 38 1702
49 13 279
46 57 1168
7 18 974
74 58 206
37 72 2002
11 40 633
12 13 176
37 19 83
74 78 1953
5 71 1272
41 54 227
47 61 1805
48 72 1320
16 55 2083
6 36 155
38 35 1625
75 66 769
22 51 1808
13 27 1257
28 65 819
63 56 1232
37 56 18
30 22 388
4 3 1261
48 75 1637
22 12 1096
58 31 1402
41 36 406
48 32 1970
21 74 1928
26 78 398
25 32 1375
38 21 214
34 16 1167
75 25 1517
32 24 1836
61 19 2018
36 18 27
69 62 1623
63 5 1924
63 23 1126
15 9 1995
77 22 1060
1 70 703
73 3 1045
75 79 471
55 60 2044
72 64 193
55 78 1578
79 18 132
78 29 40
40 6 1677
79 48 61
77 35 357
75 64 813
64 62 60
33 49 1303
29 63 918
10 25 468
14 42 125
77 30 1458
41 25 1984
50 76 2005
30 50 347
60 6 1241
34 9 735
61 63 489
26 21 918
46 66 2128
77 39 854
54 32 441
34 26 471
7 72 1315
74 48 396
42 34 1928
65 69 219
18 39 494
26 53 1570
34 74 1204
40 46 786
72 71 2166
62 27 2070
14 34 954
29 18 1961
75 20 970
1 12 1423
32 51 876
65 70 1639
79 36 1556
26 45 930
42 31 1224
11 60 329
5 55 1881
0 3 1384
4 5 64
29 75 127
57 59 401
70 18 695
1 15 2000
29 8 443
7 27 250
8 30 1928
48 27 1002
70 45 335
61 15 596
18 65 324
16 79 842
72 73 2142
76 3 341
28 40 2138
59 8 595
26 28 1360
3 68 850
19 46 2143
67 57 36
67 73 48
11 58 965
20 28 995
52 20 851
68 69 1126
43 34 1102
45 43 734
1 8 1201
45 36 956
22 46 954
50 62 540
10 29 1153
16 28 902
52 38 2020
70 40 1163
19 40 2131
12 35 393
13 14 1754
69 58 2120
43 53 603
31 8 634
79 43 1551
48 77 451
48 66 70
46 79 1497
57 33 692
25 20 1276
70 14 1522
60 29 432
27 33 1571
10 6 1994
37 25 51
33 34 2080
8 14 742
28 72 1920
25 78 2117
19 29 1323
68 6 2082
59 1 1339
5 56 2165
67 31 2133
52 71 479
69 78 1715
37 42 1928
71 66 1150
42 20 1844
14 17 1398
9 3 1476
17 68 164
43 77 758
72 35 1987
10 33 331
70 78 1041
12 48 597
68 36 1159
54 0 1932
63 76 2005
7 59 1453
2 14 66
2 9 11
2 15 56
2 69 5
2 23 9
2 54 11
2 75 48
2 65 4
2 20 10
2 29 20
2 4 73
2 26 50
2 63 50
2 55 33
2 71 15
2 18 2
2 59 43
2 39 50
2 5 69
2 64 12
2 49 33
2 56 19
2 60 39
2 68 4
2 70 52
2 43 24
2 48 1
2 53 52
2 21 59
2 32 68
2 12 31
2 8 19
0 44 28
1 44 70
5 44 66
6 44 48
7 44 21
8 44 77
12 44 50
13 44 43
19 44 64
23 44 77
28 44 71
30 44 21
31 44 72
33 44 52
34 44 43
36 44 12
46 44 19
66 44 35
70 44 17
73 44 2
