9
2
12 13 0
14 4 0
14 22 0
49 18 2
11 32 3
38 31 0
11 5 3
46 39 5
27 31 5
33 44 1
1 8 0
27 47 7
46 33 3
19 33 1
47 25 15
18 17 5
12 49 4
46 1 13
10 5 9
21 0 14
7 10 14
20 46 4
24 39 9
25 18 2
15 44 18
17 13 5
45 12 21
7 14 17
38 21 17
47 11 30
39 14 25
41 23 17
20 10 18
19 39 20
21 1 6
17 10 32
45 37 26
4 11 3
37 25 39
18 0 30
3 27 21
15 0 8
45 34 33
29 39 43
24 12 26
45 21 20
40 43 15
19 1 0
29 0 6
35 6 44
36 33 33
24 41 33
15 20 30
40 29 6
46 21 3
44 34 25
3 28 46
24 5 33
28 11 45
26 21 40
5 31 42
49 3 36
12 24 24
48 28 48
22 27 38
27 25 11
26 37 32
41 33 25
1 44 45
48 4 66
25 15 20
49 39 57
39 1 34
43 10 12
29 44 11
10 37 42
30 17 55
13 35 49
3 1 2
23 41 8
30 36 53
37 17 19
44 41 61
42 22 88
46 30 50
26 33 90
23 25 15
0 30 44
23 8 20
15 42 10
44 37 83
17 20 32
3 11 80
8 16 53
37 43 34
1 35 47
18 24 95
31 7 65
40 44 93
48 49 31
12 15 71
22 13 85
49 14 106
20 28 106
12 22 14
36 1 53
39 36 69
16 18 25
35 28 94
10 39 68
47 15 47
27 39 67
1 39 109
38 19 25
42 20 74
19 25 33
41 3 112
37 41 4
4 20 112
36 46 96
8 48 49
6 41 19
1 23 97
41 6 21
40 30 34
14 20 29
14 40 12
17 3 24
40 24 17
48 41 17
38 8 20
37 28 107
38 34 13
20 43 30
38 18 4
27 30 35
28 23 83
29 36 116
13 30 94
39 11 86
1 34 73
11 41 52
34 16 138
32 18 76
47 0 27
48 29 21
40 4 18
3 22 153
0 28 57
35 14 106
31 49 114
22 33 156
24 17 49
8 3 38
3 17 88
38 22 128
7 38 24
18 40 160
5 42 76
30 24 96
29 43 171
29 18 94
15 35 104
47 43 157
45 49 26
8 13 71
30 5 117
40 32 125
34 4 127
48 37 117
37 15 24
24 27 12
29 49 147
7 18 52
48 13 162
28 45 23
47 41 172
33 19 183
41 39 162
39 21 84
15 38 107
34 21 117
32 0 48
21 33 132
29 12 187
48 12 97
34 5 133
26 6 45
11 33 140
20 30 22
38 20 64
18 23 68
4 15 142
37 3 26
36 38 203
7 43 79
12 28 126
4 38 119
38 1 196
11 46 122
4 23 161
22 15 154
0 16 184
40 12 118
26 8 172
40 45 169
38 32 71
46 27 76
7 6 12
38 15 116
35 20 52
32 36 129
33 0 10
27 0 164
44 22 14
17 36 104
22 48 114
15 28 160
30 45 31
29 45 50
18 33 132
35 41 113
5 29 32
34 35 177
12 36 104
26 41 46
46 16 152
35 3 6
1 36 175
25 35 148
1 31 118
6 27 29
5 18 188
18 13 35
24 38 236
28 26 112
39 41 149
43 27 4
23 4 49
30 1 245
21 13 139
0 18 66
49 47 192
37 6 118
8 1 142
42 15 7
0 41 5
48 17 42
0 19 227
34 10 249
44 13 19
48 24 67
33 28 55
30 48 200
46 38 29
39 31 54
20 36 245
49 29 235
14 48 249
11 38 271
1 28 140
41 46 5
23 17 75
24 42 253
11 16 204
40 11 111
47 31 3
40 1 268
17 31 264
11 23 48
30 23 22
23 44 284
44 28 263
47 13 183
44 25 190
45 46 143
5 23 123
43 35 254
38 3 157
44 42 27
25 6 102
39 0 93
16 35 228
8 6 62
32 21 145
15 10 103
6 45 65
6 26 100
17 4 26
21 27 60
32 42 257
14 6 95
19 14 106
43 28 224
35 48 308
29 35 41
23 5 84
35 26 65
5 24 262
46 8 129
49 21 305
35 44 170
17 46 279
47 37 304
1 0 137
46 7 148
35 5 307
33 11 98
18 15 115
39 5 9
31 13 57
31 4 200
18 10 260
37 40 71
16 6 119
41 29 126
45 23 282
46 10 84
6 3 274
26 25 224
19 37 81
18 7 140
41 24 240
14 28 143
31 45 200
27 42 141
15 29 157
45 10 114
40 25 189
44 31 292
21 24 86
15 32 20
8 24 167
13 17 139
31 20 84
10 21 82
3 15 261
42 26 210
31 40 321
27 11 132
23 20 11
48 42 114
26 24 115
5 45 18
25 45 296
8 37 166
30 27 48
36 0 55
29 17 225
26 15 9
39 15 232
48 8 168
36 22 24
0 23 104
23 19 246
44 3 107
41 5 325
14 25 3
49 35 144
40 20 27
12 8 222
43 19 42
40 16 92
13 31 309
38 37 319
33 27 201
22 14 316
24 20 242
19 3 213
0 26 92
15 22 350
25 22 236
26 10 11
0 10 156
41 14 172
34 18 156
34 25 375
47 6 232
40 18 98
45 32 297
19 6 339
8 49 0
19 46 134
24 1 316
6 0 62
17 28 171
28 39 37
14 11 278
29 21 190
19 31 27
25 1 221
48 32 150
0 13 335
28 3 138
14 23 219
45 39 240
32 45 120
36 12 19
16 13 64
6 7 124
26 0 278
23 13 382
39 43 410
25 27 21
11 43 99
14 39 378
36 30 391
39 23 429
40 31 383
27 35 420
47 7 45
6 15 120
23 1 10
14 32 68
6 12 201
17 25 168
20 16 110
3 12 398
11 28 199
12 4 86
3 41 258
21 25 39
17 42 136
10 38 230
11 31 259
36 44 243
37 4 335
23 48 57
39 45 308
11 14 164
34 22 189
1 37 111
36 14 301
27 14 33
36 48 385
32 23 395
17 12 242
37 8 30
11 27 313
4 17 315
4 22 69
28 25 416
32 8 216
35 36 429
23 3 155
0 11 296
5 27 390
33 29 341
42 37 144
1 43 334
26 4 316
41 44 469
36 15 337
12 5 119
39 49 302
12 11 304
36 41 121
13 41 468
26 40 386
32 10 453
7 46 138
27 16 18
7 48 174
15 7 93
48 20 375
35 38 394
20 37 5
17 15 362
42 35 214
0 12 343
25 4 156
35 12 38
37 20 377
35 21 498
21 48 322
33 38 332
17 16 293
46 48 149
37 21 182
28 4 339
18 16 330
35 30 61
5 10 104
37 42 280
42 6 69
32 33 427
18 31 293
42 27 235
32 5 448
44 17 64
12 44 316
21 6 308
48 18 175
3 36 262
11 44 141
33 21 24
20 26 268
14 15 273
49 25 50
49 20 479
20 14 134
25 13 353
31 0 244
4 39 218
3 13 83
16 26 62
14 38 458
13 22 319
38 26 388
13 26 395
49 16 410
15 47 491
29 30 410
10 25 412
32 25 128
27 44 120
38 4 167
11 8 285
45 6 111
17 8 169
7 30 168
44 12 370
45 28 168
23 28 90
33 20 20
21 15 8
26 29 431
6 10 395
34 43 256
39 28 482
30 0 28
26 28 337
16 33 306
10 24 10
22 49 324
1 11 308
24 14 368
25 26 375
25 38 307
24 25 354
18 45 570
41 20 212
30 35 498
11 3 264
41 38 341
38 5 50
49 1 160
33 3 142
24 6 234
46 19 447
34 3 182
34 13 241
1 48 456
31 46 290
13 5 512
28 48 571
4 27 555
3 49 252
15 19 168
27 28 35
49 36 281
7 41 167
0 37 65
36 37 364
32 30 454
17 14 254
6 48 112
43 34 502
0 42 324
23 43 324
32 29 40
5 14 535
25 10 135
23 49 548
1 4 159
49 41 185
28 38 94
6 49 73
42 14 507
11 30 157
7 28 176
48 36 520
5 12 85
35 37 191
31 12 36
32 34 420
37 12 479
30 25 274
7 24 91
22 17 544
46 3 633
30 33 230
25 14 61
45 29 33
10 12 356
32 35 474
41 49 266
49 5 93
31 26 195
25 36 210
15 36 483
43 1 601
21 29 208
27 18 599
18 5 360
37 30 24
14 42 448
35 32 581
15 46 220
10 11 243
30 12 175
5 35 328
30 14 167
1 24 447
28 10 459
20 18 35
33 5 358
3 0 114
45 19 251
36 47 223
35 25 471
7 16 429
48 0 357
38 44 339
35 16 537
48 14 408
10 26 190
30 3 104
43 12 583
46 42 361
28 22 565
17 30 20
19 27 507
14 16 372
41 32 665
35 11 300
49 40 536
19 8 53
15 31 1
25 46 638
37 5 388
49 33 300
16 37 369
16 43 369
48 26 622
15 25 59
5 7 576
31 21 243
10 42 592
38 6 121
4 33 645
4 44 430
17 32 615
4 0 683
37 35 391
45 25 356
18 35 574
1 26 100
18 44 635
4 36 689
3 33 556
0 33 363
36 32 352
21 28 235
24 47 647
27 10 637
37 49 200
14 44 410
39 33 34
27 15 495
48 38 536
42 44 408
25 47 178
3 39 112
43 37 637
46 24 687
17 45 321
49 4 585
33 41 536
39 20 693
42 49 480
40 22 510
1 12 587
12 41 69
15 3 604
25 12 221
12 45 396
22 30 283
36 10 408
40 15 3
33 16 27
18 30 258
15 16 718
11 1 217
14 43 286
14 18 399
40 23 646
34 38 412
24 7 341
10 23 753
10 18 464
4 12 99
4 45 311
44 40 361
40 17 649
16 3 660
3 14 747
44 19 137
41 31 269
10 13 470
38 45 187
21 34 710
46 40 418
20 8 88
12 31 153
16 15 91
4 29 307
14 46 124
11 21 489
45 30 680
41 42 41
21 5 3
15 43 763
19 32 170
6 46 110
4 47 396
43 30 675
38 16 607
29 4 614
13 42 566
15 13 650
24 0 641
40 34 401
0 40 272
6 17 513
44 27 586
45 47 376
29 46 793
20 47 734
35 1 785
42 31 764
45 8 32
22 19 607
0 47 375
35 29 733
31 22 749
40 3 203
18 26 88
40 19 4
27 4 318
0 38 305
1 22 455
27 12 19
15 11 715
10 29 696
35 18 735
13 28 701
0 34 463
33 14 518
15 12 627
39 35 546
47 23 724
13 16 704
21 11 441
32 4 204
39 30 145
4 31 55
31 25 240
39 44 29
41 43 169
3 31 775
27 26 804
30 38 772
30 18 516
11 12 441
12 26 746
7 49 327
36 39 263
5 21 231
14 36 210
10 14 483
45 44 191
17 0 324
0 4 692
43 13 408
29 25 120
41 26 8
29 5 56
40 35 803
22 11 247
38 0 80
19 16 374
29 23 379
21 44 799
19 41 193
34 45 74
6 8 695
5 13 654
48 44 16
29 20 346
15 33 512
16 48 440
46 37 277
33 39 854
8 25 130
43 44 302
8 36 116
18 49 755
12 20 395
14 17 45
32 37 200
31 41 645
20 39 772
37 11 880
34 46 681
5 34 452
22 43 739
37 24 22
30 8 547
19 11 215
1 14 310
0 6 724
3 19 153
9 48 31
9 43 45
9 27 49
9 14 36
9 49 22
9 21 30
9 24 2
9 1 37
9 10 1
9 31 12
9 19 10
9 32 16
9 11 26
9 30 40
9 8 47
9 4 32
9 26 47
9 23 31
9 13 39
9 40 25
0 2 6
1 2 43
3 2 23
5 2 31
7 2 31
10 2 31
13 2 44
18 2 9
19 2 4
20 2 13
25 2 23
26 2 32
30 2 24
33 2 48
34 2 46
38 2 24
42 2 34
45 2 15
48 2 19
