0
30
35 12 0
10 23 0
32 5 1
31 7 2
34 23 1
34 19 3
23 25 5
11 5 5
21 28 2
24 14 1
7 19 1
3 26 2
13 18 7
33 14 8
28 17 1
12 20 5
6 1 10
32 3 19
18 13 7
33 13 9
1 2 14
31 36 9
14 24 20
29 24 4
39 18 4
2 12 8
33 20 7
20 15 10
8 39 7
38 9 12
8 33 13
21 24 14
25 18 17
18 37 8
37 32 16
28 34 27
36 2 28
36 6 1
39 8 19
15 32 40
7 2 35
11 18 14
34 25 27
23 32 16
33 5 27
5 19 12
9 17 3
11 17 15
14 7 35
35 8 18
7 13 45
1 27 33
11 10 3
26 31 5
7 9 0
27 12 0
36 19 62
39 25 6
8 11 58
4 34 43
25 28 51
38 17 47
22 31 45
20 27 71
28 12 21
17 34 64
9 22 67
5 25 37
29 10 62
1 11 65
5 24 35
11 34 70
15 27 35
35 28 55
34 4 36
28 9 9
39 21 12
20 17 36
37 19 20
36 16 40
28 39 85
15 6 65
35 27 90
26 38 72
2 20 9
39 36 76
16 34 62
28 22 77
11 21 12
25 29 14
4 5 20
20 12 67
6 27 16
24 27 74
39 33 58
14 29 15
34 12 65
24 6 93
23 7 47
32 29 97
10 33 71
13 33 84
17 28 46
3 10 94
14 2 47
4 19 38
33 29 14
7 35 56
6 35 111
24 29 73
23 3 73
18 34 91
37 34 42
20 38 10
23 39 11
8 22 108
37 21 84
5 14 52
7 28 42
19 24 43
31 8 43
4 10 2
19 32 66
24 37 82
1 37 114
3 27 44
12 15 25
29 5 101
35 32 23
23 21 45
9 31 115
13 21 93
39 28 113
29 15 24
39 26 11
2 1 10
19 31 19
35 5 143
7 38 63
27 35 23
28 37 20
36 27 133
23 36 150
27 2 132
33 10 146
10 34 75
1 5 100
25 20 123
33 17 50
15 2 10
29 39 33
38 10 61
2 16 64
24 32 89
10 12 46
23 22 96
32 24 46
13 35 35
26 37 47
21 18 92
37 18 63
22 20 92
36 15 107
2 27 84
5 21 150
18 27 5
9 7 142
24 36 99
39 27 48
3 28 75
21 20 118
5 23 105
39 38 4
9 13 123
3 20 24
12 8 142
14 25 69
10 18 98
36 37 104
13 39 92
27 31 141
6 18 53
25 8 18
21 11 15
1 34 195
34 37 159
23 6 128
37 39 194
5 7 2
18 12 153
14 28 112
15 39 134
4 8 104
4 14 83
1 9 154
35 3 38
12 27 69
10 28 175
39 5 169
3 25 33
15 24 38
12 36 136
23 9 139
17 29 171
17 3 152
21 29 53
26 4 111
35 36 30
16 8 94
19 35 116
21 16 66
31 18 211
24 23 137
10 31 184
8 35 124
28 27 17
22 24 209
36 17 33
37 1 216
29 4 146
38 27 159
36 26 106
26 24 73
39 6 117
36 28 26
0 26 7
0 19 33
0 14 19
0 7 16
0 9 5
0 29 38
0 16 2
3 30 29
11 30 34
13 30 14
15 30 27
21 30 18
22 30 33
23 30 21
