99
25
21 77 505
27 16 2503
64 42 1110
60 33 954
79 21 721
40 46 1939
76 75 2347
11 22 433
9 8 964
17 23 959
96 88 1795
50 79 1957
97 96 1788
93 84 1629
71 59 1772
14 88 405
34 18 1678
16 75 1560
59 73 1306
89 17 630
41 82 860
53 75 2138
91 23 259
71 97 389
90 64 1533
20 47 905
84 82 310
79 11 638
23 1 542
85 80 88
72 68 27
58 10 1445
57 0 215
23 5 15
48 1 1534
59 80 427
28 67 1035
62 12 1218
35 62 2342
98 30 822
77 96 2444
32 20 2394
72 54 676
87 36 454
15 46 2269
11 48 1232
58 2 323
48 13 1982
89 87 2322
35 1 174
21 17 1693
24 22 2209
14 77 1069
90 11 1709
37 52 1365
48 72 1706
48 69 2513
38 1 1971
88 83 1074
19 16 1814
79 38 1607
88 6 1533
52 69 1149
58 72 1661
6 28 1845
7 93 729
88 73 789
56 65 1826
19 76 2052
50 54 1342
48 88 1525
10 8 20
90 46 1120
74 54 1634
76 80 1336
64 96 646
34 70 2266
29 56 1152
90 22 518
27 88 1558
57 38 2003
83 27 1108
30 67 918
98 43 721
67 52 398
61 31 71
42 51 302
87 79 26
83 9 736
44 96 2404
0 23 80
35 16 1727
80 72 2061
70 59 1838
38 43 1944
91 77 843
72 4 733
16 23 764
44 32 1813
97 0 2159
62 67 15
41 90 898
91 44 213
45 10 2424
28 44 1461
48 96 502
41 42 2338
73 92 660
90 29 2342
43 40 397
34 97 204
29 67 93
44 16 638
58 8 129
14 40 33
15 19 537
1 17 1083
22 32 1975
83 43 1410
33 11 2510
89 6 1329
8 19 882
55 1 322
73 56 1666
20 22 1404
64 68 1360
96 77 1217
68 17 251
41 8 855
59 30 2053
23 51 1746
60 47 1334
14 6 1940
59 23 1273
33 16 1920
81 91 1692
35 73 1310
6 34 2058
81 28 1955
71 50 2259
94 84 2451
1 15 2053
80 70 338
43 93 962
73 48 982
92 54 204
72 55 1254
37 60 1273
64 75 1511
39 30 1516
90 31 1086
13 0 1981
83 21 2164
86 3 2379
93 49 1055
93 36 635
62 3 249
39 80 334
47 46 984
11 20 1250
52 97 2097
60 63 2504
85 47 1847
21 73 4
83 41 93
33 56 2062
12 42 1551
34 86 1388
36 20 139
61 85 1620
98 41 1523
66 12 1168
34 69 688
36 24 1823
18 91 1700
82 60 1505
22 12 373
80 26 1363
68 18 1962
98 38 1460
39 20 1077
55 51 1368
87 59 260
58 42 1482
15 41 2319
64 92 575
98 64 1437
50 48 694
89 92 294
0 59 2424
85 27 2230
70 75 1903
86 31 689
75 15 542
91 90 1071
78 13 1867
30 76 2019
32 31 1374
16 40 1714
74 24 461
48 15 2171
64 83 556
84 86 1947
63 88 880
64 22 742
30 80 967
72 80 646
41 18 1334
47 98 1831
79 96 433
64 48 2410
21 96 2186
7 77 1395
73 52 2218
3 52 410
77 31 1506
46 37 1767
45 94 15
84 50 162
54 66 849
63 51 1016
16 33 754
15 92 2205
46 11 2170
71 80 324
18 78 2097
19 13 2394
42 4 1839
57 21 2287
83 56 304
95 85 381
78 98 795
51 56 519
31 7 2419
83 0 609
5 34 2323
68 42 942
70 71 1908
57 51 2464
62 16 117
82 19 1598
42 69 1070
28 87 1017
51 23 28
39 60 118
13 11 744
26 41 1034
60 71 2236
36 0 2220
38 21 2319
43 48 1226
40 52 2186
32 86 956
9 5 1211
14 47 1162
24 93 2321
67 1 2013
18 50 994
57 94 483
45 6 1140
11 67 1601
4 71 1354
31 64 1311
37 4 1423
13 35 2433
11 97 989
29 52 2522
7 15 1406
8 61 1150
52 57 1714
95 93 1999
67 58 760
65 62 2226
98 79 1508
46 87 1760
28 22 2214
97 51 1449
17 33 465
78 91 20
39 31 1568
27 44 437
21 69 2092
76 40 2418
36 11 2072
67 84 225
33 21 726
77 71 1523
48 98 307
69 45 322
46 14 1635
67 23 2014
53 68 75
6 90 1276
72 40 294
15 18 1843
78 16 93
48 28 1550
44 53 627
77 5 1832
56 77 333
78 34 393
31 69 1604
79 89 2507
79 6 2175
31 52 827
42 64 1131
11 6 1064
48 8 595
88 28 830
61 87 57
98 29 673
52 66 2392
2 61 895
79 23 1883
87 40 1365
41 75 1371
20 77 866
10 3 2451
77 97 961
22 84 1462
74 82 2491
90 48 790
47 91 794
55 68 1146
23 59 2201
75 87 1136
78 49 817
75 68 2167
64 87 2162
28 36 2270
48 27 2282
75 11 1179
40 66 1141
21 32 1236
14 35 1413
54 69 404
71 73 365
35 48 2215
96 1 1648
96 74 2067
93 1 1462
44 10 157
70 45 599
56 20 833
21 50 159
68 76 452
86 20 810
19 17 1899
71 47 406
59 57 598
65 21 2425
7 14 2256
14 59 2087
77 1 1457
19 53 653
50 98 1812
36 19 1987
60 53 1212
69 42 899
11 80 1410
32 6 711
80 5 2471
14 1 1159
39 61 2289
60 40 2413
62 34 2450
66 72 938
38 59 1848
14 65 538
88 54 1643
19 40 2201
47 64 1611
91 21 495
53 49 2015
94 88 436
30 66 454
79 41 767
63 33 1753
55 40 1946
92 3 190
5 58 1083
91 56 2466
11 33 1028
28 27 1320
94 69 530
66 65 1311
70 93 862
47 43 1670
16 71 1018
14 42 2400
4 80 1247
78 48 1012
79 82 1774
46 79 19
7 19 247
85 79 1141
49 71 334
76 73 902
86 85 2168
17 68 2387
36 15 266
68 60 1480
3 86 2150
88 50 1843
49 54 106
98 54 174
20 54 1008
15 44 2016
57 19 768
48 49 1047
23 89 2003
4 89 1335
59 47 523
2 83 1563
85 61 1354
45 2 2228
86 78 2029
10 28 1310
98 81 2120
58 14 829
33 51 908
58 78 637
17 58 916
81 54 605
45 90 1651
70 35 2409
6 78 2504
4 23 955
31 42 1492
38 64 667
21 95 1138
74 62 2077
14 10 790
0 6 31
48 58 1046
2 87 1236
97 19 1304
21 24 2057
94 20 450
85 1 2132
42 82 1347
91 20 858
96 3 1211
33 30 586
41 30 37
22 73 1178
96 90 1917
68 15 1106
10 13 2370
56 36 1238
12 8 983
7 11 1037
88 21 239
51 14 398
47 19 338
10 92 1963
52 76 895
1 42 99
4 10 2101
34 16 1380
77 56 1612
72 96 757
7 52 405
17 54 578
69 34 1096
59 92 1458
16 2 1310
34 19 2255
10 18 1630
78 58 958
34 65 694
80 66 106
18 72 74
90 55 1301
82 78 1526
33 53 1230
33 73 1888
71 2 2131
80 93 2238
10 63 2471
39 42 809
65 75 1615
22 4 518
81 83 2457
63 50 394
87 49 409
4 41 428
40 65 851
75 31 362
93 38 1637
85 87 950
78 30 915
94 78 2256
67 61 1923
49 89 643
74 52 812
91 46 1142
89 42 2060
86 90 1768
42 55 2031
18 22 1643
11 98 498
68 22 1016
2 72 1447
28 50 1577
43 97 1051
4 55 477
79 26 2113
35 23 2017
45 33 504
22 76 358
30 55 2124
15 24 2307
26 96 292
66 41 1055
14 72 241
12 92 822
51 55 605
82 50 1626
88 71 1080
87 14 2320
49 74 839
74 10 1695
15 11 895
92 72 907
45 44 858
23 12 519
23 94 1721
61 92 1615
71 68 959
3 55 597
64 27 1490
42 70 1318
5 48 1376
97 38 2493
6 3 1062
97 91 2485
14 51 1883
82 84 1306
12 43 1455
52 35 32
12 1 2157
7 41 2121
45 79 2238
18 16 2374
30 73 823
11 41 598
92 49 1630
69 30 2145
40 90 403
57 43 1558
11 81 1590
2 45 607
68 59 156
59 26 1235
96 46 110
10 17 51
8 31 1571
45 21 1317
84 97 318
3 82 1142
97 95 1102
67 43 2010
60 31 2520
26 83 1042
43 56 273
17 40 2282
6 0 184
97 68 2410
4 46 1014
45 11 510
2 58 295
37 89 2292
84 37 2227
92 23 589
59 18 506
11 73 1987
71 10 809
27 70 1562
46 40 1807
95 50 2394
73 86 2151
60 34 1079
55 6 634
1 83 523
40 31 2245
5 61 1619
17 59 92
96 47 1913
35 53 2225
53 5 968
56 8 2279
11 84 2180
93 18 1781
68 57 202
2 60 1389
76 37 457
6 94 1355
56 1 706
27 67 427
29 87 375
11 38 1145
4 83 924
76 2 1660
55 31 2
47 63 730
86 61 1132
67 16 688
15 27 20
97 60 1094
14 20 2237
46 80 159
40 97 582
26 85 611
69 37 1679
27 94 811
18 62 1707
75 89 1501
19 71 2303
39 79 715
63 97 188
34 66 500
91 16 118
21 47 443
82 26 774
90 67 2143
26 19 619
89 35 1642
85 76 154
45 3 796
11 27 203
80 35 1661
38 36 2431
90 97 1721
98 28 1841
18 35 1759
16 20 1100
47 52 1388
71 30 1871
84 42 129
83 18 951
84 61 691
91 51 2362
14 90 1715
49 48 692
15 47 1018
95 52 1472
7 89 2475
17 78 2066
6 8 1935
98 8 2298
94 73 2060
35 83 1917
94 27 461
80 82 2246
94 30 2122
28 24 1790
93 32 1583
7 45 278
64 73 2182
64 93 829
79 34 2082
86 56 2408
32 36 2182
39 29 1484
49 85 234
82 95 925
46 71 2128
87 74 1395
73 47 118
16 98 2252
37 33 75
43 23 1793
42 81 470
76 43 1837
85 19 1366
69 61 1406
79 52 1701
93 17 2314
52 37 1863
9 47 2450
26 72 2411
15 49 2463
61 6 1709
56 40 2394
42 49 775
56 54 749
7 3 2073
63 10 2103
7 51 2078
26 71 1554
16 78 684
68 61 780
70 61 716
82 90 1592
57 75 1629
78 11 814
61 17 478
94 24 4
88 69 959
51 58 1562
87 20 1442
9 6 1856
48 4 579
84 13 692
26 10 2486
73 76 52
26 39 214
77 60 293
29 94 1975
65 97 168
19 86 71
20 61 670
24 56 234
32 83 2058
9 7 1351
3 35 2353
37 12 513
78 72 1459
49 30 1736
53 73 1569
18 86 139
85 88 1610
56 6 783
39 6 1350
2 52 533
82 30 2241
17 14 1590
30 21 354
45 88 993
65 14 1502
30 40 1154
1 63 387
8 76 2506
81 20 952
79 73 1816
75 45 258
22 77 2347
43 67 602
84 53 769
69 8 628
4 18 1085
82 32 449
18 45 1063
41 19 2289
64 37 298
21 19 414
6 97 252
3 34 197
75 13 1008
38 93 636
47 4 1004
13 66 250
74 53 1678
17 5 297
97 40 2282
10 40 1080
84 68 436
43 83 115
47 73 156
55 81 1209
89 43 1963
27 39 1800
72 0 482
42 32 1122
10 38 461
72 71 512
92 12 29
69 96 996
92 29 1975
10 4 1607
96 44 314
67 32 1820
12 9 2515
47 86 1814
43 54 1626
63 92 102
65 12 265
55 20 556
77 91 869
59 53 1455
13 53 1020
55 4 507
31 0 1166
48 60 162
96 95 2092
93 60 1982
10 34 1605
73 64 466
69 83 862
31 29 1368
4 66 2414
54 61 1269
3 20 1787
78 68 1127
63 85 1861
63 5 1543
75 56 1926
57 92 924
0 46 226
51 13 1159
47 14 1257
21 31 2182
49 20 1521
8 51 2517
10 7 2066
15 95 1472
58 24 2212
86 41 1138
14 50 697
52 45 1056
6 9 855
58 34 587
77 29 198
96 6 2356
87 64 64
75 3 245
32 19 274
11 61 2055
62 59 2069
85 45 1966
88 74 0
0 60 1320
40 57 1805
34 84 1405
39 23 1993
49 36 2110
55 72 1333
67 66 821
70 51 626
89 44 1698
80 28 548
84 38 1115
97 58 1162
8 65 716
72 29 749
75 49 1173
34 10 1778
23 95 1966
35 13 1260
18 4 318
75 59 1804
70 10 1284
54 90 779
74 45 345
36 52 471
7 74 1897
31 19 2473
95 11 2066
5 9 1608
92 53 1041
52 64 2100
27 5 76
35 40 1462
88 27 1146
97 27 1091
5 83 671
89 20 1798
78 2 674
69 5 2280
23 74 2198
14 98 2113
82 63 209
87 39 845
32 21 2141
17 71 1679
98 87 50
52 89 1134
96 84 2035
34 91 661
70 27 951
39 2 2293
6 92 1531
58 96 1932
57 23 1531
5 65 328
51 83 560
70 60 1938
93 45 2375
3 2 1523
53 12 132
79 63 2022
33 26 1336
69 97 376
43 70 342
60 21 2124
91 9 1705
47 57 47
89 19 1812
9 31 255
46 98 465
35 46 683
83 52 1796
34 1 2390
48 86 144
36 87 518
1 98 627
48 36 734
23 60 673
36 88 484
40 67 80
22 71 1605
10 84 2267
85 71 527
72 63 2322
95 21 1465
16 92 694
84 52 715
2 8 567
72 49 2458
40 20 1188
66 51 1430
6 38 1967
14 30 598
39 55 2517
59 24 2408
78 83 1443
22 49 111
18 60 1340
34 0 353
61 45 1106
68 44 587
19 27 2144
47 44 1048
33 45 1752
9 0 1975
90 96 824
92 0 467
15 72 1747
9 39 1407
78 9 2073
15 7 536
37 26 720
41 89 1227
92 9 13
95 55 2227
85 42 833
93 92 2374
44 17 1553
98 39 1036
23 16 2100
85 83 234
55 26 1713
51 94 1632
33 10 371
70 30 1060
16 69 87
28 3 522
40 48 1180
1 55 2299
66 70 1686
72 27 561
55 69 195
24 84 2473
34 55 1460
7 31 2369
29 82 2287
62 23 876
23 57 2116
19 38 2237
92 52 1259
1 79 2178
79 72 590
56 22 1404
14 67 1603
45 16 1572
9 95 665
93 61 1559
42 98 1357
60 4 115
72 76 2292
37 17 1164
86 32 2116
17 12 127
69 23 1649
70 97 183
51 49 200
66 32 2274
27 92 110
93 46 1166
51 26 1
34 9 1196
7 97 1715
27 96 1810
6 45 679
28 68 285
36 70 1059
6 81 177
85 59 1536
89 30 1332
67 53 392
16 44 775
75 2 1533
81 30 2054
42 74 1226
66 8 1820
7 67 1227
17 74 360
22 31 1362
31 2 1896
32 44 519
35 64 638
91 24 299
92 57 271
45 87 1065
78 55 1988
35 36 1854
6 14 2252
95 5 461
37 54 861
74 92 1423
12 58 1652
6 20 2250
86 67 916
16 59 2252
75 78 2103
77 36 1676
17 32 1225
31 92 1756
7 96 1975
77 90 2
91 55 1092
13 44 2082
21 72 609
42 84 1947
81 66 2427
79 36 2020
0 24 1484
70 87 2272
39 63 978
80 13 1622
27 34 2273
83 57 2269
78 39 163
54 10 1487
95 14 950
20 74 869
81 44 2287
67 57 1627
38 35 705
73 79 208
40 69 2303
77 13 255
17 55 2233
33 5 9
91 72 1230
95 10 2048
31 44 984
10 55 2502
76 88 259
74 84 318
27 64 283
79 1 2307
14 24 28
3 69 2376
68 38 1887
20 51 2438
67 39 1599
94 66 1875
72 82 2150
79 31 2153
86 5 1824
57 24 2139
3 74 330
38 3 1821
93 97 1433
46 93 321
36 8 1462
51 90 150
90 63 543
57 17 829
64 80 1691
79 56 1055
81 9 1779
71 20 71
67 73 2383
96 22 95
30 43 2351
89 86 1602
18 1 595
19 83 1577
74 1 1116
38 48 1966
18 48 1807
57 64 1216
29 97 1111
41 34 2272
45 17 1053
22 68 2248
23 50 1357
14 44 2255
97 54 2483
50 36 1929
80 19 2387
0 75 377
3 43 672
89 18 1681
90 5 726
92 44 1700
91 42 483
77 93 37
98 85 863
69 11 2200
39 75 1082
66 77 59
80 36 2204
18 98 1187
63 6 773
44 81 897
85 54 58
39 83 1579
90 39 1799
3 41 1115
34 21 2521
39 7 1318
97 28 1577
11 44 322
80 49 423
27 68 1627
28 78 1276
3 46 2183
61 93 544
48 84 1667
62 52 203
1 72 2513
40 1 1850
77 94 776
10 16 1065
63 77 695
72 45 25
27 72 771
7 0 2130
90 41 2139
47 95 670
39 72 1646
9 94 953
24 46 1445
64 31 1815
13 56 501
87 10 2420
95 32 1759
21 2 819
38 28 1816
95 74 1834
35 56 58
43 27 321
20 2 659
87 54 261
7 35 843
34 35 683
29 75 734
29 13 2050
44 62 1552
2 65 1743
6 95 1308
24 82 2443
62 63 1805
70 81 844
98 36 2093
58 90 620
24 17 834
95 91 585
70 74 1349
72 57 372
82 51 1634
27 31 576
54 38 424
93 9 2456
43 81 1221
72 92 1327
9 67 1238
82 22 1713
52 61 2501
71 5 2468
83 50 2284
45 54 335
74 27 394
24 73 1196
78 82 175
33 98 1484
50 30 1087
82 98 2195
69 2 1227
43 61 1915
20 28 209
61 43 688
85 31 593
83 87 116
69 77 1532
74 60 1636
71 49 930
46 78 2143
93 0 1150
23 63 1266
77 12 1001
92 80 2461
82 10 2013
32 23 1357
98 7 588
6 93 1649
48 79 2235
18 56 653
71 21 1554
8 18 1527
21 7 2107
69 26 1996
78 26 317
18 28 730
63 36 1096
14 13 1778
93 44 1134
75 29 1498
18 73 1773
32 80 2173
77 44 1897
89 9 1124
63 35 769
66 67 675
87 57 2035
58 66 2236
2 75 1199
45 42 166
94 15 1426
77 49 2139
78 18 2235
89 94 245
86 51 1715
62 24 1985
91 79 2213
82 14 2153
55 80 307
47 41 958
51 67 784
68 58 1938
41 7 252
20 18 2129
13 24 637
28 54 215
80 57 1241
52 60 738
0 71 2298
87 63 2278
13 88 2137
62 27 348
89 71 89
10 30 1865
71 34 1526
10 62 37
93 52 703
6 52 702
66 14 1122
97 98 1475
82 91 1137
60 56 541
9 50 2331
71 88 1196
56 81 1081
52 65 816
43 87 1051
38 60 1180
89 96 630
92 2 2066
0 80 1895
42 65 738
63 21 476
80 73 1426
40 84 514
64 53 28
86 46 946
85 17 376
95 23 2134
18 74 1622
37 43 1070
59 20 2465
96 70 285
3 26 2129
60 85 1505
29 2 1014
91 38 1158
34 46 1941
37 16 955
30 41 1696
40 95 28
0 98 1921
21 46 1901
26 33 95
65 5 23
65 36 1897
3 14 2282
9 49 1999
8 78 252
76 70 1377
87 73 1152
62 8 1275
9 2 163
40 75 1393
2 21 1856
28 79 853
78 44 1585
12 80 1566
10 60 1815
81 58 857
38 51 645
67 94 1648
15 83 2352
96 29 630
80 64 1276
96 57 2443
68 41 2094
72 74 1801
94 26 1227
18 12 1335
6 83 1993
16 12 1647
60 29 2221
5 53 2492
20 93 243
43 47 1016
83 28 1063
89 46 1256
38 61 2471
35 42 1794
28 35 1276
59 85 1627
45 75 1489
37 49 1360
68 12 475
60 39 1079
62 7 1583
61 84 798
32 75 2346
52 50 784
37 32 1144
32 2 1920
21 74 1592
52 34 669
90 19 2313
19 92 1258
58 7 2382
73 16 1882
94 46 18
6 84 604
15 36 674
46 48 1138
2 79 959
39 37 2398
97 66 1090
81 33 2318
49 40 1396
96 60 2014
17 22 1949
80 37 461
96 23 297
93 71 1582
69 48 520
15 34 373
30 42 261
12 5 344
81 80 1167
89 74 1388
65 15 975
68 40 38
59 31 1827
4 62 2401
74 44 1197
93 41 594
26 3 47
23 46 307
85 48 2040
8 95 1749
93 40 939
94 63 589
62 40 1217
60 97 2398
49 12 2329
20 27 1386
91 65 1179
76 4 1451
5 55 1251
22 15 2067
92 83 1139
54 68 2204
77 22 1701
31 81 1332
19 8 1956
90 30 957
64 36 2227
88 40 803
43 89 2103
4 51 1344
66 79 1145
27 56 804
89 29 1930
76 29 1065
14 61 404
47 92 594
97 50 1480
54 46 1279
46 30 796
90 23 311
97 26 527
35 10 572
95 39 204
73 82 41
98 46 1449
90 10 568
20 92 864
1 56 942
1 51 963
29 19 1134
62 60 1932
21 49 1742
78 60 1645
1 87 790
77 79 2096
82 3 1407
10 64 706
85 57 1779
54 33 1743
89 23 467
95 82 376
58 61 1082
53 36 1832
92 21 523
64 86 864
66 36 285
67 62 91
40 18 2357
52 67 1433
16 76 1541
81 5 611
85 24 1518
98 75 121
34 15 2029
92 97 290
20 21 384
22 33 1453
69 18 1262
16 15 2388
66 3 905
93 66 651
9 44 1833
67 21 1252
61 98 1152
22 24 383
65 20 1768
14 19 2194
33 24 673
65 7 2487
44 59 2232
63 74 1386
93 83 606
97 3 1073
3 87 815
2 93 394
23 37 1932
89 69 1227
39 92 809
85 11 1521
38 53 207
2 98 1754
21 89 2146
21 54 1411
73 81 1362
57 69 1035
66 20 344
41 94 1023
74 18 210
3 21 303
37 47 1250
80 33 1920
96 63 1591
19 50 805
13 93 1938
38 30 1482
68 13 2518
6 15 179
67 31 764
44 75 858
62 36 2312
74 9 2423
56 9 1104
7 87 1198
29 38 2105
80 97 1838
1 33 862
47 89 467
48 32 1895
11 53 2416
27 8 2379
31 93 1070
74 93 1130
88 47 180
57 84 1023
38 17 2030
98 63 1186
37 96 784
61 69 1836
11 17 812
67 29 2390
71 82 14
97 9 2082
73 2 148
69 57 758
38 63 212
89 48 557
51 1 2069
57 52 2275
13 21 709
51 29 2427
23 8 1806
26 7 1021
87 68 2140
48 93 1499
89 70 53
65 54 1611
16 91 727
68 56 531
53 45 2174
11 23 695
49 83 1081
21 6 2266
82 59 1092
39 67 1004
94 71 1253
87 86 646
83 95 942
51 59 2005
12 20 2472
68 93 1955
74 16 487
93 37 1741
55 41 2240
20 40 1512
40 22 1014
47 65 1215
71 13 1823
80 56 1400
11 32 297
66 24 2056
71 41 506
81 19 302
3 38 2116
32 29 828
4 73 1239
89 15 1934
62 55 1533
11 71 260
15 87 847
42 8 2456
89 33 1748
3 64 209
84 29 1394
10 72 1653
70 58 2395
68 79 1472
60 88 97
58 22 882
92 68 1733
20 42 500
15 71 934
65 96 1940
37 42 2342
41 39 1851
61 79 1625
10 9 2403
88 7 696
4 44 1803
51 37 2123
51 73 404
69 98 1433
49 91 206
81 15 774
6 53 834
23 84 1084
91 53 2122
52 46 93
0 93 2236
29 76 479
9 19 1926
22 17 1310
64 47 1621
7 47 1854
96 94 730
32 88 464
13 27 1540
20 53 412
45 19 2254
48 23 1525
9 51 1490
83 73 2232
51 5 878
17 94 1666
38 98 542
5 43 1528
46 20 1116
97 18 1013
80 31 1947
86 59 2358
43 1 1471
16 81 523
89 26 2522
81 57 1609
61 0 1224
42 85 1590
5 22 1943
80 88 1730
50 20 1040
0 22 46
42 28 1070
55 87 1914
39 64 2204
79 32 89
12 94 1211
46 10 1964
84 23 1548
89 81 17
31 94 250
48 95 996
64 20 224
11 95 2436
83 49 2345
63 26 1902
21 18 511
27 74 1313
88 4 483
82 28 62
89 40 1472
2 76 2309
96 2 181
13 26 2120
67 65 1377
47 96 531
98 52 1286
9 96 1654
5 26 2231
5 38 2241
5 41 2135
6 88 717
76 13 264
41 40 2464
22 27 613
27 36 1353
50 65 2197
19 77 2110
82 9 2217
43 32 1255
66 6 2301
86 34 2501
81 49 1781
2 88 2497
87 97 1027
56 0 2265
48 0 1130
61 68 638
89 72 757
13 63 208
75 47 1328
42 1 624
20 70 1512
49 93 2133
65 8 2091
30 12 1029
8 43 1835
80 59 3
71 94 1992
70 72 860
96 14 1973
19 1 1313
91 66 2317
59 32 2032
22 90 1244
27 12 2520
19 7 2177
52 27 376
64 91 911
15 68 365
12 55 2237
40 24 2079
5 31 1296
61 20 508
96 36 2299
92 28 1818
67 83 625
95 65 526
35 95 1471
23 38 950
11 59 264
7 43 1580
12 31 1254
27 85 950
90 61 1207
40 6 1394
87 55 997
82 39 2382
34 68 248
45 24 1573
12 30 1941
50 68 1616
0 38 746
27 10 282
33 91 144
63 93 421
98 17 685
93 39 1903
56 26 533
59 2 1490
89 12 311
9 26 2449
69 92 756
76 38 635
31 57 179
31 77 863
58 91 162
98 77 2371
37 94 1317
46 15 2269
85 32 1174
93 95 2231
56 71 1289
33 72 2236
16 22 2219
16 48 1610
72 33 297
22 85 607
26 55 699
46 85 1360
28 58 1654
19 2 1772
0 69 201
15 32 1100
60 44 2024
47 51 766
92 93 1865
31 15 2447
80 41 540
19 74 1282
75 77 1948
69 91 315
65 2 606
62 74 2173
88 63 836
66 87 205
38 34 1072
67 77 1952
40 8 2057
1 92 1551
90 91 608
30 51 1042
10 50 374
9 48 947
53 40 367
32 85 301
23 17 643
16 74 201
90 17 1970
17 62 2130
18 84 1342
97 20 232
42 73 699
30 48 1785
78 71 2424
67 10 300
56 46 2200
43 16 1796
39 1 747
87 80 183
73 91 192
85 92 1903
57 39 1656
63 23 1053
59 12 1922
5 78 941
28 1 732
37 15 1997
40 11 1423
64 33 2387
44 84 2489
68 86 637
50 45 1647
90 3 512
88 92 146
77 17 2507
20 35 2512
66 2 1960
95 7 1272
74 97 952
79 91 1466
63 9 2481
54 17 1707
4 68 1548
21 57 834
73 9 2351
65 66 1517
30 31 1821
42 80 196
95 58 133
47 30 407
71 38 1278
13 74 2519
81 14 1888
73 72 2164
13 65 433
59 51 938
75 43 1101
29 98 1976
16 27 307
68 83 2255
77 41 943
57 90 1271
52 88 1315
80 18 101
38 72 959
79 40 1252
83 86 2196
64 16 183
14 56 168
52 53 1509
73 57 1454
11 40 1097
10 45 832
13 51 789
78 28 1077
78 8 2336
62 70 1687
71 95 411
37 81 1994
63 37 480
79 55 1704
52 58 1106
70 6 2239
66 16 604
9 97 1423
48 40 1313
49 29 1287
32 78 816
66 80 1298
50 71 1880
76 19 345
56 64 554
84 56 1741
95 80 1947
97 55 1124
69 88 1092
72 81 1582
28 7 1761
20 81 1469
77 83 1039
31 8 627
22 78 747
34 71 1569
41 74 1456
77 68 1962
67 54 1124
43 31 472
0 49 2321
31 91 745
57 66 2112
83 71 439
98 6 1040
5 49 1126
46 38 1217
57 3 197
55 28 1997
78 64 975
86 26 283
1 54 822
56 48 1519
59 19 2063
33 22 107
6 44 114
65 32 1747
96 79 959
23 52 119
61 48 902
21 80 2086
36 43 576
79 42 532
32 3 1325
83 39 357
82 57 2281
12 39 2112
60 23 1013
12 93 136
28 21 1926
26 30 2484
91 19 346
62 76 1179
0 89 51
24 63 1991
2 19 685
21 0 1500
38 55 1033
46 7 883
90 27 2327
12 7 711
7 88 2457
79 33 239
43 21 213
9 73 1782
43 14 133
31 23 923
20 65 874
6 12 1005
59 58 627
30 83 170
80 63 607
54 16 1795
24 78 2379
18 66 2426
20 13 2231
32 70 1265
49 0 1671
4 35 2250
98 57 1159
88 12 1181
92 11 470
50 18 940
42 72 1169
48 74 2243
3 73 662
4 87 1460
70 23 1902
38 27 399
32 0 276
27 61 1095
45 72 1572
50 40 1813
21 81 1020
26 86 1270
51 50 713
82 61 707
17 15 1937
84 77 1805
87 71 2139
9 40 1595
19 37 1663
48 24 1169
4 65 1116
60 58 1521
35 96 485
14 95 46
40 30 1721
78 19 111
84 88 666
91 54 937
7 84 31
1 57 894
80 84 1490
1 13 746
42 26 2460
1 88 624
23 35 1497
33 15 969
3 44 463
40 4 312
41 85 510
14 46 1734
50 33 1689
75 38 2378
29 26 648
62 9 1269
98 69 6
96 71 266
46 96 1794
0 31 2116
33 12 1326
73 63 894
55 65 1006
48 57 1073
90 16 610
98 9 993
59 66 1212
31 97 1733
58 98 264
29 32 2490
66 31 435
85 6 2249
91 96 4
16 36 1091
43 37 256
54 47 360
4 90 1015
5 56 2228
75 34 483
46 97 1615
72 3 144
96 59 1147
61 40 1163
13 70 1851
82 77 2268
64 88 884
23 61 1419
42 66 2385
38 67 1520
24 33 871
57 91 1218
69 15 1162
50 35 801
42 46 140
42 96 33
85 81 758
84 76 988
39 58 1174
1 80 1550
12 89 2335
9 84 1889
6 76 1801
5 30 1795
20 12 1474
90 83 1446
75 21 1534
29 41 1603
88 8 2488
18 57 170
41 44 200
62 97 2259
42 48 302
23 70 2420
90 81 1543
30 69 2054
74 79 1740
87 67 2354
36 6 1016
61 94 1666
90 80 2274
4 15 332
8 97 58
17 50 277
44 42 617
42 91 1836
56 86 374
43 19 2211
0 28 36
84 26 2404
10 75 2184
65 98 1625
92 5 1479
60 35 138
54 35 312
24 31 2278
36 10 1883
78 50 1808
60 37 134
19 98 1927
61 73 855
9 23 483
61 50 1650
58 28 638
50 85 1937
96 26 1492
72 44 482
87 81 1559
9 54 1788
98 27 1474
4 39 55
28 97 1648
96 52 1054
53 16 717
50 38 1403
64 62 1544
40 83 1282
61 37 229
48 7 1993
62 93 826
58 84 1310
59 87 1085
31 28 2284
57 28 537
23 64 1761
87 50 2370
38 96 2441
8 50 1359
6 7 1580
88 43 780
51 91 1103
93 7 2073
68 1 1043
41 17 254
66 29 1872
9 87 1178
21 75 120
35 15 1409
91 40 308
85 23 2461
37 51 2122
26 75 914
7 94 2014
60 10 1943
93 21 2478
60 22 1262
43 8 104
49 50 1805
47 60 33
3 89 304
68 26 2046
4 13 2317
49 94 2179
38 46 2118
66 52 374
64 44 2036
31 54 2027
35 45 827
53 2 455
51 10 1250
40 42 2376
24 40 601
18 49 2480
60 59 729
62 69 1403
59 60 1488
68 74 1954
29 58 1662
68 51 241
84 62 618
17 46 680
9 16 1909
85 0 1822
30 54 749
24 74 1692
98 22 923
58 48 1244
13 75 236
72 5 2406
76 79 1759
28 64 2367
9 83 576
75 10 1558
49 87 1049
56 12 1212
21 59 712
78 37 458
52 47 2068
78 38 2358
88 5 2061
83 61 2240
1 20 995
21 38 1428
40 81 1070
57 62 1358
49 70 1628
93 11 784
87 35 48
8 22 1135
12 79 375
86 77 170
57 34 2225
23 78 1507
30 35 2413
16 70 2002
91 83 2275
26 78 240
72 58 1044
41 27 204
52 29 297
40 47 1905
41 21 1751
40 62 1265
20 8 2382
34 2 2441
0 70 1713
10 61 509
67 82 951
73 5 951
51 62 564
28 39 2134
87 66 334
1 40 1176
54 92 1296
69 94 505
49 59 2436
52 1 2450
77 15 969
59 82 369
34 7 1086
44 69 761
55 43 1845
57 27 2010
56 59 1101
44 61 927
58 26 275
56 79 2009
70 21 1184
7 21 542
47 94 1887
55 54 338
36 79 187
77 53 2239
4 24 1957
10 49 2147
9 69 1798
97 17 1966
87 47 2377
60 50 1657
19 55 388
71 92 547
3 33 1434
6 48 1100
55 62 664
26 94 1601
65 68 1506
48 89 1213
15 74 1945
94 40 1038
85 12 702
43 2 650
62 75 2359
47 37 1629
37 38 1612
18 11 503
41 81 856
42 94 1918
72 46 1413
11 30 799
62 51 850
2 74 172
90 13 1653
6 59 491
62 13 1681
31 51 2499
34 83 1914
9 61 1597
2 46 879
37 97 496
22 74 2267
72 70 2019
24 48 2040
90 98 1674
0 42 1489
53 69 1471
4 1 657
46 88 1842
0 76 2089
77 37 1981
42 92 274
44 39 1181
15 60 1668
18 34 1081
37 93 1448
78 67 1755
50 39 1378
24 52 1083
66 42 1671
3 42 157
49 86 1002
76 56 2187
30 15 1264
5 37 17
14 8 2026
28 98 1361
27 32 1907
40 68 2328
59 89 2134
64 57 207
29 34 1422
76 31 865
64 0 761
4 88 1015
1 5 2455
47 42 2104
17 97 857
54 42 2429
73 19 2475
54 18 400
17 34 1267
60 83 1751
57 78 2219
41 26 2152
88 86 1265
88 98 95
56 17 1274
16 94 1674
57 74 1630
35 49 2026
46 51 1123
15 62 2517
32 79 1937
36 61 781
77 43 596
90 94 118
54 76 1558
73 55 1825
29 90 673
7 44 2479
9 42 219
40 16 1636
58 85 1390
74 31 1063
31 71 2122
71 6 920
35 58 1067
86 35 256
59 77 1368
98 1 742
63 28 1407
29 31 2386
22 98 1409
65 26 280
54 78 1788
39 73 1996
23 39 484
74 75 916
16 8 2417
20 46 829
26 44 2411
30 0 1181
81 93 398
55 30 2255
1 60 1917
82 16 797
70 16 1313
29 9 124
4 93 2509
31 17 1696
67 88 634
35 0 1238
89 77 385
61 75 1676
72 87 374
4 56 1819
68 35 409
78 56 1106
7 57 2131
80 81 1571
85 7 440
45 39 2215
41 60 1263
16 95 2015
91 59 948
79 64 1400
67 0 2384
24 80 787
21 44 294
76 95 238
77 9 2452
13 18 2037
49 46 1878
64 10 2177
81 78 1951
32 30 1214
46 22 2320
73 66 1329
93 47 1666
0 3 1168
95 34 652
37 41 669
41 63 1163
70 67 2442
66 62 787
63 49 1510
27 60 810
11 19 812
37 71 207
87 72 1315
80 7 1580
97 61 729
37 77 1225
68 46 1718
12 0 2324
91 71 1746
6 33 593
82 72 1423
71 67 424
21 82 1223
97 48 1632
5 44 1055
0 66 1993
84 7 1997
57 36 2182
13 86 567
63 19 798
66 83 496
55 19 830
26 40 1810
32 38 733
74 32 1716
29 30 1317
20 96 1737
3 0 951
7 20 1567
40 70 1313
44 46 236
54 56 2014
65 78 562
11 14 215
61 35 2031
27 17 1223
18 26 1179
57 29 2488
3 6 1296
98 86 2196
53 32 2434
8 90 1362
8 2 1486
19 20 284
97 79 60
66 22 1988
85 75 852
69 89 469
91 61 2097
56 67 176
36 81 1316
44 45 1355
62 37 823
35 55 1774
80 14 212
49 47 475
76 57 1008
55 22 2107
36 54 733
55 48 536
70 80 998
35 78 1963
71 15 2260
49 56 2176
4 97 1081
92 62 2026
29 42 1863
15 28 1185
67 40 1100
19 70 669
98 18 2125
48 14 1528
64 41 1883
36 93 1904
99 87 67
99 69 99
99 81 2
99 89 4
99 22 18
99 8 31
99 46 91
99 40 16
99 72 73
99 62 4
99 61 92
99 48 64
99 19 46
99 75 4
99 11 70
99 78 32
99 38 85
99 59 58
99 53 9
99 76 72
99 24 79
99 34 93
99 2 13
99 43 48
99 54 12
99 36 14
0 25 93
2 25 97
5 25 75
7 25 44
8 25 66
11 25 67
19 25 57
21 25 99
23 25 55
34 25 6
44 25 47
47 25 7
49 25 52
50 25 28
52 25 29
56 25 57
59 25 80
61 25 75
63 25 85
72 25 99
73 25 14
88 25 83
90 25 63
97 25 79
