29
23
5 11 74
35 39 13
13 12 486
39 17 417
5 31 473
11 9 264
11 7 215
16 0 38
11 10 15
28 3 141
4 17 402
6 20 466
2 35 333
16 26 161
4 12 493
22 26 64
31 6 528
2 14 12
27 2 281
37 12 210
14 12 267
28 9 105
15 8 56
39 7 416
2 30 106
14 2 144
34 9 314
3 24 7
2 21 564
15 2 540
10 34 473
8 3 512
36 17 520
34 33 313
30 3 51
3 39 14
5 24 355
33 9 525
15 25 64
13 6 398
34 36 232
33 35 373
34 30 474
11 39 226
8 36 325
14 33 297
9 8 410
38 35 562
26 3 358
34 13 18
12 7 137
20 1 107
25 19 230
19 3 450
34 22 252
1 14 260
3 38 92
20 32 110
15 28 468
16 37 473
5 7 219
19 21 149
18 2 461
33 2 55
21 13 41
8 17 80
4 36 181
32 18 403
31 28 171
2 9 0
36 4 330
6 1 169
8 4 270
4 27 118
8 1 358
25 35 19
26 33 0
1 4 379
26 0 544
4 22 357
39 6 511
5 21 198
8 13 325
27 6 314
12 39 554
3 26 206
6 25 159
39 38 65
19 17 502
22 0 453
25 14 171
35 7 468
38 0 27
13 9 221
13 24 176
35 15 281
37 38 287
17 4 299
5 37 541
15 35 206
20 3 359
3 22 506
37 22 211
3 16 457
32 30 496
15 24 335
38 25 348
38 39 248
30 27 533
1 7 216
24 17 229
25 28 444
35 30 182
21 24 35
10 1 444
35 2 43
3 18 486
6 8 468
37 0 481
32 21 515
28 1 298
32 39 269
7 34 51
17 3 465
6 31 0
6 11 355
12 26 485
39 10 53
9 25 383
13 28 65
33 38 487
8 32 277
38 22 3
21 20 11
1 9 286
28 14 58
30 7 167
13 31 203
19 28 132
1 33 162
31 25 194
25 21 472
12 16 42
5 28 42
21 18 481
13 16 324
36 30 181
35 34 87
17 19 396
25 4 69
16 34 175
10 17 529
17 32 104
13 19 219
13 20 426
39 19 550
21 34 374
3 6 329
6 30 274
25 0 338
7 13 289
17 34 558
12 8 337
27 3 182
36 19 157
12 30 26
36 11 138
15 30 516
4 21 531
21 8 91
37 16 332
22 37 436
14 37 555
14 39 151
8 7 154
38 2 176
31 38 246
28 39 524
38 4 98
37 2 463
15 17 324
7 19 289
11 13 450
3 11 567
35 14 531
24 6 152
33 17 276
14 20 134
8 20 476
33 15 223
3 35 231
2 1 40
34 10 529
14 27 514
26 15 456
26 35 153
25 17 570
15 1 548
28 33 118
7 35 224
18 32 352
6 37 223
5 6 515
37 5 137
30 26 396
3 17 450
3 15 160
14 9 47
14 8 38
19 35 470
33 22 313
0 21 353
16 14 428
26 7 153
6 26 440
34 26 226
14 36 114
12 32 367
16 10 387
32 8 441
32 9 504
11 25 41
15 39 77
27 33 475
38 10 524
4 31 226
16 5 451
1 17 435
0 20 152
10 30 348
19 2 209
8 28 113
38 28 177
31 14 522
31 21 258
36 27 323
3 7 306
34 7 454
1 2 304
37 15 307
30 9 539
38 18 369
31 12 310
0 11 481
24 30 161
36 35 450
12 33 282
5 18 139
21 22 168
28 17 490
26 25 135
0 34 324
25 3 471
21 31 276
19 38 97
26 37 426
4 16 45
12 38 428
14 22 518
19 30 208
37 25 484
20 14 120
38 5 540
21 12 49
4 9 423
25 6 205
22 27 410
18 1 362
26 36 547
1 32 83
15 38 483
8 25 378
36 21 109
26 16 87
27 14 458
9 5 498
7 33 550
36 7 35
17 27 98
38 19 10
18 27 153
34 18 103
37 33 183
7 17 28
34 2 109
18 5 374
22 32 444
34 28 199
35 6 236
28 34 134
1 30 568
11 30 106
39 27 297
24 33 482
11 31 1
18 34 319
34 14 39
3 2 165
15 5 382
10 24 494
11 22 231
32 31 116
8 6 402
9 21 533
30 11 553
34 12 99
0 13 382
37 30 161
30 15 21
0 30 162
38 34 108
30 13 557
7 22 523
21 15 392
11 17 472
11 20 410
24 27 374
0 8 356
21 1 58
0 22 234
39 3 222
10 27 344
13 7 102
20 26 403
18 16 446
26 11 356
4 28 386
39 25 421
28 31 181
17 1 436
35 8 158
17 20 128
35 38 371
14 11 131
21 27 244
19 37 225
39 16 525
26 38 567
9 3 186
0 24 569
4 38 201
1 35 501
35 3 378
37 6 554
24 39 282
12 25 161
25 10 55
38 16 103
16 39 84
14 38 66
22 25 331
31 1 449
30 24 279
4 24 288
6 13 58
22 9 66
8 31 271
10 28 164
13 30 320
18 30 550
13 32 264
6 34 192
6 0 409
39 34 134
5 30 320
13 33 171
17 9 49
36 39 567
20 25 148
22 6 164
18 31 231
9 2 475
6 7 353
13 34 114
31 39 434
4 5 136
2 36 125
9 1 4
20 16 292
28 16 21
33 14 239
39 5 189
16 17 361
9 33 573
36 32 329
24 2 187
3 19 481
13 14 458
0 3 70
36 38 227
17 28 155
6 32 519
31 13 404
35 16 367
15 4 545
35 37 222
17 35 505
10 4 561
5 25 97
7 12 571
28 5 98
26 10 472
21 0 45
33 34 102
16 3 252
1 37 521
39 8 37
37 17 447
6 28 331
20 28 540
32 14 62
5 22 86
11 0 200
26 27 274
2 15 173
33 6 530
25 27 412
26 6 519
34 38 491
21 9 482
34 4 77
20 7 106
28 20 290
39 24 468
28 2 82
8 21 290
22 11 238
5 39 405
10 20 232
24 15 399
1 34 297
10 35 27
17 10 151
39 4 568
25 33 323
22 14 474
8 33 415
31 11 78
13 17 113
12 27 278
13 2 489
28 22 187
20 5 481
7 14 73
16 18 201
37 7 346
21 17 551
0 28 391
32 22 159
28 19 57
26 9 416
12 34 426
39 15 398
1 19 323
17 25 553
2 38 194
12 5 287
0 16 239
9 30 439
24 36 180
8 16 552
17 15 497
21 25 284
16 36 443
36 5 546
17 8 150
16 28 281
24 9 168
5 17 29
15 3 320
36 25 213
3 37 552
37 39 210
16 8 359
1 13 556
35 36 112
2 31 126
5 33 300
35 25 289
16 11 75
36 26 342
17 6 520
27 36 238
24 28 249
36 15 472
6 39 244
39 20 496
8 27 114
12 4 378
0 4 56
22 3 356
9 10 454
7 9 426
10 31 224
30 38 81
25 31 548
38 37 12
6 4 53
27 15 114
2 24 292
20 6 192
34 20 481
24 19 45
33 21 81
39 26 113
7 5 124
0 33 364
30 19 441
24 3 340
6 38 165
4 13 297
35 0 427
32 20 152
1 8 98
29 7 2
29 34 16
29 27 16
29 8 15
29 2 12
29 32 36
29 20 38
29 13 6
29 33 27
29 38 14
29 25 1
29 3 37
29 9 32
29 14 34
29 24 38
29 16 18
29 28 38
29 39 9
29 26 6
29 10 5
0 23 6
1 23 32
7 23 12
9 23 39
10 23 24
11 23 8
13 23 32
25 23 38
26 23 15
28 23 15
38 23 8
