159
155
145 124 1317
48 96 4346
125 178 606
112 85 964
2 39 4181
89 123 939
182 16 3200
54 112 3343
134 91 3077
102 94 5568
178 59 1382
111 136 5056
130 56 816
37 142 2966
104 149 5872
181 195 2592
185 80 1139
181 64 5747
167 63 5051
194 66 794
104 100 2240
114 41 2
166 84 3480
56 141 4231
1 38 1234
169 15 2820
104 56 5324
28 184 2462
188 171 1517
168 101 1356
77 123 5050
38 121 761
160 20 5196
52 102 4371
81 66 1677
76 170 5105
184 190 950
112 158 5648
16 93 3415
96 37 4747
60 127 2887
101 185 1745
101 34 3674
119 127 5562
177 146 5609
173 199 717
189 190 5485
3 95 5891
136 139 3081
121 62 24
118 161 3002
70 35 5832
36 101 4951
41 0 5953
27 15 59
59 11 2607
17 45 4026
168 33 4680
199 29 3360
168 183 1088
33 56 280
65 119 2742
8 128 4226
148 8 4248
145 164 3651
181 113 1611
70 55 2655
65 24 2313
123 187 5756
145 173 791
178 158 820
101 74 1665
68 151 1718
56 2 3370
148 162 5588
2 189 5934
193 66 2710
90 61 5428
130 51 2995
45 32 619
80 41 3190
38 68 3234
127 60 4822
117 46 784
5 194 580
121 72 3582
95 196 3603
8 100 4644
167 182 2034
179 116 5887
190 68 2304
56 100 2623
136 163 1882
144 97 3880
186 136 3728
116 98 5343
114 86 4745
169 66 2626
62 100 447
90 123 4808
163 177 3368
165 98 2866
14 164 647
68 72 3514
53 104 3182
55 79 698
37 196 2478
183 192 414
169 197 3478
46 35 313
101 192 2288
189 8 2287
58 85 3852
148 46 1057
1 51 5464
56 20 5588
145 40 4607
65 118 166
36 82 5030
114 71 1785
15 158 2018
172 96 5129
193 143 4398
13 121 3707
43 171 2421
137 128 2132
40 184 3831
50 73 3163
95 16 1942
188 21 2130
65 95 1571
26 13 4824
193 82 2221
69 68 5784
53 135 3243
5 47 2083
135 169 3147
89 128 1763
133 151 787
139 5 3567
47 19 4004
176 136 3470
141 23 211
196 194 717
90 84 1499
3 148 807
133 129 5468
51 13 5303
115 31 1388
157 104 4406
93 128 643
160 180 2848
75 58 113
164 35 5820
117 167 5677
113 98 2785
17 2 2865
35 25 1945
182 190 1507
90 104 1326
168 50 5372
134 158 2900
31 101 3221
6 84 2843
117 78 3174
35 178 4284
144 148 2443
65 160 2083
16 141 3597
198 56 4725
93 10 1120
68 149 5490
145 199 3700
180 100 4724
30 59 3270
41 108 1189
130 188 4353
109 66 398
14 77 2778
82 41 315
151 84 2478
19 108 5685
127 131 3936
147 50 5052
32 35 5603
94 57 2636
90 14 5891
150 118 1651
88 183 4654
135 85 5413
103 36 3845
5 169 2649
128 127 6019
101 195 2224
141 16 4719
125 121 1963
188 34 4565
109 137 5866
67 22 831
191 169 3271
101 47 3382
95 36 3195
35 120 4044
126 74 3497
17 74 2869
61 122 5390
88 65 5879
104 51 4618
51 50 4123
132 177 2581
16 136 5127
78 4 3785
18 99 2866
163 166 3242
146 185 917
84 59 3126
198 118 756
76 121 4038
84 172 5245
196 137 672
123 75 821
40 167 655
54 68 2276
186 81 3948
39 143 2958
194 82 4018
71 36 5344
81 44 5410
15 42 811
103 55 955
87 116 2826
66 157 2484
30 171 2180
47 105 1381
177 94 4078
191 19 3914
114 44 593
39 125 4157
40 101 4445
88 23 3929
11 115 4643
11 162 1652
70 78 2847
63 33 5020
8 188 1230
21 151 2100
7 22 4450
170 1 4460
47 65 5692
161 107 2004
12 189 610
138 61 1430
135 37 2050
162 65 1926
29 86 2413
93 162 3604
39 182 5524
126 51 5755
19 123 5835
79 172 4670
21 47 5921
118 33 5540
64 175 2230
127 34 2841
161 44 1713
44 168 472
39 58 4461
114 136 5575
113 195 3630
37 38 1003
51 129 4822
186 144 2400
109 172 3614
30 54 4024
50 83 2906
170 78 248
132 4 967
192 197 2963
17 170 2478
130 53 2389
188 149 5640
116 197 5907
29 144 3334
82 139 5310
173 12 363
146 148 5036
196 13 73
27 45 4179
116 72 2273
142 28 2790
52 75 5588
106 150 4653
96 91 1451
56 128 3740
137 37 3846
86 187 5126
36 111 5765
197 97 911
144 196 3238
81 168 5919
47 150 5846
111 188 4653
40 69 4522
36 27 5705
101 82 317
158 44 3038
134 15 2328
100 65 3748
55 92 1750
173 65 3620
50 67 544
8 66 956
137 79 1717
146 58 2166
179 20 737
100 98 1697
55 74 3493
36 186 1992
46 170 2966
9 68 4593
113 75 4944
65 193 666
13 99 1725
14 183 1707
108 61 5024
49 58 1832
10 145 2436
141 131 1616
151 86 3003
15 110 5231
131 96 5371
130 128 75
22 164 5978
7 135 5377
0 152 4030
182 141 2354
141 188 1532
60 58 1649
1 27 3158
139 199 3131
196 126 2143
105 44 5088
100 32 2111
179 153 3848
19 186 825
102 105 2203
133 76 2902
162 62 2138
154 46 4839
35 15 1747
75 116 5291
59 6 690
7 139 1184
89 29 1899
32 20 4852
80 27 4765
189 77 1191
140 77 1914
154 57 1281
3 125 2600
104 191 3649
24 53 5395
171 190 2938
61 70 4217
31 59 5871
28 35 4250
27 181 5769
66 42 1594
163 37 1455
172 18 1377
26 78 5576
177 56 5040
127 143 2046
100 20 5187
190 88 1491
186 150 4542
191 21 5018
8 71 4114
26 164 1178
66 93 4060
44 167 2357
47 35 5304
174 41 3272
21 62 2376
188 63 4511
137 148 4452
135 152 4300
132 5 4900
158 171 4442
37 189 5087
65 9 1745
39 137 3943
57 103 127
135 58 3523
30 60 2621
194 58 899
168 115 2595
91 186 6011
152 27 138
93 179 5168
43 135 4985
122 170 295
167 84 4985
9 43 3649
84 85 5705
173 40 3165
46 72 3278
162 120 2742
103 142 1129
30 183 2015
31 144 30
172 15 2315
4 21 3610
188 157 1070
76 8 330
181 158 2393
33 158 718
44 131 213
180 115 1470
71 80 2607
110 54 896
196 180 5228
145 99 5215
97 165 492
15 0 4939
165 183 890
116 40 4494
37 96 5671
152 51 691
117 13 5999
71 163 2487
96 176 4292
167 195 288
125 10 4817
198 160 4177
54 5 1419
105 166 867
135 39 1238
50 188 3511
28 32 3406
42 140 2030
34 16 439
104 78 4622
100 30 291
43 149 1267
133 141 3805
152 26 5756
71 6 3476
94 148 4445
92 21 2566
172 99 3693
177 181 2837
166 87 2826
139 168 3875
166 167 1853
145 10 1556
143 138 2876
196 127 5268
43 157 4556
33 94 5156
25 98 3540
140 187 1323
192 59 2627
115 152 1675
43 55 3140
89 163 4084
7 177 2982
51 197 3788
103 177 278
144 63 367
161 132 2580
25 172 5934
185 96 3530
5 30 4139
165 157 1770
78 24 3560
93 163 5317
53 165 783
144 112 1832
84 167 3546
47 53 5530
89 23 5543
185 57 4418
13 115 4953
121 130 1308
195 35 2445
142 191 2530
101 169 2849
178 34 1727
11 122 4852
17 140 423
86 49 2079
57 19 3411
121 24 3087
43 131 5199
148 167 240
125 29 3265
15 91 5167
0 48 944
88 31 2853
20 87 3563
166 195 2023
98 100 4041
37 133 5742
133 96 4201
133 72 28
104 188 2102
180 18 3842
12 5 3914
66 151 1795
42 38 5862
10 53 4293
110 24 1163
136 81 614
168 143 5515
27 164 2300
85 153 271
21 166 1623
183 148 4852
197 50 85
166 31 4166
87 119 5378
147 67 5387
22 45 1137
28 53 1793
78 21 2788
9 59 1951
140 84 4338
120 94 3127
101 191 2025
162 92 1414
83 94 5463
4 57 4462
18 48 4025
2 28 5652
26 61 3669
113 141 5315
16 12 5470
19 66 958
144 34 4997
142 151 547
75 11 4598
171 182 825
68 77 537
75 34 3070
195 194 595
55 98 2888
16 142 895
65 141 3460
106 4 5693
170 131 3776
62 117 29
150 61 4147
143 59 3460
46 22 4541
56 40 3852
135 27 5722
8 110 1466
105 189 2832
77 105 1475
59 3 2364
166 129 1702
131 174 1540
6 147 1391
116 8 784
195 108 4771
152 147 3612
32 98 4435
1 181 1421
9 154 123
154 164 1013
161 25 2316
87 24 298
157 83 1407
42 8 2393
171 58 3390
29 25 2565
102 186 1243
80 31 4658
108 128 951
52 30 698
121 32 2672
183 30 3418
141 80 5514
129 79 4289
81 92 4223
68 84 2144
117 175 4929
79 154 5222
121 157 748
116 144 1618
123 65 4609
168 14 3031
88 132 816
157 52 4003
99 102 5061
181 76 1928
0 53 1835
98 16 473
110 127 5939
27 74 383
82 29 1867
91 16 3272
149 42 5131
73 171 4520
78 56 2987
122 89 988
78 122 894
127 21 3977
24 56 4152
133 87 2693
161 148 5808
80 46 4054
143 69 3377
152 11 122
73 148 849
59 87 2255
23 18 5795
122 81 904
148 186 5891
138 134 1883
19 95 3902
28 22 2194
77 90 5474
66 7 202
2 182 2421
87 25 146
32 172 3566
188 87 5338
184 197 3273
156 53 5838
45 79 2669
150 151 1672
143 76 5250
21 192 1812
54 104 4665
105 72 5441
192 30 2626
60 31 2530
77 34 179
35 140 203
149 151 5392
98 50 5968
27 154 1920
106 182 2472
106 185 2411
191 122 2761
54 48 4218
27 198 3874
179 96 2635
41 102 24
29 140 2278
99 128 230
164 86 3405
144 47 5992
81 133 3526
128 40 4965
63 16 3048
186 178 3832
29 64 4943
95 62 1007
14 149 2462
169 72 885
10 186 300
123 108 5707
115 2 4513
172 143 4856
184 102 5725
66 117 3681
157 94 5802
161 144 3432
65 186 4501
50 85 2200
87 156 5472
80 178 3324
118 67 4436
91 77 6028
2 140 1570
16 158 5259
189 80 1286
102 36 4013
69 17 3864
123 33 4152
25 189 3489
169 10 5002
11 62 2987
115 54 4566
187 16 2580
83 108 2284
183 115 1387
136 191 2716
49 110 1442
160 185 5967
79 84 2906
128 69 1722
174 92 5942
199 125 1670
12 100 5064
7 186 4701
74 142 2028
89 111 4351
6 187 5044
22 104 5358
3 115 2209
20 186 4300
103 54 590
77 88 1537
153 58 4227
50 66 1507
198 196 2354
122 35 5112
113 86 5688
113 3 2250
187 90 4318
125 101 3628
106 20 3709
29 95 1465
106 3 4165
3 30 5341
34 194 461
172 119 2115
199 113 3950
157 130 45
18 178 1003
169 18 2480
60 162 5773
63 160 3493
86 94 5674
6 113 4803
132 59 4305
27 98 4569
143 172 3308
92 90 5344
166 36 3833
168 30 3251
171 46 4482
192 101 5635
192 40 5299
3 147 2300
71 30 5195
100 103 878
161 99 4099
55 60 1838
58 17 797
189 194 3891
18 113 4053
180 193 1056
173 34 771
160 103 5026
69 156 6024
58 122 4386
188 133 5078
119 31 1883
86 181 5911
149 136 4737
3 78 5567
73 49 1759
18 168 272
102 34 4370
52 67 1741
163 130 1512
68 157 4609
128 198 5397
126 187 2383
182 37 4970
63 168 4124
154 15 4249
107 10 3191
81 86 4525
45 91 4301
4 27 5893
85 51 2917
110 78 5586
139 152 3689
183 7 3878
140 169 2605
103 109 5195
16 98 3656
90 196 1597
198 106 1498
47 82 2493
172 100 204
12 22 3853
161 171 2822
136 181 4204
184 116 4773
58 128 1885
129 148 3854
134 145 2196
140 152 2610
38 24 4673
89 68 4118
132 62 1230
168 38 2116
128 13 2208
118 111 1333
88 63 5926
98 120 4837
72 148 4099
156 125 2103
26 181 362
118 8 3099
41 125 5611
34 104 2193
100 147 4373
52 2 4221
22 125 2892
139 127 5886
103 29 1551
189 13 2035
134 44 859
185 65 3493
191 50 2910
57 48 5812
177 158 3412
47 124 4854
0 54 1373
137 99 4628
13 117 513
51 194 3572
92 88 1504
95 146 1775
110 180 2639
86 2 2601
190 47 1948
194 92 4112
161 109 5457
154 189 5840
49 24 639
24 144 666
85 101 1792
74 38 4773
112 17 358
96 117 4644
133 173 4506
20 24 3939
65 169 406
51 35 4435
168 135 5917
133 32 679
28 152 3504
103 45 1624
74 192 5439
183 119 512
70 167 4142
168 129 383
41 126 5444
150 129 5159
8 179 4041
169 20 4173
71 141 2350
58 94 2971
151 41 503
63 117 2142
195 42 743
76 94 5871
106 153 2763
21 177 1105
49 197 568
81 153 4463
125 97 5834
20 25 4535
90 49 3014
167 122 5024
163 96 2846
3 156 5201
127 194 4
128 15 2622
148 62 3825
96 89 2258
64 127 2551
179 44 3876
117 3 3628
7 158 1155
127 192 5653
22 96 333
113 190 1273
79 74 2526
7 47 3770
39 24 4036
82 68 2159
64 55 3233
119 34 1482
117 54 1756
91 133 3987
114 171 277
182 162 3383
178 68 4851
121 97 4474
7 153 5195
78 174 2316
157 131 3022
125 165 986
78 26 297
114 115 5703
148 111 2270
94 1 4496
102 178 3102
172 123 1280
179 101 5922
38 2 4613
122 19 1306
103 175 2856
22 199 3135
107 54 2862
3 179 1461
33 174 3823
119 64 320
61 148 593
114 179 2415
148 12 1724
109 48 5928
50 35 3940
194 111 4212
173 148 1271
1 166 5931
42 9 4998
139 107 462
128 156 1184
196 36 1104
111 76 2084
126 114 2839
2 87 739
40 37 1289
149 118 5789
86 136 4876
173 176 4859
81 189 4925
184 137 1524
40 160 5081
47 103 5594
62 197 259
76 186 5170
89 194 3808
64 172 3290
197 107 3163
86 113 5063
154 27 1996
128 89 1496
88 127 445
113 34 4171
20 198 4614
0 78 785
167 24 5414
88 190 3586
167 179 257
23 117 701
45 173 3140
86 12 2816
41 81 2478
158 124 2703
180 107 1181
15 38 5200
123 11 3463
192 125 1766
10 150 3323
31 132 1148
148 191 5841
191 112 2762
64 44 5220
143 188 3291
116 50 2165
88 185 5210
91 111 2432
61 50 2624
64 26 4986
72 113 4291
59 32 5223
111 96 1824
32 169 5822
54 65 1308
31 18 740
158 59 5092
185 148 934
114 7 5393
67 135 5163
109 111 1907
142 68 1680
53 146 4012
93 193 284
63 115 3049
35 136 1678
88 170 3561
66 171 4571
112 13 1414
190 22 6006
98 40 1480
122 127 4435
92 111 1407
178 41 3579
198 172 3655
139 54 5785
11 108 2254
75 48 5115
167 192 5512
179 146 607
10 85 1748
25 194 4652
90 162 2738
12 102 3072
104 5 4355
111 183 4208
116 22 5757
175 38 5782
106 86 5477
189 78 2919
72 196 2144
174 146 3892
61 188 3558
164 28 4671
86 165 1561
99 189 4359
80 105 1206
187 10 4657
61 12 4673
14 69 4743
6 93 3638
56 131 1476
129 124 128
140 148 2442
136 97 4034
186 105 3750
115 198 5215
19 124 2863
144 91 4393
111 21 2436
60 167 3501
112 103 4946
16 94 1077
173 141 931
30 115 5842
60 187 2650
81 59 4946
120 131 2276
30 29 289
96 129 1425
38 7 1674
152 64 4797
181 80 5577
148 26 895
124 36 4669
88 108 4299
124 172 1743
72 70 356
30 84 1082
134 173 1570
56 101 1767
72 108 113
18 127 5990
68 133 4145
99 160 3576
25 60 4259
83 58 4356
142 188 3346
180 167 4419
186 85 695
116 188 4613
157 93 21
35 48 3963
67 36 1511
192 79 202
55 191 3481
65 171 3169
131 11 5774
191 193 2165
53 176 4381
0 14 640
167 80 2241
34 42 385
156 87 5701
33 145 3051
85 189 1804
134 147 613
183 19 6020
179 133 798
187 156 2795
138 129 336
51 67 1330
38 45 2331
102 38 893
22 18 2560
179 61 569
154 98 1575
78 134 1374
156 132 4072
43 198 4944
128 78 5738
35 45 2986
199 68 2151
43 138 5264
124 147 3355
197 3 1716
9 18 3718
110 62 2536
128 154 114
118 2 5517
178 152 3893
59 62 3562
192 86 5694
184 115 112
86 191 5467
133 82 5420
120 122 3865
29 91 5309
98 22 2115
197 186 2634
192 29 4961
187 170 4044
61 51 4595
63 35 5229
56 67 3875
47 60 5210
192 66 1082
82 147 1172
126 123 3043
74 12 2392
29 5 1762
143 14 1915
129 127 3365
182 178 3168
34 188 809
58 82 718
110 51 3918
73 115 660
31 175 2328
197 187 5890
129 24 1468
27 53 2670
66 129 5435
103 121 4919
180 158 6012
158 101 800
174 20 560
62 86 5008
196 27 2943
53 89 1482
80 139 987
103 65 4603
64 130 2251
41 58 4172
179 3 2214
131 79 900
94 31 3388
30 67 729
131 166 2845
63 45 4195
41 30 135
123 68 1936
47 21 1362
101 148 3873
117 15 4636
53 105 746
78 58 712
78 20 2136
112 25 4978
73 149 2792
24 41 3786
154 101 2356
50 152 3585
138 75 4983
8 76 1546
96 79 1349
85 29 4575
133 22 3314
81 36 295
177 30 2076
102 135 1031
184 163 1198
76 157 474
192 39 4855
110 174 518
44 101 2262
138 45 663
187 115 3947
98 139 3876
162 12 5166
125 104 5910
70 102 56
54 186 602
171 116 337
105 81 2981
154 135 1015
160 60 2128
79 69 2809
181 8 5718
111 128 1028
107 99 5605
189 116 1398
171 165 1548
146 82 384
95 22 1805
153 23 435
127 135 3618
21 50 1383
138 100 4337
141 55 3085
133 163 4614
173 74 5490
195 50 3869
74 118 3782
43 49 944
47 40 3398
177 147 1270
80 117 4674
169 56 1992
168 55 3278
3 128 5222
147 100 5621
132 54 2688
193 52 4992
51 61 4155
182 137 1828
105 174 3834
73 69 3724
42 64 3850
158 48 1232
107 194 2105
70 29 5152
162 40 3222
192 103 5297
185 169 5377
92 191 4793
27 163 1856
32 67 3984
29 136 3485
0 20 25
143 45 4538
51 78 3845
52 88 3031
38 63 2883
47 1 81
80 196 2190
140 164 1654
15 94 4707
2 131 2221
27 9 1562
38 125 761
107 26 428
196 25 3956
186 166 1354
133 83 4605
180 39 455
156 161 5825
135 142 687
114 34 5454
105 176 2234
157 51 2673
63 146 2508
161 13 3251
42 96 5868
69 138 3118
3 88 2756
38 86 1064
45 180 4900
58 171 880
86 188 1925
94 29 5129
136 69 959
21 17 3367
128 173 653
84 53 786
173 45 5744
116 73 3529
138 164 6009
82 186 2843
107 29 4334
8 148 4002
146 183 5594
41 117 2726
185 59 805
168 86 420
50 12 4355
5 196 4901
51 184 1673
196 32 1004
51 110 3265
128 116 2903
112 143 2963
138 0 1362
74 178 5692
154 165 5871
51 122 1295
4 189 3986
3 164 5911
97 2 490
196 56 3143
142 127 3648
133 15 3813
180 129 4560
49 184 2847
100 105 5069
185 187 5895
30 126 4846
110 59 2711
176 44 5800
150 121 1715
56 76 667
65 188 4457
122 131 4044
97 153 5848
97 145 2201
147 13 5695
140 78 4101
58 1 3044
4 77 1380
189 136 5948
44 96 130
184 162 4831
194 120 1007
86 117 5865
93 91 524
164 40 890
27 132 345
194 39 1050
99 73 418
154 94 3800
189 22 2352
4 42 5803
77 143 611
60 182 263
6 18 3127
99 69 4363
90 58 3410
186 49 5197
63 49 2822
177 43 3651
56 14 191
124 55 5583
153 15 589
29 165 5595
56 24 4653
54 76 4118
117 137 4804
175 150 5156
149 16 5933
157 46 5816
156 78 4720
44 37 2282
82 160 4880
190 51 4266
134 197 5127
173 20 476
184 154 1141
5 85 5912
138 55 1137
98 152 5491
110 199 3040
2 127 805
184 180 3097
42 176 3586
153 52 5997
5 88 1049
108 31 1769
119 40 4632
59 181 3210
189 184 4157
172 132 3731
178 62 2375
68 122 2834
50 138 4622
166 164 5625
26 20 5499
63 156 2153
138 193 1943
196 103 2295
35 62 1412
55 139 3068
157 144 5646
125 171 4975
171 125 2808
192 144 212
68 173 2433
42 177 3504
110 175 1475
98 145 2924
95 116 1796
91 175 5597
99 54 1722
106 27 4660
81 58 1211
29 176 3033
144 27 744
147 199 117
138 109 2509
178 135 548
141 89 4673
120 167 4051
93 51 1921
68 60 2570
141 18 2457
75 81 5585
61 103 2581
166 81 3286
49 35 2503
96 10 726
130 175 3007
186 174 5902
14 187 4695
126 134 2827
130 150 2286
72 89 6019
38 107 5043
91 46 1850
112 179 4022
199 8 4011
198 102 2718
176 138 3400
112 89 1615
86 125 1973
76 174 1771
146 158 5189
173 170 4888
68 38 2639
192 121 4012
34 79 4777
113 28 593
190 44 5539
120 13 1176
74 30 805
110 57 1023
40 55 4513
14 71 5662
42 40 456
68 131 5759
125 21 4581
160 97 5387
75 120 4823
8 142 2368
149 120 5989
86 177 4721
40 91 3772
49 23 4423
8 27 4087
68 120 1461
94 123 866
104 160 1769
53 178 371
131 65 4242
34 81 4013
193 129 4609
166 21 3689
137 184 953
95 88 5775
16 53 1140
50 61 3273
153 193 1594
44 60 67
172 137 1433
36 161 1346
151 112 1643
22 23 5200
48 39 3123
182 158 3362
173 120 4864
183 68 3775
119 178 1579
73 184 5693
136 138 5282
121 44 5013
6 112 3329
115 36 239
14 23 1886
76 197 172
190 19 19
26 115 3009
39 138 589
88 184 129
68 180 3049
31 135 3610
20 157 664
165 179 3243
118 60 5207
40 61 4679
156 113 2426
0 117 1077
130 177 5582
188 86 901
58 68 5389
97 118 5393
120 119 138
133 59 5476
104 68 686
143 179 49
18 136 3828
27 80 3842
67 72 4215
193 175 313
169 146 2936
178 2 4375
25 73 5011
197 137 6025
134 138 229
56 178 2271
51 112 2150
140 147 719
93 122 4743
2 151 1840
52 29 4168
109 160 5947
17 25 5771
28 188 8
16 40 4382
152 137 4683
190 2 5449
7 69 2863
8 9 1197
8 0 1689
156 10 1593
2 67 2021
25 128 2842
104 131 4458
181 78 5375
77 71 4530
4 38 2232
18 2 5207
163 181 1471
65 60 1207
145 134 3739
62 128 3188
33 177 2212
187 164 941
12 129 5590
173 152 2405
125 99 2073
88 34 1433
186 56 3568
60 145 1548
196 154 2797
27 39 5802
167 161 1847
149 61 4806
150 136 1524
149 112 1959
144 80 4998
73 60 3060
67 70 555
35 162 3066
178 186 4231
19 13 1127
72 134 3670
29 18 4365
4 181 3762
162 199 5381
134 172 1023
45 54 4132
124 53 3606
74 174 342
28 136 4443
162 33 2850
150 36 5150
9 14 2159
28 45 2355
25 57 89
79 101 13
31 169 2302
162 121 3460
99 7 71
71 62 5916
120 36 4054
172 118 2283
8 22 165
196 165 584
40 108 5873
57 190 3861
27 13 1642
66 101 5729
61 153 5370
92 82 2801
44 144 3400
175 182 5721
13 145 5676
106 30 1414
88 169 2756
10 157 2072
92 113 5809
98 164 4877
146 1 5512
89 51 1118
130 41 3901
36 148 5563
164 57 3964
160 163 6013
138 147 1445
38 143 5453
22 191 2240
108 81 289
136 17 5678
190 187 1758
129 64 5378
124 169 1234
21 186 2726
120 39 921
117 103 3001
11 68 1935
100 9 4303
122 164 3315
130 33 877
135 163 3723
174 178 910
183 188 3670
37 97 1909
168 75 4433
82 89 4090
122 166 4996
8 65 620
79 67 4961
11 13 1751
29 82 1478
71 50 3947
113 166 1883
120 88 1652
183 50 3624
193 153 2702
27 106 3534
194 150 3201
140 74 4522
102 189 1636
96 125 1801
198 167 3279
58 129 4649
183 71 3833
160 22 2375
169 12 3775
196 173 219
68 109 4601
112 33 2683
190 177 4418
197 163 1497
192 167 5639
154 104 1926
40 46 2985
191 4 381
103 66 5804
132 40 321
179 54 4104
176 132 4281
24 3 4435
176 71 5922
96 118 377
23 186 722
58 119 777
173 168 2677
157 105 2983
4 163 4179
114 198 2533
103 67 2894
167 36 121
42 195 562
24 5 4541
82 77 732
143 48 1529
32 10 4160
148 80 278
69 19 4430
162 85 710
23 134 1091
67 29 1061
86 13 3330
180 6 1458
64 174 5169
40 83 2713
188 162 1322
145 161 2407
99 35 1306
183 140 1422
106 25 290
181 169 4607
181 153 3876
23 60 5141
185 1 1614
177 150 1521
156 186 2218
122 13 2013
39 92 4531
102 12 716
104 154 5944
39 117 5701
60 135 4353
176 65 1810
146 79 2794
106 184 2840
80 65 6021
26 117 3609
64 150 3067
102 64 2809
154 25 1233
120 33 4989
111 64 5827
30 99 1599
3 68 792
81 114 3815
62 170 3283
187 197 4898
111 193 5635
20 111 3586
109 118 830
197 91 2341
193 83 3870
175 54 1849
143 106 2594
122 153 246
92 180 413
162 184 3022
173 16 5195
116 86 4118
175 145 1790
25 64 5474
23 162 3161
178 163 993
196 170 904
28 7 5451
58 191 1942
162 178 2268
86 43 4100
161 77 3120
160 18 3894
38 71 2965
58 64 4949
170 173 203
94 44 80
42 186 4635
43 56 5146
1 143 1700
189 139 5212
160 101 4243
46 93 2141
154 170 848
45 111 2892
78 15 1726
183 62 111
98 88 1254
11 82 447
22 189 5220
2 139 3537
197 114 4253
127 142 3939
69 47 3435
61 68 2086
30 2 337
195 188 3373
179 169 5878
104 163 4124
51 190 5907
35 163 572
109 170 5646
137 67 2755
71 8 518
110 48 3807
73 55 2269
164 92 2858
95 108 4552
189 67 3922
176 124 113
63 50 1972
84 142 5873
189 10 2352
181 133 2699
23 187 2865
120 71 5924
176 181 2131
7 149 3553
115 68 1188
113 145 3521
23 148 5595
140 170 5791
176 133 1174
130 70 1336
163 63 5709
47 54 1433
1 151 4054
151 95 3214
14 182 5170
93 28 4669
100 108 4317
79 60 4344
7 23 617
20 69 2184
181 69 5762
40 120 3891
145 64 3491
164 161 3807
107 160 3774
131 51 168
178 139 4617
135 74 5755
123 79 2739
102 114 4303
49 46 3066
123 172 4869
194 74 5366
60 52 3486
120 81 4344
164 6 5292
186 45 678
193 87 2659
53 13 1940
170 39 142
136 174 2237
113 149 2909
126 182 1578
73 197 932
67 8 3093
136 27 2835
8 42 4308
24 110 3207
164 148 403
148 163 1200
86 183 317
55 101 5257
100 141 272
96 131 3350
30 75 1798
0 136 1515
73 74 1533
10 55 5427
97 84 4902
167 138 2253
178 40 520
3 28 5716
160 110 570
135 3 2517
88 122 2439
183 190 76
156 167 5870
53 186 5587
170 150 5558
28 91 4284
111 19 5805
10 42 1128
177 9 4258
105 26 5549
50 107 4674
110 153 5191
31 183 2097
38 147 1418
12 138 3082
184 72 1797
109 60 4890
57 24 2766
28 195 2781
114 69 150
0 182 1259
181 67 3655
20 75 2182
56 122 3735
168 121 4652
68 158 1720
122 83 3592
120 111 2664
128 23 5333
198 146 5912
34 111 5467
28 132 1729
4 173 36
108 185 2124
165 163 2627
150 75 5493
150 185 678
151 81 4914
3 14 2169
72 182 1121
61 28 2661
70 154 4954
87 30 2498
175 63 2331
135 114 778
167 135 644
171 59 1918
38 82 2563
10 129 1518
51 161 4156
57 39 2478
47 152 2271
57 179 1078
33 167 77
65 116 5132
142 173 5504
126 154 1234
178 131 3077
115 168 410
154 197 3187
57 0 5424
62 13 567
95 125 4860
43 61 2668
89 26 565
67 174 3765
108 35 3927
183 87 1678
15 152 4950
79 108 527
7 56 3325
111 5 4969
188 100 2237
187 29 1669
30 40 3772
141 187 462
185 163 4577
70 128 5915
51 84 3989
46 189 5738
6 22 529
50 20 5147
37 103 3529
198 174 3436
111 169 1493
114 116 423
58 18 3809
54 92 4058
59 146 4413
161 163 2627
119 97 3912
185 161 5757
17 115 3621
139 76 1699
172 16 2759
170 110 2374
146 5 3490
178 118 1463
44 49 1009
115 76 5425
67 77 1983
58 187 867
150 57 759
64 92 981
3 53 5848
18 98 1617
162 192 2570
76 123 4730
174 121 5498
43 25 4596
174 9 565
124 65 2002
77 181 1185
117 90 5431
25 79 5934
143 78 567
50 4 4098
90 42 5105
93 135 1100
60 131 2866
28 98 2437
49 16 735
153 143 2487
107 157 4651
141 83 2394
63 31 2072
139 176 900
78 150 5143
198 157 1639
9 135 3116
82 176 137
52 119 3246
86 79 3325
80 138 1704
182 112 2837
71 164 4408
115 143 5980
156 68 5370
126 131 3595
142 150 3334
62 85 2732
93 23 4136
26 53 5378
12 109 2322
19 0 1057
136 134 5262
160 15 5478
148 187 487
50 136 4727
84 14 2718
188 104 4053
37 46 3459
32 78 2558
165 67 2456
142 179 1530
95 78 4723
57 181 1743
8 101 3526
183 117 4593
138 46 2576
120 51 4559
97 171 451
148 177 740
92 168 940
166 181 3279
127 17 5752
102 8 292
55 67 4593
76 104 3808
18 185 5720
102 108 1207
54 84 3062
126 170 430
65 182 3219
87 195 5301
165 150 951
195 104 5882
22 147 3114
195 30 3658
126 116 5546
157 109 330
100 56 1203
103 22 1806
158 60 5359
67 16 931
86 156 1167
11 32 4338
44 84 5330
116 68 4425
18 171 3499
112 56 2938
113 29 1500
75 31 3175
106 81 5853
66 121 5808
43 122 2910
183 178 4220
30 1 3840
186 27 2961
23 22 663
31 190 3613
46 9 3633
158 131 4536
4 170 5532
156 47 2350
163 129 1538
85 4 1674
99 153 5309
119 108 2640
9 151 1259
50 193 1673
36 163 3190
29 102 2266
11 1 5571
176 84 2955
24 158 414
47 193 4869
41 135 1986
102 29 4207
93 127 558
181 47 2679
132 135 2769
88 60 5397
5 53 4511
161 95 3653
81 135 752
70 113 1404
56 190 3069
189 137 3480
27 93 1413
124 145 4043
110 146 3636
147 142 5385
68 170 3519
77 147 4338
140 42 1153
24 129 4495
23 55 3983
15 30 735
165 113 4879
55 44 3781
129 82 5800
135 174 1659
139 125 4818
77 66 1073
6 38 4804
110 43 368
34 68 4505
68 115 1415
54 191 3642
146 188 5156
68 141 4429
119 185 5325
125 152 3674
59 128 4780
78 108 4359
131 149 5840
161 174 229
37 95 1913
166 25 4446
85 26 2533
198 47 4980
57 16 5754
109 23 4984
134 52 1069
157 185 5892
73 8 269
85 52 1274
169 35 2544
198 128 522
91 116 4407
76 164 1514
108 148 3647
197 165 5705
115 57 889
6 130 4127
64 6 578
171 64 1093
45 18 1988
48 141 3716
26 68 3555
35 160 5338
172 115 1716
187 169 1199
10 117 5540
198 150 5925
99 136 3581
64 187 2971
84 4 5122
64 73 1319
11 103 884
33 42 2174
131 164 520
76 176 2425
67 178 3443
21 173 1718
132 58 2842
177 188 5777
32 187 3388
1 29 3439
0 36 3643
28 150 3496
48 76 5173
178 32 1522
59 85 3614
18 175 3641
68 26 2391
46 139 5705
92 182 2026
194 61 945
30 22 4937
168 158 258
104 99 3291
163 79 184
92 53 5447
99 150 3885
52 150 4782
53 198 2244
95 92 1798
56 120 1539
99 148 2683
192 72 1091
31 88 123
104 98 862
90 99 4080
126 72 3154
92 134 3290
100 57 5698
122 75 128
31 44 4697
143 22 751
1 83 4207
67 98 2409
144 50 1697
107 167 5202
142 2 4926
125 170 4832
95 144 1620
33 172 1822
79 164 4113
80 54 5754
149 31 1604
24 75 3034
122 163 5891
45 170 2404
145 19 5895
134 111 5289
99 42 3925
133 181 5431
182 157 1821
5 122 2005
131 109 1993
183 55 989
67 136 1963
6 31 2162
106 19 3093
20 120 4308
6 189 6018
139 21 648
198 101 4406
160 58 4891
16 54 1862
171 50 2898
39 17 1424
161 63 5298
85 183 871
152 14 1554
141 91 3770
154 121 1311
187 123 825
111 78 4077
190 65 4634
197 72 3209
71 131 5423
46 161 4261
51 146 5626
99 114 2105
183 40 2652
94 10 4188
93 34 2159
68 117 5185
46 152 4539
137 119 1932
146 12 719
73 166 1058
68 91 746
103 110 655
34 199 5889
50 48 3903
3 124 2376
133 47 5865
199 133 1284
69 131 178
157 98 4217
22 118 1022
79 133 4717
98 10 736
132 195 1901
199 84 4148
2 177 4402
176 119 3742
94 170 2928
117 93 4093
148 137 3308
22 68 3710
95 39 1722
188 91 5245
22 35 1934
55 165 462
140 121 3706
121 71 4611
59 22 3045
77 137 1183
7 124 310
43 152 1063
31 94 2588
146 42 439
184 133 860
115 134 1462
188 186 5655
43 54 3935
41 187 4387
177 162 1835
29 130 2713
15 72 320
7 168 1479
178 52 5936
108 14 488
59 95 1244
97 133 3676
140 149 2140
18 22 3265
134 165 5761
39 49 1528
138 56 1545
181 74 2683
14 185 4954
121 99 3653
2 70 4323
143 4 310
77 18 14
28 145 1430
59 56 5896
115 44 2000
87 41 5438
154 153 4522
193 183 2881
23 44 2171
134 47 247
70 80 2291
1 133 2706
115 19 2581
188 13 5416
93 81 5702
141 11 358
68 181 5242
53 175 299
49 36 3526
88 166 1352
128 48 2617
85 67 4003
124 188 2428
51 135 1486
111 167 4881
26 69 716
86 53 3238
182 74 4956
110 33 5805
109 176 3851
195 110 3815
41 53 5997
184 193 4713
102 62 1386
146 65 484
75 142 3697
52 114 5000
158 4 5849
47 188 3999
61 62 5683
32 171 1950
195 37 1828
164 110 3227
67 193 4409
126 166 188
139 52 5238
128 63 1096
134 182 1923
45 131 262
36 38 5456
80 45 2842
140 33 907
52 103 1651
56 194 3022
199 4 3551
16 20 1877
59 100 4551
104 26 5708
146 32 4091
107 65 2568
189 2 1871
5 191 1436
117 53 902
151 89 3709
104 125 3268
32 105 4610
130 125 3447
14 191 2418
15 106 3874
105 199 1449
21 4 1974
68 81 4503
12 6 3609
164 104 1303
53 42 1410
26 105 2023
105 178 180
156 95 1095
63 113 5620
37 22 2685
60 185 1895
174 108 774
55 116 5191
119 117 1287
160 173 1664
91 37 822
66 183 4021
81 116 2631
16 31 3612
157 90 2430
0 186 121
2 93 2296
178 119 3745
29 185 4400
118 117 1289
33 141 737
23 86 3237
96 62 2530
116 27 1167
110 37 4628
110 71 4141
147 198 1898
92 42 4183
170 64 5618
101 2 1914
197 109 3823
24 138 2414
54 86 4269
85 69 5771
78 110 1722
54 101 2484
180 127 4757
102 130 2550
178 128 2506
82 181 1185
81 21 2213
134 71 2887
127 50 402
84 50 2778
146 38 4754
162 129 798
68 190 1627
29 43 5568
117 133 2672
19 56 136
41 85 4215
151 65 929
107 199 536
79 38 5349
163 59 792
120 62 2846
23 103 2419
69 153 3191
133 170 69
64 153 3186
198 182 3964
13 7 3143
75 194 1366
28 106 1411
71 66 75
122 181 2391
103 125 5390
38 145 4760
71 69 1091
162 101 1988
3 24 2503
83 6 5948
129 109 4087
114 145 2543
121 11 703
29 55 2231
41 20 95
85 144 1268
20 136 3956
130 5 4965
169 55 1597
15 10 4981
27 1 4208
137 92 2778
161 183 912
120 110 1377
35 130 5970
174 55 5078
126 92 5197
16 23 2744
87 173 1729
190 123 2662
64 62 4749
25 138 2618
12 34 5883
106 175 4010
119 72 5380
106 193 1522
104 170 265
0 149 1432
6 150 5827
55 83 5552
72 1 4572
174 141 2341
54 100 3561
134 3 5331
109 3 2423
195 140 675
37 45 1043
137 24 3440
145 103 139
77 25 3133
6 66 1784
108 44 3963
120 104 1612
21 144 3268
112 40 5457
33 118 744
123 157 5058
37 80 4373
37 112 2260
191 41 1073
131 95 2575
134 49 2706
124 97 5849
125 30 4893
143 39 2903
176 173 535
94 34 5051
90 21 3326
42 147 5507
61 36 1413
178 60 2120
183 167 660
3 41 5264
83 160 1479
112 104 2615
170 88 215
101 9 799
160 63 2187
49 103 3336
137 139 5612
84 149 5050
66 25 2590
102 162 4109
73 101 5304
75 183 4810
125 180 550
125 77 3753
165 134 3069
170 32 3450
131 170 4038
18 148 5971
10 163 150
64 74 3031
44 53 243
135 109 141
143 181 2835
18 151 5250
19 152 1294
76 49 1520
138 104 3467
20 93 3387
118 77 3722
48 176 2061
56 147 3441
136 124 3198
172 56 1569
137 71 3785
130 158 2335
181 118 3518
10 50 5670
188 151 3539
55 65 3814
83 82 5429
198 71 4964
133 91 1011
148 23 1073
150 105 838
141 81 1962
136 60 2242
22 32 1454
161 198 1292
123 30 501
192 97 4302
61 114 1462
163 109 4789
25 105 849
26 149 5631
102 118 2636
5 167 1231
49 81 2053
49 94 3119
170 153 3243
25 149 3011
194 14 3267
49 92 2768
19 72 2292
59 151 1799
0 38 4848
41 164 5961
126 43 2394
181 33 2649
151 116 5270
21 56 2190
110 86 324
182 58 2675
158 17 2682
106 37 505
17 139 4631
47 39 4062
168 123 452
70 168 1686
0 61 3613
107 186 1793
1 168 2932
18 59 3145
89 146 761
105 127 3057
6 41 889
135 158 1541
89 69 3996
63 19 3688
38 123 3255
20 103 1606
37 101 1963
188 122 2105
58 14 1203
144 157 5824
164 72 4150
136 183 1396
76 42 1066
130 109 602
48 95 242
119 197 1997
118 28 1106
190 113 5133
72 38 542
138 186 1197
107 19 5930
102 170 4678
134 118 1630
111 99 1737
138 83 4767
62 118 2440
163 36 919
127 126 2490
144 74 4628
0 59 4557
34 91 1123
167 153 3869
151 167 3417
54 109 1167
156 145 2239
121 79 5181
75 42 1092
158 183 279
57 47 263
77 33 5242
174 65 2987
74 66 4741
135 126 3910
51 79 3581
91 187 4853
75 157 3321
18 32 433
199 0 4995
47 144 2694
113 60 286
39 12 4816
133 165 3505
175 75 1230
153 75 5137
92 65 1436
107 173 3314
3 38 4940
89 83 1905
62 125 4582
195 95 5548
71 41 5794
27 76 740
115 119 3186
59 60 1117
146 78 86
122 168 2052
141 163 3630
4 152 489
98 114 3539
39 144 1161
160 198 2297
72 114 4788
68 57 4548
157 117 5400
62 65 1344
176 152 4889
51 144 578
21 11 4278
125 168 3312
12 33 5884
37 51 1794
31 120 5786
81 194 3478
130 83 3560
67 186 4299
175 137 2931
116 89 154
24 62 3613
108 138 2968
138 50 2661
25 171 1993
13 26 919
60 47 1583
98 173 5145
183 181 791
162 176 2667
84 102 3853
165 55 2864
64 3 800
144 175 3945
1 95 1918
191 139 4709
46 164 3912
197 116 2634
83 191 3692
185 145 3652
48 89 2827
111 153 5631
105 186 1554
166 66 2354
58 59 5428
198 50 3086
66 53 4181
127 136 604
190 172 2721
47 12 1103
107 58 3919
32 178 4596
196 31 5137
134 19 1358
58 118 2335
45 7 2320
5 52 1595
134 65 2863
98 150 4920
193 42 4201
116 11 2677
107 124 331
41 35 366
9 179 4381
127 35 5606
60 108 5862
145 52 1358
69 133 5780
154 44 4203
14 36 723
56 92 943
117 173 1640
39 70 5885
170 186 947
79 85 4816
89 162 4524
56 50 1536
119 175 5927
8 151 1866
82 42 4742
93 173 5273
175 81 3629
140 38 5710
127 172 2836
117 35 3164
77 60 4172
121 112 497
47 121 5549
143 152 4989
78 180 5348
92 138 3344
89 198 4807
182 87 224
66 23 3431
109 44 3573
50 70 3800
186 93 2551
126 119 2041
144 176 1488
176 73 4531
174 119 2567
3 167 2472
27 71 1829
190 81 5044
84 180 3333
128 42 2395
161 79 3932
4 150 382
30 28 5448
30 89 3632
2 36 1813
73 16 3228
11 145 2613
97 74 1081
157 62 1671
167 162 4113
185 170 5695
179 147 3642
134 28 3538
196 140 3965
185 13 3501
113 17 2445
181 166 4506
62 108 935
125 112 5692
101 54 4615
103 173 3123
119 76 1196
27 199 2691
86 189 1277
46 45 3201
179 156 22
97 52 3509
167 145 434
19 68 800
166 16 1952
43 161 787
39 79 2974
197 127 2810
166 6 1652
122 85 4350
73 7 1836
120 113 5682
172 129 521
0 123 3364
54 30 2256
182 118 4742
70 194 1511
133 160 5869
87 51 1649
152 149 925
73 144 2792
113 135 5930
77 92 2880
78 101 1745
169 140 5503
161 146 4259
123 132 3290
34 162 5589
141 9 4149
50 10 1725
93 68 5464
68 73 1362
95 174 282
121 87 2016
98 12 5560
67 65 1167
91 62 478
70 2 3433
101 187 1088
24 174 1378
38 30 4107
107 175 2412
21 91 2747
49 55 2115
64 121 4555
93 9 3052
177 165 3856
161 7 4311
45 27 779
31 82 5602
42 62 581
128 162 3243
86 129 176
7 154 2990
194 32 2811
127 90 5034
41 114 2869
53 72 5
40 195 5901
195 16 4657
135 170 4782
54 153 3410
128 62 2762
167 91 5617
41 5 1559
84 174 2450
164 55 2244
47 167 5304
107 50 138
58 153 1901
160 54 313
75 40 1158
128 167 5863
119 115 382
19 65 1649
60 190 4955
132 64 5754
193 14 5352
81 8 1745
181 32 3191
103 185 574
43 34 582
17 97 2711
163 179 829
12 4 6
40 130 4724
101 177 1470
152 99 2554
185 98 1997
91 64 2294
116 128 5574
20 168 647
2 186 2041
116 103 4952
199 131 3622
94 120 2828
55 189 2356
135 79 927
16 49 5542
37 42 1099
115 8 2813
128 192 672
149 146 2464
94 100 5769
147 4 5977
101 117 3446
59 149 246
133 147 1202
79 81 134
16 85 2462
1 165 538
27 157 981
105 114 1191
83 185 4429
50 14 1160
121 122 2429
190 1 4979
48 33 3013
132 169 890
144 99 5070
141 160 2986
122 178 3349
69 154 4842
14 194 5626
68 33 1904
190 42 4467
9 89 3471
191 171 4405
105 41 2057
157 84 5117
7 81 5995
163 138 2133
122 31 3762
139 151 1979
153 115 5243
134 131 3116
78 86 997
45 24 1641
131 6 538
148 161 4114
95 47 4408
184 89 2753
175 8 1752
194 199 4682
80 32 4452
5 50 488
25 28 3798
31 152 1826
70 81 3079
59 49 1708
132 149 4584
54 16 717
10 137 5541
121 108 1664
24 59 3824
35 74 4993
39 194 180
135 112 1633
132 39 588
180 29 819
42 91 1781
114 16 1592
3 92 449
110 142 3909
21 8 5540
168 179 3219
48 84 5861
198 40 5105
165 185 2680
128 129 4315
85 107 2795
122 44 3533
164 52 255
116 158 3090
6 52 1518
39 165 3459
129 84 252
95 33 4597
10 125 1327
29 193 2757
101 153 4846
46 25 984
62 46 442
161 188 2027
142 178 5203
145 55 1634
126 96 431
21 142 4562
164 134 1480
150 192 3631
20 106 2445
125 199 5101
130 135 3519
72 95 23
110 21 284
8 49 1492
127 193 4690
170 146 5357
137 89 5304
106 142 3907
173 145 3325
180 75 3853
89 173 4043
135 119 3100
173 165 5973
85 84 5497
30 152 5734
157 56 2211
53 52 698
28 92 2419
28 83 2992
175 3 2867
2 178 4366
170 103 3599
153 78 4038
186 147 3280
6 123 1711
121 198 1383
53 157 2636
145 86 976
120 63 5918
103 153 2510
130 105 4690
29 10 5127
45 176 1781
117 194 80
70 140 2772
12 106 1701
74 37 5803
10 84 969
124 198 2605
77 17 5888
95 2 3648
10 131 5528
62 31 3953
157 146 2147
66 12 246
96 148 1455
30 0 2623
163 126 684
185 180 5534
186 51 3933
78 161 5484
99 49 2268
27 47 4802
68 103 2146
33 62 1633
90 62 4715
48 71 2127
177 161 3853
49 50 2756
96 189 867
126 73 4720
42 128 5887
27 160 3002
76 191 2982
199 52 2745
180 130 3642
66 57 251
93 189 5173
12 177 3891
196 175 1856
168 152 1705
64 192 3870
175 108 3226
197 172 1995
165 81 5625
60 90 1279
65 2 2134
83 75 5214
50 137 2408
175 30 4625
117 127 3911
17 190 1784
163 60 1035
30 21 1175
68 63 3386
195 64 856
193 75 186
195 163 3551
35 37 3792
177 36 303
125 85 308
119 33 5133
117 120 555
126 59 888
108 184 5780
42 168 195
116 190 3222
44 80 5148
84 75 214
133 70 3354
146 194 5312
191 86 5750
27 169 3301
199 166 860
145 133 4208
116 44 5116
63 87 1484
18 55 634
17 83 5229
120 72 871
72 51 540
170 35 4595
76 17 3313
171 94 5330
142 59 5519
172 199 3276
172 90 1946
37 41 5873
145 112 3698
134 199 4068
5 54 2345
0 76 29
13 100 1429
116 49 3026
109 191 2680
62 102 3979
186 106 3641
35 76 1359
139 126 244
154 123 773
22 54 1685
130 167 615
71 136 5594
11 80 1806
181 36 516
7 138 5250
191 37 3888
65 176 3169
22 57 15
124 56 281
82 15 4870
23 36 1734
80 188 128
143 121 3087
141 21 2242
67 143 3015
199 161 4761
197 199 5445
68 196 4705
46 12 249
190 196 3955
165 23 2262
23 123 2367
97 67 3218
77 96 1675
171 86 4982
93 103 4300
67 111 2361
4 30 4202
168 43 811
96 93 5600
175 91 573
145 153 5971
104 41 1208
41 146 1490
100 173 333
60 10 1476
112 41 4707
106 116 1627
61 102 5370
68 42 4262
68 92 4360
71 72 4474
14 21 896
0 34 2146
158 93 444
169 81 4678
100 178 3507
87 82 2712
37 174 996
14 96 246
145 17 1052
121 2 5124
178 129 1610
95 199 2536
126 105 4792
6 13 3776
31 116 252
58 176 5153
11 193 1723
180 140 1267
103 100 459
74 107 5291
178 134 87
86 25 21
14 104 3547
25 101 4872
51 26 2222
9 26 4911
46 178 5771
72 105 1961
118 185 2634
51 22 1218
61 179 1141
137 147 465
67 91 5867
173 138 442
32 14 3604
163 3 1742
189 56 3011
29 58 4514
80 21 3636
45 149 4520
26 100 1097
174 195 2514
76 138 3828
166 68 851
193 17 1069
113 22 5684
2 194 577
107 146 1586
152 19 4902
34 85 4362
24 52 3485
50 37 169
69 95 4459
192 190 2052
4 35 5087
100 21 4749
70 87 4622
27 113 564
102 120 5171
76 179 3901
145 2 3061
175 74 5018
13 188 4374
58 3 2738
175 160 2913
138 177 3997
108 177 5936
160 55 5173
192 140 623
51 153 919
72 193 3333
88 7 5797
182 142 3539
82 164 2327
186 71 192
61 109 4641
142 130 4628
14 170 2683
28 59 5936
15 36 5524
172 169 985
124 6 2691
161 177 2307
182 60 4793
5 153 3475
153 10 2911
96 163 5834
162 96 3877
16 134 1847
103 160 5155
14 127 1787
172 66 4999
166 22 950
88 70 5922
93 33 3897
199 137 3453
80 141 1016
54 27 2373
62 113 789
107 135 2098
117 32 5415
14 26 2077
72 71 2326
94 60 2134
95 60 184
147 76 273
12 25 2121
190 186 1746
184 82 4843
123 178 4359
161 86 4183
95 109 1721
61 193 1452
174 27 4649
115 195 3618
102 110 1344
133 143 2874
122 189 3725
76 14 1086
17 181 5838
13 39 940
68 64 1306
38 112 5879
125 194 978
110 92 859
173 44 1614
95 161 1464
105 33 5828
36 152 787
129 81 3051
117 126 2245
14 111 4277
187 184 1052
114 102 2105
25 51 585
95 70 1593
154 70 4324
50 149 2852
194 46 159
163 95 3534
41 11 3533
124 143 2924
56 163 4489
162 108 4597
36 70 5608
55 158 1976
117 108 3431
88 193 804
31 166 1510
178 190 3354
80 113 4883
72 174 5882
89 190 2236
78 177 4048
124 192 3341
72 85 523
183 122 4664
112 177 4209
105 48 576
84 89 5481
73 142 3236
24 21 5041
12 44 4768
15 6 598
19 190 362
195 98 4622
46 174 1534
47 85 2180
166 190 333
87 139 1864
8 131 214
157 7 1011
94 81 1534
62 105 2670
171 112 5937
74 71 5662
193 98 3887
137 162 2603
98 165 5577
185 146 4051
197 101 5358
112 121 2124
116 156 1987
62 29 4877
149 29 2909
1 17 5322
78 38 5563
78 135 1080
1 46 660
57 143 215
40 74 4125
66 71 4061
31 112 1741
13 192 3936
3 91 3554
103 52 2774
0 153 2691
8 15 1322
135 61 3155
165 96 2435
117 56 212
63 132 4431
114 93 5242
28 196 21
167 69 2078
153 131 5180
69 50 1093
26 83 1937
142 72 1127
3 189 2207
71 122 1797
23 96 3091
45 150 5633
23 104 3062
47 68 4628
110 195 1372
125 149 1598
124 11 984
70 14 4236
51 21 2408
15 63 3983
64 129 3932
175 99 2700
73 23 1752
165 143 1848
80 173 1707
119 156 714
167 139 1426
180 92 2378
4 140 2885
198 94 1856
30 88 5792
189 165 2774
198 9 4292
18 14 946
144 48 1886
49 76 1969
119 126 3242
100 96 5205
90 87 1784
108 140 2306
33 23 1708
108 127 4532
72 139 1156
113 55 4730
43 146 420
98 169 4979
142 48 1674
92 145 5849
197 15 855
127 63 2692
116 108 1486
11 4 4345
147 192 3346
7 188 4957
60 192 3665
36 23 2799
49 68 3238
94 189 3960
196 63 849
71 59 757
27 148 2077
31 4 2312
120 65 1703
153 170 3692
30 90 2437
176 59 4231
89 140 800
47 140 257
90 121 2160
45 107 4543
2 143 2862
169 189 3628
194 35 676
109 80 5498
21 52 3335
144 82 5239
129 107 4645
110 133 4196
83 92 2183
109 79 2473
157 40 219
191 135 278
81 105 5144
0 51 4530
189 156 2792
47 95 4457
167 95 4689
62 135 4723
0 160 5169
172 19 1589
93 98 4018
173 61 3344
189 65 3266
71 169 2407
32 64 3311
33 46 764
175 44 4866
58 189 711
49 6 5818
51 102 6019
190 136 1165
69 41 3089
25 107 1473
172 10 3259
142 143 5365
54 58 1705
165 195 1373
19 48 939
72 45 87
53 121 3810
47 100 1728
45 97 3527
164 172 2006
11 190 1926
190 131 4696
161 178 492
152 139 2285
149 36 5378
160 158 103
134 121 700
164 42 822
198 78 259
64 152 6019
134 162 5857
39 83 1817
116 154 1481
86 9 3025
50 99 14
101 135 3606
94 138 3544
90 13 4216
58 60 3787
161 32 2908
113 130 5749
57 150 5075
177 65 5084
76 62 832
173 184 689
130 93 4724
167 169 5296
53 123 3494
38 85 5928
87 37 1707
42 135 3295
78 44 3431
182 171 2954
121 49 1138
25 80 3107
134 139 3129
191 144 5740
118 58 2890
70 94 4493
118 142 3634
12 110 2008
150 183 3532
76 114 3514
20 70 3363
21 130 1921
38 127 4115
123 195 3827
51 119 4686
89 25 5503
16 32 1081
167 103 2371
12 81 2154
16 104 1334
69 18 2386
100 89 5813
42 166 5002
18 11 1222
199 1 2232
196 90 5350
174 94 5890
107 168 604
132 139 2341
134 144 3274
160 87 1411
132 61 3872
189 53 70
5 175 4662
131 16 1257
34 31 715
127 168 4168
115 11 4918
53 160 4319
134 115 2393
131 104 1591
142 96 1376
118 179 5681
77 107 295
36 58 432
153 147 2011
147 118 679
142 32 2361
177 89 313
31 57 4775
162 171 4943
7 64 2412
65 105 479
61 190 5174
31 99 2369
174 135 698
103 95 4476
79 160 716
111 130 4178
112 88 5427
22 65 4008
36 86 3433
164 67 3967
157 122 2066
158 170 539
13 148 765
194 124 3004
76 39 2518
135 43 652
147 143 787
180 5 2540
76 160 2733
45 194 1708
106 84 5956
25 96 4551
172 93 1624
25 13 4083
72 103 2276
132 99 2752
103 179 3504
129 74 2908
119 20 3390
164 70 3724
34 59 1072
5 110 286
78 124 3688
120 82 1271
29 189 318
119 73 2076
179 172 3543
56 34 2696
111 34 5337
114 131 3712
103 91 2558
48 26 3804
81 185 500
107 165 4479
185 130 1529
174 171 2891
70 177 237
40 151 3762
20 7 5298
150 103 3781
88 64 1046
120 147 4367
119 13 4351
158 5 3614
23 139 1810
165 104 1931
53 129 1102
84 192 3487
133 86 5236
12 151 4424
0 138 3781
35 99 2476
130 100 2534
29 133 5441
158 45 558
46 71 5506
149 68 4222
74 34 3540
70 156 393
140 158 4167
135 0 1223
67 83 5191
170 84 2206
17 193 3474
32 133 985
88 78 3076
48 44 213
119 22 5674
127 147 3642
157 0 2430
61 45 2247
115 181 1516
15 191 5179
81 187 2519
119 154 3859
29 0 3852
147 3 5317
131 190 5942
112 77 2438
135 23 3478
59 25 5049
193 94 89
116 38 1165
47 44 3495
44 136 995
63 99 4337
181 193 5044
195 27 316
116 102 1245
121 45 18
39 20 1052
11 112 329
135 117 1228
131 124 3557
163 189 2036
48 131 1051
46 193 5534
58 108 2210
26 125 49
170 123 2640
175 7 3869
168 88 3373
76 53 2434
146 86 3389
13 11 5926
41 122 5137
129 157 4903
61 86 3186
99 15 5562
63 108 859
184 167 5604
5 156 3033
12 131 3369
25 192 3499
84 3 263
17 24 1938
7 38 3077
54 73 5943
21 123 2167
168 187 3688
44 8 5506
199 85 5101
144 131 1340
64 59 1939
149 162 2626
143 13 860
39 90 2615
12 69 1210
0 79 4557
82 179 1779
59 141 4115
140 161 5140
75 108 4520
113 138 2571
123 51 3863
63 84 3590
146 157 5734
141 114 769
163 134 4044
47 27 5821
167 66 3534
123 20 4805
171 191 5088
62 90 4768
141 68 4448
151 62 5479
114 147 861
174 58 4495
40 22 3632
124 47 3768
4 79 3496
81 25 1728
197 183 382
123 42 1410
74 29 2298
152 58 2848
171 7 3626
171 68 1104
70 165 3782
147 137 3855
131 148 1086
69 183 4949
114 173 222
164 93 5964
96 86 244
110 131 5063
113 61 1780
10 142 3780
7 20 3029
12 196 631
52 170 4156
77 129 3050
124 74 1534
38 144 4620
102 109 3157
75 88 4002
99 164 1226
58 78 2118
151 96 4962
57 41 1566
170 23 3636
48 186 569
134 45 4305
0 192 4604
161 110 2169
180 47 4566
84 184 1616
117 110 388
87 31 3308
36 160 1730
180 166 5851
62 146 2542
44 97 4908
22 153 1189
86 56 1232
118 61 2630
115 126 4550
191 184 5953
106 11 414
198 62 3226
71 44 5295
76 110 193
85 64 2431
143 41 5022
151 197 2434
179 83 5562
121 56 2782
91 117 3601
9 58 2873
162 168 5709
53 133 1496
127 178 5760
136 96 4136
87 74 538
140 28 997
162 90 3960
163 115 709
65 44 941
117 39 3231
8 54 5509
14 60 3066
167 65 783
152 74 2144
19 23 6006
94 110 234
90 69 2785
82 149 3075
86 97 3781
81 186 4016
190 146 3222
28 5 1531
129 104 210
7 54 3906
93 61 5287
138 124 2033
38 109 4785
115 28 647
35 139 5777
152 177 4421
132 114 2913
106 176 230
114 68 5490
19 16 2034
67 7 3994
145 72 5796
97 160 4489
197 32 2756
162 165 4315
156 81 4537
121 136 3675
30 12 3174
2 176 4156
90 118 3512
18 121 4520
21 92 1108
136 11 874
123 134 5215
42 136 5457
175 111 1002
136 101 67
70 195 4419
84 43 5631
157 177 2174
37 180 3781
78 28 357
66 32 888
154 129 3109
161 51 2820
25 48 2250
24 51 3330
32 79 3222
93 22 2773
23 10 2109
83 55 2516
184 191 1949
37 28 369
116 152 1273
50 124 275
86 24 3014
95 136 5986
57 80 3670
183 163 5977
193 165 5109
173 142 2086
185 69 2395
30 175 4661
181 105 5299
168 156 4933
97 66 2215
38 88 4653
177 168 3788
60 84 1042
52 81 3462
153 125 3766
112 101 5666
22 13 674
34 169 2478
3 74 2371
82 80 765
20 44 2374
78 162 145
74 23 2064
143 161 3367
19 168 3765
145 75 4138
174 97 325
58 123 967
62 37 5178
175 24 473
196 182 3834
16 123 137
99 167 3048
139 145 2166
91 89 3943
192 12 3348
84 1 316
72 26 136
171 152 5296
86 146 641
74 7 4767
21 38 1571
3 10 3029
103 187 5366
152 123 5043
95 82 996
30 174 2363
173 6 3484
51 3 429
166 132 4165
147 152 1810
89 142 3760
57 25 4206
163 90 378
36 13 3251
89 168 4546
16 56 511
137 59 4192
121 137 4612
114 88 2837
121 169 3010
0 104 1602
97 69 5240
136 120 2508
117 33 1911
135 66 5414
34 156 5449
56 59 4579
132 25 1413
28 66 1879
186 140 4414
192 75 3601
78 59 2620
3 100 4665
59 102 907
21 88 4911
131 94 1601
105 92 3413
57 115 906
77 193 5647
12 175 1006
100 77 66
152 143 5628
110 75 3256
188 161 3408
104 10 678
199 172 345
147 54 2616
19 57 690
24 168 5468
154 51 2587
132 35 5495
85 16 4996
45 130 160
171 36 4353
131 196 4737
190 6 3023
143 99 2775
128 166 2744
198 161 4547
146 191 1576
148 40 5157
42 161 5438
108 191 25
108 68 560
19 199 5262
90 185 536
126 38 978
199 182 1301
33 61 4217
32 26 252
93 153 4965
109 45 1397
41 88 3409
28 162 4896
121 89 3504
38 133 4874
147 48 3542
33 5 2978
188 92 4306
54 163 2854
20 165 4556
152 136 3388
132 197 3556
2 61 4110
148 78 2628
30 15 3242
170 177 3143
90 175 1768
53 35 2042
169 103 3562
115 12 1374
175 27 4877
61 64 4104
137 198 3198
107 181 4574
160 184 4246
84 199 426
24 107 4176
154 82 827
77 115 4945
28 141 274
115 190 4248
17 57 1257
167 98 3162
185 199 3395
198 175 460
125 15 4351
157 48 886
45 187 3432
83 122 1414
19 127 290
88 2 1172
62 177 5884
78 133 1924
156 124 3475
158 162 5651
147 23 2057
11 50 3812
157 194 3768
109 64 1862
69 171 4356
171 138 948
108 58 4451
106 168 2995
17 18 3395
97 64 2651
58 140 3323
42 124 3732
83 87 3506
2 43 1434
21 10 5319
176 45 22
93 63 4059
106 123 5741
97 95 1420
122 93 1825
74 124 3136
93 112 2196
127 78 4028
150 82 2262
99 20 549
169 117 2038
110 98 556
4 83 5573
56 103 4981
103 79 846
199 12 1430
179 40 5885
64 27 3239
98 133 1635
36 195 3838
47 55 3636
86 4 4361
30 104 2101
65 131 5210
105 52 5882
30 10 4242
79 145 1718
84 132 2684
8 187 4966
40 163 4658
105 60 4377
7 43 4958
71 99 3291
0 198 12
42 157 5371
105 107 422
34 122 4704
134 58 484
106 196 826
143 93 5050
163 53 3127
156 192 3077
66 172 2890
111 22 5187
93 120 1084
84 116 5200
1 153 221
178 112 4136
39 132 3496
21 175 4415
165 51 5258
104 172 76
55 24 1161
89 88 3025
25 169 3954
115 131 1211
143 3 4801
133 24 695
93 129 57
128 49 4183
128 27 4563
147 101 4342
4 25 1057
9 67 3139
43 44 3342
43 129 26
184 156 926
195 57 690
54 74 3275
151 161 1293
180 149 5226
164 140 118
93 41 3459
182 139 3461
62 165 4486
72 54 2855
166 38 1695
109 105 4432
35 94 231
80 29 466
138 166 1502
19 130 4542
1 199 3667
6 184 4967
167 72 4171
100 199 5500
100 111 5677
129 130 4563
137 57 1990
9 29 161
115 5 5630
147 131 5221
34 173 3425
21 126 2738
148 89 4507
103 41 3611
34 119 4616
181 24 1863
192 111 2832
99 64 4354
92 40 818
137 43 519
152 40 3606
65 94 114
174 82 2943
141 148 4418
52 140 2676
1 192 5002
121 1 4424
171 15 4618
190 143 4829
153 184 4281
152 98 3685
165 114 985
22 137 3323
179 185 3016
119 162 3127
186 141 3853
132 23 3557
32 12 921
78 198 5659
111 62 5610
182 127 888
12 2 4236
59 33 1119
61 123 4523
115 100 5313
83 39 3829
100 182 4477
166 165 5449
187 72 3881
184 90 948
160 66 2768
63 158 1709
13 47 5138
100 70 2499
36 146 5416
76 23 4282
107 32 3967
13 191 5848
164 147 4039
139 161 5963
165 123 2156
10 109 3581
50 6 845
9 40 3943
20 169 2297
194 143 1462
186 131 409
99 76 1631
120 195 4527
168 96 1738
33 168 2603
85 58 1911
12 157 131
193 24 792
2 183 92
130 115 2466
80 187 5279
74 44 4155
183 6 1239
25 133 5302
24 50 1849
74 112 4962
56 51 2002
181 7 231
43 80 2640
43 199 4905
143 68 2050
191 2 4715
34 154 1795
78 123 555
53 84 1422
46 123 2396
110 129 4848
169 19 3828
47 26 4603
185 196 523
69 78 92
191 97 1255
194 110 4747
63 25 1282
49 22 3912
153 162 3168
91 65 871
57 153 2628
199 78 3470
50 111 4802
106 121 4610
156 1 1410
51 81 5850
132 32 5703
87 38 1859
42 20 3499
137 36 223
106 64 683
9 39 991
61 11 336
68 56 1616
8 175 2044
199 96 4368
3 1 4396
118 57 595
134 171 3097
187 101 5278
52 95 2994
55 48 3387
91 152 1637
187 117 871
90 135 5223
72 171 59
16 95 4588
81 111 1171
109 1 3116
40 84 2589
80 6 1411
90 157 4129
189 63 769
152 190 3350
50 16 4829
112 167 4479
147 184 1883
20 188 5239
144 87 2551
151 118 827
50 171 4273
171 197 1864
179 127 2350
132 41 5559
77 195 5098
144 142 272
61 172 6025
184 25 62
105 108 3581
43 29 5719
129 193 403
57 172 1702
116 174 3132
179 111 66
25 62 439
73 182 136
76 136 4041
164 117 5424
125 54 2712
197 125 3666
12 117 1115
166 157 4781
185 157 2902
87 117 5700
50 91 764
132 2 5174
113 19 4170
149 20 2483
70 184 1108
187 110 836
80 15 4774
180 112 3398
62 110 3399
195 26 1541
55 45 4313
63 77 3784
154 45 4530
187 102 1563
42 98 6024
141 69 5137
30 51 3420
185 181 3396
114 95 1503
55 112 4824
38 54 2347
143 124 3758
168 107 84
180 84 4017
118 10 3434
70 192 503
42 24 2708
128 120 5715
27 177 2913
136 112 4330
190 144 5847
87 193 4902
116 114 2798
190 153 3865
167 170 760
96 8 1629
82 132 4124
9 92 540
169 79 682
123 96 5474
16 170 836
19 20 1119
188 14 2940
2 53 3023
195 40 4929
49 193 3257
165 103 5938
158 107 2787
98 195 1950
37 153 3283
124 136 4821
29 50 2163
111 3 5393
95 21 1215
63 69 3797
47 24 277
91 120 4813
36 14 2848
81 192 5265
51 170 4395
4 188 1537
179 170 2751
102 137 5371
35 54 5927
196 104 4922
11 71 2607
136 199 590
3 7 462
26 167 4434
86 150 2234
75 161 73
166 102 5305
88 149 5340
101 1 2560
86 27 3342
81 84 5501
117 71 855
75 167 3329
67 120 670
73 0 4245
193 37 5572
165 91 5691
125 184 1208
112 191 3952
148 170 4789
130 178 3295
122 0 1653
119 100 2999
113 73 5707
166 191 5289
153 190 4924
186 38 3450
15 67 1656
171 69 848
54 37 5040
88 4 5377
163 19 2316
130 112 2375
95 52 3610
122 140 2525
147 59 2323
65 70 2662
66 82 2440
44 81 2987
177 33 2112
77 53 1817
161 87 5772
23 58 4701
2 55 2420
107 28 556
55 172 5210
183 174 5433
5 73 1855
144 95 3092
46 108 4768
5 0 46
79 5 1212
41 94 5625
146 125 5477
24 18 372
192 69 5879
126 149 3178
2 170 454
148 160 497
83 190 1291
179 183 3192
161 18 3486
189 114 1169
178 100 1988
165 132 4521
139 43 5768
47 123 5673
86 111 4871
28 62 2870
152 12 3323
120 22 146
17 34 797
158 71 5404
121 135 3003
72 90 1914
1 58 4775
171 83 2457
16 106 3337
138 111 4628
140 10 3645
51 118 3551
15 96 421
40 81 2301
56 157 645
94 164 3645
142 25 3256
197 196 2931
23 193 4556
188 167 1716
15 9 4373
22 120 3607
71 139 1442
2 199 3633
13 125 4257
77 175 1120
141 63 5987
29 45 164
92 117 5508
188 134 1415
70 137 5678
100 61 2455
169 69 5216
149 168 5343
8 124 564
81 64 2359
102 67 1471
181 127 4945
85 157 3736
136 26 5141
143 169 949
162 53 2938
189 21 3872
107 172 1124
173 127 1340
145 22 1004
157 23 1018
105 94 5431
39 174 4880
73 176 1010
13 114 5691
90 197 2552
56 108 1700
174 150 817
107 92 2018
104 197 1827
26 127 2845
73 92 484
115 45 2238
0 99 3523
91 9 743
36 181 928
69 91 2685
60 91 2178
102 60 4664
48 149 5631
87 163 5857
57 161 1016
65 49 1446
108 195 891
61 184 4167
71 24 1430
138 119 2475
34 143 5127
141 4 782
36 20 5519
128 83 5801
20 172 1824
161 127 5976
100 142 2672
166 10 85
28 190 4537
101 145 5305
6 195 5524
101 31 4050
35 153 2529
173 64 3688
47 114 1338
129 52 1960
85 185 3687
71 61 4248
101 14 4945
181 87 2706
44 100 4840
39 38 3325
20 193 3474
154 117 3121
71 111 3378
103 115 1574
51 41 2068
118 16 853
144 42 379
66 138 3145
148 50 1299
54 89 4150
143 190 3474
92 190 2865
137 20 3447
111 8 86
99 72 1203
21 9 3624
58 192 2938
53 90 3676
124 168 4956
140 2 4126
187 193 154
26 37 3732
54 185 5248
162 5 4969
79 194 62
105 164 1498
151 50 23
15 177 1623
20 95 3665
108 48 1989
64 83 1738
64 5 5746
82 78 1274
8 160 2455
138 17 1441
35 126 1040
17 194 3
86 28 4819
87 100 2417
186 100 2615
28 79 5323
33 194 3932
108 25 93
42 126 2377
167 18 2921
188 4 2434
36 167 5798
93 169 2138
195 133 828
80 63 1813
33 144 4887
143 75 460
168 84 1707
122 54 51
144 19 4092
63 175 4872
199 70 3310
156 185 372
19 89 5429
28 72 1181
25 173 1932
66 27 4975
15 58 5931
124 173 945
38 195 1906
113 57 1581
73 17 4060
153 102 2321
24 139 2195
111 154 5491
133 33 4029
73 158 1674
169 175 4016
196 138 2022
87 111 4900
127 106 362
84 101 4716
185 149 4761
83 177 2856
105 190 4473
79 91 1402
172 125 5104
182 63 5596
53 10 93
89 33 5511
40 137 807
145 143 4780
27 138 2685
39 1 5369
15 97 2720
79 176 693
44 132 1052
140 0 1395
87 191 4639
10 143 3070
186 128 5050
150 85 1346
13 112 2616
194 41 4011
140 68 2852
23 67 3859
73 123 1642
87 89 1937
137 44 3763
179 196 3851
57 192 2277
111 16 474
149 171 2695
38 46 4405
122 191 2411
75 16 3350
135 24 2411
19 97 788
5 67 4836
174 28 3250
29 68 4916
68 135 358
33 40 3851
172 34 999
189 124 5849
64 164 5472
24 188 2139
165 25 2057
60 121 1254
25 123 3382
157 133 5702
195 94 3910
171 0 1736
199 138 185
43 84 952
113 183 5997
49 86 4945
133 94 2725
131 41 5019
183 98 22
75 78 4719
98 125 805
187 44 1460
153 72 3683
102 30 5515
113 96 3389
126 5 1778
131 72 4007
6 129 816
113 161 3454
69 139 2001
124 110 3874
35 53 1475
178 5 5222
49 56 5011
122 115 1363
144 65 3245
111 143 134
132 194 726
14 27 4637
138 153 2243
110 158 3376
119 196 5718
163 86 754
59 105 812
71 39 2074
49 93 2684
80 39 5280
113 67 5016
128 193 1082
141 157 257
89 59 5997
48 23 465
4 139 1717
37 105 4390
186 181 205
56 144 833
166 4 2487
14 147 214
88 115 1079
162 43 3243
133 115 1493
110 3 2116
41 113 495
17 7 5570
60 41 2854
162 51 4488
55 82 4295
4 134 2637
167 43 3812
128 91 847
49 2 5836
142 124 2742
133 192 92
87 16 1963
4 141 367
87 166 1497
121 167 5686
83 15 2450
147 44 1146
65 88 614
176 24 1910
4 116 5176
77 89 5999
2 128 4429
30 7 29
143 38 5695
87 22 3437
2 152 4164
1 66 84
39 175 3526
72 195 3155
121 193 3766
27 144 3088
174 147 4082
87 11 3483
76 45 2289
152 162 2357
170 20 5763
119 176 5409
166 76 5298
139 88 1984
117 96 689
113 5 1757
124 106 3999
115 13 2088
134 59 5761
62 1 4696
133 126 25
189 39 4893
53 125 280
133 123 1457
79 76 5790
104 29 1659
154 169 780
130 39 1984
181 188 1725
91 173 1234
39 124 696
176 92 3022
32 92 2418
152 187 5089
18 19 2903
52 93 1344
24 175 3048
148 179 715
124 49 2183
53 152 2426
161 111 1476
85 71 2677
169 193 2642
53 41 4126
107 71 3384
170 181 285
198 92 3646
190 164 4344
87 146 4494
102 20 474
184 42 3590
178 17 1531
77 26 5776
184 183 5896
35 50 2657
153 112 5884
4 34 460
78 140 5628
163 161 5601
12 74 1449
33 26 3023
115 49 479
188 190 992
54 14 4693
162 170 1596
120 150 2135
12 105 4915
39 82 358
165 130 1549
32 135 4341
83 168 1725
108 171 4049
133 102 4373
104 52 602
186 195 2973
83 179 2513
66 127 3211
42 123 3859
23 37 1638
38 25 4629
34 2 1940
30 63 5553
151 142 5394
197 0 1163
71 17 4620
146 96 1288
140 46 631
31 53 567
156 109 142
14 180 4740
99 89 4098
14 122 3512
64 157 4742
199 66 2859
124 43 1902
29 125 2611
174 7 762
55 108 1334
135 196 2890
8 29 4932
128 172 4785
64 161 2032
171 92 4537
98 174 1500
156 77 4594
108 100 2368
72 36 4139
145 67 1864
45 183 2147
170 104 1241
90 31 5299
18 152 608
142 34 4184
141 66 1656
165 4 2192
103 136 3918
30 184 3481
54 114 5940
160 49 5682
173 156 556
68 71 371
6 182 2418
14 3 1420
71 29 1045
164 73 3840
82 192 2188
167 93 3420
32 126 5671
126 25 5932
119 47 246
45 14 5043
53 57 2763
129 137 3947
194 22 3872
98 11 2546
123 185 1625
35 30 1068
57 30 5261
58 138 24
92 103 881
7 24 4418
119 180 3156
87 110 656
121 191 5125
173 99 2455
115 164 3442
103 154 1987
151 181 2415
174 32 93
123 198 301
65 184 712
52 34 4674
122 199 3195
143 116 3297
187 79 553
56 115 2156
147 27 4894
37 146 4269
116 70 1106
101 24 1580
195 197 2611
47 107 2123
70 199 4611
88 56 2851
189 153 3487
41 173 4351
172 44 591
73 117 5539
93 92 947
116 16 5592
87 13 1924
170 128 5092
23 79 2135
176 129 2666
184 34 1047
131 161 1576
54 55 534
148 37 4562
47 51 2954
173 150 3488
40 179 1056
5 158 1040
55 126 4255
153 5 1897
0 131 4572
124 32 683
131 15 3774
23 144 2993
149 154 1845
121 41 5162
12 55 2988
90 98 1272
184 29 3655
21 68 2139
108 114 4861
57 120 2203
167 156 3249
183 173 649
96 98 288
187 147 3668
167 154 3994
180 23 3192
23 6 296
156 41 462
34 152 458
64 65 145
72 170 5804
50 105 29
179 1 3742
138 189 2167
169 39 425
147 123 3650
68 161 5196
146 101 3238
176 191 1300
109 119 3441
176 139 2914
61 183 2281
67 168 2939
47 153 602
39 141 3282
133 195 4475
77 19 1512
42 131 852
73 136 175
174 95 5208
58 197 5690
149 116 3849
93 62 5723
191 60 2
197 1 3435
1 47 3957
110 53 4959
73 6 2443
11 177 5247
177 198 2413
96 76 2226
142 22 4430
149 50 4469
21 163 4325
37 120 3933
37 102 1179
62 5 1304
149 86 3579
132 110 2439
105 45 1768
193 184 4311
152 45 358
63 41 5212
90 186 2161
82 45 4264
91 78 558
70 103 3037
190 156 5537
68 154 5649
136 186 1421
55 144 530
154 97 4265
122 116 316
10 37 3639
33 60 375
45 13 2278
68 51 4908
21 99 334
84 6 2095
16 30 2248
112 43 5423
102 49 4369
1 75 4765
73 188 5167
163 10 3448
132 182 4650
28 121 4194
197 151 5948
142 87 4742
71 4 4653
21 36 5453
133 184 2150
107 64 2712
158 111 5118
162 27 4748
27 133 2232
37 56 4188
138 43 2037
64 76 4957
8 67 1280
30 79 5061
180 76 4949
99 162 5527
183 89 5283
100 0 909
62 20 4154
43 140 1482
84 10 5436
55 187 1972
85 186 3631
134 33 3028
118 188 1597
11 46 669
17 80 4388
177 66 2660
133 180 3722
63 71 90
184 149 2014
25 56 4204
43 82 4214
3 45 5937
158 29 1685
127 83 5089
119 78 2244
130 1 289
1 106 1497
87 142 2035
160 75 5377
28 23 2902
110 80 2250
8 135 5673
114 65 99
122 146 3809
185 189 246
97 162 2010
96 102 409
60 77 2324
151 24 530
10 58 3014
133 28 3385
94 91 4487
60 147 3855
158 74 1358
50 0 912
190 12 2914
151 153 5161
142 74 2029
195 83 4405
129 18 3939
31 74 3101
153 142 3918
99 48 919
104 136 2474
8 1 330
4 191 2124
154 49 2080
27 8 3448
57 28 1304
24 108 790
39 30 3740
123 13 1537
178 12 3937
65 3 5559
66 52 5405
166 117 473
110 18 2142
174 48 275
36 134 1106
187 43 5662
7 46 3630
24 84 2936
169 172 3389
99 90 1385
164 197 5708
176 15 1115
169 97 4845
79 43 1336
190 27 4730
5 39 4748
177 100 4283
113 125 1164
128 60 1240
136 52 1235
95 188 1765
158 157 3116
80 156 5521
145 63 63
56 0 300
128 160 389
93 56 5422
59 125 5748
158 125 2671
179 14 4440
91 141 3910
199 168 6021
176 12 4963
96 158 647
165 7 1739
190 62 1627
118 69 4717
62 26 1086
163 162 4280
47 76 3816
1 16 3773
26 16 2785
54 174 940
192 168 1044
14 24 2219
133 138 3092
170 73 2858
92 109 4970
171 5 4043
158 129 3333
173 123 5500
58 144 3963
143 70 2250
45 161 4995
58 63 5503
190 91 3557
105 96 4710
60 3 5282
28 178 3661
2 95 5440
132 156 582
166 41 1889
13 77 3067
165 61 30
190 90 1926
53 33 1447
144 139 4828
163 14 1944
135 186 1129
177 14 1033
181 165 1256
0 165 586
179 39 5976
163 98 4823
182 18 4586
20 1 2244
81 22 3384
62 166 5219
139 71 5083
151 21 1195
49 79 3210
161 26 2500
157 53 1583
114 8 5238
143 133 1750
163 78 3153
110 56 858
22 27 1800
158 58 3577
192 133 1792
51 20 2866
86 163 2660
13 150 920
12 137 328
92 186 5427
5 171 3374
177 126 4208
125 131 567
168 29 5622
78 93 1520
175 127 4038
77 100 2133
147 149 3356
97 198 3249
73 67 2665
90 71 2055
194 48 3140
94 28 820
173 84 366
185 172 4412
40 126 3713
42 190 3530
75 46 1426
11 179 1827
34 4 4059
135 65 3107
131 4 457
4 61 5050
153 121 3188
83 80 666
84 182 2413
23 69 4739
3 118 5466
173 181 5696
80 86 4743
2 156 4748
67 27 5842
69 64 4425
195 24 4149
99 133 2855
118 145 1954
186 165 620
181 31 1007
107 153 4282
98 52 3033
110 12 2735
70 19 694
26 35 4629
137 106 3462
53 70 620
9 157 5608
16 57 2418
1 128 4988
144 9 1750
10 56 3791
137 15 4292
97 194 3572
42 149 4412
182 175 1344
174 164 5030
49 47 334
50 139 5816
98 137 1686
36 0 2117
92 163 905
134 174 2317
124 40 5587
95 63 2969
20 101 2823
127 119 5749
126 115 1175
33 143 3647
176 177 4525
1 89 3774
181 42 5086
15 89 1350
174 183 5292
17 131 5678
106 190 5218
28 85 256
181 160 174
77 167 1598
109 92 1344
41 74 3878
103 27 3261
54 52 389
142 138 2011
170 92 416
77 51 5866
31 110 2919
13 198 5569
81 100 3693
80 13 4406
5 172 697
70 111 2217
199 183 94
83 101 943
101 171 3885
109 107 493
64 119 406
57 85 3632
37 144 4100
71 78 3382
57 169 2695
90 46 1395
127 197 488
30 18 568
182 148 4545
99 184 1098
26 184 1982
12 64 5740
168 20 1204
93 130 4751
146 52 1006
38 166 2358
106 88 5775
95 93 1820
132 73 5805
52 19 5793
132 108 581
60 40 2222
66 184 5233
149 26 2516
0 166 5386
118 104 2904
64 124 3074
166 3 3626
31 111 2152
175 188 2797
5 113 2258
53 27 3091
190 82 3047
87 12 1882
18 107 5332
148 129 5899
189 99 938
137 13 4317
2 169 858
45 109 3127
85 45 1972
52 197 1238
68 25 2653
192 182 2333
24 102 192
130 89 5303
118 105 2640
6 194 767
117 153 1425
93 142 3620
197 198 1859
142 66 2118
120 31 1186
70 64 838
62 45 3052
70 186 3042
180 91 6010
44 113 698
133 98 4971
39 2 1169
68 36 55
194 47 981
131 64 405
198 183 5453
39 89 1613
59 88 2684
25 139 1901
145 50 4868
135 149 1485
46 16 6006
11 113 2865
77 117 4662
7 5 2149
176 32 604
175 187 3695
114 32 2910
28 4 3244
18 71 1528
15 107 2109
26 137 4975
56 38 1353
150 4 1900
196 139 2880
76 38 99
63 30 3318
154 152 5451
29 72 1567
24 36 1403
143 23 4534
20 0 5971
179 175 3185
19 148 6028
59 76 5294
154 174 2158
88 44 1046
125 58 551
103 72 3685
60 199 5496
61 164 3839
18 132 4883
75 149 1907
13 76 99
131 99 4906
122 10 1457
51 76 3903
114 40 4291
84 158 4889
110 134 5744
177 68 3547
96 80 1071
129 170 182
128 79 1143
180 8 3735
136 70 4854
194 24 2076
91 134 1072
111 102 1823
81 54 2560
181 124 1097
196 68 1254
182 19 5864
167 173 51
90 10 2599
102 171 3626
2 30 1789
66 97 929
136 87 1188
72 197 985
147 180 3891
165 41 415
15 109 4673
46 39 55
71 149 564
83 143 4158
199 63 5012
41 156 193
76 30 4343
109 35 146
92 165 1585
96 187 4656
96 157 3771
85 94 1770
48 113 759
149 88 1297
4 151 3042
194 42 335
115 178 3272
31 143 1279
95 198 5177
9 132 6010
138 156 3928
56 137 770
50 24 6017
177 184 1187
85 2 3428
110 148 3828
48 189 4444
154 93 5236
75 22 2132
54 117 2668
80 44 3002
16 79 1281
196 99 2539
167 83 4054
158 108 1896
75 154 258
193 127 848
123 139 1783
109 85 906
179 181 1342
45 191 270
72 79 4634
104 105 3425
161 0 2113
54 172 3138
156 97 2486
136 73 2352
174 175 926
150 148 2512
82 148 2055
182 21 3912
145 156 5913
63 122 2831
117 121 2026
72 24 17
141 191 2107
74 182 2580
126 174 2188
189 135 1843
140 189 2441
183 158 5798
77 170 3040
130 71 5324
106 7 2632
176 47 5827
86 176 2798
90 34 3464
194 53 5659
185 103 732
182 84 5657
116 150 3139
57 170 1858
167 92 2282
185 46 1259
53 59 4982
149 15 2329
0 191 1427
102 133 1844
55 193 450
195 111 69
42 37 3411
13 72 117
56 65 2782
168 58 3345
152 100 5408
15 157 4893
58 195 1938
179 80 3001
190 32 272
173 195 1169
111 148 4943
120 107 5552
15 189 547
55 150 2835
90 125 4399
148 185 4230
181 108 5088
43 165 5978
99 70 2711
153 1 2398
101 121 4865
18 7 4507
24 66 2870
181 68 2402
79 24 4379
96 192 4341
148 30 5646
173 76 3657
3 19 1112
29 101 2431
182 104 1893
176 37 4603
140 18 2631
93 36 1009
158 27 4598
68 179 5648
187 185 1375
169 32 2259
128 47 186
48 60 3033
22 157 3940
130 63 4480
151 60 3422
130 180 964
62 75 2158
80 84 4708
196 193 1461
106 134 1983
152 57 3689
109 195 1506
72 157 1490
13 116 5002
127 10 435
68 111 1284
28 108 783
20 80 1611
140 125 1645
176 91 1477
4 24 1458
96 168 567
40 139 4257
87 124 3612
75 18 4001
177 193 604
169 49 4423
177 142 2601
144 124 5791
128 32 3929
167 125 234
12 166 782
55 184 2797
145 3 4484
46 134 237
17 188 663
10 165 1248
64 104 4180
136 156 3341
58 34 1986
25 119 5852
99 152 5850
67 113 204
8 12 4118
93 57 3489
120 49 3920
93 44 3130
121 5 3538
84 93 2144
144 56 2610
10 191 4598
148 43 531
84 28 1285
70 166 503
120 38 632
160 42 3117
64 106 1399
91 198 4809
152 77 2927
1 178 5629
189 27 3638
126 49 4355
156 181 1990
180 78 408
42 151 5233
111 31 4199
140 127 1090
130 146 1235
79 50 4095
188 47 978
105 58 5946
173 149 3339
104 143 5
17 61 5200
18 82 1216
48 53 5816
99 188 5613
43 130 656
195 123 459
168 172 5338
37 188 4597
140 48 5259
10 64 135
39 6 2740
119 109 4985
154 8 2127
0 115 2779
172 79 5365
178 8 2840
115 186 4020
31 68 5170
49 167 3545
140 87 5209
38 132 4963
0 154 5944
33 6 1968
106 38 4170
162 3 5874
41 134 1512
39 57 4971
166 20 4013
175 72 2111
60 45 1943
115 47 5849
70 51 1073
122 98 1850
92 63 5094
97 197 291
39 179 1504
176 164 1830
163 112 2425
13 92 1282
191 111 4910
28 157 5876
199 43 4964
25 187 4432
143 198 2383
119 116 4953
148 195 1192
36 171 2965
186 163 2
140 109 5468
143 183 1642
2 56 5927
71 103 1747
139 18 1051
161 50 1612
183 11 1673
132 127 4055
174 182 3632
24 93 4923
182 138 4190
167 62 2328
28 186 4973
128 163 5440
188 50 191
30 136 1092
16 195 302
194 135 3910
81 91 3710
174 10 1016
146 186 4640
147 156 5816
4 190 2800
9 48 1453
187 22 331
192 22 2366
118 25 107
120 44 2822
193 164 3620
31 35 1229
108 42 338
140 83 5603
53 87 425
162 71 3159
114 10 3339
133 95 4061
67 24 5134
28 189 5671
137 61 1180
97 47 4156
17 173 104
5 182 990
131 70 579
104 178 1290
123 90 1957
99 163 120
146 74 488
23 111 5781
24 79 2302
11 93 2347
30 36 563
176 35 3930
83 130 408
169 113 497
111 192 3032
77 113 320
137 103 551
24 44 4770
28 70 3203
24 134 5467
62 116 1671
132 83 1198
114 192 4524
8 180 4882
139 56 971
47 90 4911
139 90 693
113 119 1023
188 84 5497
42 51 3210
62 60 902
87 34 1403
161 12 1745
4 65 5728
25 113 4338
125 130 5064
39 56 4350
69 61 2151
148 135 595
57 42 312
36 105 5372
175 45 4930
68 43 2502
172 126 2375
84 99 5891
192 156 803
121 53 2217
11 58 807
20 190 4638
151 57 792
99 27 5656
54 173 3628
161 147 3299
181 128 511
102 51 528
68 104 487
56 158 507
35 3 2289
23 109 1822
156 88 4460
110 108 5604
19 59 1063
197 75 3962
96 83 1873
164 138 20
1 35 904
72 130 5332
21 51 1843
22 81 985
37 181 4944
0 13 419
150 3 5374
3 151 4909
108 41 841
131 146 5184
198 163 4260
22 15 940
164 122 216
136 168 4038
137 10 2901
151 187 5392
169 47 4575
71 57 781
18 12 1233
121 61 162
26 136 1584
25 20 1247
16 80 5362
68 50 1053
7 195 4790
38 113 3180
31 33 4635
42 74 1159
121 152 1379
146 91 5459
94 183 361
92 36 4407
129 87 5119
135 40 946
167 61 6028
40 157 2773
115 25 5856
191 92 269
104 13 5090
75 96 2970
94 178 2493
101 120 3752
30 123 1347
186 46 2935
15 127 625
174 99 3320
20 160 2175
184 75 5184
179 148 5156
35 57 1363
125 46 4609
96 143 2393
187 1 3106
44 75 5185
130 140 5018
185 179 1112
115 75 3935
170 167 2761
103 180 659
45 154 2096
167 23 1323
195 114 3598
63 20 85
37 127 1943
174 18 978
134 157 235
164 153 1474
67 47 4725
131 24 5853
51 85 1631
49 96 3349
42 0 5435
99 43 5455
178 188 2266
107 46 4230
81 10 571
37 186 5183
144 137 3589
154 0 3790
175 95 863
89 78 205
192 31 478
49 127 683
54 168 2405
23 128 3734
43 24 4839
90 144 1652
22 69 1493
8 133 267
132 60 5533
18 87 4471
57 56 1855
145 139 4117
103 70 5759
114 164 1794
167 126 5372
156 160 2889
30 71 5221
125 148 5830
31 168 1278
172 191 3799
94 96 1212
123 182 1866
161 8 3865
27 127 4664
119 30 2909
124 60 2304
95 103 3623
181 93 3172
168 198 1656
95 19 3472
77 198 3742
66 185 3525
37 136 1118
158 189 4615
177 90 3274
71 160 2844
192 33 5385
10 122 121
161 1 628
137 1 3389
150 153 2979
154 91 4235
101 99 3736
16 3 6029
77 161 4227
80 189 1788
138 151 520
117 26 3999
0 21 5789
74 158 2565
69 83 5552
139 178 3746
105 157 683
177 1 3526
150 190 4366
121 103 4415
136 111 3161
162 117 4921
180 174 4377
7 19 2232
29 115 1331
6 126 1507
199 25 5456
126 87 1395
97 71 5471
23 57 3004
28 69 2099
16 4 5762
129 158 5501
88 118 1595
15 117 2694
75 150 2367
195 136 965
146 128 554
151 30 4128
137 134 425
132 118 2066
198 27 5216
180 172 2776
111 61 1662
65 157 1835
111 173 3165
168 177 765
51 181 2753
59 61 3645
156 171 1701
150 176 3469
66 114 1557
123 176 125
100 197 1102
143 187 5480
146 105 1006
129 20 1087
192 35 1635
134 141 199
126 8 2377
74 198 3643
91 82 3738
66 186 5794
3 182 5417
160 172 2540
114 35 4894
137 26 5153
90 96 2540
144 79 2154
53 126 4289
19 73 2678
106 47 557
110 11 5034
115 18 3960
166 53 1710
108 118 2559
140 59 1813
196 42 4446
166 196 4819
82 116 5248
141 75 3977
83 125 5188
103 8 425
123 197 562
140 97 3528
22 162 2870
2 73 446
194 36 2108
169 165 5721
169 107 4998
191 14 2087
178 185 3280
11 149 4992
111 108 5443
192 62 1888
39 74 2315
45 16 1357
102 24 40
30 133 1559
68 35 4975
129 131 3140
142 57 3202
162 75 441
6 135 3086
149 71 494
64 184 1368
1 15 1907
57 186 630
101 8 1304
0 95 4522
73 39 291
34 176 258
123 29 2064
46 66 3662
89 54 2670
72 27 3300
64 95 4414
37 69 969
49 181 3444
188 137 2258
27 40 3424
117 128 4574
198 107 3158
10 135 2132
1 52 2366
28 86 5469
48 45 4903
70 134 3427
43 120 4766
112 131 1735
3 22 4673
159 131 67
159 196 26
159 108 141
159 0 11
159 115 127
159 41 11
159 79 131
159 177 31
159 97 88
159 61 168
159 140 1
159 48 125
159 165 182
159 156 191
159 164 1
159 39 159
159 78 184
159 193 42
159 199 64
159 187 85
159 150 112
159 29 156
159 31 81
159 16 161
159 26 104
7 155 148
17 155 129
19 155 37
35 155 108
40 155 71
42 155 118
43 155 38
49 155 16
62 155 84
77 155 19
93 155 80
98 155 135
101 155 117
112 155 179
119 155 168
122 155 189
123 155 105
124 155 183
136 155 155
138 155 37
156 155 10
173 155 61
176 155 0
195 155 171
