27
29
42 1 1892
11 1 140
63 65 958
72 41 1630
84 31 3280
23 26 2700
53 3 1131
83 8 155
57 69 1501
32 6 2496
4 45 1202
52 84 1930
64 52 1690
5 4 1518
54 45 2356
18 66 1111
67 68 2254
48 84 1475
58 56 816
3 82 3396
65 70 1152
54 73 1915
13 68 2983
5 30 862
30 51 1749
57 10 18
84 5 999
54 28 2220
67 13 758
61 62 1164
37 22 1090
28 55 1192
39 82 2519
83 0 946
12 36 1685
67 42 1710
33 53 1938
39 84 1102
78 8 2094
85 45 340
1 66 349
26 31 3461
35 75 3680
34 20 1700
12 2 1025
77 83 2541
4 59 2741
10 20 2406
32 49 2647
55 26 3624
56 60 2937
48 0 419
21 40 350
19 14 3474
13 44 1493
8 17 439
17 44 3108
88 25 1068
65 36 2000
68 43 414
15 46 1885
60 19 1929
42 17 218
44 39 2739
39 52 1551
0 44 605
80 21 544
10 37 2387
62 63 34
83 58 624
25 59 3279
81 2 109
42 54 3401
52 37 2243
5 8 2649
72 2 2355
55 46 520
69 18 1403
79 83 2818
28 21 154
49 52 422
53 0 2487
15 5 1471
64 6 941
32 64 911
43 84 2651
46 24 1257
44 56 1091
80 86 879
45 42 1956
79 31 733
25 39 205
52 19 453
44 32 3652
88 2 2734
79 4 2410
72 31 3135
6 18 2791
47 44 222
83 57 2421
30 3 3638
45 10 3460
28 2 3032
70 41 2544
62 9 1901
65 4 1913
68 61 268
28 30 2844
40 2 2909
89 53 1248
28 70 2778
13 11 1219
35 84 1246
28 47 1479
67 36 2803
23 2 1398
67 40 3568
11 58 2043
42 40 2521
7 0 1355
60 82 2822
28 68 1849
80 53 213
66 30 3014
36 78 314
31 80 2247
45 51 1287
33 43 948
83 49 2464
87 67 3525
11 59 1629
43 32 1275
64 53 3517
59 10 947
60 41 3537
58 79 2521
54 2 3293
33 77 2754
8 74 1944
63 81 1179
8 22 670
67 62 1626
51 21 3474
2 75 266
26 80 1383
17 65 357
74 59 3661
16 81 380
30 68 1597
85 65 830
54 65 1994
1 50 240
80 89 507
55 36 650
39 21 3222
48 3 1166
82 36 2838
19 3 2151
0 7 2497
46 44 1431
32 75 644
43 65 3663
38 35 1035
59 37 2609
59 77 1382
40 50 2567
44 23 2561
78 66 3048
2 44 681
2 82 979
32 69 2528
67 31 1520
59 71 507
35 26 2247
48 31 1620
38 34 1232
21 46 2068
78 81 553
58 64 818
9 37 42
79 11 3112
42 73 709
49 60 2065
9 52 1575
61 74 1145
69 89 3105
31 15 758
54 63 2581
21 41 2119
52 40 874
80 28 34
15 63 3415
33 86 3451
52 64 2898
49 18 2206
67 34 3559
10 46 1414
37 28 627
85 56 3205
9 87 2585
35 1 2820
8 65 2469
0 80 1725
4 8 350
71 3 632
46 67 2696
26 56 137
19 59 1703
56 59 2633
65 83 1576
26 12 1294
7 51 2807
1 62 1499
8 34 589
66 70 2044
47 22 67
86 62 1847
58 77 2155
53 26 1061
59 79 3242
61 2 2502
11 25 1324
44 84 40
11 53 1230
4 53 2290
61 20 2161
64 61 727
80 81 3165
31 81 3412
9 4 1894
66 86 463
11 63 440
56 71 3419
65 77 1059
12 70 3129
50 26 2646
84 73 165
61 39 3459
83 63 3499
4 76 631
58 78 2082
41 86 846
31 39 263
26 38 73
33 4 580
51 49 3063
58 76 6
50 75 69
16 70 3079
86 2 692
84 14 2741
57 67 244
17 48 738
15 55 3237
50 54 658
46 57 2123
12 0 1129
2 70 3455
54 89 1891
70 66 967
0 78 96
54 81 2418
9 84 3140
78 87 949
20 13 512
31 77 2132
49 9 1147
74 65 3257
4 7 1430
44 82 2142
54 4 134
42 28 1085
75 17 1260
8 20 1807
19 54 317
54 80 1520
12 10 2656
10 83 1311
11 76 863
46 0 3421
56 7 483
68 76 566
54 1 1824
36 37 1481
11 4 2246
63 68 2478
47 64 1093
44 38 2362
86 76 2460
20 66 2180
8 56 2442
3 53 1154
75 45 3337
50 89 1502
52 12 828
89 51 174
60 62 1585
65 55 2329
37 67 32
52 72 371
9 60 3197
25 62 506
60 2 440
37 72 2503
85 61 1066
81 4 1453
64 86 285
84 17 2699
77 59 3200
86 16 1129
86 66 426
11 16 2515
9 44 3503
8 81 638
77 5 2680
76 30 276
38 23 3578
7 25 363
53 28 1669
45 81 2570
12 66 967
53 11 1564
34 82 2163
6 89 750
35 70 1423
52 49 2011
76 11 2706
42 44 1566
46 6 886
30 62 172
84 4 827
4 37 3312
60 81 2739
47 18 220
48 52 2603
89 24 810
21 50 2052
85 49 2576
33 12 1671
69 3 3445
86 71 1623
69 8 1283
62 70 3594
26 15 1318
47 8 1821
38 37 3031
65 6 1557
49 22 2105
44 81 490
74 33 2836
0 51 1199
1 83 74
38 36 2648
43 71 314
89 62 2438
12 58 3616
65 15 2654
66 72 258
65 53 3607
57 52 163
53 87 2692
40 48 2516
71 48 147
51 76 3406
89 61 1251
51 32 584
13 32 386
62 4 3673
3 33 233
17 37 828
43 23 2106
33 73 1891
4 77 3647
85 20 81
55 65 2370
4 83 1901
16 31 1274
26 18 1788
43 55 1969
51 61 2899
43 83 2460
0 59 2901
37 17 641
69 26 1397
81 66 2379
77 41 1498
88 45 2100
42 55 773
46 65 1876
1 20 1158
87 89 2995
36 84 2264
79 85 2013
28 72 3077
56 1 2563
25 32 2317
3 14 1725
18 55 2422
72 20 1238
69 51 1377
24 15 3216
58 55 642
4 86 316
69 40 124
7 57 1688
16 22 607
55 23 2524
63 40 940
52 33 1935
82 19 809
68 1 2766
39 80 1513
89 3 901
7 43 3253
21 23 1878
66 75 1821
85 80 1745
53 84 1104
47 2 1421
54 41 1429
50 8 957
44 13 172
88 33 3214
25 12 3459
17 45 1783
22 0 2881
21 77 3479
18 37 2206
86 31 1521
41 25 2841
30 65 339
14 31 2405
65 8 3469
42 45 1414
28 79 2250
6 62 3464
4 26 2807
37 15 1239
1 85 2201
14 51 1287
42 38 1365
55 70 645
86 54 2944
26 52 591
53 45 779
80 52 1789
75 85 1479
34 13 1312
37 24 1304
4 67 2251
35 49 3236
26 8 2969
76 37 2612
54 46 3009
87 17 3518
21 54 1329
31 43 1600
34 44 3524
11 49 1845
17 36 3080
72 16 2536
5 85 2895
87 33 337
80 5 2139
56 4 3269
86 22 3377
73 77 956
50 81 604
3 18 2073
85 67 2874
5 42 3313
22 50 2615
35 45 1416
77 17 2490
2 21 1345
48 88 1474
70 89 2537
1 4 1424
63 78 3136
5 13 1998
41 14 2722
52 78 469
35 6 2889
31 0 1245
11 75 171
81 21 3091
18 28 1283
5 51 2360
83 55 990
20 21 1277
51 80 1987
7 68 1058
62 14 1317
51 34 2402
59 21 3079
67 71 2764
62 18 1586
8 58 1476
40 87 2965
72 57 3562
45 6 3167
86 8 1051
13 89 2956
43 4 190
23 14 439
16 52 3547
20 11 2459
25 7 1010
13 59 1545
19 32 2167
45 77 3319
61 88 907
79 26 2175
78 56 681
3 60 2167
44 79 3114
48 34 1514
37 45 1704
58 74 807
63 72 2066
69 46 350
59 64 3494
45 20 253
13 14 1258
84 86 3254
34 48 1567
82 1 3426
78 7 2349
57 1 1364
13 3 1697
19 46 933
13 63 1489
18 33 1053
47 3 3142
26 13 1775
41 51 2107
50 74 2388
68 86 2836
70 82 1397
73 9 3334
84 3 917
41 5 1483
62 73 1259
61 23 2043
79 51 2694
21 66 1627
47 12 1866
49 70 3381
38 87 2455
5 16 765
45 17 1121
39 74 3537
35 19 1265
80 19 3096
67 33 2604
8 35 1271
47 45 189
34 19 3599
64 68 481
44 85 3481
33 9 1856
39 9 1160
6 7 772
9 59 102
33 57 2832
79 13 2244
6 20 1827
47 46 1263
8 76 1586
82 32 2002
17 70 2416
62 51 2526
31 57 1280
2 24 3350
89 81 3113
72 68 713
40 24 2130
48 17 285
34 43 1676
17 86 495
54 39 227
7 79 490
83 6 2152
19 63 301
59 18 163
41 31 2105
24 44 414
15 43 1249
45 34 3510
70 75 2550
52 6 615
85 31 2509
17 32 3469
22 38 3307
35 47 2177
87 84 1794
55 14 202
24 69 3411
49 69 177
57 55 2374
10 15 2311
15 88 174
43 56 2712
83 54 140
84 46 793
34 60 1209
16 30 2603
52 83 978
56 57 638
60 3 1572
47 57 1295
33 81 3126
41 70 2343
32 3 889
60 87 3310
0 66 1917
76 58 1992
80 12 1156
44 28 2009
1 57 1947
67 35 1645
23 54 3271
33 55 492
6 54 840
8 84 3631
54 23 2850
20 79 3282
79 30 1385
42 31 1090
15 47 138
23 19 2827
4 32 216
44 14 1497
54 53 810
6 5 1231
43 66 396
17 2 1134
25 82 3670
64 77 771
64 76 3677
50 7 3452
56 54 1795
70 68 2516
24 73 908
55 81 1975
85 18 721
18 38 1558
13 37 546
89 8 3564
45 78 225
35 5 1553
6 44 929
76 20 1492
43 58 749
8 61 2406
22 59 244
70 31 113
74 72 1482
39 28 1452
25 80 162
87 66 1570
50 39 3647
2 67 2707
10 53 993
72 46 885
42 79 1352
12 78 1652
72 52 2586
85 50 3153
45 82 1190
8 62 611
19 81 3564
30 69 2599
87 32 1872
10 60 620
69 41 359
14 50 2358
8 19 2747
68 51 84
48 37 221
18 15 3122
70 40 2697
37 16 101
37 41 2134
83 20 151
83 39 953
20 39 660
77 44 667
38 82 2966
80 76 3264
74 56 2217
19 74 643
60 23 1416
89 38 2460
19 66 1396
38 86 1673
52 14 30
70 85 3260
22 48 468
76 62 641
44 83 2026
30 2 3523
26 76 1571
73 23 2203
47 36 2097
14 34 2582
77 67 953
10 68 1427
76 79 555
50 85 2989
55 38 2713
61 3 3346
7 39 3487
60 65 2001
18 83 2379
43 16 2598
68 31 1732
10 25 2501
60 6 387
88 70 1388
17 83 2467
25 63 1297
10 51 59
49 23 1412
86 72 1818
16 78 2506
63 15 1832
15 7 3522
56 31 1793
13 65 264
44 34 1747
65 74 1120
66 33 84
23 84 114
76 40 169
20 44 3130
37 66 134
25 48 1264
84 32 1940
35 31 2755
24 54 2727
11 3 2135
1 32 3425
49 53 619
42 69 577
63 9 3297
71 76 630
43 49 46
61 13 1248
8 24 2381
82 9 3238
65 68 3403
38 17 900
78 43 2114
46 63 2469
45 30 2080
69 77 2450
18 71 1833
20 5 1546
88 66 92
19 75 3214
80 59 1647
14 75 3424
54 35 2093
17 55 2260
73 34 3197
78 4 1495
75 18 3216
42 60 3475
35 9 1058
57 44 321
6 78 2730
70 47 2938
49 1 2046
0 64 586
42 84 31
81 48 946
76 42 1158
86 26 981
23 28 2855
23 89 2657
35 17 1417
78 12 1801
4 25 1871
25 50 3497
56 19 3508
38 85 1743
81 53 3460
10 22 320
0 53 3368
54 59 468
36 61 421
60 16 3267
8 36 2922
48 49 28
60 48 3009
16 87 2090
2 68 3391
43 5 3122
58 15 3624
34 32 3212
65 85 3034
33 1 2709
88 0 1886
1 25 477
45 73 3444
12 41 2790
87 62 3383
51 41 2548
55 52 2848
19 69 1193
17 76 618
87 85 1814
1 79 481
58 82 2157
63 11 918
40 39 300
65 25 326
16 73 3678
73 7 460
59 58 3547
24 11 3454
8 14 1954
71 18 562
17 24 1026
15 20 1277
32 66 3284
84 24 2361
24 42 3154
36 0 1589
57 58 1077
24 75 2403
12 63 2851
59 24 868
45 19 2718
51 1 1809
37 40 461
38 47 2161
39 24 129
33 22 3236
85 5 573
6 8 2422
76 8 1874
83 15 2928
82 6 1693
80 58 2403
87 21 1970
15 59 3522
53 23 1699
25 88 2176
49 4 771
55 75 242
5 26 2383
6 64 3517
44 21 1343
53 65 2989
36 42 1390
79 44 326
36 39 3610
11 56 822
67 1 1198
38 50 2443
2 56 1444
20 28 2616
64 58 768
86 36 3298
33 24 3581
35 89 3680
17 6 3246
42 51 2417
10 7 3211
22 23 3354
3 65 3175
33 79 44
62 5 532
19 21 2162
58 25 3171
50 41 450
12 16 3208
25 66 1802
50 88 2476
79 64 2285
24 88 491
1 10 1624
57 21 2994
72 58 1643
75 88 1192
18 73 2779
24 86 2199
69 23 1809
33 32 2037
84 19 3088
19 89 97
46 54 2277
2 34 2074
38 42 1608
59 83 2082
68 25 3678
83 65 136
6 46 1297
45 72 153
36 1 1112
23 88 1120
12 5 1199
44 33 1059
67 52 199
78 26 587
6 37 1118
3 72 622
42 61 702
28 41 3148
37 89 152
58 48 1990
78 31 3511
50 79 220
35 59 1181
87 54 1367
10 61 3137
53 73 1063
83 60 1715
33 2 791
9 54 2356
72 63 1717
40 17 1979
20 68 1180
69 6 537
54 16 189
77 65 1281
69 88 1351
13 45 34
28 63 336
79 70 1151
60 49 3335
3 41 3659
58 45 1256
59 28 3048
21 70 2916
62 10 1990
15 79 854
48 22 839
37 76 2322
81 5 2046
55 56 551
12 80 2082
68 56 3320
83 35 3232
46 7 350
38 1 789
82 53 14
74 49 2109
1 14 3016
46 69 1577
36 50 211
41 28 3684
62 33 3657
79 41 2158
78 20 249
23 72 2918
45 33 791
5 12 1177
76 56 2934
74 58 1693
16 69 2149
78 70 1619
32 79 1492
8 3 12
69 54 3578
43 42 1987
59 6 3009
58 87 1276
16 68 414
67 24 680
42 56 2639
35 87 106
12 77 756
48 8 1604
1 88 1024
55 69 2693
9 16 1348
85 24 3368
44 36 3083
72 45 2609
54 78 2499
76 51 1661
35 18 1173
61 58 2199
36 72 3360
3 24 3345
25 16 1326
8 33 2900
42 58 3572
64 8 579
83 7 2804
73 53 3171
9 64 2608
66 2 292
4 57 2580
22 78 1448
22 44 3378
62 7 2578
77 76 1777
31 51 1523
26 39 655
22 69 3024
41 45 1742
22 2 138
42 43 1858
28 38 2090
74 37 3332
34 85 2351
25 77 840
4 80 679
7 4 1162
66 63 3408
36 13 64
71 24 914
71 22 76
80 13 2866
77 88 3284
54 44 2063
32 85 2309
55 37 2835
49 41 1507
15 41 2756
86 11 2710
84 88 2031
52 75 1823
78 46 1852
74 40 830
42 48 83
22 83 1101
5 65 119
86 61 2475
34 1 3606
79 49 614
87 15 2771
56 74 786
80 75 167
34 21 2958
18 12 1652
71 38 3227
13 83 2291
37 64 2295
1 81 3005
62 3 524
30 20 184
68 42 2624
51 62 3019
66 5 3141
10 8 741
67 88 1264
38 8 3563
33 11 1635
21 25 2550
30 47 1736
44 2 504
32 80 1487
54 64 1446
36 45 1955
64 33 2112
51 53 264
52 89 2426
73 84 2915
71 46 201
75 0 3488
82 17 2164
80 74 273
14 61 1806
62 68 343
65 22 3381
6 72 1773
24 34 1070
83 82 1880
81 54 2065
43 25 323
37 57 3222
45 84 872
20 9 681
21 14 1572
51 25 869
34 77 1847
5 52 1849
20 57 482
42 25 40
84 65 2586
78 10 31
30 42 3442
16 47 2311
28 80 3439
83 56 3342
16 67 214
63 80 415
36 54 638
45 56 917
16 1 897
10 86 2271
61 19 155
8 73 2061
85 37 2260
88 57 1161
73 6 3032
55 9 505
85 36 541
3 0 2907
65 79 3392
36 30 1793
13 10 1302
77 19 1797
52 87 2648
36 2 3001
19 30 2501
52 30 2332
67 69 2532
50 20 3527
65 11 1999
50 25 337
89 4 438
5 34 728
45 49 1051
88 10 2181
85 13 2319
49 14 700
60 61 3086
73 49 3372
68 47 203
86 17 2154
16 8 640
75 23 18
59 49 3434
86 14 2843
14 79 3555
19 86 1555
77 89 3450
89 39 2883
63 8 2809
19 11 2406
21 51 2782
15 8 1818
15 67 2059
4 58 2759
77 2 1438
85 82 2935
54 24 1674
46 72 805
8 41 1129
53 13 857
15 19 548
28 87 3112
81 69 1905
39 32 1309
37 54 1941
14 52 2348
75 4 2970
73 42 1545
71 0 2126
85 77 3602
82 46 3081
28 31 2085
11 83 2096
72 54 1130
7 11 431
69 38 3309
51 15 96
70 37 3021
75 62 2026
70 56 3018
1 51 809
50 36 2545
54 47 3436
61 56 687
89 80 2552
47 35 952
57 25 2536
30 17 2104
50 56 784
65 16 2156
72 40 1729
35 88 562
28 64 1409
26 42 286
2 37 3361
40 11 41
63 54 1704
24 22 2352
61 82 547
5 47 718
56 87 186
32 47 2175
85 76 1431
28 23 906
85 71 2114
60 72 2665
71 11 1787
88 78 746
72 4 1478
42 46 3632
20 41 978
41 4 1753
41 38 1776
14 59 3447
55 42 3081
53 1 2586
82 8 602
67 54 946
57 48 2360
86 70 1914
5 20 2684
78 63 1782
54 5 700
5 9 3172
47 79 2422
9 86 3370
74 12 3346
34 22 2830
85 26 2388
41 67 63
51 56 1368
9 35 2240
40 78 2819
69 50 1818
10 16 904
48 80 531
85 14 487
19 39 1047
9 19 3329
69 2 1009
70 3 3641
47 55 41
63 73 3075
11 68 1112
85 52 2688
26 68 1266
26 74 1947
22 49 2838
6 41 1009
7 59 83
56 75 1366
59 8 1204
87 88 2018
54 42 1212
65 20 3446
26 88 2748
52 17 504
39 41 1971
74 64 550
31 8 3229
86 63 3327
7 63 2190
11 43 2464
73 19 185
59 55 1653
59 51 137
80 77 2638
67 16 3129
38 48 1731
44 87 397
9 85 1512
70 28 327
21 65 2201
47 0 2453
30 56 2175
71 50 312
45 0 1658
8 59 2588
23 87 1117
73 66 1466
52 42 294
58 19 853
89 21 289
28 48 2170
16 56 3402
7 13 2281
65 72 3049
10 84 85
6 2 1323
34 25 581
30 16 297
16 42 3632
17 42 460
76 52 3346
72 84 1330
66 21 567
57 73 1477
56 55 82
34 15 561
67 22 34
30 7 447
81 47 2197
60 35 1350
5 2 1003
40 64 2256
47 60 3186
5 62 3542
74 36 2908
65 49 3338
78 11 3434
46 53 3484
56 36 2169
7 44 2790
86 20 523
33 51 1514
9 14 2465
9 22 1011
70 51 600
66 41 1986
21 64 1735
23 42 685
47 66 679
20 55 1030
2 78 2054
32 42 2828
31 24 1807
16 7 218
48 51 1048
52 74 2554
79 23 673
15 35 3146
48 87 3243
22 36 983
12 30 3184
4 39 808
15 6 1666
61 51 558
57 41 1138
41 66 1549
50 49 3670
81 19 355
16 17 2243
6 19 741
31 61 2749
18 16 2191
7 34 3652
88 44 2494
17 31 2315
49 75 1953
76 10 691
60 18 72
7 38 1008
89 33 2735
75 32 765
71 35 2617
51 26 724
10 26 1020
28 19 2368
30 81 2412
70 22 1316
28 82 892
25 81 1248
33 30 3333
72 82 454
48 41 1830
87 22 3210
9 38 497
4 46 3242
75 73 756
70 61 3065
28 3 937
44 67 1811
37 79 656
10 3 2166
75 55 1972
5 40 757
45 8 2151
45 62 3518
28 57 281
37 61 3379
40 89 130
32 54 3651
51 4 2125
7 33 365
53 39 2882
71 33 1627
1 34 2584
44 45 576
78 6 2080
6 45 2082
23 52 1318
21 4 1765
76 73 3523
30 58 831
39 48 2901
61 0 386
19 55 2231
52 71 3096
77 86 925
19 9 2791
42 41 3159
57 80 51
47 52 281
78 61 2361
75 81 2363
7 83 3075
53 63 2426
76 44 2083
24 66 1283
52 54 1062
88 6 373
65 75 3464
89 19 116
4 51 93
58 43 955
56 17 1471
32 63 2832
70 74 270
61 31 3429
61 8 569
46 66 3241
67 75 156
61 14 3512
84 74 1992
76 33 3061
14 1 1630
28 51 1332
76 12 3074
80 47 1118
81 12 1346
69 12 424
81 23 1611
19 13 1834
2 83 1383
76 50 3539
30 54 3560
88 53 3359
21 37 2337
36 14 3346
21 68 745
59 87 474
39 31 1619
0 54 3386
52 39 1899
86 24 666
50 84 1351
26 65 2253
62 83 2314
71 34 740
24 19 3375
25 46 1547
20 87 2373
6 47 556
9 39 344
63 31 3147
79 9 795
39 45 477
17 87 1776
44 60 1083
60 86 912
84 70 19
69 83 2481
58 54 1955
86 65 2212
59 33 204
49 73 203
71 79 1883
24 70 22
68 77 1724
11 7 169
80 85 0
81 1 3294
4 50 3060
64 26 980
22 60 713
60 1 2581
30 11 585
86 69 1004
69 75 2111
81 0 2742
62 13 1120
85 58 919
69 67 2489
36 46 2920
77 32 1554
13 4 2720
57 89 3471
69 5 1120
50 77 1977
35 60 1818
59 62 2569
42 23 672
10 52 249
7 80 585
81 73 146
57 83 3339
14 84 867
82 35 3016
21 0 3609
87 44 946
73 59 3552
33 84 2831
16 6 2327
54 3 1420
77 13 1218
5 89 2825
42 86 93
6 87 2496
61 77 538
19 62 293
18 35 2691
73 30 2612
57 88 341
59 75 3648
50 3 2348
40 55 1306
28 13 3646
48 63 2096
74 44 1543
19 26 201
47 38 3619
38 33 1030
28 10 1000
77 16 2703
54 0 1040
87 74 3267
37 85 2234
74 81 1563
87 11 1405
8 51 1286
8 75 101
33 14 1641
48 78 719
43 17 1230
79 65 3293
71 68 271
1 67 2999
1 70 1902
45 85 2777
75 46 792
0 9 916
75 70 1915
24 85 1436
82 66 103
87 75 184
17 74 2471
51 46 1384
39 14 1998
46 34 2005
65 26 3214
4 14 853
43 88 268
55 43 2343
37 58 2784
24 81 1991
19 64 1828
79 43 797
34 84 2860
2 30 2130
24 10 129
9 1 740
86 68 2108
68 78 712
65 35 3138
59 48 2626
23 16 2294
76 17 1756
15 45 3452
52 4 2022
60 58 2853
23 39 2618
74 77 3577
68 73 3609
54 31 750
49 32 1349
12 47 1877
47 16 31
81 67 3136
85 6 983
83 51 477
24 31 2231
49 82 2871
26 1 499
0 56 393
23 6 1057
13 55 2677
80 23 3370
86 1 2597
2 84 1439
41 19 1488
75 34 1081
48 12 3137
55 80 1024
16 85 1047
6 81 2798
82 60 1959
74 42 1763
57 62 1176
12 1 1309
28 9 3239
67 72 1449
38 41 9
47 50 3063
23 31 3660
61 72 3057
26 7 3271
50 72 2767
43 33 3524
16 88 3315
89 82 374
38 30 2534
58 3 3055
19 41 1544
74 31 2719
26 77 184
20 70 947
7 31 3603
1 55 3161
34 16 1586
32 87 2434
52 56 3077
40 23 2525
69 60 2823
56 70 2879
79 45 1175
0 65 1021
34 80 912
46 49 1210
60 25 337
11 37 3002
4 10 2957
19 82 642
32 55 3546
63 18 1117
54 50 221
69 86 3056
11 86 2083
82 54 2839
43 34 452
81 15 1078
43 51 3550
7 17 3140
87 65 2168
64 14 2427
3 89 3436
35 68 3436
49 13 307
77 3 309
25 5 1772
51 60 2866
57 45 2084
10 76 1843
72 39 1950
24 80 2246
18 41 1383
68 85 1700
76 5 130
31 60 557
60 63 1153
54 38 407
37 39 3073
76 85 404
70 64 589
80 33 3351
34 12 2082
78 19 1299
58 24 1395
49 72 1102
62 20 2572
31 55 1387
79 88 924
54 71 2529
9 70 1634
31 42 1230
68 30 3250
35 38 555
48 56 3236
65 3 1143
62 12 2070
17 22 721
13 61 1229
25 18 3433
40 19 1470
12 50 3051
42 5 1425
3 74 21
20 64 2334
46 37 2481
25 47 661
75 48 3678
0 61 1530
6 50 3434
50 12 1485
21 85 3146
0 82 2928
48 25 792
70 4 3231
25 85 3492
14 32 1589
8 15 1155
22 11 3305
11 23 3257
21 78 779
85 79 3275
60 4 1030
80 11 2035
46 47 1253
70 36 502
12 65 3351
46 86 251
36 9 99
77 78 131
58 63 1817
22 76 3227
70 2 1971
6 40 3412
6 59 3084
0 76 831
85 51 3677
64 56 523
20 60 140
19 36 900
89 12 2677
34 5 272
76 57 2088
32 35 2937
86 3 944
46 12 3499
1 31 3556
9 36 2478
74 53 1634
65 61 1499
35 82 612
69 21 314
59 22 2722
23 24 1684
46 30 1666
18 46 3083
24 63 303
21 74 1673
18 67 93
11 54 778
61 53 2125
51 18 2672
4 84 2519
73 17 556
16 59 1715
87 86 2118
68 70 1086
18 82 3436
82 78 19
67 74 2970
77 26 2178
16 24 3107
81 50 2486
80 3 3093
23 80 2027
84 89 3553
77 81 2784
39 47 790
76 28 855
85 38 37
85 12 1255
85 89 2493
54 18 533
13 58 1214
63 84 2850
32 20 3471
24 4 681
77 68 945
72 73 1395
87 47 2386
2 28 1098
66 69 2486
50 4 2953
38 43 1776
8 16 3055
56 24 3223
41 56 826
65 63 3155
32 12 1488
17 69 2057
10 32 292
14 7 3346
60 68 3226
3 21 1106
71 32 156
42 87 3427
89 72 930
67 84 3438
57 15 1000
30 52 3647
13 5 2389
52 15 1444
63 2 134
50 52 1287
50 16 1239
3 81 1716
86 84 866
83 4 1949
55 8 3634
68 66 1137
89 54 453
35 22 3580
68 17 1782
19 12 1256
12 82 1828
15 87 2814
71 66 2215
13 25 3270
9 63 2437
49 20 809
11 69 3603
68 9 421
40 16 1851
49 83 2282
70 17 1223
13 42 1813
11 60 899
28 67 1910
26 5 1567
72 80 480
30 19 417
51 17 945
39 66 1408
32 67 622
55 76 1033
11 55 1730
12 38 2374
15 71 2335
34 17 1262
88 3 1689
23 57 1151
20 7 3502
1 71 1270
57 75 1038
76 19 1537
83 62 3052
44 42 3198
24 26 2150
15 33 3655
42 35 1434
85 8 1791
67 55 241
8 78 798
19 2 1741
82 44 3606
58 40 1011
6 0 2139
82 12 3521
68 37 2540
58 42 2698
66 82 2530
69 19 2435
56 28 2562
67 89 1166
81 89 3656
13 7 2404
54 52 2836
62 39 3400
56 80 3322
0 49 2420
57 20 1254
22 84 3015
46 20 3253
20 56 3465
77 42 413
63 1 1542
64 3 337
16 32 431
81 39 3266
28 7 1728
88 87 995
75 6 393
37 86 2291
23 41 332
40 28 450
9 40 2657
6 28 1564
79 78 324
86 52 534
28 32 3085
74 71 2331
68 89 968
22 9 2283
70 59 1350
32 24 740
28 77 1453
61 85 2686
62 75 2559
38 57 606
0 14 374
16 63 3317
59 47 2041
10 45 421
25 34 336
20 80 2042
21 17 2877
9 32 914
52 7 3675
76 67 1684
13 0 380
24 57 3143
67 44 746
24 14 1531
42 30 3328
35 12 3409
79 32 898
44 31 2107
12 75 2564
84 39 2292
76 23 1063
13 82 1278
72 74 2038
67 57 3252
64 54 1186
71 53 1012
48 57 2644
7 77 1560
69 85 56
85 64 1220
71 63 130
41 53 2021
65 42 1882
75 67 1162
5 60 2877
22 33 362
2 41 1157
0 16 781
21 76 1588
60 37 2940
60 15 3633
31 79 2709
5 43 3510
84 10 302
9 42 1260
17 30 1392
79 15 2117
56 9 3239
13 47 3177
54 33 586
20 83 1390
78 73 3005
1 23 2139
57 12 1004
42 20 3515
12 61 1220
50 5 1174
73 33 1901
24 5 2837
8 67 1232
22 82 128
78 13 2609
78 62 3033
73 36 3548
11 62 955
72 66 3169
55 5 2051
17 20 2224
56 30 845
70 8 1852
15 80 2540
8 44 290
6 58 1313
69 74 401
4 56 1613
69 15 1925
69 20 967
15 76 2814
89 42 3323
80 82 275
47 13 1337
26 73 3405
8 66 2535
67 15 2451
35 42 537
14 2 2275
1 56 1645
37 60 160
6 11 3012
5 71 1110
58 12 1457
26 49 433
1 78 2565
34 52 3679
58 11 185
62 44 184
77 1 3413
43 0 3323
88 23 825
61 10 2911
43 80 1823
85 28 1819
22 57 1084
11 84 1225
10 47 429
45 4 1575
52 8 1310
44 10 1522
89 77 2545
10 48 2329
39 65 1778
76 21 1027
74 13 2926
67 46 3537
44 18 658
11 81 337
65 18 251
3 20 1600
89 49 2663
55 61 587
7 26 1566
86 48 505
9 49 3401
53 76 2145
5 59 2748
53 32 2309
45 36 2344
28 14 604
6 53 1506
61 75 1315
5 24 3168
62 32 1834
14 39 294
39 61 2216
35 2 2858
58 44 923
79 16 2237
36 77 2371
78 40 2738
85 33 1047
81 57 1930
59 7 1642
32 46 2881
10 33 1003
12 3 3387
85 16 205
78 36 1353
19 49 630
52 11 565
42 8 2856
1 33 479
65 2 2533
81 20 2072
50 76 1810
34 46 43
51 12 3668
79 33 1206
26 85 1572
47 59 3063
69 11 1696
28 56 3568
11 72 1211
19 67 85
15 21 1039
63 22 72
26 19 2319
61 24 2452
51 40 1766
87 81 2610
73 89 151
58 85 828
55 77 463
8 88 1697
89 76 1488
53 21 1398
38 19 1749
22 68 54
2 89 306
13 41 7
81 28 425
85 21 56
66 80 1695
39 72 1137
34 75 509
68 48 1502
63 79 2386
84 80 1235
65 81 1384
20 50 2400
16 35 3419
76 83 2573
78 83 184
1 8 3020
42 4 1372
33 87 1851
68 50 744
47 83 934
86 28 3211
6 57 724
21 5 3030
87 57 1754
66 50 1711
49 77 1582
78 1 2424
61 49 1453
70 43 2865
21 53 2047
58 68 1111
64 65 3485
26 87 2069
78 39 379
16 51 242
10 56 1070
24 59 1404
66 31 1818
61 65 272
78 80 3549
34 8 138
76 36 1886
40 22 2047
49 62 1267
40 32 2646
53 60 1915
69 42 3123
71 5 2565
13 28 2607
82 39 3465
31 70 1900
89 87 986
58 72 2025
58 13 152
63 32 3575
0 13 1233
81 68 2704
37 32 1872
88 58 1687
20 42 1996
84 0 3083
45 53 2527
56 22 574
79 36 2650
25 76 2268
39 30 636
54 70 347
82 5 2653
81 11 2087
74 38 2860
17 46 3124
40 7 3609
82 86 2722
21 16 1855
25 83 2809
7 56 3213
88 13 3582
48 1 2691
56 79 1533
1 64 2503
60 74 3037
74 47 2496
33 7 2408
3 52 1379
3 19 2268
83 72 2229
75 60 1389
31 46 1855
58 17 617
49 39 2515
31 13 1667
36 47 806
54 88 1399
43 1 1286
79 73 3241
3 38 164
9 2 3141
55 1 2477
78 9 2137
73 5 2800
8 46 3067
43 40 1448
72 19 2395
19 4 2802
12 74 1305
17 26 2295
53 37 2305
15 32 3375
84 48 390
65 54 2684
26 43 3027
88 40 301
83 11 2571
79 86 697
80 71 2988
73 12 355
57 68 2462
28 25 2002
5 45 2411
2 16 217
57 19 1118
31 67 2210
36 85 797
84 83 3176
34 2 3604
51 87 218
80 16 2343
2 72 1072
59 67 3117
46 3 3031
52 69 871
12 62 984
31 85 110
69 47 3249
39 43 2191
44 75 3104
42 78 2449
0 35 2101
44 72 277
5 11 24
46 79 3643
20 31 2187
45 13 1601
60 22 3617
82 67 1491
31 1 299
1 15 2758
47 28 2282
62 80 3168
78 69 1983
75 58 626
88 1 1521
0 19 3183
26 55 727
33 37 3599
39 35 2035
26 53 2208
7 81 2763
63 43 799
14 85 499
25 55 1684
18 10 2296
33 26 2285
18 54 297
32 33 3659
52 22 2941
68 6 1430
84 40 3355
23 36 996
25 22 289
46 8 1710
56 26 2477
19 18 2205
63 5 825
53 71 1711
32 26 2420
84 18 1246
17 40 143
17 14 2363
8 50 416
1 58 3439
5 78 3285
73 86 1609
8 25 2618
41 6 1412
41 59 1348
46 89 3342
40 38 253
84 56 656
54 58 2411
13 15 399
89 70 1588
4 85 63
3 15 62
61 55 1871
4 16 2676
32 0 995
10 21 3469
60 38 2324
66 16 2779
25 71 269
23 46 440
41 81 2944
7 30 3585
69 0 1892
57 23 37
63 3 1076
25 68 2064
33 39 3140
33 25 2282
47 4 3446
40 76 352
38 61 279
51 82 3669
81 82 3653
67 20 1715
44 48 1933
32 39 1120
3 54 3236
64 75 1694
11 38 424
30 23 2905
50 47 1280
89 1 1442
0 33 2663
9 82 3135
4 11 2998
76 49 2605
60 57 3507
44 61 3084
19 28 2838
47 82 1963
43 64 1459
82 40 1082
89 11 2645
82 76 1683
9 89 2707
53 51 2449
63 37 690
18 11 2420
71 57 1254
70 57 2229
58 69 3464
57 4 1729
22 73 3318
20 74 2854
44 22 728
50 15 763
79 8 1803
85 60 2680
69 53 1182
59 70 3360
20 59 3063
35 32 473
22 74 2007
64 82 1670
67 66 989
52 60 1018
11 35 1943
48 45 1462
19 60 623
2 33 3001
66 77 2266
13 85 265
68 64 3138
13 50 2913
70 23 3067
75 14 1507
59 42 173
53 56 2672
64 67 2137
43 48 1679
77 55 2734
89 37 3558
89 43 254
44 19 532
2 51 1667
85 87 3655
40 52 575
82 26 1739
81 22 1159
46 45 2654
50 87 454
6 32 517
57 63 1082
10 43 265
6 70 1692
6 36 1708
11 66 557
53 30 2075
37 81 2399
75 86 1601
12 81 3536
52 32 2083
40 30 1954
60 64 3067
56 58 3472
75 71 373
74 70 2209
17 53 1019
56 8 1210
72 60 3648
58 16 423
2 35 366
73 41 2423
63 45 3239
16 58 695
57 54 54
48 68 978
23 7 2893
42 62 2535
61 54 1805
40 80 1426
4 73 1754
18 52 3
14 58 50
3 31 436
33 85 1123
36 58 2801
0 22 438
2 0 2188
2 74 2684
12 53 3358
25 15 1233
38 77 848
61 41 446
8 38 2039
75 38 662
41 84 3479
39 23 3097
59 73 2153
13 20 1088
21 63 837
73 68 487
71 15 386
82 71 3408
85 70 2556
78 24 1996
62 64 2044
57 81 108
67 38 2007
30 64 3188
83 85 2456
70 18 1278
24 3 3344
38 13 2233
20 71 837
78 75 2372
55 21 3275
26 86 189
84 61 2625
24 77 1833
45 69 2014
3 51 2402
0 68 3278
21 22 1180
59 44 1326
8 42 1544
59 46 2782
83 33 1997
14 48 1519
87 78 1084
65 21 3510
22 85 1081
3 44 2962
41 0 57
18 39 861
4 18 1302
50 62 2553
63 35 3196
2 32 579
69 84 3153
66 9 168
15 22 19
38 45 1552
34 39 3319
35 7 2850
31 49 2950
77 69 3490
88 26 639
34 37 2454
50 23 2968
55 20 3272
70 71 1215
20 67 0
63 25 242
19 16 2389
1 87 2672
43 44 107
15 72 1769
5 81 3448
20 1 1820
9 41 2740
1 42 2850
72 49 2348
87 48 1245
21 62 1696
66 62 3324
49 57 1387
82 73 2571
55 86 2165
2 40 385
5 57 443
20 88 2666
17 0 2182
81 49 3041
20 22 1390
24 89 1475
59 63 427
51 42 1978
66 57 3003
2 11 3348
73 69 1963
49 3 2969
87 3 1025
6 80 3595
37 56 3561
3 71 2766
82 22 1359
45 9 2927
39 63 1880
2 19 736
50 24 825
38 7 3209
21 79 1716
88 83 1246
77 6 3592
67 11 3091
57 56 566
82 74 1472
57 18 2732
86 80 1441
17 9 3279
54 7 3417
51 89 1587
50 22 3511
64 46 1917
15 49 447
1 40 2860
26 10 3479
70 14 3544
28 4 1056
9 65 1003
56 46 2237
89 55 2735
71 59 1810
5 15 1869
21 75 1512
8 31 2210
58 31 352
31 26 163
60 75 1302
35 11 339
86 21 1278
31 37 558
78 57 2465
60 70 3188
1 63 127
55 79 3279
88 86 1215
55 6 638
26 2 3091
38 56 2871
53 83 1177
53 80 1814
56 10 1656
78 35 538
4 9 2179
68 72 1827
48 2 1415
70 9 3551
6 61 1436
78 65 3588
63 42 2063
66 20 890
7 84 1412
10 66 1347
3 1 3350
20 48 2502
37 52 1234
46 15 2361
49 31 2213
9 53 329
81 55 311
65 24 756
34 36 2484
4 60 1347
71 89 3396
85 59 1741
17 58 1178
47 51 2248
1 7 1956
57 3 493
44 49 1868
74 3 353
88 67 1702
81 86 1955
4 75 2484
20 65 1174
58 75 3383
77 7 3543
68 49 1263
41 7 1735
2 7 2829
75 63 2890
23 12 1376
72 62 2089
53 46 3047
49 54 2887
61 22 2206
12 19 860
41 63 403
70 81 2114
6 74 3388
33 49 2350
25 35 1661
25 84 3181
79 75 1700
52 73 2479
55 31 3096
53 81 2391
13 84 3649
68 7 3496
67 64 2351
41 87 3195
16 38 246
6 34 1085
81 56 2776
19 50 2148
77 8 474
20 51 3043
49 42 1180
60 44 868
51 20 255
84 7 714
18 19 3041
10 36 2302
73 83 1389
80 48 3101
14 88 337
59 4 570
35 41 2624
84 26 422
57 9 197
61 25 892
40 68 2319
16 62 2291
37 13 2797
53 24 872
28 22 2227
32 50 259
61 16 2309
89 48 1243
60 13 1156
62 24 3413
1 30 3185
18 78 1621
42 75 2202
1 82 2835
34 66 806
0 24 2470
34 68 743
58 22 1817
13 77 137
72 81 1458
73 58 1499
69 49 955
15 16 1036
19 84 1541
53 4 661
18 61 2828
37 6 2781
6 35 2320
25 45 750
17 35 3275
6 21 1863
15 37 3141
45 25 1373
84 71 3300
72 78 3608
85 78 616
16 66 3267
78 72 2213
52 44 546
16 83 2587
44 3 2663
77 63 1599
43 67 3204
66 58 813
40 70 534
22 34 2011
70 67 3653
13 51 2883
26 78 2116
70 26 973
86 81 1001
53 70 2668
71 64 2118
53 18 3205
33 65 3192
49 8 2696
10 35 2409
0 32 355
14 47 2453
78 64 2767
82 85 2171
68 40 3031
19 52 724
86 46 573
37 55 2965
60 73 3465
7 32 339
8 45 2762
28 20 2856
18 21 2030
82 30 1195
33 64 1225
39 73 2641
18 40 2602
19 48 2959
89 34 639
84 41 1109
79 60 1460
60 47 823
63 57 203
56 13 316
18 3 3037
37 30 1838
56 12 3429
3 47 1162
11 0 412
74 61 2750
8 70 672
78 85 2827
55 2 2393
59 56 1258
67 58 1220
17 67 3433
84 9 1962
73 4 1601
8 86 3431
6 69 1305
77 73 1540
25 53 1702
61 6 1431
18 44 1503
14 5 535
6 68 629
52 51 443
16 82 477
49 5 1586
52 63 790
14 10 273
4 40 2362
22 75 971
24 74 3362
56 48 649
58 4 2299
31 54 2099
84 81 1595
52 21 3341
77 71 314
10 77 1936
62 17 1912
84 2 2663
30 72 2733
87 20 757
73 24 1705
56 23 2578
10 72 836
42 14 2169
42 15 1437
5 55 2580
88 37 2933
51 69 1142
57 8 2902
42 12 2883
17 4 3100
24 48 3628
84 8 234
33 44 829
34 23 2595
13 34 1087
30 75 2599
62 72 3260
37 44 947
24 2 2560
39 4 947
49 71 2000
37 70 3574
5 10 1482
33 31 2617
41 52 907
26 11 2308
40 43 3112
25 44 2996
75 8 3169
33 58 405
78 68 1141
16 79 2425
48 53 2405
41 61 2629
17 66 604
23 13 1180
11 26 2783
72 42 1240
64 85 861
36 16 526
6 33 230
31 47 647
66 35 52
38 24 241
55 10 1771
88 49 208
52 35 356
84 66 1991
5 69 2024
47 26 2178
30 84 3445
85 73 3443
9 45 2516
57 31 311
58 88 2182
85 22 413
8 72 1467
38 76 1344
22 53 803
76 3 3315
15 1 1146
34 31 77
83 47 534
34 30 1116
51 22 440
65 78 1561
22 15 3039
48 59 1182
24 20 2917
52 58 2490
22 77 851
56 43 933
58 46 796
7 21 1976
80 64 1804
20 86 3428
2 15 1589
43 57 1701
23 66 2436
18 86 2226
23 43 3464
21 13 1386
30 31 2295
9 26 2949
49 0 717
43 11 1548
79 12 758
14 22 1055
4 78 2692
45 31 3540
51 79 3216
66 0 1068
6 31 395
88 18 1250
47 56 932
5 61 2939
62 21 342
65 67 770
24 23 1762
51 54 2059
22 39 1172
49 16 1772
66 42 2474
77 23 1557
18 34 1286
44 80 884
21 82 1617
71 1 2981
6 65 1307
11 14 2397
19 35 1830
20 62 466
16 25 3572
10 59 2499
48 40 369
63 55 3215
4 74 3197
19 42 1410
41 42 1880
44 88 3580
44 17 1856
52 45 3638
5 14 1114
22 43 1392
44 51 2519
74 86 1817
70 46 2461
6 83 3294
53 2 952
79 48 2127
44 9 3305
89 57 1606
48 26 3169
43 70 3578
88 8 1872
62 41 698
48 64 2149
13 64 1917
5 23 1015
23 47 1222
60 33 3449
28 6 1269
17 33 2015
42 65 1839
81 6 2425
73 51 2438
46 26 3103
80 26 2348
61 71 115
81 76 699
82 2 1474
70 44 1453
60 67 2856
65 89 310
9 18 414
36 15 3204
46 78 1491
69 58 1336
71 88 2847
14 17 450
2 36 1913
61 70 1173
37 3 84
28 8 1053
80 7 3092
30 49 3007
37 88 920
34 35 1912
41 48 3347
31 2 255
75 41 775
8 71 2494
17 23 309
17 1 3073
35 3 684
13 57 2267
2 4 1892
38 79 3337
55 48 1483
72 44 1330
30 66 941
20 19 133
42 11 781
7 41 2267
21 60 450
70 87 783
48 21 1189
63 69 614
67 53 657
55 15 1043
76 25 2851
55 85 2001
64 81 1759
37 38 2063
64 50 1927
33 63 1341
36 33 346
15 64 3593
8 13 2732
54 13 2420
84 16 1186
46 23 2826
15 60 2117
76 4 575
26 84 493
22 41 1943
89 13 781
9 47 534
33 19 2630
55 22 2592
55 30 1791
9 3 2212
74 35 2385
0 83 1358
63 61 1253
15 0 3028
51 72 2819
18 58 576
40 26 378
55 66 29
51 14 717
9 11 1453
81 43 2297
62 26 198
61 66 903
55 13 389
64 60 178
88 73 738
9 51 955
8 9 297
86 64 2339
32 72 3464
16 50 3341
38 11 2876
28 15 2195
45 39 1224
24 46 1561
80 57 529
81 31 173
43 63 1716
16 41 2705
56 38 1095
22 52 2574
83 70 1358
12 9 1040
5 44 2583
22 24 1657
33 89 319
12 39 1844
77 49 444
40 72 1756
23 21 1530
1 12 3565
37 46 3507
48 15 648
60 7 3320
42 88 2134
72 67 1606
18 20 984
3 42 72
47 34 3535
82 65 2891
36 55 416
44 58 1583
89 14 1056
15 58 1297
3 84 3140
66 40 1963
35 20 3233
6 73 821
62 76 2651
61 34 556
57 86 260
22 79 1321
54 37 730
18 1 3326
61 59 1435
79 5 1593
42 67 2051
70 76 132
43 36 1656
68 82 570
10 55 3223
74 51 1937
45 80 2925
24 82 377
32 74 476
10 73 631
43 22 1008
58 41 2132
47 70 2100
24 25 379
72 77 3405
88 81 948
45 52 121
44 25 2948
39 76 3177
59 40 3508
8 49 1000
38 75 2793
57 82 729
20 36 3056
80 44 2209
17 8 2142
57 6 1542
73 47 3429
81 65 2475
67 32 1326
26 62 2637
9 72 1552
14 40 80
82 55 3596
77 14 1932
70 19 1735
49 6 2482
4 24 191
55 49 3237
41 85 345
41 83 239
73 0 2779
53 20 3236
68 67 884
55 32 2612
23 44 1434
45 18 2604
23 48 2717
48 81 3291
82 43 1650
88 20 3264
76 43 158
82 48 316
8 11 3516
17 61 3681
76 9 2012
61 7 2234
35 66 1341
79 55 3540
11 44 1885
47 76 3449
88 48 2690
63 83 3530
71 77 2002
38 16 2397
74 63 2973
69 57 152
81 18 366
30 74 463
19 47 3315
0 26 3424
89 25 675
36 70 298
86 53 2687
64 48 559
8 53 3416
62 15 3004
32 16 3122
38 72 2461
30 24 705
2 53 2334
39 69 3031
88 64 2475
53 22 663
7 71 145
77 60 1733
44 59 3351
25 56 462
61 35 1987
53 54 3299
81 72 2179
68 83 255
9 21 3240
16 43 203
84 78 2617
3 46 1809
72 50 2629
75 83 49
17 13 1645
43 21 288
69 7 3447
28 73 1041
37 59 1168
83 71 2265
15 4 1643
4 19 649
71 45 2964
39 13 133
69 70 1556
40 66 3305
22 1 945
44 64 3629
63 30 2143
88 24 2764
61 45 831
50 71 2574
61 43 2077
64 70 2941
14 60 951
66 83 2216
57 74 327
57 40 3442
84 52 359
46 36 1598
45 48 2577
78 18 3591
52 59 1450
25 40 2534
15 36 1529
73 45 902
53 36 258
76 80 303
3 48 3137
50 57 2471
14 35 1632
49 21 2667
22 87 2594
55 25 2553
23 37 3622
88 89 1708
64 16 1162
51 9 3642
82 14 764
88 38 1635
0 72 2826
89 36 3112
0 89 530
33 20 1620
44 26 3267
88 42 939
11 46 1463
9 48 2583
74 25 252
79 80 2752
33 78 1913
45 14 3658
35 64 196
54 79 873
9 7 3380
7 6 2258
73 74 1595
69 4 2306
7 42 1989
78 14 1285
51 44 2813
14 86 20
24 8 2697
19 80 62
66 25 3602
13 48 2950
26 3 1848
43 87 1350
21 15 2467
30 61 2922
53 66 2943
79 69 2564
67 73 3335
4 81 1319
44 30 18
79 40 1048
84 11 3021
45 68 2879
58 36 2289
88 21 1879
21 28 1549
40 14 3642
87 9 1302
7 18 1403
30 28 1493
14 23 1105
79 19 1286
7 10 2771
59 65 877
35 65 2483
55 40 1913
18 42 2236
71 82 1156
76 47 3045
36 5 1465
83 28 1465
6 38 872
74 16 2576
61 5 933
9 74 2700
46 55 763
68 20 3032
14 76 637
86 7 771
46 5 3302
41 57 1884
20 46 3397
17 60 699
30 83 3359
51 37 2674
30 70 2072
45 21 2279
46 35 2518
42 39 2754
30 18 1068
59 26 2021
54 61 2358
17 34 2407
87 34 264
41 88 1918
79 72 3578
3 73 2007
79 84 3222
32 10 332
14 21 1721
14 45 842
15 83 1853
79 39 2234
20 54 601
64 57 3510
87 23 117
0 75 81
81 34 1995
71 78 1513
76 0 3474
88 7 2854
22 8 3332
51 11 2108
46 32 2032
70 12 2943
8 69 3116
17 25 296
34 61 1222
44 16 256
76 46 2945
76 86 3197
1 46 1840
36 81 983
45 47 415
41 20 3308
18 87 628
69 35 1604
86 13 1739
86 18 2606
79 68 2621
31 68 1038
40 81 19
62 89 2090
67 81 1084
88 65 200
85 54 384
75 10 3387
56 84 774
68 79 636
76 78 1836
54 17 425
10 13 1028
37 75 2322
63 62 3270
37 49 3072
66 4 1476
14 38 793
0 50 136
78 53 1071
68 15 135
61 83 3087
12 44 2178
49 67 3405
89 32 2183
30 38 1104
15 56 2081
78 25 2124
73 15 280
5 18 470
49 37 281
48 42 1046
44 78 3301
42 89 970
15 52 1123
28 62 3380
21 80 3577
30 6 243
69 31 2449
44 0 1654
79 50 3113
18 7 24
16 36 3268
35 62 2826
80 49 227
10 58 1035
4 34 627
48 39 495
65 13 2006
15 57 1264
12 68 967
57 22 2194
1 73 2107
30 15 1152
83 31 1480
61 78 3456
13 2 1724
57 59 869
69 9 2122
16 65 2238
81 77 3474
58 9 3114
32 78 852
40 51 2219
38 54 826
13 24 2195
23 67 594
68 16 1021
76 34 2052
53 31 1337
45 66 2450
24 17 1573
88 85 752
78 17 2121
76 87 2985
55 88 16
65 9 460
79 1 1650
17 15 767
57 85 3224
19 8 2083
49 64 3211
33 5 3043
89 5 2559
52 26 286
9 81 186
79 24 3458
43 15 363
61 18 3413
80 67 1758
72 0 3158
14 72 506
68 0 2321
26 45 1223
75 16 2935
51 31 2455
50 28 3309
72 10 593
3 6 2755
62 87 1307
41 74 1044
72 32 787
89 18 750
32 71 632
16 37 2756
2 79 2363
67 18 398
73 67 3258
63 41 73
75 56 2107
59 38 15
54 43 3200
78 41 1249
12 56 1675
25 86 1227
53 78 3396
65 38 686
2 3 295
34 47 410
61 36 509
43 9 1291
3 37 883
39 64 2634
28 12 504
41 62 56
80 40 1367
20 6 3647
88 74 2884
64 20 241
83 88 960
1 89 3159
74 52 464
11 33 2715
59 50 2488
12 20 1101
34 71 3660
70 69 646
23 8 298
47 21 762
61 84 1770
66 43 196
61 46 1050
73 70 3036
61 57 3061
15 75 411
54 15 2351
47 9 3007
40 10 37
42 74 3408
72 51 1620
26 28 3531
31 66 2308
56 51 1802
78 71 2303
54 76 551
88 47 2315
45 43 2850
4 30 1626
78 2 1756
39 34 3247
40 15 2463
43 38 3347
59 57 70
30 45 2062
18 56 1040
12 35 1330
59 15 3273
22 65 1878
62 43 185
68 28 2075
20 24 2496
21 32 1158
28 11 2425
38 60 466
63 23 8
62 49 2707
12 59 3425
63 74 3110
87 59 2233
75 80 1472
38 18 1723
65 76 696
46 51 1014
80 45 3585
24 65 2005
48 16 2599
85 39 430
64 87 1949
7 45 1688
86 60 2291
33 40 2544
5 41 2434
64 73 265
69 81 3183
3 62 2496
16 34 1305
23 76 782
20 15 2488
32 41 1701
20 63 150
28 17 186
50 11 952
79 28 2455
28 81 2877
74 28 1798
19 43 351
22 17 2912
11 5 1101
84 82 852
60 12 2017
10 4 2489
23 63 2424
56 39 2919
3 78 1751
58 28 2863
32 60 3576
30 89 986
83 89 2618
56 53 2345
0 88 339
3 76 822
34 79 3181
10 87 3038
64 10 2077
63 7 585
2 88 2908
13 31 281
66 3 3036
46 56 3211
20 37 631
89 30 2077
37 36 3617
50 38 2623
54 49 2486
61 38 2139
81 80 810
71 49 3186
48 70 537
47 31 2128
9 68 1350
65 41 256
74 60 626
36 53 111
7 14 2075
25 70 1297
88 50 690
89 85 3635
6 12 727
36 6 1375
32 84 569
9 66 416
35 50 1353
8 82 2584
41 44 2471
27 74 70
27 37 40
27 34 35
27 21 65
27 82 12
27 18 51
27 68 5
27 2 5
27 57 25
27 51 88
27 60 80
27 72 74
27 53 66
27 11 47
27 61 12
27 31 5
27 85 68
27 46 9
27 63 8
27 81 80
27 41 73
27 44 28
27 7 23
27 43 39
27 49 25
27 50 47
27 10 15
27 30 82
27 48 36
27 39 78
27 89 80
27 67 40
27 40 61
27 3 7
27 8 82
27 47 2
27 71 44
27 17 39
27 0 22
27 20 3
0 29 64
3 29 57
5 29 89
6 29 46
7 29 73
13 29 11
14 29 52
15 29 82
19 29 62
21 29 85
23 29 30
24 29 42
25 29 2
28 29 67
31 29 22
32 29 62
34 29 4
36 29 32
39 29 10
40 29 8
43 29 69
45 29 72
47 29 83
49 29 57
50 29 23
53 29 84
55 29 23
56 29 26
61 29 67
63 29 85
65 29 78
66 29 50
68 29 16
69 29 48
70 29 59
74 29 29
77 29 89
78 29 33
80 29 71
82 29 15
84 29 13
86 29 5
89 29 42
