52
56
94 67 144
43 55 1368
54 66 621
95 51 678
32 42 1192
96 86 1047
74 23 1274
13 94 673
80 0 1059
50 24 1345
10 8 994
87 92 331
50 28 585
7 15 186
65 28 1399
54 94 15
26 39 906
10 61 882
81 41 279
11 96 1456
21 47 224
41 95 1010
27 48 1471
66 87 866
61 16 187
24 0 481
95 2 1373
86 83 1235
94 37 1029
81 26 446
92 83 56
76 42 892
91 15 1183
37 27 697
4 14 92
59 4 457
48 83 678
31 35 724
17 15 738
35 25 1314
96 41 1365
22 10 1252
67 35 1356
42 99 1430
34 14 1509
26 78 1247
82 51 263
38 73 558
68 54 901
25 69 70
31 37 1261
35 26 904
95 50 449
98 27 648
90 28 1513
30 11 1478
35 76 140
53 34 666
67 46 387
9 54 713
57 95 65
89 82 644
54 40 128
41 75 214
58 68 1197
44 17 986
90 94 175
0 49 642
30 32 965
59 98 1072
55 6 127
5 71 1257
47 63 1132
74 68 847
44 49 662
34 10 233
38 80 1194
71 44 60
98 47 1328
2 39 1187
30 88 772
77 39 940
45 83 861
53 75 178
54 39 1173
63 32 801
17 2 1236
29 10 879
91 66 517
66 14 80
32 54 1340
59 49 1043
58 70 1332
39 36 1451
71 60 1243
98 66 454
92 9 383
50 38 844
11 19 95
19 76 324
75 65 261
6 57 546
91 97 98
15 61 196
84 39 711
24 98 1271
26 0 1081
16 84 335
21 57 937
53 91 701
61 45 1171
99 42 409
22 2 1370
13 51 1083
1 53 597
83 29 597
90 16 216
64 61 344
54 76 806
15 97 299
69 79 521
61 44 670
47 76 1509
93 16 584
64 68 1333
33 48 1101
33 8 1386
40 76 1231
79 97 110
88 22 1103
12 55 328
30 80 861
81 91 1139
57 16 805
93 92 391
3 47 1170
68 50 569
16 47 813
54 2 79
91 92 1452
7 39 22
43 16 622
49 26 167
85 28 714
7 32 433
24 53 971
69 20 1170
1 13 690
19 12 610
70 76 1154
48 51 1393
90 67 452
91 48 1090
22 12 678
54 26 781
67 90 337
90 92 1198
53 13 1307
2 13 469
18 74 397
11 7 582
41 84 1276
95 80 1191
59 63 1316
18 33 260
25 60 276
18 73 944
53 86 517
53 1 808
71 66 204
23 57 506
50 35 1020
12 50 950
88 86 183
12 64 1066
37 48 376
44 69 1093
63 7 901
23 80 492
33 32 1038
63 39 303
38 61 162
36 94 393
84 20 873
64 99 601
85 38 24
35 28 897
2 93 75
27 82 1237
54 47 1337
90 75 122
67 43 1344
10 39 172
97 59 547
1 44 448
80 30 1181
93 32 347
61 68 511
58 62 1220
66 20 1233
40 67 966
76 86 1038
50 71 229
71 57 1459
12 97 1346
70 17 499
85 77 82
11 74 1038
41 11 688
78 90 875
82 89 949
53 74 547
69 30 220
83 17 991
14 98 884
13 37 609
3 13 1198
22 95 993
50 53 1010
34 21 449
87 12 612
25 16 1385
37 86 159
46 77 129
76 0 1376
7 3 246
26 30 277
97 76 904
45 48 434
12 19 137
78 20 1072
81 7 497
41 85 1240
54 64 547
75 8 994
34 92 476
58 36 71
22 41 1293
34 36 333
82 62 186
9 79 20
69 95 844
26 1 728
10 94 1160
99 44 1036
72 70 429
24 88 55
66 73 916
71 11 815
99 50 414
77 6 250
36 61 1298
28 62 962
88 77 21
13 43 1118
14 13 1031
24 79 1019
62 42 11
35 2 1181
65 22 357
25 68 248
80 38 144
60 13 1503
63 35 1225
13 26 921
17 96 1375
28 38 984
30 70 1070
88 75 281
88 76 628
34 25 939
31 44 1014
3 0 643
18 43 1502
33 90 476
2 3 336
16 79 649
59 24 16
33 22 156
73 90 481
98 96 1105
62 50 1130
29 4 405
54 80 93
88 93 1481
63 55 832
88 32 510
75 69 804
1 20 1498
57 65 54
67 93 954
55 44 460
83 72 918
22 86 1126
78 35 956
97 54 224
40 49 1162
34 19 1501
75 77 1457
76 16 758
49 62 589
35 61 1136
83 55 70
94 27 472
93 74 1370
7 79 1290
68 81 42
77 98 1043
10 45 609
72 33 289
47 44 2
22 42 598
33 10 698
3 77 427
80 20 1157
3 8 1094
78 97 1120
35 20 1233
66 46 835
65 8 234
95 44 840
45 6 449
26 93 461
67 9 1466
61 14 344
27 93 442
63 10 1442
63 16 974
40 50 1179
79 68 1298
89 23 901
31 18 434
39 28 963
15 5 284
97 58 764
48 62 1075
89 1 1162
55 92 1192
59 65 416
76 50 957
67 3 1453
85 99 1076
1 64 1364
18 25 221
41 72 1024
59 83 176
29 62 1009
30 43 244
47 96 32
82 81 486
48 13 1147
91 69 183
99 20 881
49 55 880
83 57 1337
81 68 1042
4 68 93
17 10 1214
23 27 1027
53 92 501
17 23 1155
64 65 716
15 25 212
69 19 111
84 67 1366
25 58 984
43 17 1265
91 28 191
69 44 585
82 21 109
46 58 478
67 25 1281
99 37 1145
21 55 953
4 92 756
98 80 517
26 46 1241
91 99 1199
94 13 1296
1 37 948
95 3 1463
37 31 15
6 13 52
9 81 658
11 23 495
12 49 983
48 92 200
90 57 1173
5 7 1374
37 34 789
87 53 1
7 59 550
66 70 1426
15 31 1132
16 94 785
63 23 340
51 89 991
60 89 227
28 57 1224
97 6 1226
49 4 616
25 41 844
5 41 394
37 17 452
62 89 862
44 89 791
51 43 438
55 12 568
74 78 500
78 64 194
37 25 121
18 3 1041
1 36 485
78 42 670
89 66 347
2 4 1475
82 27 277
2 89 896
48 31 1194
9 40 189
93 46 610
69 15 203
10 21 482
79 40 534
10 97 379
39 13 339
91 65 16
26 49 1207
41 86 1292
11 99 1221
17 88 354
23 96 1464
44 32 589
80 66 553
4 0 769
44 62 371
33 94 1276
6 71 990
81 49 301
22 88 843
8 50 989
57 3 632
99 93 913
19 20 1153
70 53 670
26 80 393
45 20 732
36 12 1108
33 34 683
53 49 1023
97 36 340
0 63 478
66 91 874
15 8 200
85 95 1199
96 43 1094
78 1 212
82 3 138
80 98 582
38 35 1079
33 67 753
19 54 555
28 4 756
78 38 265
74 3 552
80 61 633
25 29 803
10 48 209
50 66 993
77 19 1414
38 0 1161
89 96 831
97 83 89
88 18 22
4 74 1070
74 85 852
91 21 202
36 25 381
50 65 1238
25 10 1433
32 1 1145
20 21 61
83 98 1112
50 58 976
87 32 911
17 60 382
70 32 446
5 59 51
37 75 1319
44 7 1461
53 84 648
34 94 482
11 46 1380
63 43 23
98 87 14
96 99 528
19 58 1095
4 2 1104
12 6 130
79 8 1258
77 74 855
65 61 1391
99 59 1469
4 57 159
76 61 1151
34 84 991
4 58 800
69 51 1210
38 76 198
89 16 1426
19 74 478
10 49 634
28 51 41
63 31 351
18 32 1001
37 85 1154
16 89 1367
7 75 10
11 68 1467
57 93 529
53 70 1514
76 43 1196
81 22 1236
96 46 1201
82 99 194
19 15 26
20 94 1198
95 33 648
98 9 1213
37 19 1109
57 32 777
48 90 11
10 65 968
11 29 744
16 54 1317
26 61 1108
54 11 160
46 39 72
42 35 200
24 27 107
67 49 1024
9 25 588
24 19 479
44 29 38
75 48 568
48 77 1381
7 50 1369
25 55 1490
36 19 1051
91 32 80
20 67 684
72 26 45
88 41 813
87 81 1301
27 88 1015
46 87 1198
80 83 409
50 51 1390
75 49 883
81 10 95
60 7 935
95 12 1212
67 55 451
29 96 875
94 24 610
24 7 1171
8 42 1398
12 43 1443
73 70 364
91 18 1217
34 40 668
67 51 275
89 55 1222
24 9 1356
57 66 797
34 55 1455
95 57 1334
87 78 266
42 27 205
67 88 208
73 37 829
96 24 664
6 27 1381
80 93 514
61 50 1036
1 81 476
21 44 84
17 48 905
1 95 1469
32 50 1135
15 88 558
65 44 1174
88 89 747
87 38 1367
55 91 1101
10 77 1074
89 5 961
73 38 1096
9 46 1011
77 25 687
8 26 1372
67 63 1314
40 28 625
97 50 923
51 67 127
54 14 255
94 21 611
36 59 389
90 40 353
33 19 1074
4 88 138
50 21 159
44 22 592
17 49 290
24 8 959
91 61 960
89 65 883
83 71 1104
6 23 300
33 57 170
74 41 1372
94 43 264
80 37 603
9 0 839
73 92 1381
13 25 469
87 89 477
63 34 927
16 62 809
71 94 1171
85 90 1369
18 9 1233
20 90 77
99 88 1150
2 34 382
68 83 1030
54 62 96
25 90 1491
19 5 1140
44 41 1389
18 4 1414
61 21 102
43 48 64
82 98 1145
86 84 1008
47 0 1239
55 35 724
35 37 322
89 8 653
95 75 861
95 17 1079
57 30 908
81 60 653
11 6 662
28 7 596
74 0 38
21 25 793
32 27 61
19 90 119
5 47 696
88 74 789
57 58 982
67 32 940
86 75 1172
31 38 1313
60 24 860
63 22 998
97 26 315
80 72 466
37 74 89
76 59 28
77 4 333
53 27 1095
45 1 247
4 94 1270
17 8 8
27 85 787
81 2 1186
23 90 668
58 93 1097
19 70 454
75 96 669
36 93 1436
42 3 815
74 38 330
40 55 1173
94 28 452
0 40 450
2 59 1475
89 76 366
37 51 420
74 76 898
87 59 299
73 64 1350
80 28 655
95 39 1020
20 24 607
27 40 1200
4 25 1181
22 17 530
79 25 1428
10 46 406
4 6 165
23 45 170
42 83 1149
21 38 478
39 65 104
31 68 1209
62 58 1022
47 49 1144
0 59 127
1 22 207
53 36 91
65 5 127
28 1 932
75 18 1273
64 80 737
42 70 527
34 47 843
26 43 451
65 87 960
83 79 375
99 34 961
19 86 91
48 0 1463
73 71 393
26 51 781
41 94 1422
97 5 1131
61 36 653
60 94 862
24 78 545
80 14 1292
92 49 1379
86 96 1286
65 50 354
65 0 1491
57 22 366
5 83 1
94 4 926
64 55 1003
49 69 627
47 28 42
83 62 1154
86 21 1191
96 12 349
77 94 832
91 83 1255
39 26 1158
55 10 1135
44 76 977
71 13 1104
58 16 840
4 65 536
21 6 1121
68 35 862
67 99 1052
7 66 1281
68 28 1484
97 0 1002
10 28 325
48 46 55
75 98 477
0 95 1419
90 78 1249
87 48 623
4 23 405
41 66 95
59 30 408
50 98 1158
14 94 192
73 63 420
11 27 869
54 59 445
99 72 1179
78 83 19
86 22 527
42 63 707
0 34 616
82 77 754
16 45 387
61 80 499
57 43 857
97 30 78
65 85 765
51 83 1080
22 64 1456
38 94 98
21 7 957
65 37 788
2 9 557
78 47 1192
11 86 1329
94 72 456
67 24 195
91 39 745
45 21 1131
20 48 965
0 82 1463
83 95 35
36 38 1008
1 15 261
24 2 1142
76 81 1399
77 16 819
87 73 1353
45 92 492
57 82 357
19 23 927
21 22 1237
8 76 1021
94 33 1306
13 91 957
61 76 1416
98 75 695
17 70 1113
74 73 1456
90 68 1407
23 46 111
42 50 479
30 41 783
41 3 936
23 8 1360
80 50 369
28 34 991
51 45 481
37 53 162
9 83 40
63 33 72
69 5 1058
57 55 832
78 73 1179
19 94 1450
15 33 475
43 26 1484
90 7 1053
21 61 1164
32 43 661
39 81 1349
60 46 1331
94 6 105
49 48 785
26 2 591
44 65 169
28 12 271
55 4 1127
16 87 515
13 32 460
59 2 1134
40 10 611
78 13 159
25 74 1445
35 75 825
20 97 1239
86 11 813
13 39 1441
18 84 0
68 32 441
92 74 1115
23 74 1128
60 75 503
88 83 238
51 77 1499
32 63 943
3 83 640
9 65 1457
75 40 1313
22 44 1075
21 0 876
40 88 980
20 80 1251
80 95 1066
79 46 722
68 22 645
89 61 1148
79 38 522
87 55 326
46 15 290
49 78 1140
18 26 464
83 36 103
59 25 982
93 20 1160
31 59 734
62 46 144
82 26 315
22 31 63
75 21 1389
75 68 1022
83 92 926
4 73 1070
27 98 489
67 84 1509
45 24 182
11 41 632
7 27 842
32 55 438
73 97 230
55 34 98
46 42 767
72 91 1319
78 84 450
23 37 327
46 34 1306
48 49 284
67 7 867
15 50 680
11 32 1288
10 9 638
64 57 823
10 0 154
89 2 127
30 50 259
36 3 1094
75 20 350
88 73 609
73 98 449
59 50 1389
18 28 515
60 51 930
51 76 568
98 0 456
26 66 461
29 2 1491
30 96 263
13 29 284
3 27 310
17 50 1168
71 82 1160
8 48 1394
93 80 978
59 62 286
46 47 566
60 16 812
79 99 526
54 99 525
41 5 1428
77 87 1466
1 59 853
99 51 565
70 15 92
99 43 167
4 67 1284
76 67 86
46 61 447
27 9 1158
84 97 877
11 20 774
92 27 1355
83 51 365
53 29 1165
27 45 878
9 44 925
76 63 792
24 92 347
32 71 75
75 38 425
44 87 1023
90 69 323
77 22 176
94 26 466
80 42 800
50 10 104
9 33 1446
79 13 239
74 61 1489
82 54 9
60 0 1505
9 27 728
80 29 1112
31 73 12
17 7 327
17 81 1509
98 51 713
90 89 185
0 28 1344
35 0 947
7 24 1378
41 64 721
17 12 519
20 38 158
30 38 918
84 51 811
78 60 100
0 99 107
75 88 509
25 47 26
74 42 411
27 77 903
11 50 606
73 61 1348
86 16 180
47 24 613
84 66 715
7 19 422
43 14 894
15 29 1016
60 88 830
81 99 1016
79 15 339
24 84 1276
49 32 1259
95 6 1210
79 28 1305
12 82 653
55 28 990
67 29 1412
91 31 1443
65 3 1264
11 66 676
25 70 982
61 26 686
26 63 751
65 12 377
28 64 790
88 39 904
47 13 1167
16 13 231
37 3 586
42 51 225
50 88 959
37 21 36
74 95 922
37 50 871
78 14 975
35 93 456
95 32 1257
91 42 771
2 44 1514
90 86 1277
31 79 1255
96 22 684
60 32 914
85 14 350
77 76 809
51 72 365
1 5 1322
61 74 906
82 30 1149
34 63 1217
92 37 1001
21 31 567
59 7 450
4 37 1398
57 25 1332
81 25 828
32 13 1514
64 42 883
67 0 696
64 37 392
10 76 1019
20 8 1358
24 31 32
24 30 988
70 27 1306
72 13 575
84 14 1163
79 47 1066
2 99 1334
34 27 390
62 48 1288
23 60 190
48 66 483
65 84 716
64 18 583
73 45 1340
24 44 1079
50 26 326
23 62 1058
44 35 1473
8 70 913
16 29 370
39 47 972
94 77 526
89 47 934
92 57 1206
42 80 1255
11 28 451
44 13 1083
29 32 1016
82 16 1322
4 48 401
92 53 1064
51 74 1123
98 37 741
63 86 1231
20 18 1190
26 83 832
16 18 1471
86 29 1357
27 42 695
68 29 1218
4 29 195
19 29 406
66 59 1074
96 68 1236
12 17 1029
89 4 1405
6 49 79
37 38 882
17 24 106
31 78 1174
24 74 688
42 65 954
46 73 800
79 76 987
85 20 208
94 82 403
22 18 807
54 29 239
15 82 598
5 26 172
96 25 455
59 36 781
20 76 324
93 84 1337
91 9 639
64 41 1004
73 57 32
57 98 156
71 84 1043
3 26 965
63 81 342
57 46 1024
46 10 12
45 88 679
97 85 901
9 12 1338
21 73 204
49 90 26
62 95 1318
8 88 1129
19 59 995
13 23 152
23 47 118
75 58 532
25 53 143
31 12 1075
14 18 318
35 74 221
55 39 523
95 7 1414
80 48 1067
95 73 843
37 90 1447
34 82 6
30 94 832
80 96 694
42 77 848
78 87 430
92 29 1185
16 27 1253
69 42 605
94 48 373
30 72 826
30 34 903
1 45 163
55 97 772
34 99 131
76 13 1232
93 23 107
94 96 936
73 87 683
51 73 413
61 8 452
84 17 450
32 8 529
68 65 115
81 45 812
15 54 135
85 21 469
6 42 465
88 84 202
97 66 197
40 87 866
4 93 949
37 9 176
25 26 1267
66 99 511
22 49 710
8 63 1254
38 49 1445
92 1 1311
64 97 1509
20 70 993
86 43 869
42 96 1242
23 44 1119
8 87 744
21 45 802
30 8 951
75 99 998
58 17 1128
99 68 879
33 59 889
71 25 683
80 62 1176
32 0 340
80 18 261
44 33 482
86 98 675
21 91 634
30 61 1238
24 1 513
9 43 450
65 23 813
72 43 771
75 90 1125
68 46 1145
92 47 778
48 99 44
42 48 65
42 31 1202
71 90 1384
84 30 191
79 3 358
19 69 1384
13 90 402
85 69 1379
41 23 1104
84 15 54
17 38 655
13 30 909
51 30 289
27 71 1371
76 12 1307
96 70 1453
69 41 1345
10 18 1069
16 24 1200
20 47 216
40 17 83
33 29 671
22 90 229
7 98 938
18 31 1048
8 9 655
68 40 942
45 9 1062
55 42 178
39 92 687
15 91 1232
25 13 1373
97 48 825
42 64 1247
6 99 325
77 73 681
19 51 453
93 98 266
11 55 542
1 93 252
61 62 1236
26 27 53
89 28 22
99 71 585
21 82 499
33 53 309
60 22 633
8 89 428
6 5 859
96 67 16
29 23 29
83 0 802
30 74 1202
49 58 902
51 10 216
7 33 1139
51 71 1271
72 17 1062
33 3 988
39 90 233
94 9 97
48 67 792
41 29 692
95 35 931
85 43 732
62 53 1508
8 6 380
32 87 257
90 47 1308
86 51 808
59 22 1146
92 68 1080
67 33 1357
59 48 645
35 15 594
69 66 23
43 10 1445
73 47 511
41 45 381
8 0 871
18 64 560
69 72 219
7 18 929
13 68 200
88 87 1052
16 67 1095
1 54 573
58 49 815
20 55 839
11 76 1105
6 11 590
37 15 1075
84 61 67
60 54 1112
44 66 890
98 62 410
77 15 1002
90 62 152
81 59 1027
72 69 1244
18 88 242
75 35 720
41 87 287
37 69 16
8 86 409
98 8 455
74 67 827
38 32 1108
16 70 440
11 45 1369
41 25 222
62 22 48
83 32 1486
23 82 1198
98 5 286
85 22 1217
50 17 716
11 97 762
69 38 332
95 25 275
82 19 149
53 30 574
4 20 266
36 69 1053
77 79 704
82 79 419
60 66 677
43 85 687
93 5 1195
18 44 1328
95 82 1055
28 61 751
29 78 71
66 1 1077
76 27 873
36 72 1373
96 66 189
29 58 1139
50 92 744
94 14 1056
55 23 1074
66 25 738
81 88 939
63 75 1257
50 63 1016
72 85 1050
84 21 502
28 21 428
9 84 850
60 39 339
58 35 455
76 28 12
60 78 108
84 31 7
43 45 379
47 20 97
87 51 1218
35 85 936
57 81 978
18 66 1072
44 19 630
73 17 938
31 67 1278
77 32 1375
62 35 708
87 71 830
4 97 507
63 8 1502
53 59 1424
34 78 1021
28 59 140
47 25 283
90 19 746
57 44 1421
30 6 1023
60 91 777
31 47 373
3 92 1451
32 36 869
4 69 1318
7 85 290
86 92 583
95 40 309
76 75 188
34 20 279
7 76 1
17 82 455
3 54 1377
4 91 813
95 53 293
65 63 444
95 30 934
19 66 544
44 60 259
80 75 245
28 20 222
16 50 576
82 18 846
50 9 404
24 37 388
84 22 542
43 75 211
14 29 1262
23 10 346
5 18 1385
70 49 810
36 99 3
29 67 1046
61 38 882
66 78 1243
54 65 794
89 22 1318
62 60 1415
99 67 993
69 43 730
70 44 465
89 6 1063
89 25 418
63 68 1006
20 28 133
49 15 796
28 90 1108
95 79 1229
83 50 828
76 71 49
38 18 1272
7 16 86
50 70 490
87 85 265
1 84 497
8 66 267
82 43 1156
59 92 386
59 71 970
51 59 1041
92 0 771
18 61 1090
37 40 1268
0 83 1397
12 24 318
10 58 556
52 40 35
52 16 44
52 68 70
52 46 93
52 67 91
52 10 60
52 38 20
52 95 41
52 27 54
52 9 38
52 61 91
52 24 81
52 26 59
52 66 94
52 89 15
52 58 75
52 83 99
52 85 73
52 63 16
17 56 67
23 56 78
31 56 22
35 56 83
39 56 84
45 56 77
50 56 44
61 56 68
64 56 53
66 56 13
71 56 57
97 56 26
