20
39
26 15 53
7 9 130
36 2 152
17 0 162
13 35 125
7 26 196
7 35 192
2 18 161
16 29 152
15 22 66
14 8 191
26 30 209
4 25 37
16 25 70
7 8 133
38 1 60
14 11 161
31 16 42
26 2 235
28 27 60
38 0 25
36 28 3
5 27 2
38 27 192
24 12 87
29 24 84
34 30 52
27 30 228
26 11 196
0 21 2
14 6 205
23 0 213
37 16 46
5 22 46
31 0 222
12 2 67
6 13 104
38 32 141
8 35 160
31 30 153
26 19 2
17 6 245
6 32 129
7 0 60
25 23 105
10 9 227
35 30 216
23 13 181
22 15 133
32 37 173
4 0 242
35 23 79
31 1 61
8 11 200
11 24 141
24 19 90
32 38 153
37 23 152
22 27 188
24 27 121
11 8 193
9 22 217
23 36 130
2 12 204
30 35 240
2 15 184
0 29 124
17 9 45
22 11 86
30 22 99
5 34 3
9 27 131
16 21 146
1 28 195
36 7 41
35 21 130
25 30 68
30 8 178
38 31 66
16 13 216
13 36 203
36 17 50
23 33 236
15 0 144
30 18 226
37 0 10
33 13 143
24 35 139
35 24 198
22 17 164
13 32 34
37 6 140
12 8 201
25 10 158
11 34 63
12 19 168
8 28 236
34 12 238
8 23 231
14 36 60
31 13 2
35 38 140
22 6 94
19 16 23
34 17 118
5 35 166
21 32 150
3 25 16
16 6 171
1 32 106
25 35 174
5 18 211
23 34 197
6 38 208
24 32 40
9 29 91
10 29 87
36 16 31
12 1 136
13 12 100
31 38 137
1 17 111
7 19 1
33 7 135
27 35 112
16 8 199
14 19 118
28 19 9
34 27 75
24 22 202
1 11 8
29 37 190
15 30 155
13 0 39
22 38 30
19 9 77
1 12 95
10 27 9
11 25 176
16 19 20
38 8 166
13 11 43
29 11 168
2 11 232
37 1 77
17 3 88
1 16 33
6 30 183
25 26 84
23 18 245
28 29 95
4 12 130
10 26 28
10 31 201
11 18 20
11 33 125
37 21 68
4 30 232
31 17 193
3 18 174
32 4 216
29 36 139
37 24 173
1 4 233
21 19 153
22 21 34
37 15 79
26 33 31
8 37 41
35 31 188
27 0 128
9 33 178
31 2 35
38 10 214
17 16 87
18 17 120
26 31 30
13 30 108
0 24 114
25 33 107
25 31 191
25 24 236
5 15 45
33 4 200
19 31 69
14 27 49
34 3 108
27 11 218
28 24 161
19 8 209
27 14 50
0 13 130
13 14 202
11 37 221
35 15 111
26 16 164
37 5 167
30 6 233
23 4 52
15 9 177
2 35 130
35 12 160
8 1 29
22 8 24
33 28 179
18 28 60
36 6 245
23 9 23
28 18 27
27 6 60
36 1 130
18 26 156
5 9 137
30 0 85
9 26 170
33 8 112
12 21 146
16 9 162
14 33 64
10 23 45
27 21 166
25 13 59
27 37 17
25 5 197
20 22 13
20 33 1
20 14 15
20 7 1
20 36 8
20 25 31
1 39 38
7 39 38
9 39 17
10 39 30
17 39 19
24 39 10
30 39 0
38 39 38
