29
14
3 12 40
4 26 323
25 15 252
4 16 205
15 20 300
4 18 242
2 11 55
16 10 51
16 12 24
11 22 318
3 18 115
25 3 313
3 2 83
4 20 57
25 19 261
18 3 81
15 23 183
27 0 161
20 5 161
26 27 198
11 3 10
11 23 35
27 15 90
27 26 321
7 13 51
28 25 217
28 4 177
6 15 91
23 12 85
20 13 310
15 21 226
2 3 116
0 26 144
18 16 164
3 8 78
0 13 224
10 28 208
20 23 279
15 19 314
4 0 130
4 28 197
0 25 161
9 26 207
5 6 189
28 19 149
5 11 317
1 23 158
23 10 61
13 15 46
25 0 150
19 17 252
28 16 75
15 18 108
28 21 46
19 1 193
11 2 300
10 1 297
23 26 83
8 7 99
2 15 310
6 9 161
11 16 202
25 9 166
6 22 285
8 24 81
9 12 52
20 0 169
13 16 261
22 24 274
22 5 109
13 8 41
3 27 116
13 12 286
7 11 275
7 17 74
27 12 113
17 16 85
11 6 268
17 26 290
25 7 267
18 2 263
3 6 104
26 9 188
25 23 278
17 13 119
20 25 177
20 21 120
24 10 101
27 4 143
5 9 240
13 26 71
1 17 169
18 25 276
22 26 54
18 8 18
8 15 321
5 0 72
9 7 157
6 11 18
13 10 252
25 2 215
16 26 1
18 13 89
18 17 160
21 13 203
24 7 67
12 22 67
10 18 83
26 6 172
25 26 182
25 10 242
22 23 213
1 21 230
1 24 316
8 11 281
0 21 93
20 24 33
11 17 202
11 25 56
13 7 85
16 7 247
7 18 286
27 22 213
13 22 297
20 1 34
28 26 152
25 20 9
3 28 151
20 17 68
9 24 225
15 12 91
4 27 171
17 2 42
5 25 108
2 12 318
23 9 92
20 7 36
10 9 300
6 25 128
2 23 96
10 5 194
21 9 121
11 8 231
7 6 198
27 16 139
0 15 231
9 6 208
13 2 271
2 7 19
7 8 275
26 25 165
5 12 208
0 24 74
0 28 107
0 27 27
16 8 140
21 12 86
21 6 24
2 6 312
11 7 79
9 15 204
5 2 199
9 28 272
6 26 187
19 16 174
21 24 121
16 25 64
23 22 61
21 25 19
25 13 140
9 19 259
2 9 183
3 23 312
21 10 315
24 0 205
3 15 182
9 16 226
21 17 239
7 27 136
24 22 151
5 21 319
25 4 18
28 3 124
24 18 197
27 3 243
3 26 304
15 1 281
24 12 19
22 7 157
27 10 202
27 17 31
28 12 120
10 20 72
23 7 287
15 11 180
4 22 305
15 7 115
16 24 144
15 8 177
13 1 120
2 13 179
11 28 254
23 20 195
22 18 317
22 20 128
9 0 82
6 18 109
2 4 186
6 5 113
13 21 312
19 11 56
15 6 136
1 12 117
24 21 296
1 25 306
4 10 63
21 4 34
4 21 293
26 18 319
27 6 279
22 16 239
7 22 249
28 1 113
17 25 74
13 27 211
13 18 187
17 7 11
23 8 312
1 27 270
19 18 282
17 9 6
15 13 124
8 27 239
21 23 210
15 27 293
17 3 90
28 8 131
19 9 288
5 8 252
22 6 311
27 5 11
9 4 230
2 0 42
22 3 67
10 0 135
11 1 26
10 2 137
19 21 177
24 9 298
0 17 139
26 15 155
12 24 162
8 19 82
11 18 70
13 5 285
1 16 127
8 18 163
10 21 293
15 26 300
15 2 109
21 15 112
26 19 259
24 6 131
16 3 221
10 7 7
20 28 214
0 16 220
2 10 149
28 10 42
16 18 22
28 9 170
25 12 94
21 26 282
6 0 151
28 18 242
18 22 33
17 21 224
12 18 261
1 26 83
23 27 86
28 24 58
10 3 314
23 21 57
1 4 251
9 17 125
13 23 313
23 0 235
21 16 194
29 3 10
29 5 5
29 17 20
29 24 24
29 9 2
29 23 17
1 14 8
2 14 8
4 14 4
5 14 10
6 14 23
7 14 28
12 14 2
13 14 17
15 14 20
16 14 1
19 14 14
20 14 14
