6
25
20 12 298
27 21 214
22 0 330
13 4 125
29 17 361
18 5 343
26 8 40
20 10 198
12 29 35
2 29 311
11 16 340
3 12 128
14 22 219
2 13 149
29 26 139
11 20 130
28 27 118
21 12 337
10 27 211
10 8 119
23 5 323
10 20 210
23 17 244
13 24 22
19 29 346
15 9 312
3 29 264
29 0 224
27 13 114
7 27 300
19 23 299
11 15 212
16 11 302
26 27 340
26 17 9
28 18 232
27 14 138
18 26 211
22 11 293
18 3 33
10 14 272
15 23 144
24 19 74
3 8 299
10 13 399
24 0 45
9 14 412
4 12 375
15 12 351
23 3 328
19 5 170
19 14 279
15 27 192
12 27 71
16 23 147
5 27 59
17 7 312
17 18 395
5 9 415
28 3 57
28 20 25
26 9 333
19 8 297
16 2 241
22 13 129
4 13 39
0 20 55
5 4 366
23 13 395
28 2 169
3 17 413
19 13 320
12 7 146
29 19 98
18 15 54
26 11 32
23 1 126
19 24 167
3 20 358
8 2 195
23 7 245
28 8 265
29 20 140
27 2 114
1 8 347
14 12 120
19 16 144
23 14 261
23 2 203
11 26 265
28 26 315
22 8 388
22 20 147
16 14 64
17 26 7
4 14 413
22 16 266
20 0 392
18 27 133
24 14 348
19 10 168
24 9 385
16 18 59
7 11 101
20 4 249
24 8 33
16 10 183
18 20 382
17 15 157
29 4 287
16 3 197
23 12 35
18 2 325
9 10 303
20 9 271
22 27 181
3 13 243
26 4 173
13 12 296
3 26 8
12 22 146
0 28 316
13 8 26
11 8 289
19 21 149
28 13 351
23 20 74
2 11 158
9 3 198
16 22 201
11 12 255
9 15 335
20 18 125
2 5 77
17 3 1
20 15 215
5 16 377
5 15 292
28 21 168
21 24 331
8 22 248
1 15 406
28 17 109
4 11 93
4 24 88
27 7 76
22 12 79
1 0 285
1 11 363
27 28 189
19 17 177
29 13 348
19 20 39
24 16 288
15 18 27
24 10 2
0 29 272
11 9 236
14 19 56
10 11 363
9 0 59
18 19 238
12 8 40
4 23 230
11 27 276
1 5 393
8 7 358
1 26 90
4 16 116
16 27 82
10 29 191
12 10 285
21 16 155
4 21 364
15 0 249
14 2 310
4 8 44
16 15 97
5 1 272
17 9 300
27 26 166
12 20 236
26 14 174
20 7 77
8 0 396
10 5 248
4 19 124
14 17 16
19 3 283
13 17 244
20 27 305
14 16 266
21 17 311
14 11 143
17 1 1
11 3 223
28 16 189
14 24 38
5 3 165
5 23 398
8 11 326
22 28 202
27 0 11
28 11 160
27 22 106
28 4 408
4 28 231
26 24 391
11 14 60
11 28 159
27 16 332
18 17 316
15 8 362
2 3 67
4 9 221
0 26 94
24 4 353
21 23 119
12 4 111
9 4 106
14 3 274
10 16 404
3 23 24
8 1 247
16 1 216
9 17 239
29 2 208
13 26 308
15 3 54
11 2 393
17 21 292
4 20 398
23 8 100
10 28 290
2 10 353
10 12 336
27 5 34
8 5 22
7 9 178
0 7 166
9 26 70
24 26 334
27 23 315
27 19 118
9 28 248
15 10 406
3 0 408
15 20 357
27 17 4
7 2 386
21 28 414
29 15 103
0 2 186
20 21 26
16 4 30
19 9 162
26 29 74
16 21 321
21 13 4
9 23 159
15 2 130
7 8 30
26 23 362
12 3 329
0 1 52
4 2 134
23 18 289
19 1 411
28 10 372
3 24 0
9 18 72
20 16 202
29 9 416
14 21 4
18 29 51
21 20 176
0 27 106
26 19 102
13 21 6
12 16 257
10 0 297
28 9 65
5 13 142
11 18 35
17 12 76
8 24 357
18 24 253
18 28 62
1 7 392
15 21 197
13 3 192
10 17 100
28 0 360
13 15 309
5 21 21
0 4 372
15 4 225
29 23 43
8 23 411
12 18 23
7 1 105
24 13 290
22 5 10
22 1 396
12 13 151
2 21 221
10 22 64
17 28 161
13 7 364
16 7 121
0 13 332
0 19 333
23 29 206
4 26 361
18 21 70
21 10 216
23 28 326
2 0 60
2 1 241
2 28 354
17 14 61
10 1 9
10 15 365
9 22 78
5 10 325
28 29 246
26 22 58
3 21 135
2 7 404
7 12 112
24 17 38
27 10 327
8 15 104
26 3 143
17 5 91
3 27 195
28 22 385
2 23 289
14 27 346
29 7 401
22 29 92
28 15 413
0 12 166
24 5 168
9 19 174
4 29 137
13 11 187
17 13 76
12 23 119
20 26 132
10 19 111
21 22 411
6 27 18
6 17 5
6 5 1
6 22 4
6 23 27
6 13 27
6 18 14
6 10 8
6 19 17
6 15 25
6 28 8
6 1 9
6 11 11
6 25 10
6 24 0
6 21 11
6 12 4
6 29 9
6 9 1
6 0 3
2 25 19
4 25 6
7 25 14
8 25 29
11 25 22
12 25 9
13 25 4
14 25 21
18 25 3
20 25 9
21 25 21
22 25 28
23 25 18
24 25 22
26 25 25
27 25 23
