25
9
18 16 199
22 26 278
23 14 215
24 27 220
28 7 15
24 26 22
21 8 212
6 11 15
8 27 45
26 22 204
7 28 137
15 13 140
26 18 94
7 18 118
15 1 67
1 16 124
28 6 55
0 20 147
17 26 78
22 12 66
28 20 255
22 28 51
5 18 25
19 27 146
21 19 114
15 10 50
6 17 315
0 19 150
26 4 154
5 1 46
6 2 284
19 20 196
15 16 263
11 22 234
10 21 47
16 29 271
16 14 141
13 5 7
20 8 272
7 4 300
19 16 211
15 26 199
3 16 223
10 11 172
12 5 143
6 19 206
18 22 98
15 2 280
13 26 23
8 21 107
22 7 75
26 29 261
17 19 169
8 19 142
3 5 62
29 23 27
20 18 24
14 27 291
17 2 106
24 21 208
23 10 77
18 20 128
22 3 271
18 26 137
16 5 82
18 3 82
15 28 54
22 11 213
29 27 312
27 8 280
24 10 108
3 18 144
11 20 228
11 16 117
5 27 290
28 8 168
22 24 102
7 6 31
3 21 14
23 24 214
21 23 153
12 26 256
18 23 217
2 7 49
27 7 140
7 0 232
0 7 119
5 0 300
29 15 244
8 23 182
22 17 168
14 4 21
4 15 174
14 29 279
8 6 318
11 27 17
13 12 79
6 23 15
0 18 95
4 29 27
11 14 229
26 17 12
16 13 193
29 28 179
10 19 131
13 27 146
24 28 303
13 17 79
24 1 225
20 26 183
3 2 54
10 14 99
7 11 126
11 4 244
19 10 199
19 18 260
26 14 196
0 6 296
10 22 320
28 5 67
10 1 160
22 13 273
8 18 251
10 6 239
28 2 121
21 29 195
16 23 276
26 7 63
29 11 206
29 12 240
2 1 48
29 2 212
10 7 84
21 4 44
8 4 183
1 19 265
28 0 324
8 22 60
5 24 5
3 7 94
23 11 202
13 8 132
19 29 157
15 22 257
16 1 114
10 15 310
2 24 143
23 18 239
4 27 125
15 0 124
19 5 148
19 17 176
11 6 4
14 0 82
13 14 30
3 19 321
13 28 82
3 14 288
3 13 131
5 6 149
14 1 46
18 5 185
13 23 294
26 0 228
5 8 310
19 7 97
6 22 123
29 0 186
18 11 148
13 6 252
6 14 244
12 2 199
18 13 51
17 13 11
26 20 253
0 13 121
20 21 255
2 26 132
17 0 92
2 20 115
20 13 244
15 23 99
28 29 102
19 12 35
27 23 21
1 12 125
27 15 216
12 10 269
13 1 249
27 5 233
5 22 309
4 21 203
6 20 265
12 24 13
19 21 299
8 1 178
6 8 175
11 23 228
24 0 253
24 29 199
19 22 306
7 27 83
4 1 54
7 2 27
7 20 273
10 0 66
21 13 5
17 15 189
18 7 45
11 29 318
15 8 235
15 4 269
27 6 79
6 28 7
3 17 241
24 18 169
19 0 301
1 22 109
20 11 200
1 20 3
16 28 253
22 20 238
14 13 171
1 28 240
5 19 92
8 24 318
11 2 283
28 26 77
0 29 275
4 16 111
4 6 90
0 16 86
14 17 86
8 26 150
10 16 161
27 24 161
0 10 56
11 5 274
14 26 313
6 16 43
5 11 189
3 1 289
8 5 219
1 10 194
21 26 302
24 7 168
27 11 9
14 6 78
14 16 205
29 21 67
13 18 85
17 18 33
28 12 117
21 15 95
12 0 113
8 2 322
18 14 65
19 15 89
21 6 106
24 19 98
18 15 27
26 21 283
8 3 153
15 11 315
20 16 163
8 13 304
17 3 133
3 26 214
27 1 173
0 12 30
15 7 223
16 12 82
10 27 143
16 10 295
8 17 273
7 13 322
25 3 26
25 14 27
25 13 26
25 1 12
25 27 0
25 16 20
25 12 26
25 17 1
25 11 5
25 19 0
25 24 2
25 6 0
1 9 1
3 9 22
7 9 7
10 9 11
12 9 19
13 9 5
15 9 4
16 9 25
17 9 6
18 9 4
19 9 29
20 9 9
21 9 15
23 9 25
26 9 24
27 9 1
28 9 0
