46
52
40 7 201
49 40 84
19 31 591
50 1 318
25 38 143
27 54 182
4 54 548
26 34 33
17 39 776
51 36 869
33 26 876
50 33 868
56 41 693
35 26 93
18 23 68
19 51 656
1 21 802
18 48 654
40 31 67
6 44 678
57 12 291
19 38 61
51 12 741
24 17 462
25 43 60
27 41 403
17 5 803
29 1 900
10 20 201
33 10 258
1 49 171
4 30 539
21 9 15
6 55 543
17 41 701
35 19 109
5 12 602
29 3 341
27 24 239
1 7 62
50 31 44
53 1 796
15 38 698
29 7 320
23 51 410
37 39 63
12 37 55
44 11 439
35 42 144
30 26 851
7 27 265
1 37 812
10 2 539
31 35 428
41 15 293
15 47 439
6 7 736
5 8 684
33 29 579
20 17 98
51 8 49
8 35 112
19 8 69
33 22 894
7 35 14
15 55 337
14 15 294
20 54 428
42 31 52
31 13 586
17 27 245
35 39 347
7 56 423
9 16 199
17 28 810
9 37 347
43 30 255
57 48 308
45 55 404
9 21 649
11 16 438
30 3 315
12 55 141
17 38 331
37 16 769
43 1 340
1 55 681
48 34 280
47 17 15
7 8 541
48 13 289
59 42 686
35 40 238
3 5 216
39 40 565
7 25 753
7 12 192
47 49 206
7 40 416
8 40 64
6 36 274
22 59 640
58 5 883
56 43 134
23 49 205
35 27 780
20 24 715
42 30 412
51 58 293
17 54 233
29 40 435
1 13 811
50 34 236
29 56 88
9 23 505
9 40 677
50 8 539
35 5 877
38 43 444
16 51 312
32 30 176
37 19 726
16 58 563
21 51 900
50 38 911
19 48 358
24 42 551
35 11 126
7 20 184
23 19 260
25 41 558
34 10 610
45 36 265
10 41 866
2 14 735
15 10 757
32 17 281
11 58 249
31 38 282
41 53 239
50 14 555
5 55 672
39 7 698
44 9 272
38 18 363
7 45 738
15 8 583
1 9 624
42 9 291
53 5 340
15 54 467
22 3 555
28 33 539
59 0 571
55 17 444
23 54 223
39 3 29
29 23 84
42 47 877
43 44 154
3 33 126
41 59 533
53 0 694
33 11 583
30 32 523
12 19 312
1 57 299
6 24 75
54 49 491
34 30 654
30 41 712
56 45 842
23 8 253
25 0 52
14 47 899
47 5 182
17 30 369
50 32 208
0 10 790
51 17 740
40 1 798
12 35 222
53 42 144
40 18 166
21 58 569
18 27 786
15 30 653
57 44 325
22 57 729
14 17 341
16 6 111
33 41 250
25 2 18
44 2 203
51 25 766
50 13 389
25 53 664
44 1 608
40 49 101
30 49 161
18 39 321
40 32 912
40 33 903
37 3 198
38 30 871
34 18 608
0 58 646
42 1 262
55 33 387
8 18 10
56 44 846
56 10 242
27 9 846
5 22 491
49 53 223
55 53 385
48 12 354
36 32 172
47 19 544
9 20 452
24 30 596
10 1 346
36 1 651
8 39 427
44 53 805
8 30 656
20 21 740
24 8 470
37 25 313
2 4 238
24 1 792
4 36 449
5 11 581
15 7 312
42 38 570
51 24 524
2 41 30
44 32 340
39 26 204
15 34 629
28 26 785
59 28 135
39 32 244
5 30 323
54 57 474
29 22 188
48 8 329
4 57 248
6 59 299
57 6 142
12 59 798
26 49 172
38 17 695
2 33 210
3 34 630
44 51 599
44 20 112
28 37 503
25 8 58
42 45 544
55 48 458
16 9 791
4 22 743
40 16 617
11 31 391
43 37 428
58 17 5
25 37 53
26 57 103
45 3 70
15 26 907
31 25 505
11 51 730
0 51 159
57 40 387
39 2 368
50 54 411
50 16 426
56 35 660
55 9 142
37 9 489
9 48 221
7 38 716
9 12 472
4 15 380
19 30 645
17 18 108
58 38 577
22 54 347
32 39 654
54 4 687
5 29 713
57 10 807
17 20 768
32 47 417
45 48 677
58 29 553
14 40 615
45 2 393
3 2 127
31 39 381
8 12 434
54 20 337
55 18 656
5 21 788
49 13 591
11 12 362
41 1 747
42 19 906
47 50 312
23 7 768
5 59 323
27 28 737
31 50 527
20 23 783
21 35 771
57 28 349
31 53 241
39 59 686
34 48 590
30 59 204
36 6 427
45 41 256
8 54 24
13 50 563
7 14 412
21 36 607
15 58 39
33 30 252
14 55 350
59 34 848
35 59 914
16 23 834
18 29 777
31 8 819
5 34 453
34 26 887
5 14 840
39 58 859
38 40 119
13 7 183
58 59 299
1 30 293
15 17 194
24 43 649
19 7 718
49 43 328
37 29 390
36 30 897
2 31 357
24 45 214
59 10 175
1 25 841
17 51 299
34 8 321
47 12 611
53 38 307
40 50 303
44 8 873
17 1 559
16 11 908
23 17 731
18 28 369
56 42 543
21 43 260
9 35 63
48 0 881
28 8 570
55 20 911
43 38 676
4 41 135
16 12 112
15 25 658
39 6 814
40 29 698
42 18 444
14 10 362
15 18 371
37 33 851
4 13 895
32 20 98
45 22 96
1 59 829
59 31 310
1 24 370
39 43 98
16 2 233
27 4 804
5 40 753
33 14 405
55 59 497
8 44 441
49 55 79
16 43 36
59 12 783
31 22 564
45 24 514
57 31 706
27 29 893
45 44 43
54 0 829
26 56 308
50 2 451
20 36 512
56 0 90
19 6 314
6 25 335
41 22 243
42 2 814
29 44 761
18 4 329
40 17 157
29 6 636
6 57 121
26 51 426
56 39 908
22 18 541
44 17 766
29 31 599
5 42 536
16 8 344
3 6 209
5 23 267
18 59 605
44 22 619
4 17 905
57 49 127
28 12 637
18 15 599
59 6 768
36 31 517
54 12 399
28 15 281
47 6 176
56 23 445
5 0 24
25 16 331
10 5 26
59 41 500
47 38 518
3 44 250
50 15 217
58 11 10
40 43 434
30 5 0
8 6 361
48 56 214
17 26 695
20 51 292
8 17 882
6 58 52
14 58 377
4 29 194
29 19 817
43 5 433
42 55 607
1 29 634
19 32 25
59 39 563
24 59 717
58 6 772
53 27 38
41 54 538
35 36 280
15 43 102
44 5 816
0 53 897
24 49 348
8 10 674
21 19 673
30 47 159
5 41 751
20 12 673
47 31 732
47 27 613
43 18 265
31 40 833
15 35 71
37 20 183
37 14 656
26 41 161
29 18 347
29 42 369
45 6 829
15 50 906
56 18 755
21 10 595
56 55 474
19 50 810
18 34 835
38 47 847
12 13 583
56 29 397
12 44 302
30 45 3
44 15 294
10 23 594
49 3 52
7 39 437
53 24 288
18 8 519
6 31 607
5 36 338
5 38 538
47 29 241
41 12 385
54 40 913
17 22 507
6 40 462
14 32 446
5 54 185
12 25 409
39 10 441
2 53 120
13 24 554
8 37 439
29 45 235
37 4 309
14 4 543
27 12 179
56 22 264
59 1 646
24 33 829
25 55 133
48 36 545
21 18 632
48 7 143
0 23 434
12 41 607
39 15 20
6 3 872
14 11 793
55 37 123
2 42 819
42 58 676
54 7 430
44 43 850
31 36 585
15 2 744
37 7 119
27 47 427
59 16 717
29 55 498
20 8 467
1 19 73
58 49 579
15 14 441
24 58 432
34 39 573
41 30 894
37 17 717
16 36 168
20 4 357
55 27 315
16 13 850
4 0 428
53 36 866
21 33 45
6 4 426
55 57 792
59 23 74
38 49 203
39 19 394
7 28 317
56 27 399
21 54 244
35 15 530
4 42 763
36 23 401
43 8 350
15 5 609
35 17 441
57 20 689
3 11 358
15 40 901
11 21 735
18 30 19
50 20 582
23 55 363
44 33 550
33 0 655
17 44 20
43 25 797
16 27 577
27 42 94
32 48 63
11 34 325
42 7 706
15 42 545
58 39 35
38 44 702
32 58 111
49 54 688
17 32 147
4 5 596
43 39 429
17 11 188
57 42 598
42 14 279
29 58 158
14 6 705
5 15 683
35 43 592
40 5 466
6 12 216
24 40 306
53 7 620
37 13 576
48 2 521
5 17 772
36 34 108
21 47 531
21 14 747
37 1 797
0 35 56
34 5 758
18 49 803
1 45 764
13 20 190
19 55 429
54 19 192
28 9 378
13 3 253
23 47 845
33 27 75
22 23 110
27 21 330
17 56 61
38 10 233
31 56 766
28 34 25
32 33 7
31 34 42
12 1 173
13 26 751
43 51 112
9 4 409
39 9 361
8 25 877
10 0 204
28 24 463
10 54 863
53 10 823
2 50 414
51 45 159
30 20 389
54 35 239
7 13 52
1 12 140
14 20 147
35 8 426
55 2 853
23 16 680
39 53 36
5 9 281
3 41 257
2 27 374
48 57 466
57 32 871
28 32 79
0 47 421
10 51 199
30 0 581
30 39 3
37 6 737
57 30 789
48 49 103
15 13 682
30 57 884
40 10 851
49 35 854
0 13 199
44 47 716
1 44 310
37 12 450
22 36 494
28 2 386
1 15 142
20 25 414
16 29 778
31 33 350
53 40 674
42 10 293
38 36 618
47 45 631
28 29 562
20 50 617
3 53 496
26 2 901
36 14 811
36 11 592
23 33 561
5 35 758
23 28 349
19 35 648
12 7 150
12 45 670
17 49 129
50 53 518
25 27 112
19 37 497
24 14 42
0 37 696
6 11 251
49 6 22
43 0 136
33 34 335
9 14 849
48 17 63
21 31 511
42 53 546
24 38 481
0 42 90
51 3 407
25 54 330
45 35 407
0 34 347
39 37 313
41 26 132
30 1 276
4 24 31
58 32 333
38 4 861
16 31 851
54 56 565
37 45 3
35 2 617
4 20 17
37 49 620
34 55 59
2 37 860
40 11 38
0 4 452
54 44 119
3 9 190
9 3 367
14 5 546
51 20 347
25 49 255
50 5 87
28 25 175
53 22 485
40 59 621
53 57 356
51 44 195
6 45 652
28 7 20
26 6 338
6 8 33
1 40 186
11 30 246
0 59 781
2 8 786
0 32 720
7 50 837
21 24 8
1 3 665
8 36 612
40 2 583
35 7 321
15 44 709
30 14 805
42 4 357
44 0 222
39 14 546
15 31 163
43 54 558
29 5 596
23 38 177
25 56 779
55 13 59
18 9 16
2 15 61
37 41 292
49 24 70
4 34 435
54 14 900
7 18 407
58 0 489
27 34 393
53 50 838
18 35 179
25 1 847
9 0 289
14 18 633
49 48 286
9 19 618
29 9 470
22 7 644
35 38 262
25 9 530
51 50 87
13 32 45
2 12 899
4 31 0
45 30 638
21 55 902
34 33 50
9 38 821
47 25 885
51 43 781
26 45 889
41 18 228
50 42 821
2 13 700
24 44 726
18 13 393
36 53 799
17 14 910
23 15 740
6 43 789
45 59 114
6 48 520
58 15 793
25 36 733
43 16 79
12 57 588
33 16 818
18 2 851
24 19 528
12 36 132
33 59 541
0 22 94
25 33 362
26 32 788
45 33 445
7 47 611
18 11 269
4 28 447
13 56 137
32 28 123
9 28 733
28 4 457
20 35 808
24 50 623
28 35 628
53 28 654
32 49 730
53 16 366
42 25 417
50 21 178
41 17 75
41 36 271
3 1 14
13 25 626
22 34 347
25 58 170
11 5 281
30 33 208
35 24 102
49 11 325
56 31 141
47 11 236
22 32 390
19 15 524
12 15 813
46 2 10
46 28 32
46 15 16
46 34 57
46 9 48
46 13 55
46 27 28
46 50 31
46 57 59
46 8 52
46 23 52
46 51 19
46 17 11
46 10 36
46 32 14
46 49 11
46 7 50
1 52 36
3 52 43
4 52 11
7 52 58
11 52 36
16 52 49
18 52 19
19 52 2
26 52 26
28 52 49
32 52 2
34 52 6
36 52 18
44 52 36
54 52 14
58 52 52
59 52 5
