12
29
2 15 42
15 24 101
17 24 74
24 3 131
6 26 1
26 15 86
21 16 63
23 15 100
13 0 123
9 0 21
26 17 53
16 23 13
26 3 29
11 13 67
4 18 76
13 6 10
23 6 66
7 6 48
17 10 64
25 5 127
17 5 68
24 6 69
3 27 13
2 18 103
4 0 122
27 2 92
23 1 106
18 3 5
9 11 25
22 11 77
0 1 68
4 21 58
23 22 3
27 20 114
6 5 8
6 3 107
20 9 56
11 7 134
27 28 121
5 4 48
9 14 23
21 8 125
6 16 21
0 14 122
20 24 51
0 9 72
3 17 10
16 26 83
4 25 96
27 13 115
2 13 106
14 23 22
22 5 103
28 21 60
3 2 128
5 14 96
10 2 53
8 14 137
19 18 84
20 13 96
4 19 110
15 25 10
14 0 109
23 11 23
9 18 80
9 5 46
4 14 63
6 24 109
7 10 59
4 8 93
3 23 134
6 8 36
17 9 110
4 23 59
14 1 63
0 19 91
13 17 49
17 18 135
8 20 53
3 4 56
25 9 93
7 28 128
23 4 98
15 1 40
23 17 113
0 3 17
19 17 109
14 18 15
25 11 56
17 0 91
27 17 97
25 22 98
4 11 3
1 5 102
20 19 99
13 14 97
1 14 37
9 22 30
3 25 77
14 20 106
2 25 75
13 2 88
25 26 4
19 24 102
21 25 7
19 26 13
16 5 67
10 4 33
3 9 135
8 17 26
2 5 112
25 24 105
1 20 4
6 0 92
14 22 83
27 22 0
12 27 23
12 13 0
12 11 11
12 5 21
12 0 15
12 22 18
12 9 2
1 29 4
8 29 3
9 29 29
10 29 5
18 29 19
27 29 27
28 29 25
