7
20
8 23 33
25 11 125
15 21 150
9 18 74
8 1 115
0 14 220
21 9 196
13 28 156
14 28 13
28 21 92
4 17 165
4 13 49
9 17 59
26 21 13
0 2 192
8 6 110
16 17 159
25 21 208
16 12 204
29 11 38
23 12 74
6 2 216
22 8 180
23 25 220
3 0 219
4 1 43
29 18 157
0 24 155
26 29 19
2 18 104
27 12 28
14 9 94
29 17 163
10 4 62
28 17 37
17 22 4
5 18 142
28 9 231
17 27 218
19 3 186
6 12 37
12 22 216
25 9 116
24 4 214
19 24 159
9 24 198
10 19 54
12 23 54
4 24 149
10 14 186
24 29 37
19 25 14
28 8 7
6 16 29
10 5 130
15 25 13
0 16 98
12 3 75
2 17 193
11 4 121
21 26 84
9 25 95
29 5 228
13 18 65
9 19 126
3 25 83
13 25 61
2 23 217
25 0 86
22 1 193
11 21 96
23 19 102
16 8 9
24 19 51
27 0 16
6 10 119
18 15 165
13 12 22
11 15 210
15 28 166
1 25 43
2 9 97
6 15 44
6 5 58
15 23 25
27 1 103
0 22 191
24 3 128
29 14 69
21 15 54
6 25 153
9 8 26
10 16 49
8 11 124
19 18 148
2 13 142
22 15 63
13 22 97
28 29 37
6 0 17
11 26 196
0 6 127
3 22 116
27 13 165
25 3 58
25 13 95
11 25 125
17 9 61
26 9 76
16 6 230
26 16 227
12 2 188
8 15 12
6 24 225
8 17 10
11 17 39
27 15 119
9 2 15
0 12 4
8 29 36
12 17 146
28 5 219
15 18 139
18 17 83
2 16 178
13 27 146
27 11 201
23 14 25
11 9 175
8 18 141
5 1 192
1 27 55
10 13 136
24 6 160
23 21 137
13 0 46
0 3 193
15 14 111
23 16 35
25 4 33
21 14 31
29 4 82
14 3 141
2 12 117
9 23 54
0 29 99
16 11 184
2 24 47
24 9 43
12 21 75
23 22 170
28 26 17
18 3 118
23 8 93
5 17 178
4 25 203
14 15 2
13 10 213
3 27 33
17 2 48
13 4 31
9 21 57
14 23 140
29 9 188
15 6 129
5 3 111
1 17 169
25 18 228
22 25 73
18 22 3
1 11 65
13 8 105
6 13 0
11 16 66
26 8 220
13 26 124
18 19 108
12 0 143
22 9 156
29 28 167
29 8 76
3 24 101
25 22 18
23 18 180
23 10 166
19 28 82
5 26 51
10 6 195
2 10 109
19 8 9
11 27 77
29 22 37
4 28 69
10 27 33
8 9 16
10 23 181
5 13 203
21 24 135
26 0 51
7 4 6
7 12 13
7 11 23
7 23 17
7 1 28
7 3 4
7 8 20
7 25 15
1 20 9
12 20 11
14 20 17
15 20 7
18 20 11
22 20 4
