44
47
59 12 190
17 4 763
33 27 127
40 8 176
29 17 1031
57 51 745
48 18 35
51 21 233
53 10 280
32 1 561
51 56 550
21 37 311
2 33 662
18 3 1278
31 51 881
23 50 956
1 14 161
46 32 1189
1 31 393
16 50 938
59 14 303
19 26 742
20 36 652
31 57 838
58 4 791
55 6 764
32 22 638
43 17 60
1 37 588
51 35 793
38 10 1261
10 19 947
52 7 205
3 42 859
23 29 912
29 5 1154
3 52 1000
36 29 30
26 38 304
12 7 308
2 34 1265
23 57 533
9 55 247
48 22 444
43 9 1174
4 53 989
16 2 816
30 17 351
21 2 811
10 48 1265
29 39 1134
22 18 678
51 27 271
1 21 587
14 33 33
0 28 353
28 50 801
15 33 908
56 25 171
15 48 964
46 9 875
11 33 914
38 34 467
11 5 638
28 11 1055
18 31 1110
52 1 1009
31 14 438
6 21 66
9 50 593
3 1 609
55 56 1122
56 7 90
46 37 162
7 26 104
46 43 723
9 23 332
58 24 670
48 49 177
13 17 1175
27 29 960
56 37 1118
40 23 348
12 36 1049
16 59 829
56 21 1068
38 1 134
58 1 27
22 31 1028
15 31 564
0 43 1234
9 30 438
39 18 280
56 3 1244
12 30 78
52 2 540
10 30 316
26 57 67
54 24 769
5 42 683
14 0 979
58 53 1257
57 48 1107
0 45 252
13 9 781
48 5 74
45 50 631
43 37 970
35 31 1079
57 9 1182
13 40 149
48 17 1235
42 3 245
49 21 867
30 34 258
46 56 1241
58 49 857
54 7 268
30 58 764
48 45 845
34 51 877
13 39 587
59 30 808
7 15 296
14 16 649
58 37 338
6 32 1264
40 32 382
15 58 1081
24 27 1099
41 53 1096
3 34 140
34 25 34
30 7 869
27 12 1251
28 26 637
56 5 410
22 11 288
4 59 1241
29 14 801
17 35 674
40 6 364
7 32 970
45 6 623
21 56 485
50 2 112
50 43 1051
29 57 606
58 28 1224
56 6 508
1 57 962
55 37 939
54 16 304
21 7 225
14 36 206
27 13 945
45 41 483
26 53 981
24 45 1026
22 24 77
59 40 86
18 13 565
22 4 333
19 59 847
0 29 1264
56 55 821
27 22 159
1 19 1056
32 36 516
16 56 457
16 38 76
22 20 360
57 6 833
46 25 395
1 38 816
5 1 577
28 9 514
20 38 581
30 0 264
48 40 182
14 41 240
0 41 1092
18 51 632
8 46 365
7 59 1236
8 53 684
31 27 86
39 3 45
27 59 1269
24 6 577
3 36 933
58 54 742
13 10 1026
10 46 548
0 54 465
12 16 680
28 3 849
46 8 326
51 48 796
50 59 273
56 19 451
2 38 1010
24 9 683
33 45 555
36 21 1110
54 55 1209
7 51 808
14 19 16
6 27 739
4 54 661
29 32 863
33 8 706
20 40 553
20 56 1088
19 52 1026
0 14 570
14 54 124
15 40 695
36 42 953
5 14 1130
35 56 1234
51 2 1116
10 31 803
18 58 407
9 8 698
25 38 781
23 32 641
28 18 919
8 55 2
43 10 154
15 54 168
12 8 893
39 29 567
56 45 864
8 19 79
20 13 1124
32 40 622
37 26 869
25 13 757
29 50 68
36 4 1271
26 10 465
12 29 438
45 51 610
57 42 185
41 31 331
19 23 377
27 18 17
32 18 577
33 19 252
2 57 1171
50 54 952
36 25 1128
31 29 287
40 41 283
22 57 253
7 38 60
55 13 414
55 11 136
52 22 627
32 37 371
59 17 1220
20 30 352
41 55 183
2 50 941
25 41 32
25 7 584
38 39 149
12 5 435
8 32 251
19 53 732
14 46 710
16 17 1156
8 3 1278
26 30 51
3 26 894
6 38 845
39 17 968
13 41 1001
16 0 425
57 1 910
27 14 730
18 33 1105
20 48 819
4 10 730
53 6 220
2 54 457
8 45 326
22 10 125
26 59 1213
9 53 1111
38 28 820
12 46 580
21 5 238
4 57 333
20 26 369
30 9 935
11 38 27
50 7 168
52 15 1148
29 37 1022
56 40 678
30 31 371
54 41 942
40 36 66
10 14 308
35 52 80
56 36 894
15 22 278
22 46 478
31 16 805
45 10 464
20 21 735
55 39 818
58 33 1075
0 40 273
27 20 149
33 7 851
31 37 540
12 48 976
40 35 887
40 45 550
12 23 781
35 8 650
49 0 116
4 34 127
2 5 125
16 19 1160
46 1 350
26 28 1086
59 21 444
21 4 510
21 6 36
14 48 1164
24 57 875
9 12 387
59 23 612
57 50 397
4 1 447
11 43 530
51 16 490
30 52 101
14 45 1279
53 36 177
24 22 715
11 36 443
20 33 528
39 22 441
19 46 588
2 10 908
23 39 739
4 8 244
39 53 998
34 53 210
23 7 488
2 4 1027
43 27 609
0 23 310
12 51 336
37 16 129
22 37 310
25 8 291
37 13 911
36 17 508
56 10 608
0 52 110
25 54 316
16 33 927
27 35 416
51 3 462
53 9 140
25 20 87
10 20 1249
52 41 378
53 39 1237
38 35 1203
20 50 98
50 36 977
3 30 1082
15 35 1213
20 14 593
7 24 963
3 8 724
53 48 106
32 20 784
52 45 944
49 28 317
17 12 243
38 53 827
17 55 1167
45 9 440
34 19 977
29 0 292
28 35 1113
0 15 1085
52 35 1103
35 9 1168
5 16 1224
5 37 1016
41 9 729
55 10 1054
54 35 608
45 8 433
28 39 301
38 16 1184
0 17 321
16 36 90
17 51 257
34 26 1036
53 15 481
42 23 173
34 36 474
7 22 275
50 31 1025
54 5 934
40 31 423
3 57 975
28 34 350
15 7 530
19 25 810
53 26 957
45 3 280
0 30 928
26 23 1167
57 25 862
33 9 1013
55 12 1030
20 6 526
26 12 1198
14 22 517
14 43 858
46 19 684
34 49 546
38 43 376
30 25 1260
1 48 926
38 18 359
59 6 948
9 10 481
31 52 327
18 48 281
29 41 85
21 59 263
12 50 1248
36 16 565
52 29 1087
37 17 1225
25 16 439
33 42 495
21 17 158
57 29 430
38 9 972
50 28 1005
23 37 345
27 39 924
12 54 370
31 24 786
59 27 715
14 25 589
52 55 586
57 52 880
15 32 503
37 11 799
11 14 1081
54 17 294
32 29 256
51 37 872
29 19 1155
30 10 403
15 37 130
23 1 252
29 38 699
57 53 1076
30 6 565
54 31 252
30 21 658
20 9 517
46 2 964
45 59 632
41 42 592
3 10 242
14 38 718
20 46 870
54 48 924
21 8 63
56 24 9
29 59 125
4 25 111
15 43 1074
35 6 47
7 39 924
0 59 1201
49 26 956
34 18 857
34 24 152
50 3 196
21 57 219
9 54 961
26 50 1224
15 1 760
58 46 416
5 22 640
25 42 471
17 34 635
17 38 1120
46 22 1222
3 56 948
4 7 909
17 21 695
13 43 1152
38 40 823
56 22 1022
18 52 42
13 54 1089
45 1 829
2 7 1196
51 15 437
32 34 383
3 7 764
33 55 943
3 51 339
52 37 87
59 19 770
22 45 687
52 11 495
5 13 173
33 3 628
42 4 862
36 7 457
19 56 979
30 27 67
55 46 239
50 9 416
36 53 1182
53 23 64
11 6 115
45 12 692
4 32 291
21 54 511
6 56 54
26 45 1129
46 31 1190
55 49 1136
29 20 969
56 50 589
41 12 385
48 34 213
35 5 1115
39 12 570
2 16 62
27 30 1044
48 54 1226
57 32 792
34 45 579
55 45 526
6 48 383
23 20 1097
17 45 1008
29 23 323
57 24 246
41 2 1272
23 13 467
5 6 1000
16 57 147
37 18 671
0 8 375
20 12 768
7 58 203
28 27 207
53 11 487
10 39 475
26 37 844
51 4 683
13 58 1268
30 38 469
54 27 1214
21 49 1073
18 50 1057
14 18 1240
43 5 342
54 42 380
52 23 659
0 2 584
59 8 92
7 5 483
55 20 905
53 42 176
25 4 177
6 59 279
14 17 89
21 29 663
25 1 1066
23 35 23
58 13 637
2 9 280
58 19 707
19 42 443
37 21 807
50 8 263
23 38 720
59 52 559
6 49 683
48 25 791
1 26 572
10 54 693
17 41 13
21 52 974
33 58 118
46 49 37
22 15 816
41 39 80
12 3 1072
21 16 231
40 2 382
33 16 879
52 16 459
19 8 99
58 40 134
1 11 35
27 54 535
53 49 15
14 51 587
49 46 1247
18 38 291
30 54 473
7 55 566
21 41 692
2 42 757
49 3 249
48 52 876
18 0 1191
0 9 82
4 45 634
52 49 801
37 2 566
18 27 1021
21 35 666
48 59 948
55 8 709
56 26 579
18 35 984
20 18 1012
9 46 1235
57 37 790
4 13 995
59 58 411
16 13 41
55 41 846
17 1 780
31 25 789
37 48 73
37 28 216
48 57 1035
49 25 627
25 30 558
0 55 629
42 34 434
23 17 1069
30 32 467
29 10 320
20 16 1134
40 0 761
32 0 346
38 54 336
37 36 1214
49 24 1210
59 2 864
45 48 214
50 29 771
31 40 216
36 56 581
29 9 404
7 29 981
9 48 1046
41 34 1067
53 56 512
19 9 869
4 9 469
9 52 293
55 3 1127
55 0 969
23 59 320
36 37 380
26 34 230
29 45 124
39 34 879
45 53 110
16 3 838
32 2 4
15 28 1181
19 18 218
9 27 744
20 25 1132
28 25 290
56 57 487
23 36 38
24 1 388
14 20 567
52 46 11
37 42 885
17 33 361
45 20 423
14 15 748
17 48 1138
33 40 957
18 5 966
39 16 793
7 49 122
38 52 1005
57 19 519
43 23 1068
17 50 185
8 31 1103
11 17 427
29 49 784
15 2 209
32 39 985
38 48 8
53 57 426
52 50 1130
54 11 266
51 24 439
54 40 830
54 57 408
38 31 927
17 29 891
37 23 683
43 40 338
4 39 768
52 56 693
14 42 175
17 26 461
33 59 143
10 18 1052
54 13 1120
9 57 971
35 37 566
4 17 732
45 7 568
39 37 83
39 2 833
49 37 163
41 43 786
23 0 220
59 3 470
8 9 468
32 25 515
51 43 99
37 22 1166
8 39 356
1 18 1168
57 58 1056
6 55 656
9 16 370
57 33 349
58 55 424
34 37 595
30 50 698
10 51 1159
55 58 1028
14 58 171
25 55 100
28 0 454
29 13 934
41 20 247
11 28 76
8 49 752
17 59 449
54 23 780
13 2 1121
41 21 998
30 23 645
51 11 226
26 0 404
20 43 33
20 32 1107
8 23 480
18 26 119
57 59 568
43 38 301
1 54 148
24 7 171
43 31 1149
50 26 977
30 45 1052
7 10 537
9 58 786
45 55 896
36 52 1081
33 5 1196
33 25 263
21 12 1157
2 52 337
38 15 1134
15 24 511
12 31 197
27 2 1017
45 24 69
6 41 74
14 4 649
20 45 161
10 21 250
14 9 500
49 30 720
3 0 481
5 10 861
33 26 912
41 51 1070
31 59 911
13 33 185
33 53 882
5 0 1015
7 16 616
18 56 492
48 30 1014
10 36 963
52 48 1089
36 20 979
17 10 427
43 21 1091
32 11 1029
34 30 535
0 27 596
7 46 575
9 1 568
59 54 711
12 53 1262
4 15 439
59 32 23
33 12 687
10 1 453
37 34 38
43 2 200
57 22 697
7 50 423
48 1 219
38 2 344
42 31 1241
1 20 829
1 41 262
58 39 555
19 22 595
10 11 636
43 8 13
50 34 780
53 46 720
51 30 926
40 58 509
13 0 410
32 5 661
23 9 708
59 28 428
34 41 1092
39 5 826
59 4 270
13 20 991
15 19 221
6 18 1217
59 13 578
27 24 318
14 5 805
29 53 870
59 35 318
14 29 1079
53 35 203
36 8 133
22 53 996
22 6 1102
59 24 46
29 7 390
41 22 620
4 2 901
42 48 438
26 17 909
58 43 1059
9 24 115
9 3 716
42 7 1031
41 52 889
23 54 1048
28 48 1213
57 4 688
43 41 629
0 32 1081
31 48 355
49 14 1198
40 42 1245
42 15 600
49 42 771
31 22 147
26 55 561
23 15 103
6 39 1109
13 34 113
7 3 1223
38 29 327
35 7 1025
20 10 398
43 6 677
9 51 613
25 22 1078
57 43 777
10 24 750
18 6 244
2 21 899
45 57 1165
58 6 278
59 16 588
12 1 510
12 57 15
13 52 412
29 40 448
50 15 464
31 56 1252
33 1 889
53 29 40
55 48 19
15 9 945
40 14 700
46 59 814
1 30 875
49 51 188
49 4 562
50 45 585
1 39 123
19 54 805
39 10 655
17 9 118
32 38 1113
1 5 35
58 34 1003
17 18 219
45 31 891
40 17 89
45 42 916
27 10 682
31 43 826
35 21 1050
2 0 1046
14 1 535
53 4 678
39 59 311
22 2 247
22 54 360
32 58 206
34 48 995
10 28 867
35 33 1094
9 11 87
49 45 566
6 36 1100
27 50 200
21 46 847
22 3 1021
32 6 1031
54 12 418
55 1 128
36 15 24
38 7 1258
34 42 146
19 45 1216
19 27 661
4 28 284
41 35 888
52 20 265
59 56 996
43 3 668
38 25 451
4 29 773
42 56 161
25 2 285
24 11 1237
0 6 131
14 32 1113
24 26 860
37 5 763
5 40 792
18 49 418
32 15 381
10 4 142
59 38 69
15 3 107
29 2 880
26 32 413
31 28 702
48 32 1251
49 52 1183
22 5 1041
9 59 396
55 19 753
41 10 665
13 5 862
51 9 867
7 25 1061
24 21 1135
59 50 1244
41 27 430
12 25 891
52 3 1208
8 59 213
50 46 102
24 40 1180
4 41 1160
53 32 423
55 21 1233
1 29 791
5 48 1034
35 46 210
43 25 373
45 40 1013
51 22 1051
48 53 836
30 53 895
0 26 1213
10 8 713
58 9 1097
32 51 25
8 10 593
54 50 905
17 49 877
25 51 358
2 30 501
48 46 407
59 29 1018
22 43 779
7 57 1186
51 38 550
52 26 49
28 13 852
27 25 606
2 26 252
8 27 513
13 18 446
32 9 1013
25 14 917
55 32 795
21 26 1148
16 15 807
23 51 1157
16 37 546
28 56 1243
22 21 1110
2 40 394
51 1 394
43 11 705
29 12 19
10 50 365
39 41 519
49 41 194
6 31 1143
43 14 505
26 20 793
9 45 914
33 29 1172
8 20 76
7 1 1246
38 17 667
27 43 360
12 19 1137
33 46 377
39 42 348
43 12 487
13 56 152
54 53 401
3 17 431
9 33 1050
52 8 1150
39 15 553
13 29 472
3 18 952
2 11 532
33 17 1037
11 53 1262
16 34 581
8 57 975
29 1 280
58 35 1041
49 32 201
6 35 530
7 42 208
13 23 663
52 5 692
20 55 1169
37 39 963
37 8 134
11 56 601
34 0 791
23 12 1087
41 0 268
45 30 1240
21 32 222
19 55 817
15 20 818
50 56 127
36 14 1141
11 20 759
46 29 386
24 37 308
31 1 1183
53 51 1105
52 6 332
7 23 249
13 36 1050
26 21 381
29 15 1200
27 16 92
58 31 583
50 58 588
32 31 594
1 40 826
20 7 491
9 34 924
12 56 978
56 15 580
56 38 2
27 31 1043
5 45 36
23 26 927
33 35 89
16 55 209
8 29 567
27 53 3
5 21 221
50 4 372
8 38 327
38 24 1184
43 19 595
36 12 601
22 38 274
36 48 1254
21 53 474
20 57 640
0 33 135
1 59 110
52 38 812
3 22 1232
26 7 533
30 15 924
28 58 414
3 54 321
50 13 660
16 14 836
1 51 348
20 42 1118
4 46 375
41 57 261
50 48 394
10 59 949
38 45 554
4 11 723
16 35 606
50 57 48
41 11 718
10 17 11
32 43 445
26 3 1246
34 23 1185
24 54 392
29 25 1099
36 26 529
46 26 671
14 52 12
26 15 653
51 34 150
39 43 871
54 58 749
27 11 130
54 30 659
0 19 36
55 22 309
48 2 520
24 42 230
53 34 489
0 4 836
32 23 199
1 17 306
9 42 627
11 30 805
58 12 848
12 6 918
19 11 1144
35 53 1084
12 34 903
0 10 1103
54 0 1109
54 49 905
10 53 724
22 34 1065
21 18 385
40 21 682
32 33 1170
31 20 992
6 37 796
54 22 999
46 35 381
12 22 580
44 57 17
44 35 36
44 38 11
44 16 38
44 17 43
44 3 3
44 20 1
44 21 53
44 36 55
44 5 37
44 58 22
44 25 58
44 12 38
44 10 5
44 31 35
44 49 16
44 14 40
44 23 44
44 26 5
44 37 0
44 6 22
44 56 39
44 51 30
44 19 34
44 8 2
2 47 9
3 47 30
4 47 8
9 47 17
11 47 32
12 47 7
18 47 32
19 47 4
23 47 17
28 47 30
30 47 14
35 47 31
36 47 43
37 47 40
49 47 43
50 47 2
54 47 26
55 47 58
56 47 32
57 47 32
