35
23
21 3 113
44 16 195
11 21 152
7 39 122
32 21 268
39 34 210
3 28 94
36 8 314
13 18 165
45 43 291
7 0 42
14 47 139
6 45 177
11 22 300
30 24 108
27 15 55
22 31 209
8 27 307
13 46 261
27 41 69
18 14 154
0 42 267
19 1 228
12 7 125
44 5 291
15 13 127
36 14 0
43 47 201
9 43 303
49 32 250
36 25 75
32 39 152
40 48 369
1 25 156
18 20 147
36 10 260
43 37 211
48 47 68
25 29 298
43 11 343
9 24 302
28 22 103
25 26 319
48 4 244
32 9 227
49 20 316
8 26 368
30 40 225
18 30 117
26 24 320
22 40 215
5 33 222
48 42 277
7 49 57
26 41 353
29 42 358
44 6 239
3 26 195
14 22 219
2 10 61
6 24 180
31 42 301
25 1 255
9 28 157
12 30 45
43 2 78
28 33 102
41 37 229
2 34 46
1 20 264
37 18 160
40 44 380
28 8 226
45 41 222
38 29 365
10 41 326
25 30 354
2 49 295
9 22 204
11 34 142
19 27 26
27 49 1
5 14 53
32 10 143
33 47 379
47 39 41
46 42 21
16 29 98
33 6 275
9 14 140
14 9 38
14 37 193
6 37 291
8 13 57
11 30 369
16 12 173
1 40 97
22 39 346
19 8 209
13 1 237
46 19 363
18 17 142
33 48 358
1 49 42
13 49 175
15 22 168
20 3 215
18 28 92
1 13 10
44 22 152
15 17 251
26 20 216
38 5 305
29 33 269
45 9 317
5 22 218
38 3 378
22 49 321
25 21 57
2 39 75
11 40 190
46 8 146
18 39 103
22 15 373
16 6 124
36 0 267
12 41 200
36 29 358
31 28 171
14 24 26
12 27 293
2 18 287
20 4 260
13 3 102
14 2 284
12 2 324
1 34 380
31 11 65
9 18 297
0 6 15
9 10 126
37 15 27
18 49 288
8 17 233
25 14 264
25 8 200
36 33 343
42 4 235
41 25 161
32 22 301
26 29 320
48 13 92
0 27 59
31 6 260
17 6 179
26 32 295
36 42 361
37 9 259
26 15 1
4 29 381
16 5 327
47 40 168
10 7 285
42 27 131
36 26 356
2 36 159
30 36 52
44 31 149
40 13 160
39 29 86
16 3 266
26 4 347
37 2 252
40 28 27
19 15 304
38 34 97
17 46 335
28 46 231
43 49 248
11 15 127
14 7 252
14 1 127
10 43 207
2 38 131
43 5 208
11 46 206
24 48 380
3 37 88
32 45 220
12 47 302
6 29 55
2 47 297
48 3 263
39 26 7
20 18 56
22 27 92
11 32 68
11 0 26
13 15 47
10 44 270
28 26 232
3 5 154
11 42 187
7 47 370
6 42 82
12 36 108
0 3 3
48 49 30
31 34 272
49 5 323
31 18 206
11 5 199
5 48 75
38 15 263
13 36 269
3 48 130
24 19 309
30 22 199
1 42 327
36 12 311
16 34 269
30 34 141
27 32 342
12 26 15
25 43 113
37 22 236
0 14 218
2 43 110
17 29 67
2 28 113
29 32 267
15 39 200
9 0 207
29 9 97
2 42 137
36 11 146
10 18 165
34 32 235
11 27 129
39 1 318
49 11 100
14 11 92
30 12 248
19 43 43
9 20 145
40 0 336
28 11 299
48 9 56
14 5 240
25 36 292
7 45 167
38 13 94
2 41 66
37 36 148
44 12 76
14 26 109
28 41 367
37 43 43
27 1 180
27 19 319
32 1 240
49 47 85
37 19 294
20 10 250
36 19 276
28 38 187
20 25 217
3 31 166
37 11 126
27 12 151
34 46 127
32 3 211
13 21 78
17 45 87
18 26 234
8 7 89
13 42 275
11 2 49
46 20 23
1 18 320
30 31 180
12 24 362
37 49 169
25 12 18
36 24 0
37 20 142
25 45 320
16 28 177
37 47 308
29 34 309
47 29 137
43 10 304
44 26 357
12 10 268
7 21 191
22 25 106
34 21 36
13 40 336
48 2 208
39 28 334
42 38 87
9 36 112
45 27 178
38 0 12
48 32 199
30 2 172
36 27 92
8 5 302
43 42 264
12 11 84
4 18 296
22 2 134
42 10 339
22 9 48
30 32 179
28 49 368
0 39 37
8 40 179
3 20 318
48 33 321
45 25 104
16 2 162
41 26 6
28 47 212
15 45 231
21 7 235
4 24 68
47 22 0
31 13 103
39 20 247
4 31 354
20 6 221
6 25 250
45 20 306
15 36 111
27 25 21
41 47 343
17 16 371
14 46 306
21 30 166
0 19 337
40 15 311
7 30 160
44 40 155
49 16 88
45 30 38
39 13 28
27 28 123
27 9 207
15 28 198
27 7 124
35 42 7
35 36 34
35 6 10
35 10 46
35 38 18
35 16 5
35 43 30
5 23 0
12 23 29
16 23 7
18 23 9
20 23 18
38 23 38
43 23 47
45 23 7
46 23 12
47 23 48
