59
43
84 31 3506
82 76 683
23 93 925
36 63 3372
13 91 969
61 78 3114
11 28 3190
91 18 933
83 28 1242
39 15 2210
75 99 2100
78 4 2146
97 90 377
6 81 2442
45 20 3443
87 89 930
50 90 2940
49 82 1384
29 15 153
39 31 1684
18 31 1447
85 1 410
20 4 2602
51 40 2074
89 94 1707
88 1 118
89 96 623
14 75 3158
54 81 2809
31 88 2237
30 37 169
99 2 194
41 6 2060
36 16 884
57 69 64
62 47 2633
24 58 2779
27 81 3332
0 28 3114
20 17 2746
52 97 542
49 60 848
10 15 712
14 39 938
6 10 1396
77 31 2459
95 39 3042
0 41 1846
62 12 898
94 92 2197
56 72 466
36 99 668
41 90 2222
34 44 472
2 16 2611
27 72 788
16 25 3374
54 44 2010
84 65 2391
49 74 2004
37 91 1723
86 57 1682
1 12 3133
36 35 863
75 53 2514
24 4 1479
51 87 1171
69 80 1754
71 30 751
12 7 3137
7 77 976
27 21 1248
2 86 264
45 51 1738
66 42 1373
48 95 1435
55 48 2660
55 57 2319
53 28 2990
92 54 2806
50 20 163
90 18 1482
28 26 1337
4 36 2100
27 14 3310
84 78 1228
8 77 2523
49 42 1936
5 99 2282
49 9 1426
41 64 2971
35 11 1611
30 98 2242
93 18 662
17 29 1548
62 75 2419
69 28 2406
86 83 2208
63 53 3362
7 11 2426
1 91 3194
53 42 842
14 83 3201
58 35 303
64 2 2511
67 13 669
57 48 122
98 75 1741
55 31 3256
87 2 1537
13 26 2395
62 89 1401
74 37 2352
44 30 246
96 73 395
31 72 1592
17 75 172
53 33 3331
51 62 3069
27 23 408
22 23 1090
52 91 38
39 33 898
39 9 1730
45 5 900
58 44 2331
60 14 2166
69 49 2632
16 87 671
20 52 2316
70 29 614
23 13 1560
73 36 1886
95 36 2036
96 85 2383
38 23 968
56 20 2324
83 99 384
68 5 1491
18 91 2824
85 39 1876
17 38 3073
45 78 1208
64 49 1907
79 88 2134
16 22 1930
16 72 3534
11 70 940
38 71 2613
63 7 1790
83 18 2130
17 73 113
47 24 277
58 52 2171
26 85 46
56 67 3194
47 42 3140
7 6 174
38 31 246
92 79 1858
6 61 1372
74 12 2583
7 53 1860
58 62 1836
12 33 1007
62 34 1749
66 97 2262
79 99 944
83 17 276
51 15 1578
45 90 370
89 14 296
18 98 1248
39 3 2690
78 22 114
84 24 2884
36 46 2541
3 11 3295
37 0 3050
24 32 2070
94 64 3469
42 31 1061
18 95 3108
79 62 1771
95 35 841
13 71 2550
26 75 3011
24 86 1055
53 31 3088
28 70 2710
2 35 374
52 19 114
13 64 563
54 6 915
34 81 1014
60 54 2517
57 9 2826
27 28 3382
97 72 2128
27 83 1404
36 52 3013
39 88 387
19 80 3129
8 70 3496
22 72 2638
30 85 589
49 52 1418
78 76 656
85 98 1260
36 78 875
23 15 1175
29 67 1116
81 86 1366
77 94 1470
12 55 1346
74 92 3264
88 12 1039
91 57 1921
99 33 3346
62 18 1261
6 91 3322
55 2 1829
2 51 952
31 74 3528
42 58 2239
54 77 1023
15 53 655
60 80 2478
5 6 2273
97 16 964
31 98 3104
27 32 2464
47 0 2949
56 27 2347
67 17 2701
88 84 279
8 80 1888
21 7 1957
21 90 2871
45 97 274
21 27 338
40 83 937
99 60 1823
79 1 1231
24 67 2287
68 55 440
23 6 314
66 18 351
45 16 1316
52 13 264
94 78 1315
96 97 1256
14 99 481
54 45 518
27 78 2274
39 2 902
48 80 268
99 97 610
5 84 1062
11 53 297
96 64 784
57 13 2687
17 92 2751
21 52 2415
34 50 3137
51 80 1750
30 47 766
98 71 1433
91 77 411
26 27 1534
22 66 1830
5 50 836
51 81 2814
70 54 797
96 79 738
98 40 2333
80 62 700
27 44 2641
95 73 1003
45 75 6
20 51 703
23 51 1517
1 93 375
70 67 738
41 75 823
25 61 2388
82 41 1621
94 32 290
79 15 1230
35 85 1186
48 44 1286
34 17 13
71 39 2748
92 6 3115
3 30 2390
13 56 482
20 19 2099
30 19 227
75 15 2237
86 25 2944
41 24 842
70 2 3165
8 26 1972
44 11 1581
10 21 528
15 89 1252
89 65 1822
70 92 3486
94 79 218
92 80 243
35 40 835
38 13 2463
35 81 450
36 15 3162
78 98 2199
50 81 1047
22 42 306
22 18 2216
92 5 3038
80 5 188
8 24 1647
5 8 2920
28 34 1267
90 64 449
82 30 396
89 33 1558
68 52 2987
69 86 1291
42 55 3371
48 30 225
4 66 2886
88 51 105
7 60 1838
66 76 2061
25 88 2959
81 40 3299
12 81 1210
85 3 3058
71 46 1087
87 21 2615
80 15 426
44 20 2767
26 91 1875
10 53 1013
15 7 2000
36 66 232
97 23 363
66 23 2231
38 52 3170
42 38 2401
80 55 3367
24 19 2316
65 27 474
65 49 1504
6 79 1730
97 79 2325
26 9 1225
58 57 175
80 94 1065
30 58 423
68 82 2084
61 44 61
40 11 2766
92 9 3291
44 29 1429
58 29 3356
98 32 3038
50 41 2807
58 42 241
98 37 1753
30 39 1757
57 12 1824
89 57 1348
42 77 2800
53 88 1000
21 10 3193
91 28 2626
74 97 2687
20 82 1167
79 17 967
97 6 416
85 53 3094
56 57 2514
5 92 3191
44 85 794
7 16 971
73 20 2670
50 56 1802
61 28 1491
93 68 1341
95 57 383
86 31 783
5 14 720
92 48 1054
91 36 3161
17 44 148
53 65 2276
13 92 3139
24 22 2921
20 53 3301
19 34 359
52 32 1487
92 77 1890
50 97 889
31 25 2692
21 73 2207
40 94 3088
67 2 1914
64 24 2538
99 6 939
8 17 770
29 54 1410
52 36 1927
93 81 1607
30 35 3365
69 8 2999
41 53 2273
36 44 2385
3 91 2805
26 95 1780
52 45 3475
46 9 3087
61 21 1705
9 63 2559
10 67 912
11 38 1522
83 20 569
22 70 924
39 92 172
69 27 2989
93 83 3183
7 93 1135
29 86 1034
99 25 181
24 64 1488
79 69 2676
65 8 1396
44 1 2254
61 80 2125
16 46 557
6 87 1778
72 31 2067
33 57 958
57 4 1453
84 88 1116
65 83 2298
15 11 1667
34 63 2386
57 82 507
69 24 226
33 52 1797
21 99 3461
24 65 3337
60 15 187
98 70 476
65 70 466
92 57 226
74 63 2445
81 73 159
95 12 63
97 10 1387
68 13 1515
78 28 1703
91 73 1935
51 4 3333
49 29 2241
40 61 2703
27 40 1447
64 16 3449
55 35 1210
54 8 3336
18 47 754
91 82 1638
19 72 1561
9 23 1755
26 40 1634
66 53 99
54 72 626
75 85 2641
19 31 2186
5 91 746
9 62 1119
71 97 1765
50 24 3001
64 85 2838
12 56 2152
18 44 849
74 4 3085
98 31 1543
80 13 2632
17 42 2400
46 21 585
19 7 3278
15 65 1872
72 48 15
5 21 3148
51 48 2919
54 94 1190
39 28 1650
38 7 1121
17 72 588
15 35 3113
5 87 1778
10 78 1216
12 66 2177
2 66 2446
9 36 2971
29 3 231
84 18 17
54 33 1516
78 93 1233
22 47 2906
89 97 727
79 27 1003
96 22 3002
72 89 104
1 87 1756
65 11 1203
51 38 820
67 40 568
98 67 602
26 18 3174
50 14 531
82 77 1822
3 2 3164
5 71 1108
55 46 1709
3 1 3421
76 30 305
92 16 1898
47 10 760
51 67 272
89 5 2327
69 47 1498
19 70 2870
51 83 1728
36 31 3113
42 19 3443
77 58 2130
12 8 2731
34 52 2014
0 89 891
10 95 3185
97 48 2533
0 15 3468
62 91 1186
47 69 2000
60 27 1288
19 99 2408
65 47 1695
71 83 2508
98 82 3402
83 61 3112
94 42 2508
98 10 3302
66 37 1482
83 27 3387
4 14 2026
88 95 781
28 56 1425
73 2 86
15 58 2488
98 94 2424
24 97 1828
67 6 2492
37 72 3194
81 31 2809
3 66 2532
44 19 136
73 91 1713
13 96 2003
15 14 1709
58 85 1657
21 58 2332
57 38 2856
3 40 2391
18 94 103
12 30 479
54 82 1973
58 99 2816
71 49 1981
9 47 1009
47 88 1058
13 15 972
67 50 743
93 87 2210
15 60 3357
58 80 1227
31 49 2702
48 28 2543
5 24 2903
29 17 798
30 33 3487
18 20 1821
22 35 3205
69 26 2398
88 71 218
25 26 276
65 97 376
10 31 2954
89 3 1830
71 70 1928
85 95 908
22 92 350
91 41 3180
62 22 828
33 21 2680
0 91 2810
52 85 1484
55 90 3040
46 0 2382
19 42 634
78 21 2953
91 93 1158
30 31 1125
88 73 710
45 91 2205
24 39 2802
79 83 2356
80 24 1925
15 69 1981
45 37 582
55 28 1911
49 75 2571
33 97 1766
47 26 779
52 93 1130
68 57 2407
7 98 156
84 41 3272
8 41 687
39 97 1894
54 48 1615
78 80 964
90 86 394
36 12 1074
86 72 2545
74 3 2426
25 29 876
4 5 2849
10 44 725
17 34 3041
1 78 3032
14 95 3139
20 23 2991
84 1 1344
41 96 36
3 78 81
1 64 3293
6 48 1507
55 54 830
26 92 2257
92 24 94
1 11 2648
7 1 3493
72 94 3418
73 66 850
35 39 2450
78 26 505
98 84 2569
55 45 968
53 34 3180
87 8 394
73 26 1563
41 60 608
7 89 808
4 45 1972
50 93 3131
37 56 3265
97 11 3148
5 85 2235
5 18 1229
35 7 2795
60 37 13
57 96 171
63 40 2826
79 73 1994
12 20 567
55 17 464
57 2 3347
3 86 2967
52 0 771
34 73 1484
57 51 158
75 57 2721
2 34 1932
14 29 915
91 63 1966
74 31 2619
5 62 2773
95 86 840
15 80 631
0 58 334
46 56 3002
5 49 2618
37 26 419
17 99 828
63 6 3431
45 71 368
51 76 2278
9 65 2458
63 88 1354
66 12 2104
74 51 743
65 23 956
47 80 784
87 23 1897
82 94 1832
28 58 3475
51 49 2217
41 44 2652
36 54 666
20 7 2694
93 85 268
22 41 3419
12 63 3211
0 68 2883
1 13 1719
40 60 2766
19 84 2170
7 61 275
57 24 3319
32 28 2926
81 87 1132
65 44 367
82 81 225
13 11 2777
89 24 1955
86 55 1954
85 38 2885
85 50 603
80 46 2282
68 33 1997
99 64 1620
35 26 574
55 5 1349
84 87 284
32 20 2910
99 32 3169
34 29 1890
27 82 952
60 35 788
55 0 2447
5 9 3500
34 80 157
37 33 948
41 52 1054
26 13 1531
76 64 1734
23 96 2648
17 51 1914
76 83 1855
4 62 21
88 26 2742
27 11 2195
85 84 1624
42 53 3001
90 53 811
34 31 1381
31 11 3375
24 38 3384
48 93 1892
36 88 1292
81 90 1786
4 97 2580
49 15 1016
24 94 1899
89 29 1685
10 69 771
30 94 2863
41 76 842
36 47 233
24 74 3257
87 50 1820
11 94 2368
18 3 321
83 77 1399
92 68 3127
34 78 400
23 75 2737
63 41 1610
82 78 794
17 33 2839
41 19 1878
42 33 2343
76 25 1430
76 19 3024
69 25 888
28 74 2266
38 0 1626
62 90 919
89 1 1563
42 80 2131
21 19 782
28 82 2031
34 11 750
1 84 527
65 50 898
87 79 2554
87 91 497
55 26 2715
36 17 2558
1 36 1438
13 73 359
22 80 1080
99 13 1410
35 2 652
63 28 1537
30 74 1433
61 49 725
3 82 1846
30 24 3005
65 14 1169
15 92 960
9 70 936
95 20 2534
21 34 2960
67 76 843
28 81 832
71 45 2408
15 6 3489
3 90 3220
79 29 1241
79 37 2910
26 46 2204
65 12 1298
37 3 2372
25 33 2316
60 0 28
36 21 3344
80 96 2509
48 35 3417
31 2 1679
33 42 308
99 69 1010
3 58 2060
57 41 1416
42 63 1972
87 20 2395
76 4 791
0 76 2008
13 12 251
30 71 3078
33 38 3246
3 68 1015
42 94 1516
13 32 470
74 10 3083
14 4 1878
93 1 1293
84 69 156
61 52 2662
20 36 3522
48 94 2109
65 96 1480
74 8 3446
79 42 3223
73 88 2204
33 81 1963
72 18 531
65 93 292
9 72 3512
94 65 2715
98 29 1410
57 94 641
94 63 2811
58 45 2133
89 41 3482
68 0 652
27 1 787
80 3 2535
92 10 2627
78 63 2469
25 14 1287
42 98 2109
7 28 1735
78 36 3521
2 78 3350
77 33 1558
24 90 684
10 99 503
44 79 677
69 50 3203
23 7 3028
25 41 664
56 94 977
45 85 397
9 44 859
65 46 1247
34 33 1077
32 88 1875
1 49 1292
51 52 2282
78 1 937
95 14 2949
84 46 2734
46 7 2493
83 22 1595
19 88 1685
1 98 1156
1 31 737
2 25 421
90 52 3498
72 39 539
31 77 944
60 28 3183
4 61 235
18 84 2500
41 2 27
64 87 2366
64 28 2786
84 85 1067
36 51 1534
32 84 2452
6 20 2322
42 65 3302
50 63 3513
30 27 781
80 10 1025
67 88 3247
4 28 78
75 82 747
53 64 404
54 97 1370
99 38 2953
41 25 2956
21 88 1431
74 55 1428
40 39 2958
3 4 201
34 9 3350
64 55 2632
19 1 1534
72 74 881
8 97 647
77 38 799
97 12 1250
26 73 1340
35 97 390
18 83 970
48 56 1363
83 72 1660
40 25 739
31 12 2438
68 44 1069
97 81 2032
40 67 1386
44 94 3130
20 62 3382
70 60 272
51 25 879
64 14 2843
20 47 3518
28 41 3180
45 44 239
83 65 2527
54 12 3388
79 3 1011
45 1 3502
67 68 1703
28 4 802
19 58 2020
20 26 3420
80 22 2315
3 87 3296
27 79 1525
41 81 2133
42 86 1634
51 31 2744
56 76 3015
80 78 1311
17 85 2581
25 52 556
35 51 32
58 36 1553
25 1 1325
57 92 394
98 18 779
76 77 751
22 65 710
5 52 155
8 87 2708
1 41 3428
60 84 1887
75 76 2684
41 37 2274
36 70 2754
86 44 2863
55 69 2587
76 96 1179
17 49 2820
47 73 1717
44 7 2340
73 62 1976
57 1 3411
78 40 2077
4 19 346
84 28 1300
57 7 1953
52 64 2583
66 88 2895
25 13 608
50 45 1675
92 91 133
88 77 3410
2 21 2068
13 63 2980
1 45 1436
72 78 2100
97 56 415
57 64 1173
29 26 3279
9 18 2353
86 68 593
29 82 2898
97 63 3008
53 19 1724
27 9 1013
86 12 2115
22 71 3145
49 23 2741
12 13 3137
91 75 573
79 67 424
97 25 2448
2 93 3380
51 47 3452
61 54 1422
0 47 1282
77 27 408
8 69 1032
5 17 3257
49 41 3357
60 33 3242
77 25 2996
7 84 916
35 19 723
56 32 3408
95 77 830
99 24 2853
3 29 1450
42 27 537
94 26 3336
85 81 3235
96 93 339
27 6 1534
20 24 343
81 15 3429
9 93 671
20 69 2209
63 86 2293
50 40 2576
58 77 1050
67 23 1757
53 4 3526
2 32 1418
72 82 692
4 72 1398
0 78 1723
50 62 2899
19 69 1231
85 63 1902
27 87 862
65 31 1490
51 56 964
82 33 3516
18 55 180
62 56 103
18 29 2992
36 23 3496
15 77 96
39 73 437
85 72 1275
55 92 353
95 96 869
89 37 1593
49 96 360
38 26 1133
51 21 61
46 82 1319
5 22 2566
98 79 1633
0 4 2025
90 10 3008
58 83 2714
45 33 977
80 99 2088
73 7 1910
72 25 1643
33 9 1603
44 2 1119
89 73 643
38 90 2562
55 78 3380
45 49 680
98 93 1005
57 35 2781
9 90 1121
56 18 1402
26 54 1559
60 18 966
90 42 92
0 80 1709
92 41 603
49 30 2562
12 69 2873
20 39 2526
81 8 944
89 75 1881
6 85 539
77 12 3256
67 66 1692
16 83 2766
79 44 470
4 75 1121
66 87 1503
35 14 1717
48 17 1619
92 96 2799
83 69 65
5 74 481
61 15 1488
2 29 2038
30 23 1081
33 40 2965
26 35 3227
34 32 194
23 54 732
84 10 460
70 75 1860
0 14 3272
25 68 2449
98 45 2214
5 61 798
69 88 2376
87 11 241
17 82 2411
0 74 2890
71 56 3200
40 52 1456
16 63 1139
84 45 3362
46 84 1122
6 78 3001
42 78 2955
9 45 1628
83 54 3413
29 57 2949
21 76 2075
92 25 943
35 10 316
29 37 339
78 92 2003
17 53 2921
52 92 1156
93 41 579
20 86 3092
85 2 2613
22 4 1477
25 5 1047
84 12 539
41 77 3457
75 55 836
32 29 47
81 78 2047
49 63 542
84 53 930
23 81 1911
47 39 2041
52 25 1885
56 73 2292
87 53 2278
97 34 183
13 75 2166
3 38 417
82 71 2014
25 57 2346
44 6 24
32 70 973
92 65 685
2 48 964
97 85 3245
54 62 403
12 19 2689
14 62 2779
24 36 1763
31 8 3456
57 3 1426
55 68 2110
2 87 2769
92 82 3402
20 97 3355
87 68 681
12 99 333
74 71 999
86 75 2301
71 10 2912
98 68 1076
73 4 1845
58 76 2521
44 64 2853
48 92 3405
60 23 1059
44 99 1723
26 72 955
29 75 2529
13 67 614
5 89 2861
46 63 2638
10 1 876
98 24 1732
4 69 1244
30 65 3505
56 33 2916
85 75 1901
80 74 3103
29 87 2321
18 15 2633
82 23 1655
88 7 796
62 36 3299
82 47 3479
41 39 977
30 50 93
49 97 1448
71 95 2068
60 71 1817
30 82 1910
98 46 1631
90 12 3335
75 46 177
7 26 2933
54 99 3206
35 13 907
28 75 2693
32 95 300
64 9 1199
66 85 2471
36 42 973
5 65 1445
73 40 1702
39 98 1929
75 91 3521
26 81 3353
34 96 2415
69 29 1253
67 1 966
9 76 341
0 10 1989
54 76 2016
85 71 1173
33 13 720
71 55 699
11 58 173
8 16 644
44 86 424
3 52 1562
30 8 2951
9 24 489
37 29 237
47 93 2987
71 79 1044
85 90 2016
84 60 2731
9 84 1904
28 6 1551
31 90 85
18 37 1704
32 96 3147
70 66 2380
42 64 1262
92 45 1691
26 3 1498
32 85 3313
42 18 2542
5 70 1170
77 9 1983
90 2 3065
10 98 765
30 16 882
22 15 3067
42 7 2734
30 75 101
16 84 315
22 97 1002
20 75 622
92 40 2516
35 67 2287
79 14 1930
58 31 356
25 91 2451
8 35 585
72 47 877
50 27 3339
78 19 3424
40 72 3254
80 25 971
3 93 332
4 50 2441
62 54 1969
49 54 222
1 4 2851
12 15 1547
51 23 1872
61 63 2939
30 57 1887
38 97 252
62 95 1221
65 36 3344
39 17 924
73 94 1875
73 57 1500
76 71 3074
2 14 1608
48 53 1757
78 84 81
76 68 2586
53 68 2630
60 76 61
11 74 2288
54 58 1486
48 10 2881
1 10 3292
99 84 1225
55 1 416
94 71 365
22 91 387
52 73 1328
49 67 1494
16 60 1900
33 35 3168
83 49 1907
97 67 3179
29 88 941
79 20 795
16 14 332
8 33 2089
56 45 2701
93 48 2803
35 68 865
38 32 2230
32 67 394
89 34 3423
8 2 3186
81 34 1156
16 79 2847
68 35 1845
50 76 3483
31 9 1771
64 26 2097
8 47 2113
2 79 912
83 79 2463
91 87 854
71 89 756
53 44 1627
58 90 2944
29 6 745
46 16 1473
8 73 3344
14 12 907
1 33 1527
46 26 3280
84 67 3062
70 73 1779
5 94 1094
4 23 810
29 19 2529
34 30 982
77 78 2964
8 64 456
47 45 278
9 85 337
61 66 283
42 71 2654
71 92 3062
36 83 692
26 23 2011
45 50 2415
20 85 2295
87 1 1839
91 44 1663
24 77 2857
52 66 3156
68 11 3289
8 75 623
46 47 1803
9 33 2221
28 77 2976
80 4 1043
60 11 876
1 46 314
31 86 2253
73 12 1545
37 80 745
90 56 837
6 66 3381
80 31 315
15 10 608
37 18 1075
92 67 1606
53 25 673
39 76 2232
96 98 732
36 94 548
96 3 273
71 28 119
4 35 1996
23 89 730
4 80 1537
87 3 1228
32 53 2643
20 95 380
46 50 1301
49 17 2648
50 23 2123
92 58 2206
77 87 1556
45 80 1748
35 0 2186
44 61 3226
42 89 2051
38 19 1555
9 29 3488
58 5 3414
33 64 1904
34 8 718
11 66 215
98 69 1128
11 36 2025
19 89 964
39 20 2687
72 99 1682
95 79 1584
48 68 1730
61 40 200
16 57 412
92 3 1260
75 30 820
17 5 2144
21 75 583
86 35 2510
19 71 1486
74 82 68
8 44 2224
89 16 2964
39 67 274
94 89 357
52 74 149
30 15 3159
32 41 1108
73 8 1824
62 7 3322
19 8 1715
75 28 2051
33 15 3203
99 5 593
69 75 1583
15 3 346
14 77 1357
55 53 844
69 42 3433
10 9 2299
77 96 820
75 42 2965
21 95 395
83 76 2361
39 14 1283
24 72 830
23 71 1659
21 36 2378
80 23 1048
8 82 1647
21 71 2351
65 38 2310
6 36 3427
15 55 2165
69 39 2162
89 9 1962
93 29 1680
36 85 117
2 61 44
89 26 1840
56 17 3347
85 27 373
18 79 2571
57 23 487
74 58 1850
72 21 304
23 85 738
28 29 1034
14 69 3264
33 27 112
28 2 2489
17 93 738
35 98 2156
24 18 96
16 80 644
3 44 3103
94 6 2266
40 44 1412
81 98 164
1 83 537
42 13 1621
8 29 3008
1 66 2988
10 50 1724
14 27 1630
23 27 1390
65 41 677
78 60 1392
5 69 2410
13 58 2503
31 18 1590
47 89 3453
88 97 1548
42 54 3533
75 81 3412
4 44 1549
32 27 2189
52 58 3497
76 75 3231
31 55 2995
82 49 2508
85 5 1667
40 90 1022
31 26 2711
50 11 2779
77 85 738
93 36 1129
57 14 1594
69 44 935
88 14 1147
23 26 2867
45 70 55
45 94 184
45 30 1763
90 87 2335
75 78 2670
78 67 1057
5 81 3055
34 12 1438
21 63 877
52 16 3096
73 15 2379
49 76 1936
97 46 3117
49 34 2476
8 74 1231
99 3 2702
57 65 3375
46 72 2055
18 76 630
28 11 2650
55 79 395
63 2 499
1 95 3279
67 63 852
69 52 691
80 97 433
6 46 1918
77 56 3017
32 13 2431
48 70 843
19 26 3413
40 87 436
47 96 3343
47 53 1996
53 74 496
1 34 3366
52 72 3254
47 84 573
49 37 434
40 33 2598
16 27 2554
96 68 10
13 93 851
27 66 258
1 18 3073
18 48 1760
88 83 3532
26 66 2674
93 4 2357
25 93 1110
75 19 1451
89 98 2384
66 44 2364
66 89 1459
3 53 212
86 34 933
23 33 979
73 27 2666
0 26 666
32 66 1426
92 60 3299
70 93 1265
18 7 226
70 52 3154
64 72 401
18 50 2983
67 77 1216
75 40 1566
96 27 1041
21 61 1528
75 64 2899
8 88 2635
62 70 1496
16 68 2675
93 65 3131
51 42 3253
84 52 2230
13 97 521
18 26 1067
72 22 2851
11 0 3381
62 1 474
68 70 2855
29 78 2331
72 41 160
21 86 166
1 80 1106
6 58 1808
94 5 864
50 17 3446
80 18 174
14 85 335
97 35 3379
96 87 1175
72 63 2987
47 6 3274
1 72 487
78 85 340
30 13 3506
35 38 2766
82 75 1976
24 60 1983
54 90 1532
98 57 2039
20 66 511
92 12 1430
12 89 361
44 28 2608
56 58 1604
30 60 566
13 30 235
62 2 714
35 1 2877
38 28 2338
74 85 3421
4 29 2623
31 38 1968
67 80 420
12 4 551
9 98 83
98 38 1962
1 76 2260
49 27 3504
50 52 1207
99 41 396
74 89 1139
28 68 1207
21 38 2920
46 1 2653
92 78 239
98 33 2787
35 8 2333
60 5 2148
87 66 3256
56 14 2474
37 12 525
18 64 1908
73 96 2907
80 54 932
92 83 2174
79 46 2235
38 62 112
45 65 1973
9 77 736
27 80 1409
4 77 3207
47 68 860
40 80 2899
98 88 2140
25 96 1361
73 34 2543
45 53 1615
61 79 2690
66 98 3396
60 66 2416
40 91 1053
71 74 1949
16 73 3287
36 25 929
67 0 631
58 68 243
40 24 766
7 71 2745
65 28 1282
32 4 3015
1 67 230
99 49 3509
82 64 2270
54 84 2904
89 62 249
60 83 3474
82 48 3286
22 57 1371
42 37 3476
70 87 1095
39 25 3456
37 41 1863
48 33 3273
32 22 3407
33 20 2511
77 65 436
23 21 2331
87 90 817
88 24 3249
44 24 2496
18 32 1175
65 39 2772
39 32 1935
56 93 668
7 96 1109
20 93 1751
54 47 1300
77 18 540
16 99 2196
54 98 949
42 39 974
79 60 1997
96 13 604
69 31 1110
5 95 2181
56 68 195
36 37 2016
72 46 394
67 93 694
0 1 2797
84 98 232
79 9 1605
53 93 270
0 87 1122
25 83 378
46 89 3360
14 64 2463
63 75 3269
23 92 72
60 85 700
66 38 3273
4 30 2885
24 21 1835
50 68 1568
18 25 45
80 44 346
70 34 1993
52 61 1531
74 95 1872
94 17 2403
17 80 2269
12 87 1213
68 75 2836
92 4 2997
79 98 867
20 10 2295
3 13 1385
71 48 2670
63 17 3302
88 89 3181
62 20 3495
54 36 2142
48 85 2108
88 61 820
22 90 2824
92 23 2626
81 51 2402
35 32 1079
49 8 2747
70 6 3219
34 76 2228
37 66 387
55 95 1055
48 65 3322
73 47 1824
53 82 771
78 71 2178
25 87 1965
39 81 2683
89 48 2943
70 86 434
64 80 119
24 98 758
83 66 574
56 44 3221
33 69 1405
18 87 775
28 37 2719
74 40 1585
68 14 3037
74 30 1014
12 57 553
21 53 1708
42 85 3252
91 92 197
38 75 1118
14 47 45
65 57 91
5 47 1283
90 77 1821
69 3 1752
55 37 3458
4 46 3034
54 74 2079
51 46 2512
15 71 1260
30 26 2020
92 46 385
48 67 1154
15 91 1602
61 99 843
66 58 2634
23 3 1466
17 64 267
79 72 1955
19 39 528
45 12 2495
70 1 211
89 40 1350
27 2 784
97 61 1590
89 20 1921
35 73 1969
47 76 1789
88 45 104
71 15 480
30 80 2396
85 47 3506
13 10 477
92 44 1240
56 98 948
35 75 578
51 34 679
92 76 1063
51 17 2853
67 56 710
13 25 635
45 68 3314
81 19 123
81 42 1403
20 81 134
13 34 3013
78 97 1762
52 88 815
34 79 3255
17 35 652
8 31 2997
39 50 2362
74 96 2510
48 40 1111
73 21 1535
44 68 1210
72 88 3518
68 63 952
97 65 2633
67 20 3025
69 1 2602
86 46 255
38 45 461
31 0 552
77 54 3339
5 16 661
1 29 646
81 22 1459
23 88 1080
76 26 995
81 16 2756
29 27 1315
87 51 3167
58 89 919
0 57 3445
0 99 2421
85 55 1260
72 57 2527
49 53 1484
28 49 3392
13 83 2585
72 5 1274
76 91 467
93 24 2263
21 13 125
34 83 2504
31 56 2595
85 40 795
34 19 2575
95 29 2190
70 91 1411
96 84 1290
25 36 523
62 66 2213
68 83 690
64 83 3213
77 15 636
54 60 535
54 13 2184
93 47 791
83 10 2992
75 14 128
55 49 1476
51 1 458
81 58 2536
36 50 914
91 37 2919
13 55 1021
48 75 1958
20 67 737
47 1 1838
31 42 3383
25 62 1613
40 38 1030
41 22 3435
89 64 1688
85 74 476
27 46 3012
0 72 3495
94 31 601
74 64 227
26 41 1386
18 93 1747
63 37 3486
74 9 1508
45 3 232
66 91 1958
18 38 22
48 32 1210
67 91 2305
72 84 1619
84 70 2553
48 81 1959
35 18 886
0 65 3422
84 44 2116
1 63 388
57 42 1464
68 84 971
25 76 3163
55 73 642
30 64 897
46 52 3334
74 33 882
85 26 1780
93 14 1365
46 13 2367
19 90 3339
83 9 2140
16 85 977
50 73 1449
66 95 3321
69 73 3230
95 19 3522
36 60 2100
63 49 2118
57 80 2911
11 31 1085
77 90 3460
51 44 2098
98 60 795
55 80 3311
47 48 2648
24 8 2093
11 98 1309
86 30 1569
86 42 95
30 0 1125
99 67 2805
0 71 2209
13 42 1844
28 79 3223
87 69 1880
4 41 238
24 7 141
45 4 1835
47 63 1289
39 6 3339
84 17 601
90 9 1978
17 45 1463
77 21 661
22 48 1376
42 93 26
5 80 63
98 12 2369
17 30 346
68 69 2145
84 15 1025
85 36 2167
27 76 1805
96 66 2085
22 75 3454
69 10 281
95 53 1253
56 79 505
33 67 289
46 3 2090
27 45 1320
7 17 2572
96 1 60
7 51 2621
46 92 710
67 11 503
34 91 1723
84 58 798
30 61 1510
68 86 2167
21 81 2295
15 75 924
38 24 1986
39 19 2605
92 89 967
29 97 128
45 18 1634
14 1 679
9 28 1757
2 38 379
31 85 1135
84 2 3259
6 90 1624
26 8 141
3 64 2186
71 35 936
93 74 1691
77 60 757
14 60 2618
91 13 1928
28 50 1833
78 45 2025
32 44 1369
79 80 1530
73 90 2021
90 22 852
21 14 1400
19 17 41
5 98 2135
71 81 216
61 35 2639
70 38 1287
96 83 3532
80 87 731
16 93 2230
29 61 1201
82 90 681
46 69 3400
73 1 2806
90 21 2716
17 81 1233
69 62 872
44 25 1774
9 80 145
76 86 898
63 56 3150
32 81 2957
41 3 2391
1 73 2233
82 40 603
24 96 3107
29 70 3469
92 2 3469
10 11 2724
66 1 1977
11 4 3268
56 85 2030
90 8 2810
14 70 1164
54 15 517
41 97 3341
25 10 821
63 25 3216
72 30 2200
28 32 3501
30 6 868
62 39 3339
26 74 2165
77 28 2835
90 60 1739
55 62 1556
49 92 2425
23 58 1430
73 44 1858
3 18 967
62 23 1605
89 28 489
46 17 2150
14 63 1540
44 21 1132
60 65 3465
58 55 1373
50 99 1302
75 23 680
7 57 3003
49 50 1121
48 52 2505
4 27 1632
85 19 3135
60 9 1802
0 38 3227
81 70 385
12 83 745
24 54 2051
21 50 2112
80 70 1916
29 98 1322
83 84 2351
34 27 276
45 13 1621
11 33 1651
58 49 1108
45 41 1433
34 6 1091
84 16 582
22 27 2587
7 94 539
2 68 820
99 26 610
53 39 1823
90 70 2347
97 13 945
24 40 559
40 37 1453
11 7 2275
60 70 2482
15 31 2812
13 23 1350
29 50 1339
53 61 43
63 62 2358
37 24 370
53 6 1546
14 80 696
62 77 2408
60 95 2455
6 47 580
60 58 2591
63 33 3172
35 88 3089
64 78 1602
15 63 1676
55 93 1994
63 74 2654
82 89 2780
60 13 53
53 10 2207
30 44 1902
90 3 1578
23 69 3312
79 94 3156
36 92 179
92 34 1181
4 7 440
96 94 222
89 99 386
32 71 158
6 74 2426
80 1 2317
46 14 1855
33 0 300
10 60 2149
4 12 1973
13 39 822
31 6 1296
54 87 3169
87 86 1008
57 58 1943
33 65 2726
21 35 0
97 87 2943
57 89 223
48 46 1175
61 9 921
68 56 2769
58 94 3174
70 80 2717
86 20 966
13 86 1059
40 76 3072
11 97 74
75 90 2379
88 6 3410
48 86 113
44 49 1634
61 62 2285
34 2 2997
3 12 3395
46 37 1010
1 85 2796
48 41 555
42 32 2479
25 6 3077
16 24 3181
9 19 951
15 44 2708
35 58 381
88 68 711
31 83 1188
99 11 2893
24 29 299
29 58 575
67 96 1744
69 40 1322
50 85 884
39 26 3417
78 70 2085
76 99 1898
19 57 306
96 65 2271
71 67 805
10 96 180
82 37 1383
31 46 1191
66 51 2226
40 41 2263
69 76 2876
17 62 344
30 41 1115
79 0 127
74 98 1695
79 40 1391
69 99 1681
63 0 2350
33 90 1504
2 75 3331
35 87 1833
61 53 2820
86 81 3389
35 74 490
95 44 1569
38 34 3486
97 69 1781
12 70 1870
6 72 1425
74 44 1071
4 79 1587
53 70 3453
62 10 949
84 68 883
88 48 2522
13 54 2048
25 0 2443
82 8 1443
0 45 2804
2 31 761
7 68 500
27 42 2017
28 31 813
79 75 2566
94 4 1017
3 98 1585
2 42 1469
52 1 877
51 98 707
60 12 744
48 82 3118
28 45 2026
45 63 2863
88 30 1445
24 85 1882
17 9 1538
57 97 3287
1 74 2396
18 33 1103
61 19 856
24 93 3451
84 90 930
62 35 3495
75 54 2974
57 27 184
27 31 2449
88 76 2736
95 38 2075
39 16 339
76 31 1356
49 33 2742
80 48 2124
15 1 353
31 87 2669
6 28 1537
84 9 1768
33 55 2562
4 16 361
30 21 1191
3 9 592
0 62 1779
76 23 2829
40 54 1809
44 4 375
17 58 583
88 29 45
68 12 3347
66 92 2073
83 47 1789
78 5 2997
86 64 1557
51 20 1165
32 80 2160
74 57 851
79 77 381
68 49 1643
19 74 472
31 84 357
67 36 1329
69 5 357
70 41 2478
53 78 3344
42 26 1263
79 53 3375
23 78 257
15 66 1917
88 23 3014
2 44 620
15 56 2961
26 58 1269
97 60 1832
66 2 2282
61 24 2716
74 17 454
37 10 2002
21 68 80
76 8 526
88 85 1356
97 92 221
42 29 1253
98 23 1408
0 66 3482
6 53 1229
0 7 3127
40 66 2666
56 24 2750
15 36 1967
42 91 446
49 21 823
86 9 1427
46 10 479
30 3 1101
35 49 2057
86 14 3405
5 60 1199
39 94 899
58 16 741
89 91 133
93 62 3392
74 7 2335
35 71 1780
38 76 2569
28 54 3237
86 41 285
16 50 1410
99 53 2589
75 25 466
14 52 2386
78 74 150
74 20 313
64 8 794
20 11 3407
94 51 1281
12 72 2641
99 21 2328
91 38 2135
94 84 1316
53 54 3262
74 91 43
36 64 2911
50 32 453
83 92 431
52 76 466
73 6 1553
74 80 3514
13 45 903
40 31 3495
89 80 1538
18 41 464
40 51 606
85 32 3139
47 92 1672
13 33 1948
89 54 1221
4 54 291
76 98 1958
73 77 2768
84 76 1659
44 57 1209
18 65 594
7 75 2531
8 67 485
49 62 2534
24 88 3360
93 26 1644
44 50 1066
83 48 1945
20 32 1840
80 42 2640
20 63 728
1 44 2040
35 21 100
0 60 1847
52 10 810
99 55 2908
6 95 1621
34 97 502
13 35 1640
90 54 3113
58 19 2422
70 33 1023
4 74 1282
41 63 506
69 30 1400
92 61 104
57 16 284
71 37 286
72 7 796
79 76 240
62 93 2480
97 18 859
54 28 1297
41 86 1833
74 11 18
31 51 178
37 62 1976
55 47 1129
58 66 2356
96 77 292
55 91 2301
31 63 2237
64 69 3274
84 77 3238
0 94 2117
16 76 806
97 84 432
58 9 2186
68 17 418
77 44 2844
25 50 2176
82 15 1043
53 89 408
35 96 1501
51 19 2348
97 64 1548
84 83 3211
11 45 2132
86 97 275
84 73 499
89 86 2509
53 66 1493
29 44 2533
48 15 930
6 84 1441
81 60 2288
85 20 1342
89 46 3067
99 65 2197
8 12 2979
23 52 62
25 47 2452
83 63 1969
18 13 14
86 66 970
75 98 53
76 46 2522
46 27 2262
1 88 3311
77 53 447
41 58 705
54 91 1389
37 16 3431
64 13 2162
69 6 1927
75 68 810
37 96 100
91 98 782
48 69 550
78 51 592
75 48 2307
52 77 3043
72 36 77
94 52 1148
35 47 838
72 90 1823
13 36 2281
65 20 1012
12 82 1966
35 99 2800
29 47 1483
32 7 2914
91 55 2841
77 36 489
6 42 2165
14 35 807
13 29 1926
4 70 1599
10 91 674
31 64 609
34 54 1116
79 13 3260
60 19 319
75 20 724
62 98 1837
23 12 1169
15 27 1027
3 85 1889
95 15 3327
42 3 14
72 26 909
8 83 3354
24 57 2063
50 82 2957
52 8 2406
84 61 1066
17 4 20
52 6 598
0 92 1321
63 38 2875
63 29 3205
15 90 608
87 29 431
22 26 2991
0 86 464
61 81 1293
22 2 240
54 17 3198
80 56 1838
74 99 3250
75 89 2232
97 27 1034
8 36 2735
81 97 1151
37 38 3150
0 53 264
44 83 1271
38 79 2994
79 41 1917
72 13 2722
44 34 2602
33 39 3167
13 4 3349
54 67 939
8 18 2424
95 5 2676
46 91 1815
2 84 2674
82 14 2641
87 39 3050
72 40 1981
57 33 1273
18 52 2926
34 67 1893
49 89 2386
73 65 1263
96 6 1232
88 31 451
54 2 2118
37 76 2975
19 24 2396
20 60 465
79 6 3164
82 31 1308
76 34 3485
73 42 2077
4 95 3062
63 13 2969
97 82 997
76 39 2579
37 34 1201
93 76 938
86 95 151
91 79 1359
93 13 3513
22 68 2419
15 70 2226
65 76 2737
7 15 2091
76 88 1587
2 67 344
36 3 618
14 71 959
20 73 2444
32 38 1983
9 50 3525
81 91 1010
95 76 2312
80 82 759
41 88 3457
26 56 531
56 87 1408
90 57 599
37 32 2434
20 2 3502
42 17 2882
93 25 666
75 88 2296
45 58 3179
61 37 3420
58 60 2221
90 24 628
18 24 2918
86 93 3096
66 21 2700
11 65 3024
47 32 441
53 45 1013
61 87 299
71 85 1339
56 63 331
54 65 2765
70 7 969
14 18 2808
91 65 2888
17 88 2034
4 89 2607
60 8 3056
88 13 1351
87 46 2290
46 94 148
15 34 1807
18 8 986
4 0 2742
11 49 941
5 12 1270
23 42 2814
12 54 895
56 3 1611
7 21 402
32 54 752
67 38 3461
9 10 3280
28 61 1226
18 82 3289
28 57 2453
66 99 3370
53 40 2346
20 21 1306
34 49 1211
85 42 1567
64 77 1847
41 93 3021
16 23 1102
60 30 3319
71 27 774
17 95 162
39 84 1444
3 45 2481
47 61 2618
22 52 988
21 83 541
35 41 3054
95 21 440
9 7 3116
71 36 46
33 86 3331
65 63 2459
85 51 1293
91 53 2401
91 21 1313
84 5 622
88 35 2729
66 16 1088
81 20 1631
22 20 852
8 39 1390
12 48 1712
10 16 1884
25 84 478
13 1 180
27 13 1682
46 78 670
45 72 1191
65 10 676
47 62 235
28 83 679
36 57 3275
19 44 329
98 95 3262
97 62 976
55 8 943
69 68 1441
88 16 3017
35 4 1910
77 82 1862
20 29 1297
40 70 2100
12 80 978
83 97 2787
76 87 215
88 86 2191
4 49 2696
45 46 2398
63 24 300
75 93 2305
19 35 1328
25 30 3286
32 8 1027
48 3 1769
69 58 2174
27 61 3077
36 97 948
99 37 1118
22 58 1065
11 89 1746
26 32 1609
38 94 1859
58 10 67
72 75 1834
11 88 1760
62 97 2060
35 95 2905
91 34 1008
85 69 3231
90 33 938
6 2 2664
45 17 3224
99 39 2214
55 38 969
28 0 36
95 55 3032
95 85 557
79 66 3184
17 60 2949
77 57 3041
37 75 1027
22 37 1432
3 19 946
76 12 1524
73 19 2420
68 34 1488
4 92 1575
56 54 2845
38 80 1659
73 54 2769
90 44 3335
23 90 3508
60 38 2238
20 96 1756
94 75 381
27 64 631
74 29 889
88 57 3305
22 79 784
18 14 2879
81 32 496
50 19 1195
74 76 629
9 56 2060
54 16 87
55 40 2578
84 86 2320
53 37 2906
38 14 2114
89 23 1433
50 18 1906
62 57 181
62 71 1935
98 9 1743
87 77 2406
58 18 1831
36 79 1515
42 88 3441
27 60 2529
67 25 2740
68 54 2941
99 66 1517
28 44 3443
87 82 1744
89 11 187
22 0 155
61 83 869
37 60 3530
69 79 731
81 23 2497
53 30 870
17 74 2565
72 19 2429
21 67 1979
95 0 1978
50 22 3209
8 20 1407
42 52 2386
47 60 3435
22 85 1064
77 74 2614
97 55 2368
52 11 506
46 36 3511
92 22 2760
12 44 1958
11 5 1179
54 42 486
64 3 1791
78 30 161
68 62 2226
76 36 642
44 65 2943
31 73 1524
47 90 364
40 81 2336
20 46 981
30 88 180
46 71 40
92 18 3067
64 92 2366
72 62 3167
80 16 1929
98 61 1241
27 92 176
11 85 1554
54 71 826
12 11 1161
20 88 2376
46 70 1212
65 35 2702
93 44 484
30 97 3303
5 55 1390
32 19 2015
67 94 163
56 52 3415
76 61 1422
86 98 533
60 32 543
63 60 14
27 5 3220
65 68 303
52 27 1618
83 3 19
38 93 1308
87 56 407
27 39 1727
96 42 2583
33 87 3505
37 6 1171
68 71 1835
53 94 625
72 15 3183
71 88 74
61 84 215
21 39 1827
67 52 683
16 65 389
70 31 1133
69 7 2405
82 44 2300
66 20 686
9 48 942
30 45 2026
14 30 86
84 64 1396
33 79 85
24 23 2363
88 27 731
6 57 1881
62 87 2358
46 93 252
5 45 27
76 97 2874
79 48 1577
52 69 1752
88 92 2777
52 5 2944
37 1 587
19 64 3137
63 67 3266
37 79 2427
64 99 897
8 13 1034
33 4 3387
28 80 2870
99 77 2948
61 98 302
27 89 1702
78 88 3136
77 70 422
65 82 3022
78 48 1228
97 2 403
97 89 3449
77 37 247
25 98 1625
20 87 850
45 24 2654
7 70 1
3 22 1838
9 68 699
0 24 2309
26 82 1205
97 14 1537
49 98 1824
39 35 3280
39 54 2342
87 7 71
96 8 2586
36 75 1087
58 30 1322
89 60 370
93 9 2499
77 88 2344
77 17 2251
75 33 861
60 10 1628
32 65 2321
55 65 2507
63 79 3290
42 51 408
82 63 922
30 91 79
12 36 934
32 89 2400
99 14 2960
65 60 2237
1 52 2679
32 73 2633
60 57 1806
12 32 10
82 25 610
8 56 1202
8 46 3188
70 58 713
32 82 105
66 57 3317
21 33 1251
48 36 243
35 83 3283
64 12 3427
53 50 1841
78 6 48
58 41 297
57 74 1372
85 8 2125
14 36 2602
66 11 2897
70 3 2125
10 72 963
28 21 972
69 16 2677
32 99 3248
76 28 2982
31 22 3425
64 37 667
82 80 3183
39 13 811
24 14 2241
72 37 2044
29 39 683
16 92 650
74 68 1152
41 95 314
35 34 503
54 51 3231
58 8 899
55 11 3056
57 75 1976
2 58 2788
73 85 937
98 42 932
80 51 1860
86 49 3010
67 87 2847
17 16 2681
24 37 2014
77 81 959
42 8 1234
55 20 2990
3 46 2228
82 61 1602
10 81 3029
77 30 1399
15 88 2790
82 70 3286
17 13 3372
36 69 2459
7 81 3034
77 67 2637
8 34 3277
15 83 3383
38 50 2408
93 6 2780
68 1 1627
74 56 3352
54 88 3096
30 89 2
42 57 1224
10 94 2715
49 25 49
63 9 2133
18 67 3412
87 80 2702
75 7 1579
88 46 1121
60 22 872
29 49 151
61 26 2711
64 31 1911
95 18 698
86 54 2990
19 55 2502
66 70 167
91 80 1440
72 10 1071
88 34 3147
77 2 714
22 60 1765
64 1 31
81 77 3459
29 55 2194
7 20 511
8 14 1612
28 73 1216
91 69 2725
17 47 3223
48 25 3256
46 48 632
63 92 1493
14 6 764
20 42 2639
85 76 2302
21 60 1721
41 48 901
86 79 3431
33 18 1999
95 89 455
64 29 764
31 60 1705
75 97 1439
56 97 1387
90 47 1210
5 23 1477
97 95 1248
19 85 38
23 9 856
61 47 2479
74 34 237
26 61 3311
48 83 693
30 79 1184
33 14 1615
31 16 1199
90 34 1612
24 91 853
20 9 1262
68 36 140
76 54 1335
96 88 1386
56 91 1221
92 69 1866
94 48 2792
25 18 1519
15 68 722
26 10 527
99 34 3127
85 29 1202
44 37 2828
31 82 317
56 83 1756
70 17 513
65 85 2020
20 49 2215
69 9 2117
83 37 1746
1 21 2076
45 77 333
65 6 2975
70 84 2592
50 25 3430
99 31 2158
44 70 1788
50 60 2450
36 41 1586
98 85 1632
22 5 580
93 69 2497
63 5 2601
13 79 1983
96 47 1201
10 4 3184
40 55 464
81 53 172
1 40 1238
33 17 2102
13 82 3445
35 36 2370
38 25 1908
56 50 556
71 78 1143
19 61 990
69 45 1192
17 24 183
29 30 1091
71 82 1759
73 28 2446
2 6 1588
61 46 996
55 76 969
80 40 2074
51 53 335
49 56 548
14 74 2832
65 67 927
87 9 523
88 81 2234
42 47 1281
77 86 2373
22 73 1791
24 34 3386
87 36 1952
44 52 2905
81 76 1495
52 51 356
49 99 2374
70 81 2306
51 11 1789
75 84 1192
93 17 865
35 12 1958
91 62 1470
52 42 1868
94 93 2337
82 91 3117
47 67 109
18 53 884
10 42 1785
58 64 1818
83 81 3027
33 96 1329
80 33 2937
5 26 604
48 23 1989
5 41 687
22 83 1763
1 39 1542
88 64 2065
99 68 2703
12 2 1314
66 81 312
23 46 1481
16 91 2949
4 22 2520
65 98 2595
46 60 164
12 62 351
34 77 3382
83 71 1947
5 35 977
22 99 907
87 10 2914
83 24 1699
66 52 940
41 8 2790
47 21 784
41 71 776
94 66 558
52 9 2828
2 40 3038
34 98 1261
36 24 3406
51 36 1425
20 54 78
44 17 329
46 83 979
97 98 1210
44 36 3223
48 51 744
86 48 1838
98 27 2686
25 82 2491
68 38 3112
22 81 2591
41 72 3529
37 86 925
81 3 1512
1 19 1283
23 99 79
11 23 2592
77 69 2627
56 40 3189
60 90 1681
54 4 81
6 62 299
26 97 2051
35 48 469
7 25 3197
5 48 845
50 6 1516
55 10 1709
15 64 3159
2 8 1413
71 90 1497
68 6 3403
55 16 2051
44 58 2459
61 5 833
53 15 1542
5 42 213
96 74 2831
6 5 1305
6 23 1328
63 89 431
18 90 1924
63 70 2465
63 71 1390
4 88 1483
70 12 2587
99 72 2589
46 95 1684
6 80 1004
58 22 2080
38 35 155
84 63 1683
11 71 2288
65 79 1831
72 60 2342
63 4 1701
75 32 154
40 47 488
98 76 3112
3 27 67
47 51 1957
18 0 2256
70 0 1941
71 57 1458
22 7 1577
47 77 49
89 32 2647
62 53 1807
66 36 497
98 21 1765
56 75 3003
37 87 3165
46 79 484
94 91 1081
98 55 3428
53 92 2465
58 12 365
74 19 1806
72 32 264
95 61 1524
68 53 3253
24 53 1453
31 53 2992
67 18 689
31 71 1582
89 61 1306
50 48 907
30 9 1018
4 71 1476
94 18 2824
4 24 3158
97 73 1329
17 86 2447
11 63 1780
33 98 316
39 63 2364
61 45 721
72 45 2141
64 74 804
49 48 1805
82 6 555
60 67 1483
81 55 3333
13 20 2634
18 89 477
79 56 1719
93 27 1566
67 75 1751
52 23 1937
42 83 978
18 10 3487
85 11 2282
60 75 1701
34 71 631
69 57 1838
93 89 2608
12 24 1522
22 36 102
92 39 2167
41 35 3381
83 12 1581
36 28 2314
65 86 2392
80 83 2362
73 89 326
66 40 2951
66 0 2454
74 90 664
84 81 17
12 22 2203
86 56 53
18 11 3097
62 67 3498
87 47 1028
44 60 1314
4 58 255
27 58 614
3 23 3237
38 22 2213
78 62 1478
8 99 3037
26 79 3358
22 51 3394
89 66 1010
21 78 2988
96 17 1388
4 18 608
60 7 2548
36 32 933
13 0 38
95 33 1418
26 11 2450
6 14 998
33 62 3389
12 86 2668
97 36 592
40 57 1330
74 16 517
73 31 989
64 6 1327
41 11 2211
55 24 1094
65 25 3419
52 21 2677
93 0 3218
93 40 998
58 20 1039
16 44 1072
65 56 2546
51 68 754
52 34 2382
89 0 627
75 94 1317
26 4 926
1 57 3116
75 9 2048
49 87 737
56 88 1956
47 86 1265
91 89 1013
86 10 73
44 12 1886
83 8 379
86 74 1662
29 52 2112
70 46 830
56 26 2680
98 4 511
96 92 335
75 17 873
98 91 2586
51 79 1828
13 57 1315
32 36 2592
83 68 2301
96 33 2618
15 47 2634
23 22 815
31 20 1363
8 22 1744
35 66 1106
9 79 2578
56 86 410
67 19 3077
1 38 947
78 61 590
12 37 3089
51 91 792
88 82 888
94 68 2776
21 20 2324
74 75 1695
17 14 1128
45 40 1732
76 49 245
63 64 3153
98 22 869
60 3 1958
84 95 3409
86 92 1770
51 13 3442
33 28 852
53 46 2757
61 55 2342
31 39 2244
79 45 2139
28 60 2595
89 36 1918
76 13 1577
34 88 1599
76 27 1760
55 39 929
47 56 3507
56 15 3215
51 8 2470
36 81 2238
72 58 2891
89 69 288
73 58 3439
94 69 2756
59 99 48
59 52 83
59 25 52
59 68 47
59 63 86
59 24 86
59 31 55
59 26 70
59 51 26
59 75 25
59 85 89
59 93 58
59 87 54
59 44 48
59 41 85
59 56 25
59 86 38
59 42 62
59 81 27
59 43 27
59 45 11
59 35 96
59 37 19
0 43 77
7 43 53
10 43 95
13 43 91
18 43 88
20 43 22
21 43 49
26 43 98
29 43 8
32 43 94
34 43 62
35 43 77
36 43 56
40 43 13
41 43 63
49 43 16
50 43 56
64 43 17
65 43 50
66 43 39
72 43 93
73 43 88
74 43 55
76 43 77
77 43 34
79 43 92
83 43 60
84 43 82
85 43 58
88 43 64
93 43 70
97 43 73
98 43 69
99 43 28
