38
12
76 64 1169
44 62 1791
76 55 800
63 35 2060
47 5 695
32 4 1403
65 15 1071
10 43 1336
52 67 271
78 47 959
57 46 2055
73 47 1626
37 67 1099
55 24 1167
29 48 39
17 52 1543
62 63 2258
7 6 707
62 4 61
44 26 2185
77 68 1205
71 14 1838
20 39 1616
62 41 1232
5 40 771
1 2 2257
46 10 697
44 8 499
70 61 239
43 40 1397
8 27 2152
6 39 820
61 17 1844
11 68 1096
65 60 883
53 60 2052
21 4 2203
6 71 343
35 64 2027
14 55 819
21 34 1766
4 8 1087
24 4 1812
65 22 1022
26 16 1930
59 0 352
65 11 1142
74 26 870
45 59 271
57 71 2148
2 17 38
33 24 1780
70 11 216
75 70 759
11 71 1559
74 15 851
8 39 1123
47 71 896
52 13 297
27 55 1629
66 11 1916
16 24 1802
32 54 1809
5 37 1537
13 52 313
14 53 1977
4 58 2109
70 17 75
66 60 890
50 65 1542
3 21 473
13 77 1247
66 5 1978
42 36 726
43 56 1905
18 70 811
71 41 591
66 3 1156
78 31 385
73 77 883
25 50 1284
16 60 1196
73 79 1442
55 43 1648
39 71 1896
67 71 422
8 32 2250
5 54 13
68 3 1036
30 59 2196
4 11 461
4 69 349
64 61 1473
75 31 918
30 20 183
72 43 1665
14 1 2127
79 11 453
57 15 2227
57 17 2095
47 20 1010
67 5 291
3 16 872
75 3 189
15 68 325
1 40 1870
55 71 1639
18 24 2244
47 55 1913
21 13 416
53 74 997
45 75 1299
36 23 42
65 0 1117
72 32 2078
69 63 674
57 74 1363
25 46 840
33 25 2267
49 23 76
0 17 1812
28 50 1978
75 39 1273
28 27 883
59 74 1234
72 45 1080
54 59 191
59 23 27
23 55 2097
49 24 2142
65 13 2086
22 8 705
3 58 103
60 26 141
70 30 670
28 35 868
46 61 116
64 77 228
37 40 1228
66 75 1549
14 30 767
57 79 590
53 4 1912
67 6 667
16 79 149
30 19 316
24 28 1343
20 0 1465
18 69 373
45 9 1745
6 55 1963
66 41 242
27 40 953
40 39 361
58 19 29
37 75 986
78 41 1715
54 31 309
77 4 2183
3 79 1507
20 74 163
65 41 1599
59 3 1064
14 76 2025
4 72 798
3 60 1287
63 22 1373
31 56 893
41 74 59
48 56 1893
70 76 547
76 77 1455
78 48 1900
71 39 121
35 23 1376
57 48 804
73 75 572
35 42 680
47 68 1418
48 52 2245
61 10 1214
6 61 1804
50 31 1936
27 43 794
57 50 1039
48 58 315
57 29 733
70 40 430
22 35 650
57 53 1599
47 41 1086
66 4 472
34 53 1467
54 40 2040
0 52 848
10 69 1613
55 61 324
71 43 714
64 3 742
71 42 882
49 9 1929
8 10 2163
6 51 1773
28 49 1586
72 4 2117
19 55 1956
8 30 799
46 24 1359
13 28 2257
37 39 115
59 62 1401
25 53 1059
44 31 1109
14 67 809
79 4 1931
59 48 1405
25 23 152
47 43 2021
74 66 1617
76 58 982
5 43 1925
72 9 2040
17 2 1616
48 16 1254
36 63 355
5 51 296
3 11 2174
52 76 2012
75 16 111
76 0 481
51 59 57
1 76 100
76 15 1032
72 62 221
48 53 1570
71 75 1723
55 22 1417
24 32 1338
7 33 2035
17 42 1165
69 54 102
65 77 2143
7 36 133
76 57 2154
9 42 449
25 64 239
8 53 832
29 8 182
71 63 1992
68 7 1894
35 39 1384
27 39 310
76 24 836
68 37 12
77 44 1421
62 56 648
49 61 1151
60 34 454
70 60 2233
53 64 762
22 6 2104
17 54 1273
67 70 2185
69 30 1270
42 27 716
74 8 536
69 52 1885
16 25 454
4 40 2135
40 77 2174
18 68 1107
10 50 1595
75 5 1220
7 45 1481
67 47 1795
42 39 1335
23 3 1673
65 21 528
32 36 1198
64 34 1060
45 0 654
34 9 1207
77 6 2181
58 72 489
10 78 1996
16 57 279
20 58 1912
9 70 895
25 14 1648
22 34 1764
76 43 476
0 47 2119
63 74 789
73 61 993
5 47 2064
17 19 27
59 4 893
78 3 1205
9 36 1337
56 67 1157
17 0 1011
68 76 2198
17 69 1432
63 49 2155
50 30 1668
35 79 1728
8 37 1423
6 53 197
64 35 1932
22 1 943
6 64 1106
35 6 2265
53 34 2142
0 36 375
41 6 2194
48 75 371
22 31 836
51 28 1910
42 77 704
51 63 726
70 39 1449
59 33 1051
53 56 634
68 47 98
21 20 870
52 7 1506
37 36 833
55 10 1830
42 22 1768
33 35 1094
45 55 2226
22 7 276
45 73 2006
20 59 1662
43 67 1094
47 10 1264
48 78 1759
23 68 160
19 59 843
51 58 1959
42 74 2261
41 47 1505
20 77 158
26 13 2247
62 14 367
16 73 601
48 6 346
34 30 1612
28 76 1892
14 46 1197
2 77 522
45 57 357
73 37 2191
68 6 1674
64 52 680
24 64 763
2 72 801
19 35 663
76 10 228
24 78 1076
68 45 1023
52 61 2148
45 62 764
63 20 1942
43 55 1920
2 43 134
71 20 1134
10 16 2101
46 1 1481
75 14 1402
67 45 1924
16 18 1627
74 50 463
30 35 165
35 74 64
55 28 1368
10 5 398
71 11 735
51 39 2265
29 43 1482
29 65 409
44 70 453
51 40 1419
6 42 809
22 26 546
59 14 1843
60 44 1306
19 36 1861
25 62 681
67 48 2208
1 27 1926
65 72 1964
25 74 919
70 4 1999
19 73 1783
66 62 306
69 4 119
70 41 1909
34 0 1842
11 16 151
15 29 446
66 77 1268
74 37 1030
0 20 2134
44 21 1200
8 5 1521
6 67 1105
77 1 1019
32 53 1541
0 32 1098
27 73 685
45 61 423
11 13 1220
49 67 842
78 61 937
54 41 999
70 42 640
21 39 166
31 79 1985
6 7 2206
6 15 1601
9 28 1667
47 36 543
16 27 329
29 42 2135
2 59 43
33 20 1052
21 14 821
71 32 1779
4 19 1778
34 79 1843
3 18 525
41 27 971
65 23 2018
43 68 1493
47 76 1287
66 64 1541
1 7 1785
66 65 399
31 46 1493
35 25 343
36 61 716
45 33 1563
15 32 270
40 78 1583
13 75 1346
56 49 2133
40 28 917
72 51 1451
15 64 1456
30 74 2143
37 0 1501
23 49 939
26 71 2133
37 59 837
8 62 756
27 11 394
35 31 1218
49 64 2042
71 45 7
42 25 1112
44 22 362
63 55 602
48 43 1086
71 73 587
35 71 1109
18 30 1032
19 68 1776
17 65 36
49 13 2067
40 23 973
65 66 2113
45 8 464
1 61 2163
18 19 756
48 0 495
72 27 873
22 28 1997
26 40 550
72 50 1967
47 52 1991
68 19 1047
71 21 1215
8 44 2022
43 1 1772
74 64 1468
27 8 820
4 50 325
54 52 1173
25 68 833
47 18 1251
61 0 219
4 7 941
74 76 646
14 42 661
5 29 524
45 78 2149
30 57 51
9 72 2068
77 79 1690
54 58 513
20 67 266
64 78 1450
31 30 656
65 56 2218
7 27 654
53 77 2217
55 42 1215
52 43 1162
73 52 1546
37 60 757
53 30 1891
58 73 1820
24 45 90
48 19 577
64 20 1795
32 39 2064
67 13 1024
1 26 323
72 26 745
21 29 1990
52 4 2026
18 78 271
11 45 1810
27 33 951
11 14 2169
15 47 1671
19 10 1660
3 36 1091
3 4 1300
11 3 256
7 21 1286
71 61 37
79 58 182
33 2 760
63 61 849
43 54 1276
34 4 1112
71 77 2239
43 47 1352
50 0 2174
52 21 13
62 48 673
25 0 1773
22 44 1223
26 52 1299
64 76 875
39 36 346
68 61 1708
76 73 1124
21 19 314
36 66 21
4 0 1105
75 17 6
13 27 1197
45 50 1074
55 7 1492
54 28 1903
75 64 537
35 8 1038
53 67 1622
60 47 1691
60 59 56
44 75 180
28 70 830
27 23 1761
50 60 1561
76 68 1745
57 1 985
73 22 1277
34 35 12
31 25 1317
78 2 1785
45 56 903
58 23 1365
8 34 1585
69 76 2065
34 33 1847
4 35 1274
51 16 2045
6 43 1440
79 31 1326
14 18 524
10 24 206
58 67 555
79 51 1574
52 33 1994
16 71 1903
25 22 847
43 19 1856
75 7 1492
65 26 1211
4 51 1147
11 25 813
24 7 1235
72 1 1566
73 4 1241
9 54 206
71 69 346
36 45 1499
26 58 1955
47 51 1450
64 29 931
58 21 714
61 77 1578
54 47 2120
17 72 1741
45 68 1000
47 37 1340
22 37 2130
61 57 1419
29 41 1487
9 74 593
43 50 1639
25 4 961
18 5 19
14 47 1401
55 5 950
35 77 2084
14 24 480
11 79 1066
70 35 1636
30 42 1373
73 68 589
77 5 29
15 13 1027
53 18 237
46 28 544
31 33 2056
26 3 945
43 59 1950
0 19 329
36 47 127
32 22 676
78 71 154
63 44 1141
67 32 2037
17 5 1764
69 5 1897
39 52 15
52 2 1168
1 44 1272
41 7 1622
47 2 2231
53 3 1476
40 66 306
43 31 216
61 59 14
11 57 1289
1 48 1911
62 26 895
16 6 1807
60 9 1959
5 30 374
13 74 277
6 20 498
64 17 880
37 63 1850
22 27 806
7 25 1794
37 45 699
44 79 2266
5 4 1226
25 10 201
23 63 367
53 40 1356
0 40 585
3 67 889
46 16 127
18 6 297
66 58 1495
55 34 410
53 33 815
30 26 275
30 15 1643
4 68 324
2 4 1728
8 51 1908
72 21 2153
55 48 2040
36 34 2050
46 77 1229
41 70 717
30 34 1993
13 6 120
32 70 198
9 5 1197
79 32 80
56 66 1222
48 21 1209
70 47 552
23 66 2177
74 71 947
56 41 2015
32 55 1059
78 53 1084
54 15 2241
5 71 1040
15 40 1749
52 75 2091
1 14 36
26 44 2215
66 6 1064
77 53 945
39 54 1600
11 54 508
78 68 1487
53 71 1737
6 16 1179
10 29 1450
32 60 1586
74 30 1228
63 67 120
10 48 303
50 52 2181
37 52 154
48 13 960
13 25 685
17 26 125
6 58 745
45 27 2097
13 46 1248
7 68 651
56 45 1484
34 45 958
21 42 978
69 50 1500
19 20 1926
34 32 769
6 22 36
15 37 1978
53 32 1590
8 47 1875
55 25 13
40 43 1378
49 36 737
48 40 1438
8 54 68
52 49 1400
51 1 1892
10 77 39
44 47 501
20 45 1526
30 24 1167
70 51 1635
47 15 310
62 31 1334
7 52 580
18 17 1055
31 62 1272
74 41 422
56 68 1884
16 26 1980
7 28 1613
74 73 757
41 18 310
63 41 1581
41 40 708
58 51 823
60 36 1311
33 3 1920
36 73 221
33 78 1657
2 14 261
70 63 443
3 22 1908
17 1 1988
73 60 678
11 66 684
75 29 560
24 39 489
48 34 281
36 68 1978
26 23 824
64 59 1776
21 17 329
71 50 1270
43 39 1567
4 45 521
56 35 95
7 14 1053
56 52 201
14 70 889
66 69 2233
37 33 1081
25 65 1982
40 34 1593
58 63 1359
73 5 1463
70 0 2050
50 64 325
63 52 1551
16 40 695
10 68 1929
4 42 1217
64 44 1206
19 44 77
74 49 21
41 4 1916
48 61 1261
64 51 152
29 60 1198
19 27 116
43 2 283
41 53 697
20 79 1677
79 9 1118
40 73 2094
23 71 1053
44 67 1917
8 9 568
33 66 630
77 73 1971
76 4 1336
17 33 526
26 49 2072
13 2 890
48 63 1811
53 20 727
70 79 321
63 26 1991
53 54 1627
25 15 1651
65 6 1990
68 27 1953
4 13 393
61 75 165
2 36 542
64 36 726
44 69 1026
36 8 787
46 7 654
24 42 583
30 10 1173
21 44 1558
6 52 1822
31 23 627
73 6 1585
33 64 114
60 2 919
70 27 271
35 56 2019
31 76 798
58 54 1059
64 28 517
25 21 1565
46 47 213
39 23 1427
76 29 1794
32 61 2254
8 72 1154
30 14 2111
43 6 636
48 10 248
41 50 2231
20 27 1382
39 30 1727
33 53 1799
51 26 1213
44 48 309
20 31 761
14 6 692
26 21 1319
14 21 1035
16 70 1279
77 3 1445
61 66 2060
28 60 70
26 68 458
32 71 2166
65 4 288
17 68 2044
18 55 150
54 56 1749
51 0 640
49 15 1542
77 45 422
2 54 605
16 9 166
2 47 695
27 56 1373
31 13 1852
42 43 1253
53 26 621
39 24 1308
37 61 2082
13 29 2245
55 46 2005
13 71 559
50 73 1956
5 36 153
8 14 512
59 49 2075
21 40 1924
70 69 103
9 73 642
23 24 306
2 57 1370
9 52 1083
39 74 947
17 62 131
66 79 1755
23 78 1258
3 49 539
43 11 123
41 0 617
27 35 1839
31 47 1452
69 61 2206
35 33 604
11 21 685
26 43 648
70 34 1809
72 34 1211
4 71 1256
58 9 2094
72 28 857
58 49 1571
23 37 375
35 37 1815
24 30 174
52 63 1216
57 14 1015
64 48 442
76 56 1761
33 34 1615
73 3 761
45 1 1066
60 72 423
68 52 0
21 43 2197
20 18 1764
24 61 1366
6 72 1727
52 10 1147
46 9 1462
41 55 1237
56 73 2169
76 69 2054
26 69 1016
6 73 1771
20 15 1045
52 56 2212
65 50 519
56 29 2193
26 35 487
57 78 2156
20 10 258
13 55 1956
13 50 1470
73 72 1643
68 18 1054
33 8 2120
52 32 702
2 11 1518
24 68 1798
51 52 1196
74 7 1267
23 75 2266
13 4 1198
29 47 43
49 63 322
71 64 1936
64 21 1407
45 49 631
61 34 227
64 72 974
75 46 764
24 76 2214
34 17 1373
18 28 1014
28 48 336
13 76 1402
51 78 1433
51 33 1110
74 31 96
71 72 23
44 33 1486
72 79 2229
6 34 1861
9 61 1309
43 49 2250
60 21 1015
45 58 92
79 8 218
69 66 1115
55 70 346
40 10 66
67 53 20
67 66 2198
26 5 630
60 55 1487
19 42 548
64 67 49
50 5 1457
0 49 273
28 0 1959
47 17 420
15 70 1318
50 9 678
0 5 1469
42 50 1026
50 4 1338
72 57 526
58 68 1740
42 8 442
51 21 1127
26 34 193
3 52 940
46 65 320
46 3 1813
76 26 2202
30 23 788
22 25 2071
33 56 1385
13 36 1589
3 10 405
17 78 1164
6 47 235
49 10 2083
70 3 2054
41 69 646
14 50 1822
14 7 1461
14 11 1395
10 23 499
67 33 1091
23 48 1090
24 2 736
41 64 619
68 24 1730
24 46 1621
22 65 1970
55 31 168
21 63 730
69 10 80
59 78 541
30 62 2034
78 44 262
75 55 295
34 20 1144
3 72 1100
76 31 1923
69 41 1442
43 46 727
2 68 238
17 15 2074
63 11 2265
21 77 1827
64 41 1456
45 15 259
56 37 308
2 24 1379
62 52 2242
51 49 475
6 65 1704
18 42 270
21 55 1719
2 1 1980
2 21 1599
48 2 487
3 48 47
25 16 1848
73 1 173
56 24 1103
76 16 901
32 72 1912
22 40 1605
42 2 1924
7 15 1278
0 74 691
33 11 14
36 52 646
16 51 738
32 69 334
69 14 1684
51 13 122
23 77 68
23 60 744
5 27 687
40 15 2149
24 34 632
6 10 1771
19 2 1349
29 5 1106
47 73 100
72 24 819
39 51 2202
22 51 182
77 47 268
3 28 1000
20 4 492
76 20 707
55 67 407
4 21 1177
53 68 2036
9 53 1221
7 55 1372
54 61 2032
70 65 1626
11 26 1533
2 13 1279
61 5 375
78 43 2206
11 53 574
17 28 1801
9 10 1199
14 43 1326
57 75 1052
45 52 1234
51 2 640
32 49 1650
24 44 1166
33 18 1313
29 78 1339
59 63 1674
3 74 1180
17 31 1019
63 37 1110
50 62 901
28 72 388
2 39 1993
58 57 724
74 52 1542
33 32 3
71 58 310
20 65 764
36 0 1380
8 3 717
67 39 910
76 54 333
15 33 1155
55 4 2237
69 74 963
74 0 1599
2 26 1334
59 65 1750
19 18 638
18 44 1499
20 53 1167
17 25 1378
61 69 805
56 57 728
27 25 1872
78 50 1154
51 36 1910
5 77 530
33 68 667
63 4 950
49 35 298
54 25 867
52 24 1537
60 4 51
42 79 1821
37 78 281
77 34 1209
13 45 617
66 26 1896
50 25 1436
20 5 1275
27 22 750
69 73 19
59 72 1947
0 41 852
25 30 1336
33 26 1192
33 23 694
1 51 7
40 5 1254
7 60 2178
0 76 1381
77 35 262
15 17 1311
47 23 1442
71 30 1110
31 64 1378
0 61 1618
9 20 444
7 43 1223
32 34 589
29 73 186
54 3 1523
61 8 1780
11 27 1336
43 42 911
71 33 894
53 42 312
36 60 612
11 60 1566
72 77 746
73 7 1519
75 58 1395
44 54 674
39 73 2039
73 28 1935
52 53 253
66 32 1431
65 20 1441
30 37 341
51 45 314
54 26 229
32 33 1635
15 11 1100
24 25 699
0 33 987
49 31 1908
49 33 2180
43 58 1367
61 1 1274
9 23 456
56 72 2140
3 35 1675
56 14 457
60 25 1888
76 36 1228
77 66 2193
24 60 1481
33 9 1232
62 34 591
16 72 1720
73 32 120
68 75 412
56 48 1576
1 60 1924
51 35 2098
26 41 1190
14 66 1151
62 42 2013
75 79 1260
66 0 1356
73 41 2023
21 46 1047
18 67 1784
52 64 2021
71 8 1815
59 58 570
72 30 706
72 67 1217
2 48 2197
24 69 944
35 51 1025
20 47 1273
74 13 376
73 20 230
46 63 1510
62 54 183
68 72 1540
10 60 2213
62 78 2019
37 14 1665
29 33 1797
61 19 1690
53 41 902
22 20 1489
17 34 461
21 10 691
60 31 611
13 17 718
8 49 1775
75 32 1662
6 54 1263
63 39 1010
28 3 1244
53 19 1806
59 50 948
20 23 695
20 26 994
68 79 1590
55 21 1188
20 36 1299
68 51 1822
44 60 1736
46 14 1664
9 59 1689
55 62 2076
13 26 689
70 62 178
62 5 1207
31 18 703
71 22 1091
19 63 884
65 27 804
10 6 1443
47 70 960
76 71 1926
49 1 1251
76 7 1174
61 40 729
19 56 662
72 71 1609
15 73 1393
35 55 1403
0 77 2051
47 31 1266
58 15 1177
5 45 1553
59 60 531
78 9 690
15 14 545
54 71 240
67 40 1360
77 23 1508
49 52 1653
1 41 1326
35 19 2198
22 62 803
73 45 346
48 74 670
63 21 1810
55 11 1566
75 71 796
50 29 1885
8 26 542
29 72 1994
16 63 241
9 14 2220
31 48 464
55 35 1194
53 43 1911
10 58 2210
46 54 1763
26 9 963
52 65 1221
48 9 174
47 49 1214
73 39 1337
11 70 920
11 49 1384
45 40 722
53 59 1164
42 28 1787
67 68 329
79 66 40
9 1 2119
56 19 458
18 33 1953
53 11 1188
1 74 125
62 15 1734
11 30 1204
76 18 69
69 1 22
54 42 1210
33 36 173
26 77 1752
53 8 2165
39 15 1388
27 66 1274
54 79 1494
78 56 62
27 47 403
62 24 1256
60 0 1334
59 39 1523
17 40 2172
59 45 404
74 75 409
32 17 211
32 2 143
31 59 2035
1 70 1003
69 53 2264
1 52 762
24 52 536
32 7 201
49 25 1546
73 65 1143
22 2 449
21 48 1067
70 74 509
1 50 1216
30 69 1782
60 58 1351
52 77 1322
67 18 2112
0 42 1240
15 78 386
34 62 1261
64 8 450
15 59 1796
36 74 263
9 40 1776
70 37 1153
43 61 1904
58 41 1363
55 13 52
74 9 551
17 61 1074
28 13 2192
55 1 667
60 27 513
6 2 1454
23 39 43
79 73 1554
53 50 26
41 20 266
66 19 571
39 50 393
16 11 629
41 19 1545
36 24 1608
18 62 1943
11 43 2048
5 22 559
40 75 1945
79 57 2011
76 46 1288
36 20 2084
57 72 1761
23 29 2032
72 16 49
68 63 1933
47 58 1445
79 30 543
44 46 794
70 50 205
15 21 394
74 29 185
49 29 761
64 65 2169
74 17 1399
67 7 577
75 8 397
1 73 1179
0 27 444
55 78 1505
61 15 178
40 63 1648
41 11 427
14 27 1742
74 44 1762
51 66 1460
53 28 1946
49 37 1629
45 67 1140
1 49 1317
73 23 864
51 77 1603
41 49 955
45 44 964
23 72 1479
51 64 1523
77 59 59
18 47 1486
18 20 2132
78 39 118
53 69 1571
44 37 784
52 57 1368
62 75 445
72 3 221
77 46 1634
50 67 1037
60 24 219
28 31 1188
9 50 1141
27 30 1854
68 2 1873
41 68 1687
79 45 1586
18 56 1179
37 49 1877
39 72 2028
58 11 1982
69 59 1595
43 51 1590
7 64 211
45 66 1304
71 3 1272
76 47 549
44 11 832
71 79 1200
14 39 1017
61 30 939
21 22 338
60 69 1596
62 16 1983
24 49 1707
37 2 1555
35 69 2142
33 16 2000
0 48 190
79 75 2253
77 50 1234
20 11 1997
47 54 2264
56 75 1543
29 20 174
24 19 1411
3 40 21
55 20 729
4 32 286
1 18 1299
3 19 2092
63 15 1402
56 25 464
36 1 1981
24 26 626
59 25 1627
56 71 1245
35 76 863
31 19 1033
15 4 231
33 21 1811
43 0 1257
48 27 1463
33 27 551
55 27 556
11 64 446
24 74 1734
29 19 2045
30 32 1151
48 79 231
7 20 1597
53 47 696
0 60 1324
29 75 1885
20 16 571
72 11 2167
24 16 620
0 50 110
17 75 996
13 72 857
27 7 2040
51 73 192
40 33 1105
71 4 1907
70 8 943
26 4 888
42 59 2066
3 65 1698
39 46 2051
51 61 1503
23 54 1846
7 42 148
27 70 2069
37 19 350
73 31 1294
58 42 1375
68 71 571
53 9 1645
5 44 1231
29 64 169
4 77 928
4 59 787
66 14 2048
4 16 201
72 25 1013
74 28 247
16 55 2009
54 9 1915
45 7 1316
7 51 1198
46 62 1755
34 39 1903
36 21 1520
72 56 967
45 25 1468
46 72 963
20 43 1750
16 21 297
65 5 1773
16 20 427
77 8 403
43 26 2054
5 58 875
17 36 365
37 25 1475
27 67 652
61 65 299
1 3 2175
73 29 1703
62 32 1299
68 65 723
26 74 434
48 11 1549
71 51 1186
43 65 1017
61 21 364
56 21 428
15 51 2000
17 20 1210
61 11 1596
65 34 1973
0 13 902
53 76 1881
51 19 1252
59 47 985
35 18 1492
64 18 697
17 71 1059
50 19 543
16 17 1967
40 17 1412
8 13 455
76 62 660
78 26 841
33 31 2093
30 49 202
55 23 448
5 34 1527
7 67 722
70 48 1600
10 27 848
14 78 254
67 29 307
37 47 2127
25 35 1932
25 79 62
58 50 1822
59 8 2114
24 43 519
52 20 878
71 15 2200
61 22 1922
10 41 254
23 25 475
30 11 507
4 1 529
45 63 223
13 16 1269
44 55 1712
44 16 388
23 42 1443
71 76 2112
61 60 2052
34 48 361
69 58 1669
23 73 1153
32 76 325
64 75 1778
18 8 1296
36 5 1219
69 75 648
41 8 1174
76 39 1053
74 18 1467
69 62 1574
68 69 1723
13 43 1234
27 59 1004
13 23 1789
74 42 2090
32 23 126
66 2 1480
49 32 1278
4 78 1180
15 76 1090
13 14 1203
75 57 964
74 57 1402
68 43 1545
45 24 221
64 69 1265
64 25 907
46 34 609
0 18 287
15 36 1965
3 26 2111
26 25 1614
40 79 51
9 47 1363
76 23 221
3 55 804
0 71 1105
15 66 532
26 78 2133
68 11 1942
4 20 332
25 7 227
11 51 2161
31 61 137
51 53 798
44 68 805
7 46 540
76 49 1458
18 71 2133
77 62 1721
75 62 1237
32 19 373
16 33 1448
7 62 811
30 75 976
6 50 1752
67 72 1622
37 77 713
46 74 1863
5 21 160
0 26 494
72 48 595
17 51 921
13 63 181
28 34 1649
35 29 1295
20 73 49
9 71 2210
7 35 178
17 45 636
14 69 1460
70 36 1857
66 49 1852
59 19 168
49 71 61
23 17 368
52 17 1564
23 9 1457
47 34 1539
7 44 1838
13 60 2201
6 21 519
44 4 38
46 25 1376
29 37 991
47 79 1593
76 3 482
31 51 490
55 47 461
61 13 1219
48 62 1741
70 49 626
15 57 1856
29 71 274
8 78 820
18 45 1358
41 30 133
23 58 590
42 69 1856
52 55 802
26 37 1054
31 3 293
41 17 1392
71 70 1764
55 37 2006
0 57 689
27 41 619
13 78 817
48 77 2103
46 45 1123
26 64 355
41 14 199
56 27 823
15 65 373
48 71 1130
50 53 2010
69 27 1494
25 78 1111
73 40 603
39 76 771
54 62 1748
36 31 515
66 30 1912
46 69 770
54 7 1523
71 78 2040
57 51 1879
32 21 2177
19 33 7
66 18 601
53 72 303
17 3 1340
66 51 523
31 8 1217
62 72 685
46 52 1546
15 23 1499
59 28 567
2 41 1595
7 59 1239
54 10 1548
40 67 619
3 15 1277
35 30 2011
31 4 486
57 35 2219
68 35 578
11 0 1096
56 22 570
71 24 1364
16 3 2021
9 68 2190
5 53 1357
9 78 1940
39 49 1818
22 47 124
47 65 832
28 15 953
54 48 395
59 27 179
74 34 1299
10 46 2200
62 27 925
2 71 258
35 10 479
72 2 1286
57 16 1363
41 67 487
32 29 67
25 33 1929
42 57 1577
77 20 2229
14 32 2137
13 48 1119
57 58 1965
26 11 89
77 67 50
0 1 1060
75 11 955
21 18 1215
10 15 1155
40 54 549
39 77 2068
7 22 437
52 50 2035
24 9 2187
75 49 67
77 32 321
72 39 1269
61 73 599
24 56 1771
61 20 186
18 58 765
78 67 1431
0 79 19
44 59 510
11 9 1269
18 76 357
33 72 1776
42 3 419
31 24 59
5 3 1305
60 66 2013
32 78 1015
1 53 757
14 64 653
79 33 312
4 79 1645
19 32 2015
42 17 1236
29 39 1961
70 19 1412
79 6 1349
48 50 2023
53 37 672
1 11 818
53 48 289
47 33 1185
34 75 1799
35 2 658
25 32 1589
22 57 197
10 30 549
8 36 1104
33 41 246
19 34 1358
5 18 1170
15 62 1742
28 21 1389
56 13 1086
17 59 2081
52 60 521
21 66 220
20 71 1868
37 21 1585
14 63 182
44 45 906
17 44 922
79 49 124
76 28 1349
77 0 2125
63 7 1073
22 58 1050
74 16 814
8 68 1410
11 4 767
73 16 937
65 75 1152
35 9 2255
23 53 1040
28 63 793
54 34 419
25 66 1261
14 57 358
49 75 235
0 69 1447
77 22 448
56 11 429
48 20 1698
70 18 1034
59 53 2012
40 26 1206
58 43 1772
41 57 2052
40 8 2038
40 48 1815
40 55 1458
76 72 35
20 70 611
10 44 414
44 30 1464
57 27 1340
71 60 2046
31 42 1082
8 0 2075
78 64 1611
55 45 694
66 27 49
20 3 1274
55 72 1446
28 30 1427
8 23 872
13 66 1336
29 79 1145
26 29 642
40 42 100
72 42 1979
11 62 770
23 36 1380
13 22 1231
56 59 1172
59 55 1031
31 0 1687
22 56 164
61 36 2003
65 79 342
41 24 360
22 60 1990
23 14 697
67 22 389
5 78 970
30 53 285
10 19 2086
34 29 428
47 28 1296
2 34 1946
17 64 1880
45 70 72
8 74 334
29 31 600
43 72 108
42 15 577
21 78 1517
20 24 259
23 56 139
52 73 524
77 17 1634
3 64 2082
59 34 1743
27 21 383
19 39 867
74 21 405
41 60 697
70 24 1165
34 21 1926
70 10 1729
13 0 1420
53 46 1192
31 53 24
34 76 670
50 75 1468
36 76 1874
34 31 969
67 56 1125
71 68 1278
58 71 1390
25 58 342
11 35 32
52 62 997
73 51 828
5 52 1945
66 67 117
43 13 652
29 27 49
54 33 118
37 44 1120
70 1 318
60 20 388
63 34 90
63 18 636
40 13 390
28 32 75
5 7 671
16 50 2003
32 51 199
66 76 1471
73 58 227
7 34 48
48 51 2074
65 24 2224
77 78 2032
9 34 1093
61 52 663
31 6 1991
45 23 1970
39 56 935
15 46 2079
27 26 2263
66 8 1169
45 77 1609
63 45 1521
30 29 1434
52 14 574
71 62 1976
8 17 2002
48 7 556
62 79 1510
34 19 1502
79 29 201
4 33 2264
60 8 129
63 57 672
77 75 1107
60 79 587
28 79 538
22 11 740
61 23 1840
28 57 1477
54 64 1
39 16 931
25 29 886
28 5 900
19 72 2098
6 48 1983
10 8 165
66 52 191
68 77 837
48 66 595
7 41 768
75 66 1575
74 4 1866
5 49 1580
40 64 1478
35 13 386
26 75 1474
23 41 984
18 39 1259
11 37 240
14 28 1192
41 59 547
46 71 1545
49 16 330
8 71 610
49 66 1208
22 68 1943
54 53 513
52 41 1843
21 51 1112
4 43 2144
49 42 157
22 10 103
39 43 214
41 56 1095
51 22 91
44 0 1666
72 13 2125
9 24 1111
76 74 29
58 65 1043
53 63 2161
45 43 943
18 9 651
51 50 1284
18 37 1663
0 31 1112
52 28 2198
77 18 275
27 68 1775
68 17 2203
34 10 736
8 73 413
76 65 528
29 4 667
21 62 914
22 50 892
56 34 54
31 67 962
64 40 2088
64 24 362
32 27 330
78 1 1739
27 2 2129
10 36 540
22 78 683
10 34 1071
22 54 2015
46 29 1873
50 22 1603
19 37 358
76 70 135
49 2 1710
30 21 1932
19 67 401
78 60 2165
78 16 659
2 20 593
73 53 748
10 67 2262
4 14 1766
37 9 1242
8 75 473
69 37 102
40 37 283
60 13 647
57 28 2198
1 33 1514
33 62 1168
41 46 1952
29 6 931
0 11 402
2 60 2260
55 41 67
8 63 366
39 79 1387
43 45 1216
1 32 482
50 72 1685
30 25 71
41 21 1479
34 1 2011
14 17 1263
20 8 1775
5 64 2132
2 73 1801
10 51 569
25 26 1202
44 9 833
24 33 532
79 46 1638
15 50 652
60 46 1595
23 79 1649
69 29 1943
42 71 1530
76 13 1433
26 27 1154
23 34 221
13 42 1386
67 27 754
44 34 62
61 29 2104
36 56 467
48 8 1365
3 34 775
50 63 1179
20 34 1411
30 73 683
42 33 1719
29 66 1882
50 68 313
53 45 1440
3 9 1458
39 63 1527
60 62 1942
16 1 2026
69 70 59
76 30 1293
38 23 76
38 4 52
38 22 61
38 76 67
38 77 68
38 59 22
38 69 44
38 37 71
38 10 51
38 21 46
38 44 31
38 42 47
38 1 32
38 39 61
38 62 79
38 67 34
38 56 53
38 72 6
38 32 4
38 20 6
38 53 68
38 41 69
38 73 47
38 19 77
38 43 22
38 25 71
38 58 11
38 24 72
5 12 7
7 12 27
9 12 7
13 12 66
17 12 43
18 12 34
20 12 0
24 12 25
27 12 55
35 12 30
36 12 4
40 12 19
41 12 31
44 12 16
45 12 78
46 12 13
48 12 39
51 12 32
52 12 56
60 12 36
69 12 17
70 12 46
73 12 78
74 12 11
75 12 45
77 12 36
