8
43
36 14 69
13 19 406
53 28 603
23 3 595
6 68 700
30 62 502
2 11 21
64 33 419
64 69 531
51 49 47
58 57 64
50 31 22
28 45 662
68 44 81
42 48 548
51 52 300
5 12 487
32 35 253
51 53 17
16 9 371
14 33 343
10 35 51
65 12 670
54 6 66
42 9 39
33 13 539
57 34 324
38 55 422
2 66 143
49 69 125
24 32 531
19 68 334
69 32 27
53 38 657
42 37 455
14 13 592
40 20 433
26 19 175
32 31 231
45 24 479
17 14 712
6 29 469
45 9 37
53 25 629
48 62 295
1 62 70
16 11 209
5 4 676
44 18 671
67 36 133
48 64 569
1 60 49
65 46 502
67 58 129
48 34 575
0 7 655
9 7 30
31 65 679
59 42 159
36 34 321
18 59 515
29 24 125
11 62 177
28 29 415
14 25 109
56 37 185
61 60 616
54 57 148
53 33 331
67 26 116
38 52 694
18 4 300
12 66 635
59 25 332
7 55 311
9 69 306
9 47 286
54 62 488
18 12 52
18 21 11
1 42 26
6 18 40
69 23 606
47 3 373
44 50 737
49 35 574
44 58 249
37 30 268
21 60 674
62 66 205
29 11 598
31 25 66
6 2 482
52 57 206
15 54 637
11 9 340
10 28 81
64 54 616
56 16 585
3 44 290
17 5 206
17 62 185
67 32 59
27 69 355
31 11 232
58 16 363
37 13 369
44 45 630
42 66 537
12 21 527
42 29 540
9 35 650
61 0 29
42 11 322
58 7 164
14 51 61
66 46 280
5 58 144
67 64 329
27 54 553
19 30 462
27 64 274
51 11 381
6 27 117
56 59 59
14 49 593
4 26 145
46 19 117
38 41 739
69 44 525
22 3 626
31 18 418
40 15 714
29 39 69
58 46 185
46 13 635
54 27 143
46 52 345
47 49 313
27 0 515
57 35 444
69 15 213
12 45 669
16 63 39
9 1 90
52 66 52
55 56 451
50 54 435
37 12 396
3 52 434
46 15 288
29 67 422
62 13 421
30 58 420
69 68 470
30 64 424
64 9 310
36 32 579
15 2 623
42 53 534
52 30 645
31 60 291
2 27 272
23 37 359
29 58 138
47 58 210
39 38 690
36 61 735
60 16 400
55 64 2
1 46 524
15 56 614
2 36 482
24 2 87
66 31 62
44 5 718
35 3 109
30 54 295
33 66 3
10 23 636
48 33 550
41 13 652
5 66 53
9 65 339
34 63 57
34 48 718
34 29 212
32 47 7
26 24 367
31 10 618
31 45 599
10 11 81
30 56 131
17 20 235
4 63 331
62 36 443
51 21 448
24 55 331
44 14 94
2 30 714
49 46 567
54 45 274
39 32 64
46 40 71
19 10 515
13 5 157
12 18 553
21 69 306
1 4 625
33 34 425
17 1 387
44 24 191
62 59 553
21 0 516
1 27 632
53 27 733
15 27 698
15 52 693
2 7 176
12 15 353
44 67 202
55 42 139
67 7 208
24 57 502
24 65 515
48 42 101
13 51 43
24 11 222
60 53 39
67 6 478
42 60 531
50 47 498
49 20 375
68 2 252
3 67 439
39 2 644
63 65 383
29 4 69
63 69 31
62 40 337
39 23 217
67 31 640
47 9 469
61 44 92
17 30 427
64 44 199
69 63 601
63 39 722
28 16 584
49 1 255
65 53 593
62 69 86
19 5 337
33 57 61
14 4 553
22 55 626
4 36 194
62 67 679
69 29 542
10 65 434
32 52 413
2 48 172
1 36 417
61 51 603
35 9 76
9 36 697
68 64 196
51 3 186
47 17 650
36 15 483
53 13 184
33 62 74
34 9 415
44 68 475
57 7 678
0 12 534
67 49 622
67 44 563
2 55 413
28 36 522
50 51 688
17 60 97
0 37 613
37 16 650
42 22 541
65 18 541
16 33 528
23 41 257
10 7 699
5 35 225
34 69 714
24 39 250
66 51 420
27 66 5
58 20 538
38 50 458
12 48 81
30 23 710
3 38 223
4 20 516
23 50 298
44 31 417
42 44 407
63 36 352
49 27 369
48 30 365
23 33 208
6 37 507
68 4 265
34 6 580
38 19 13
13 66 72
56 63 78
42 41 627
24 12 26
19 29 376
49 60 597
46 34 598
0 42 250
14 9 130
0 50 160
69 47 543
14 0 280
24 44 231
55 1 665
32 2 167
6 62 368
25 49 139
38 49 699
15 60 25
5 30 525
11 57 507
6 28 470
66 62 592
0 24 36
57 4 713
30 42 199
16 57 671
62 60 574
15 47 352
49 67 569
9 45 735
41 1 525
46 1 68
45 55 338
37 15 402
50 56 219
44 39 487
45 18 660
4 16 567
37 46 267
64 17 7
56 32 91
4 39 138
52 38 538
66 47 744
32 44 517
25 5 584
58 5 431
30 19 581
32 0 3
67 19 52
41 16 69
6 16 483
45 3 41
29 57 135
62 47 315
53 40 72
41 64 381
58 18 648
0 9 72
9 48 331
47 14 398
41 21 465
66 56 487
27 19 272
10 17 398
32 69 470
40 65 97
22 23 537
54 7 377
38 3 211
0 46 81
3 4 533
38 53 712
50 61 82
48 17 700
56 49 430
56 7 426
66 34 659
7 62 490
33 48 308
2 17 650
23 59 266
67 27 391
20 6 49
63 23 246
48 59 722
51 56 86
27 17 402
56 45 345
5 0 332
38 29 513
37 52 16
24 52 200
19 59 483
41 3 150
24 47 343
31 42 387
21 2 184
33 19 274
68 60 534
56 31 218
30 57 309
51 14 247
35 66 340
57 6 190
28 21 719
50 41 84
12 28 727
41 52 593
52 37 535
17 51 24
51 26 308
46 68 376
7 25 45
64 55 721
32 1 131
31 47 497
36 47 289
3 36 28
42 62 607
16 49 364
64 1 160
62 27 354
63 2 624
41 68 84
35 60 263
17 63 442
41 14 147
24 42 717
31 55 712
61 34 513
35 18 70
1 49 617
39 26 534
40 25 689
57 28 540
0 61 554
19 45 599
63 41 264
6 48 167
16 2 103
26 12 573
54 9 604
30 68 257
56 17 440
52 49 254
54 69 4
11 31 178
2 18 351
24 34 546
11 29 464
26 59 452
64 20 599
38 56 192
28 61 82
63 68 393
25 14 199
24 26 700
48 14 119
48 28 345
31 50 410
41 60 241
44 66 323
40 27 49
5 67 232
48 53 306
25 15 691
46 20 285
21 66 603
3 50 569
33 46 334
21 28 259
14 55 199
31 59 719
68 28 16
16 0 144
46 33 483
66 16 118
36 16 736
18 69 296
16 5 9
34 18 198
59 20 188
61 33 48
30 48 663
57 15 636
39 60 208
14 39 242
47 34 311
28 17 728
15 36 440
9 64 521
65 40 697
58 12 146
68 15 439
17 4 574
45 27 105
1 25 414
29 42 454
7 56 336
25 58 270
62 54 125
7 42 500
64 59 485
12 56 128
51 23 372
64 35 480
1 3 661
24 4 218
56 11 186
49 41 535
45 15 351
62 0 180
57 53 453
42 59 53
5 65 618
22 34 330
28 39 449
32 57 591
3 23 436
31 35 401
3 25 739
59 40 647
55 68 394
21 36 305
52 40 597
4 23 347
10 27 382
21 33 288
59 37 91
26 67 515
6 31 7
38 62 459
68 30 131
18 66 421
14 50 375
21 16 351
58 47 275
66 28 379
22 63 714
67 61 644
47 25 250
64 39 176
46 48 627
44 40 571
49 62 87
30 21 149
33 59 505
11 66 251
55 65 186
24 35 541
60 65 496
44 48 300
40 35 497
35 14 291
61 24 443
51 69 253
7 52 48
33 7 452
22 56 168
38 4 155
42 34 207
7 17 488
46 26 496
57 55 35
24 59 426
7 19 399
47 33 144
24 37 459
47 0 468
66 63 135
21 27 605
62 12 487
61 6 383
60 29 158
54 66 314
35 27 630
41 48 124
23 51 486
18 23 709
64 31 85
52 69 25
35 19 91
37 60 510
53 24 683
51 66 607
65 41 252
40 69 592
52 20 376
7 32 133
54 14 221
56 20 627
15 16 598
36 62 314
37 47 316
23 47 125
51 59 267
24 61 402
0 23 514
40 13 195
54 4 550
36 33 241
15 48 675
25 46 662
46 66 9
30 16 367
5 3 536
9 16 459
52 63 515
1 14 75
3 40 333
39 49 439
37 17 419
65 63 371
53 55 9
20 27 541
55 37 352
58 14 309
10 55 568
66 67 221
40 47 125
66 23 231
0 58 24
59 64 437
39 55 595
54 33 646
2 21 612
46 2 725
62 44 592
68 7 456
65 1 203
55 4 247
3 42 355
6 54 499
44 63 470
53 41 743
39 21 346
10 50 403
56 62 316
15 42 179
16 17 641
11 33 541
58 29 607
42 18 603
40 51 213
5 45 565
60 61 184
0 35 553
24 33 517
1 66 367
59 58 520
47 15 94
60 67 581
29 55 485
39 51 185
22 12 323
24 53 240
38 10 628
64 49 94
46 24 571
0 25 636
0 48 440
4 33 310
0 51 315
25 4 195
18 57 708
37 20 510
21 44 628
49 37 378
64 6 683
33 32 48
60 7 737
10 68 48
25 50 370
54 61 461
17 2 411
6 67 663
42 6 645
39 35 238
25 68 14
3 61 413
18 16 538
25 44 639
52 23 619
62 20 634
29 22 421
53 47 276
3 14 337
52 34 404
55 47 604
60 57 129
1 58 514
65 56 731
20 39 616
61 4 68
0 36 376
54 3 231
11 19 168
68 38 306
33 15 454
8 58 58
8 54 63
8 35 0
8 41 62
8 64 9
8 30 43
8 7 39
8 3 69
8 16 19
8 42 10
8 57 8
8 67 60
0 43 14
14 43 12
18 43 42
25 43 59
39 43 53
63 43 9
68 43 5
