67
38
6 57 10
63 75 611
57 37 372
85 35 655
60 28 17
35 0 595
59 14 763
22 40 409
76 53 1170
50 60 460
52 8 367
19 89 54
30 47 943
12 24 634
11 8 1052
32 10 464
14 50 1144
33 42 496
60 53 694
17 31 959
3 55 314
11 73 332
77 52 796
13 69 449
18 48 989
30 63 631
16 72 310
51 48 925
87 52 781
9 42 791
22 82 556
56 85 400
36 37 37
50 8 164
40 78 828
43 52 239
10 56 438
46 54 148
36 32 974
79 51 1145
34 57 844
7 51 1023
43 48 480
32 86 1023
14 27 977
45 1 1190
3 28 126
32 35 881
55 54 1144
88 63 251
58 13 1202
79 12 93
34 7 322
86 45 377
0 88 713
39 3 1128
84 64 850
88 40 729
50 76 152
55 16 349
74 85 234
70 68 988
12 11 1094
60 15 101
87 7 661
19 69 328
29 18 544
36 88 439
14 10 657
82 52 731
65 52 247
50 9 724
60 35 1065
59 53 105
18 66 141
1 50 927
40 12 1122
64 40 669
50 0 882
89 55 394
48 35 1114
6 8 1004
9 41 1213
74 66 696
60 81 1203
65 11 1111
33 49 197
31 77 1222
8 80 871
23 3 8
21 27 1189
42 76 967
76 11 1222
68 76 1050
13 9 431
86 88 309
21 83 345
33 71 578
3 40 320
29 2 1184
21 68 395
78 23 116
51 20 397
75 87 718
20 23 1019
47 15 6
46 25 578
24 20 614
47 80 32
80 17 292
55 25 490
66 56 813
50 26 385
17 74 978
48 79 1052
45 35 134
21 16 146
20 41 348
26 17 513
11 48 971
8 79 647
6 18 311
1 20 195
29 81 147
27 37 447
20 43 506
27 70 431
59 0 922
8 82 899
76 68 562
26 33 177
81 28 895
61 50 1045
32 33 532
17 16 564
75 24 526
56 2 214
7 31 236
15 31 591
10 12 74
21 51 260
15 28 1102
59 36 566
60 52 1014
76 44 696
1 77 317
62 74 635
74 24 933
46 9 736
81 25 266
58 2 596
41 19 864
6 78 50
53 15 554
8 28 354
1 36 600
69 4 3
17 26 947
45 24 379
85 54 348
70 74 273
31 9 1096
37 69 1174
5 49 1085
77 42 771
46 33 683
54 78 209
82 81 922
45 74 441
26 7 963
7 35 355
16 37 547
58 63 436
62 83 241
36 0 582
77 89 218
42 2 191
78 29 517
20 81 1042
63 52 446
57 70 115
13 29 1005
79 54 396
9 23 389
47 34 649
53 14 35
55 28 1165
22 29 942
66 45 649
55 5 1174
74 43 1037
10 65 352
89 15 945
26 50 398
52 28 817
47 7 165
21 29 81
86 78 742
57 1 476
7 79 640
32 59 678
13 7 125
52 45 615
74 65 585
20 71 1090
69 58 876
44 81 129
46 7 1183
69 57 52
77 85 1004
89 17 755
81 22 864
10 54 1062
19 5 895
75 19 1040
51 52 831
71 26 56
23 36 492
54 70 1120
89 35 1004
88 14 231
32 80 597
25 71 490
64 43 563
23 6 958
23 59 893
49 64 351
79 36 800
83 53 299
26 9 878
35 51 722
55 77 1005
70 55 385
78 4 1006
44 5 223
41 72 1180
4 85 961
36 33 557
66 83 554
44 47 285
33 43 1161
62 64 22
2 53 1209
76 80 485
10 74 530
44 36 830
78 10 44
8 12 347
66 60 377
64 41 952
76 9 916
25 37 1091
26 39 1225
82 23 1064
65 12 322
39 19 341
68 6 201
39 34 257
6 47 407
71 28 863
47 70 457
87 35 335
13 34 773
21 55 934
71 48 220
51 66 933
74 88 383
54 20 415
64 23 499
87 18 739
33 29 117
37 34 1217
55 87 255
26 32 1214
33 30 662
60 64 494
37 79 794
79 87 288
73 78 912
0 50 651
59 84 159
21 79 941
53 46 580
75 85 38
87 48 87
10 24 1104
10 55 645
69 78 812
65 35 170
87 66 495
3 63 847
81 88 539
13 54 1
5 42 758
45 25 464
24 77 626
11 14 447
30 51 293
83 28 1109
59 25 472
71 60 1003
41 71 139
62 76 740
2 36 904
18 62 15
61 1 575
0 1 875
88 56 926
49 37 933
36 76 819
36 47 611
42 63 86
29 22 767
56 47 900
12 44 1118
47 42 179
31 36 1129
78 42 275
4 11 754
4 89 15
53 72 1102
8 73 1056
47 39 733
7 58 82
59 19 867
13 41 633
43 45 104
5 62 800
45 18 730
62 66 594
61 75 954
2 24 375
41 89 14
80 71 1032
50 18 1206
61 21 893
21 39 159
63 51 267
61 11 136
6 0 65
10 64 304
7 2 1096
81 19 1012
27 83 654
81 44 1109
4 23 752
39 53 787
43 75 627
60 70 619
41 45 85
63 80 846
2 20 667
72 79 469
9 39 694
53 1 316
81 45 864
87 51 132
40 49 1008
24 65 252
54 43 1182
79 69 47
58 27 393
68 56 821
5 86 1151
36 4 967
27 48 54
9 24 835
65 62 1031
21 14 79
2 59 873
48 16 16
69 83 1024
22 47 674
65 15 503
30 45 455
68 82 275
79 22 1060
54 15 168
53 80 675
10 32 667
9 0 1136
37 86 479
27 65 473
7 26 647
61 9 545
47 61 1099
59 46 94
62 34 47
1 47 641
40 6 1033
64 69 383
42 46 956
12 4 943
58 86 75
2 47 477
39 66 771
30 86 1128
9 44 1043
78 62 914
76 10 590
80 0 976
76 47 1153
6 36 1166
31 42 663
11 42 820
54 40 993
58 5 281
81 29 974
71 11 1018
69 65 126
76 2 569
65 28 953
30 25 1112
41 78 866
31 75 601
60 61 15
32 65 284
76 6 722
0 9 152
79 25 360
79 83 273
42 11 54
1 46 1110
70 9 546
63 0 148
59 80 635
75 17 65
82 25 520
34 78 888
15 47 51
39 32 47
36 50 726
41 44 338
79 26 306
71 32 1001
65 1 142
11 39 185
34 43 1071
45 58 77
66 75 1104
73 35 1002
36 5 363
53 66 1112
6 62 996
3 35 613
27 24 588
54 5 248
87 44 1203
16 68 44
26 0 411
40 11 1161
86 54 1069
85 9 531
62 1 829
86 64 310
3 5 747
45 88 1183
44 6 662
17 61 439
89 77 374
50 85 592
54 74 738
64 28 975
65 44 1154
6 54 122
23 8 99
41 84 939
12 22 163
56 63 46
0 85 980
50 43 75
40 21 558
46 73 1207
35 83 908
77 41 280
39 29 328
86 85 30
72 1 86
89 53 1152
0 55 237
53 75 266
27 25 1213
46 5 757
78 7 606
27 16 249
17 28 715
65 19 919
79 65 688
11 69 706
12 5 612
73 63 219
85 76 979
6 71 737
73 18 882
17 60 487
63 6 54
65 71 865
80 29 1141
56 69 159
48 23 276
72 81 4
37 50 647
42 60 350
69 73 1205
5 78 189
20 52 1148
52 63 714
21 64 119
62 0 470
53 18 681
33 34 1128
1 74 757
70 3 795
13 44 237
50 12 254
48 2 641
89 12 349
34 11 461
34 86 956
64 68 834
88 74 395
0 11 990
21 43 192
58 60 65
18 72 1218
39 85 707
53 49 1155
29 66 161
70 24 343
46 34 839
29 49 552
51 43 1032
82 68 994
12 17 1011
4 8 1156
68 65 584
34 24 797
84 0 1098
28 21 670
77 48 187
6 55 760
77 74 1072
83 46 725
70 52 866
49 18 1060
14 45 1019
25 75 864
3 53 591
12 8 278
72 74 1146
24 89 605
76 79 1061
4 41 21
33 3 752
59 57 871
75 14 1141
44 51 502
2 31 880
34 63 1192
40 29 676
54 28 725
57 84 292
14 29 173
82 61 828
3 59 79
30 15 286
15 4 32
35 34 49
28 70 366
39 20 37
72 3 562
28 88 889
41 46 21
40 77 929
44 57 965
20 78 189
62 22 1090
73 13 1202
26 84 901
74 56 315
32 6 1058
28 39 512
34 5 1163
33 44 623
13 80 109
89 73 184
87 65 826
62 39 405
19 24 1048
45 32 1226
78 66 378
17 86 354
89 54 848
80 41 240
34 44 1136
28 76 954
12 46 442
18 32 1034
36 41 1182
5 75 782
51 88 1128
72 23 597
25 62 371
37 16 763
79 63 1121
21 61 773
30 0 694
80 9 978
1 25 1152
23 82 1218
43 51 843
64 15 341
80 11 88
84 81 534
55 61 278
1 0 429
47 85 1118
73 43 143
66 22 475
57 68 978
77 56 726
62 50 1148
81 13 655
56 77 737
80 36 296
32 19 886
55 11 576
20 36 1047
27 2 571
23 78 331
29 16 139
29 68 291
2 34 1025
60 5 563
30 89 439
3 44 152
88 27 6
64 44 459
50 40 851
23 76 1030
72 18 1164
41 23 1040
45 46 1192
60 0 544
49 36 38
65 77 726
35 53 222
5 51 130
50 52 202
3 14 712
63 45 864
82 54 186
63 57 195
40 55 557
88 10 827
59 30 57
28 46 486
78 82 1086
40 47 913
31 1 363
69 66 20
26 55 783
21 77 1141
33 37 941
25 47 1122
80 47 92
75 48 319
43 33 795
55 58 362
12 84 314
63 85 238
79 58 978
45 11 595
4 3 783
16 61 914
57 77 1115
8 54 804
18 53 476
57 35 169
60 76 305
59 83 1018
33 28 194
31 79 1083
88 48 584
80 45 1177
44 9 1190
3 42 799
77 20 357
41 14 30
5 25 738
34 87 1100
13 60 799
7 9 73
81 6 228
6 41 95
21 85 242
52 47 1169
21 8 633
78 31 396
49 74 722
87 50 95
79 21 436
0 33 1151
60 49 594
16 63 1035
20 42 148
16 32 219
80 52 1207
16 51 878
85 41 16
29 23 249
4 24 428
47 19 3
49 39 814
0 29 1147
87 1 503
81 2 1212
13 46 301
85 30 264
6 68 915
79 59 424
89 42 177
24 62 1180
71 23 771
28 11 264
41 70 46
69 61 182
82 13 870
41 9 1161
12 21 265
80 83 1149
33 18 428
28 65 403
58 34 353
71 25 518
13 75 876
64 29 111
51 30 549
82 24 129
50 62 1087
75 46 407
8 52 587
63 82 823
84 15 114
54 57 460
68 63 202
8 85 731
83 87 862
87 71 469
69 74 0
30 39 777
24 5 688
29 20 422
85 74 780
10 84 31
45 16 154
7 54 1184
46 1 396
1 55 654
6 12 898
3 87 1205
55 73 652
70 36 244
1 3 159
43 26 498
29 88 319
80 3 576
58 32 539
25 40 702
84 33 1113
55 81 478
48 57 1110
15 82 573
16 8 508
68 78 64
83 19 1225
74 29 101
47 58 977
14 39 473
11 83 1034
72 26 691
62 49 163
69 48 274
85 45 848
52 43 667
3 88 1224
49 86 1005
47 59 176
26 71 100
51 6 734
88 50 912
1 34 586
26 88 685
72 47 1075
37 17 719
49 55 134
41 50 862
18 2 104
23 85 467
31 86 485
56 5 1144
14 81 267
70 2 876
19 54 1131
21 28 1227
29 19 670
54 33 888
12 58 453
55 13 662
47 74 541
51 5 531
69 55 425
82 22 229
47 43 138
83 29 1204
44 27 120
41 31 1160
36 72 804
1 58 1042
62 65 153
46 62 1101
14 59 926
32 87 677
27 9 902
86 48 736
66 3 18
28 59 466
42 55 873
0 21 84
36 22 1064
58 82 1015
23 57 290
15 43 312
4 48 1201
13 43 265
25 53 749
64 42 185
3 69 33
86 20 791
39 79 838
6 63 372
12 28 639
68 35 646
7 24 900
18 64 140
82 69 702
29 71 1068
48 45 1206
66 27 570
64 16 208
57 58 721
78 72 67
10 47 532
1 44 834
13 42 1212
41 81 661
31 46 1052
10 71 687
66 12 787
71 45 1165
10 62 833
14 30 452
9 72 1109
23 65 898
8 4 1133
58 65 791
83 89 1106
58 75 1002
11 29 1206
73 75 1168
42 20 805
14 69 1139
16 70 250
89 44 1117
88 46 262
84 21 225
46 80 476
2 19 968
58 43 652
11 15 961
66 40 1211
27 18 621
29 25 1162
74 84 284
23 51 811
49 2 56
65 26 493
41 83 1054
81 89 1177
53 11 974
37 77 470
85 25 1201
55 27 689
48 62 321
84 83 1171
40 37 804
55 83 451
37 56 250
20 45 394
1 48 1014
53 5 863
60 56 168
43 40 296
21 88 510
21 4 407
9 4 491
45 64 527
49 28 974
41 58 1198
86 7 760
6 80 1153
22 57 512
25 74 1142
30 73 779
61 62 1045
24 21 110
35 20 36
11 55 176
85 43 924
71 79 961
64 53 250
45 40 756
18 49 870
13 2 1099
33 5 787
34 80 892
58 72 862
78 71 106
66 5 1075
66 42 1108
45 22 240
63 34 620
46 57 335
5 76 1173
70 63 68
51 87 637
72 66 1209
86 6 665
0 86 728
6 7 880
0 24 1163
8 88 392
55 12 1149
60 43 919
84 74 179
68 37 805
82 10 995
32 17 370
18 46 1039
2 60 1024
79 11 181
64 75 523
79 42 800
17 5 1069
15 64 126
42 50 514
10 53 877
87 34 886
60 40 246
32 83 163
64 10 147
47 13 32
26 30 1145
58 24 950
60 16 316
62 56 101
36 8 98
17 83 945
65 82 950
57 11 1196
9 49 689
63 73 642
40 31 1190
2 35 435
17 24 580
88 83 1166
31 53 579
34 14 1225
23 66 318
9 34 531
30 52 12
60 39 1109
51 58 379
22 66 903
19 73 173
53 41 397
70 83 76
8 35 72
64 89 766
19 7 712
63 54 809
83 24 960
42 29 370
25 10 317
5 17 704
20 83 180
19 66 257
57 66 189
8 50 57
79 3 821
15 13 1167
3 77 122
70 56 540
26 28 673
51 34 707
41 37 295
42 27 650
33 22 22
44 83 259
60 25 282
0 6 704
88 82 97
64 6 934
64 49 1106
80 23 521
68 50 942
81 79 993
33 74 757
24 69 335
61 7 57
66 47 295
63 23 543
22 43 653
36 7 165
9 26 951
74 59 653
9 46 770
83 57 531
56 49 286
12 57 166
11 37 145
46 35 765
12 50 1165
37 89 1129
59 88 1172
33 2 654
12 19 0
66 18 136
41 66 291
36 48 622
60 44 110
62 9 122
76 70 1224
60 27 939
80 31 364
89 10 819
73 50 912
72 10 679
39 30 728
2 37 1039
32 69 939
21 57 99
37 25 612
10 41 812
4 19 1031
70 11 226
8 63 1102
86 24 813
4 77 129
54 62 494
62 89 876
10 76 731
39 50 1224
51 1 12
40 62 574
50 63 290
17 11 30
44 49 82
49 69 1032
58 81 1012
22 63 410
74 31 388
26 75 1174
43 27 246
8 75 974
89 41 321
20 89 1120
79 33 1185
27 28 271
6 39 330
71 9 1099
53 87 568
24 22 933
59 21 751
52 10 1002
83 23 134
13 57 1097
30 82 812
34 51 763
72 29 7
21 70 657
64 47 991
19 1 1070
68 83 729
40 10 565
27 30 1143
21 62 558
63 74 163
43 47 250
28 79 646
35 28 452
51 4 1017
0 15 847
58 74 1045
60 20 472
47 87 90
11 25 587
50 81 304
85 0 1159
88 6 421
17 48 468
0 37 553
10 22 921
36 15 693
7 83 804
18 44 908
84 78 620
0 8 61
63 68 942
36 6 155
10 61 380
79 50 1129
31 60 408
19 20 473
68 27 280
23 84 276
63 77 1011
6 34 943
12 32 139
58 26 214
44 7 1063
62 77 521
3 78 38
35 76 453
43 56 980
80 86 297
60 14 511
1 62 719
49 15 400
84 48 726
34 53 537
75 79 1120
82 27 83
48 34 569
35 42 819
13 16 446
79 7 791
1 10 263
9 25 967
74 64 1109
10 23 151
84 7 1008
42 64 1032
13 82 1012
46 12 746
39 88 41
7 1 236
51 42 852
36 43 859
6 4 101
36 24 72
34 40 193
81 36 891
89 62 805
46 75 429
60 32 790
17 30 856
21 72 418
69 37 929
71 53 1192
49 47 641
71 36 554
73 26 202
86 82 518
67 13 49
67 72 89
67 75 28
67 88 34
67 85 89
67 86 28
67 45 50
67 11 67
67 19 5
67 9 64
67 87 69
67 3 54
67 27 60
67 63 66
67 64 66
67 2 52
17 38 60
34 38 65
49 38 5
56 38 27
63 38 15
64 38 30
69 38 88
73 38 16
74 38 4
78 38 55
83 38 47
85 38 49
