70
12
31 40 261
13 62 408
2 1 968
75 48 15
9 73 945
38 28 102
48 0 187
19 34 365
73 42 179
44 72 729
18 61 436
54 58 366
16 22 104
63 72 557
30 67 227
53 3 598
77 65 878
74 13 803
38 75 565
34 9 111
21 38 248
9 52 167
23 56 542
34 10 693
0 63 545
7 20 31
51 50 394
54 76 625
49 36 411
15 67 484
1 14 643
9 3 650
34 7 377
60 25 850
66 26 679
14 40 537
31 23 260
44 78 714
38 35 941
47 16 625
78 39 172
69 65 915
44 65 214
2 31 133
22 11 617
48 14 726
73 36 334
41 18 67
27 10 674
75 52 238
36 73 262
76 19 39
59 7 305
59 67 449
13 68 888
53 76 448
31 10 502
69 14 84
36 49 119
75 3 348
17 26 237
78 76 883
57 50 347
33 21 545
11 56 645
74 56 461
59 27 220
32 17 38
73 53 821
11 23 529
3 61 86
15 57 523
21 23 963
74 48 971
53 54 271
16 52 945
64 44 483
48 26 252
27 49 293
57 36 938
56 7 426
65 21 535
62 52 405
20 77 615
31 77 245
51 34 26
76 50 609
62 45 751
42 7 296
46 54 572
71 53 494
57 13 275
56 32 668
1 79 665
74 53 319
78 61 946
35 64 390
8 54 357
28 7 890
25 34 212
19 5 419
27 34 675
20 50 730
9 68 417
77 27 124
65 44 966
73 71 69
27 33 950
9 30 917
19 36 260
26 77 738
71 26 144
78 75 91
76 48 47
39 61 275
2 16 863
60 44 488
61 20 88
75 66 152
67 6 557
32 49 322
1 78 385
60 35 643
17 47 760
33 54 512
48 69 561
37 9 470
39 44 796
67 37 472
32 26 379
68 78 614
72 43 55
27 14 407
53 33 237
50 49 135
10 28 934
17 52 865
77 61 571
36 26 460
30 19 345
77 51 516
47 32 962
32 18 189
20 69 32
53 69 211
51 28 48
22 30 222
58 74 497
77 14 124
56 52 139
79 74 46
24 63 322
3 10 266
54 0 455
51 3 720
14 65 810
20 6 869
38 42 587
35 6 187
38 14 746
50 69 776
40 58 322
64 32 258
20 21 627
66 40 908
17 48 761
17 61 97
31 37 501
24 18 325
10 76 792
60 56 924
55 76 756
77 46 738
41 65 11
26 58 209
28 1 463
64 76 102
54 72 936
52 24 900
63 58 284
60 48 281
33 4 157
6 58 102
23 14 290
34 26 175
13 1 440
19 44 796
0 42 888
28 47 706
46 21 188
41 29 17
41 7 97
37 71 83
56 62 489
2 21 294
64 29 901
42 27 443
34 54 733
14 57 469
66 25 764
76 4 265
11 57 572
6 72 424
73 78 600
64 79 596
18 20 893
1 23 133
67 17 737
55 30 456
48 38 87
38 54 523
77 23 115
25 14 168
66 24 231
28 32 820
14 16 916
77 30 501
50 48 190
39 71 789
23 16 531
19 32 123
42 25 598
29 10 23
26 51 726
63 16 30
27 65 699
79 73 362
64 56 155
56 38 851
44 49 65
19 7 742
18 36 333
76 60 893
8 18 64
25 5 76
27 8 350
65 60 43
21 79 616
7 38 735
51 22 532
28 15 956
19 57 185
28 17 429
13 64 750
29 26 353
48 49 88
57 7 532
39 50 437
50 73 241
39 62 658
32 44 84
66 32 153
26 46 878
76 27 674
37 79 264
18 13 509
74 67 205
42 43 194
73 26 543
0 56 682
62 35 944
67 74 363
46 40 533
15 31 662
60 2 875
18 54 184
5 75 453
34 33 753
47 64 649
59 40 253
71 40 177
69 5 142
42 15 739
38 79 390
37 42 835
43 37 913
73 38 529
61 29 868
2 62 279
13 49 138
30 27 249
69 39 359
13 78 138
63 20 405
11 0 173
59 36 259
73 57 353
21 59 603
15 39 964
29 0 113
73 68 878
32 22 902
25 62 408
32 66 870
14 46 159
71 46 659
69 15 350
52 66 403
79 27 881
52 75 680
39 51 113
35 24 244
13 39 291
64 26 144
60 66 763
67 11 603
13 43 6
62 79 787
36 38 820
17 71 591
77 71 624
17 65 325
67 59 93
74 66 470
8 4 253
71 43 286
58 59 303
6 78 269
15 68 486
62 5 511
35 41 140
56 36 699
14 75 899
6 26 134
34 20 432
78 40 267
47 44 513
11 44 896
18 4 694
31 49 248
36 69 509
29 2 286
1 6 455
50 20 537
24 58 711
0 25 904
67 33 688
23 46 669
76 7 916
51 31 799
8 49 114
4 49 66
76 33 766
33 64 577
58 64 99
43 38 403
60 16 603
13 10 825
21 57 828
35 59 440
0 16 316
3 18 410
76 71 720
37 4 893
48 56 104
17 16 400
40 22 93
74 59 636
33 3 893
44 48 791
71 67 923
10 64 653
45 64 154
61 31 852
76 78 484
47 5 145
39 2 368
65 24 579
69 63 13
10 27 573
21 31 508
73 64 11
62 69 881
62 54 70
24 30 314
42 65 430
10 72 62
22 21 51
1 19 551
71 37 418
71 79 63
24 4 845
0 11 182
47 3 111
19 49 340
37 38 354
15 24 562
36 25 348
45 69 599
64 18 323
10 49 399
59 19 936
72 75 82
29 14 1
42 6 516
21 25 572
54 22 348
36 23 480
50 64 297
42 53 440
55 57 523
24 25 695
28 67 487
18 59 819
10 5 489
23 38 606
24 62 555
25 0 397
47 18 214
69 75 627
11 18 43
59 57 518
56 46 142
64 20 590
17 41 477
24 27 481
68 27 111
62 19 107
29 79 477
78 22 866
30 53 55
75 19 389
58 32 842
6 0 168
41 68 356
34 1 791
43 68 731
56 58 598
57 66 173
13 50 65
42 77 125
8 2 966
0 41 414
10 37 431
73 46 130
72 29 197
39 11 956
72 10 907
31 74 159
55 62 214
79 53 118
66 76 294
27 61 924
40 41 848
48 11 730
26 50 808
77 49 915
62 40 290
8 7 495
14 78 53
17 9 485
75 10 503
2 32 545
5 13 392
41 60 30
62 61 703
69 40 2
76 17 299
22 56 328
31 53 657
58 20 219
30 6 160
47 36 17
7 71 250
43 33 192
59 8 423
71 16 673
53 79 715
30 64 812
34 75 918
38 58 210
42 46 360
75 55 830
16 10 605
31 58 8
49 56 664
20 24 342
58 54 364
64 71 517
68 56 598
75 39 747
45 28 699
19 76 452
63 44 342
48 41 938
79 65 330
78 57 699
14 77 195
37 32 690
45 49 652
45 8 258
65 47 408
16 37 719
37 14 388
0 1 695
31 55 569
56 34 839
27 76 536
52 4 659
29 44 901
57 18 872
1 5 186
38 22 38
39 42 763
69 34 33
1 39 184
33 17 820
52 32 74
53 11 561
18 31 311
33 57 65
58 56 424
10 14 576
35 29 737
66 20 168
39 72 50
25 74 340
72 30 820
76 16 838
60 28 2
74 21 680
22 3 250
60 73 954
3 78 408
7 36 430
0 33 888
32 74 590
42 45 152
60 18 598
9 37 277
52 10 4
7 16 649
4 22 677
58 16 30
29 36 726
32 25 111
19 39 516
15 75 440
68 15 586
66 51 187
23 52 617
30 56 758
9 64 530
7 60 686
54 35 658
60 11 307
14 37 847
55 41 370
55 64 106
40 0 418
21 47 415
78 3 97
32 35 39
63 25 247
26 64 222
50 15 853
15 64 475
44 20 761
65 36 610
20 43 288
3 48 270
51 17 492
39 6 731
15 25 732
22 78 556
35 63 128
26 22 90
72 61 957
40 14 655
50 1 359
48 37 959
33 72 371
10 29 490
78 56 910
52 35 224
17 34 847
6 13 83
54 50 809
67 34 603
40 19 929
76 34 486
11 37 887
51 74 229
53 14 3
35 50 960
17 67 861
31 26 38
46 15 31
13 67 423
45 59 692
67 65 869
18 29 413
15 1 755
46 39 434
78 79 406
41 27 152
71 9 94
6 19 395
34 61 74
16 72 83
53 68 728
26 72 676
46 50 376
59 26 255
62 67 266
45 18 746
3 72 192
0 52 338
3 20 474
76 62 295
27 66 112
34 19 388
33 27 541
45 63 270
15 4 388
29 67 105
33 22 775
20 54 441
1 45 36
31 66 285
51 10 350
66 67 41
7 79 236
22 55 215
0 74 767
18 32 398
28 53 436
39 3 202
35 13 660
17 79 258
16 43 890
2 26 943
50 23 474
66 73 391
34 52 118
52 36 582
32 30 730
30 71 66
56 77 129
42 39 911
78 71 568
21 61 794
64 19 45
10 58 451
49 13 196
0 36 71
1 30 779
59 61 873
65 43 87
71 52 719
1 51 943
20 27 786
27 71 256
59 43 47
58 37 671
37 13 394
65 57 201
26 59 99
4 61 534
63 78 688
36 31 310
56 75 861
49 16 961
50 66 353
47 56 918
57 26 421
44 58 715
34 6 868
23 0 624
22 62 720
13 51 414
48 1 259
79 62 903
55 71 722
27 36 427
43 17 711
45 62 170
52 19 346
19 74 545
20 14 512
51 56 415
0 66 613
29 73 605
72 66 510
41 38 969
9 65 95
4 73 7
64 25 189
61 52 498
79 71 515
49 2 652
1 25 208
74 79 387
78 52 8
39 24 620
56 67 281
67 54 462
61 5 239
73 49 358
19 40 510
21 56 775
16 34 407
9 5 85
55 7 761
29 1 345
36 20 884
62 29 331
2 33 38
3 0 281
75 30 844
44 37 254
47 68 30
8 63 205
43 20 896
49 60 798
42 44 259
27 72 305
9 39 801
63 51 90
73 9 90
44 25 624
61 67 559
23 4 280
20 65 964
68 32 296
2 22 352
77 15 445
28 74 839
48 74 893
23 5 818
48 10 681
55 46 95
28 77 637
68 46 757
69 37 616
79 26 596
40 49 731
13 16 345
21 63 737
46 42 736
41 53 497
59 56 224
15 49 960
28 36 737
15 51 191
39 29 924
25 8 759
53 66 667
60 64 870
22 79 646
30 42 130
5 63 762
75 78 259
58 79 197
52 73 354
32 50 710
18 47 535
45 41 571
25 48 730
30 69 590
16 26 856
63 66 475
11 52 168
65 42 793
78 27 143
39 68 765
41 0 193
56 79 809
3 11 277
35 72 185
74 76 870
30 72 335
19 43 647
40 16 885
33 69 137
23 1 342
30 73 518
2 77 38
31 56 613
39 5 386
5 25 897
48 20 337
30 62 647
57 4 387
19 1 31
21 40 604
16 44 613
75 29 531
3 14 704
67 22 768
79 29 31
11 66 309
56 29 918
43 5 170
48 47 90
44 16 104
10 23 699
63 34 206
50 16 245
41 28 470
43 13 168
23 72 829
19 27 495
63 62 797
72 53 659
56 15 270
33 0 216
16 77 18
41 74 197
60 63 292
56 44 232
36 3 620
3 8 498
41 2 874
51 38 548
66 29 67
61 74 735
68 67 410
77 62 20
14 51 884
78 18 201
28 64 759
46 55 60
41 63 394
9 8 152
35 51 546
29 71 760
13 5 750
47 29 960
56 4 393
41 43 267
22 17 259
16 0 6
22 58 45
67 71 470
41 23 907
8 58 81
69 0 473
61 43 898
49 41 424
14 19 971
14 17 476
36 55 591
66 1 38
11 3 84
30 41 350
58 51 248
78 14 232
24 22 173
10 8 541
53 46 404
68 76 969
11 64 718
4 27 75
62 60 916
10 67 378
77 58 86
42 57 929
35 2 798
9 63 699
72 41 852
50 59 126
7 75 289
22 23 238
3 43 183
34 78 627
6 75 962
55 5 192
61 39 49
21 3 239
33 39 778
79 63 586
64 49 786
11 4 320
54 63 715
68 21 151
33 76 701
51 45 774
27 31 549
23 22 667
61 6 640
48 33 888
8 67 526
49 35 347
20 38 104
4 38 889
74 75 333
53 52 903
31 18 758
16 46 860
56 47 504
44 60 149
5 3 358
4 3 867
57 23 71
69 13 42
77 5 813
67 7 209
29 3 807
27 9 42
73 37 246
43 9 442
45 35 662
25 47 407
69 6 544
1 16 656
65 74 843
62 28 210
10 69 242
14 28 579
49 25 913
5 11 923
39 21 870
70 6 9
70 11 63
70 73 75
70 18 30
70 29 15
70 12 34
70 44 79
70 26 39
70 77 4
70 39 0
70 14 41
70 17 47
70 24 16
1 12 36
4 12 62
8 12 13
19 12 28
21 12 64
36 12 11
47 12 73
50 12 30
53 12 74
57 12 16
62 12 31
67 12 1
68 12 70
71 12 66
73 12 58
76 12 12
