8
21
65 2 470
13 24 994
64 40 881
34 30 209
44 34 414
48 13 1635
27 48 773
15 5 1963
65 36 104
46 27 2123
60 56 208
42 48 46
60 9 1826
13 54 364
31 16 128
35 53 380
10 52 433
68 23 532
39 1 1981
9 51 1905
39 6 1613
20 69 2073
60 37 1433
9 40 1973
59 7 1437
32 63 1589
2 47 893
52 68 42
22 56 514
47 58 1499
1 0 569
62 63 1449
15 17 865
52 46 558
38 42 1305
32 68 352
33 22 760
17 65 821
59 15 2170
53 67 1834
53 26 1826
37 15 1143
26 66 2165
7 14 1544
29 57 1860
27 57 2200
65 56 983
69 55 588
19 67 203
1 42 17
69 52 840
47 23 262
51 54 1617
34 66 1792
50 55 892
4 57 219
58 0 117
42 22 677
15 43 183
32 1 202
33 44 1586
65 15 1149
9 2 301
28 46 608
18 58 1517
50 10 1212
1 3 40
56 9 1029
42 13 748
69 31 1185
14 7 629
35 44 2127
37 59 762
30 38 1560
30 17 1976
28 31 1647
64 7 1749
42 63 846
56 33 20
16 27 1619
62 44 15
64 20 1619
41 18 529
7 50 1052
35 66 894
12 37 1723
66 9 1796
41 15 1584
64 44 1171
38 60 39
46 48 25
67 47 416
38 59 674
55 10 868
11 0 1912
39 4 1362
65 68 1452
36 16 1197
33 55 2020
18 48 1395
48 63 380
30 50 88
3 64 44
34 39 27
2 66 2122
60 67 205
35 58 737
20 18 1971
27 4 703
64 61 1784
41 24 1213
2 67 1833
33 10 1344
56 17 140
33 29 938
38 26 2126
54 22 200
51 33 2033
34 32 1222
0 3 792
60 29 1820
68 13 657
53 62 1138
31 20 917
20 19 1334
46 43 2138
34 33 902
48 62 154
45 7 2009
57 66 1560
23 66 1544
27 30 575
0 1 1729
34 28 1203
19 40 481
45 1 486
69 15 829
60 15 140
13 19 1361
5 7 520
12 2 124
57 50 175
55 41 1888
63 59 1738
50 41 1367
5 23 83
42 54 644
22 0 785
40 37 1962
27 15 2140
33 28 889
50 44 1004
41 67 1158
53 38 1821
38 44 1879
27 58 1548
17 39 110
22 67 1192
29 67 85
14 49 1399
4 19 1005
6 11 613
68 59 605
18 36 1001
3 9 358
54 44 1085
38 22 34
4 54 630
12 44 2136
33 34 1694
42 19 147
5 47 523
38 32 437
66 2 863
44 49 2202
34 37 1846
39 32 494
10 62 1019
52 67 691
1 49 395
36 39 524
45 11 1628
44 32 1562
12 58 1052
37 13 1886
24 63 1969
9 22 1856
49 45 1292
14 31 37
60 19 1455
30 61 1237
24 15 1922
3 33 387
12 32 870
32 51 10
11 5 911
47 64 2157
25 65 333
16 4 901
0 36 2128
54 20 2225
62 51 1921
27 53 409
35 69 839
9 52 1791
59 45 380
27 3 1780
7 0 1778
5 19 1574
30 52 182
7 42 731
49 58 167
49 39 440
66 68 1371
37 34 1601
50 16 1022
46 19 286
29 31 2075
42 53 803
50 23 787
52 6 450
20 29 1168
26 31 1755
4 23 2011
4 42 1958
24 38 1932
39 67 472
34 10 389
6 50 1958
16 67 1601
30 28 1624
18 22 160
24 62 2105
16 7 2101
51 23 1016
30 69 1879
43 3 1732
42 57 1229
32 28 83
10 22 1290
23 61 329
11 44 884
19 49 829
0 63 605
57 1 1698
10 2 284
6 10 1415
40 69 2102
13 0 1941
62 34 666
22 66 755
34 13 207
3 17 801
45 44 574
2 12 1536
68 55 1317
39 37 1763
1 67 1205
61 37 1330
47 7 39
9 54 1914
6 67 2023
36 63 210
6 37 679
17 15 972
3 27 2184
19 4 1311
7 35 823
28 1 62
58 17 145
65 18 328
16 55 267
34 27 1829
34 17 1804
13 59 1730
47 50 2232
37 40 1257
11 52 1488
41 47 1310
48 24 1831
44 67 2226
64 51 1698
50 6 647
39 57 1863
7 1 1543
28 51 113
42 44 359
42 20 816
36 35 1785
11 60 1248
32 22 0
2 49 2114
0 40 891
31 11 643
46 30 1937
44 57 797
26 38 121
10 45 1255
24 1 1667
63 16 536
58 11 1446
50 48 810
55 12 2205
12 22 1468
9 10 178
60 66 2075
68 57 1270
18 39 1772
12 5 1881
55 33 745
45 20 929
57 2 729
10 30 1734
2 33 979
34 2 1589
53 13 780
38 3 495
63 44 77
6 17 862
43 50 1303
22 23 2038
64 58 1393
7 64 2186
19 9 1600
56 60 1382
17 47 553
59 6 2027
46 28 1024
49 19 2
30 23 475
49 15 1086
20 6 1067
10 11 390
2 27 1735
32 59 946
64 12 240
32 54 1317
62 61 612
26 62 250
6 42 513
12 14 2030
5 67 1518
54 66 84
59 27 1172
31 69 2216
16 69 351
61 29 81
52 7 778
36 44 206
65 23 389
5 24 1964
28 42 487
45 23 29
45 48 1236
53 42 940
17 58 169
53 34 600
9 5 841
30 18 1648
51 62 1963
31 43 387
1 17 126
53 27 951
13 69 2096
18 4 1461
56 19 1021
29 52 1773
5 66 1203
12 57 1067
63 66 1952
57 51 904
4 52 1517
6 51 2127
14 43 1030
12 18 1096
2 63 125
57 68 1870
33 48 898
55 30 1435
3 26 394
48 12 1998
61 28 2211
15 47 513
60 18 1995
27 63 1747
9 12 1442
27 47 446
33 14 1968
44 48 469
10 18 580
61 39 2069
15 9 1793
67 33 1249
30 31 1342
50 49 690
57 11 9
67 64 643
45 40 1976
67 17 2019
61 19 650
41 64 1277
47 20 1939
58 30 1601
40 25 1875
28 37 2085
9 14 1340
55 19 1796
44 55 1289
58 56 340
48 60 1270
7 49 1991
56 45 1008
49 38 1034
15 29 1145
57 38 1463
9 47 219
47 1 1640
13 64 1083
29 26 1935
16 17 1039
50 68 1749
65 53 639
18 40 486
66 53 1959
66 57 2054
42 12 1693
11 2 1277
7 25 1782
55 16 750
29 40 1672
30 2 1740
4 49 220
16 28 391
66 56 2117
2 61 1532
23 44 946
65 37 2170
63 60 617
62 20 1188
45 57 381
40 0 929
1 60 1853
26 67 2184
25 3 519
60 58 16
52 69 207
52 35 1229
55 60 797
9 26 33
49 33 349
46 26 2058
47 0 564
46 6 1323
19 14 100
3 42 1051
2 56 2017
37 29 1565
59 29 354
53 64 306
69 42 194
28 2 849
41 30 1046
54 37 829
45 30 23
36 40 303
46 52 1805
41 53 397
19 68 1860
42 37 396
16 49 891
18 20 1007
67 3 1916
34 14 2098
30 25 896
2 44 516
2 20 978
41 37 913
24 11 1287
42 35 1290
47 52 2026
13 57 1851
49 46 1967
55 0 94
48 51 1567
54 36 1721
44 17 243
19 24 1227
62 30 1192
40 59 942
65 58 519
11 63 1820
36 41 184
46 44 1842
17 2 1772
35 24 454
24 4 1249
41 32 1494
66 19 1161
11 17 26
69 7 674
39 17 1224
56 3 500
33 20 942
50 52 1466
65 1 373
43 19 837
66 62 860
12 9 1717
15 48 1972
59 62 1168
58 35 2053
17 33 1083
22 26 1956
37 14 382
32 11 904
38 65 567
65 57 2194
51 39 282
49 57 909
13 67 153
46 39 384
26 49 629
24 35 1169
39 50 1828
23 43 1578
0 39 1774
40 62 259
7 51 1006
32 39 2061
24 12 1401
26 52 1295
67 6 2089
19 13 1923
67 7 1526
54 12 478
35 16 1407
61 18 438
37 44 440
53 0 375
52 54 1335
19 23 2159
4 28 2202
53 12 1991
13 61 1759
64 4 2059
64 18 1781
39 54 1647
29 27 604
35 14 975
51 13 2138
13 20 1211
38 67 1917
66 31 1489
3 31 319
55 43 611
31 64 1821
61 25 2021
24 66 811
18 46 1883
16 10 896
2 19 1371
10 50 1694
53 24 1788
29 28 208
63 17 931
14 42 1830
6 49 2201
6 27 1752
1 46 1066
66 43 738
29 60 956
12 64 1524
54 49 1949
13 43 1490
4 41 522
24 13 1715
41 27 1090
66 54 2170
45 27 66
16 1 550
41 2 24
39 43 331
35 37 456
15 64 1889
39 22 944
45 26 1689
41 36 855
34 58 1318
2 4 405
5 16 1845
56 61 1249
33 59 1261
19 33 965
24 32 1817
14 16 1709
24 29 1799
11 57 1900
2 53 2113
20 43 1001
54 18 293
39 33 388
48 17 1021
29 24 743
66 44 136
3 46 2084
29 43 1018
29 3 2043
13 53 1747
18 44 792
47 43 2139
20 27 535
53 6 1516
35 61 1432
14 40 1606
5 36 333
43 27 1895
62 3 1837
17 19 1883
54 27 779
26 51 616
69 16 1324
30 63 1894
3 68 1381
9 3 2051
50 61 494
45 4 1571
65 7 764
63 26 474
67 23 1089
57 10 1458
41 28 278
17 31 2175
37 10 610
45 59 58
1 45 1707
64 27 1792
68 16 577
50 26 57
4 43 546
54 55 654
43 65 520
31 53 599
69 38 512
52 27 527
49 9 1380
59 9 197
5 41 1598
48 52 273
38 0 414
68 12 1916
24 56 1823
48 37 1595
42 29 1361
32 5 1912
9 43 1936
27 35 606
44 54 1612
34 47 1013
29 58 2036
42 10 1487
15 20 801
51 66 391
29 36 1474
41 65 945
32 50 1551
31 46 828
52 10 631
18 68 744
30 33 860
30 39 2222
15 30 875
58 53 1043
45 64 991
20 25 4
56 59 2028
60 38 733
10 61 950
55 31 677
30 27 174
68 4 1912
44 10 541
49 5 85
37 39 1187
19 46 1474
13 34 2029
12 67 741
15 24 1380
48 20 715
9 18 1600
22 59 1218
9 59 925
39 7 1062
44 60 377
36 19 1823
35 27 1529
60 54 298
54 68 373
66 35 159
1 63 1162
23 38 1904
50 46 1920
46 41 998
56 26 944
24 31 686
49 35 1539
68 64 1458
68 44 951
36 7 885
66 11 1216
13 47 2130
44 52 1339
47 33 1538
59 41 823
47 48 2154
52 53 498
16 26 1212
12 59 1672
4 53 1697
25 1 569
20 53 994
68 2 2155
4 20 1263
33 51 663
12 7 667
6 53 815
60 42 1816
0 62 1683
55 23 1208
33 1 2231
66 12 2192
42 47 1964
6 19 1615
14 64 1097
63 68 186
28 41 2032
29 38 824
11 3 2014
65 20 551
23 50 275
39 16 821
20 30 1431
19 55 2107
13 42 925
51 43 1703
12 16 537
50 65 1683
42 61 1037
45 50 1812
48 44 1701
38 47 1026
46 66 292
67 42 1757
6 29 1953
49 14 1749
65 62 334
33 9 1019
59 51 1645
61 23 1382
45 43 829
32 64 630
56 67 555
62 13 2137
67 34 2184
4 51 2210
36 55 1819
56 57 1181
37 36 2049
31 47 1471
65 54 418
24 59 298
48 29 471
15 61 128
68 33 1916
51 41 1821
18 57 772
69 13 1576
48 50 448
0 67 1767
46 16 1825
1 10 1676
64 26 1337
68 45 1942
23 42 301
37 6 2074
36 9 1071
25 0 1936
51 42 2096
66 6 2011
48 7 151
24 46 739
51 67 525
39 55 598
36 1 567
16 43 788
45 12 692
5 46 563
0 50 1818
57 33 34
26 42 930
58 19 1671
4 67 506
51 60 1854
15 23 1043
22 14 994
48 53 1051
43 20 858
56 39 1286
38 66 328
16 19 501
42 25 1492
57 45 1122
15 51 1560
34 22 627
22 46 592
20 23 1019
47 28 654
46 29 1739
23 29 817
38 9 1288
59 28 2078
68 20 661
18 23 265
23 36 1783
14 59 1964
34 57 120
41 38 1452
64 34 1954
62 38 1328
65 51 1027
36 29 375
29 69 47
22 4 741
58 1 1302
53 28 157
15 46 709
37 24 289
13 52 560
48 56 1216
66 58 1868
33 68 1748
59 4 28
26 33 1328
41 61 741
30 20 1901
42 38 1726
28 9 1702
15 40 1447
17 41 135
22 37 669
65 29 733
17 1 1393
59 60 1572
23 25 644
44 28 1404
12 34 599
37 25 1358
57 12 1480
59 46 950
15 28 52
2 25 1458
35 46 989
36 47 205
46 35 1005
52 32 842
64 30 361
60 12 928
64 31 1990
17 69 2193
62 35 585
13 37 1692
40 18 1977
67 49 1153
46 55 561
18 63 824
60 27 599
10 17 893
23 65 124
61 34 897
11 13 1000
66 18 1448
15 44 2029
34 26 470
35 50 1023
45 61 0
39 20 1735
44 53 1241
53 65 522
69 47 788
10 54 1387
37 1 546
60 33 1714
51 3 301
6 60 205
38 7 718
61 53 2120
45 24 1817
2 13 597
46 36 737
15 4 1895
24 22 846
61 13 419
11 41 1130
44 35 646
28 20 1497
31 37 1083
23 0 960
39 11 879
30 9 1684
1 23 261
54 14 859
3 41 833
25 17 1874
55 54 854
45 31 642
37 7 1556
5 49 389
14 53 1589
51 58 623
10 40 776
9 45 415
16 53 18
43 22 751
60 62 200
56 65 1083
55 15 2197
54 25 449
6 66 2093
57 55 620
15 33 1490
39 44 24
10 68 2180
26 6 1938
55 3 1092
34 23 1577
48 32 1466
30 22 1420
41 60 1512
0 51 1512
39 10 733
41 5 1436
49 0 249
11 32 629
18 1 1709
25 19 920
20 48 1616
35 9 1462
49 12 1739
48 43 1610
15 19 160
32 33 521
18 34 1751
35 6 1268
18 16 1941
18 61 1113
13 62 279
44 5 237
37 3 1134
40 27 192
0 4 1243
22 43 1405
27 69 1463
67 61 802
10 55 939
43 45 1071
1 31 1605
31 35 530
69 25 53
69 36 1758
9 61 2013
43 2 1191
26 58 277
33 17 301
35 39 473
37 45 911
7 55 1968
23 27 2180
14 0 1105
61 69 1093
48 54 752
64 37 163
61 3 1361
13 5 1987
22 12 995
25 47 2136
57 29 430
22 60 1806
56 7 326
69 62 1709
28 10 729
65 46 1920
32 37 796
65 31 134
11 31 160
40 23 605
17 0 1219
45 46 1413
15 69 1717
13 15 295
31 45 687
18 67 661
36 33 73
13 3 208
59 58 738
53 60 146
58 61 1422
31 36 522
26 60 1192
49 24 412
35 25 139
60 26 1132
58 27 858
39 23 69
61 62 2084
52 12 2056
28 52 1284
44 59 172
61 59 1279
69 64 995
18 3 2146
44 29 846
49 41 943
2 68 202
28 62 1517
41 22 414
41 63 960
16 36 159
63 38 361
34 41 208
65 40 1435
13 31 550
52 4 1728
6 40 1176
17 44 628
63 49 1450
63 33 2008
65 47 986
57 59 462
44 26 437
69 30 334
23 37 27
68 38 453
60 2 1182
42 66 1847
15 60 1625
14 17 2214
59 66 1961
43 40 1617
13 50 874
18 25 879
61 49 614
11 66 1430
20 63 1755
9 16 2049
54 32 2137
28 29 1603
47 16 630
54 17 2119
24 39 423
20 31 1629
41 16 821
55 66 1032
7 37 1473
47 34 434
50 3 2092
14 69 2183
12 4 645
17 11 2079
20 22 42
67 26 1488
60 23 882
44 3 1094
22 35 1508
60 49 2177
67 38 1635
67 41 923
25 20 87
40 10 1960
66 0 1675
22 42 1366
7 26 364
38 52 35
58 49 743
3 57 978
7 23 1375
6 48 1360
58 46 1005
42 9 243
9 33 1832
26 56 1186
18 30 249
45 19 1181
28 12 2022
43 49 1202
25 51 1075
17 59 2013
19 36 868
67 28 1576
40 45 875
25 61 2138
15 10 1708
55 35 1906
59 65 636
30 1 1821
28 25 179
56 23 398
27 20 1288
45 17 1467
35 54 880
58 6 1265
49 3 1051
42 6 392
25 53 1620
40 9 171
50 20 1632
40 12 1736
23 19 612
41 59 2093
26 14 1545
58 7 1950
14 57 435
25 55 1786
4 55 1915
44 25 1403
37 53 222
62 15 260
13 11 752
12 24 176
61 15 262
38 17 218
23 56 1916
16 3 1939
60 51 833
19 10 2077
52 59 1491
58 15 637
48 27 1966
40 3 117
41 49 714
32 47 2006
16 40 71
3 25 1948
3 47 1600
67 13 1032
48 10 1552
39 62 1072
2 42 540
48 30 1599
65 14 808
6 43 149
16 61 1653
56 47 1525
6 35 742
3 63 932
61 2 50
0 47 287
1 68 1753
28 4 2152
48 61 370
33 18 1612
69 60 1940
19 43 1373
41 20 975
56 35 1935
17 45 1911
63 55 392
49 6 1074
1 30 49
67 19 291
65 13 1199
31 56 69
55 18 358
67 5 896
60 0 1583
46 37 1773
57 37 2146
57 53 255
58 5 473
60 30 751
25 16 1891
56 34 343
3 59 534
51 25 400
32 57 75
20 9 1436
49 4 1770
47 26 756
53 63 1172
50 40 149
26 0 304
18 37 19
43 58 507
52 16 1128
40 65 1917
9 1 1
15 0 1345
65 39 1537
43 17 1790
29 32 899
49 69 1310
0 53 785
10 67 882
60 65 1853
46 13 1265
17 49 345
36 62 199
46 25 2156
19 64 1501
60 48 1825
19 29 1700
0 42 1036
9 60 783
33 11 1555
7 34 2012
55 5 1930
58 38 30
16 56 2215
42 65 1004
44 39 149
23 39 1669
41 1 1486
43 68 1408
36 46 1452
43 33 1208
60 50 2155
1 57 157
56 37 1659
64 24 1161
57 56 347
18 51 679
67 65 2092
30 34 775
3 55 377
62 47 1351
69 27 1282
54 35 368
59 19 2125
5 60 1781
36 12 296
36 6 1242
64 42 1816
61 65 71
28 18 786
12 0 634
39 27 1122
19 11 1194
45 54 40
49 47 60
29 10 1572
2 48 1363
33 39 205
7 29 1339
64 3 442
28 49 815
66 15 607
67 36 590
46 65 1026
17 66 578
46 32 261
58 3 83
20 35 864
28 17 1209
69 56 1305
68 5 1309
37 60 1685
49 56 1345
57 36 1960
30 41 373
0 27 1176
22 68 1860
33 7 1919
35 29 1303
13 45 221
17 64 173
64 39 455
55 53 1872
48 22 673
18 35 1664
39 61 1269
66 29 1547
29 7 450
6 58 1805
41 3 340
12 60 290
22 39 1217
54 11 1561
64 56 916
64 53 2078
50 5 1433
6 3 1177
27 65 1428
3 62 254
50 51 1531
47 59 938
55 67 606
19 20 795
27 56 465
41 44 1775
20 13 1502
30 44 1327
27 38 2182
24 41 1610
43 36 1728
52 48 1971
48 45 1160
30 3 741
32 14 1000
48 38 168
51 4 1055
63 42 2204
9 4 1525
56 38 644
29 16 1517
54 29 1148
0 57 219
65 35 1179
10 41 915
55 37 298
5 65 2132
29 46 267
1 55 452
66 20 1088
13 23 101
14 25 203
27 67 1425
53 20 1530
54 2 1931
59 67 652
2 14 1637
17 12 1513
41 62 1493
61 60 743
69 57 678
50 22 1757
0 43 1801
64 50 527
2 40 2165
45 2 747
26 28 882
12 47 418
48 28 1781
13 12 582
38 50 1215
31 13 1249
2 28 1346
48 67 845
1 13 937
44 16 1857
12 55 150
55 57 1788
65 42 1412
19 59 260
35 57 674
52 41 1328
0 14 142
6 22 2031
62 4 611
10 28 1778
49 10 1549
5 13 359
69 11 2122
37 35 1152
46 33 1293
1 34 752
7 53 2197
23 3 1183
24 43 1184
15 57 760
51 44 586
51 2 1117
39 53 584
17 52 778
33 2 1654
64 41 408
51 35 1326
68 46 1011
32 6 735
9 30 474
32 35 365
7 61 1260
17 56 1352
2 17 1990
54 53 1561
37 17 2069
38 68 221
17 25 1885
6 33 2219
28 45 690
61 68 1722
40 4 191
2 15 218
31 25 1671
37 57 585
10 20 82
6 57 1172
43 34 1839
41 25 1747
11 43 467
67 39 2125
55 27 2179
57 14 1507
5 39 697
60 44 668
31 38 1390
10 38 236
30 68 940
1 6 1947
53 49 880
60 25 517
40 33 401
6 1 341
34 18 1613
40 22 984
16 60 320
40 11 1738
48 6 254
14 35 488
58 29 1248
25 41 2198
28 23 1271
59 68 1774
27 26 605
66 45 325
34 45 546
47 56 1271
30 64 1138
62 16 1144
34 1 1626
25 54 2019
12 20 2001
45 5 671
66 46 732
1 37 867
30 46 1422
61 54 1430
45 28 1111
42 0 2039
44 22 1429
1 39 2210
68 9 521
43 62 284
34 43 974
33 13 2200
41 39 1473
62 32 1807
42 51 527
40 52 1588
12 45 1853
60 13 1330
9 29 313
38 16 1651
29 33 1255
64 33 1954
49 60 1600
68 10 1923
66 10 1366
52 0 523
69 68 1341
55 58 777
66 27 475
27 51 2153
54 23 1224
62 22 1463
36 54 817
19 51 1053
60 39 97
25 59 1202
47 57 12
38 11 566
17 16 398
34 9 339
11 14 293
68 35 2037
37 12 2011
62 43 1529
5 20 1342
66 37 394
19 34 639
40 29 1513
58 54 1438
1 69 188
28 54 1957
12 69 1767
19 44 484
59 5 1228
12 46 582
32 10 355
46 7 1789
33 3 1498
14 61 1983
3 50 596
59 49 1322
1 28 189
7 63 1769
12 15 1970
20 10 520
10 9 742
23 69 1387
17 61 57
7 33 2173
30 60 9
47 30 940
23 47 1905
17 30 29
4 63 778
22 52 373
27 31 1061
0 13 35
14 19 1205
31 3 1341
49 50 683
1 61 1620
22 55 1901
58 41 1934
1 9 1171
29 65 1850
42 58 1974
63 1 688
5 0 762
46 59 339
10 12 415
35 15 163
6 55 21
37 61 882
34 62 564
41 52 1964
12 1 2163
48 14 723
37 47 1151
19 41 1343
27 66 1880
27 10 946
66 30 1957
20 4 596
42 36 60
55 13 1788
20 32 976
55 11 1875
12 26 549
42 45 263
55 22 1416
3 24 791
28 59 590
61 35 976
27 52 568
29 45 1888
26 32 383
42 3 156
42 33 437
68 27 1832
32 29 1290
5 12 1597
33 49 721
43 52 1235
29 14 880
7 15 1575
20 28 125
5 2 509
20 41 1561
57 41 1557
0 54 153
35 31 876
36 49 1962
2 46 1585
66 52 500
35 42 772
61 9 2191
15 36 606
14 66 2193
28 11 273
2 22 2182
11 53 1303
18 52 2046
64 62 174
64 9 1517
37 33 1960
28 65 95
47 19 1971
39 68 217
65 30 1737
19 54 1118
27 55 926
68 28 728
26 29 623
47 67 1462
60 11 2143
1 65 502
58 2 852
19 56 1885
5 56 691
4 26 1194
30 5 13
36 38 1008
19 18 344
46 63 553
7 36 2227
32 31 2085
4 68 873
55 25 102
61 7 417
49 44 1465
40 28 2218
65 33 1943
61 55 1929
35 23 630
23 28 980
28 0 545
44 13 167
37 55 1986
22 47 1603
53 32 1418
4 29 2035
53 11 1758
18 31 1211
40 15 1096
13 51 1908
53 36 113
57 49 784
59 24 658
20 40 1267
51 53 1585
38 41 83
26 11 186
57 60 1264
57 52 860
7 52 1091
12 39 647
10 7 2000
2 26 1441
5 35 813
13 48 186
48 39 1257
48 46 1362
42 56 2046
15 49 176
59 17 121
34 69 715
54 3 864
64 28 522
34 19 1356
57 39 1523
9 57 1061
13 14 1449
9 65 1978
0 15 374
32 36 1306
29 63 1422
50 34 1571
18 28 135
7 10 1950
54 62 1042
32 61 1917
46 4 150
56 2 333
59 40 1931
6 54 622
44 69 259
64 1 1209
10 46 1484
64 55 294
62 58 219
52 9 461
37 67 1669
12 43 203
40 17 155
59 55 1197
0 59 558
26 59 1506
37 58 752
39 56 1596
35 19 2175
69 20 2064
24 42 492
45 14 1706
6 13 251
48 69 1792
38 35 748
29 5 594
58 24 1577
59 23 1497
10 63 1660
0 46 2154
66 38 1926
53 47 962
24 48 1546
27 42 627
66 26 1051
31 67 1098
19 12 1131
26 35 2136
30 66 178
6 5 260
32 41 1906
51 55 1739
37 46 1279
10 43 1264
28 16 545
65 22 1702
68 31 2094
7 16 1145
64 0 1108
58 52 1397
20 33 1491
6 44 1269
28 47 1204
32 69 1318
16 13 343
33 23 516
17 23 1315
30 42 919
30 29 1503
34 53 1934
50 66 1567
64 35 700
36 59 1407
56 49 993
54 63 1604
43 54 1342
51 29 44
23 30 1661
44 24 1508
41 34 939
50 14 982
30 14 1901
29 50 1715
36 4 1522
2 35 2028
14 56 1607
32 40 999
18 15 529
58 67 358
4 58 1588
66 59 599
25 12 1849
65 9 711
19 47 925
18 10 1059
45 39 807
2 3 605
32 53 798
31 59 278
10 39 711
52 63 2226
5 37 168
4 18 870
30 48 924
56 27 241
17 29 552
11 34 1580
36 32 1679
27 62 128
50 17 1033
29 48 1766
50 25 784
67 55 1759
40 42 416
24 27 568
25 24 535
47 45 1340
35 60 795
16 20 1125
41 55 1009
44 62 1064
23 45 1006
11 42 239
55 9 995
69 50 1050
10 57 1349
5 6 867
20 68 776
40 7 1072
67 31 2005
52 38 545
19 32 1845
15 65 923
40 13 1805
65 3 1606
17 4 1983
12 54 1154
66 16 25
35 5 727
22 44 1089
60 68 404
2 18 1140
25 48 685
1 58 1182
11 51 1788
13 39 531
69 33 298
49 52 1918
57 65 2175
40 48 2014
18 49 682
52 30 1566
12 28 513
62 60 2220
50 29 1683
29 12 1318
37 62 1369
16 48 2136
43 5 527
31 63 532
43 37 1957
28 13 39
64 25 1234
11 65 210
49 2 879
16 33 1543
22 40 334
65 25 1636
45 6 982
49 54 1039
46 69 695
64 6 1596
44 19 981
27 19 1933
54 43 553
53 14 1838
66 7 2104
1 25 1721
44 31 743
14 2 733
54 16 197
9 17 1739
61 67 237
0 52 2194
44 56 950
56 40 800
42 39 1174
63 69 186
60 16 1116
32 62 153
17 10 1344
28 69 1073
38 63 88
12 13 1670
34 67 587
19 25 1270
62 37 1588
24 10 1096
17 18 2161
14 45 96
59 37 360
22 17 1047
46 14 455
11 30 40
40 16 379
40 1 1674
14 58 714
11 61 1209
19 17 1601
2 64 1850
15 62 1589
27 11 1554
58 40 158
4 62 1742
12 38 317
67 44 320
60 6 1139
24 67 1934
11 62 765
12 50 1568
10 36 2136
0 30 947
28 67 907
22 13 2096
10 35 473
31 5 1634
49 63 963
56 30 294
63 62 1607
68 47 771
5 9 1520
52 56 1475
26 55 666
64 60 520
67 29 1085
22 28 1013
2 62 2130
26 46 1781
14 20 2031
38 6 1027
32 18 857
60 17 334
36 69 1630
27 18 1674
2 36 1915
50 56 2054
64 13 1644
2 23 2153
9 28 2054
64 36 1267
9 53 945
67 37 53
15 45 1988
36 42 707
9 62 1835
31 60 221
29 15 689
53 57 53
46 58 611
55 36 1133
51 46 1030
12 40 2090
56 68 457
31 6 1224
24 64 1377
5 43 1811
26 36 672
22 34 70
27 64 345
14 48 1046
27 28 431
14 32 1045
27 41 1720
35 56 829
63 20 132
9 66 959
45 16 1814
50 53 170
47 55 2191
68 22 199
63 54 828
24 6 684
26 27 300
11 68 1207
64 11 1231
41 43 638
37 26 323
51 15 1076
1 56 1858
57 16 51
24 61 2044
43 69 676
24 20 999
26 53 847
52 57 3
58 55 1583
62 42 698
50 35 1032
45 15 2146
27 36 868
52 1 612
39 52 785
50 63 1525
62 19 1071
69 26 1004
31 4 862
63 0 2017
49 37 1622
26 43 893
52 18 927
68 36 857
57 63 2118
57 28 1735
20 47 1352
18 5 5
58 14 2034
33 43 1112
62 52 1454
18 42 642
54 28 1296
34 15 575
11 29 2111
58 45 1317
55 65 1941
43 57 799
65 27 2122
3 1 738
2 69 1828
47 4 423
31 49 1218
4 69 1094
52 14 176
10 26 1081
51 26 954
31 30 1339
66 65 1334
16 57 148
38 49 2007
50 67 958
28 3 2149
3 54 1769
28 66 408
28 64 33
62 46 993
14 62 1172
4 31 1098
50 32 1120
5 18 255
48 41 191
12 17 1860
13 4 1337
31 24 854
58 28 1867
36 66 986
24 36 685
49 62 277
14 22 243
30 65 1557
32 25 2234
67 69 1024
26 68 1217
18 45 5
2 59 609
3 18 1686
19 27 800
57 64 2018
26 40 1977
57 3 1364
52 25 646
17 32 2159
26 19 730
47 35 2016
53 31 1804
17 27 356
48 2 2095
3 20 1636
36 65 306
31 19 1058
45 18 89
67 32 523
57 25 1762
4 66 430
11 45 1839
51 59 896
23 63 1846
22 36 1577
38 23 1293
36 26 843
42 59 828
46 51 643
28 15 1660
42 43 2221
44 40 1408
52 62 898
27 14 2111
48 68 723
0 7 1242
37 5 99
14 10 180
23 26 487
37 30 995
45 68 630
4 33 905
60 41 110
64 54 1732
61 4 227
40 57 1412
53 23 1492
14 46 1288
26 23 2029
6 24 1524
16 50 578
69 22 1036
62 27 2173
49 11 268
64 63 586
63 57 1378
30 6 1697
54 65 1787
57 22 1492
43 11 1867
50 45 647
16 2 256
58 69 172
49 22 1395
45 65 311
41 35 1070
17 40 1155
54 61 612
5 26 1084
2 39 148
61 38 1584
4 15 2175
44 66 722
31 29 1447
54 47 1152
44 43 1987
23 9 708
28 60 580
47 36 822
68 40 1699
58 65 1182
28 55 2127
26 15 1098
16 38 1500
69 45 841
28 44 412
38 31 1754
47 53 555
38 57 341
10 42 386
26 44 1801
15 7 1895
52 26 1047
49 31 1680
5 15 431
57 32 1378
45 38 1823
24 23 480
43 38 1635
35 7 1114
45 32 152
9 35 1389
0 64 554
13 2 1994
3 52 233
68 3 2175
8 39 62
8 53 18
8 4 33
8 10 54
8 20 69
8 25 52
8 68 26
8 16 1
8 38 67
8 18 43
8 48 32
8 65 18
8 5 14
8 37 64
8 1 4
8 43 43
8 24 59
8 49 51
8 21 16
8 57 44
8 58 22
8 67 47
8 42 48
8 64 27
8 3 40
8 62 39
8 2 3
8 28 65
8 59 37
8 13 18
8 47 62
8 40 54
8 54 65
8 34 8
8 35 12
1 21 38
6 21 49
7 21 33
12 21 55
15 21 39
19 21 22
20 21 34
23 21 37
27 21 39
28 21 9
32 21 27
34 21 23
37 21 66
38 21 68
41 21 37
44 21 10
45 21 40
49 21 62
50 21 18
51 21 67
52 21 7
53 21 37
55 21 11
61 21 46
64 21 60
66 21 28
68 21 39
