84
32
85 71 650
79 19 76
10 62 815
76 47 692
73 40 130
50 56 1095
64 22 1116
18 9 125
28 21 123
76 14 924
11 2 541
5 62 629
40 58 696
34 86 31
15 1 177
1 77 48
86 52 773
89 82 1144
49 73 178
80 52 748
81 46 1193
74 38 848
68 44 506
17 7 662
49 65 193
76 28 573
0 19 417
9 44 375
50 77 119
31 56 1164
8 62 538
28 9 105
80 19 940
46 61 549
35 3 419
75 29 1167
40 7 762
24 59 927
87 17 369
30 9 977
20 14 560
15 33 428
51 52 1096
65 14 622
49 44 1143
6 58 591
89 12 880
0 55 1163
50 30 748
30 25 804
75 76 986
73 67 819
14 64 729
30 78 559
17 23 1203
21 13 319
58 53 373
86 58 438
68 81 843
13 56 471
30 46 215
3 77 16
75 22 326
89 38 305
51 61 735
89 87 1128
15 43 767
68 7 75
20 81 790
57 50 452
63 67 999
86 77 531
6 24 877
83 24 984
11 34 934
11 67 346
73 39 475
0 3 350
88 56 815
22 62 609
27 71 595
39 17 505
11 25 785
30 10 636
37 61 1127
4 47 481
39 80 1003
29 72 388
13 11 1207
67 71 640
59 34 799
8 73 863
59 79 743
44 19 90
79 74 375
75 45 158
36 12 149
58 41 133
35 6 781
15 13 915
89 14 228
61 24 696
0 53 204
82 42 42
34 21 646
40 19 1106
7 81 959
20 82 267
22 73 198
8 12 345
67 27 151
16 35 869
14 56 898
2 27 739
43 54 333
64 13 716
40 14 1145
81 66 168
11 85 727
67 19 569
59 66 779
35 55 1143
43 39 602
70 51 1124
85 14 878
48 80 12
60 80 386
29 82 1058
67 6 1080
74 88 698
10 25 246
45 38 990
46 30 539
86 20 393
68 66 1077
6 27 719
39 44 546
87 21 442
67 63 1158
19 36 1166
23 0 762
42 79 265
2 38 1156
10 48 368
89 66 1071
48 68 871
71 5 1130
34 89 585
43 42 267
2 81 212
45 44 21
81 34 387
43 88 1146
75 3 131
47 65 496
6 21 696
0 29 668
86 67 991
56 24 350
4 18 453
29 46 531
3 12 422
39 25 267
43 55 770
87 60 549
41 75 1000
65 7 1123
47 68 388
30 76 573
87 15 1221
73 38 265
79 89 677
66 44 262
83 31 1168
40 16 781
69 53 845
10 8 218
69 70 971
44 46 675
86 61 1001
11 48 215
70 11 1148
78 2 762
61 65 15
37 58 500
18 60 365
54 71 363
28 55 1028
50 8 1207
88 76 1118
42 71 1190
16 24 351
47 30 2
12 15 780
59 56 590
89 37 1006
60 12 541
82 15 897
61 28 933
53 4 513
75 52 742
27 61 223
18 27 410
2 49 773
1 81 532
49 11 1203
1 9 1215
21 7 986
61 41 341
41 27 468
66 37 279
18 37 936
57 67 973
87 50 688
28 31 221
26 11 385
26 40 558
21 42 1006
64 26 646
15 6 737
30 34 211
77 68 1147
46 52 211
47 26 216
30 16 1226
29 9 1178
12 40 158
8 19 93
30 63 339
44 78 466
4 71 761
34 3 314
74 15 939
13 55 1062
25 28 502
70 7 123
51 40 82
66 52 1042
4 24 897
82 5 1117
60 79 1130
12 87 198
56 70 1011
8 37 930
66 17 997
86 9 298
89 83 924
81 42 654
14 8 429
75 9 919
5 71 226
14 71 443
61 30 281
82 22 1203
0 12 532
30 28 51
70 42 470
50 66 651
75 1 105
56 41 286
24 82 170
85 0 100
17 0 1109
89 86 768
46 54 587
36 67 88
87 16 381
30 71 491
26 3 1008
27 34 660
65 46 907
70 63 1174
55 89 1024
55 41 137
48 7 269
16 65 849
66 33 1065
62 26 13
82 17 306
62 59 700
43 86 1041
66 85 818
3 78 486
62 12 3
43 79 1018
83 16 724
16 33 622
31 53 793
35 9 20
63 30 830
25 56 995
6 77 920
85 41 831
7 3 1166
89 43 812
36 50 627
64 11 433
40 54 1015
24 66 920
8 59 283
15 29 594
79 78 421
89 26 507
62 77 1017
40 39 81
44 28 1038
87 67 254
5 40 1098
78 7 1040
18 87 694
81 9 920
24 42 1021
25 5 906
19 78 65
85 43 1173
89 5 857
53 54 1130
9 83 635
82 0 983
3 85 915
8 25 551
70 58 263
54 3 1137
18 61 54
64 43 1002
82 65 467
14 34 584
77 46 280
46 26 159
41 65 991
36 46 922
86 26 665
22 21 76
34 44 745
17 69 848
63 22 1112
29 6 463
17 59 1071
3 46 743
2 24 302
76 80 666
87 66 393
64 81 208
1 61 878
51 29 125
46 5 409
65 13 666
27 79 1067
67 33 1210
33 15 378
76 75 699
39 55 835
11 37 1160
52 38 1223
10 63 1033
41 10 33
12 36 189
15 79 744
40 53 897
16 70 412
39 11 923
51 87 440
20 66 726
26 57 709
6 13 889
28 83 472
45 20 727
8 17 1092
85 48 142
50 87 293
8 80 159
65 5 69
49 46 352
75 28 954
42 82 1011
80 73 333
75 14 1013
56 64 366
4 17 32
78 76 917
63 52 966
63 44 503
14 19 846
50 72 1017
47 1 438
10 71 127
37 2 724
75 86 1009
50 53 64
6 43 851
38 20 940
12 86 656
64 33 991
56 52 611
22 26 1050
31 15 363
55 23 181
73 49 78
5 25 1035
46 60 526
13 68 937
85 18 429
52 8 306
43 72 121
10 2 1220
17 10 146
16 46 580
28 78 23
72 67 864
50 23 580
85 7 125
46 73 406
15 2 609
50 21 769
50 38 249
58 64 1227
28 4 1123
57 77 692
78 61 607
69 37 379
29 58 795
82 18 154
79 56 924
77 11 399
6 40 871
64 51 411
22 78 980
57 21 912
35 26 305
50 11 728
7 72 896
64 5 705
80 71 1179
31 37 268
64 62 779
51 4 1107
69 62 946
41 50 146
1 83 941
25 85 477
49 17 820
37 59 1000
2 22 377
52 44 887
1 56 866
72 10 1168
40 74 281
80 36 625
54 87 399
36 56 762
25 66 1148
59 71 324
21 89 351
51 70 424
74 56 246
21 66 365
7 61 85
72 54 125
38 45 24
65 77 489
50 49 408
0 21 217
4 0 886
33 29 78
19 5 324
70 24 344
1 50 105
17 77 105
40 51 457
76 9 924
62 78 1102
46 6 1102
55 9 153
63 54 756
5 11 1092
57 30 439
49 25 538
39 23 699
47 23 792
58 39 1201
27 41 45
23 7 293
67 14 1073
76 48 341
68 27 1223
59 19 876
5 12 67
52 2 1055
19 51 807
36 64 694
72 71 35
18 46 467
89 2 976
66 3 382
44 22 6
35 77 936
53 43 853
86 21 858
81 0 959
39 59 411
78 70 453
63 82 576
37 65 265
41 83 268
30 17 400
23 10 543
16 49 103
35 64 521
88 23 1002
20 76 787
52 63 848
64 10 1149
19 43 298
33 44 963
44 41 810
72 1 901
36 53 91
53 5 352
38 73 648
74 37 1022
87 33 538
13 76 795
88 8 716
66 89 657
73 70 58
61 71 1170
37 22 897
11 13 270
56 78 514
9 5 827
69 26 1141
71 77 512
72 63 966
35 14 410
52 17 496
59 24 270
85 15 211
15 44 516
23 19 864
68 74 1086
37 12 996
15 89 312
52 71 668
17 25 458
33 48 15
29 39 859
10 78 722
30 81 494
60 2 501
74 10 618
14 74 206
23 52 1141
68 19 1017
49 27 238
40 29 303
47 79 185
18 21 68
82 44 542
85 24 1006
33 2 999
18 78 905
34 66 637
83 5 295
82 79 278
85 22 1186
53 66 475
37 66 942
38 3 1002
62 45 220
85 21 43
17 87 675
62 23 857
45 76 150
48 14 23
58 72 111
74 31 916
7 54 1053
80 54 537
65 61 1110
77 78 776
10 13 558
26 12 255
17 30 308
6 5 1101
18 20 1213
15 60 192
20 30 79
29 51 854
51 79 104
43 31 775
4 10 1071
45 42 808
12 14 19
11 55 638
62 89 842
14 63 913
78 82 476
70 39 198
72 46 1
54 8 807
14 55 1041
81 7 62
8 6 641
50 59 1060
60 46 175
65 8 387
76 43 195
41 74 84
34 77 36
10 33 58
29 2 7
57 74 405
41 35 346
68 78 806
24 65 769
64 28 436
45 82 167
7 24 1088
78 67 321
83 23 903
71 73 664
63 28 657
89 16 143
19 64 1218
64 7 279
35 89 791
34 33 231
75 77 18
14 76 96
4 25 1211
62 38 944
67 81 995
6 26 37
53 86 978
57 42 1045
82 58 509
22 51 204
15 66 150
11 0 1121
54 22 976
46 7 673
26 52 782
22 85 629
53 24 837
29 57 1183
71 65 614
60 20 760
65 1 115
41 29 559
47 39 1073
23 60 911
19 53 284
54 30 799
21 63 632
38 51 608
12 63 695
21 8 893
55 73 125
4 57 290
57 7 977
63 40 1203
89 9 130
73 51 89
29 53 322
21 6 822
53 71 1159
75 65 1034
16 72 533
15 73 178
42 67 150
78 87 328
75 46 6
10 87 317
88 72 711
60 33 139
37 42 203
89 21 178
18 59 1088
36 73 235
12 7 138
43 61 1110
89 52 796
38 57 460
61 59 529
82 78 311
30 54 364
8 66 539
50 29 279
52 67 727
79 44 401
38 30 180
80 83 160
28 86 405
8 1 114
30 49 660
60 85 604
67 58 1136
3 54 818
16 27 114
34 47 1103
66 1 978
73 7 919
25 68 250
76 7 42
34 0 38
40 55 840
10 23 721
42 86 596
63 31 652
51 43 158
38 11 551
27 20 649
33 53 596
86 10 398
30 11 1063
23 68 331
43 77 865
26 62 937
8 56 161
28 44 162
59 70 768
76 74 659
15 41 801
40 79 458
34 73 604
5 0 609
33 51 1093
8 29 627
74 66 226
14 46 611
8 10 1043
13 46 1157
49 87 1047
47 80 166
21 65 957
31 40 746
51 86 568
71 31 689
64 46 1183
74 78 959
19 33 910
24 61 1214
58 9 810
54 12 217
45 1 212
18 50 222
39 12 469
67 53 703
5 37 934
64 29 783
72 78 834
73 69 474
1 26 1190
69 18 101
88 19 1181
31 87 57
43 78 1169
79 87 1201
31 61 108
34 30 1123
24 0 126
31 17 79
53 69 325
34 22 566
69 19 212
37 70 112
0 66 904
67 72 122
54 66 718
19 2 275
60 36 196
3 22 727
43 7 767
13 3 808
20 88 419
25 70 730
21 4 537
83 26 909
21 69 177
24 80 790
51 57 938
70 19 1119
48 76 360
79 42 653
56 38 31
50 81 1159
49 71 812
4 14 827
33 57 739
4 50 368
46 49 142
15 27 115
69 83 338
26 83 927
8 5 707
67 55 538
19 85 1203
59 23 167
11 80 1051
36 16 408
74 45 712
59 9 1193
11 39 1222
21 9 451
17 56 820
67 56 831
4 13 500
71 52 1080
13 35 456
59 58 377
28 20 1221
25 62 539
8 16 1213
24 37 179
62 44 989
9 12 663
18 76 782
38 13 1203
67 65 636
53 81 382
38 56 1129
33 14 29
71 50 131
14 72 1214
37 48 499
79 54 1088
16 10 798
77 42 97
45 89 215
42 61 1126
50 42 549
89 71 1160
44 5 1034
18 55 892
4 15 176
11 24 90
56 69 1062
14 51 603
22 19 404
45 63 159
19 29 1177
54 41 624
28 64 62
64 61 316
42 33 1217
13 71 808
26 13 145
76 10 708
48 6 467
37 47 950
13 77 1131
29 61 447
64 35 882
39 8 456
12 41 381
79 50 452
8 78 969
29 19 309
56 83 349
5 55 228
50 78 977
47 3 1184
72 89 378
11 53 256
22 20 692
6 64 175
77 23 255
26 67 1105
6 12 941
19 25 184
11 33 426
31 80 475
54 43 316
67 39 978
82 87 924
67 89 271
69 21 525
11 3 541
58 40 1099
80 42 493
76 38 466
87 19 564
26 15 434
29 56 186
4 54 778
58 31 741
41 77 90
45 28 232
82 89 952
24 14 976
46 74 933
39 18 37
88 63 1115
63 71 663
17 89 125
47 10 368
49 6 392
22 82 989
3 50 1199
61 72 849
64 9 242
13 8 1195
1 44 261
16 15 422
2 10 90
52 60 1212
34 43 252
5 57 141
15 65 769
60 75 721
46 88 180
41 42 690
19 42 1039
33 65 203
3 56 674
9 13 961
78 31 453
1 88 529
44 55 686
87 46 389
22 86 26
62 46 1042
47 40 100
9 35 335
56 9 9
27 73 281
64 85 1169
14 73 256
54 37 823
33 46 357
49 7 389
37 41 1
6 87 1117
42 74 1078
50 79 255
31 29 48
62 18 998
15 9 180
8 43 1032
23 82 230
41 28 937
1 70 425
56 54 502
85 56 771
88 65 1172
10 86 630
57 47 266
22 47 352
65 83 1130
43 20 326
23 63 292
30 33 1102
51 76 74
56 81 428
42 57 233
88 64 706
7 74 529
46 18 1125
24 83 9
56 20 285
55 21 689
24 62 168
31 0 1087
80 18 210
30 60 383
23 41 659
4 78 342
18 36 1024
4 19 416
52 75 148
4 45 900
14 80 477
29 8 413
42 22 713
70 48 835
50 3 341
22 69 904
50 40 335
34 50 158
9 47 723
65 23 192
61 33 66
27 48 712
69 12 1221
10 36 804
85 25 32
66 87 37
51 24 475
40 67 705
52 20 1197
65 85 113
87 12 823
18 12 655
80 1 476
43 12 751
3 52 679
82 49 657
31 68 1025
9 58 184
47 53 745
80 7 613
81 45 532
61 56 240
51 63 561
18 81 493
45 52 599
72 7 15
4 6 561
36 7 91
69 64 297
88 3 1061
5 69 413
19 8 254
14 66 432
83 6 104
61 78 555
69 46 238
24 54 1094
4 65 33
63 75 267
25 89 766
0 82 56
77 47 199
24 36 983
34 37 1022
49 39 1121
18 0 1199
41 14 110
57 46 487
25 65 388
76 22 691
60 17 395
63 83 248
45 9 91
43 70 332
19 7 1049
44 83 1028
8 0 757
21 14 138
34 46 878
22 31 272
36 58 77
42 59 159
36 4 622
22 10 1089
17 58 591
9 60 378
23 5 197
15 70 965
65 38 1200
45 8 1104
36 1 216
33 43 112
86 17 1138
4 59 795
77 50 261
19 55 1211
67 49 41
63 39 510
63 1 85
22 89 303
80 39 320
54 21 696
15 88 529
74 36 852
5 77 11
27 89 31
62 4 182
24 10 210
73 78 83
63 49 445
74 59 366
10 22 889
61 18 615
83 78 353
42 48 654
6 38 942
23 79 969
14 6 613
51 11 1083
0 61 1129
71 43 1090
21 60 490
42 56 380
79 33 766
22 65 101
23 38 278
35 2 294
58 75 695
29 69 1199
61 63 646
50 83 74
82 14 627
68 26 780
73 0 1051
23 70 494
22 23 252
27 11 14
54 13 967
60 0 1179
77 30 111
51 66 958
0 34 47
41 6 153
41 9 62
63 69 954
9 38 906
22 44 436
30 73 169
61 76 773
73 23 242
10 40 755
82 33 699
66 12 838
12 80 1132
82 19 294
82 88 1073
82 25 919
8 18 474
89 72 73
86 54 699
28 13 684
87 1 958
27 66 330
9 45 536
1 33 668
69 2 1041
68 62 974
66 55 818
40 57 1088
67 70 35
12 23 52
20 33 611
7 52 543
53 59 101
62 19 116
71 19 495
13 37 531
43 76 678
22 33 965
13 81 215
34 35 907
49 75 757
75 59 499
56 16 1153
68 34 9
64 56 183
65 0 234
68 50 220
41 15 560
10 14 230
40 5 1176
64 82 1210
57 0 815
44 40 467
85 55 1105
67 9 561
26 34 269
58 43 969
27 12 610
40 77 1005
17 29 738
51 3 265
29 12 907
53 56 533
2 69 896
7 58 405
46 53 15
34 72 707
65 45 264
51 74 939
85 53 1080
61 51 442
60 13 561
34 75 491
84 54 44
84 40 53
84 15 36
84 17 56
84 49 2
84 21 86
84 5 79
84 34 15
84 61 30
84 62 32
84 37 27
84 67 32
84 86 31
0 32 52
5 32 46
19 32 3
22 32 68
24 32 38
35 32 41
37 32 22
38 32 17
46 32 56
49 32 4
54 32 5
63 32 19
74 32 63
75 32 57
76 32 78
78 32 14
