13
73
1 14 2248
94 26 308
75 76 66
61 98 1054
59 16 2011
49 95 2668
42 14 2462
99 87 1017
66 8 2876
16 45 3258
46 47 3680
57 68 1959
43 21 2169
27 80 4021
54 37 2194
36 14 1974
43 88 4498
36 89 2245
31 4 85
85 6 3347
94 54 2602
75 42 2326
53 22 4214
84 16 667
70 61 3086
0 60 1686
42 41 1746
21 28 1000
14 33 488
0 51 1462
78 61 2708
90 70 4495
3 16 14
63 58 2287
80 41 283
93 66 2510
86 81 3596
43 83 1624
17 65 1026
8 38 3186
19 79 4217
28 12 3244
35 85 98
45 95 415
56 0 3186
36 10 4203
27 17 3837
63 98 1128
76 29 1422
9 92 4404
66 25 1642
87 50 55
3 64 2849
22 52 2984
19 46 4373
4 74 3103
1 88 4175
16 99 3414
22 88 4220
49 33 1929
9 56 2172
61 95 2290
91 65 849
16 34 4222
49 72 1107
81 25 1524
78 43 1952
65 15 4023
28 4 4271
63 38 4121
24 28 4283
50 7 1505
9 75 714
42 49 3190
14 34 141
83 14 2933
37 26 1949
52 99 1829
38 63 3987
19 88 2350
86 54 1265
72 25 4220
53 56 1098
79 17 3641
69 72 2582
49 9 3238
46 72 14
81 52 714
83 10 3417
3 38 2475
20 88 829
53 77 4332
34 84 2224
95 0 3171
45 76 552
67 22 1945
35 56 348
33 99 430
82 86 1160
86 72 825
3 91 802
45 70 2957
65 32 2807
32 3 3996
34 32 1648
77 39 132
48 98 3414
90 20 4364
31 84 2186
20 36 27
81 33 2042
92 68 4333
4 86 3221
36 39 554
97 22 1602
67 84 3952
27 68 3756
21 44 589
49 82 834
77 49 2528
70 53 213
83 59 1960
61 12 1871
64 81 1507
94 7 3879
55 59 236
76 6 2162
39 99 4064
41 76 1161
4 87 1281
40 90 1032
88 33 2852
7 6 1164
55 93 661
11 19 4355
95 16 1833
66 89 3095
52 8 1239
60 87 885
65 9 3208
99 11 1968
70 89 2816
16 1 4219
81 88 3174
22 44 2112
34 83 280
22 42 767
24 70 2615
97 20 3448
3 41 3858
37 12 336
30 69 3680
6 40 987
97 83 971
76 50 3529
81 56 897
90 32 3567
9 53 2220
29 15 538
77 58 3867
77 11 3542
43 62 2043
78 53 2962
3 40 2867
53 84 2882
54 82 3819
4 94 2690
61 41 2746
44 42 75
51 85 2422
4 17 3407
90 21 4133
9 54 3654
94 83 2599
31 44 1690
12 69 3354
9 98 2907
15 28 537
51 31 3159
81 61 4038
53 66 177
30 95 1038
53 95 2506
0 52 1983
69 23 588
45 2 655
96 33 1940
94 74 2641
64 83 3693
97 64 3323
54 6 4006
93 38 566
80 19 1141
86 67 2501
49 75 2277
46 69 303
19 94 1004
18 0 661
52 59 3825
64 35 3815
35 57 2051
49 55 3774
17 18 3458
36 92 1707
67 58 3302
96 7 3376
85 9 4040
81 10 2628
15 93 3298
75 78 2899
2 28 268
24 49 454
66 22 3527
86 6 2050
60 10 1136
33 18 3958
79 68 4082
43 12 3136
72 55 3028
0 46 3245
81 27 1994
55 81 1729
62 21 934
19 43 1041
59 83 2155
97 24 1293
36 90 159
83 68 934
35 78 4523
11 36 4304
44 17 4279
12 49 4094
98 36 1046
17 64 1085
6 52 1282
55 91 811
2 57 4536
43 96 4074
24 68 3264
57 53 2771
19 8 2359
10 41 4180
36 26 3343
18 70 1719
58 33 1606
9 78 3047
76 33 1030
68 72 1943
54 10 3004
47 57 2566
41 64 1544
14 82 0
91 41 1371
89 21 1092
0 72 467
96 19 2735
12 61 3145
64 55 706
14 35 1307
54 23 205
79 3 1452
36 2 1615
85 11 876
63 20 2561
80 74 1704
53 20 3006
19 30 3204
4 27 3586
97 54 628
51 29 3298
45 30 2315
24 66 3300
57 29 141
55 48 2403
91 67 782
25 86 949
10 92 3201
15 72 4261
66 81 2023
82 60 4115
53 40 638
77 57 2358
90 43 4051
62 93 3525
83 4 3319
26 61 4011
66 45 805
53 83 559
97 56 1817
71 78 3705
50 97 1904
22 32 996
79 14 1993
31 47 1053
62 20 1677
35 20 1987
55 14 267
39 28 4326
58 87 74
18 55 3639
35 17 1147
54 31 3919
71 19 268
9 26 125
77 48 731
36 80 4174
93 1 4040
3 19 3802
64 44 924
18 52 4125
46 88 2417
35 40 720
76 85 2280
10 57 4044
96 45 3270
76 20 2850
87 10 2119
80 86 3566
85 8 1965
89 11 1739
88 81 2033
3 93 283
49 80 3655
28 55 850
44 41 1948
76 65 1318
9 23 759
92 7 3085
41 42 577
91 5 700
22 16 2652
24 16 3348
60 23 589
92 33 138
16 2 2668
26 70 2213
19 39 3464
28 27 1
41 20 2331
68 62 3766
12 34 3985
94 38 1325
23 28 3369
99 75 2582
76 88 3631
83 58 3964
65 4 2943
11 70 2224
37 85 3460
32 94 1737
55 89 3139
14 84 254
42 71 1310
62 56 1938
47 34 1905
17 78 3845
31 97 2649
75 97 308
69 52 566
56 93 645
8 22 2701
16 54 1312
70 68 1283
23 86 3675
87 47 936
23 57 1506
69 94 315
98 24 2951
65 92 2736
71 12 3794
58 46 3479
1 0 69
88 44 2791
55 16 3456
84 77 1423
14 66 3908
38 69 3291
63 82 3766
61 43 1394
19 6 251
40 25 2819
22 89 4046
93 14 3603
83 87 2296
37 41 1823
17 7 2718
87 76 2409
26 63 3066
50 98 1764
31 59 3292
10 67 2522
84 88 1137
77 40 3135
94 21 2691
3 6 489
98 63 3689
61 77 79
90 2 2931
23 33 1608
60 96 509
41 25 2283
24 37 151
99 45 2008
86 79 2902
11 39 4058
76 35 3147
5 83 2772
82 44 1155
47 68 4499
50 51 2318
16 59 4125
8 61 1050
72 26 2545
71 25 312
11 21 4073
21 14 1691
58 91 2135
20 30 3821
58 65 3180
49 51 3950
6 94 3702
76 93 3469
94 5 4205
53 51 1202
38 12 3199
76 83 4309
68 75 3206
93 97 2807
92 15 2272
36 68 389
65 37 2869
31 14 3530
71 85 3222
8 10 3148
64 97 4097
37 49 4401
76 64 759
4 39 1918
81 19 3441
36 48 2869
3 87 4540
14 79 1120
38 41 2919
7 10 3110
86 94 23
19 83 1531
53 16 3284
61 91 1727
20 49 884
22 31 781
85 21 506
33 24 13
79 51 1593
89 98 580
12 56 2658
60 30 3608
36 25 3007
91 74 2584
49 2 2745
67 57 2555
40 46 2682
24 31 3256
95 46 2843
79 38 2234
83 39 880
2 29 1791
95 22 2836
78 95 3926
37 86 227
78 59 2860
88 10 1463
95 44 4265
51 50 4369
4 1 1442
59 9 852
42 87 4468
92 98 2528
12 32 336
70 44 1817
98 59 590
82 5 268
6 29 533
17 95 4255
48 27 2633
55 22 3142
61 45 4466
68 69 2693
21 80 164
93 44 1179
85 83 3970
29 97 182
27 19 3428
50 14 3431
80 32 2156
50 27 546
33 79 344
55 60 4061
23 14 2724
59 38 3879
75 11 1210
6 35 3408
4 76 2605
27 9 126
53 47 1022
0 88 3708
35 79 3029
8 69 4024
64 71 3008
41 49 4271
84 65 2058
52 89 855
89 3 773
99 69 518
18 90 1770
36 94 1987
36 67 3620
9 86 3554
52 3 1842
68 18 3176
92 36 870
20 66 3962
71 53 1103
85 52 3931
6 0 4450
38 90 3634
43 98 2372
47 41 3314
62 96 3947
86 69 1531
86 88 1630
99 40 3773
42 77 1320
14 17 697
41 58 3767
33 25 3569
45 94 1055
12 19 597
42 67 1364
40 45 867
51 83 2249
75 10 3696
50 3 1036
11 31 4336
82 58 3757
90 71 4095
45 3 3905
34 47 1282
33 37 3595
56 29 1338
96 69 3526
28 63 4538
23 54 2
49 32 540
71 43 3970
10 45 0
61 38 2836
39 67 2353
17 14 3103
48 19 270
5 81 187
68 16 4519
68 79 1882
12 22 1018
50 56 1007
98 33 659
74 22 806
55 57 3864
37 78 463
61 75 1616
70 66 3740
49 47 1780
94 62 1257
60 14 1441
30 5 753
23 79 3215
15 86 3855
28 72 3115
33 75 2435
22 67 4131
25 2 3448
55 92 2438
29 96 3592
72 54 93
48 57 3464
25 94 959
74 11 1459
86 1 3956
31 54 3237
61 54 771
74 47 4079
71 3 981
50 87 3901
58 3 930
54 39 2331
7 54 4512
1 35 2350
77 60 4241
80 96 1094
71 69 1504
59 75 2417
77 14 1808
28 57 2481
74 72 4424
51 22 3864
57 23 772
80 2 2619
29 43 3966
78 66 1976
7 26 3214
19 67 2874
94 67 161
33 6 1971
63 61 4268
19 99 3021
28 15 4386
33 72 671
64 15 1139
46 41 3593
89 80 4382
55 53 4181
34 96 1495
42 45 3809
35 14 2288
31 66 3656
89 96 236
2 77 732
90 78 743
43 38 1903
71 49 1613
43 58 540
22 93 149
47 94 3140
83 88 3056
92 78 1591
34 17 2105
76 82 2836
42 83 1059
57 69 2080
58 21 3942
90 25 4236
95 72 1386
74 97 592
62 33 3156
93 63 3548
2 15 380
56 98 1462
80 35 2461
80 70 2329
41 45 4249
25 36 362
50 31 1308
30 35 106
60 59 2232
65 11 2118
52 18 3784
4 32 2494
56 42 3377
97 72 3482
2 38 2233
89 31 2345
72 63 2796
93 20 2248
2 31 257
35 81 2047
28 51 1919
95 14 2329
91 83 3456
84 66 4322
15 1 959
14 61 1048
28 92 2582
77 9 3366
60 31 661
97 94 4248
41 87 234
80 93 2427
3 77 440
97 48 4411
87 19 3369
28 18 3951
97 35 1362
40 95 1985
11 52 2514
29 10 1931
35 36 3705
31 49 3985
23 0 56
12 42 2826
59 22 2800
38 75 1278
55 19 1347
82 53 866
56 6 1888
77 98 1017
71 93 375
0 62 4445
82 46 2199
21 98 2026
78 33 1848
82 15 3700
83 62 691
84 72 2946
57 24 4483
98 82 3897
3 60 792
69 81 2565
64 48 3197
56 88 4320
91 69 2887
11 24 2331
95 31 1021
74 29 1352
5 50 2360
5 12 3134
86 44 1737
7 29 4146
19 77 2007
28 86 69
89 82 1932
95 24 3895
65 28 1923
39 59 4120
95 65 2266
64 95 2441
68 20 3647
1 87 2869
50 53 953
11 46 1071
89 32 4296
31 41 177
67 83 2330
74 63 609
20 61 4387
71 23 1459
76 98 703
3 46 3891
6 31 2135
9 82 2419
69 84 1481
64 65 51
41 23 1304
68 89 4205
74 69 3462
1 70 4423
80 55 3929
87 93 3126
38 9 2304
80 53 496
40 88 3231
68 93 1627
96 60 452
11 81 3905
44 87 1136
78 49 4063
22 43 486
69 66 1060
51 4 1004
8 71 2261
39 80 3250
80 5 4400
11 33 3776
71 21 3570
18 14 1073
95 98 3614
30 33 2020
67 93 4046
93 90 744
93 16 3691
49 7 414
93 77 4200
58 94 2394
58 62 4295
8 99 796
91 95 311
4 57 403
96 32 1021
85 15 1526
63 94 2562
26 60 993
18 58 4519
72 51 2284
34 29 3472
19 2 448
9 25 1279
60 18 2022
32 75 4003
89 48 164
43 75 3269
99 46 1330
84 0 1053
50 45 346
40 20 874
16 62 1306
10 23 1672
4 82 3413
52 21 3055
19 87 3012
35 27 3622
17 27 1105
92 91 2805
44 51 1005
45 10 2205
90 28 108
51 62 22
19 21 4019
86 51 4115
56 69 2931
8 44 511
35 83 4308
31 95 1415
41 12 2676
1 41 815
12 33 1299
71 36 1672
85 1 4464
1 31 2993
40 76 37
48 0 2026
87 9 3296
79 54 3325
81 68 2398
92 50 2564
94 59 3961
96 76 2681
63 83 2037
89 4 3614
32 37 876
94 20 3638
57 26 1553
38 20 3284
26 41 2785
63 93 425
15 20 3379
29 93 199
25 8 309
50 26 1919
91 10 2476
4 0 3895
6 57 1013
5 64 222
69 40 912
90 40 3873
67 23 4128
19 18 3853
55 1 4375
19 7 1001
76 9 149
33 48 366
50 6 198
2 19 3399
72 9 3118
31 89 2185
61 10 102
84 6 221
72 75 1464
26 65 4109
56 31 1303
46 78 3138
97 67 1305
81 82 2663
24 6 2129
11 99 2449
70 27 56
10 39 2634
74 10 1923
96 25 2248
74 86 4370
96 55 4503
6 51 3938
96 77 1694
51 93 261
22 49 748
94 93 1153
99 51 531
91 86 1440
42 64 4512
53 26 738
67 48 2460
21 7 4086
50 22 4109
88 70 3557
17 74 143
20 74 4020
80 77 3653
72 10 3134
52 29 1171
84 53 860
68 9 2324
63 39 1562
44 23 4252
66 64 360
72 76 4359
95 32 937
92 18 3792
33 4 1147
54 8 852
51 34 226
42 15 2436
32 38 2805
56 62 1778
2 93 2912
56 27 4321
57 54 1673
25 37 2814
23 59 572
67 52 1207
42 74 2346
68 76 2744
71 75 2355
87 29 565
99 26 3062
83 69 4466
51 27 2968
82 85 4498
40 75 1258
99 15 4082
30 40 638
97 82 3180
77 78 474
12 18 1310
84 64 2239
8 46 4043
34 94 3606
86 85 1887
69 43 3716
40 92 2996
7 16 2474
96 24 4199
12 79 3523
94 63 1050
19 35 2156
6 71 1225
47 22 1055
68 40 1101
80 57 4476
55 80 2096
50 85 3036
7 18 2110
84 4 992
20 41 3928
29 5 3883
78 81 2448
7 70 4475
10 37 1946
29 56 2802
95 69 2453
53 5 465
25 82 946
21 16 1062
9 36 1198
78 8 4260
12 72 1783
26 66 503
48 33 295
54 19 1741
40 43 1125
85 50 2027
30 34 1401
38 48 4195
3 47 4390
40 97 4081
81 43 216
61 46 3417
2 53 2106
32 42 1121
81 17 172
46 65 4447
9 21 758
87 28 3138
41 33 840
75 37 4458
11 10 644
95 1 3182
88 78 54
70 90 3348
65 75 1215
0 56 3402
37 48 2343
86 7 1051
25 96 2835
91 2 976
11 45 3726
68 28 1218
32 98 1661
58 32 770
22 71 553
81 93 1187
93 57 437
83 42 3020
52 57 1849
42 72 2666
64 60 1614
93 88 3723
16 72 1784
18 75 1125
12 55 371
90 26 3505
52 28 2210
41 95 4124
2 82 1842
28 25 84
97 25 4357
44 52 134
23 29 199
63 72 1352
47 66 3361
43 8 2919
53 80 4142
89 15 4263
69 67 947
30 56 559
48 43 2384
53 60 2145
47 16 2800
46 96 3539
14 68 581
2 96 4364
33 98 28
16 93 1691
69 30 1421
52 60 837
39 65 2556
85 84 1443
86 83 2571
82 31 772
91 0 3479
51 78 3046
17 41 3673
95 97 2937
69 27 449
72 91 1377
75 28 2604
80 52 3661
14 30 2396
25 49 3105
23 84 3443
19 60 1231
51 71 2726
16 43 3090
30 76 2404
3 71 405
59 35 3049
26 95 400
27 32 3282
11 37 949
27 86 4320
99 50 4154
36 84 2669
19 14 3597
43 92 3223
64 96 3446
45 29 1448
84 57 3871
16 46 2802
29 31 1039
60 42 3183
42 23 4376
28 52 4475
4 60 407
58 0 4312
7 30 73
80 87 2398
29 50 4059
20 28 3045
55 97 3131
32 64 28
47 93 182
91 49 840
81 41 2604
71 61 3558
32 1 2805
43 68 451
83 24 4396
91 61 4195
1 3 1441
57 21 123
31 60 4073
55 88 1468
64 17 3535
81 69 1793
1 78 4198
3 65 378
17 26 623
11 22 3670
6 2 2567
46 45 4293
31 9 3424
1 56 15
9 68 2755
69 57 2773
31 48 1809
64 47 3744
99 18 2336
12 30 1053
82 80 4026
21 79 2485
23 61 3168
98 10 1060
41 40 323
89 62 1128
18 47 3755
69 77 2100
96 99 1282
19 23 2069
70 17 3379
88 75 766
94 29 2931
49 65 4198
82 35 3518
55 34 3532
91 44 2155
31 87 2905
88 53 1421
62 15 892
50 75 2064
44 60 1344
95 99 4539
1 25 3157
72 27 2661
37 1 2856
49 39 3008
82 2 2500
71 10 196
77 93 4021
86 16 4507
94 40 1742
34 79 2350
55 5 1690
61 55 2135
43 29 4062
41 0 58
72 53 1633
18 30 1915
69 5 750
49 11 4217
42 1 3691
2 10 3000
3 72 4317
11 53 3206
45 75 87
25 24 163
36 56 2847
22 74 4479
52 62 3746
82 19 510
76 58 3819
98 31 3941
0 37 2736
33 90 1474
16 27 3130
67 81 3270
30 83 3023
24 27 2376
90 75 4334
69 92 2502
89 19 2375
17 22 3122
90 89 4466
39 48 982
45 39 2817
58 25 3246
35 9 2445
62 74 840
0 90 4105
6 33 2679
67 90 3196
35 49 4504
20 14 2785
25 45 791
99 49 4223
34 88 2702
72 52 1321
2 54 4493
24 81 70
24 59 1472
61 47 4021
36 72 244
81 71 2272
11 15 2149
22 20 1047
58 34 2967
89 42 4423
34 53 2562
15 61 3930
67 87 3297
58 63 110
26 28 1415
78 60 1775
63 32 1
34 55 3942
30 39 1218
78 1 3427
58 22 666
7 99 2320
78 75 644
32 92 4099
54 33 3066
64 87 2705
5 20 1966
36 52 2954
87 17 820
49 52 547
19 98 4276
91 54 313
47 64 3182
15 79 1131
75 98 3834
5 99 2489
86 58 2129
21 93 2175
67 69 2769
86 34 2963
35 72 1598
43 66 1009
8 24 3979
21 61 1198
95 11 3904
3 11 682
17 90 3896
94 70 1910
85 70 2337
68 74 2295
80 50 4204
19 53 2768
82 0 1200
38 65 3530
61 50 1380
31 55 3861
16 75 3919
40 6 126
20 89 672
33 88 3133
0 79 4462
65 96 4489
84 19 4367
90 82 2012
78 18 3980
81 32 1404
38 83 2751
23 53 3740
6 84 476
8 20 1664
28 60 4330
86 36 457
53 79 4152
74 45 3883
18 32 4060
14 11 1182
69 44 3426
46 59 1250
35 99 3747
17 76 725
27 33 2930
45 35 2496
64 25 2641
99 32 1939
78 31 1018
75 22 1939
23 65 847
49 98 1590
20 18 4342
39 56 2628
55 65 47
89 45 4444
31 20 1011
52 30 85
69 80 3578
95 4 2693
23 88 1630
33 62 2863
62 41 917
16 85 2375
17 39 1522
78 89 2998
41 83 2304
46 22 2095
49 70 3119
54 92 1521
72 95 2003
91 38 3961
50 41 103
95 34 2307
37 43 751
29 62 2152
20 68 1440
71 38 164
24 0 273
20 63 2476
58 52 1068
63 91 3342
92 67 1882
68 58 4046
85 7 2530
19 52 1191
50 61 3550
44 34 1454
20 60 3397
74 77 978
44 90 1413
90 10 2618
0 64 4097
74 44 3069
11 26 131
38 60 2496
10 72 3603
36 79 85
98 19 3281
62 51 870
55 35 447
42 10 3585
7 55 176
38 94 973
15 49 1337
60 62 3960
31 67 494
48 50 1447
28 0 4338
34 59 3053
92 82 4203
56 81 1974
75 72 197
40 57 2579
43 86 1860
46 35 909
83 29 1283
46 52 1322
8 52 3611
39 45 4186
51 69 373
41 54 3316
97 12 3126
8 89 1180
44 25 3324
33 94 1091
78 12 2107
8 48 3099
66 59 1864
52 15 2100
78 2 2053
5 15 4411
31 56 1167
99 55 2797
11 54 3285
84 60 1512
75 83 4298
36 50 3858
34 0 1766
8 2 1565
92 51 4333
58 95 2004
41 84 4006
84 33 746
29 55 117
9 71 563
92 99 190
44 88 3299
42 34 3948
70 5 485
64 9 989
31 39 3304
56 85 4425
62 43 1148
23 12 594
33 26 1115
9 37 3195
15 46 2582
57 27 620
23 85 2430
96 51 3714
10 56 3324
10 6 1923
82 30 1634
84 89 3461
58 84 1606
50 43 1311
94 28 265
69 53 4477
45 84 4413
9 0 24
63 79 4258
51 10 4290
37 6 2007
18 68 2924
65 20 3143
38 34 1664
7 95 2010
74 84 4229
11 78 415
96 30 988
2 84 4511
81 90 1092
10 17 2959
54 36 4391
18 83 4451
84 45 1723
70 25 4391
32 0 3584
34 58 1141
35 84 122
46 71 4
21 63 1868
25 89 1589
14 81 737
95 48 2775
59 18 1518
35 41 2265
98 97 2779
83 86 3815
30 64 2692
44 24 1485
88 63 1163
63 62 3747
26 52 23
48 75 4082
78 62 2310
8 63 3655
46 90 4211
88 60 3733
86 90 818
79 9 3183
90 65 2657
31 83 3139
50 24 4047
31 52 2001
47 79 1177
53 82 2752
25 18 4341
48 8 2787
71 81 1894
53 27 4170
95 66 2373
15 9 3439
4 40 217
49 78 1685
76 70 1124
78 44 3755
55 74 4038
77 95 3202
45 28 2265
25 33 4432
8 84 1410
63 7 617
31 90 4333
87 14 1384
39 33 2128
19 93 3714
0 49 3450
41 6 1524
56 45 3319
31 76 3563
26 10 680
8 74 2996
68 27 1484
77 85 3096
95 39 4354
88 80 1268
92 79 660
0 53 3418
75 56 3879
18 22 3141
95 78 2829
47 28 782
4 84 757
16 6 3593
51 18 2050
91 30 913
65 7 2728
22 66 122
33 85 3556
55 44 1811
16 51 1789
20 92 2677
58 56 853
72 30 1733
60 50 1804
32 2 3443
76 11 3110
56 38 2295
17 54 2580
15 60 2420
88 35 3709
59 14 1738
39 69 3154
57 39 110
11 74 3352
76 63 1522
1 96 1297
57 64 3614
46 33 879
58 74 2300
74 28 695
25 83 3765
38 80 3358
31 15 2743
37 14 2599
57 87 3198
78 57 1731
61 3 886
1 54 314
58 10 129
21 56 1623
45 38 3367
51 81 4136
58 50 452
81 1 1604
97 78 582
70 78 1363
35 69 1748
56 70 2347
15 34 3275
66 6 3039
54 32 3255
30 75 586
38 77 619
86 26 3392
67 0 1411
64 88 492
80 46 3137
83 6 2973
35 24 3070
29 61 2098
54 84 533
4 68 4106
78 27 1218
19 74 2753
39 11 2656
76 0 2436
43 74 2597
45 88 3186
82 72 84
45 86 2254
99 28 1684
20 16 1066
96 41 2235
26 38 3216
24 8 4060
64 27 3538
94 92 2025
1 84 1609
93 42 835
80 45 3706
50 78 3179
54 26 734
23 31 3585
62 69 3310
5 56 2762
55 27 3941
97 96 317
89 17 554
25 16 62
25 26 3296
66 70 502
54 0 4307
20 93 2526
44 74 3757
29 48 2379
30 32 1134
80 15 1340
49 99 4445
56 54 3483
56 60 2653
75 60 1181
18 81 363
50 64 3794
45 34 2777
19 29 3741
92 72 2752
21 84 2052
40 70 959
41 7 2692
87 53 131
49 79 3120
65 57 1175
70 52 4077
21 39 2138
0 77 2294
39 90 2330
94 56 1440
54 35 3622
30 94 3948
25 98 837
58 15 3765
79 78 1075
61 52 682
85 31 2367
70 87 3362
90 42 3489
53 42 2599
79 16 4072
88 95 3099
2 25 1766
33 46 4397
17 38 3457
72 0 1585
43 64 3067
48 5 3258
83 74 3757
95 77 1747
42 50 1419
70 92 3389
47 70 1090
80 7 3646
18 35 1385
64 42 4126
31 79 3149
35 76 3268
28 83 1887
89 60 1759
37 29 2412
35 43 712
84 69 1888
29 17 2755
81 38 471
32 72 3378
68 39 402
59 97 984
15 57 3578
18 1 3122
81 57 4460
11 38 2069
9 95 2855
69 0 3558
90 76 2765
64 0 2950
74 4 665
0 1 3384
10 5 2826
51 75 2228
44 32 2390
8 3 472
48 7 456
22 8 2713
75 66 4457
24 20 931
28 39 1569
31 37 3530
18 60 2489
64 14 3982
62 90 4421
96 94 3240
48 26 2192
20 75 2916
0 87 2940
58 66 3972
45 60 2672
58 43 2372
96 1 4265
24 76 4523
35 59 1649
34 24 1519
14 27 1791
60 54 2087
75 4 2324
5 25 56
50 52 3876
3 63 2916
33 40 3084
0 69 1591
51 77 1083
64 92 3400
76 81 2942
75 5 4313
75 8 230
25 46 132
32 40 4530
45 46 3918
54 81 1805
61 65 4068
24 63 494
91 90 4049
88 91 6
40 84 59
11 49 271
71 55 3332
59 61 617
67 71 1186
75 20 2586
48 54 647
5 40 3008
41 66 2429
51 84 3
64 66 4316
1 66 146
15 38 4187
57 79 805
38 3 2128
44 15 3783
56 23 247
12 8 3986
63 4 1023
44 95 3656
50 5 3988
22 56 3605
1 47 29
98 76 1146
88 55 994
87 92 541
72 66 2903
6 44 69
78 70 2537
49 24 1882
53 10 2830
74 54 650
40 89 3009
4 19 290
90 85 2848
87 0 356
20 45 4388
86 27 1907
0 45 2102
34 61 4278
83 85 2930
99 19 1333
33 86 1932
90 41 191
33 93 303
85 40 3743
31 1 3956
39 10 2168
3 17 4408
49 22 3529
95 70 178
41 80 487
3 9 1563
71 67 3
26 14 2841
4 16 4293
59 28 2321
71 45 2615
30 84 2535
17 30 1266
46 38 656
30 10 868
94 98 4162
21 77 1926
8 51 2110
32 48 4463
78 74 578
5 22 3661
58 18 2143
29 86 481
76 54 3015
84 68 1921
26 98 2622
4 65 1314
75 29 3641
77 74 3092
58 48 1947
90 81 2928
92 80 3345
58 16 2318
57 94 3053
40 19 1036
43 61 476
76 62 441
54 88 1574
53 4 987
58 9 2546
77 37 3964
41 96 2472
71 91 526
83 41 2459
90 92 2967
87 68 137
34 98 439
37 96 2014
78 14 2631
38 10 1374
35 4 2759
15 18 502
64 39 1703
46 89 100
56 84 886
65 39 1745
96 44 3933
48 34 1244
41 46 520
27 7 3590
50 33 254
57 30 3888
89 10 1705
92 30 149
92 42 426
77 33 4173
36 61 988
15 7 2182
69 15 100
58 51 3443
56 47 48
65 21 1969
40 32 492
42 47 990
10 24 1987
54 16 4168
3 94 1649
59 77 1907
68 77 2225
1 8 4084
30 52 451
19 82 1758
60 1 4050
28 58 211
96 3 1437
69 41 2
89 87 1947
39 4 1414
79 83 3109
67 91 2129
53 6 388
79 31 848
12 31 694
44 80 2367
63 6 4272
34 85 3999
16 91 3270
88 41 2374
76 38 4428
63 86 3545
83 1 3568
26 49 3717
99 77 37
38 64 2881
0 40 3034
68 14 425
62 18 91
45 5 4398
68 83 2947
12 70 80
74 51 1281
78 65 1820
28 3 3161
39 66 2974
18 69 1276
58 17 16
38 18 4307
10 78 995
84 96 3543
25 95 3226
81 85 2820
74 68 1818
92 6 4322
75 40 1981
45 83 4449
53 28 289
96 53 2742
84 10 944
38 24 1226
39 3 3182
29 30 1356
38 89 1437
25 64 3474
35 44 303
65 22 2908
95 54 1976
94 19 1943
2 89 3795
98 47 4174
21 38 4271
60 40 4190
4 93 3386
38 4 142
2 26 3735
0 44 585
21 32 2092
83 63 2729
58 99 4171
89 68 4540
44 8 3803
84 54 3705
3 35 823
42 5 636
31 45 1834
85 19 475
78 19 2920
98 91 4532
48 46 3092
15 22 3819
35 25 4240
8 79 1058
11 61 1224
35 29 844
2 70 539
75 93 1447
34 75 338
64 26 3020
98 39 4503
10 48 1112
75 86 1721
23 93 164
27 59 4253
47 82 1195
45 8 2609
23 18 3154
59 81 2543
84 43 2963
1 75 953
27 10 86
25 69 4489
56 63 235
47 29 3626
16 61 3733
27 57 178
45 98 3032
43 94 1694
17 94 3417
34 10 2025
99 12 3096
28 81 3683
6 10 3408
25 34 1534
55 70 2328
68 92 293
53 49 705
83 18 3403
85 96 879
34 99 2137
49 74 1249
55 72 4015
87 1 3704
63 18 1133
4 21 3666
31 10 2869
24 85 2634
28 40 122
85 63 1957
97 16 1368
8 55 4496
6 36 4026
29 45 1167
69 98 4402
37 34 2154
88 98 3564
4 58 3139
14 18 1976
85 55 1749
30 21 4058
48 4 549
79 72 4264
87 66 342
31 53 1890
7 8 1978
30 47 3568
21 6 2196
58 42 2068
69 29 566
7 97 2530
66 35 3764
47 9 3573
12 36 2597
22 85 345
21 67 4474
49 21 529
19 51 2748
24 58 1108
6 54 1072
17 43 2688
79 52 159
5 26 266
96 88 3314
12 14 4448
87 62 1930
18 80 4402
92 5 4501
80 42 1866
62 2 2833
97 4 2628
64 77 2729
46 9 3668
4 55 4112
97 89 2310
4 81 1976
57 18 2674
3 84 491
36 59 1001
79 7 420
56 83 4256
9 46 2679
53 90 1527
77 36 3905
20 47 71
47 33 1393
94 48 3922
5 80 147
90 17 843
5 97 1378
77 65 2433
6 21 628
16 64 1599
26 56 404
97 87 3801
21 30 3637
18 84 2684
7 64 142
28 35 1914
22 33 554
3 23 4078
22 14 2178
82 92 4503
28 43 3328
90 84 222
11 1 2142
34 97 2787
69 14 1652
46 11 1537
12 91 956
56 76 2803
65 10 321
41 71 1634
28 19 2502
48 85 4279
65 97 1928
49 35 200
21 46 2681
12 29 792
19 25 1728
80 9 3741
22 27 3449
54 42 1491
44 31 3028
51 6 3004
68 37 479
30 42 288
83 11 174
77 27 4187
33 9 787
76 37 2458
98 6 2897
91 70 1244
99 89 2495
54 70 2300
91 28 3692
94 22 954
61 1 3254
8 23 133
12 20 3841
79 87 663
41 10 2764
9 8 2292
22 96 4426
95 17 1832
26 16 2942
16 77 493
37 99 2917
75 57 1060
33 38 326
65 5 4506
98 48 120
79 8 879
96 21 4156
62 77 4534
99 17 911
28 74 631
61 93 2440
27 83 1418
64 19 1185
28 71 2001
4 98 323
81 39 302
81 54 1610
36 86 3411
8 34 1766
20 11 1180
51 17 529
33 77 1518
12 17 833
51 57 3986
2 27 1670
35 93 2942
62 0 95
30 37 2650
92 87 4375
45 42 3090
80 33 1154
24 74 3422
60 63 2561
81 12 2494
57 85 3007
28 65 2257
38 88 1437
7 81 389
43 78 1080
88 69 4111
90 53 4146
16 26 4380
21 70 76
25 91 2849
42 79 1869
49 40 2429
97 21 281
95 60 3157
43 32 2001
34 4 3823
45 67 29
2 9 1596
75 99 527
5 74 3424
43 60 2845
75 63 4231
0 67 2681
31 8 4132
84 15 3067
53 75 1360
45 66 935
15 62 2995
96 95 2537
5 33 3838
45 71 1847
79 49 3281
31 61 1457
96 82 1032
74 5 2273
50 2 4114
10 68 3745
63 78 2326
89 18 3788
15 30 4091
11 5 4023
32 20 3357
9 17 408
66 47 4179
22 40 2401
21 99 1095
69 90 4132
36 71 3866
97 57 3803
96 10 712
77 17 4328
78 48 680
75 1 2577
38 40 1823
79 1 1194
11 86 1801
94 87 3530
19 32 330
34 39 3768
18 17 514
53 76 1061
20 59 2393
35 71 1849
5 75 1678
93 72 970
45 14 3065
87 25 4009
0 85 3415
68 48 2492
7 31 1943
71 26 1972
23 10 456
35 18 2283
14 48 2002
67 37 4354
62 10 2840
57 66 3439
8 37 3652
79 21 2806
56 65 1464
20 4 537
3 5 1155
96 5 3104
43 46 3866
91 89 1639
86 80 3786
63 34 1283
16 76 1704
19 85 68
80 31 1712
65 46 1609
54 67 637
72 23 1974
28 20 1361
99 2 4412
8 72 2005
6 7 159
67 45 2654
5 7 4225
35 12 4113
65 58 3711
78 42 2350
97 46 3746
60 56 64
28 32 496
58 70 3455
5 39 247
12 74 693
25 52 2302
10 66 3304
63 84 3523
71 86 1660
84 95 2217
32 90 471
92 16 3013
65 60 239
29 8 2656
0 54 2396
63 48 2747
75 15 2489
47 3 1281
99 29 2182
29 90 3899
3 86 2604
34 57 1687
36 6 850
46 29 2353
16 25 59
54 76 1172
87 88 1752
91 52 2331
53 61 2289
28 2 2852
79 57 2791
11 44 1641
33 17 732
31 86 2873
17 98 2881
8 66 3405
5 1 3374
8 33 677
46 82 3629
85 58 886
85 20 3504
50 38 2997
65 48 1210
90 3 1918
86 18 4466
36 53 99
2 74 3966
65 6 2016
14 41 3482
1 58 1021
38 46 3837
79 70 1566
7 50 2402
52 20 3972
83 54 2296
91 27 4085
45 22 4483
60 46 2918
55 58 3203
80 91 1752
46 4 2144
41 9 4196
30 16 324
31 24 743
40 9 2876
92 86 1268
60 79 2914
3 32 3981
2 23 3890
97 90 1683
94 18 4295
92 26 142
85 28 4361
3 28 2027
6 8 3254
1 18 1649
30 22 4091
32 14 3853
83 66 3461
49 57 1342
47 27 1396
67 3 877
90 23 731
89 95 3425
14 94 4359
82 24 1825
8 0 3707
41 90 1755
87 99 3166
57 36 1788
97 86 2154
70 57 4007
14 31 751
34 9 4229
51 52 3985
36 4 3294
93 94 338
3 15 3550
87 59 3956
21 2 63
72 82 2340
66 91 4222
16 18 10
45 53 2766
25 10 1348
83 71 2247
28 90 579
80 88 2608
84 98 1404
41 72 3188
48 69 4463
79 11 1940
30 93 1512
38 11 3199
12 92 2294
56 68 1672
91 1 1618
67 55 2217
39 37 3009
24 39 3580
28 88 2907
88 48 3654
12 97 2371
8 92 2338
60 85 2588
99 42 3885
94 0 4060
15 98 2846
69 8 3874
14 1 1477
68 84 3831
67 94 4156
84 22 958
27 94 199
95 43 366
59 84 3212
8 18 3996
48 67 3071
81 80 3330
68 67 1606
33 65 3205
35 31 3521
90 36 3558
23 42 166
82 55 2479
62 57 4431
66 53 1771
34 11 3662
38 17 2681
51 11 2070
53 62 1477
37 97 1167
87 96 2815
52 69 2909
97 29 2161
21 5 1183
36 58 3746
49 20 2712
45 17 1872
19 15 4482
26 29 3332
79 59 64
66 51 3343
6 27 476
35 22 457
33 27 186
72 12 4273
62 67 3797
93 5 33
33 64 2322
26 48 120
31 18 3761
46 48 2090
10 28 486
24 90 4067
50 59 4065
27 58 1254
21 43 3190
70 95 3056
3 58 1111
43 54 318
16 28 1666
28 53 1247
26 94 3347
77 16 1522
65 19 3965
50 39 62
50 90 4435
99 9 4467
33 47 2629
87 90 1130
63 96 1075
38 35 3851
2 81 4085
66 5 1373
60 72 3386
75 50 2480
99 53 1892
80 0 2466
80 66 2052
57 76 2403
8 6 1724
55 25 1969
34 62 1771
35 94 2733
48 10 1798
63 31 1284
83 70 787
31 43 3558
17 32 4021
5 36 4149
41 60 4487
70 15 1393
56 97 4213
31 22 897
83 47 3768
23 75 57
49 64 2814
26 32 1883
84 82 3881
66 38 4347
44 43 2900
56 7 1649
39 57 3608
81 47 1279
70 98 83
39 52 3437
17 19 3692
1 52 1975
23 68 3727
46 2 3770
2 3 4534
8 96 1475
81 83 2698
62 87 4100
10 2 1275
60 78 137
76 34 1851
93 62 3384
17 80 816
94 99 1139
98 99 1270
72 4 883
74 18 2456
99 27 255
34 77 3641
97 51 3338
93 41 2649
21 86 4221
37 84 3480
7 87 1942
93 84 3530
31 75 3244
29 21 2569
53 93 1072
79 42 4304
70 40 3554
39 22 2041
22 7 3763
70 79 4291
57 33 181
53 78 4243
34 91 637
5 37 2563
2 42 196
5 52 1996
47 75 3253
17 81 353
82 88 1534
70 81 1540
3 97 4081
40 66 544
53 98 3865
68 53 1423
9 49 182
44 1 427
93 59 1777
5 3 1194
57 25 991
51 38 3471
76 75 980
85 75 4275
41 43 3845
27 87 3284
93 24 2403
8 4 4150
83 34 3946
95 80 2630
77 3 153
14 47 2577
47 40 1359
39 16 3368
85 79 2326
48 65 2371
38 19 2130
67 42 4112
59 63 442
36 43 1126
55 8 4422
34 33 4028
79 94 920
21 11 1339
47 2 2195
66 43 1854
66 10 3938
12 80 998
50 89 2423
57 60 4283
88 19 3046
50 84 2219
57 67 603
87 4 1827
11 95 1943
6 95 447
98 40 871
38 70 3818
5 91 1469
78 91 1776
91 26 1846
0 50 4025
39 47 4157
81 40 925
0 5 3203
44 82 269
49 68 756
9 44 1394
93 54 2170
40 27 1313
87 34 682
30 8 1413
93 95 2160
92 31 964
84 74 2909
85 18 2901
64 38 4375
42 68 3708
1 65 1687
14 57 1071
9 31 4103
17 50 3334
16 19 1141
50 96 2929
10 75 679
39 8 2239
89 53 1494
69 19 1370
19 27 2065
42 27 385
81 9 1567
17 1 2863
38 27 2558
58 20 1587
9 76 1400
83 40 2424
87 95 1144
91 98 864
35 63 266
91 11 5
29 47 560
14 37 1417
77 20 445
65 90 2819
82 22 1666
12 51 3564
84 30 4310
15 4 674
98 52 1339
83 98 1777
10 79 1892
86 17 2610
57 40 1633
71 47 1584
81 5 4458
84 97 2603
49 42 4207
80 1 576
21 75 435
36 75 1348
67 32 3743
91 55 318
95 90 1269
15 66 4300
60 71 357
42 31 1772
25 30 3791
7 37 4116
37 42 208
28 16 1886
90 61 2217
89 40 1037
12 83 2991
88 17 1765
59 39 1385
89 83 2467
52 98 4152
22 80 2529
43 79 1197
70 62 4071
19 62 546
55 71 4415
90 27 1073
68 32 4391
59 69 1270
45 77 2881
85 36 2653
2 21 3090
93 9 2221
80 27 216
54 30 2107
15 67 3059
99 86 1489
3 43 3436
76 1 3391
8 70 2614
9 35 2617
92 34 1404
28 33 3836
40 68 483
88 25 791
78 72 1481
83 17 2052
68 31 1998
16 81 693
68 25 767
62 8 4466
2 92 375
85 45 3989
60 25 280
99 58 2600
88 43 855
42 95 1473
72 56 1940
91 42 1660
37 32 3388
39 71 139
57 35 2931
42 30 2689
79 15 2813
0 98 4081
67 97 1319
77 71 183
80 30 1563
31 72 2450
60 92 3239
57 80 2025
4 59 2997
30 66 315
20 97 2149
54 75 715
58 85 2299
61 68 2443
93 65 1480
6 85 3443
7 65 992
34 65 4409
44 99 4234
87 54 33
87 35 3930
29 33 1094
8 80 386
84 85 3500
74 78 1214
7 52 3304
33 59 4514
81 42 1613
83 51 2351
41 4 2536
63 37 1737
55 68 3184
97 32 3903
79 18 3688
62 95 3397
91 39 2935
94 66 1383
52 6 2224
64 4 1216
8 12 264
61 25 3818
88 26 3426
58 82 469
62 37 1858
98 14 3394
84 20 4089
84 80 4255
89 79 222
52 75 3963
8 49 4282
85 66 962
50 82 4117
11 80 1301
9 65 2412
98 67 1721
41 78 1192
5 38 2292
49 62 1724
16 55 455
29 42 3947
98 20 2462
0 30 1981
87 43 4067
19 22 2016
88 51 2112
64 89 2960
11 50 592
36 99 3214
98 42 2016
81 92 2433
11 42 1074
11 34 1359
90 69 620
40 1 2526
26 34 4268
58 24 4458
53 45 4284
28 66 2318
67 12 3577
18 48 2666
44 93 4150
23 37 2763
18 77 1091
61 22 2220
42 76 1361
91 36 3469
52 91 4472
75 34 3821
57 90 3170
94 14 1630
35 64 445
88 92 126
48 49 3407
4 20 679
10 1 4084
4 70 2238
87 15 3645
90 91 628
35 7 801
76 55 4368
61 29 468
42 17 3220
91 6 3061
58 79 3238
0 99 3385
44 76 2887
16 87 2568
99 90 1876
29 82 2757
78 11 1085
66 21 4020
1 61 4346
98 57 1081
44 64 1578
2 12 1866
25 48 3560
67 53 3764
32 57 3074
36 24 40
51 23 576
75 68 2727
41 56 2295
39 61 764
16 80 3687
33 15 3770
29 22 3978
45 0 2194
9 43 3346
6 72 4180
2 85 4178
5 2 2025
60 67 3802
36 3 2000
12 26 1818
20 27 327
77 87 857
96 83 3617
48 31 2531
43 80 3801
81 29 537
94 12 1397
79 10 1900
59 45 4150
85 26 512
86 35 1218
69 93 3932
20 54 2116
82 39 1370
41 3 1003
14 80 4076
59 47 2865
69 42 3955
72 40 4241
85 3 1292
64 79 2869
40 99 3434
38 39 3426
7 25 15
70 83 2647
17 42 3141
40 8 1265
93 6 118
18 37 3787
90 16 227
24 40 2418
9 99 3396
23 1 1569
45 72 1431
14 60 3950
74 79 580
74 12 3122
78 32 2792
58 68 4199
67 82 3148
41 14 135
61 24 3340
33 67 897
97 0 993
79 75 3448
69 31 3545
15 70 778
59 78 1560
71 79 960
95 55 4141
11 64 645
44 48 1235
98 96 1156
43 22 2320
92 97 2680
69 46 2910
30 48 2916
86 71 3904
35 90 67
72 29 4057
47 83 659
59 43 3655
40 33 1118
54 22 2000
80 21 1049
23 71 3239
58 5 1879
59 90 841
56 44 4407
60 39 1054
42 36 4354
74 93 3237
89 91 3848
70 99 979
8 67 1500
50 28 3922
22 26 1754
85 78 3533
2 8 2662
65 42 4515
27 79 4
95 81 2100
62 26 3440
92 55 68
99 33 2203
21 4 2305
93 23 531
60 83 2973
98 69 1928
27 55 737
54 48 1797
16 10 3201
63 77 1947
29 44 3989
20 44 4169
98 95 1015
74 94 3651
69 65 4362
14 75 2088
75 9 1852
70 47 3318
37 95 3796
84 81 2800
30 29 3703
20 70 4176
96 52 4318
32 56 3843
82 28 3855
49 96 2437
52 94 3249
86 25 3352
21 22 290
75 94 102
43 44 932
92 66 3190
34 41 401
68 6 1999
3 52 3808
79 56 4181
68 52 3872
36 19 4485
17 72 162
44 11 220
24 87 2073
10 36 257
10 8 1150
82 17 1250
29 27 2326
55 66 2804
85 51 2974
53 65 640
39 36 2206
93 85 3685
98 22 3193
10 97 3946
74 95 521
72 70 418
88 94 2837
93 68 4155
30 20 2235
29 28 3361
78 25 3437
46 67 4124
58 49 2831
99 78 2895
92 8 4455
38 91 3106
18 95 2851
22 48 3703
14 28 4380
96 84 1650
25 68 1319
23 62 4211
37 62 1713
29 63 4164
41 63 1824
31 88 1694
43 76 1811
4 83 2301
86 64 3368
61 81 4455
95 37 2498
52 19 2484
31 7 3897
82 68 219
50 11 4119
74 99 393
96 78 3465
19 5 1566
8 29 1580
19 4 1170
27 3 4348
39 64 4295
84 83 3711
27 18 3899
83 80 2469
44 75 3060
63 42 3295
98 8 1215
38 1 1849
43 85 1215
67 18 3961
24 56 744
26 68 3300
61 87 2251
74 14 3308
9 34 3817
4 48 3554
71 51 4484
20 38 2076
58 61 3018
36 41 1036
23 69 3737
53 97 3079
23 82 2382
84 1 1151
45 81 3258
0 36 2441
23 11 2201
97 42 712
15 32 2672
5 88 2977
0 2 1890
54 79 3782
80 25 3031
72 47 2015
63 76 720
60 81 1887
85 16 407
21 69 2588
69 75 2430
29 58 1851
94 33 94
9 42 2320
97 98 2156
54 3 1007
25 35 4452
84 41 163
41 93 3534
25 38 1326
31 34 867
26 3 2034
53 32 2761
91 43 3515
86 74 2194
60 93 2717
27 6 2689
6 77 1664
54 2 2817
10 47 1051
55 90 1250
42 98 1883
95 28 1392
92 3 1878
72 1 2901
59 33 4080
50 92 2848
92 27 4516
35 68 3025
16 22 533
19 33 184
55 11 2309
86 20 1561
68 86 2337
59 6 4243
50 25 1352
0 41 3425
41 62 2132
38 36 1302
25 23 1304
14 40 347
9 89 1874
38 22 3323
28 56 656
9 93 4224
82 79 4144
44 10 1219
17 58 4442
41 37 1262
54 20 4346
47 5 457
3 96 3718
74 75 4525
1 80 4103
41 61 3125
49 83 863
67 19 2510
88 99 2555
10 22 1178
49 14 1113
59 92 109
74 24 3386
61 90 947
51 0 2303
14 44 2924
7 94 400
37 31 106
15 63 24
70 65 374
52 27 288
5 31 348
21 94 3437
2 37 1344
1 36 2730
30 97 2117
11 17 900
21 68 349
72 3 3848
48 30 1344
23 4 4056
32 24 1403
2 58 179
2 99 1810
69 32 3892
42 86 2341
28 78 2889
61 18 766
98 41 2410
19 36 2864
61 71 8
48 39 2526
38 49 1535
69 78 2547
27 63 3029
57 7 3895
78 28 3360
39 2 4001
52 0 3760
26 69 3451
82 26 917
30 67 4353
54 91 2766
38 45 4243
82 21 1385
71 14 2674
45 16 1799
23 78 4524
35 26 1824
79 22 4339
41 55 624
52 86 4031
33 51 92
87 11 2794
7 27 3995
60 9 592
36 1 380
37 81 346
24 45 797
4 28 3368
47 17 312
29 23 4372
76 99 3449
2 76 1800
22 94 4520
41 99 3378
21 64 4198
26 27 2367
51 89 807
85 60 625
30 77 1762
46 8 853
21 3 1232
78 16 728
40 34 4332
59 31 4150
26 86 1752
8 85 1581
17 75 3898
20 8 1327
64 68 2960
86 47 2977
19 89 2557
41 79 3982
3 79 2463
90 46 3358
57 17 2517
59 88 4327
40 47 2742
92 71 318
33 29 2476
20 21 2365
7 28 2022
92 93 2945
44 50 2668
5 85 498
5 89 155
92 59 3016
3 39 3681
8 83 1944
34 71 3149
3 74 207
71 18 3210
18 42 2745
60 33 3130
90 59 1744
26 57 4193
16 33 2265
55 45 3354
89 2 4376
29 81 3807
71 57 744
8 26 3617
16 95 1662
17 63 2706
33 45 1621
54 56 240
30 25 2858
29 7 1298
34 12 1402
19 0 3624
6 12 2048
76 43 468
65 17 746
44 36 2335
16 53 2674
46 19 1009
24 48 3574
55 94 1494
17 9 1730
51 67 457
78 69 2604
0 71 1214
45 6 1218
51 26 4085
86 11 4269
91 23 418
55 40 4282
3 76 3396
32 59 4258
28 97 2422
61 15 2471
0 81 109
59 72 456
26 53 2409
57 70 528
51 2 938
90 37 594
77 89 3709
6 32 2318
1 37 2633
85 29 3954
93 35 695
95 19 2633
23 58 1398
47 50 2489
66 24 4417
44 58 4320
93 52 4310
88 77 2988
36 15 1673
70 85 3571
71 50 4059
11 6 3580
88 89 1864
29 68 3482
10 50 112
23 20 189
41 91 2740
15 76 2145
35 21 1887
70 77 1707
46 83 141
5 23 1604
9 52 3801
80 58 2324
51 16 3822
80 49 756
92 85 3279
74 66 2046
45 51 3268
38 59 534
12 9 1941
70 56 60
19 40 380
48 79 2752
34 14 2261
95 47 1048
70 1 433
86 60 4048
42 85 3891
90 38 4299
24 78 4032
50 16 3520
42 26 1941
69 2 2686
74 42 3811
7 41 12
40 62 420
10 87 4118
88 18 4204
59 68 2016
32 23 1714
26 23 2571
74 46 1322
55 67 3273
26 97 1013
43 59 670
26 64 1011
52 33 351
1 89 175
23 77 2984
60 41 3986
26 51 1720
97 77 680
96 56 613
9 72 930
83 92 4513
80 29 935
66 93 1884
56 21 898
30 12 2173
57 37 3679
88 5 3758
22 24 2801
15 74 1878
57 43 596
77 92 4124
8 78 759
0 78 896
66 62 3737
61 8 799
97 91 2457
76 94 2913
55 41 2130
30 38 4406
84 12 4514
95 6 69
8 9 916
85 49 3255
9 19 2427
53 29 744
63 46 507
2 14 1181
3 80 1525
89 76 3864
65 43 3719
27 40 2484
6 11 1817
87 72 2409
48 93 2753
81 74 26
71 98 2989
63 27 3541
0 65 1450
50 15 1193
20 34 4093
25 92 3892
54 66 989
56 61 701
30 55 3110
38 26 462
3 14 185
86 43 3745
92 19 4445
57 93 2891
2 87 348
33 8 102
78 9 2503
65 89 2023
65 77 1796
71 95 25
94 60 3938
79 81 888
93 71 13
41 77 2620
25 53 891
17 37 1628
62 81 4206
6 41 2436
18 4 3311
55 6 1081
51 8 4064
55 30 4334
53 67 175
43 37 1043
14 16 3702
79 86 3858
75 80 2135
33 52 2427
81 84 2701
54 72 4484
26 67 416
74 48 4523
4 88 1962
20 39 3298
87 38 3289
52 65 3053
97 75 630
97 3 1676
58 8 1500
22 45 2986
55 43 90
85 14 2664
1 43 1788
39 54 1031
38 74 4006
55 42 2984
86 66 2087
11 12 1577
15 65 3628
35 28 1683
11 0 91
67 38 3579
78 63 1257
75 54 952
66 3 2736
83 49 2282
56 46 103
89 16 293
24 86 1695
74 57 2329
58 71 2188
29 16 3142
38 42 4000
15 42 3533
22 6 1
96 23 3412
79 47 2347
40 29 2792
44 89 4520
24 82 4292
81 31 1999
27 64 3402
70 42 2200
65 63 1335
3 33 3313
86 39 1191
5 48 2560
29 2 4367
43 49 1442
31 3 621
0 14 525
36 65 2425
2 47 40
15 2 2568
80 71 971
44 59 551
17 96 799
47 12 4325
98 12 3313
65 26 1933
40 91 4188
57 95 2039
60 76 4393
99 22 2543
76 7 1017
57 51 2553
97 34 3090
44 92 2295
99 71 2984
40 65 3569
6 45 476
19 91 1038
33 70 2077
42 54 3068
93 78 2927
32 22 2729
27 46 1060
83 52 3545
47 14 3835
52 82 1028
77 84 3614
20 62 29
86 99 2726
5 43 3275
9 10 1480
17 48 1161
7 32 667
26 93 1821
15 56 186
93 19 1976
29 54 3452
49 94 896
83 33 3695
15 58 4036
68 96 4408
33 56 1402
1 33 2623
7 43 2558
41 92 402
66 11 1316
59 93 3795
59 56 2212
54 85 2199
96 8 3828
85 39 4114
4 67 1865
77 30 1717
52 40 2683
70 21 772
39 24 699
19 71 1230
68 30 333
8 42 1007
71 96 3098
36 81 2882
93 18 1252
10 30 2937
84 5 3253
4 80 1730
28 62 3596
32 78 1720
34 56 3347
66 61 2721
59 85 2282
74 65 1866
6 63 2992
12 7 3075
32 96 4014
39 81 3034
50 80 2229
42 90 3299
95 67 425
72 74 2138
71 56 3625
54 28 3832
16 49 1143
98 79 2534
34 81 1199
21 96 2605
53 59 19
46 91 1486
35 75 1798
81 35 1154
14 71 3484
18 89 4498
88 74 461
76 19 3038
92 29 850
2 35 3240
62 50 1540
75 52 1250
66 27 931
85 82 1741
91 21 3483
1 5 2206
82 51 733
5 70 989
83 35 2776
7 51 1712
44 97 3910
19 68 3752
57 3 1289
65 95 3359
53 11 4258
49 46 2450
43 55 4346
65 53 2589
92 14 1052
23 55 3166
24 95 3137
10 85 4223
46 85 4522
44 56 2576
34 66 1754
81 36 516
66 63 692
85 90 4397
22 83 2109
86 78 2549
74 6 910
33 14 3158
17 28 4511
77 5 2436
65 47 4418
84 67 4160
70 3 3934
29 24 3879
8 98 2434
54 98 1093
32 76 1943
5 47 3025
14 56 954
10 26 557
67 9 1839
27 23 1329
4 62 2361
9 47 78
59 30 2009
20 82 1315
47 78 573
3 56 272
97 71 2074
44 5 661
93 55 2942
92 60 3741
19 9 738
69 37 2230
39 27 4418
80 60 3128
31 32 382
95 64 2927
4 79 923
58 40 1777
48 99 367
78 7 633
69 91 788
7 62 2367
32 31 1047
25 90 28
18 3 3081
97 69 1450
69 55 617
58 41 878
45 74 1101
33 57 2
0 11 3535
54 1 2415
53 9 4356
89 47 4313
94 10 2277
94 52 3179
22 79 1161
36 62 1967
31 94 2635
63 36 2084
58 47 2362
79 61 1581
28 95 2404
41 16 3720
93 32 1155
61 49 4456
25 54 1947
24 91 3376
42 35 3207
69 21 720
79 34 4342
11 69 1030
27 85 524
5 41 4120
41 32 469
44 66 290
66 28 321
15 85 74
26 82 3223
50 86 116
17 25 3475
70 28 1242
28 54 2815
96 72 4296
47 61 1127
12 45 1407
16 48 4190
91 66 53
54 94 4028
53 71 285
61 42 3832
17 89 2958
16 98 2091
42 4 2011
65 40 245
96 90 739
86 57 4390
25 59 1909
25 0 3952
63 17 3703
5 46 1747
27 60 1384
70 36 903
88 0 2787
35 82 1622
33 71 3707
65 64 4179
8 57 3354
26 4 2693
98 44 3862
9 55 3938
92 38 2289
65 16 439
37 44 2424
69 33 4019
11 60 1636
58 39 3944
67 47 2686
24 52 711
98 81 374
51 58 3935
27 56 4400
56 50 2849
82 70 4212
31 6 922
52 72 4
3 61 3602
52 25 2637
76 66 4449
90 1 2591
12 68 2592
90 74 187
93 70 260
17 5 551
38 31 2838
39 74 1934
48 22 1790
78 0 2639
80 14 125
51 63 568
64 43 180
81 34 1097
32 33 417
64 58 711
79 36 4034
89 43 2648
98 68 237
45 4 3248
92 43 3269
43 35 4057
30 86 2993
38 6 50
33 0 441
62 1 88
39 93 2586
48 12 4297
18 66 3809
98 34 2870
51 88 1743
87 57 1534
43 17 3686
61 34 4524
0 18 2437
19 12 3421
70 94 3962
72 11 1911
9 83 2186
0 26 4070
79 60 2622
56 82 1714
57 78 3330
26 5 2903
67 27 4017
85 61 2047
14 76 3605
99 38 3169
43 9 2002
93 82 2967
80 85 3614
7 49 2934
82 97 3502
40 0 889
2 17 2098
0 6 1490
32 19 447
72 96 3693
29 41 2712
15 23 2328
12 75 887
80 44 2523
10 35 4102
24 57 471
92 20 2951
91 81 1980
83 43 4471
53 88 3960
89 55 3364
1 72 3557
34 30 4166
31 99 1150
68 50 3162
52 85 782
21 47 542
3 21 2882
79 97 831
6 81 2689
67 92 4076
90 51 4391
66 18 3221
16 20 3978
41 5 4512
70 38 2675
32 87 246
18 43 1499
33 53 3587
46 66 3207
25 63 4369
43 41 1266
59 96 1683
44 70 3364
75 30 2409
86 92 149
46 98 2251
90 96 2510
11 2 4292
34 70 3104
90 31 1677
10 51 3187
55 95 2766
28 29 1794
75 71 2886
3 68 2722
87 23 3441
85 42 2703
5 98 2591
25 5 2208
91 20 3089
67 62 3740
95 58 3088
74 33 3102
53 48 3243
28 23 2713
87 22 2311
95 82 1404
10 31 4224
40 16 2629
55 37 4045
86 62 2018
56 91 3460
31 46 229
35 47 2564
47 6 857
77 55 360
28 10 3790
1 83 2845
7 93 2110
44 83 808
66 54 1888
70 16 4337
42 44 333
99 70 3502
41 85 2811
67 74 249
84 38 2101
90 63 3331
77 90 779
2 39 3101
28 34 2020
93 37 58
5 84 2781
67 7 1507
24 36 1857
41 38 4193
56 64 4112
62 5 2690
8 75 755
59 21 1086
50 77 1163
29 11 1601
66 32 2183
4 42 3345
89 39 2293
0 27 4441
25 41 3749
2 7 1938
58 54 3144
70 30 2420
68 80 2623
82 37 3881
55 17 4059
86 29 284
39 92 2554
71 6 3452
88 9 476
51 12 682
32 60 2923
43 3 1151
88 32 796
58 64 1129
86 21 4059
59 24 3946
79 46 2290
70 64 2934
39 88 2235
76 2 2507
75 96 226
22 34 3572
31 17 2328
70 86 1678
3 54 4374
32 55 366
19 48 704
26 39 978
62 46 3624
71 30 3718
94 82 3984
92 90 2284
98 26 1103
72 85 2132
62 75 3334
46 23 1866
62 38 2685
68 29 3082
61 92 2532
86 53 4333
26 59 2706
7 89 777
22 82 891
9 45 4216
39 86 2116
34 87 2464
77 15 3021
17 93 4161
41 22 1370
88 54 1453
33 7 4317
43 26 3340
7 77 3151
12 88 1004
56 15 1126
81 72 2989
96 14 1510
88 20 794
9 20 262
36 97 394
9 70 3057
77 83 2978
62 71 1321
52 45 2355
27 4 160
97 15 1802
82 78 727
41 81 1955
47 10 3796
84 55 4318
94 53 620
19 92 212
82 14 1847
40 26 4253
40 85 2827
92 64 217
51 42 4057
84 62 2601
58 69 3505
38 53 1812
67 86 3486
42 40 2129
61 88 223
94 41 3971
22 39 245
97 58 3061
71 39 1237
0 38 809
91 17 322
48 82 1983
6 42 794
60 34 208
83 12 2197
59 64 2147
90 86 481
49 44 704
1 22 626
42 46 1938
93 83 3723
32 86 2138
47 65 4371
16 14 4303
89 8 2130
9 24 2314
25 12 75
33 80 2267
37 55 2622
53 8 2761
88 39 1764
68 1 768
15 17 2794
0 89 2516
36 22 2583
82 83 4459
38 51 1261
21 95 715
79 25 527
62 89 1428
28 59 3559
85 93 4372
92 57 170
16 0 3521
78 94 3035
42 96 778
16 66 827
36 55 4048
26 58 3421
69 16 2655
75 6 171
79 93 4299
11 93 2470
80 84 4065
61 37 541
41 65 696
72 22 2479
46 40 1617
88 58 542
1 69 1303
9 2 1886
87 18 2847
43 16 1899
29 14 1434
95 88 3795
21 53 4096
18 79 3469
63 88 2583
55 86 3742
6 25 1056
75 41 2717
30 19 2473
69 35 4212
49 29 2800
55 36 1514
82 9 259
33 32 1095
53 35 2152
22 51 1477
47 49 1479
30 79 2695
44 4 4011
38 55 245
8 25 1669
34 52 2769
3 66 4103
93 22 2342
18 87 2399
32 15 3338
72 33 628
59 66 478
4 23 3562
2 68 1772
42 20 2236
6 97 224
35 37 3743
96 39 1818
79 29 3499
19 54 2374
49 10 3711
50 72 297
25 78 443
14 46 3367
24 15 2231
1 79 576
62 42 1947
65 34 3163
9 58 1267
75 19 2587
87 49 3291
78 80 2899
49 63 140
31 85 4288
30 71 1794
50 12 2722
84 87 3373
32 69 1297
28 6 2130
42 9 2240
8 19 1345
52 88 2406
76 69 852
21 87 1898
47 55 2967
34 86 4513
17 56 2053
72 19 4287
36 40 526
34 31 1329
55 83 2991
86 5 3093
5 49 437
72 6 4271
19 61 3352
28 99 259
48 44 2851
37 39 3144
42 69 2844
59 60 165
12 59 807
46 57 3294
68 4 809
5 90 202
47 95 3278
14 53 2391
27 95 2291
62 40 4296
57 34 2987
76 51 3150
29 67 1317
68 0 18
32 35 965
82 76 2851
74 36 1287
29 35 1678
59 57 1968
4 49 3536
93 89 2197
23 38 4270
0 82 3400
83 97 3142
95 25 3131
76 10 751
29 51 1326
67 77 1195
22 47 2851
98 46 1903
35 39 3223
33 2 2069
74 39 271
24 29 743
77 6 181
45 56 3913
85 91 3525
21 34 2930
82 20 3870
98 74 3975
8 86 1319
69 12 3132
84 46 172
92 32 1622
93 64 3182
66 17 3685
33 21 4462
11 20 2115
84 44 2585
61 57 4538
47 87 3434
83 76 3608
43 31 2180
6 48 745
15 6 412
22 29 2814
28 21 3061
83 57 2010
75 23 2160
11 67 599
69 56 3273
27 99 436
62 7 3689
82 33 3258
75 65 2119
77 62 75
25 67 485
62 60 4155
91 78 3437
69 96 2728
77 79 1093
46 68 1136
42 55 1334
61 21 4335
49 5 3424
20 22 1632
57 8 2765
94 84 2558
32 25 2107
50 57 2500
20 3 1212
96 43 2072
44 38 3766
37 15 4196
33 78 2143
32 53 2333
8 39 3173
66 29 4202
5 95 341
1 53 4317
22 50 1264
86 8 1202
38 99 1889
9 85 3021
97 61 1792
2 60 3986
99 5 3395
87 41 1659
71 9 1418
7 82 900
22 87 465
2 32 4381
70 84 3336
61 70 4501
22 37 2602
9 12 4323
57 31 1528
48 58 2125
55 23 472
27 74 1375
14 7 2376
14 24 2798
15 97 1102
49 16 1570
77 97 2728
70 7 3742
34 69 1439
41 39 201
62 72 1689
12 89 1560
29 78 2269
6 58 4055
92 41 642
24 26 2325
85 2 1227
74 56 1022
39 94 4537
80 18 944
45 47 4483
46 93 1218
3 62 2216
52 9 630
27 97 3456
56 57 3995
61 31 872
1 44 1971
80 81 650
11 59 225
3 95 2286
21 36 3255
45 25 2653
34 50 160
15 53 2824
41 47 4318
14 70 3071
59 42 4397
85 47 1380
16 17 2380
77 64 4040
99 41 2425
79 35 3695
53 1 4214
8 35 2509
70 4 2846
93 45 3255
63 50 3128
29 53 4355
48 17 2465
43 6 2159
23 87 561
71 63 1893
23 30 177
62 19 671
46 80 3316
38 8 1519
26 84 2578
49 36 1704
3 55 2640
76 44 3033
60 5 4058
70 37 32
21 90 4030
88 62 3622
9 6 409
61 51 1128
96 93 3076
94 90 2769
99 47 3639
5 67 3741
68 61 2667
3 92 4319
41 94 1073
1 10 843
91 56 515
26 62 1118
52 49 1932
12 66 3594
45 80 4255
27 8 3949
74 38 372
90 49 1634
48 2 3427
23 94 415
78 54 2811
44 94 3076
84 28 3309
85 53 2464
41 86 1736
77 43 1439
50 67 2085
40 96 1439
80 54 4296
12 35 2018
81 55 356
24 69 251
53 94 1448
69 62 3292
88 22 2082
32 10 1968
1 27 1266
77 28 1182
34 15 4027
47 46 3576
28 30 239
29 12 54
95 83 2918
52 93 1268
61 62 2405
1 63 4433
31 77 3668
23 26 992
4 72 3124
61 66 3298
47 92 3331
82 42 2281
11 40 2085
11 63 3361
63 35 2923
51 59 1227
22 62 886
5 54 325
21 97 2807
33 92 1493
51 15 1695
38 85 1534
60 94 1671
20 31 917
83 84 2786
8 40 2322
66 0 2200
65 36 3198
61 53 3520
43 77 4324
20 83 3430
66 92 947
59 48 1105
40 98 124
37 8 3126
7 35 3768
32 41 2962
21 59 1564
59 15 2791
80 92 2018
60 44 2400
84 90 752
9 87 2589
86 0 3344
72 99 1011
49 1 2174
67 33 2174
66 67 1504
75 18 1238
76 22 2124
94 61 728
79 69 4407
14 62 3830
97 18 2049
2 24 1274
65 24 3151
86 65 60
38 30 1665
11 66 3802
83 72 2405
48 63 4228
71 52 2149
56 78 110
6 75 2259
59 65 2309
87 81 458
42 12 2984
85 65 1288
82 41 3226
22 53 2226
5 6 41
72 16 2592
63 28 1454
4 53 1835
28 91 560
11 4 3618
67 46 1249
10 71 3546
72 69 3265
26 55 1387
55 75 537
71 59 705
69 61 739
53 21 1573
18 72 997
23 7 466
85 67 1002
22 70 2261
67 26 1803
29 70 1497
76 14 3551
74 32 2935
72 68 1085
30 98 1203
56 36 3009
78 30 1243
68 21 1353
98 55 2549
25 75 3120
56 37 1376
47 53 2444
23 91 3919
96 64 4012
77 94 992
26 85 1798
68 43 851
16 9 1684
67 31 4183
12 78 1056
44 63 833
56 77 1296
30 41 1312
33 44 2292
15 99 541
90 64 4051
37 20 3979
55 9 755
15 92 554
5 63 4504
14 72 401
97 7 1675
27 41 1880
39 44 3721
20 79 97
65 79 1444
20 0 327
0 70 4257
40 82 1439
92 37 2419
97 23 443
12 82 2865
3 88 1012
37 35 1298
22 46 1137
67 8 4003
30 92 72
69 11 1250
75 92 3487
16 8 3111
31 35 3317
74 61 2888
27 54 2432
66 94 4414
1 50 3673
69 86 4161
50 34 1238
25 80 2364
92 84 3425
60 53 1442
71 5 1857
43 99 1331
82 25 522
20 43 3987
89 46 1715
81 22 1804
13 12 58
13 26 19
13 8 99
13 49 69
13 21 8
13 96 89
13 2 87
13 15 1
13 72 8
13 6 30
13 20 62
13 9 33
13 69 28
13 81 84
13 64 87
13 67 69
13 76 58
13 62 15
13 42 44
13 44 79
13 7 13
13 5 24
13 57 67
13 29 35
13 86 19
13 36 91
13 80 66
13 32 64
13 82 33
13 37 68
13 71 30
13 98 56
13 79 59
13 25 8
13 23 76
13 43 99
13 55 91
13 59 16
13 1 62
13 46 18
13 28 22
13 33 31
13 11 62
13 95 38
13 58 23
13 24 1
1 73 69
2 73 11
5 73 20
6 73 14
7 73 75
8 73 86
9 73 57
11 73 0
14 73 15
16 73 45
18 73 60
19 73 94
21 73 9
23 73 42
24 73 55
25 73 32
28 73 42
29 73 42
30 73 79
35 73 71
36 73 81
37 73 44
38 73 12
39 73 61
42 73 13
46 73 5
47 73 6
51 73 11
52 73 47
54 73 11
55 73 94
61 73 74
65 73 38
66 73 21
67 73 2
68 73 95
72 73 68
74 73 4
76 73 93
78 73 95
81 73 0
82 73 74
84 73 38
86 73 34
87 73 29
88 73 73
91 73 76
92 73 26
94 73 56
96 73 59
97 73 43
