26
8
10 0 64
3 7 327
12 14 133
10 24 225
12 20 106
10 23 405
6 18 217
12 11 94
16 7 295
12 10 17
24 5 354
17 20 287
18 6 386
27 14 193
2 3 402
19 5 29
3 23 411
17 13 105
12 25 197
23 21 344
22 19 393
17 21 360
11 20 59
27 1 367
3 25 308
24 2 182
10 25 334
27 7 97
23 13 172
4 5 123
0 22 267
19 28 134
11 5 343
5 21 283
7 27 179
13 3 121
11 12 367
17 16 320
16 17 302
20 27 211
27 9 242
2 23 221
25 7 154
2 18 248
29 6 148
3 10 95
24 6 224
21 22 43
15 6 370
25 14 358
14 28 330
24 28 243
20 11 191
0 11 223
2 19 318
6 11 138
6 7 380
5 4 225
7 14 53
3 11 228
24 1 344
15 20 205
18 7 366
14 9 408
19 18 382
23 24 267
15 12 124
17 27 133
9 16 214
16 15 35
12 22 167
25 22 382
21 25 73
11 4 360
24 4 264
12 13 355
29 12 393
22 0 20
6 23 345
11 23 45
20 29 240
19 25 131
18 27 353
28 25 241
7 6 192
22 17 360
28 19 406
13 22 73
19 2 148
22 14 124
15 1 100
4 10 190
28 4 409
10 3 105
7 4 305
20 2 31
12 17 199
20 22 384
14 2 71
28 27 188
20 7 395
4 12 211
25 21 12
25 10 73
4 16 346
9 5 110
10 18 399
21 6 354
15 22 120
23 19 174
2 25 409
2 10 136
4 15 411
12 2 127
3 19 174
22 16 84
7 5 336
7 13 12
16 19 63
14 4 187
18 16 397
5 15 48
1 7 289
5 23 95
11 19 411
12 19 392
3 14 202
14 21 207
23 1 282
18 19 213
7 29 280
21 1 261
28 20 139
16 12 190
2 21 204
20 10 159
6 4 348
6 13 56
21 3 120
23 0 104
12 27 148
2 14 405
19 11 384
6 3 314
0 24 411
19 7 353
24 18 165
29 13 185
19 22 367
22 11 245
18 10 35
18 23 315
5 22 140
18 1 315
7 16 261
14 29 43
9 27 71
13 9 317
10 11 185
27 5 207
6 0 415
6 17 304
25 13 173
0 12 325
28 12 47
13 27 77
25 0 10
20 23 246
10 20 146
21 16 30
12 1 208
9 3 174
14 25 407
15 0 126
10 14 364
4 22 174
16 25 375
15 24 295
18 13 256
22 13 206
3 22 89
17 2 223
23 5 298
29 22 87
9 14 341
5 28 64
19 29 225
21 5 42
23 15 143
16 14 411
10 12 15
22 20 169
23 6 120
20 4 216
28 6 300
28 9 389
6 20 391
14 5 184
3 5 339
22 5 322
6 21 347
14 19 369
16 22 292
20 9 320
28 21 317
15 7 216
17 25 275
14 1 233
17 4 50
13 5 153
14 11 156
28 11 389
5 9 224
11 0 261
9 24 341
28 3 102
15 11 307
4 23 313
22 21 131
27 22 55
2 6 353
23 20 205
11 28 330
12 4 99
20 19 282
29 1 21
11 7 148
5 24 39
22 23 166
20 17 83
22 25 223
29 0 56
19 13 310
0 28 169
6 19 224
18 14 187
17 28 260
28 23 19
22 29 216
22 15 75
6 29 116
5 19 53
1 14 382
29 11 62
3 29 257
25 11 126
22 12 45
14 0 46
18 20 284
1 21 308
27 6 149
22 18 242
27 4 377
9 23 286
11 17 258
1 20 272
11 2 29
19 27 327
2 5 277
9 2 42
5 11 184
24 25 360
20 12 307
6 9 336
20 24 11
0 10 0
7 21 364
24 11 316
11 24 101
21 13 198
25 28 50
25 3 196
21 11 333
21 12 72
12 6 256
25 17 384
7 9 143
7 22 372
6 12 146
15 13 389
24 20 241
21 24 105
25 24 103
10 19 15
9 0 387
24 23 73
3 4 222
4 18 307
15 29 49
25 16 227
19 12 180
0 25 301
9 4 189
10 22 235
24 21 89
17 12 133
29 7 405
17 29 68
16 6 206
15 19 4
0 21 204
25 12 73
1 0 152
1 4 93
17 11 11
1 22 183
6 14 66
11 13 320
18 15 366
18 25 335
1 17 411
9 7 266
0 15 46
29 9 256
25 6 94
12 5 320
25 4 108
4 7 62
11 6 352
27 29 104
15 16 90
10 28 319
15 10 247
5 10 145
14 18 112
11 22 60
13 20 138
20 6 69
11 18 229
3 28 305
25 20 344
27 3 187
7 17 151
7 10 183
21 10 209
25 29 247
3 0 333
23 16 394
12 24 360
27 18 71
22 10 183
20 25 225
20 14 186
12 28 259
2 4 145
7 1 26
13 29 171
5 7 33
27 15 229
15 14 360
2 16 192
12 15 386
21 0 89
23 7 152
19 20 28
15 23 23
2 13 341
22 6 3
23 29 375
9 28 116
13 12 21
14 17 335
7 2 130
16 29 115
21 29 111
16 0 19
6 27 310
21 18 273
27 28 76
24 14 187
18 4 276
5 13 320
10 5 315
15 18 372
26 9 17
26 15 4
26 10 15
26 24 28
26 6 16
26 19 25
26 3 20
26 13 22
26 7 27
26 18 20
26 21 25
0 8 1
1 8 22
4 8 0
5 8 29
7 8 18
10 8 17
14 8 12
15 8 0
16 8 29
19 8 12
25 8 12
