89
1
61 108 83
82 95 2899
24 5 1709
75 56 4807
61 90 4366
30 102 3791
57 44 2466
64 23 4362
26 81 3316
73 107 1849
61 9 1771
90 110 961
18 81 1485
51 96 2714
11 106 1333
109 25 852
74 37 4640
28 35 4178
26 48 354
4 45 4381
40 54 4476
4 79 4607
51 86 2388
84 50 3384
45 47 3068
26 31 596
96 28 3700
6 16 1169
10 95 1557
70 113 4716
63 35 2546
57 60 4727
73 97 233
69 49 1770
42 114 702
69 92 4711
54 46 4495
86 29 3904
87 61 3887
98 29 2953
99 39 2899
19 37 3272
10 14 308
68 32 2998
102 103 2231
41 67 1945
8 79 2917
38 29 3752
7 113 1658
115 47 370
27 60 1769
31 92 4903
101 67 504
104 13 2374
88 27 1693
26 55 238
59 78 4392
6 104 1480
103 67 2103
21 13 3876
49 106 1101
41 35 1339
74 14 1687
13 42 4026
94 46 4267
52 27 4656
73 32 4022
87 11 4658
98 15 1868
103 83 3101
0 118 1595
15 51 2647
11 78 971
20 70 381
10 27 121
20 97 318
4 98 4212
30 68 3043
48 84 3824
23 86 4189
119 96 917
69 8 2480
61 19 1522
56 95 4682
92 70 4804
6 97 3533
72 31 3789
84 55 4365
36 88 3239
62 0 1153
16 92 1737
104 20 599
57 45 4186
78 31 4706
37 60 3214
119 82 4796
20 118 1459
60 4 671
71 82 1708
12 41 1239
16 93 1571
76 58 51
107 41 539
3 4 2316
110 6 889
62 98 3779
90 27 3728
117 28 1212
96 72 2785
47 115 1144
87 107 1174
87 91 3236
42 111 1398
60 40 1435
119 115 2193
72 108 4794
20 104 1400
33 99 576
25 98 1875
105 5 2188
98 103 2597
96 43 4928
41 30 1599
15 67 303
21 105 1748
80 57 736
31 48 2800
95 98 732
77 116 2413
86 35 618
101 13 734
84 118 3959
79 88 13
53 4 1305
2 116 2452
43 102 4159
82 22 4950
75 14 3329
20 30 4194
113 119 661
67 32 4825
91 75 2365
40 71 4148
61 62 3980
78 85 2278
95 76 2
48 14 2840
29 46 4243
3 70 3328
13 21 180
67 118 1275
54 29 828
74 117 56
32 117 3758
113 51 2790
14 24 800
14 19 4409
13 88 4069
84 30 430
34 84 3894
54 96 871
102 51 2496
103 12 2103
32 80 866
87 7 4383
11 25 4030
33 88 2872
58 16 4182
112 90 3703
73 44 2380
2 59 1730
33 26 4507
47 79 4392
65 112 2144
96 69 4954
75 15 3138
110 100 668
96 85 1297
100 94 226
110 33 3405
18 38 3678
87 35 864
34 22 1037
23 117 2333
43 47 1343
43 96 160
74 86 2996
60 57 2808
24 23 1622
31 81 3777
99 52 3101
85 55 702
74 45 2196
117 5 3034
71 102 4021
37 27 3205
65 91 3045
25 108 2190
29 88 376
60 74 4053
108 2 133
86 28 625
8 6 1408
33 19 4399
97 67 3157
65 9 1349
57 96 2354
3 30 1278
56 46 765
88 106 2633
39 66 2988
64 43 1832
21 51 1363
117 60 4550
70 93 2058
21 81 337
77 22 255
72 20 4496
57 91 2198
90 53 1828
86 99 3627
85 90 2640
52 88 3876
11 93 3190
62 55 246
79 100 401
22 46 328
110 34 2402
21 18 1260
115 111 2213
18 40 957
70 49 2112
73 54 1753
56 45 3351
60 43 1127
50 91 2916
9 60 2505
2 63 977
5 0 1420
75 5 4713
110 8 4514
93 45 4471
27 35 908
61 106 2850
78 69 2642
48 56 1874
92 32 696
119 108 2697
35 40 4302
2 107 225
58 95 2992
42 86 1549
76 66 3687
71 33 1621
34 87 3001
90 98 4173
111 2 2789
32 24 2183
2 85 3750
76 88 299
95 11 4233
64 27 2826
52 8 2526
94 110 826
49 51 5072
69 70 1421
34 10 957
3 25 4494
10 0 2652
100 57 3204
7 114 2133
84 33 1217
55 93 1921
67 96 3046
85 35 637
11 81 1072
108 58 2882
9 82 672
63 6 2514
0 62 1174
83 23 4202
102 30 2457
80 4 3091
85 40 2138
2 7 1298
8 44 3740
16 115 3411
62 48 2445
5 104 4191
2 60 4625
66 92 4921
80 46 918
56 111 1758
111 87 1965
34 81 4164
109 76 4792
17 62 3788
15 2 2359
106 40 3774
111 77 1482
42 46 2335
99 73 144
10 36 3879
50 78 1547
79 8 1755
57 79 3551
94 68 1919
59 117 3450
72 78 3973
13 106 653
20 25 1044
69 55 3125
48 22 2067
53 119 4170
90 75 4947
35 59 2175
95 42 159
64 16 1384
11 85 3594
58 27 4887
97 68 2470
57 24 1224
33 113 410
109 21 195
78 72 2021
28 7 4525
80 55 1524
71 69 3381
2 45 1891
75 53 4126
70 69 1772
12 9 490
2 13 3875
39 26 3237
112 22 3949
42 66 2240
8 46 5013
51 99 3339
58 55 1608
14 77 1963
105 109 4490
60 119 3812
31 43 1669
52 74 1586
113 30 3458
27 76 547
65 80 4828
28 96 2141
0 71 1468
110 76 2425
43 67 1658
54 50 2638
97 107 5041
42 11 1492
103 30 3287
17 88 1287
29 42 245
17 44 95
80 108 3837
19 53 2683
44 82 1372
96 107 2026
27 69 1823
44 81 3355
68 17 1500
53 87 2279
83 47 4917
47 90 691
29 117 4085
112 42 2702
47 21 1058
111 102 4319
97 55 527
92 51 1915
36 20 5029
51 23 5059
2 24 2177
99 75 3031
75 50 316
36 87 2187
99 72 944
85 109 2592
65 99 4304
18 69 3173
50 62 4232
53 110 2416
114 47 4534
84 26 2713
109 41 37
108 73 3008
32 37 3085
13 111 1334
84 105 3900
63 26 2911
111 5 1084
41 46 3064
100 5 2532
74 101 1447
113 56 4813
83 60 266
0 57 5002
99 49 220
30 74 2127
2 91 1093
96 78 2601
33 49 2378
26 75 551
10 44 608
68 49 4260
52 21 4523
94 57 4993
49 25 1962
27 71 1129
19 55 2975
93 88 1107
35 47 3719
104 15 4677
13 35 848
105 39 403
46 96 3762
103 65 2011
4 96 3466
119 55 4429
13 52 1296
70 81 809
84 3 4324
85 98 1358
119 57 3185
118 114 3977
82 94 801
57 94 1213
106 81 3935
6 14 2477
104 25 3805
65 83 785
114 22 826
90 59 4363
93 58 4526
119 74 221
71 99 100
102 38 1300
118 36 4611
74 34 1907
25 114 236
21 78 7
60 84 4574
8 106 3698
58 103 4258
3 90 90
12 49 2260
111 11 5039
43 58 777
25 49 578
61 86 3843
85 93 3981
32 98 452
101 21 1081
10 46 1419
97 7 336
13 44 2783
43 103 2381
111 4 1938
98 66 3228
97 5 2454
81 115 3640
7 19 3270
78 110 3181
21 107 1041
92 90 2805
101 31 5006
7 105 2357
79 81 2362
30 92 820
49 104 286
37 43 2472
7 31 5030
96 94 3211
29 98 975
17 92 1327
79 92 3001
4 92 3214
0 56 3193
78 8 2807
98 3 913
23 24 3338
54 3 1785
90 94 578
50 115 2700
47 53 365
49 61 753
42 21 2732
100 14 3333
16 77 4488
4 28 700
93 90 699
49 43 1729
29 69 1464
73 38 1
62 53 2386
99 3 3016
85 14 4146
54 9 2812
98 55 2331
111 36 4456
59 76 1386
41 100 1678
80 45 4735
19 111 4542
109 82 317
26 91 2964
98 99 696
104 40 1269
2 14 1112
118 110 1023
19 59 1099
13 19 2659
24 48 975
47 60 3681
13 23 2155
69 65 3082
46 98 3424
34 26 1360
32 19 30
83 41 2601
9 54 3114
102 73 3051
76 102 3505
84 59 1295
64 61 1061
100 56 2068
85 84 3243
33 24 4128
102 107 2856
73 95 1905
90 5 3643
64 112 2233
53 61 2431
22 61 877
68 102 3217
101 102 1426
70 30 3002
40 74 2955
54 39 173
57 7 2058
58 115 4813
71 31 175
73 2 3841
31 110 638
83 40 911
93 32 3097
28 98 3647
18 90 556
93 52 3972
3 112 4144
84 21 1233
58 71 1512
103 116 3410
88 36 1197
41 79 2041
88 85 2351
69 15 4289
76 70 1593
112 94 918
57 72 664
71 114 4820
81 101 3689
55 109 4094
113 25 3826
46 91 1675
70 48 2286
62 100 1423
60 16 2173
35 37 4614
98 28 2321
24 42 3395
13 87 1108
17 46 1996
102 76 5000
15 12 2430
22 116 137
6 69 4123
94 42 4395
17 100 3957
91 65 1871
52 92 4717
68 77 481
23 106 1921
37 67 1414
19 88 3339
35 109 1254
5 60 4410
62 84 3259
33 20 2904
96 109 2439
50 80 1475
43 88 665
105 62 4359
49 22 1930
112 110 4909
102 53 3202
36 115 3264
98 79 2355
75 29 3412
10 8 2194
76 109 681
40 94 856
21 14 5025
78 43 2803
23 36 5057
103 64 5035
50 21 4959
20 22 3856
85 0 2693
84 77 4004
39 63 3972
46 28 34
87 25 88
95 55 4395
72 63 2851
50 51 4444
8 98 2892
19 110 834
72 29 48
43 99 2543
39 78 4852
107 118 2719
108 114 2148
66 55 3605
79 56 5022
32 13 4534
74 33 2612
16 60 869
23 60 4995
19 65 730
9 108 4392
74 102 2145
10 65 3853
99 91 2729
97 85 3274
6 86 1203
94 14 28
79 55 2493
115 81 2505
60 20 2973
81 98 1253
10 103 474
36 116 1208
110 16 813
8 99 3744
65 12 4012
103 107 2219
78 84 1857
83 90 717
109 106 3185
98 68 4635
73 53 2492
77 34 2186
42 82 4913
77 39 532
59 119 1098
107 14 4217
6 18 1010
11 98 5036
10 49 1792
23 31 2365
48 80 2678
32 9 1997
14 31 3210
111 44 4302
9 34 4622
115 63 2578
87 27 4740
83 99 4972
6 96 1598
93 92 3733
46 71 1192
111 35 267
22 100 2893
23 0 722
63 102 2107
116 9 3389
12 100 4698
38 17 825
5 6 3049
62 63 909
72 110 2804
78 48 1545
101 10 4676
44 85 2002
55 28 415
53 95 1831
54 44 3405
33 47 2529
78 115 3988
18 19 5009
70 90 2383
13 90 3367
64 56 490
26 27 4454
73 114 1057
54 106 4653
61 35 3615
96 82 2785
102 54 3684
4 85 4943
58 37 3225
15 39 4345
57 47 513
61 95 2503
69 53 3458
5 96 3801
54 88 3989
11 21 1148
4 91 3055
40 61 3235
7 66 1258
104 92 1937
75 58 346
52 32 2877
12 37 363
0 108 2227
96 97 2092
85 42 4280
55 74 420
83 12 3894
65 55 1322
36 59 2373
10 82 3106
85 114 2721
6 80 3647
29 112 3721
2 110 39
0 80 763
52 9 3106
91 71 1134
51 71 1342
63 70 4471
20 49 134
49 13 2252
17 83 3365
90 68 1504
25 75 1522
38 66 1219
57 28 3208
119 62 2050
81 84 1955
76 86 3548
0 99 3748
111 98 2962
21 97 4916
78 51 3482
6 75 4740
27 15 4596
118 60 2355
63 33 4972
11 116 4023
64 2 1534
73 113 1520
32 60 3577
57 119 2341
49 39 1985
87 55 44
23 75 4231
33 21 1794
25 6 2691
40 63 3383
46 10 1494
45 20 395
115 107 2592
18 60 1405
5 28 205
6 17 3174
67 14 3429
65 63 1557
14 63 2859
52 108 3979
55 96 3767
9 52 2738
103 87 1880
52 110 2887
47 10 3235
100 69 721
108 100 3666
111 47 1318
102 78 4624
92 98 3495
96 9 4246
10 113 1628
4 7 3482
94 17 1025
60 22 278
82 70 2136
108 116 3542
61 73 2971
7 8 3697
28 70 3053
107 70 3049
25 35 3527
88 41 2519
27 67 3738
30 88 1474
70 74 3238
9 93 2945
31 45 4934
13 12 2099
5 17 880
47 67 4633
6 39 3002
33 111 4505
52 82 1165
71 59 2341
112 53 1800
73 64 3687
15 81 4241
5 116 1002
8 14 4964
94 107 2871
14 102 3645
16 39 1875
60 6 4276
6 47 3029
93 19 2397
33 75 870
69 68 2149
31 96 4217
100 76 229
68 114 4399
15 104 2857
104 77 3923
59 114 304
12 18 432
38 50 869
78 40 3630
22 35 1203
38 12 1310
17 19 682
55 32 3272
117 39 2770
93 82 568
37 115 2026
107 19 5010
43 22 51
100 30 4649
102 25 2147
5 62 2536
62 14 2050
119 109 2026
7 64 2172
72 113 1604
84 108 2529
85 118 1863
42 31 760
5 30 611
67 5 3623
34 70 2806
104 69 1836
9 35 3675
71 91 110
42 40 4568
114 94 4517
63 78 4279
43 59 4865
22 105 167
12 85 236
33 77 2793
46 76 1677
65 62 3994
38 104 3834
77 80 928
70 32 1131
18 17 4075
95 84 503
48 32 1502
78 95 2096
92 42 3655
59 81 3945
99 48 2816
100 85 4332
43 17 524
66 6 441
85 60 3389
81 26 159
25 50 3997
4 59 3659
37 25 4197
118 92 4921
114 73 2937
56 75 158
66 103 4951
97 9 3229
61 3 297
6 79 1338
84 79 972
82 68 3251
97 25 2440
6 7 4179
85 117 4639
62 54 2654
20 86 2656
24 13 3052
17 16 1404
37 33 1523
117 79 4052
38 93 1255
102 79 4557
103 4 3664
116 119 1282
87 8 2133
50 63 4886
37 94 916
38 112 1625
102 8 1221
18 80 1289
29 3 330
118 13 2813
113 108 653
55 112 3989
33 103 3624
20 6 4353
103 49 2918
79 62 3930
31 74 3393
110 0 3420
58 23 1186
7 48 4543
17 90 4750
81 14 4451
0 49 3236
100 109 1644
61 29 2670
116 101 4115
80 11 273
43 6 4881
20 102 3374
119 116 4199
74 0 281
76 53 2483
116 53 1808
60 52 1171
0 6 4439
113 115 3188
104 36 4549
71 70 1940
86 17 4574
48 63 3172
37 16 2180
37 88 3713
111 73 407
98 19 2392
118 113 3474
16 99 2054
39 79 4604
12 105 1963
98 10 680
94 21 4220
47 4 4988
31 19 365
98 33 1168
30 11 4954
44 78 447
46 112 948
16 43 1065
115 113 2485
70 56 868
85 44 2311
15 99 812
94 103 2502
44 79 3275
72 7 3846
80 21 4748
81 23 4929
103 41 1122
64 19 646
11 115 165
2 0 4080
24 66 2704
67 113 3059
105 53 4610
20 50 4602
62 110 4744
32 48 4081
44 10 126
99 66 575
65 3 3076
67 66 1153
29 26 539
106 3 4893
80 104 4824
82 72 3434
111 103 1451
29 2 1159
119 53 2283
21 16 1963
117 52 1229
16 113 4678
13 96 3481
36 16 1741
75 48 4748
60 0 1512
34 65 2738
67 6 1173
82 63 1522
12 71 4256
37 40 112
7 87 1511
107 27 4427
13 54 1459
85 43 3153
35 78 230
46 87 3553
119 112 3060
99 118 2529
25 93 3594
98 65 5026
29 32 571
97 53 4174
83 111 3044
19 14 3919
44 96 117
91 43 3420
20 113 5076
39 17 4672
2 38 206
64 108 808
17 54 2991
15 3 3023
17 6 3943
80 12 440
49 81 366
80 64 4543
10 28 3030
113 87 2219
96 60 965
118 46 1528
32 103 4357
100 28 239
0 13 4559
73 62 247
26 53 1310
79 12 4092
44 94 4655
20 117 5
84 5 1911
21 48 739
71 19 4650
24 97 4028
73 84 3161
108 48 2905
87 49 4340
70 102 3684
13 65 3676
27 49 206
36 14 2077
61 75 2827
105 87 4465
86 109 4507
78 61 1124
63 114 364
75 95 3568
29 116 2843
98 51 1928
74 118 1013
25 79 908
64 18 1868
111 91 2726
113 117 3684
82 57 2670
27 21 2035
108 62 3064
92 114 1016
50 64 836
20 52 1623
48 97 4649
59 39 2641
64 10 2289
62 85 701
40 47 573
27 40 2003
104 51 1211
51 47 1106
36 118 4258
6 49 277
43 8 707
41 44 3843
88 33 4250
83 119 2268
12 95 3447
69 74 4917
20 9 712
47 33 2220
94 95 4985
52 75 3726
90 70 3113
56 11 2579
55 39 2918
102 59 1820
88 9 1507
99 34 19
38 74 3327
117 85 1783
30 21 3849
91 39 4647
64 77 4856
69 101 835
94 64 623
10 53 2953
8 27 2199
3 65 3741
118 75 729
76 80 4696
95 108 2712
44 2 355
64 59 1803
78 0 2627
95 81 476
101 4 885
70 37 2206
3 14 4822
102 70 1577
58 100 720
64 100 501
11 67 4663
68 26 1776
107 18 3954
53 16 1836
0 31 4865
107 114 3798
56 25 3887
77 30 1289
94 87 4070
18 6 1533
53 71 2079
75 73 2013
100 98 681
35 103 278
84 73 2876
90 71 164
92 22 2726
15 78 360
18 58 4731
56 34 2242
0 61 4313
74 84 3983
71 86 3945
101 51 249
21 98 2065
61 28 2807
49 50 4054
73 69 688
54 105 4521
45 43 225
25 10 225
65 48 436
118 42 14
83 8 3218
42 26 1203
93 28 4749
102 110 3097
88 98 3968
105 86 2005
108 23 580
46 9 3541
117 7 778
51 58 3856
119 98 4591
2 47 2021
21 36 3525
23 59 3399
66 26 285
98 96 1344
117 74 4434
90 4 1621
115 12 2179
9 105 4254
28 64 1999
35 54 3764
10 17 2496
94 2 198
82 79 3732
27 88 2319
49 16 3401
82 61 3270
26 25 2411
59 31 1929
19 3 4088
43 21 3232
37 29 1094
102 3 2574
59 2 3766
83 49 949
58 96 2743
59 91 2199
15 55 4283
97 12 1317
111 115 1756
53 70 2298
50 65 1545
46 72 823
101 19 149
65 13 4241
59 109 848
6 91 1716
97 76 4030
56 28 1439
88 47 1650
8 39 295
65 39 1029
23 22 4586
53 91 910
74 6 1384
7 92 337
87 102 1896
74 112 940
64 88 580
40 19 3507
111 43 709
13 109 3107
41 74 1618
2 78 2253
16 110 2704
84 117 403
90 43 2137
34 58 1051
104 8 4415
42 107 549
87 17 4132
68 51 3342
67 101 771
23 91 3950
13 7 3216
15 115 1932
4 25 2376
63 100 531
22 106 1638
9 118 4850
87 6 4241
58 91 2880
37 32 4739
96 8 3598
38 49 3133
18 107 4299
29 105 2591
57 107 4003
54 104 1970
26 61 3022
23 16 4693
70 114 2835
60 61 2241
72 33 1345
108 70 786
116 114 4958
39 19 66
10 115 3260
85 52 3948
15 16 932
36 30 2209
7 37 854
41 104 1350
0 59 1571
38 0 3139
9 45 4426
23 44 5025
54 84 4294
86 103 1786
88 14 2505
46 64 562
29 10 4786
106 11 3430
54 86 2049
68 84 4655
61 59 507
59 118 593
45 107 4589
4 42 3394
8 19 1851
37 92 3820
79 31 2287
12 106 1424
72 24 3318
112 14 2893
94 55 2758
15 113 3896
43 40 4959
39 102 3661
25 70 390
110 92 2060
46 83 4945
4 99 3693
8 20 1158
43 46 3983
112 116 435
49 100 4084
75 59 2372
82 64 3496
86 16 3359
35 26 3608
0 83 2821
116 35 4758
41 69 1987
59 6 806
73 8 4522
49 60 2130
8 74 3659
12 23 4465
10 69 719
4 32 2156
86 80 3317
47 106 2366
77 32 1667
30 15 4225
53 10 1776
111 6 1060
61 48 3695
79 13 1152
110 66 1511
25 105 3790
19 115 645
8 110 3584
2 48 248
37 99 756
74 81 3505
117 50 195
80 30 4955
98 90 3774
76 50 2871
61 103 237
63 25 1211
77 40 2944
35 108 454
29 51 3032
81 25 3890
117 57 49
79 67 461
39 98 4575
55 10 911
33 83 4884
79 119 528
28 74 3918
17 41 497
104 55 3513
85 110 149
29 36 2837
23 48 5024
103 46 3885
113 99 2708
116 41 1964
40 28 235
78 59 4923
44 95 1422
22 45 73
98 93 4749
26 60 686
36 68 3388
76 19 1124
103 54 1658
68 115 602
91 66 871
108 78 4672
100 38 886
47 97 3928
83 112 3401
83 75 125
55 31 4819
24 112 445
40 117 3890
42 62 916
76 59 103
5 14 115
45 24 170
49 87 2946
35 21 1699
97 14 4850
30 12 452
81 18 718
8 62 2035
71 93 784
56 29 3334
81 60 236
15 46 3772
103 52 1769
74 9 2080
72 10 4735
99 23 1422
27 81 2883
17 66 1724
4 15 1779
74 15 1334
73 90 1814
10 7 1724
101 32 717
36 65 4797
67 4 53
48 61 1012
68 105 15
85 88 2538
50 59 2902
86 65 2919
94 18 2017
104 95 4474
102 119 4629
81 72 560
70 80 4387
19 83 2186
5 111 3527
30 109 215
23 2 2231
23 18 1272
108 29 3449
117 26 1787
82 92 3236
7 72 4750
64 68 775
67 85 4747
98 17 300
85 69 660
66 80 1825
35 69 192
92 81 3174
17 53 1741
106 71 1455
109 107 799
4 57 14
112 51 2584
25 101 2483
22 57 339
75 64 737
39 28 2921
45 30 4012
87 29 1914
55 65 4360
48 112 3491
106 16 1627
103 78 1131
67 98 4381
56 100 1068
12 21 3448
87 32 3232
34 51 3476
101 0 3890
109 94 1408
64 13 1030
119 51 4420
47 42 4098
70 87 1542
74 17 565
88 56 384
96 104 784
84 61 2467
50 70 4678
50 112 216
67 65 4876
35 10 2091
24 79 1640
27 58 3888
45 54 731
86 32 614
104 48 1402
63 5 3746
40 49 3261
29 44 4147
44 28 4937
55 11 4379
62 116 3721
46 86 367
116 58 304
0 10 2536
91 9 1539
59 19 3111
22 42 1700
50 66 1758
46 36 3766
54 72 3435
8 108 1211
111 105 3142
2 73 4407
8 55 1650
40 85 944
28 23 377
75 54 337
63 86 3738
45 51 1012
5 101 4288
43 41 2567
10 78 443
105 58 2322
38 28 2824
25 107 3789
18 16 1879
107 21 363
34 100 3264
54 75 1612
33 59 2404
31 57 185
77 37 919
19 95 1088
60 3 3211
84 70 222
61 31 4881
37 5 1236
54 85 2094
116 87 4480
45 109 4306
36 17 4388
79 105 4260
3 52 387
88 23 2681
52 80 4836
115 17 416
118 116 4161
114 105 4767
103 93 669
54 119 1007
35 7 5017
85 36 3825
68 52 2806
36 119 4870
13 41 2147
0 93 3113
51 112 2248
4 41 3096
90 105 84
69 35 4776
38 116 1514
74 55 3658
112 71 4078
50 60 4479
11 45 4108
80 18 1479
68 12 4386
77 67 2799
91 3 1420
42 81 179
104 115 3493
95 13 3671
54 59 613
117 24 1423
84 88 2127
53 37 1462
91 32 200
97 118 2308
94 48 1733
3 15 2664
108 9 2661
111 118 1832
65 27 503
78 92 1742
97 90 309
16 17 1340
29 11 2687
25 7 3437
22 15 2714
21 60 2076
88 48 3245
115 77 2881
51 79 4274
54 63 2510
53 20 3264
47 62 3849
20 79 4716
54 47 360
92 57 4965
24 54 1008
80 65 1387
107 110 4057
99 70 2958
21 88 3811
105 38 2194
65 52 95
77 29 3649
92 118 3314
90 19 2253
45 102 3376
115 91 2198
47 109 1364
91 45 562
108 31 981
10 90 4600
6 58 4630
110 3 1963
29 37 3891
59 37 1086
115 6 3868
48 3 5073
64 39 899
40 81 2078
61 15 1082
78 99 112
68 25 2697
49 108 2999
50 101 1587
27 55 3259
68 56 2816
91 111 92
81 119 4945
4 75 2402
94 41 3705
102 77 3174
69 105 5076
80 33 741
81 35 450
44 35 4964
26 32 3314
51 14 1323
90 114 4897
99 9 2981
2 100 859
94 70 4129
22 2 2547
67 76 2055
115 60 128
116 21 2186
86 38 1192
62 51 3625
21 94 4166
21 79 4596
119 44 4036
46 13 1151
90 35 3778
45 75 87
36 117 2908
78 74 4447
86 25 4350
117 99 2560
18 48 4597
108 25 3282
99 76 3239
94 10 3266
39 35 5031
24 83 1750
105 106 2036
117 96 557
69 37 2267
2 21 386
25 85 3011
8 118 3866
73 0 2766
57 80 477
118 50 382
63 117 4825
87 66 642
82 44 1020
119 12 2936
70 53 4917
26 69 3393
9 112 4884
19 103 1264
7 17 3735
77 13 152
34 29 1177
17 51 2753
67 43 2583
118 105 5036
7 95 5002
66 54 3922
119 58 4490
99 117 2344
49 67 2970
72 40 3795
72 112 1130
67 115 2586
13 119 5013
95 51 3924
25 43 1552
14 59 64
11 94 2037
71 67 3576
63 97 4385
33 37 1772
41 64 4629
85 74 1742
75 99 2596
2 80 4857
83 74 4418
30 9 365
55 33 5062
62 101 3317
28 111 4584
10 16 4589
88 111 2857
31 55 4390
4 112 170
75 36 1050
60 11 4098
51 29 2347
63 22 409
9 37 4017
97 36 4135
91 98 3760
73 98 5040
20 37 1920
48 90 2947
36 44 2615
3 82 3540
54 103 4526
55 56 1002
84 32 473
57 75 2801
26 14 1420
78 55 4558
3 119 4972
106 77 836
5 95 3547
18 61 3967
26 17 234
12 34 4614
15 28 4401
9 21 771
104 7 2729
60 30 4175
108 56 18
87 79 3297
3 81 3945
9 95 2720
31 61 456
75 55 2197
41 42 2337
50 12 4304
72 25 4653
42 84 1137
115 9 2768
8 81 38
40 57 2148
35 91 469
71 44 4873
11 74 4596
9 26 4247
88 43 624
117 105 4019
60 109 2240
83 46 4849
35 62 4918
111 110 1383
31 40 1963
14 26 4556
39 55 3322
68 119 2893
34 67 2749
30 37 2662
17 23 4836
41 116 608
103 5 623
42 41 4683
108 74 1622
25 26 3524
113 66 4260
41 84 2560
41 61 1350
84 10 3638
113 18 1316
39 101 3728
33 31 685
26 95 340
62 24 158
2 56 1938
77 14 3619
112 34 4136
17 106 1609
119 48 3894
72 2 1621
27 96 966
109 111 4835
116 56 4174
63 42 1540
68 93 1500
92 71 4138
116 115 814
104 105 3250
61 24 3318
77 87 4517
77 70 1915
113 26 4568
60 10 2001
41 105 1725
26 109 4609
12 67 3461
77 78 1839
6 15 2065
79 48 84
113 106 963
33 28 3946
69 96 1576
27 48 1081
10 34 798
113 41 1016
6 94 3944
109 105 4918
35 66 2746
34 112 2199
101 44 1696
87 33 2426
31 98 1264
72 99 206
92 33 1429
35 96 595
33 97 1476
98 23 2591
47 87 2514
0 48 1269
7 20 3719
17 39 426
86 117 168
86 45 1602
49 3 3639
50 2 529
22 103 2683
115 79 2065
60 110 2847
68 0 4294
111 114 4455
78 71 2506
17 2 1361
119 65 3878
12 22 746
20 74 3425
23 15 1010
8 45 124
79 75 2361
40 72 614
44 109 2522
87 101 1793
8 88 4451
84 92 3644
43 93 2474
70 95 4020
29 101 1858
63 67 4388
12 77 3678
15 36 262
61 49 72
114 69 2202
8 42 2736
86 64 796
57 86 4305
100 54 580
58 38 2510
40 36 233
38 102 508
62 19 1407
105 14 4822
17 101 3568
67 87 3079
102 61 2109
49 71 133
77 119 3695
113 33 3888
50 56 3296
65 41 2669
35 13 3572
107 69 3324
4 9 728
82 29 3497
62 34 4629
59 67 1718
52 48 4059
39 68 1244
81 116 3387
58 35 2310
42 83 4358
47 103 1880
67 50 4595
119 78 4812
113 13 4187
48 9 1341
39 114 495
29 99 3237
63 8 4069
75 34 1984
32 113 4696
49 114 3744
12 107 791
41 78 2649
13 20 519
109 46 1355
28 78 4733
41 98 1882
48 82 3029
54 15 3837
88 38 4880
97 60 4139
9 81 2800
71 106 2967
24 72 1832
20 90 4895
34 4 1430
69 56 2482
46 0 4643
86 43 4791
9 109 789
80 112 3692
94 72 3100
59 25 3658
15 100 136
80 28 4100
17 114 2673
17 4 4900
74 19 3310
24 27 2334
51 93 1910
115 85 3304
42 34 2830
81 80 4051
87 96 4576
69 10 1582
35 97 1093
80 8 5079
50 6 2134
16 8 2789
19 25 3198
48 115 1795
66 99 4750
110 12 985
109 16 4159
38 47 2743
114 12 4618
94 65 3228
60 116 3749
104 79 2305
118 93 1152
73 67 150
62 61 1477
91 104 5040
79 50 4836
40 56 74
112 11 3391
113 43 2950
5 65 3213
65 50 19
42 95 1156
75 98 2705
40 114 1248
41 95 2439
3 107 4172
45 10 346
69 82 3377
7 103 3017
76 106 4365
2 87 3138
45 62 2201
25 82 4778
23 119 2324
0 102 117
69 119 27
3 100 2743
46 22 4997
61 93 3326
57 92 98
42 22 1245
95 25 824
65 76 2099
70 22 1178
41 31 4770
66 106 4535
81 62 782
32 17 143
16 75 1049
90 29 4989
30 84 240
52 37 267
82 88 986
27 2 3494
45 56 4295
114 103 1365
85 37 286
62 43 3857
40 110 4149
43 100 944
65 14 4506
22 41 3490
68 81 2756
71 3 2164
73 31 1167
97 23 1898
4 88 2670
25 31 4539
15 90 4011
98 39 1991
71 95 1503
20 54 306
38 23 354
116 25 2839
45 117 2046
8 17 3176
68 38 4913
22 108 2586
9 28 219
66 64 2565
110 35 1558
5 48 4422
93 39 3342
7 56 2021
50 73 349
21 57 1834
16 5 3844
26 64 2912
77 27 1634
62 35 2759
46 93 2202
45 112 4071
69 20 4244
51 28 4677
113 36 541
66 9 785
117 18 644
9 67 2295
45 86 347
82 52 135
70 46 2570
42 56 583
0 73 218
108 16 710
64 72 1047
106 63 4709
56 21 4328
71 80 2054
19 46 4061
22 50 2332
106 109 2247
56 65 4554
4 111 3111
61 99 949
117 115 4058
106 48 177
24 67 110
99 21 2390
60 31 3292
53 13 1318
62 28 2806
93 74 2074
94 28 2146
36 99 3921
88 70 2199
15 43 5064
53 99 4599
101 109 2765
75 62 2749
57 2 18
24 12 3674
67 105 3989
113 116 4265
77 55 4058
63 92 3371
57 18 3050
25 44 316
65 40 2208
15 75 4568
95 111 2828
63 87 4719
116 86 1973
66 116 1837
80 19 3684
102 108 4694
31 78 3184
82 78 4624
76 0 1866
16 65 3293
110 94 4725
112 69 460
67 75 3601
99 80 1587
70 16 871
53 86 895
38 87 2386
94 20 4404
50 94 4130
92 52 1952
17 7 1130
36 77 4207
67 41 2231
113 23 3420
105 82 2753
16 88 4934
22 59 4036
37 93 337
106 62 2459
66 18 1368
106 64 2033
23 112 3110
25 76 3116
102 56 1591
112 0 3516
74 49 119
95 19 1165
52 60 742
30 82 4799
110 97 1278
10 29 2140
0 74 1295
11 118 862
64 15 1853
81 45 2132
77 42 1269
36 3 4655
66 21 1457
7 34 3410
114 15 3447
72 13 2509
105 78 2216
112 12 3217
107 101 4853
95 60 3299
104 83 3744
27 31 1317
47 3 2251
49 113 991
7 39 3304
91 106 723
117 110 3297
21 55 2668
112 26 3810
115 78 4693
12 46 3238
113 88 3729
73 63 24
0 20 363
14 76 4797
87 12 4226
44 51 3764
8 50 2720
45 23 1200
3 51 2397
113 14 4455
110 51 2687
117 109 4008
78 86 4870
3 20 2881
47 119 3261
53 56 3636
23 116 2792
78 35 4761
77 94 2848
27 37 654
86 41 4476
114 118 4298
63 62 4453
118 55 4404
31 95 104
31 37 984
117 42 4923
44 107 310
10 52 3949
95 107 218
107 10 492
80 68 1360
80 10 215
15 7 3045
0 70 3281
116 40 2697
91 99 1420
59 21 1311
19 29 1297
64 0 2338
25 38 4585
13 28 4467
29 52 3966
102 13 787
85 63 4727
63 80 120
44 84 1010
99 68 3414
28 85 4762
11 104 2315
109 70 4225
22 91 351
16 61 2442
82 25 516
56 30 2951
113 107 882
112 44 403
88 81 4465
96 44 1105
23 51 4121
103 22 245
52 25 907
32 47 3046
57 84 2843
70 111 2652
81 113 3383
83 20 3022
27 25 3877
92 34 4426
62 64 4649
77 10 2863
62 10 3432
110 60 716
5 106 2257
93 40 2665
93 55 1637
69 115 1825
64 95 1600
90 118 2198
88 103 2514
17 81 1500
35 94 654
117 70 1861
7 106 2108
82 0 5030
57 116 4158
94 60 1940
16 23 3126
0 5 3871
54 117 1600
108 82 563
65 8 4223
118 2 2228
23 64 3531
82 75 4653
16 101 374
112 29 4413
52 72 5013
84 15 3019
60 17 477
37 50 4674
8 83 136
100 117 2010
100 110 582
112 65 1614
94 83 4023
61 80 2488
111 74 456
9 33 4463
12 10 1237
8 116 2417
72 57 2201
67 82 2915
95 114 830
105 64 3687
77 56 1787
26 103 371
43 33 3724
91 84 94
103 108 2741
2 92 174
37 38 4983
19 94 5004
82 14 2598
97 3 1421
9 8 1648
32 28 1510
39 15 4932
36 82 3834
8 30 259
40 111 1551
118 63 2046
103 14 172
40 39 1959
97 100 2166
50 19 1655
10 111 1390
34 30 2542
24 17 1075
103 61 3596
2 19 3496
81 79 3086
111 46 3010
82 11 4419
69 80 4813
34 43 4762
115 2 658
48 28 4968
83 114 496
116 54 2933
53 11 4017
35 117 3074
91 58 1774
94 15 2604
25 14 336
64 79 5075
26 96 2079
117 93 1938
72 88 1880
16 7 762
44 59 1543
81 97 2761
110 14 4411
100 36 1891
40 34 4303
16 50 181
35 83 4510
62 12 2004
64 67 4046
75 63 3020
107 44 4967
17 75 772
14 58 3153
48 62 413
30 110 4496
49 8 1864
32 100 2919
108 46 3225
39 24 4779
28 48 4901
29 66 4447
83 76 591
26 33 4869
29 118 1826
48 94 598
61 18 79
113 28 4903
90 115 2199
52 87 4769
34 55 1271
10 98 2934
6 114 981
6 63 1614
56 85 2423
87 46 535
82 113 123
44 110 3164
60 86 3371
19 30 1650
86 72 4936
66 12 2205
24 32 2745
30 29 3041
95 100 959
46 99 1642
107 96 1178
27 117 921
90 82 2728
92 31 869
64 115 1073
13 83 344
118 70 796
57 69 1362
108 95 2701
44 40 1660
53 109 3885
103 94 2889
49 82 2716
67 42 3977
16 25 4349
92 14 1648
30 23 3835
7 41 2727
102 109 4448
107 6 1296
17 0 4982
83 81 2856
70 3 2898
94 22 2560
77 69 1454
93 86 2713
81 100 3379
13 6 2649
80 90 1964
24 118 1193
59 62 342
2 112 30
39 105 2160
3 67 917
50 33 315
79 118 2499
70 63 4417
64 26 916
92 119 4166
3 76 3295
6 99 809
44 101 3396
119 63 614
55 67 3932
48 111 262
43 31 3320
39 20 4094
14 44 2759
31 35 4523
48 46 1600
7 77 2148
61 56 1915
87 108 2718
19 38 3678
96 16 3223
45 57 2603
69 110 889
114 116 2278
84 56 2056
36 93 3326
57 95 3453
49 116 2694
118 77 3231
105 59 2257
113 62 3357
106 84 1531
109 84 3439
101 37 1638
63 18 4540
105 51 4811
37 76 2652
114 41 3750
101 49 5074
75 46 3916
67 53 2042
84 36 1255
25 39 4713
91 61 4236
16 37 2194
34 28 541
70 41 1569
17 40 183
35 71 3165
80 60 2613
73 34 5081
25 51 598
5 80 4574
72 116 1069
90 107 3516
28 21 2269
54 83 718
86 52 4556
40 30 2133
106 117 2746
84 68 4506
11 54 3582
103 88 1960
49 23 714
30 27 3679
47 118 3405
43 3 1804
38 97 1633
14 21 4388
95 23 4755
8 16 4928
46 24 4456
97 71 4086
104 57 868
54 110 3497
47 76 2617
54 36 1660
9 36 1054
11 5 2408
35 50 3031
83 31 4393
79 53 3394
92 49 1530
20 105 4287
91 0 2422
66 49 167
14 25 3516
28 29 1557
117 100 2694
5 82 4302
117 29 4697
13 79 4528
109 68 646
47 34 2263
67 71 1514
7 81 443
17 27 2678
69 109 339
38 13 4044
44 60 867
38 71 3676
87 105 698
49 119 598
20 111 2166
55 118 1348
116 65 2331
10 35 4592
92 46 4043
88 100 2659
46 75 5025
6 100 3510
47 108 1164
116 67 2358
43 14 1847
17 70 331
20 10 284
31 53 3187
95 53 2996
21 91 3578
85 54 794
11 35 270
105 116 1988
21 112 825
51 55 3603
98 0 885
27 110 588
56 118 287
57 30 3342
0 53 3570
3 63 3523
64 33 777
32 42 2848
59 86 360
29 103 4043
83 9 2524
38 77 949
21 80 3365
33 29 4288
6 40 1143
60 56 4743
47 46 562
78 79 3651
34 96 3772
112 102 694
47 44 4126
49 0 2315
34 9 2420
38 41 5061
9 38 2840
44 61 4845
116 12 503
112 97 259
98 24 3603
25 54 3366
76 72 2197
3 2 1389
80 114 1301
73 102 2565
39 9 3114
80 72 4374
61 5 2835
18 64 1012
80 99 3372
113 63 2298
6 4 1952
108 110 623
112 76 4310
106 112 1775
119 33 998
51 92 2313
102 49 2835
71 57 1693
75 19 876
61 83 4542
31 103 1774
55 52 1618
114 93 3584
27 8 4218
10 74 676
97 110 1302
70 34 3116
34 66 4230
19 10 4359
84 93 1628
26 3 1655
115 39 2209
62 38 1515
35 52 646
77 109 4652
80 27 2231
57 67 2141
67 0 1733
65 32 950
106 47 4082
12 24 2631
51 9 3488
37 118 138
8 57 2507
46 43 3678
71 30 3384
46 39 879
32 105 4080
40 116 1906
63 41 4292
105 117 3731
15 68 1947
106 111 715
112 15 4460
86 118 1539
58 21 1956
51 17 3671
11 55 3790
26 16 1437
60 7 523
38 82 2856
5 31 166
100 87 4
36 96 110
85 11 2364
46 88 4324
42 43 2286
53 27 1715
111 85 1635
101 58 362
85 104 1803
15 6 1340
92 85 1871
25 102 2981
62 21 509
41 45 2127
44 46 875
69 21 1174
94 45 3840
3 62 168
97 27 2536
20 73 1873
94 106 1128
5 94 4782
86 0 2792
70 18 2627
97 112 1674
35 46 3745
104 61 2441
107 67 624
99 77 425
101 3 2149
90 51 560
81 52 3659
85 92 3660
117 94 3648
79 49 1905
68 106 1639
99 85 3971
5 92 4770
50 30 4509
79 60 3616
59 84 485
72 74 2119
51 115 1981
102 34 3722
33 68 3897
27 45 4133
93 12 2743
101 77 3321
76 17 3187
77 24 127
19 58 4197
110 31 1571
19 15 1331
104 80 5010
67 80 307
70 76 2636
58 64 2619
80 22 4120
70 5 4017
14 87 2300
53 41 1470
85 86 1349
35 104 1888
20 62 3866
4 90 3329
117 44 3487
75 35 56
75 74 4932
62 41 1154
92 27 1435
75 71 2486
62 31 1125
69 52 3409
101 110 4230
63 83 966
23 12 3254
87 52 3713
30 45 757
27 106 1448
33 30 87
98 56 3347
77 59 3065
106 119 3870
52 56 1465
12 79 3350
23 46 4393
94 116 2149
70 107 872
17 36 4212
98 111 955
112 70 4989
115 110 4690
106 0 255
119 47 3727
43 12 1193
15 35 2509
52 45 2452
40 16 3211
114 77 2105
27 119 996
74 110 2164
9 115 507
54 21 3145
81 85 394
21 43 944
97 74 4004
14 7 1264
59 46 322
111 101 542
30 5 3693
94 5 602
102 83 2766
16 64 781
91 81 4452
114 19 3007
83 24 2117
24 92 870
79 16 950
119 87 3324
107 16 645
24 119 4452
91 17 4552
15 5 4133
55 4 174
35 86 1956
61 109 3642
17 110 2292
117 88 917
7 60 897
54 33 672
27 116 4793
55 43 3934
25 91 3823
35 84 3595
90 13 174
28 106 2975
3 42 142
55 88 3766
35 95 3807
78 46 2380
5 36 2321
84 18 599
43 23 3482
28 75 1939
70 67 1283
35 20 2591
29 19 3317
105 47 4641
53 40 3289
114 50 4946
47 104 849
113 42 3800
76 96 1101
83 116 2595
33 106 3717
36 107 4965
105 6 304
117 104 2611
117 112 4873
94 35 1820
90 49 505
79 39 3301
117 51 2203
29 91 690
5 46 2073
100 90 3681
5 64 710
104 54 969
70 92 4258
10 42 597
33 101 3565
13 45 4369
116 71 804
81 19 590
91 76 2377
116 111 2930
72 16 2284
81 112 1341
35 27 648
104 100 4140
95 119 3442
96 55 4357
48 53 3663
10 45 4745
56 105 3452
92 58 2291
114 63 1628
22 37 733
86 37 3508
24 16 4175
113 64 1821
64 70 4557
72 28 1257
115 40 2919
57 117 178
94 19 4929
64 29 1581
43 45 4989
60 101 2379
61 88 1677
43 64 3511
96 13 2543
116 80 5023
38 78 736
39 0 2455
67 99 1016
71 32 1146
45 5 3939
38 92 4508
11 0 3949
94 51 320
33 16 1947
46 20 4709
30 8 4613
79 76 1457
51 27 640
79 85 3199
43 118 2462
75 103 4916
100 29 741
25 29 4804
39 34 109
76 105 3083
88 2 575
93 114 2579
6 64 3579
43 112 3461
71 16 2573
23 33 942
7 18 563
19 117 1819
60 71 278
106 92 1204
4 52 316
79 27 1342
71 63 3355
69 90 1417
118 91 1432
48 85 5005
96 50 3655
103 33 4825
115 97 3127
111 40 1936
24 63 4361
19 63 167
92 67 2102
58 31 2387
119 50 4238
14 91 1419
39 54 568
11 76 2585
29 47 1885
49 46 4474
69 34 4488
57 62 4019
9 92 4628
76 115 1135
93 115 4360
79 103 2869
2 84 4702
65 109 1317
111 62 3616
109 44 3686
59 90 2664
66 84 2108
15 0 5072
60 90 1161
65 102 1584
49 17 1416
65 18 1693
84 78 4607
38 106 4864
46 38 3374
71 61 77
72 11 2429
115 109 278
88 67 5056
52 29 672
47 82 1416
39 82 1779
17 80 2982
92 36 4721
27 29 2675
48 70 2069
101 52 2279
67 31 4174
73 47 1477
56 64 739
55 20 1540
13 110 2541
44 13 3436
15 20 1735
116 85 3747
73 36 4362
99 24 2763
30 17 870
83 66 5036
52 0 2864
41 97 2789
76 15 185
15 26 3053
49 90 773
50 82 2104
72 34 1413
50 10 3599
77 50 609
46 50 4895
50 32 2382
76 97 2254
78 28 4084
36 0 2667
59 72 4399
103 58 1083
97 38 3948
104 109 2043
6 59 1160
99 81 4248
12 5 5044
74 42 2027
93 47 3916
118 30 3030
72 101 520
58 44 2631
30 33 1236
39 16 2030
20 61 1437
11 100 777
15 14 3791
103 25 3442
102 57 3319
91 35 2385
8 64 3248
114 28 3617
24 114 76
105 49 2091
61 50 1429
40 100 2817
106 51 3913
114 76 3264
66 75 1591
29 61 1977
112 74 3488
116 18 596
80 42 2233
95 110 1202
105 67 2317
32 65 4909
28 82 1635
82 41 3123
14 64 4091
66 94 1168
21 44 2717
26 57 517
91 12 1791
104 0 1418
70 12 4663
52 100 3492
65 100 3044
26 78 5004
91 34 4691
93 23 4748
64 114 4095
57 3 3550
114 59 2492
6 28 1900
12 98 1270
88 37 3418
83 96 2636
65 51 3870
26 39 3037
105 76 97
116 98 3466
83 21 2784
63 55 316
13 72 2970
11 71 1217
18 49 594
108 93 1212
28 116 2996
3 117 1451
93 10 1091
69 22 3435
24 56 1030
23 6 3670
20 94 3528
109 69 1642
109 87 4480
57 74 4233
50 15 1009
116 47 3638
47 77 5043
62 6 2879
76 54 2679
93 41 2294
40 108 2913
65 85 5069
8 29 3126
107 106 1895
32 4 1017
97 28 4866
40 105 4009
65 34 1910
83 94 2002
93 105 2037
4 14 801
39 61 167
12 102 3080
10 116 1345
90 9 4778
53 18 4618
32 29 2997
83 11 1379
6 57 3272
80 83 1465
39 3 513
59 7 4680
76 90 4551
49 98 1433
76 23 3265
63 112 2803
15 74 446
113 6 4438
50 106 4411
11 47 2150
43 115 4487
4 27 1604
32 23 5049
105 84 1050
55 101 3572
98 101 2680
28 27 2960
72 12 1068
5 71 812
11 23 3174
65 93 3106
50 0 4497
4 107 1079
19 43 4232
40 5 1564
99 8 1123
72 45 4866
75 87 4599
39 43 4066
28 62 1616
47 111 1584
20 77 4366
41 13 181
16 52 33
13 15 4140
2 50 3877
69 81 4582
112 41 1830
71 92 4021
7 97 3255
41 53 3793
67 10 4787
45 46 1573
59 33 1481
55 58 4060
77 11 4122
21 20 822
38 33 1811
65 56 3008
25 45 1108
4 81 860
11 112 4436
13 57 2547
2 86 2844
31 99 1066
35 111 2282
45 108 4430
60 64 260
97 24 1648
60 70 3405
97 119 433
82 10 4806
22 18 4397
13 113 2634
27 114 3067
106 118 2600
28 109 628
42 75 605
17 68 2527
48 11 1379
3 94 2455
98 50 4042
79 87 552
31 83 383
118 40 1202
7 55 3327
97 92 2733
112 28 1588
37 2 819
49 18 4851
40 3 4820
100 0 258
2 97 1764
59 24 3395
77 28 4534
111 82 4707
58 107 620
83 109 275
108 71 3975
68 42 4426
51 7 917
70 109 2565
101 107 1811
22 20 2749
14 22 3700
38 99 4747
18 7 2751
94 63 2686
93 75 8
57 85 4676
88 29 2284
18 73 1531
47 114 4099
83 45 1982
111 13 4541
85 12 4563
43 56 80
15 9 3472
66 78 3658
91 74 45
95 101 4702
6 56 3872
118 38 4253
33 43 1776
11 42 824
31 106 512
63 106 3407
107 55 2997
83 107 242
81 31 1094
31 34 4108
91 101 3823
0 119 783
98 60 816
52 20 78
56 22 1392
112 83 678
42 5 3636
3 40 604
57 14 4817
50 93 1764
65 86 1806
51 105 1052
52 26 3444
49 99 227
96 10 296
30 107 2742
44 53 4773
114 52 550
82 39 4461
9 113 269
56 49 829
64 38 1940
103 2 4886
9 41 2949
92 29 4529
21 9 1829
55 111 3396
96 68 2220
44 39 4802
108 32 4328
11 30 2412
112 114 2086
5 73 1037
27 68 4018
79 20 2946
90 108 5080
22 7 4204
91 63 3361
9 48 2149
115 38 2566
116 84 454
103 109 12
28 103 251
9 116 2418
53 92 1244
11 43 2712
40 66 2307
98 118 2065
15 63 3715
14 105 1288
56 70 383
99 30 3873
69 39 3707
111 72 4083
9 65 1460
70 20 2563
51 109 2092
98 44 875
42 90 546
101 106 4568
20 18 4600
114 70 1805
98 105 126
57 101 1949
59 57 101
25 40 2365
114 2 3290
92 0 1412
28 84 717
115 105 4389
32 16 4227
0 35 3243
18 112 1055
115 93 900
55 116 2809
72 79 221
113 21 346
48 36 4773
90 39 4887
91 86 2917
113 74 482
73 20 1197
10 47 3063
93 116 4299
52 94 2245
13 95 3917
104 30 4021
11 34 2848
96 91 1731
70 54 5032
59 85 3634
17 3 978
108 75 231
76 107 1326
34 47 4423
111 70 3941
75 72 2676
22 117 1631
5 103 1192
24 101 721
29 20 1428
107 81 575
21 45 4047
30 97 4115
21 52 4453
44 27 3335
88 91 674
60 104 4023
20 31 4926
72 77 278
81 3 196
40 48 3623
82 81 1538
43 94 2229
102 97 2602
110 87 3703
23 50 1752
5 52 1922
38 15 1707
60 27 2245
88 78 4265
65 67 3286
113 31 3578
54 66 655
63 24 1615
50 83 991
12 108 1245
119 31 144
98 116 4902
2 58 2809
25 59 4104
73 43 4914
100 59 1468
73 19 65
50 36 1001
41 22 4969
101 48 2591
30 48 1193
107 46 4663
80 32 3584
110 11 1625
69 76 521
38 58 1587
69 83 1787
117 119 484
75 2 1430
102 19 2629
98 47 343
16 3 2579
47 57 2391
62 36 1117
98 6 1700
116 95 3422
87 106 2752
107 26 4213
15 60 1964
74 72 2708
101 11 644
6 38 730
7 115 4859
34 25 4694
4 83 717
116 90 331
93 73 2560
0 12 1308
115 52 1140
86 33 1976
90 32 4654
104 71 893
21 17 4288
76 84 1601
11 108 1010
47 12 4649
88 86 1120
67 91 658
88 17 696
104 112 2200
14 39 370
66 73 1887
20 108 371
102 82 479
117 102 1503
96 46 4366
81 111 464
43 35 1635
106 88 851
96 48 3832
40 43 1644
93 33 1580
49 80 4860
4 34 3631
106 80 4543
80 97 3460
68 100 844
30 93 4477
12 66 2016
33 9 842
20 48 4892
45 14 4071
70 86 4956
87 116 3012
50 118 4372
35 57 10
34 32 2285
19 56 5055
61 34 3579
37 30 771
66 102 2872
58 30 3401
15 25 734
26 88 3476
24 0 3700
26 19 472
87 20 3193
106 110 1347
27 86 1115
80 43 2374
56 16 3841
105 94 4878
24 46 24
63 66 2585
76 21 3044
109 75 168
50 102 2690
72 66 2310
33 11 882
30 119 1728
76 57 2578
74 76 241
100 108 737
39 93 2457
107 38 177
49 12 3107
40 101 876
7 40 356
65 79 2341
80 61 819
58 28 2865
17 84 3452
28 22 3410
41 11 286
30 87 4144
55 6 3371
14 69 1290
103 68 2175
58 73 4664
40 14 432
84 52 3121
50 41 2737
119 91 1021
6 24 2838
2 9 3608
108 54 1363
41 60 1178
118 5 299
117 64 1477
33 115 3786
75 112 1330
110 37 1916
87 22 2483
5 33 1440
104 32 852
35 87 4088
58 112 3804
50 84 4813
65 30 3516
115 103 718
17 111 460
29 87 948
38 60 1051
35 11 423
109 77 304
94 108 1390
91 15 2289
64 55 1459
6 88 3267
108 118 694
8 103 5014
36 62 644
25 71 1543
83 113 2425
60 55 3418
12 33 1451
34 76 1194
57 100 3566
66 118 4964
13 105 1948
84 75 4401
18 11 1618
51 31 2706
42 12 1297
24 47 3668
46 73 1029
72 35 1850
50 46 2507
15 44 395
88 25 291
96 99 2369
105 33 2222
6 112 1951
4 18 3504
109 43 2054
118 37 1012
30 52 2427
61 16 2102
117 16 2902
103 110 2100
45 0 1056
76 82 1078
64 110 3828
41 39 1817
52 59 238
55 53 825
53 74 4429
111 42 3065
27 104 3579
46 115 1709
16 72 288
114 11 4378
41 51 2927
36 45 253
48 78 4792
92 38 1895
15 18 871
106 115 1629
95 34 4008
66 43 4078
86 44 1963
68 29 4483
17 22 2664
108 109 4229
29 75 584
119 90 1249
18 77 1344
14 28 2303
47 32 2616
19 85 4280
105 48 4744
100 114 4089
11 29 3006
20 100 4586
77 85 314
79 45 1716
19 101 4634
104 11 3184
92 68 2421
114 95 3376
101 79 1087
107 102 3452
53 64 3164
115 33 4506
53 114 652
8 85 2405
9 101 2228
32 93 579
50 48 410
16 11 2520
12 57 1919
97 80 669
111 79 4371
21 11 1862
105 103 1206
45 41 3229
60 37 2485
50 119 3134
70 73 817
14 49 5065
6 3 4266
58 60 2859
36 51 3324
117 34 2867
9 44 665
68 82 3271
76 81 1514
14 92 191
10 60 3514
24 103 1874
93 112 2471
18 37 4153
44 9 507
57 41 2196
40 83 4738
15 110 4744
7 59 3268
85 59 781
36 10 3593
58 11 4877
95 45 3925
17 82 265
13 108 4663
34 117 1391
72 19 1929
9 15 1054
116 108 4389
118 59 3754
5 24 3073
68 109 2129
6 10 3911
102 29 5081
113 79 1802
38 100 3927
44 14 2676
15 49 4062
36 58 836
20 0 2724
33 39 788
114 30 624
46 82 3753
116 104 3009
34 101 4615
83 14 3670
108 41 3339
94 40 1650
64 90 2045
17 47 2438
52 7 3248
55 35 503
18 10 1755
10 72 2086
72 102 250
14 75 2151
64 11 2554
44 97 3376
60 28 3869
46 49 565
51 91 3427
10 73 78
116 69 463
53 2 3819
95 3 271
99 69 1866
102 66 1448
84 46 753
33 72 312
41 70 554
77 91 2630
115 69 3510
97 64 3743
37 19 3774
118 20 2038
113 72 1528
9 72 2151
9 87 1914
60 98 218
55 81 2213
70 94 42
18 84 4869
82 15 4609
101 15 1454
13 75 3493
75 107 1429
107 13 2702
32 51 2256
106 37 3038
71 73 3860
36 55 1835
70 19 1736
40 104 3680
115 67 704
92 11 1356
52 83 3058
116 82 2760
113 34 133
88 21 2627
75 61 472
71 24 179
26 82 2649
65 61 442
88 113 1141
60 44 2582
84 53 764
66 119 3837
74 73 1449
52 114 847
104 27 427
50 90 4409
18 56 1459
0 32 4446
56 88 1747
42 72 5019
76 33 856
0 41 208
55 15 2777
42 91 296
97 83 1729
102 94 250
112 48 3818
75 25 3505
10 105 2639
116 106 932
72 71 164
106 93 1294
8 5 4169
102 5 1386
112 25 4070
69 14 512
79 104 1097
31 71 2739
29 77 4157
33 58 1445
42 117 4835
9 114 1684
87 59 1914
2 29 2615
81 87 4396
30 61 1386
42 19 4775
5 32 2201
86 6 3760
70 75 383
6 74 2313
37 103 4733
72 68 4623
55 107 4146
112 111 2526
59 111 3970
118 81 4814
106 27 3502
63 118 3269
72 65 3652
83 57 3806
97 98 821
47 36 2085
58 0 806
6 44 4803
104 110 3646
7 62 1519
53 73 4416
48 88 5029
24 71 4983
78 118 5046
47 39 910
118 19 4696
82 2 1273
75 82 518
100 72 1258
97 79 3791
55 49 4163
90 11 281
87 84 2685
97 95 219
71 11 4093
106 69 3206
79 90 3452
6 51 335
35 64 5029
59 49 2474
28 112 4679
53 34 152
61 116 4492
18 67 3453
68 16 4050
53 98 4868
103 90 2741
3 68 1081
107 112 1509
86 83 465
20 114 1012
76 113 2403
110 22 3550
111 61 505
4 72 3870
45 4 1879
27 83 3955
5 67 3005
55 92 927
116 4 1884
113 15 1652
78 15 2463
74 62 4754
107 40 1785
72 115 4504
92 103 3481
68 22 3085
69 77 4956
96 12 437
79 44 648
66 28 1828
43 79 3190
74 4 3427
44 68 3005
108 6 1468
34 38 1003
22 66 4046
38 27 4226
103 50 1692
58 74 3286
88 19 1671
115 86 3649
5 112 2501
6 108 844
53 67 3929
25 9 4470
12 88 3540
103 92 476
114 65 3181
45 37 213
62 13 827
87 21 1962
72 49 3182
56 12 3880
29 23 3314
81 63 668
75 70 3723
45 87 568
47 85 4354
12 76 2419
115 99 3933
77 41 2118
56 79 2871
47 43 2874
6 30 4515
93 54 4856
39 87 3532
27 107 2495
99 26 3220
77 102 492
111 7 968
92 94 370
18 65 3045
76 5 4366
4 87 3938
108 113 3908
52 103 3651
73 115 4568
79 11 3716
46 57 2762
113 47 3569
79 54 4212
58 99 2118
18 41 1222
26 59 2384
21 19 4523
8 25 595
93 34 2969
57 59 3921
119 66 3301
13 99 1775
27 118 1344
22 58 3861
61 4 156
54 27 3973
50 31 4679
39 21 2982
65 108 962
41 88 952
107 28 853
43 10 2367
96 58 1207
5 35 1582
22 88 2652
92 105 2298
19 76 1070
14 35 2458
102 11 3448
12 58 138
39 46 3733
26 0 4951
110 63 3802
95 82 120
27 57 1078
97 54 3164
82 104 3407
45 118 2330
37 34 2352
34 49 273
53 94 3617
60 39 4654
64 62 4192
93 66 1605
64 42 4421
4 77 1261
43 82 743
72 8 1453
92 76 1234
112 72 4848
48 104 2904
83 10 4944
53 102 2564
105 2 2143
50 79 3881
27 56 4151
62 86 4895
35 105 106
99 104 4629
40 90 470
85 108 740
21 46 4321
91 36 181
69 98 3749
33 119 3289
97 72 2766
27 62 4236
105 26 3313
104 67 2927
99 20 2635
52 78 4454
100 23 439
28 2 4411
97 0 1309
19 52 2927
28 56 2048
109 80 1228
82 54 1167
62 106 698
66 88 3898
39 99 2861
6 115 1990
3 88 4411
103 55 3303
79 72 2178
67 58 4259
46 23 1285
14 72 4741
57 51 3493
117 68 504
36 73 50
70 117 2727
106 9 4611
11 96 5000
41 66 1067
78 49 2398
118 9 1727
59 94 473
61 32 4760
60 81 2735
25 15 544
105 79 488
67 109 913
38 48 3599
99 4 1678
93 77 707
61 58 1852
72 90 3751
108 19 4223
9 117 1811
103 43 1321
62 118 4485
90 62 4542
83 84 2005
109 37 1174
16 41 191
62 90 1473
68 117 1090
110 88 4644
94 59 4465
80 75 4340
75 117 1854
43 44 4936
106 87 1932
29 102 136
117 33 1545
96 5 1660
110 65 3
37 21 2706
107 73 3938
74 56 3991
70 47 3284
106 23 2523
110 75 4558
32 70 592
109 8 4398
52 77 3080
78 113 3664
83 36 3950
19 116 2856
20 27 3457
2 39 2270
49 93 4225
44 52 3559
17 18 3752
106 65 1034
44 16 1906
49 75 4639
40 70 3900
38 35 2568
24 11 4640
0 37 2540
91 80 1969
41 36 4338
99 10 1623
104 6 4138
70 44 3114
26 79 1915
18 12 2115
47 8 427
30 98 1201
38 75 239
98 52 2379
10 9 3458
45 77 4926
25 118 1010
83 35 2570
26 58 2929
11 2 257
7 67 1619
37 41 2
93 87 2569
68 2 3916
56 9 3153
93 7 1492
97 56 448
5 84 3486
8 92 505
100 67 2616
45 63 655
34 17 66
38 108 4889
95 86 1946
56 14 3795
105 99 1205
87 48 4920
74 51 2158
51 114 1780
42 85 4340
87 3 4139
9 39 4513
39 74 613
60 34 3940
105 98 808
48 35 3458
64 40 91
50 107 2185
41 5 1051
32 56 1658
33 2 2494
12 64 436
68 71 1560
51 36 1017
117 75 3315
84 74 971
61 110 2041
56 113 1806
46 14 2328
74 35 3540
69 104 2987
15 8 3581
13 32 1124
42 69 956
97 61 4934
23 109 3618
69 61 4252
4 115 2029
23 9 1149
22 23 2290
86 39 2895
93 27 4787
66 86 1131
56 60 3984
9 111 3035
65 28 1779
109 9 1742
6 66 2829
48 15 1957
3 74 676
74 94 4601
62 45 2263
117 80 900
5 41 3917
36 40 349
87 86 914
61 81 23
110 17 3675
26 76 890
13 49 189
6 101 1667
39 94 3166
85 47 2674
44 0 4574
23 104 2082
64 105 3842
54 45 1880
42 9 1011
13 55 454
96 93 4792
10 80 2870
119 30 233
117 49 4011
40 21 2696
102 84 4325
26 108 3850
7 82 3898
37 35 4635
55 78 4998
91 97 3209
104 21 2463
60 106 2278
79 117 4528
27 24 861
25 41 3088
65 107 3094
54 6 2218
76 40 4439
109 99 1669
106 83 1179
36 95 2551
62 29 2856
30 31 3039
51 54 2259
76 4 4206
34 116 3723
4 13 425
2 90 2960
15 114 4030
101 2 1095
42 112 4256
59 102 1999
112 27 2144
44 32 489
61 44 4365
11 26 434
75 38 1913
18 15 4403
27 102 4201
28 17 2086
102 26 2252
12 94 98
117 19 2418
116 5 4721
39 14 2146
49 110 4333
92 23 3527
58 98 3471
77 97 3153
36 41 2074
83 62 3460
113 55 2620
69 31 1394
107 58 4007
109 18 2322
9 43 2935
4 3 4257
48 25 1184
66 87 489
0 24 696
38 67 2891
90 48 3918
82 19 2981
47 61 4503
28 15 3461
35 53 657
113 100 1569
109 20 464
109 13 2056
53 80 3444
91 108 1084
10 4 3739
33 32 3874
91 69 3808
66 41 4290
97 22 4926
41 26 5005
69 54 516
67 35 3115
32 114 2874
75 85 4633
98 16 4988
110 20 4359
47 15 2323
110 116 1353
111 53 201
69 116 3889
92 12 2789
49 20 2313
2 64 5052
73 26 1344
18 43 4009
29 67 246
66 58 4246
12 8 4483
11 75 2312
65 101 2214
98 100 3314
4 93 3823
14 12 1354
70 116 2878
23 76 1276
26 2 2634
16 67 2228
104 86 3865
92 25 515
53 82 2047
24 93 3587
5 7 1720
103 74 4837
60 80 1224
20 44 4832
9 74 766
6 82 1503
9 24 3183
63 29 3793
74 11 3562
6 29 2787
77 105 2448
81 57 2861
106 26 135
15 10 3742
103 102 2264
51 83 1332
68 45 3504
40 75 2984
53 39 3987
37 107 1351
115 59 1402
56 35 3081
19 27 1797
85 116 5033
98 21 1531
97 37 4851
2 12 598
73 109 1030
19 20 1282
102 52 4593
90 0 4414
59 92 1480
111 80 2995
80 20 4181
62 119 2878
67 20 950
60 83 1633
76 29 662
4 31 3556
19 114 747
68 20 2374
17 13 1225
37 100 4858
47 25 1278
37 79 594
75 52 2319
34 41 151
18 111 845
21 100 530
41 21 3741
85 8 3109
0 113 816
91 116 1382
26 65 113
82 28 2628
84 94 1453
6 84 3746
103 13 1231
64 102 1433
32 116 691
83 70 481
20 82 1880
45 116 5075
3 103 3500
98 8 1758
34 46 2047
87 73 2847
72 14 815
63 58 1993
69 73 1548
64 46 3665
65 6 333
31 3 4743
33 100 3925
84 11 3980
106 2 265
55 21 374
53 66 194
95 22 3148
60 13 564
101 111 3010
0 117 1891
109 53 2655
108 65 2336
21 24 4168
0 112 1267
88 102 1297
33 90 538
23 3 2053
78 38 782
19 0 2955
9 68 1773
46 102 1535
84 82 3242
53 48 4557
91 26 3366
37 80 953
41 110 4954
46 113 4511
28 107 99
58 65 1059
114 40 2115
73 110 447
58 110 2311
44 73 2154
119 43 151
10 64 4789
25 74 3305
112 31 1241
16 32 3117
61 97 4494
11 18 3599
101 114 3827
38 85 3411
110 21 112
7 49 274
92 86 4789
30 64 764
84 44 1040
118 31 1755
55 77 2711
73 77 374
93 108 4721
90 80 1514
75 4 4476
49 59 4903
30 63 2546
45 72 2442
25 84 3729
37 14 1262
4 55 3126
15 94 4837
77 53 4519
40 41 4395
14 114 2056
68 60 4568
81 90 947
34 86 709
116 3 3661
42 17 4606
52 76 470
94 11 1727
63 21 4336
104 108 152
100 58 876
66 67 4948
56 96 2781
118 95 84
12 117 1689
58 92 3164
100 24 444
45 40 2481
119 34 530
29 63 4993
35 90 2970
21 92 1390
113 44 2109
22 34 3074
83 55 48
5 54 677
59 107 4051
38 91 5074
83 27 1674
98 9 4225
65 98 963
77 108 3938
28 76 3838
5 37 3021
94 112 305
8 33 2146
104 106 1245
76 56 4676
48 96 4632
5 11 459
2 72 2592
21 35 154
10 91 4508
51 90 3568
100 2 4843
13 51 4302
13 53 3228
102 33 1807
94 7 2649
33 45 1399
107 71 2554
23 45 4975
76 24 3711
0 67 3783
9 59 4404
66 19 3865
86 26 4225
72 100 2939
76 101 5067
87 115 4097
2 83 2441
106 78 1565
95 78 2277
99 55 3396
2 37 4676
12 62 2249
9 40 1404
112 57 3396
51 25 4223
71 5 1093
47 14 1607
102 105 4126
101 94 3228
71 50 3024
54 71 4527
83 67 1879
105 21 1340
79 82 2182
118 16 1719
9 99 2997
108 43 3954
12 31 3521
112 79 3927
10 79 208
11 88 907
103 9 4123
47 105 4928
39 32 1125
97 34 1438
59 105 3554
21 68 214
22 27 349
7 11 3539
20 16 493
61 17 1540
101 99 413
98 88 4912
116 55 958
24 53 4779
73 33 3665
87 98 2453
99 79 1204
50 5 172
76 63 1826
119 79 5010
113 67 855
61 13 4850
116 66 1363
74 92 5025
109 93 2733
30 18 2803
73 111 4012
81 104 3165
87 53 813
34 13 2341
16 107 3080
35 2 1236
49 42 2576
72 27 2649
57 93 4074
44 54 1295
114 71 1065
114 48 4355
6 11 2578
71 29 3483
4 44 2293
30 56 489
18 13 4727
70 52 3337
13 102 3251
73 101 4496
78 108 2999
19 90 103
42 88 4432
105 110 3382
64 24 140
57 22 4682
74 107 4467
68 110 413
91 42 1720
42 104 436
19 109 242
13 66 3516
96 87 1351
68 48 2942
49 96 4727
83 25 2996
2 71 2996
74 87 2207
0 104 2710
66 4 699
110 109 1664
60 87 40
56 69 2782
2 22 3091
44 58 3840
68 98 3574
80 93 2556
117 95 2332
102 87 2662
60 112 1483
92 112 4874
46 25 371
16 69 1728
79 24 173
104 117 4006
118 54 3617
94 111 3529
22 114 2111
107 11 638
56 33 2692
88 95 767
91 7 897
60 78 2854
22 90 1641
51 34 4719
61 55 3129
84 112 4600
49 94 4962
26 28 743
35 98 4351
119 9 1189
9 88 3222
62 37 3220
24 33 3185
53 45 3233
114 14 4150
11 32 896
31 15 142
75 47 1507
95 109 1148
69 60 4652
50 14 2516
70 112 3349
27 92 2098
18 55 4979
62 99 4611
62 5 1920
32 84 4334
59 48 4117
63 19 1739
10 99 3233
118 52 4123
47 17 4491
18 93 1674
6 36 2678
30 46 965
105 92 2109
81 73 3000
6 110 212
62 104 4188
16 55 4452
57 65 1060
5 99 4229
110 70 360
18 85 3333
114 80 2893
102 39 1331
63 23 95
65 71 2584
56 90 2376
56 81 1794
81 42 3140
10 33 1072
98 73 3355
7 35 2441
34 7 2910
55 84 544
2 77 4146
16 47 1076
5 20 902
53 17 194
111 92 259
55 50 4716
100 9 3877
51 16 513
26 115 1190
88 51 456
84 115 871
26 117 986
86 11 1374
6 9 880
90 111 989
5 93 1053
79 35 4208
0 96 990
103 48 2730
114 23 4704
109 98 3384
51 13 4500
18 39 463
68 95 3075
116 79 4502
58 6 3510
35 77 4009
117 86 1800
98 82 3494
113 35 121
3 16 1952
2 44 4255
47 68 4453
48 75 1767
17 26 2664
80 7 535
107 15 737
97 15 3566
6 105 2869
65 73 4000
52 66 3506
85 79 1760
56 0 4713
95 46 107
11 51 1141
13 5 4275
48 37 2939
96 106 752
31 102 1337
96 51 3053
8 40 4655
75 23 2623
58 33 4692
65 90 454
40 60 1481
84 6 1447
51 8 4984
52 42 1147
18 72 2845
90 117 1875
108 105 526
99 112 2174
12 42 2160
9 4 1369
116 15 1734
117 47 964
54 118 4818
48 86 3696
118 79 852
112 93 4782
18 94 402
73 23 4731
21 30 4170
106 39 1360
79 101 4073
93 113 44
32 5 3694
78 56 2977
100 4 1934
46 80 1255
64 44 5076
56 92 957
105 93 2416
101 20 4425
39 23 2292
59 52 4327
38 111 4889
74 79 3731
0 88 1076
106 74 720
59 23 2104
16 20 4352
81 30 2578
6 65 383
36 103 1218
104 23 4226
71 15 3238
54 70 3227
118 48 4822
118 10 190
68 14 2769
70 4 633
97 52 4831
39 88 2811
90 44 3326
10 75 868
114 115 3499
119 10 280
107 92 2601
16 85 215
37 11 4491
85 66 3215
62 58 4437
99 25 2077
44 23 1211
84 34 2883
77 118 1897
19 39 3077
40 25 185
16 42 1292
76 12 2132
0 60 3170
92 104 1292
49 5 353
34 35 4218
35 119 3596
35 67 4075
9 106 93
61 101 823
55 57 3113
83 64 1464
7 85 2065
99 90 973
67 106 4264
111 66 0
25 27 2469
25 34 3793
68 113 2625
24 115 4172
41 57 4440
52 68 1749
98 75 4891
41 24 478
74 98 156
75 69 3192
88 3 4655
93 48 3263
102 58 1801
3 92 249
3 79 2064
0 7 4723
51 78 153
82 42 3402
45 18 281
62 20 2897
79 66 3627
78 104 5027
88 52 861
112 8 4534
16 96 1997
84 35 3403
28 79 2715
78 64 4618
95 105 3488
83 33 1164
18 59 3115
26 110 4366
105 52 4842
45 95 973
96 47 1571
106 107 2025
54 55 1743
88 74 3284
28 105 3528
78 81 4028
87 36 3901
32 82 3097
52 15 3595
88 75 2359
51 49 3793
93 56 1591
0 75 3230
71 38 2008
4 67 3468
14 104 3770
12 45 529
6 73 3898
35 80 2079
18 66 2026
103 77 937
60 26 4134
30 81 3506
94 56 77
69 38 3869
33 25 1968
82 83 1250
4 82 3834
32 95 2823
51 33 839
93 17 3297
36 28 3120
43 83 3481
8 76 4605
19 92 3968
109 74 4201
112 39 3057
5 63 3866
93 44 2586
108 88 27
43 85 4433
39 84 1996
112 35 3113
26 4 4711
6 102 407
53 76 1008
24 110 6
25 55 179
8 100 363
19 81 3782
49 58 4420
51 32 3061
42 53 1199
44 5 4034
90 41 149
10 18 4776
32 101 3469
33 53 2432
94 47 407
91 88 1403
70 66 2593
46 42 3766
11 101 718
98 34 4804
9 16 3666
51 101 2904
79 10 4139
97 41 3172
2 5 2557
118 112 2618
119 61 1952
67 30 3265
55 87 1547
6 72 2220
73 4 1964
47 7 4961
99 37 4518
106 15 2449
17 15 1767
102 24 4789
59 55 1645
74 68 724
43 28 935
9 78 4465
61 60 4500
70 84 2682
54 26 2186
105 55 4339
32 54 2678
73 100 4576
44 108 114
103 27 1093
24 44 2137
81 33 868
105 104 75
51 80 323
82 8 223
85 113 170
7 10 3578
107 33 529
30 43 495
105 113 4200
55 48 4037
13 36 2587
95 92 3636
77 96 3188
35 48 4368
13 27 4890
94 69 1370
115 28 3407
40 107 4804
82 4 469
32 49 3485
116 44 847
26 46 892
61 47 1950
42 61 4200
78 58 183
50 23 5043
60 29 1286
88 13 3952
38 42 2559
114 106 1818
35 38 685
104 81 1703
118 69 3492
25 53 902
99 13 1383
115 19 2173
11 36 4395
49 44 1344
19 64 4866
79 84 3014
35 8 1775
26 44 4732
77 9 879
73 21 3304
70 110 2131
3 39 5009
17 58 4638
32 59 2
55 38 851
14 15 266
110 61 3339
74 105 3443
115 32 992
109 108 2269
106 91 3261
60 24 2025
80 96 3641
17 79 4153
46 30 4732
41 119 487
14 68 3154
5 18 534
53 3 4782
20 76 2168
50 105 4900
88 107 263
51 35 1489
80 103 4042
63 9 2962
30 72 1957
28 33 1676
35 107 4026
114 32 4845
71 51 1337
108 36 4218
25 69 1897
23 85 4830
96 38 3689
64 71 14
61 84 2557
76 112 4947
33 4 635
9 22 4652
33 102 467
4 61 4260
119 84 1915
66 65 2863
63 49 449
42 23 3490
39 18 3122
85 41 1640
88 112 212
11 3 3080
28 115 132
35 116 1868
27 115 3148
9 104 3291
19 87 2613
109 71 2340
45 3 3951
74 77 3299
105 50 4873
46 19 1504
82 30 4417
37 98 861
8 11 3965
93 57 1295
14 84 1478
4 49 3618
45 44 3623
91 115 4587
60 63 3078
82 80 4743
73 42 1126
74 93 2339
56 84 112
30 111 3158
101 35 689
53 112 1437
116 27 2794
56 44 1283
14 2 2695
99 29 3830
22 56 2211
83 42 3392
31 47 4992
24 61 2023
27 30 3159
112 6 4378
56 104 3265
96 110 4695
51 66 365
91 95 357
31 2 3889
19 108 4250
115 10 1635
81 65 3308
101 59 2357
53 90 2007
81 91 3612
22 74 2061
32 110 2339
20 56 980
90 102 4502
116 49 2714
82 77 3506
78 80 798
93 101 1219
117 118 3430
84 38 883
93 14 256
68 88 2252
107 68 1157
75 39 317
95 57 2396
18 74 4542
6 71 1368
28 20 2937
45 81 286
44 98 299
7 86 2912
31 39 3602
93 83 4752
95 31 1566
17 42 3284
67 49 3330
70 104 2796
33 51 2062
46 65 4553
104 82 3356
19 102 1519
83 17 3357
64 85 4529
117 38 1214
98 85 1703
81 94 3250
71 0 3242
18 34 4950
15 112 96
31 82 3450
90 36 2429
109 23 3188
28 19 3811
11 9 49
105 28 1306
85 30 0
64 76 4269
55 3 228
81 68 230
74 10 728
105 31 4715
10 102 3172
102 92 2184
65 45 1796
21 5 4639
112 33 4304
112 98 1732
58 101 2214
61 20 1256
44 104 2802
48 101 2263
80 24 878
34 11 4903
57 46 4796
85 62 707
67 33 2135
34 14 308
58 80 1999
35 60 1926
119 45 2075
52 47 3271
86 88 3149
88 105 2037
89 109 34
89 105 70
89 81 54
89 110 77
89 97 20
89 75 23
89 103 90
89 61 67
89 15 43
89 107 119
89 49 38
89 45 70
89 65 50
89 74 69
89 108 83
89 3 59
89 48 2
89 36 107
89 73 35
89 40 33
89 83 107
89 6 60
89 76 52
89 119 9
89 43 115
89 80 85
89 44 57
89 53 58
89 57 118
89 115 9
89 54 85
89 70 52
89 38 39
89 17 41
89 26 4
89 5 66
3 1 71
4 1 86
7 1 51
11 1 105
18 1 76
24 1 84
27 1 109
29 1 30
30 1 15
32 1 14
34 1 93
36 1 83
40 1 91
41 1 77
46 1 2
47 1 106
48 1 91
52 1 77
55 1 118
57 1 86
59 1 46
61 1 37
63 1 104
70 1 41
73 1 67
74 1 42
75 1 81
77 1 46
79 1 63
81 1 61
87 1 14
91 1 111
92 1 105
97 1 32
99 1 21
105 1 20
107 1 77
111 1 114
119 1 21
