19
76
35 141 4443
22 1 5442
96 153 1306
115 10 1510
88 21 2251
149 41 235
135 160 315
83 176 4443
17 165 4063
43 4 3708
55 50 5087
123 13 315
146 1 2921
11 107 5983
13 157 2941
173 37 2256
140 30 5292
165 120 1707
116 14 2585
129 121 2827
196 39 4443
30 121 254
110 16 1921
12 103 2812
39 64 2732
36 118 5990
192 121 4691
16 80 4959
32 20 2612
104 22 4747
120 17 4877
188 170 3401
166 160 1109
188 150 4870
45 135 4791
1 131 5020
99 137 1472
180 98 2418
92 7 2090
186 13 3378
102 184 1471
29 55 4130
182 59 4542
121 159 211
106 13 863
131 160 408
34 122 2533
61 86 2422
27 28 3851
34 41 5400
59 50 1112
119 105 4952
155 50 2182
105 191 4033
61 55 295
171 162 1663
102 163 4799
99 136 499
127 33 2329
137 52 1404
126 177 3816
4 96 2145
24 45 2153
94 128 3451
36 94 1997
38 8 4361
5 153 3589
74 140 3950
134 173 3924
17 155 2616
6 73 5120
49 85 5717
33 8 1974
134 2 4632
23 87 2497
103 63 5907
26 21 749
25 146 3579
65 158 556
173 90 5189
140 185 4734
145 192 346
160 184 1913
122 181 6009
18 103 5646
110 95 4959
90 43 3206
179 79 2111
158 95 742
55 36 1211
186 20 1219
140 115 2358
128 193 5445
14 7 3287
45 68 225
69 153 2730
28 95 5968
31 172 2299
90 194 3478
119 12 1224
199 9 669
152 154 2458
3 149 3415
171 195 5671
82 0 2283
186 11 5438
20 90 1371
70 37 3302
140 139 3796
97 117 4787
181 136 4060
168 194 4921
138 32 2898
81 138 2924
100 45 853
26 95 4360
128 102 2469
98 66 2962
78 66 4116
103 195 1107
101 5 1506
146 124 1916
15 99 4354
172 35 1445
13 17 333
50 182 4000
28 71 5700
82 133 2812
177 138 138
147 123 5256
155 161 2144
58 122 74
92 132 715
27 178 1159
144 172 160
121 195 2248
153 45 343
198 94 225
114 165 3022
129 54 177
94 6 4513
1 113 5715
193 72 2774
66 78 3158
61 16 341
95 155 1585
33 126 3537
21 112 3333
18 141 3949
185 176 4565
125 21 3884
157 108 5228
104 129 5344
4 102 1541
42 188 3750
88 11 1610
122 67 2200
49 145 2827
123 135 4179
192 89 3286
29 183 2977
56 39 3827
174 137 4198
161 196 2483
36 98 5994
198 109 3268
77 120 3103
49 16 5621
163 106 4518
163 149 358
152 172 5273
160 29 3830
85 57 2403
1 33 297
182 95 3191
50 160 809
95 130 4285
137 32 5787
120 191 409
24 42 2221
82 116 1637
56 187 1919
152 186 3452
5 88 4565
56 94 5337
110 5 3977
90 141 599
135 192 2157
111 87 3873
138 158 708
118 123 1665
86 100 2558
120 174 4778
122 187 1888
145 179 4389
152 167 5682
174 158 753
32 173 1161
154 148 4383
100 129 5734
130 85 918
143 51 4105
62 142 147
187 142 1272
96 121 3674
112 116 3950
6 168 5875
28 120 2598
65 60 5514
3 54 2494
193 81 1235
81 155 2341
171 164 4597
143 158 5150
3 117 4660
65 178 5888
44 63 3894
126 50 1979
155 150 5793
63 36 4401
50 119 4076
188 131 2543
17 30 3181
128 44 643
81 13 1617
27 167 5681
182 147 5413
66 158 1110
14 83 4537
67 172 498
1 190 5539
66 85 4969
110 39 1659
115 45 5710
92 21 1685
15 31 3759
110 26 3755
15 131 1220
136 47 2181
170 116 706
66 96 89
20 127 2011
89 134 5173
6 180 340
86 148 437
98 158 2077
70 79 4120
140 68 1604
111 116 1257
97 133 2618
177 82 4113
62 68 3943
148 189 439
40 72 1662
118 94 3120
188 51 5071
6 37 4824
119 29 586
21 44 3341
117 90 2453
4 130 4355
90 30 2558
149 93 1449
175 4 48
18 185 141
128 34 3577
23 132 5620
10 28 2102
122 65 128
122 23 3920
40 49 820
5 25 165
26 16 1662
132 83 1454
156 188 597
52 33 5037
193 93 2406
0 34 2030
8 162 947
117 46 3781
171 55 1568
84 99 5318
195 13 4568
177 176 5635
131 21 2228
11 157 705
188 127 3985
136 25 2755
168 140 3358
41 93 1238
83 111 3269
184 67 5800
48 192 2882
142 199 298
96 160 3749
45 40 4102
172 155 5774
22 81 3072
80 46 3461
129 156 2717
71 47 2656
12 153 2429
196 67 5173
147 130 503
151 161 1837
20 194 4853
118 146 430
0 127 459
12 134 5986
27 142 1137
22 104 5328
41 167 1169
96 101 4686
185 155 2473
75 54 3679
152 192 2630
3 189 2916
148 73 2773
56 52 2058
45 7 2015
84 58 1425
153 163 433
89 113 3898
40 168 3334
149 63 2602
75 79 5019
111 14 5237
185 190 3121
158 191 1873
97 179 4754
85 86 1615
59 28 4902
197 88 644
143 127 1757
60 192 3375
55 113 135
95 165 2721
93 43 739
168 2 3239
73 6 5617
108 7 4160
127 20 1951
54 93 5052
133 72 2453
101 85 4109
166 175 1059
31 43 3992
49 178 3245
55 9 3500
93 80 4531
40 68 5580
189 121 2987
139 9 3512
31 36 1088
116 124 451
57 7 5836
138 140 3316
83 155 4253
9 46 5940
120 179 260
159 91 133
8 130 4529
137 43 783
145 169 5912
122 148 1373
58 134 5573
40 104 5888
73 148 5188
16 105 5335
85 71 795
183 1 3314
184 151 1507
174 114 2917
145 161 1688
22 103 2119
147 44 2298
111 191 2021
128 180 6029
166 86 1885
63 109 2084
34 4 2537
161 121 1625
14 115 2436
176 144 137
14 181 3475
68 70 5364
57 90 1839
22 71 1812
167 163 2695
163 51 781
180 108 3586
150 137 5847
125 92 5267
110 144 3972
198 91 4410
53 153 4068
46 117 3754
115 142 5377
120 38 4423
26 166 5460
6 35 3668
116 175 3533
153 103 4487
157 78 4288
118 108 5121
56 133 4954
154 97 1612
15 1 3776
68 55 5299
121 2 3563
52 29 3789
57 165 4408
103 72 4628
149 42 1222
160 148 2432
99 39 358
93 63 2274
72 122 79
20 73 4137
94 135 526
157 15 5896
68 121 2552
164 196 1801
191 168 603
73 57 2393
109 106 2410
189 154 1721
192 103 3092
103 160 1788
143 104 3931
1 171 4246
145 74 5676
149 20 2111
86 13 4973
101 28 4717
167 93 138
6 131 1749
163 65 2091
186 196 5269
81 100 3408
56 38 2592
1 184 3102
40 95 898
14 189 5845
24 61 3682
135 167 1012
131 148 1624
24 192 2510
21 45 5600
147 145 3591
45 198 1102
9 50 4217
175 166 3837
42 77 2486
71 69 969
72 45 418
62 194 3824
126 81 5263
50 80 5347
193 124 4133
16 22 471
142 190 4329
196 109 2780
13 25 386
103 173 3368
11 166 332
142 57 2797
97 168 2483
55 69 3804
162 32 5390
194 119 2752
198 114 5723
79 50 5167
85 36 4180
188 195 1187
137 198 941
154 190 1153
89 16 4180
50 153 2455
92 30 3823
39 129 4609
87 37 2367
146 94 1648
9 101 4062
56 134 800
47 59 564
172 191 167
159 80 4747
110 175 498
94 50 5050
192 28 1106
87 7 1815
122 20 814
78 30 4769
3 2 894
59 83 1722
175 72 2657
86 65 3403
106 197 518
50 67 3534
26 184 5946
106 47 3033
147 9 763
183 191 3065
75 164 4440
8 107 207
90 140 1453
198 60 2797
87 186 4417
159 155 2697
108 128 4717
188 120 1001
108 117 5280
176 8 2386
189 107 3312
177 93 3880
30 84 3555
65 33 597
39 92 2431
192 86 1441
78 193 4546
64 136 2118
167 90 3968
178 6 1896
49 89 3148
47 64 1751
49 18 3765
63 158 2182
181 183 1237
0 155 5551
102 146 1955
39 69 4472
56 16 5347
73 129 1886
11 85 1888
8 125 1332
183 148 3884
141 125 534
142 21 681
152 13 5218
57 2 3480
185 187 1220
103 193 2136
106 28 1702
154 163 1351
115 74 3310
166 152 5676
167 132 5021
169 4 1103
72 131 3746
170 10 1490
1 185 1889
29 93 4765
49 116 455
48 146 1334
153 2 5018
147 46 4437
194 36 1373
28 143 4557
142 116 2975
135 161 4204
91 69 4689
43 39 2139
103 75 4159
99 159 2212
108 164 1417
53 66 535
150 144 2854
37 70 2551
39 143 2870
121 46 794
120 32 3180
87 74 263
24 167 1599
93 71 4626
39 145 4437
88 5 1602
143 133 4249
56 118 5741
154 137 571
149 26 3005
98 21 2482
151 91 5881
106 122 4010
93 113 5139
166 9 2449
111 135 1822
78 14 5051
163 31 2825
53 75 3922
94 57 44
158 109 4375
101 23 1615
194 197 594
176 165 5239
30 141 3522
3 36 946
105 102 297
163 86 2311
178 124 2633
162 95 4719
147 189 4871
148 80 863
134 74 616
144 89 4929
171 62 1906
133 40 1453
196 56 4054
133 128 728
26 103 5256
175 199 5617
75 51 1798
99 184 137
138 184 2068
154 29 116
103 124 1171
43 61 428
37 129 1061
163 151 2227
187 78 607
178 108 876
126 106 5169
152 86 3186
165 5 4566
122 147 5642
13 71 4333
100 54 5689
89 155 4961
43 6 2939
181 74 1696
95 138 4624
192 73 5286
182 84 20
130 146 422
193 50 1991
173 177 2675
56 43 5111
128 84 1931
188 27 5720
48 156 5661
137 91 376
194 61 394
100 125 4131
32 26 5051
29 126 1548
99 129 2163
6 162 1046
57 192 5627
179 9 1641
81 71 845
49 184 1051
114 173 7
28 33 3294
74 89 6005
39 128 4265
68 128 5267
187 8 1918
1 112 4855
195 91 1171
187 81 3848
51 6 3197
108 79 198
9 177 5296
139 174 2032
176 18 1822
196 75 2497
46 135 5090
40 182 5991
161 144 4222
102 68 1030
125 198 5298
190 27 1743
195 138 4281
91 37 3093
91 161 5503
147 141 3785
16 182 4251
23 27 1111
111 118 3973
70 43 3601
0 91 5828
150 9 2704
163 147 436
156 13 1082
63 75 2834
95 180 623
23 174 3504
146 90 4758
4 73 3454
109 60 966
121 54 1336
102 119 5473
91 113 5397
103 177 1374
104 46 3634
159 71 3013
135 171 1178
58 35 2509
182 15 4441
182 133 2041
0 55 4132
182 113 480
59 39 1821
157 178 5229
129 145 4513
79 100 4463
199 13 3975
21 190 2851
63 164 2504
38 144 1915
186 191 4813
164 10 5689
14 32 3920
114 11 4436
131 95 3572
33 68 30
81 40 674
100 16 589
9 149 3581
23 123 2507
10 102 302
165 61 5028
197 100 5948
48 157 1921
26 37 2813
134 4 5140
120 12 1733
191 6 3878
196 142 4877
180 30 2925
75 96 4382
135 122 5214
197 12 4477
15 8 3773
196 3 3140
31 82 4826
185 7 3440
32 172 2976
62 173 5980
178 2 1793
184 79 2345
37 96 2888
131 100 3694
118 77 3353
41 157 3852
87 26 1684
122 153 1176
13 143 4326
95 47 1427
182 21 325
193 166 2910
148 147 5506
51 169 4862
77 53 10
1 123 960
72 28 1639
25 86 1022
199 152 2345
183 193 3632
47 109 2090
68 20 5685
67 98 4579
117 158 1666
117 178 1097
23 82 4633
173 65 4223
179 172 2586
175 157 2960
93 127 893
59 14 5244
60 173 2698
23 142 4341
126 175 4549
125 118 3009
24 136 2611
115 129 855
26 69 5708
197 95 5154
69 149 4874
170 100 2577
83 23 5901
88 81 3215
4 105 5271
141 135 3295
187 161 450
124 172 5683
48 49 891
38 98 3900
16 107 4902
108 38 5497
109 64 1953
34 25 3773
15 92 137
169 27 44
78 8 4517
67 2 4546
127 192 4142
78 27 2061
64 70 4947
155 199 5731
172 113 690
67 52 2400
100 120 4487
20 61 5212
121 117 4304
117 152 947
137 46 5587
144 13 2818
158 27 2632
158 131 4852
179 158 1334
158 68 4688
63 14 4409
119 185 5774
70 139 494
42 169 5144
35 52 2601
50 43 1644
0 104 2394
134 88 361
103 43 419
143 23 4799
151 87 4242
52 34 2672
66 154 5001
162 9 3280
145 26 2652
15 17 661
172 142 1722
54 122 1490
188 115 5794
123 174 1954
53 74 2223
135 180 1771
133 194 5967
48 52 1803
18 61 5756
51 132 1532
25 36 862
80 51 1930
46 179 5403
96 37 3535
144 175 4043
196 85 1852
98 137 966
130 9 3764
53 13 5163
70 81 582
55 152 2609
0 63 5862
71 143 31
16 163 1262
198 143 2577
75 84 906
78 138 2647
162 110 3974
43 161 255
49 52 2817
67 63 3618
95 126 649
73 184 4248
126 43 1712
20 88 4248
90 59 1728
117 191 2550
93 84 604
166 13 4049
134 185 849
142 155 2510
166 135 157
30 96 4511
47 183 439
100 156 5430
80 121 409
40 52 445
61 198 1791
175 144 2933
168 152 1610
70 96 919
152 156 968
158 133 3580
35 11 3031
151 147 4001
67 145 5171
26 92 1048
27 39 2059
57 77 2731
146 98 3349
179 95 1112
55 70 494
92 94 2408
185 120 2034
160 39 2389
99 22 1123
73 195 5415
175 138 4720
14 55 5880
88 24 1589
160 133 3585
119 174 336
197 161 3300
82 100 2257
41 158 4468
59 2 4026
111 194 1295
13 50 5597
135 121 2311
189 166 4829
13 32 81
43 167 508
175 9 4148
180 181 2408
93 49 421
52 37 2980
47 146 2122
137 150 1940
2 185 4052
26 20 1919
40 71 668
161 175 753
118 61 4334
55 141 330
58 102 2917
140 15 2547
121 184 1182
49 73 3594
117 18 563
111 46 4690
178 105 4221
167 170 3337
107 187 4978
196 7 4304
33 119 1743
181 6 309
116 84 2631
64 73 2692
169 77 5557
157 160 5166
191 171 5430
185 30 4081
57 72 1688
115 177 689
164 77 5067
153 187 2236
152 100 2606
38 34 1715
156 149 4269
144 55 5990
127 171 4774
176 77 4423
54 53 5396
119 8 2999
25 105 4014
100 192 5653
167 104 2009
197 49 2478
145 140 221
57 107 767
188 71 4921
33 134 1033
185 2 3701
150 57 84
73 160 4351
58 16 2353
1 122 3150
172 104 513
50 92 2390
49 198 595
99 6 3197
104 181 5339
61 27 5620
55 193 403
48 162 4386
7 108 1502
66 22 2847
79 23 2397
72 2 5199
32 96 2790
179 62 4982
159 0 5017
87 121 5899
5 164 3650
45 47 1653
182 174 4807
23 178 4401
197 15 1447
89 198 5655
55 145 4016
23 14 395
24 141 4466
126 128 4246
9 78 1917
101 42 2139
110 178 1890
4 144 3315
44 115 5686
147 121 2720
169 82 1004
98 163 4219
184 25 602
22 110 5774
14 161 5875
152 148 299
168 193 5734
28 198 4591
62 67 1353
106 2 4287
68 164 3642
123 158 364
102 45 3252
180 55 1945
73 41 2515
198 67 5052
32 180 3519
39 156 106
61 33 5624
38 83 3020
190 86 449
176 148 434
184 96 1710
150 180 1561
130 165 4906
109 21 2534
24 20 5881
192 56 3595
27 174 1287
116 136 4012
73 182 2183
129 165 3957
90 21 2746
93 10 3658
7 155 2335
149 86 3448
62 170 2115
177 71 2172
53 48 5932
143 137 3908
132 35 24
147 79 2063
117 119 2611
197 167 1444
141 33 4920
69 50 1762
32 195 813
161 92 4285
107 20 5325
101 159 2442
67 74 2307
107 165 2087
60 119 3191
23 61 9
108 125 1269
60 52 1143
83 145 8
99 67 4940
196 162 197
144 30 3180
22 85 588
0 132 5419
181 5 280
39 125 4031
77 199 2716
166 85 2572
149 58 1298
187 44 2955
192 186 3141
65 111 2566
113 148 5398
104 166 1281
62 190 326
197 130 4584
158 166 4040
103 126 1611
20 21 196
101 74 4983
160 58 3769
139 54 4414
152 8 885
174 32 1195
73 171 3703
195 190 1380
105 98 109
101 81 870
150 122 1326
107 92 3844
189 132 2494
101 100 4191
113 185 5038
53 182 4593
150 181 1025
74 1 2998
37 64 3323
186 172 1929
140 79 3352
17 52 5484
114 158 1755
134 198 765
69 89 5652
131 128 4402
84 198 4331
11 114 5986
81 124 3386
146 102 3253
193 23 1865
43 47 4036
168 46 727
164 23 4318
101 82 4458
134 18 4021
39 83 4767
172 2 3941
1 80 1730
150 149 3034
75 95 1140
179 150 53
184 153 448
93 137 5435
186 195 4650
45 41 3207
102 173 5012
112 8 5952
193 73 2845
8 46 2041
30 6 995
161 6 455
41 64 5249
197 166 5674
144 139 5479
183 157 2691
160 57 3150
9 28 3675
58 89 2347
99 68 4337
181 184 3559
117 11 3508
81 11 2296
47 199 4601
21 107 104
52 102 161
96 199 3482
172 164 993
129 23 4643
92 42 2943
162 12 5305
67 117 1529
89 65 1368
91 28 3007
99 84 853
3 70 1944
140 118 3331
161 192 373
14 74 5951
117 50 1047
191 188 2414
90 81 2240
108 138 5286
49 58 112
142 6 1846
6 166 4632
189 106 4550
118 28 977
197 147 4318
80 11 5722
129 109 958
154 49 2309
52 17 5965
22 93 5285
151 148 905
20 13 3906
128 191 5310
47 29 4673
126 90 677
16 48 3694
70 130 2045
159 165 5236
161 17 1232
123 124 814
1 50 5771
54 186 4676
18 149 382
73 44 5361
84 95 4778
18 35 2093
136 37 3144
23 120 3042
124 151 3249
55 49 3873
34 133 4867
36 39 2032
28 5 5792
119 85 3337
125 165 2220
36 126 5980
191 163 2749
7 139 876
77 25 2900
149 184 2301
91 117 1026
152 153 3068
77 189 4872
60 100 4229
82 40 5569
188 128 1609
150 148 3239
1 186 937
195 136 1477
97 164 5929
92 153 1013
29 180 1701
107 63 2384
197 181 1805
53 6 970
133 188 3072
147 154 1116
92 69 1375
6 92 1530
46 98 133
87 131 5804
121 155 3967
41 77 5124
101 128 205
8 151 4604
59 20 2015
184 73 5407
194 142 2530
44 124 1497
138 101 1885
59 107 2576
62 26 4580
108 116 5298
20 9 2001
138 149 4484
199 24 2490
3 86 3063
107 43 656
181 142 5290
117 100 1095
140 160 2951
69 176 1171
179 115 718
75 149 3445
43 82 4535
136 196 3329
66 127 2180
22 69 118
88 62 2359
140 138 1148
77 126 993
70 9 5647
97 122 5062
10 173 1712
141 127 5983
81 51 3378
130 83 2259
71 171 5080
152 51 4272
51 175 2657
148 158 1196
66 114 1931
63 197 5619
54 15 3567
112 60 2527
129 18 4289
124 34 4504
178 42 5211
97 91 4588
160 150 5113
175 74 4377
92 29 2788
74 34 851
140 40 4313
90 139 4155
190 117 4710
113 104 1963
156 113 3662
70 118 4043
154 188 5898
16 97 5958
1 164 671
85 50 3581
192 50 4723
61 49 574
175 53 3366
4 108 2537
110 90 5386
39 113 1310
160 8 5047
156 197 1394
157 135 2537
186 185 5708
168 113 1569
169 41 4514
142 40 4888
135 119 4738
21 192 1027
35 158 723
22 193 5045
182 151 2885
111 83 4841
184 16 3273
195 24 896
42 175 3953
113 159 5276
192 142 3791
15 65 1231
36 32 556
89 132 3335
7 66 2130
81 118 3296
105 68 2483
138 172 4265
2 177 2399
171 61 1687
166 67 1060
96 8 2790
126 186 889
22 154 4964
191 11 2413
13 120 3375
145 77 1283
147 158 2065
120 16 2674
34 23 1934
80 186 5095
79 73 1447
1 85 1754
133 61 1199
72 59 1447
178 171 5459
187 106 183
104 153 3749
65 70 251
105 10 4690
163 104 3142
175 55 4589
135 118 1324
36 33 5963
110 60 66
38 172 3473
193 117 1025
91 70 5354
158 146 4538
122 195 3817
2 140 1685
197 87 171
171 187 2862
31 22 3467
53 187 273
127 179 1372
181 147 4101
105 169 665
120 74 5875
41 173 1410
161 78 2275
11 71 556
25 196 2485
146 101 3126
5 170 1404
174 70 316
182 52 157
137 116 3655
162 168 2738
194 34 2
101 71 792
99 157 1241
7 183 3394
195 2 1084
87 113 1582
95 163 2813
52 32 3134
188 145 2651
171 80 3732
56 70 3895
109 94 3351
183 145 4330
132 122 509
68 155 5293
15 27 4045
7 83 5210
146 82 1405
180 160 92
5 156 2033
155 170 1527
145 126 4697
30 64 2042
28 157 915
91 46 2313
153 111 2412
1 106 3475
173 181 515
151 121 2328
150 30 857
130 81 5542
179 42 5664
163 150 1787
149 54 5701
35 93 5755
195 155 206
195 59 3364
188 65 1517
29 120 4935
21 51 1776
186 139 1916
182 189 202
88 59 692
108 140 3274
16 7 1177
107 193 3152
14 37 5488
95 107 902
121 152 2774
135 42 2056
103 45 1344
73 103 4209
75 106 409
184 26 3079
10 15 3135
131 190 270
103 74 2656
17 97 5243
152 28 1676
5 175 2399
181 33 1826
126 95 2189
133 151 1831
146 107 327
136 20 1048
82 56 5866
131 167 1926
47 88 590
174 81 1827
78 143 4803
55 92 5001
137 69 2433
62 183 2778
194 128 2824
56 44 1575
37 11 4169
131 52 3511
102 46 5374
96 79 3264
152 87 4682
67 133 105
138 50 5232
135 73 5976
78 157 1903
58 177 5097
88 38 5477
174 7 5679
142 150 5420
50 129 1164
36 157 1092
68 21 4493
8 137 4809
22 75 3067
149 134 3291
160 63 3717
82 96 2618
168 87 1338
30 140 4420
23 8 3050
44 18 4200
190 144 5940
176 140 2260
62 144 2020
138 53 3218
186 53 5824
194 155 5622
173 7 5626
167 10 3566
26 133 3661
152 155 968
4 152 4203
170 13 4501
193 106 1830
46 166 1944
83 17 5376
83 103 2169
41 145 5348
35 126 4327
162 164 5554
177 173 5904
56 192 4939
38 125 1048
90 11 4644
152 150 2994
36 41 1959
183 5 4771
187 115 5811
170 153 3349
141 52 126
147 83 1147
25 112 3974
126 78 2967
6 156 2809
194 60 1578
40 97 4350
95 38 3287
78 134 1400
35 105 1934
167 43 278
0 198 888
148 176 1046
103 106 5747
7 39 745
118 181 2621
146 152 1088
17 39 3945
66 65 5977
140 44 4195
94 175 4796
67 31 4810
37 186 4919
64 87 774
116 154 4056
167 161 2206
80 72 4222
187 169 3666
9 163 5514
75 83 1871
37 35 5196
56 51 2581
39 151 2546
68 148 1241
25 135 70
187 38 528
112 138 4185
196 35 838
12 59 121
92 142 934
187 62 1187
12 133 4907
127 178 5664
182 126 948
6 66 3902
13 131 3766
113 194 4967
158 149 2633
118 22 3400
94 49 2925
161 46 5674
156 22 1022
87 114 1202
11 198 1640
32 5 735
107 178 5072
116 190 3328
6 189 1921
121 95 3980
148 93 907
77 169 1325
110 152 227
157 186 2095
52 13 78
14 187 5760
142 44 3398
103 25 2501
174 111 836
28 74 3628
169 3 482
131 39 1207
154 32 2993
91 102 3603
182 110 133
198 52 4572
56 129 533
1 140 4644
68 188 2022
10 93 3114
114 62 1335
163 57 2024
42 118 4599
14 79 1376
174 35 2133
95 18 5332
107 173 1062
167 186 1948
187 199 4226
194 122 2031
56 7 5637
66 137 4974
134 94 3039
112 146 1845
74 64 2645
155 79 2759
10 141 5446
141 7 1708
137 50 5618
91 186 2290
47 162 3994
126 7 2051
28 15 4274
79 82 910
8 45 3512
30 86 4948
49 138 4559
3 147 5611
147 66 3119
42 25 2002
31 25 3739
31 67 5578
198 96 3767
1 150 4640
131 93 4512
33 199 3143
151 106 452
185 51 1406
99 71 131
146 34 3606
177 52 1122
109 156 3563
133 64 5473
198 124 3841
47 107 6028
61 111 5353
42 91 4654
131 154 791
174 184 1398
52 156 3137
162 125 3820
68 33 3292
3 160 2975
114 175 1940
165 46 3406
13 90 4784
3 88 4995
65 188 1786
182 137 2740
198 193 2826
16 111 2055
53 61 519
33 50 766
54 51 2936
44 131 4088
195 4 958
193 66 5016
11 122 5911
36 164 1337
130 112 234
136 77 2337
172 165 4107
70 36 4758
17 128 3353
188 40 3179
176 99 3015
182 11 30
191 71 2591
4 127 4956
133 7 4401
57 24 3993
138 178 291
194 105 5606
39 191 1983
60 183 3512
17 129 887
149 192 3811
186 102 4272
14 127 1580
175 44 5771
165 85 5196
70 4 3993
83 112 5192
181 95 499
164 37 2768
1 94 2357
191 43 640
172 16 3649
99 94 2569
158 102 5330
180 73 5452
176 134 2876
67 141 4900
128 178 3223
160 114 4786
57 162 4875
154 172 4193
156 194 2670
59 176 5424
49 129 5291
152 127 3179
81 61 2202
32 163 3523
131 196 3405
34 30 2046
90 160 1922
150 110 2573
107 44 1222
26 162 3086
115 162 5425
166 92 895
181 21 230
88 127 2881
107 15 3628
119 89 749
191 116 2640
149 168 5568
106 198 658
7 8 4912
171 133 2827
85 2 1187
54 86 5452
13 7 2927
16 183 3449
102 28 4117
14 58 2502
190 67 1933
188 117 2174
155 52 869
1 176 3614
137 170 2006
151 90 5187
181 0 5276
43 117 5392
75 130 2337
188 88 4794
122 61 1764
38 31 4620
127 53 719
193 95 2933
80 155 5249
179 50 3603
183 88 598
95 43 4588
43 169 5267
24 193 2785
78 89 3570
102 37 5170
74 152 3425
140 75 2030
95 65 5761
71 96 4225
35 67 1498
127 87 4848
59 191 4059
120 114 5131
121 8 3962
69 41 5418
4 84 3951
52 95 5424
84 160 42
3 141 1382
82 183 4246
118 124 3639
15 80 5831
131 125 2967
131 156 5677
126 131 4273
87 33 5032
66 182 170
145 173 5235
83 75 2487
125 63 136
72 12 858
90 104 3226
178 162 1564
152 72 4074
24 121 2271
135 79 3425
72 33 1147
154 18 3267
91 100 2745
37 153 383
39 164 4047
29 7 659
122 169 5510
60 168 4639
152 164 4840
11 4 5614
63 21 1207
55 132 329
142 41 4698
104 60 1878
188 91 619
108 159 1319
3 71 1910
130 189 1421
12 194 4154
195 9 2586
196 118 2526
124 69 185
145 158 4480
108 0 714
133 186 2458
70 99 2477
54 135 3950
163 68 1102
191 93 4397
100 142 3137
183 70 3962
63 125 1237
194 70 5187
196 17 3419
194 144 1991
94 127 1634
165 152 5438
192 57 4376
123 160 1016
13 135 5967
133 42 3645
51 32 4280
182 24 886
88 16 4096
167 100 2779
131 1 2150
98 6 70
199 159 3221
182 17 1868
93 140 3052
151 157 5995
181 125 5669
188 74 203
37 163 340
81 73 2932
136 72 5033
109 73 5509
103 27 3642
142 100 5243
181 11 5226
120 68 4084
36 88 549
80 40 1913
10 104 1984
156 51 4597
33 77 1287
79 155 3595
116 79 5725
151 198 4849
163 113 648
66 141 4389
78 147 5216
79 60 3447
23 157 651
176 152 5398
2 10 4111
143 0 5629
157 110 5538
150 165 1403
58 32 4564
107 131 5974
151 82 5588
139 87 1715
186 199 4271
98 135 3491
152 134 4476
164 14 473
99 45 4727
96 167 1820
10 195 5689
64 86 3567
49 22 5880
130 80 908
127 47 2257
107 89 1430
185 9 5088
73 180 5576
6 174 3386
156 133 5037
130 120 1287
55 94 5385
7 188 1014
28 162 3514
171 77 3161
124 28 5089
86 135 1948
90 52 491
90 112 475
142 33 4610
170 141 1736
35 194 891
27 61 297
29 132 2088
150 56 2578
10 96 711
64 16 4514
68 49 4099
110 128 4558
131 61 2493
150 89 1978
126 40 1137
40 145 527
2 52 2800
34 92 4348
188 57 2951
16 61 133
130 57 1312
197 125 1837
169 80 3000
145 51 5722
163 50 4386
59 16 5139
182 114 2953
160 65 3380
65 146 143
147 110 2070
73 62 2975
45 12 1686
150 43 4903
181 88 1631
47 123 5901
48 176 3545
78 179 1710
162 5 2442
14 191 1307
171 52 865
124 22 1626
136 109 4958
22 37 1882
192 46 85
137 92 3408
63 9 1454
85 69 3695
82 122 241
51 57 4949
68 120 1219
0 81 2003
90 152 2042
20 120 1247
112 11 4881
120 168 3973
70 63 5689
154 143 2084
96 163 1366
161 16 307
52 84 3989
138 100 213
123 199 5203
55 121 1787
150 8 512
125 101 3267
29 135 1572
114 162 2591
70 185 4877
93 75 4525
167 54 1122
132 116 4582
165 123 3117
66 112 3400
116 110 1793
86 52 296
159 131 2771
89 28 3570
54 182 2325
35 42 1550
80 41 5109
166 56 4105
56 95 2476
126 88 2906
182 38 5141
159 184 5422
168 135 2661
1 174 112
190 5 4418
35 54 5806
3 136 2639
94 93 549
22 170 3859
142 61 428
122 91 1422
136 81 1190
45 81 1284
157 191 1106
51 112 670
151 59 3707
103 89 2267
118 150 83
40 74 5325
145 25 2743
114 63 3810
100 147 5204
149 90 3419
154 23 3133
87 95 4291
28 118 202
98 168 1867
27 103 2400
59 51 988
170 121 5197
130 30 5057
85 18 87
161 8 2205
132 86 5685
125 75 3488
118 84 4531
38 46 4366
152 109 316
152 106 34
123 97 2966
140 124 4887
62 60 1633
126 153 2406
32 14 2952
61 140 3223
46 97 3941
89 189 1090
189 13 1656
195 171 4388
86 117 230
8 178 2281
141 91 395
26 129 4298
10 46 908
80 164 3777
121 160 709
13 80 3422
121 198 3954
58 197 1152
156 65 2534
7 99 2434
63 138 1154
134 30 3509
189 145 4313
17 41 2030
150 162 1611
37 90 1870
13 99 3321
115 46 624
111 8 1490
181 129 3005
49 46 4093
45 179 5735
92 87 1884
68 130 1509
29 128 5187
198 5 471
173 73 933
13 54 5476
100 59 4643
81 117 2592
156 141 5031
198 48 4221
63 113 5174
56 156 4891
38 199 5796
34 102 2345
64 154 5502
36 122 3535
117 167 3018
75 134 5803
172 126 5645
69 38 4661
152 126 2625
187 197 3093
84 21 2985
74 2 1024
120 55 5058
32 55 1606
194 45 3150
72 27 534
51 149 4581
54 193 1842
52 161 1445
70 3 5595
30 70 618
81 3 4477
134 139 1321
33 92 1325
87 41 23
107 146 1496
132 117 2317
73 52 855
194 66 2444
159 86 4411
17 167 377
23 98 2464
22 177 1116
17 157 696
17 71 5445
92 129 4964
94 10 2302
93 39 3164
70 33 2021
121 12 2620
90 17 1366
50 61 3258
138 127 4359
138 97 3188
196 81 719
102 110 2807
157 92 3225
72 75 5965
178 69 4624
193 127 330
79 54 3298
102 81 50
179 23 2609
184 125 2437
66 97 5404
75 30 785
48 160 4844
170 138 2008
79 173 485
150 40 4410
197 118 4857
13 78 578
193 191 508
138 36 3772
176 60 3876
21 62 268
9 52 3125
103 54 2687
162 90 5904
50 134 2237
166 158 1632
21 8 5002
138 95 593
172 34 769
72 91 2377
167 197 1297
159 188 4166
61 22 4821
158 142 141
141 71 4494
97 136 1661
44 56 4398
67 35 4075
119 176 3058
180 194 5100
52 153 4547
142 13 1369
66 12 5748
197 140 3807
46 186 1809
2 60 3354
119 149 396
176 94 3557
2 116 3408
108 33 3637
128 92 275
11 178 1973
84 147 2101
31 38 300
116 153 976
59 47 2310
36 127 5204
102 36 5597
37 61 3099
125 7 3038
189 119 5532
136 111 151
153 55 4292
172 73 1930
66 77 111
197 44 3339
72 64 3904
35 180 2499
151 119 454
58 73 21
197 177 5774
90 92 5286
20 86 3616
142 58 3166
99 33 3283
118 1 3650
29 83 569
136 9 4651
71 98 2239
189 35 4855
43 181 435
110 157 3676
24 188 5589
86 34 231
146 191 3984
67 37 5350
92 125 2921
67 126 70
129 158 2208
143 132 4470
135 70 4454
176 112 844
61 121 4220
186 161 930
70 35 5846
157 105 2377
54 57 4402
123 198 3942
0 74 2594
58 93 2003
8 20 4511
23 5 1499
3 8 4082
138 78 2561
90 106 1347
90 108 4653
6 132 1016
20 80 1450
179 55 1873
6 172 3199
12 164 3607
31 73 2764
3 56 5224
137 64 5913
51 118 1389
153 80 2567
160 146 5157
29 49 4323
153 84 496
128 181 5359
110 120 3832
112 182 2190
60 141 4585
82 178 2841
89 122 4699
21 193 5075
109 165 4463
31 199 2256
149 119 415
139 85 4431
26 43 1179
65 170 239
149 75 5709
107 6 2956
159 141 1754
85 44 4418
162 85 3521
186 174 1427
174 22 2647
97 197 1404
104 168 4857
117 153 5182
136 55 1445
155 194 2351
177 139 823
90 33 3923
77 2 1474
102 92 174
140 31 5812
85 117 3817
194 88 5501
114 39 5843
32 98 3487
129 90 5899
10 115 4040
134 184 4588
31 107 5976
99 118 5570
51 145 3914
62 161 4585
142 129 1816
130 36 5035
195 126 142
123 7 4996
53 111 4955
58 41 2433
49 160 1505
58 8 1721
22 102 5400
62 85 2023
79 122 274
55 137 5142
190 30 431
175 173 3052
35 55 2913
158 148 2249
46 146 2942
153 166 5856
125 87 5657
99 24 2757
144 185 1657
123 178 5680
133 131 815
31 34 3160
91 183 3682
65 133 2156
137 62 3040
103 68 3587
122 40 4507
49 77 4429
151 6 1363
103 67 1495
82 127 23
197 113 4057
149 178 1049
63 94 4247
0 68 171
65 84 2989
124 144 3094
34 3 5908
22 186 4048
109 161 2342
119 158 102
26 109 3809
41 21 971
188 132 5212
1 52 5636
17 61 226
120 27 3308
17 11 2077
22 198 2816
149 167 3817
140 144 1440
115 148 5756
6 63 5169
60 44 2808
178 102 913
154 60 3990
35 99 1083
18 70 671
18 188 1840
4 2 2986
12 29 2013
179 109 4519
4 89 5613
108 94 3728
184 101 3191
22 185 4124
139 133 4351
81 126 1398
199 127 4876
172 166 4112
157 24 1209
113 37 2860
10 100 4740
162 88 1071
141 179 3304
99 134 938
81 107 1452
57 64 4456
1 46 4107
82 168 5865
77 118 4124
89 153 5282
95 171 2818
184 29 159
24 39 5583
12 161 3737
131 36 3299
113 145 1457
105 132 5272
158 75 3400
191 129 825
107 128 5746
121 33 4745
140 39 68
36 120 2905
110 139 2972
18 114 477
27 74 690
140 97 1078
46 199 3042
154 99 2891
148 103 5196
42 29 530
75 47 4788
65 100 1058
34 128 247
93 7 5890
83 187 685
139 30 3718
178 122 695
71 100 3656
104 191 2645
56 166 2855
136 11 4796
50 106 3642
15 148 4556
74 166 668
114 128 4547
118 66 3243
135 39 4721
95 135 1820
65 22 5719
120 97 1748
37 53 1328
14 109 4497
161 43 3884
198 126 3503
179 22 4159
124 182 5945
180 12 987
82 77 3626
88 96 1196
60 13 2012
15 125 4199
88 8 3464
29 160 4915
130 111 4931
100 179 1919
77 33 4144
2 84 4488
156 23 5414
167 124 2196
184 86 5756
184 146 1874
46 195 3025
174 86 4376
187 97 5672
128 71 3906
108 30 512
75 81 3523
189 31 5191
165 155 2985
190 74 844
188 7 1665
84 191 3546
179 91 2912
60 144 1454
11 42 4747
61 100 1553
87 48 2613
150 183 5869
53 141 3922
50 123 1654
114 5 1548
40 88 4365
110 32 5015
176 5 6011
185 175 1436
9 72 5388
109 199 3697
40 114 5534
58 81 2950
136 116 736
6 29 4010
193 68 1639
38 40 2087
151 67 2030
80 194 5233
9 164 3346
192 152 2292
165 166 4159
22 156 3825
174 100 891
197 17 4924
90 132 3120
165 43 4290
177 165 5361
87 4 5045
60 2 5424
3 21 5931
37 152 724
85 147 837
130 161 3330
2 133 3982
121 123 3121
69 77 5796
147 134 11
29 155 4222
80 23 364
155 176 5349
66 195 1807
8 120 1553
37 158 5340
134 102 1332
194 28 4898
193 55 2252
18 182 568
49 54 4288
27 9 2419
74 115 2729
148 22 2064
83 34 2273
83 8 4555
68 159 4600
63 79 818
175 38 3377
91 2 4974
48 81 3728
18 27 4159
28 36 5444
176 15 875
150 94 4985
176 123 3603
52 157 2819
85 141 2906
110 159 3721
144 177 3360
160 182 3521
67 195 2445
188 189 804
144 162 4324
128 121 5057
75 52 3194
178 31 5226
55 198 1492
191 77 4490
107 115 677
103 2 5224
116 102 5942
167 141 4457
4 159 4495
71 149 102
67 188 1191
103 149 3262
98 4 604
37 26 2370
58 106 5265
8 170 2539
129 178 4664
99 176 3850
148 171 3189
41 4 5358
174 10 920
55 144 4914
101 184 3128
37 89 229
165 74 5635
40 167 3282
22 127 3462
189 161 558
105 38 3553
62 139 5976
38 127 5070
2 178 5321
146 180 5897
24 98 609
91 21 2657
74 63 3193
101 153 1576
143 29 197
168 95 492
167 183 68
59 121 2856
71 129 2443
59 98 1170
58 40 2596
169 57 5332
67 191 111
33 156 1712
73 169 4298
102 70 4083
27 170 486
67 156 2343
41 26 5267
4 167 2433
61 186 4946
55 16 4091
185 47 3553
21 25 1889
21 91 3051
196 124 1628
108 21 5022
8 157 876
160 52 3981
89 2 3844
85 15 890
109 101 2915
130 185 3202
15 85 2238
144 199 647
58 191 1146
132 188 5034
45 75 4511
17 114 3756
120 192 3689
192 176 790
98 43 3342
124 103 2153
61 149 696
2 53 4112
47 79 5433
29 8 5473
111 92 3232
115 57 972
182 4 1644
79 153 4779
196 68 4042
199 1 797
26 77 3618
104 48 4569
85 110 4941
130 24 2862
164 8 4844
61 148 5764
130 45 4772
34 107 2387
128 12 1257
126 98 4864
108 68 174
178 71 4109
165 59 4250
191 127 5607
64 41 4468
33 57 1860
36 139 1112
159 157 4685
77 141 3062
141 140 4876
71 37 2350
101 1 3437
37 1 812
181 54 1995
50 71 2695
33 139 4727
14 133 5142
99 97 5961
61 160 3548
196 115 1641
69 25 4455
43 27 5324
191 146 1040
182 31 5441
60 116 5898
131 199 935
83 21 2478
135 154 3936
54 9 3122
146 198 2198
61 173 1190
74 116 5637
92 162 1453
173 28 1151
128 197 4686
83 115 2114
135 92 4415
169 68 1163
159 57 1189
187 69 5184
3 89 362
151 141 4803
14 51 595
26 142 2017
11 195 4022
57 173 4082
153 99 3431
55 175 4903
190 197 1210
192 132 614
155 166 3200
15 93 3422
96 131 4280
194 125 6008
87 86 1822
196 139 2494
68 122 347
57 63 5435
59 141 5773
18 4 2910
176 10 102
54 89 2044
163 79 5639
27 45 3810
158 161 2891
91 35 2545
12 142 4896
147 62 4067
47 111 5257
162 117 381
23 141 3580
28 193 2808
48 30 5925
184 176 5012
59 157 751
103 159 2754
186 128 1295
69 103 3620
102 52 2402
187 113 743
184 65 4926
15 124 2258
51 18 4054
186 68 4894
114 181 4153
68 53 5824
135 86 269
30 41 2268
112 38 6015
160 140 4917
140 109 882
161 49 5909
102 196 3840
8 65 2723
80 150 4869
4 185 5817
174 82 499
37 131 3380
166 173 3596
83 18 3885
82 15 4146
63 24 5399
4 27 2100
195 134 5081
42 6 3656
18 170 180
94 170 4619
143 190 3069
20 182 3045
38 25 2973
101 198 1313
151 3 3104
75 36 1209
112 191 4413
147 171 1903
97 109 1699
26 84 5614
148 164 5163
137 48 5693
162 40 4114
146 154 4389
34 104 448
128 90 1076
71 122 1106
24 164 5499
61 155 5530
152 105 5791
162 149 998
134 181 5255
165 162 5896
150 11 1241
73 18 2826
41 97 3434
65 186 4122
43 144 1582
22 178 1258
67 144 5679
80 86 5267
129 28 868
171 138 3113
11 46 2601
40 17 5682
97 2 4527
12 64 4156
177 159 3050
67 118 2245
29 65 1284
153 148 4593
152 107 2291
118 50 3784
26 82 157
189 77 3379
151 164 210
79 188 789
1 90 2576
83 121 3330
36 23 4797
177 152 5306
32 3 2535
28 86 635
71 114 2401
127 139 5485
34 105 53
59 6 3915
197 48 5406
196 199 2656
196 38 1051
93 195 3800
5 107 2184
31 2 4895
141 60 4726
11 115 5882
24 28 583
124 139 2246
73 194 2734
150 157 4255
90 22 2480
198 31 4878
24 110 5983
199 46 2526
166 156 677
175 12 4482
119 61 826
158 6 5000
196 42 5797
142 17 37
162 63 2286
28 18 1613
41 6 401
104 59 5221
130 98 2222
139 61 2603
187 73 4509
113 38 4450
11 44 1650
74 48 5551
109 37 3843
122 103 2632
158 151 5025
25 122 2370
109 113 4947
181 73 641
33 112 809
7 174 2278
131 11 2757
94 171 3646
183 105 2083
101 32 5506
51 70 1356
135 172 499
100 35 5336
191 128 4108
137 111 4427
140 112 5278
16 196 4559
2 175 1260
28 94 1215
74 131 3927
22 129 1385
93 173 902
48 123 2372
153 124 1386
33 194 2141
124 125 3357
0 88 3886
12 144 672
155 133 469
30 194 3142
101 163 4353
192 154 2642
141 40 4873
167 191 5972
74 176 1689
12 23 3719
71 190 4667
138 195 5162
65 90 4244
69 151 1852
134 80 2230
122 30 1234
75 176 2790
143 69 900
94 106 4431
95 55 3800
51 92 5525
112 56 3170
156 111 3180
169 125 4141
197 102 5524
187 159 3593
158 129 2300
160 20 4452
158 93 4900
126 62 128
77 148 4403
180 100 3881
118 178 827
46 32 5683
110 12 1399
131 121 5624
122 152 670
132 29 2909
161 71 4237
143 36 6026
192 23 3371
13 106 5362
167 4 4146
6 69 5860
88 114 1708
155 17 5828
199 148 474
73 179 328
71 25 2629
84 107 1271
100 82 199
188 152 4680
174 68 676
138 114 976
171 7 5111
90 62 199
97 107 5202
61 11 3316
77 13 4081
122 162 5711
189 129 4608
92 88 4931
65 58 3871
169 107 5450
105 75 5540
84 142 1397
112 41 534
160 193 797
25 190 150
87 18 3043
71 177 5037
21 115 781
56 49 5695
48 71 1667
105 148 92
124 117 3973
57 44 2785
191 156 5754
196 1 542
124 18 2008
152 50 2300
73 68 3329
66 47 4713
96 164 3081
105 91 1440
89 163 5285
163 82 248
140 20 4563
17 93 4052
147 4 4248
56 178 349
6 191 789
197 189 2211
2 187 4255
71 124 4891
88 151 5332
183 165 3260
154 24 4958
39 117 3375
15 114 3788
84 109 1529
82 66 1927
143 20 1578
80 61 1956
55 18 188
64 31 1396
73 166 4438
90 158 5997
139 73 2380
157 61 4333
150 62 1950
98 156 3801
181 10 3148
22 147 2510
62 50 1651
105 144 2482
22 175 4875
49 114 477
89 62 4665
153 177 5061
56 58 391
62 180 2202
192 125 5733
66 10 3766
145 193 4969
168 165 466
182 177 5748
18 75 4564
145 149 5658
164 177 4310
87 61 5220
36 158 2462
190 65 1898
10 70 3940
161 24 5356
21 24 4349
68 139 1209
22 142 4212
137 176 3228
2 94 3330
152 198 3040
12 96 2953
116 125 4823
186 137 3005
165 139 1347
3 197 5493
176 13 5476
117 137 4213
141 82 2070
151 89 860
193 75 4733
78 194 3408
70 193 909
118 49 3555
149 77 1458
73 192 3458
111 121 4596
134 155 5862
50 169 5450
125 96 5863
27 108 5753
171 129 2830
165 137 5150
21 130 5287
0 72 1792
97 148 3365
91 144 2546
105 140 2987
11 49 1679
154 11 3108
131 27 966
57 47 4618
87 124 3763
146 114 5760
106 59 2743
127 52 5923
1 135 759
9 17 5797
195 26 5073
129 37 316
55 89 3751
45 163 369
2 198 2717
138 141 5356
161 174 5987
119 55 4678
61 196 3851
162 53 756
135 194 635
89 157 1537
95 98 1469
0 147 949
197 90 5207
67 58 609
3 113 2758
74 107 1660
57 51 3375
117 111 2444
75 64 956
102 190 3303
140 78 3854
112 92 763
81 137 4305
62 177 2062
115 56 4730
198 194 4747
159 125 4285
68 152 2454
18 139 738
120 167 4738
100 9 2059
70 97 864
29 32 1174
158 122 3670
183 93 1203
39 14 4368
48 180 2829
170 25 4985
184 173 5999
173 132 1886
107 162 1753
57 29 3748
6 104 1414
59 36 1554
46 104 3787
134 151 63
102 3 230
164 21 1218
120 93 2527
91 146 4930
73 136 2374
12 170 1813
152 139 1978
88 91 5059
14 160 3365
163 60 5049
45 33 4333
8 53 4941
159 123 5188
156 37 1157
166 79 576
93 22 5695
131 189 414
99 112 5245
33 5 1884
89 180 565
118 175 4719
178 148 5174
188 55 4911
107 30 4632
137 187 632
166 78 3256
186 106 4004
46 47 3202
39 116 452
139 132 4269
5 84 3550
153 159 760
117 142 1288
135 126 3726
26 60 2609
175 193 4542
46 123 2774
29 99 5810
150 107 2707
20 30 2074
132 196 5225
199 141 5775
37 176 4578
156 139 1803
116 43 3701
96 11 5051
141 13 5111
150 163 5166
50 29 620
118 185 2137
180 57 152
112 139 2649
34 17 3791
142 160 2201
120 133 5982
47 130 3882
87 72 2996
178 12 4206
22 146 1463
67 56 4541
21 89 3111
43 8 3224
41 31 2987
69 44 4667
7 44 1713
22 83 3465
169 43 3845
69 134 5440
112 188 4584
86 171 4339
87 180 5082
72 68 4524
86 25 1288
170 174 2090
120 186 3842
176 55 3522
49 11 4241
5 24 624
132 33 3376
10 122 5856
72 173 3381
54 74 1275
27 43 81
3 106 3038
22 98 1743
114 34 3129
136 60 3549
134 70 4461
75 21 5001
168 54 1430
36 13 556
137 22 4231
90 167 1895
18 152 5085
44 149 4350
60 23 5634
116 92 5601
106 175 4805
62 15 1890
139 43 1308
158 181 666
89 14 5650
191 123 534
188 126 3474
66 172 1389
144 187 1899
63 166 2172
109 43 383
145 105 4996
113 47 5433
47 102 1003
73 34 3880
57 143 1271
145 182 3778
184 196 1060
154 30 3835
89 124 3611
72 187 1298
71 99 143
80 100 590
191 87 273
172 162 1190
22 74 5277
38 52 4034
188 114 2879
179 27 5846
45 83 1878
159 166 3798
182 196 4602
5 150 3186
157 114 642
168 123 4145
175 0 3516
191 114 990
119 74 467
8 144 73
1 38 2501
194 32 3480
123 127 1545
171 45 4216
25 11 5642
95 188 941
28 159 2136
49 110 4400
176 78 1579
178 149 1946
79 164 2146
190 176 5826
62 172 914
162 34 5699
90 154 2788
140 116 4225
42 163 5865
110 0 3759
31 54 419
18 37 466
156 153 4291
164 20 5732
179 75 1124
117 63 534
177 67 2705
79 45 4050
192 32 1196
123 194 3254
46 44 1941
100 58 3315
69 123 4748
189 177 3942
173 55 1581
18 25 1318
134 176 2432
50 30 3678
64 126 3858
182 85 3386
24 4 4394
105 11 4716
64 123 1236
136 170 1924
189 56 5460
81 196 3267
104 116 4145
11 68 5705
106 17 3032
0 142 1129
134 136 4811
119 148 4201
135 37 3976
94 181 3617
45 101 1492
187 112 3321
115 179 955
192 95 2602
112 93 221
134 46 5419
112 52 2222
157 125 2141
180 196 4145
94 5 1713
71 31 3433
107 160 1057
170 166 5299
194 43 1285
181 32 2324
72 149 2578
74 50 4439
142 114 4774
90 168 2029
83 82 4840
160 42 1220
152 158 3854
30 157 2068
186 126 4196
61 153 5127
39 21 526
71 139 4998
166 197 1607
131 31 4806
3 68 4609
31 57 5640
30 149 3273
111 7 4367
180 198 1218
146 38 1798
193 171 2874
23 169 1182
190 134 5080
30 37 2789
48 110 3951
172 51 3600
92 38 1827
130 147 739
173 36 3816
152 179 1037
141 123 3898
11 67 93
15 149 4179
132 127 3252
49 119 4338
1 93 5803
149 133 4253
123 55 1517
127 169 2918
120 21 3992
154 3 5346
30 126 1218
7 52 730
149 145 1394
32 79 5395
45 134 2599
137 105 5135
106 69 230
108 59 5220
9 186 2099
191 90 1003
100 108 266
40 132 3307
144 135 1215
33 95 5773
196 198 5414
4 116 5201
177 32 3336
185 80 2120
32 186 3533
92 138 2528
74 88 3805
148 141 3260
98 35 4323
139 125 3676
11 184 5259
144 168 3257
83 69 5958
35 26 2986
188 139 4364
4 43 1442
178 125 3137
88 138 2162
133 114 2001
99 198 780
116 91 1577
170 61 723
129 99 2563
192 77 2495
154 59 4638
196 102 1960
148 13 1716
84 41 3834
157 12 1855
70 6 5112
69 71 2746
184 12 5037
27 14 4780
59 70 5087
36 34 3068
193 70 1651
14 92 2863
97 92 5778
95 106 1153
101 105 2490
102 30 2190
142 148 4672
93 142 2573
198 137 4916
38 68 1039
71 64 1399
79 146 390
31 97 228
82 141 2249
85 83 1057
44 183 5406
37 192 4611
87 50 273
89 41 5747
139 168 2222
42 149 1929
134 71 1069
174 134 3207
128 120 3367
102 38 1838
64 30 359
165 109 2883
119 96 4272
103 172 330
0 3 5416
178 140 2437
131 179 3886
87 146 3679
135 23 5332
159 18 728
41 184 2171
119 38 3547
127 187 355
91 50 2165
197 79 2030
191 14 3956
98 18 765
147 56 4602
191 91 3137
123 183 3783
9 44 1977
118 107 1330
139 183 2414
14 130 4860
14 27 426
119 0 4185
5 79 1455
83 149 2083
31 116 6010
33 71 4419
65 198 4901
51 86 193
173 163 2636
151 105 4299
34 98 1452
162 173 3169
144 104 4272
12 195 5779
181 163 1685
5 4 2907
183 81 148
108 54 4849
21 14 2046
104 175 2684
51 52 3289
130 67 2782
142 50 3610
171 83 2668
183 123 1331
121 62 5573
17 18 1131
45 21 1827
149 156 2641
72 120 509
20 132 1876
36 131 4887
140 96 5643
38 2 2618
178 121 1766
103 157 4032
47 117 2220
41 90 4304
56 85 1516
54 17 5392
69 193 1850
169 138 2097
63 143 5169
96 33 2090
140 149 2389
189 175 225
162 154 4400
61 125 5141
10 123 1221
100 7 4227
110 182 4881
186 114 3098
127 189 4503
59 102 3015
198 133 5989
24 159 5240
167 168 5519
27 46 3857
192 90 5839
65 139 4352
23 72 5907
121 100 1245
154 2 5240
128 36 5478
26 50 2785
112 44 2952
66 194 4166
69 12 2709
132 138 127
147 133 2936
128 62 3694
165 57 2322
153 152 416
104 71 1181
143 196 848
91 175 719
81 190 5086
49 169 3272
146 159 1135
128 154 364
182 62 3475
64 100 2178
53 1 1562
122 164 2890
129 52 2982
143 46 2935
49 93 5018
72 7 1377
43 28 1738
115 121 5941
59 153 2608
20 142 3013
95 114 1875
169 40 3660
0 5 3206
173 133 1772
79 21 5080
162 126 3201
174 117 335
143 178 4238
9 153 3596
84 119 5148
25 0 1457
79 20 2782
198 6 2693
126 182 5823
63 132 2199
126 141 856
78 57 4070
22 109 4347
45 71 5184
175 124 5054
21 61 2821
57 52 5889
61 41 732
152 161 1967
2 108 4023
153 10 2527
97 89 5023
175 82 5061
90 184 331
27 182 4079
153 95 321
146 6 3957
88 187 418
193 118 3099
1 181 569
30 29 5143
38 86 5422
63 66 4646
23 88 4145
90 162 4861
56 46 5522
68 66 1141
99 168 5230
152 36 5750
139 160 1204
48 150 2966
27 73 4819
67 111 1674
99 61 4851
111 56 359
138 190 3445
154 187 2978
94 107 4604
49 12 5404
82 53 37
58 129 3837
145 121 3340
79 132 2921
106 4 678
189 197 3416
88 119 4
159 39 1664
170 55 49
120 137 4187
31 64 4903
157 149 3232
102 169 3555
189 120 1658
100 160 5897
162 175 5607
46 17 4298
168 71 3736
85 49 5773
2 22 2662
92 189 1410
112 131 149
18 52 1255
126 86 1675
188 190 1436
23 35 4432
127 146 4281
60 129 3152
102 165 44
127 155 4104
88 154 1851
113 131 3605
9 1 3654
199 57 3791
30 25 4219
61 163 1669
148 77 1987
62 42 3878
167 121 730
136 142 2526
176 20 5557
150 118 681
88 164 4785
137 15 5094
142 48 57
191 84 3095
124 165 1118
179 122 1298
105 8 4679
190 34 4388
145 120 735
101 143 2884
98 68 5607
77 46 2748
10 119 5285
0 105 2043
97 78 5558
161 122 3854
24 118 5443
68 31 1435
26 4 3445
36 1 5578
107 194 197
172 190 4477
126 149 2322
183 92 5610
198 166 2187
156 106 5977
164 50 5236
181 173 2635
4 88 2660
80 169 5445
21 128 3151
82 6 2846
140 62 250
111 175 588
44 6 2696
142 170 4296
176 159 2537
93 86 3448
52 70 3436
25 6 1686
153 56 2174
133 84 3168
179 141 4906
90 198 4903
38 13 4584
158 116 3204
16 20 2863
145 119 2789
102 130 3825
71 16 988
50 64 584
187 174 3776
184 134 4392
182 65 1332
130 93 3614
118 33 1995
111 77 3542
58 80 1620
23 135 3793
49 173 4186
170 162 88
18 104 2584
85 38 5938
50 60 5546
36 130 1769
127 167 1307
169 54 1329
198 93 2039
99 1 1948
13 171 2120
140 72 3735
115 108 451
69 196 5393
158 64 3490
24 142 2623
105 65 2065
26 27 5095
96 178 695
113 184 4836
73 28 1388
20 188 4170
171 110 370
64 1 4186
174 56 5678
191 83 5873
113 93 5627
46 131 1020
65 41 1355
18 22 2370
77 116 3949
5 28 2888
198 142 5746
78 34 5904
44 193 1716
10 110 926
175 172 3850
77 97 2953
188 178 3980
117 197 1747
194 67 1615
26 55 2016
136 133 776
58 61 353
139 143 875
158 60 4388
32 182 300
197 34 4106
67 124 4980
24 30 1160
149 71 3741
167 7 5149
174 151 1164
134 117 485
10 183 506
56 53 2427
128 60 1622
193 123 5900
80 35 5470
67 115 2780
27 16 2164
176 68 4339
174 48 4951
174 77 3240
166 17 2794
97 151 1500
198 113 103
67 88 4025
123 139 4196
90 98 4595
179 190 1713
77 167 4521
81 79 2202
179 67 4072
97 113 5935
180 24 4211
124 26 2980
24 72 799
70 134 16
125 129 4782
180 42 3299
51 142 3267
108 103 1046
95 193 659
124 79 2894
185 57 1695
98 63 2057
182 111 5797
190 127 3961
199 82 4326
79 83 1125
39 146 4586
34 73 2089
93 130 3413
123 58 5463
8 134 5461
50 18 4618
195 179 1464
44 32 3262
62 186 4919
198 56 5943
173 31 1544
177 104 3640
199 87 4617
165 127 5965
46 145 4729
163 164 2319
107 174 5804
62 57 1679
103 152 2970
133 13 1439
43 33 5092
150 71 2919
182 18 4221
36 83 6016
168 13 3738
45 126 2963
186 83 1983
21 60 901
112 152 5240
113 191 3688
44 132 3502
128 69 1068
56 14 2735
185 49 4006
129 20 3317
23 60 4982
184 154 4630
106 110 1799
177 185 3392
101 72 4665
183 115 5314
65 23 701
169 10 784
45 79 4037
196 152 4486
87 148 540
35 147 4895
120 69 4515
158 62 1614
82 24 3191
169 1 1239
165 83 342
49 82 1701
13 93 4516
153 162 5332
77 29 5577
47 3 330
163 3 809
128 166 364
141 156 3835
165 79 988
124 147 2294
140 18 773
151 35 2541
67 92 2054
59 23 1453
4 166 2206
81 4 1033
54 38 1862
170 40 3102
11 69 2879
181 105 118
11 57 1956
58 183 4542
105 180 1365
91 157 2738
9 141 4844
110 78 3229
95 52 2464
175 39 832
35 146 1539
67 69 5904
114 47 2012
29 142 3755
99 107 4506
3 30 4211
138 189 1984
132 64 4699
196 73 2115
20 109 4186
117 59 1359
179 184 4964
27 132 998
96 28 1518
190 4 5765
129 77 1187
54 168 3280
178 35 1792
155 21 736
167 56 4013
87 177 3547
152 44 1202
29 17 1325
46 77 3287
7 135 1996
2 67 2485
115 133 5693
132 179 3484
30 50 3315
125 112 4058
8 136 289
64 152 4733
128 150 1696
156 183 3472
75 86 1441
86 152 632
158 164 5255
193 96 4140
135 100 624
181 26 2725
124 84 3779
163 43 5191
36 100 4138
39 102 3678
164 108 2834
180 82 803
28 103 23
13 81 2489
190 191 2970
96 129 1168
67 178 1022
164 145 5432
77 67 1700
119 160 1654
184 122 5953
33 173 3734
109 35 2934
117 24 2436
71 28 3800
75 97 5446
3 64 5189
87 47 428
0 185 3662
116 45 742
188 67 195
111 70 2419
14 86 2626
96 30 2048
162 39 1813
128 138 1374
97 131 4606
145 90 1759
66 42 5393
190 51 1698
181 9 4201
90 134 3791
116 133 3407
45 196 121
49 71 2864
104 121 568
176 151 5130
54 116 445
167 91 2088
40 92 1213
180 96 3699
53 108 4120
1 158 767
126 55 4557
0 73 4985
10 90 4922
129 78 2972
142 43 4400
100 89 3322
24 183 4694
129 182 1243
184 192 2168
77 124 3683
123 51 662
41 107 1931
28 29 3521
111 66 1934
74 92 764
157 39 2309
131 5 1038
122 106 92
189 44 4268
118 179 2505
10 85 2140
91 99 3114
27 169 3816
108 119 820
47 155 3520
183 7 1207
27 158 4240
7 157 1479
127 112 3608
3 109 2400
137 144 3638
165 9 1420
180 119 4939
155 66 4545
147 78 476
194 151 5352
78 164 3791
177 21 3532
58 65 242
174 126 2587
156 73 1299
122 113 2655
68 12 4744
18 164 2442
148 196 1426
66 9 634
195 46 670
50 112 1671
94 14 1110
197 37 4418
38 128 4017
175 154 2412
14 117 2720
4 169 599
120 122 2771
53 191 505
190 113 4508
35 22 972
46 112 424
157 27 1626
58 176 1649
112 51 4438
53 135 387
109 50 3836
162 84 5850
116 115 33
177 99 3407
45 43 5198
122 115 2796
73 155 963
144 93 3627
84 159 4067
152 99 3713
17 70 1425
143 80 1468
73 139 4357
82 21 2847
141 38 1656
107 166 2587
69 23 4088
136 160 3380
53 114 3704
26 11 1754
116 34 1324
118 114 264
187 116 5987
111 148 131
50 6 5411
102 83 4889
4 1 946
8 182 3149
116 50 1341
13 132 673
61 7 4066
103 55 2347
189 118 3754
17 13 723
44 159 382
96 171 2768
199 81 2355
63 72 5847
142 34 1616
34 33 4908
39 101 4056
187 31 3088
179 154 3605
186 136 3891
154 112 5738
36 170 350
35 131 310
148 167 2667
109 134 4712
167 130 4680
75 147 258
195 94 323
160 109 4933
98 142 5705
37 145 5377
160 113 18
199 178 5776
86 136 436
11 197 4015
179 113 1078
56 138 3228
35 192 3453
156 195 2010
145 32 4589
14 77 5971
27 161 3460
152 189 4531
187 34 4805
23 100 4337
101 38 4266
150 151 918
113 195 4662
110 124 3266
36 87 1426
59 100 3635
131 7 4148
130 176 4318
2 98 4149
91 132 5202
146 55 775
13 150 5122
67 165 3580
178 146 1051
52 24 3479
178 50 5193
118 196 3602
48 125 1573
142 152 5119
52 112 2016
114 127 3381
16 195 4907
61 133 1874
196 133 139
134 33 4169
52 57 5848
181 153 3302
82 156 1580
159 16 1838
175 24 5548
149 56 5963
138 80 2650
68 165 6018
148 70 1302
58 189 248
0 179 1531
161 123 1595
195 196 3734
144 151 992
80 136 764
127 105 2004
15 54 3270
121 29 2933
190 128 1953
62 66 4087
43 195 5063
17 162 2338
50 150 426
102 191 4088
174 55 4581
94 28 3452
4 158 3988
95 39 917
108 151 781
75 108 5933
195 37 2915
184 2 2322
9 75 690
57 148 1143
194 62 2410
188 3 5862
119 108 3200
155 1 2115
22 12 2981
54 7 2870
62 185 142
27 181 3080
134 17 640
179 111 2447
167 188 6009
82 190 1088
123 181 134
163 0 763
83 127 5416
169 176 4801
31 93 4023
127 48 302
171 64 5556
14 182 1013
113 12 1415
108 64 3409
148 174 2099
164 74 2097
123 175 2959
67 153 4746
54 1 2632
82 38 3299
15 187 5081
107 85 4086
160 115 2781
181 45 2092
156 20 2830
109 52 3698
26 146 3806
18 162 326
148 151 739
56 40 2767
173 138 563
52 20 3611
58 173 5706
130 75 650
167 68 1389
16 141 4466
95 31 221
123 54 1931
183 18 1819
53 178 2215
102 151 3679
123 22 899
40 0 2468
20 6 5236
38 28 558
158 92 5290
175 155 3294
168 184 2633
133 46 2892
148 198 4999
21 167 2621
124 97 243
32 144 5604
15 67 4554
184 197 3195
163 54 348
56 54 3699
135 107 2058
196 40 4800
141 153 2357
21 0 125
33 101 3947
77 163 2524
11 45 216
55 95 331
136 169 4196
170 46 271
80 33 2885
108 27 5022
90 103 5623
145 175 671
134 91 5635
33 91 3122
150 136 1008
32 37 4587
28 188 1071
123 70 1457
57 73 2890
106 31 3355
16 197 3369
164 1 2222
49 133 2953
29 35 227
44 167 1736
64 29 681
173 143 1817
106 14 5071
137 95 1991
133 123 4189
175 20 3628
83 134 1860
130 105 4254
104 160 25
53 137 826
83 186 304
47 15 3641
14 197 3074
140 103 5492
165 32 3101
186 165 2615
54 157 5738
61 58 77
89 128 309
193 133 2909
62 158 1134
99 154 214
72 34 2570
117 78 787
34 65 5750
74 0 643
23 25 280
67 47 2285
80 187 4682
20 40 5042
183 23 1313
184 100 5889
175 79 2059
166 199 5266
172 170 4283
128 156 3625
152 31 2861
94 123 1216
135 52 4574
81 80 2317
111 100 2107
121 1 5354
63 69 2101
151 48 103
16 192 31
6 154 3781
155 162 2256
150 50 1333
42 78 2417
13 151 2358
139 115 279
191 92 4853
44 142 5893
176 85 784
113 8 910
169 24 436
65 31 4777
23 196 931
152 41 1521
117 54 3900
82 18 1946
145 4 603
141 99 3907
134 170 711
40 111 3566
95 132 815
118 121 629
82 154 4159
129 81 1582
32 112 2780
28 80 3641
51 134 5291
199 176 1348
87 10 1503
21 154 5171
7 171 439
122 123 3651
153 82 1608
38 159 4465
178 123 3039
41 94 928
145 101 745
137 147 2416
30 118 5250
104 167 5334
149 157 5088
116 199 4843
198 16 4089
164 129 1747
163 115 4110
96 196 4074
109 57 4123
86 121 5733
24 70 2286
193 91 3344
96 9 2106
117 181 3596
181 178 5203
127 134 4451
178 16 413
141 74 5102
199 23 3151
135 152 4254
0 144 4037
11 2 5767
104 18 4935
77 24 1692
162 17 3138
132 5 5470
80 48 2175
192 124 5749
117 8 1379
142 96 1204
162 193 3274
185 141 1340
120 10 2436
38 16 1294
154 120 1515
127 13 1372
123 30 1805
193 195 2813
173 83 1314
30 27 4003
179 134 1539
111 95 2287
92 67 1291
147 102 4283
56 47 2685
4 9 2635
122 12 2715
60 108 166
0 77 3320
22 120 1713
179 176 5712
178 159 5753
37 117 5160
122 163 768
152 60 1043
63 89 3040
51 105 4743
122 90 1242
181 90 2047
148 58 2941
140 41 4122
35 6 5605
136 137 2848
37 190 4992
56 137 4329
198 184 2229
113 31 5971
199 106 3058
138 51 3214
158 88 2654
142 23 457
46 55 5375
176 46 4463
11 8 4918
156 128 850
75 100 2024
14 65 5684
168 3 1627
124 99 5241
78 182 2801
180 164 3333
54 120 782
99 78 691
59 66 5313
93 178 4362
54 12 2023
4 171 3558
67 135 4739
29 193 2992
155 157 3124
151 39 178
118 35 5513
90 23 2407
59 182 4383
106 22 1457
27 78 1716
188 77 5296
18 148 1309
82 140 4688
8 16 2185
44 154 5771
121 85 3699
108 134 5737
61 75 1732
131 79 235
32 53 1286
130 134 1386
174 97 4214
139 128 2756
34 89 1025
30 32 233
9 66 5412
154 57 2196
152 71 423
77 71 3084
47 157 1163
158 128 3061
42 5 3501
64 20 3325
28 8 306
34 172 5452
72 67 4691
126 158 2924
64 46 2730
163 40 763
94 23 859
134 189 1384
174 192 3830
84 125 5925
136 96 2637
34 2 4321
188 72 2226
25 100 1200
60 65 301
113 59 2172
189 47 3542
170 60 1354
79 174 2817
99 109 2281
175 178 5129
158 26 4643
133 164 1333
197 182 3782
13 67 6020
161 112 2561
166 141 1284
163 53 4254
180 150 3921
163 145 5802
153 107 3986
41 59 670
156 136 3750
160 56 2819
85 170 5988
30 87 4891
119 169 5564
104 143 4744
18 116 2659
61 92 706
198 187 5243
21 124 1874
123 131 5391
29 30 144
24 95 4744
129 133 3973
67 23 2824
154 4 1556
190 152 5908
13 124 1996
36 161 998
88 89 566
67 29 5965
187 72 676
173 182 3841
85 30 3985
152 40 2892
115 135 4567
85 160 3015
14 59 3430
194 130 4706
109 136 1035
133 127 3072
194 170 4435
148 36 3513
11 29 3074
11 72 4130
106 70 935
112 43 4672
176 120 2217
132 58 5161
13 121 407
135 139 4835
27 88 1052
164 40 2741
187 160 849
87 81 2695
54 39 4670
49 167 3429
198 47 2902
87 65 4526
132 119 4821
89 154 5643
134 12 5229
56 162 3187
30 75 634
152 54 2770
173 45 5491
52 2 5952
166 30 262
5 15 211
142 91 1859
21 122 4744
58 198 5222
45 17 384
84 108 2982
145 156 4475
35 8 275
34 10 934
142 2 3649
162 142 3873
130 46 3055
193 163 2220
97 4 781
58 55 4431
183 156 745
165 111 19
199 190 2972
57 129 5764
110 74 5244
147 40 5298
71 7 374
40 188 1095
46 37 739
12 50 5357
31 108 3129
163 118 3523
114 191 3428
147 191 1319
180 80 4913
195 159 5926
163 121 4195
146 183 3842
199 15 527
59 17 902
70 65 5404
156 97 5150
36 142 1084
49 122 4764
12 159 4448
57 135 862
12 140 5178
183 159 5952
124 49 238
27 159 1302
145 2 5317
110 41 2297
109 51 4322
155 13 4975
90 175 977
3 31 4289
33 88 4995
175 126 2368
130 37 5988
177 60 1714
162 184 2745
58 181 1297
75 133 4417
137 89 3552
104 179 532
160 120 704
50 109 5654
23 81 2623
128 126 5409
112 115 3020
75 7 2695
183 94 2530
87 59 994
14 67 2994
94 96 3195
60 24 5601
104 86 763
115 23 1640
154 129 5879
49 7 4626
101 129 4251
186 177 1654
69 87 1227
185 113 961
23 99 5445
172 187 1615
163 47 973
60 79 820
62 145 1772
197 165 1240
24 120 2330
23 9 4987
104 118 2494
80 163 1429
81 34 4868
154 79 989
152 163 5576
58 159 1922
169 151 4190
187 137 1357
181 131 3677
12 9 5650
33 47 811
129 116 3664
38 174 2110
182 195 1754
88 175 5372
94 163 849
66 23 2282
114 164 659
6 119 5093
87 96 1957
133 97 5642
147 112 5636
120 20 3848
80 166 5603
140 147 1046
12 95 3346
179 159 2901
51 59 3942
90 13 1376
39 94 739
89 63 4999
90 187 2137
12 66 2001
97 51 2233
74 53 3288
112 157 1679
111 171 3180
0 110 43
196 176 3753
55 2 1277
21 174 2815
132 125 3332
14 62 1089
177 119 856
157 32 5588
134 90 2792
148 37 1826
187 80 1084
147 159 1340
107 144 5298
87 88 4547
109 189 3219
17 153 1048
3 92 3211
62 84 2436
83 56 1290
147 5 2238
181 91 1711
78 142 5886
20 99 3162
46 180 3401
100 130 2394
165 150 3782
34 74 5859
183 28 2614
194 188 5284
154 84 341
189 27 3314
137 135 2401
88 131 4766
5 95 1787
95 144 3934
164 56 4428
83 71 3040
26 98 4381
186 167 2147
108 61 4285
152 59 594
113 171 3313
165 146 2244
67 21 3251
65 50 3230
166 97 1857
89 51 3259
115 182 5526
140 110 243
102 176 4992
8 161 4705
45 22 3672
132 153 2648
2 61 725
10 178 4630
29 82 3475
133 121 5396
6 44 759
61 158 5474
134 1 1562
48 6 4395
37 116 3438
90 8 1207
165 7 1478
162 147 4513
118 186 1203
26 140 3822
129 9 4528
84 52 2954
188 154 5389
50 104 1336
98 143 4061
186 41 5237
180 191 5774
104 85 263
169 180 4081
158 46 5235
102 144 5429
123 107 824
57 87 3291
164 144 1367
34 181 2423
67 180 4524
88 2 2747
134 28 2167
80 36 2438
2 105 5165
92 54 2122
106 98 3131
46 137 5409
151 100 1130
99 183 572
107 101 890
52 16 712
177 95 5748
165 50 1040
95 109 1163
107 10 6027
156 177 933
151 56 2323
139 190 635
74 9 2415
82 131 1101
105 85 2043
120 112 633
13 167 2000
178 52 1892
51 96 5714
165 51 1489
44 53 855
130 39 1213
154 12 2594
155 103 3416
64 22 1462
174 45 2683
134 172 354
55 160 2555
179 126 5839
119 195 5107
29 199 5497
147 109 4421
157 145 3236
49 146 1143
108 50 4587
52 129 5580
115 176 1948
134 126 971
114 121 1628
161 70 993
25 199 5584
57 28 2001
52 142 3827
164 92 4701
56 180 1424
190 20 4098
111 146 476
113 180 5601
145 125 1535
88 27 4457
108 180 839
106 199 5673
140 137 5780
125 179 1758
69 181 3275
159 127 2121
42 28 3568
84 126 3179
7 106 4669
49 152 1339
39 177 4235
163 168 1245
11 148 1237
110 45 4725
152 115 1292
104 197 1567
174 61 5422
131 116 438
154 115 836
118 169 858
9 126 706
90 79 5924
174 164 30
131 35 5573
184 99 5233
180 167 306
155 100 3066
17 60 396
82 180 3977
189 89 4943
132 158 4712
55 5 2547
137 189 5030
35 30 5823
3 57 877
37 46 61
35 77 171
89 171 2100
28 178 3058
183 174 2113
65 11 1051
59 154 5803
115 3 3671
62 111 5898
67 90 3636
54 190 1905
119 31 651
34 196 5091
102 67 423
3 83 2486
50 90 5312
48 187 2189
197 119 2689
188 83 4292
0 181 5636
115 49 4533
189 51 4460
163 120 2757
110 117 537
109 27 1555
89 178 2927
109 141 5936
152 166 4355
183 97 135
141 36 775
79 80 972
198 72 28
69 47 2726
45 131 4310
58 126 499
122 28 4973
43 106 4327
40 127 1909
4 10 5427
5 58 1707
55 126 1432
4 107 5260
0 119 3802
13 87 3900
82 67 873
29 66 1692
29 61 2818
153 100 4622
166 99 5845
38 187 119
196 49 1655
5 78 2464
156 74 354
132 25 2962
30 177 1874
9 33 142
136 161 1795
144 119 689
140 99 4760
55 58 2066
70 94 3059
40 125 5877
142 74 5087
175 73 2769
79 26 3610
78 64 3001
144 62 3844
128 160 5524
32 136 5344
15 132 4520
104 83 3622
37 32 783
100 68 1675
176 52 1935
95 30 2674
153 102 1772
78 185 4047
72 133 5520
104 40 5302
107 124 4239
97 10 3449
132 98 2093
1 195 454
135 150 2404
14 159 1384
196 117 2136
40 8 5101
139 84 4765
102 136 3270
101 73 4659
89 60 4145
66 95 223
86 193 1508
82 185 1110
4 91 2327
23 66 2001
43 46 1778
120 86 3497
110 168 4558
95 97 2575
165 34 1879
139 98 2869
100 124 1520
199 110 285
61 167 1340
13 42 2083
18 93 3841
145 38 5814
162 4 563
158 193 940
89 25 4670
126 82 1936
135 179 4142
142 123 3673
52 58 1424
26 90 1863
47 14 2455
117 75 5761
168 29 1546
99 113 5578
107 3 4142
148 180 1089
167 98 275
168 158 4600
6 96 838
153 188 1452
181 16 3076
64 190 132
45 64 4408
41 102 5904
110 131 3743
157 46 1321
160 152 3890
120 181 1401
152 116 2808
194 50 1971
175 198 292
177 49 1783
141 132 4262
7 194 3231
199 27 3639
2 47 3703
121 63 4073
160 22 996
197 10 3962
77 27 2474
17 187 4101
62 112 2213
132 175 1235
147 25 4659
52 193 5553
120 166 4961
80 110 1754
135 75 5526
0 29 4100
198 59 2434
67 20 5028
7 88 5964
55 127 3718
194 123 2433
12 139 3362
54 158 5609
68 52 4823
139 4 5231
161 178 1548
52 1 1899
129 4 368
23 189 5047
1 121 814
78 77 4191
122 85 3143
158 3 5951
75 63 1007
199 125 4609
165 103 2961
25 60 1117
62 88 231
136 197 4012
107 151 1080
157 72 1280
36 184 3470
55 97 3694
30 3 4024
194 173 2467
99 180 5997
171 154 2198
109 187 3802
14 93 3190
128 83 3027
21 102 3960
111 12 1400
167 117 369
20 124 36
130 1 3621
122 63 4545
176 108 2823
27 195 4729
87 151 4385
144 195 4482
180 43 5311
144 29 2427
164 100 4643
14 48 1964
66 196 5097
180 146 302
66 98 1987
152 129 504
75 135 2148
11 78 2069
22 131 2911
74 119 3229
18 132 4325
114 117 3468
184 183 4342
2 31 503
12 101 683
93 8 1363
158 21 893
185 167 2723
38 108 759
6 49 642
87 163 2399
165 29 5071
33 38 5446
117 6 5847
83 64 3482
138 153 666
84 164 5269
46 84 3195
174 47 1181
24 139 4338
98 144 82
69 60 4505
60 179 1334
35 175 4074
199 103 3343
185 71 1951
97 155 1166
87 150 5641
160 61 3340
124 70 689
154 109 2857
52 101 4017
92 26 5532
85 99 3778
73 152 5650
149 146 1732
8 180 2468
51 56 2163
66 68 5589
100 6 1392
154 88 2628
105 116 3428
11 124 2341
17 42 4328
195 34 4595
42 30 1701
46 152 3881
58 97 1625
111 106 842
60 171 1401
44 171 4676
94 187 4756
176 59 1052
134 25 5622
198 73 4679
94 168 5591
168 169 1907
1 86 1042
196 16 720
43 108 4098
108 101 4046
120 163 1468
195 58 155
97 0 4877
181 121 4353
21 40 4956
77 134 3671
151 65 2369
6 31 3025
112 142 4318
161 185 3553
149 27 6008
146 61 4973
140 132 2747
28 152 2190
125 119 1829
109 118 5672
139 129 3559
87 68 2272
94 12 4233
95 1 2686
155 14 5182
108 104 1108
37 33 3439
199 108 1621
91 24 2572
121 96 5242
78 80 590
72 155 83
102 98 1803
81 26 5679
117 26 5805
96 139 5664
105 50 5016
158 184 468
150 10 5771
40 150 3588
6 108 3447
168 45 1279
8 81 4254
100 110 1968
125 169 3330
189 17 984
132 61 2399
34 118 2688
44 64 4532
106 37 461
44 87 5369
161 96 4459
16 175 4062
148 145 3075
94 172 2787
125 115 4332
132 54 4618
137 128 825
73 104 2470
32 160 5439
182 185 1892
27 140 2774
143 194 3144
165 110 356
66 155 3131
148 152 1948
107 29 4984
41 170 5414
139 177 1483
138 72 3138
7 25 2351
102 170 4752
44 21 26
156 71 5137
87 155 1735
101 167 4969
29 98 1577
87 9 5385
0 148 628
27 116 5912
166 114 4049
187 102 5852
56 131 5569
64 143 4674
166 133 1031
113 14 5604
88 167 1915
155 104 4350
146 115 5671
60 164 2412
91 86 477
21 83 3389
199 140 5956
134 27 136
37 0 5253
55 150 5500
25 147 1724
152 47 5668
140 189 4777
190 13 2038
126 46 2490
104 182 3186
78 180 3826
90 153 1327
154 189 519
199 8 2012
32 157 479
33 67 5667
170 41 4620
111 84 15
86 184 843
14 41 5843
163 126 3836
184 87 265
118 125 820
144 158 5467
63 169 1858
113 197 5246
192 144 3117
100 190 268
42 125 5068
146 185 1913
42 56 3834
171 87 5822
103 110 167
14 184 2512
121 45 2127
0 130 2210
109 48 1465
121 49 5948
171 15 1899
88 179 1799
24 180 5545
148 119 1914
136 7 3090
121 52 1106
192 5 182
140 153 2990
23 172 3330
86 95 5980
79 74 5987
78 50 5929
0 199 4372
70 159 5849
100 197 1966
81 16 4279
143 102 3312
123 177 5910
49 99 3789
181 165 1954
86 176 105
112 126 516
188 6 3211
170 137 2098
161 140 4471
123 100 5142
84 71 3863
91 59 3096
185 195 2140
171 197 994
49 53 5176
195 108 156
79 185 4706
81 58 5586
149 147 1987
96 68 871
42 138 2016
37 30 3111
56 167 1416
40 51 5645
73 102 2241
100 70 4948
190 183 2828
195 170 2030
31 105 1234
69 188 2704
132 184 2914
142 127 3508
96 142 4883
128 183 2616
33 49 5745
7 119 3046
9 103 782
10 120 4048
70 55 151
25 34 4319
25 123 5115
42 126 4541
31 13 4346
0 115 5914
61 112 455
134 169 5747
35 10 3964
72 113 5048
109 56 946
143 125 5948
27 89 716
119 180 3432
120 81 5463
37 198 3510
168 55 3216
40 186 5047
65 45 5325
118 109 4826
15 87 1551
23 130 2073
182 29 5685
140 88 5817
143 93 1782
80 105 5831
166 88 2104
8 119 4488
169 127 5084
169 30 4808
148 186 2761
39 66 4315
4 92 5308
172 59 5774
189 196 5410
165 136 3305
136 165 2514
104 161 133
85 107 2278
98 62 2826
50 135 2350
125 18 2503
122 86 2316
154 145 5430
0 94 2856
18 184 2411
45 149 2191
154 182 6016
156 167 4285
172 56 4152
61 126 2852
92 123 2248
38 167 4096
153 156 4184
143 108 2568
186 71 3594
194 190 482
114 10 3614
174 181 5115
66 94 5835
35 91 2941
91 56 3605
2 199 4203
10 0 3544
86 29 1021
3 77 802
177 98 1691
7 50 1991
165 45 5454
147 114 3232
31 119 3378
190 78 430
63 13 3453
112 96 35
45 49 5428
4 151 1919
144 148 2796
146 132 3993
169 25 2890
55 10 4920
24 148 4089
164 34 360
163 194 1181
116 30 5516
198 168 1949
83 4 1707
73 74 6021
26 48 1783
198 195 3686
30 128 5997
83 3 4056
67 136 3383
93 4 1181
149 185 5844
60 28 3036
29 54 4011
131 42 3915
153 89 5659
84 7 3707
159 43 4629
22 78 4663
123 147 3514
131 140 1086
177 194 4114
144 171 2096
150 25 5514
145 14 5497
114 108 5330
9 37 4121
104 186 1229
186 26 3410
28 27 5221
27 93 3871
4 129 5340
113 157 3338
118 82 1411
187 93 2759
48 69 3774
179 117 4779
118 51 700
37 115 4324
112 9 4823
93 120 4851
104 117 1689
29 148 5378
0 17 4660
22 112 5520
64 35 5942
42 7 65
169 66 4243
192 47 2357
139 124 3286
157 109 1566
79 16 1790
16 94 2519
71 93 3648
197 56 943
112 80 5285
188 134 1278
43 17 6029
101 83 4127
66 118 4411
31 68 3821
14 18 4843
190 111 3975
82 192 4412
70 196 4804
169 131 1210
110 193 3330
49 139 2174
153 64 3223
166 127 3732
8 114 4441
106 148 393
43 126 5615
46 20 5636
75 31 1421
34 142 1213
118 5 5368
190 9 226
189 2 4056
197 83 4318
145 3 4478
107 98 1513
58 84 441
27 23 386
36 179 5633
11 141 4239
120 145 4572
42 147 3245
153 79 659
32 197 1743
175 51 3473
107 86 1108
3 124 1297
52 27 809
175 27 5015
10 170 3242
90 87 4877
90 99 4640
25 46 690
172 173 5669
121 35 2251
4 193 5638
155 124 3674
136 53 1431
11 31 694
129 139 3805
151 74 549
176 62 1646
37 119 5989
60 53 4964
127 152 907
106 62 3360
173 119 4698
135 15 2060
188 80 4576
127 103 5064
87 46 1198
113 88 4068
15 0 3526
120 165 5298
56 126 4916
166 190 2661
78 161 3764
82 144 5763
182 135 652
7 0 5231
39 62 1908
134 41 5998
22 181 5194
167 88 3382
100 149 4606
160 124 1340
32 138 4554
60 103 4849
196 186 3687
117 47 4391
161 28 3143
54 191 1589
57 137 5998
60 175 1388
142 174 5034
138 5 4879
1 144 3057
78 140 3187
113 154 100
142 104 5129
14 29 1379
78 0 1256
151 73 1361
115 128 1993
93 117 5732
124 126 5530
103 95 1390
118 72 4411
54 27 2142
56 12 857
24 197 4337
3 34 1288
177 46 4127
101 24 3997
142 139 5519
152 147 2969
20 24 4615
13 2 5127
85 6 1560
179 192 5020
1 16 1516
131 62 5849
126 109 1489
120 106 1565
109 91 3624
169 172 1853
9 67 6027
105 114 3521
75 38 5575
167 65 2716
192 109 1698
148 150 4877
61 171 858
83 51 5363
84 30 2625
9 179 5708
130 11 4920
27 189 1081
184 152 1916
41 154 777
104 88 5146
32 169 3958
154 130 5291
156 50 1448
160 18 5775
116 46 3970
150 29 1963
77 94 2799
186 42 1067
151 38 2457
120 67 5859
138 22 4371
103 156 2902
114 178 4883
125 136 6025
116 13 2169
82 84 3575
33 59 5178
75 194 4875
5 47 1616
63 101 4003
78 152 3229
152 12 4631
83 67 3814
176 97 5412
178 13 722
132 74 42
108 185 1495
189 109 3575
124 29 2198
56 152 3599
136 32 5554
25 107 4770
103 73 598
37 86 2639
23 180 427
94 84 4115
39 37 5437
179 36 2673
21 52 5997
100 88 1410
136 189 1155
87 63 3474
38 58 4811
151 171 2015
45 186 4446
163 129 104
119 111 127
31 162 5889
195 42 4326
17 138 1108
172 183 2339
91 118 1494
6 75 5014
35 161 4524
148 32 4827
123 95 3693
152 42 4448
114 85 4251
20 150 1104
17 180 3164
80 159 1789
2 43 601
10 157 2286
159 119 4332
48 18 5133
195 54 5581
171 22 497
131 58 2800
87 44 3340
150 153 4142
157 152 3358
176 104 5520
36 135 139
37 193 6005
70 105 2826
164 80 3681
101 123 2767
88 86 5236
156 53 2191
166 60 1646
124 142 1950
177 38 3325
126 42 221
185 88 990
47 129 2916
25 164 1155
26 81 3405
102 140 136
119 118 1241
10 3 1261
174 28 2
61 5 5695
158 100 713
46 60 3364
124 177 3595
149 47 4475
7 173 4468
117 163 5288
191 121 3482
83 184 1438
184 42 2990
190 95 5087
144 165 3516
37 128 2805
79 46 2224
45 4 4828
98 26 3674
46 178 5009
31 98 1249
50 181 1068
97 59 5315
106 195 4656
22 140 4728
162 79 3959
115 161 5638
165 135 4500
156 151 5648
171 108 3898
161 116 3620
108 144 3079
62 39 5469
0 180 5865
17 195 5893
71 146 4891
20 29 4668
71 2 943
198 15 823
95 87 4133
47 148 2963
184 108 4260
144 68 237
23 67 1620
191 150 3915
11 62 3820
36 150 2184
30 111 1624
187 196 4599
199 100 5193
198 167 1020
0 57 1230
92 93 5330
42 127 1918
12 162 4449
168 99 2848
193 82 849
37 42 4686
153 47 3914
69 42 2549
40 106 161
109 114 4181
42 36 3282
33 37 4674
27 146 4075
70 182 1291
89 196 5247
135 21 1825
128 26 4693
178 185 4421
7 110 1729
164 46 4210
198 58 4843
49 28 389
162 153 1048
185 50 3935
199 189 714
130 195 2703
119 179 4462
64 178 1695
105 161 4500
130 188 5406
27 110 1436
6 34 2621
192 120 1161
46 78 5584
190 119 1612
144 78 1012
98 112 618
62 49 1805
27 122 5323
98 47 3609
89 140 5113
195 82 3413
134 153 4177
117 32 1238
154 131 1917
8 122 428
10 180 2572
145 41 960
186 96 71
29 139 4530
176 135 852
136 87 3130
51 48 4994
93 97 2325
30 174 4607
40 148 2978
167 13 5761
35 63 1095
48 58 1042
31 129 5824
121 137 4662
83 65 1201
96 38 4522
81 170 3998
156 175 3502
113 26 4697
71 84 2565
119 178 1301
81 113 4158
149 23 1309
50 107 477
59 199 2259
147 115 5187
46 41 58
106 184 4355
179 183 1089
104 24 734
64 191 2873
80 182 4229
120 77 817
39 77 5533
155 99 4513
68 153 2794
116 47 521
179 29 2577
193 182 3335
180 45 445
109 163 4323
52 42 347
53 168 1091
168 0 1017
140 10 1362
165 149 4384
158 197 2043
185 37 1773
181 164 1012
143 115 1710
46 120 4707
144 161 4038
106 150 133
160 130 1068
103 64 320
87 5 4579
125 57 1827
107 55 5405
73 153 4359
171 11 3424
25 83 3277
181 143 321
131 26 4301
175 41 4363
96 127 5881
44 84 1904
132 108 287
38 56 1937
148 33 5195
132 39 4560
93 12 5326
71 121 4279
90 100 2275
124 8 2408
111 157 3741
42 189 5809
11 6 4436
101 18 1951
53 142 3560
185 153 5034
146 149 5003
78 189 4610
150 135 3254
176 149 4461
168 114 3682
29 40 3485
127 174 1968
199 185 770
78 44 1479
155 34 4851
189 29 494
81 168 3911
81 151 4410
94 121 1262
51 20 4514
29 104 911
21 11 2354
96 103 4941
39 173 5609
168 48 2867
83 131 3414
153 193 4987
72 172 3262
97 6 2798
161 50 2146
78 7 5604
43 149 2786
190 24 5617
24 38 5270
67 100 2969
174 11 4451
43 57 370
60 170 2655
167 189 5277
198 174 971
102 100 4562
98 23 4041
126 125 5243
69 63 1271
170 96 4343
31 170 1674
57 38 526
144 54 3020
103 181 3484
12 88 1727
12 55 4131
51 30 4472
3 97 1877
43 69 5927
41 126 5680
99 196 6010
154 95 4463
180 56 2848
91 90 5004
157 45 1710
161 32 234
97 81 42
53 104 3048
38 97 1856
121 143 2691
93 33 3793
184 10 4800
102 4 1292
113 84 3459
157 30 1909
164 198 1347
106 83 4426
73 193 2685
149 182 4416
72 152 454
59 1 1760
36 134 2088
96 42 5699
50 137 132
134 67 2663
150 104 5686
97 57 1958
136 57 1579
173 198 204
47 167 2231
4 69 3487
121 86 3097
36 3 1806
61 113 2028
57 55 3726
43 185 6020
83 50 85
67 87 3793
117 151 5375
53 77 1488
80 44 321
148 113 3186
165 191 3810
65 192 339
198 13 4806
120 130 1771
118 43 1347
50 17 2559
156 132 5519
22 183 5690
80 112 4603
104 170 5484
35 14 3659
87 69 5742
141 78 5680
13 155 3999
87 102 2798
24 123 2935
103 18 5813
173 129 435
25 49 3789
125 149 3106
180 31 2591
61 170 5040
11 189 3847
115 7 2921
82 55 4177
67 94 3432
56 37 5127
188 168 4484
66 37 4245
191 66 801
102 60 3189
193 167 4901
4 118 1313
9 142 343
140 58 4719
58 33 3308
64 159 3044
15 142 12
2 73 2514
94 64 5092
34 152 316
95 170 496
107 14 5307
119 188 3480
42 26 5064
122 71 1455
22 114 5285
93 156 1794
180 126 5280
56 67 2005
7 120 2581
99 32 3630
189 149 563
27 168 1609
189 8 4146
125 140 5810
174 65 371
6 77 3711
64 172 4235
16 167 5930
33 189 2886
36 167 4096
111 144 307
181 175 3426
114 81 5893
82 39 3076
26 10 5776
73 35 1652
185 4 3828
123 48 1096
144 167 4232
127 195 4747
13 84 3974
166 187 5801
1 177 1961
133 16 4712
197 3 5575
85 131 3887
7 100 2606
157 126 5723
158 8 3969
36 115 1274
165 131 1413
62 166 5868
46 181 2400
95 198 2319
113 129 1296
60 14 4197
139 25 4345
74 95 1875
20 39 5031
131 197 4679
165 125 4952
44 4 3438
53 132 5494
84 152 3429
108 20 259
6 129 3617
36 40 2265
114 104 3315
143 72 5072
60 161 1956
55 177 3639
39 9 4571
126 63 4291
74 8 4893
42 23 4079
189 176 775
37 191 3172
19 50 100
19 127 179
19 56 13
19 84 122
19 154 49
19 68 86
19 98 75
19 94 75
19 166 186
19 78 130
19 79 156
19 15 63
19 29 101
19 85 13
19 100 20
19 104 8
19 72 145
19 158 192
19 199 14
19 116 129
19 157 122
19 190 28
19 21 65
19 37 107
2 76 132
9 76 152
13 76 84
14 76 171
23 76 17
30 76 41
38 76 42
47 76 195
48 76 193
56 76 190
57 76 155
59 76 74
61 76 51
67 76 185
74 76 174
81 76 67
84 76 47
89 76 88
93 76 125
96 76 172
115 76 10
123 76 99
126 76 22
134 76 80
137 76 93
139 76 114
157 76 164
174 76 84
186 76 41
190 76 141
196 76 170
