52
19
69 55 700
46 11 2207
26 69 754
9 34 322
15 38 1612
41 71 1633
28 39 1166
2 26 1561
61 59 887
7 37 190
27 16 1914
29 70 1015
64 8 255
49 31 1212
23 62 2151
60 25 1285
7 46 856
30 54 1760
16 17 1233
54 18 481
3 58 957
35 38 1179
65 20 1180
50 55 1886
57 62 1848
36 46 1287
14 78 1285
27 43 1119
64 75 822
0 32 738
75 59 587
56 22 2211
8 18 1473
14 60 1381
10 53 1915
44 72 632
5 30 434
4 30 509
72 1 354
59 56 808
17 16 214
63 27 494
53 0 1717
12 74 502
18 35 1535
49 11 1886
63 55 395
2 15 160
32 17 1527
51 2 1068
57 69 1125
51 12 1443
22 45 982
48 49 414
59 58 223
61 67 913
54 6 228
58 28 949
35 53 559
4 42 1572
6 59 1942
37 1 1453
9 45 899
37 64 1136
38 73 1558
66 60 795
75 31 1080
72 16 1628
76 27 1568
72 26 1458
28 36 940
30 25 858
35 3 357
35 46 2174
22 4 1780
22 24 316
3 56 2033
0 13 2237
2 16 1749
58 55 2034
14 4 1396
53 44 1381
73 77 911
48 32 479
7 63 992
37 59 468
45 78 8
59 27 1373
57 53 1647
46 68 532
54 29 1319
48 3 1735
69 40 296
18 28 861
31 62 163
53 75 1297
56 11 1892
3 35 1303
8 56 929
64 12 274
55 41 368
30 44 843
64 77 1327
45 29 269
57 67 166
4 68 371
25 46 1562
37 71 1270
44 31 801
23 76 582
55 73 795
40 61 2125
26 10 857
59 61 43
76 39 676
29 16 636
45 61 411
72 54 2139
51 39 1346
59 35 2204
70 79 504
55 8 2072
2 6 1569
48 43 1179
59 5 500
47 30 601
61 70 1362
62 49 1970
39 38 1679
12 39 358
23 51 967
31 1 781
9 72 1196
18 42 1145
9 63 2071
31 39 27
26 23 1186
43 3 497
55 53 263
0 72 2210
73 27 2060
14 3 444
38 62 1078
26 8 1819
49 62 326
8 36 1548
65 51 1877
78 0 1886
47 27 2194
23 50 648
30 20 2133
74 47 1261
59 54 1416
73 56 2117
24 17 1173
5 32 1854
56 42 1283
57 32 141
60 48 1503
60 3 1745
21 8 1727
30 28 1729
10 72 1496
64 4 1943
39 30 17
14 51 1334
76 44 753
74 3 61
30 39 2156
18 11 205
58 23 1673
74 28 2077
23 43 2071
62 35 907
49 75 1456
20 46 56
47 42 2157
24 32 1576
66 27 1370
1 59 564
26 16 505
1 63 532
11 1 1986
79 56 1296
10 71 1690
38 40 223
76 22 404
43 5 1800
51 16 1751
73 55 769
26 72 1666
28 1 766
46 53 1169
46 78 344
3 44 1252
53 43 423
53 41 1387
78 48 1548
25 14 1361
63 12 2
21 9 24
65 15 1387
21 37 948
40 27 2212
47 34 294
47 21 634
17 0 1594
29 40 1048
33 78 1695
59 30 1617
18 16 1372
43 27 130
21 29 1959
74 56 1798
18 3 655
68 57 1101
44 0 1338
37 30 1887
61 49 1688
42 67 1686
59 75 2009
79 72 1240
28 47 424
46 58 1450
5 35 763
9 57 505
22 26 2064
17 72 26
40 23 332
17 11 388
38 33 2219
60 51 1125
48 55 1840
12 7 272
1 57 741
72 4 833
2 49 1104
64 35 1052
53 25 1828
1 26 327
40 77 196
29 20 1050
20 56 1996
2 47 1098
64 1 1634
76 79 1934
39 0 171
63 79 42
49 57 1229
46 41 86
22 49 1154
77 13 1399
26 55 2038
13 51 1364
74 40 1577
58 76 198
4 32 564
46 33 267
22 69 1817
68 16 1145
16 79 639
75 34 1478
66 1 1624
28 63 1005
41 22 1145
77 8 868
17 22 923
44 64 1710
29 24 1337
22 34 1723
42 29 2256
32 62 1058
17 47 1119
6 32 97
65 10 373
50 10 703
72 70 56
73 30 2102
47 53 304
72 17 1918
41 46 1651
27 2 316
41 17 1195
30 78 245
21 27 2027
50 69 208
7 43 272
60 78 17
0 51 1125
24 54 960
24 4 888
65 34 511
28 40 696
79 48 1163
24 51 1938
33 63 0
51 18 448
12 65 1772
64 46 461
7 18 1410
29 7 1454
11 15 1693
75 39 227
53 17 1120
47 43 692
51 65 943
6 75 1474
77 30 1573
46 13 579
5 4 1543
47 48 1740
35 23 1422
63 15 877
77 24 188
45 24 916
9 43 470
14 17 2050
28 17 1332
76 26 808
67 38 1553
48 18 2108
68 50 1330
11 16 918
48 4 1957
9 44 852
37 73 374
29 37 1066
21 40 461
67 17 1875
42 45 1206
2 21 1477
72 43 6
5 17 2127
11 31 1601
78 55 1488
56 30 1843
60 49 393
79 42 1819
39 5 645
20 54 878
58 18 485
58 45 132
23 67 1147
50 66 614
5 77 862
30 59 756
67 6 512
32 54 1300
62 6 1061
56 37 959
54 21 643
59 79 317
11 68 831
66 62 308
26 18 1972
20 30 437
77 3 181
39 43 151
73 6 83
1 55 2018
14 67 1675
9 28 551
79 54 127
8 41 1661
53 36 1611
0 35 303
20 65 591
70 63 1118
38 0 1801
1 18 440
77 14 552
33 23 1726
72 11 1965
25 53 1347
30 12 157
13 16 446
70 41 1783
56 26 493
51 4 1986
18 27 1523
71 56 2060
42 33 1216
56 59 987
79 14 682
66 26 1167
71 57 271
31 55 1261
74 76 516
79 43 322
56 18 1063
45 57 1144
55 43 873
6 9 906
63 51 1217
6 12 240
15 42 735
47 35 174
6 55 1166
76 70 2266
50 14 2147
39 51 1567
16 2 1982
0 23 1801
8 70 1422
58 27 1824
21 79 2204
30 38 124
45 37 2228
39 34 1648
47 9 1951
68 53 1484
67 73 2054
51 48 1179
54 72 1666
41 75 1807
34 53 944
46 37 1834
39 32 50
68 66 624
15 56 990
66 41 825
71 9 1355
1 64 2233
31 11 2224
17 56 315
17 37 209
41 20 78
79 1 1800
11 48 5
9 31 365
1 58 1148
25 59 279
12 55 819
8 23 2237
42 15 552
25 30 1282
32 9 1792
4 2 2205
9 22 1216
2 22 478
38 41 1104
71 79 1839
56 20 1542
73 2 524
29 27 996
15 7 2209
5 22 1268
59 12 231
4 76 1602
44 75 1826
29 78 926
68 30 890
43 64 1104
46 54 1141
15 65 4
46 64 1631
72 74 367
42 5 2182
41 6 2015
61 63 1522
50 24 1949
68 14 2172
65 18 104
24 13 284
26 60 1658
41 53 1587
60 50 427
31 7 655
12 51 2215
59 65 307
42 26 1302
59 2 379
34 2 565
67 23 2015
42 27 1608
0 28 309
16 0 945
33 69 542
69 42 418
58 75 963
22 58 700
6 53 118
46 77 2146
77 69 1922
2 77 676
10 29 467
48 0 2190
44 62 549
10 13 1992
23 2 1035
29 65 240
58 74 442
2 33 1125
68 60 1267
78 76 2045
73 26 451
64 41 1478
15 28 224
75 32 2075
33 36 791
42 12 2250
16 41 690
40 57 1086
61 74 433
8 58 1823
76 62 1839
71 44 2179
29 0 854
33 37 26
4 49 1859
9 5 434
30 37 473
79 68 1248
7 31 1569
58 72 2243
72 15 809
61 30 418
37 75 1173
38 17 736
46 21 1762
17 45 2148
70 23 1225
48 78 654
2 32 679
50 18 46
23 69 1802
74 27 29
61 14 640
73 4 1742
3 20 362
26 48 347
49 65 252
20 33 1856
34 64 186
7 27 616
8 72 530
18 48 1353
20 16 1507
13 48 1717
77 42 939
53 6 729
7 70 2064
66 0 342
44 6 1946
30 72 324
66 32 1074
49 0 624
70 37 366
37 0 776
69 41 746
26 75 839
22 74 2256
70 9 2224
5 68 1091
5 23 1720
72 61 1663
25 3 1123
51 44 221
63 39 2149
11 18 1975
59 29 177
6 20 871
15 76 1357
60 39 883
68 71 633
60 28 124
24 35 1102
7 68 288
10 62 264
68 58 695
74 41 174
28 79 142
49 60 2155
44 69 551
18 47 1759
1 79 1941
10 57 1457
42 66 358
31 77 614
38 60 2235
32 40 135
65 67 166
64 25 1052
72 27 1133
26 50 520
25 0 1853
57 24 2132
31 45 254
54 12 835
14 24 460
74 54 1933
48 35 171
33 68 1229
6 58 1062
55 74 1369
27 48 2051
71 46 1803
5 67 2045
35 49 557
26 1 1091
23 30 1261
68 3 840
35 9 2119
37 49 699
62 13 468
32 37 1734
9 37 1303
38 8 1731
63 56 686
0 8 1319
12 37 2267
46 67 579
46 28 817
39 15 235
75 50 1473
35 21 1123
31 25 1415
23 45 175
35 77 1066
37 57 177
41 16 395
47 32 1234
14 72 30
14 41 1617
25 26 103
21 72 519
16 27 2070
0 43 906
66 61 879
16 44 430
45 74 1759
44 54 1144
73 67 723
21 4 884
33 10 39
22 71 1770
20 24 1993
16 30 4
17 75 1676
18 55 133
63 61 1360
7 55 128
58 32 1462
69 60 247
20 32 413
51 32 1867
39 10 1379
53 62 114
23 78 1233
29 3 2040
0 73 969
75 74 514
45 39 1137
39 26 1414
42 2 259
57 2 54
56 50 1093
14 76 603
33 24 1909
51 9 169
63 23 214
27 42 364
6 73 1746
47 6 969
20 70 1494
61 77 1804
50 11 1781
55 28 186
49 46 202
2 39 1355
61 64 719
27 79 434
29 22 579
71 40 1627
66 59 362
70 78 261
15 72 506
69 65 707
37 12 592
71 49 327
25 6 1716
2 34 450
11 78 1849
65 70 436
8 13 2141
47 73 894
77 46 892
66 30 2047
5 1 9
56 74 2236
22 30 1988
75 10 953
27 64 1115
23 61 778
51 57 1353
28 31 1195
23 42 2089
24 18 2169
68 43 600
77 44 1567
15 4 143
67 7 1132
58 63 2060
35 74 826
49 9 579
40 25 180
77 28 535
79 63 1333
8 66 1120
62 14 546
36 41 2075
49 20 1223
17 15 1708
61 4 1473
7 48 2014
38 29 264
4 25 1102
58 17 927
67 11 1177
26 79 218
1 65 922
5 40 1756
13 39 1856
66 28 135
40 48 1133
61 46 1169
60 55 1331
42 34 1091
22 65 49
38 28 1917
33 74 1977
35 70 1197
61 78 1914
50 75 486
51 21 923
62 64 836
24 2 1383
12 10 1215
30 8 1816
75 71 413
44 7 753
36 10 1915
56 2 182
67 2 848
42 55 989
65 27 560
10 68 539
50 44 1781
64 70 2241
78 69 329
13 22 1132
62 47 2163
62 44 21
49 35 1956
0 62 775
68 29 1055
7 26 1930
76 57 662
32 58 1049
3 21 1034
13 61 1680
73 9 170
48 66 117
8 0 937
14 58 735
2 78 1617
12 40 992
54 67 1920
32 38 1576
6 0 1560
20 8 1303
39 65 1579
42 79 1828
9 20 2224
4 33 598
69 47 984
22 14 2130
43 28 2211
50 74 1293
29 2 805
21 60 193
1 15 1586
12 27 702
36 61 1037
0 68 382
33 62 1005
0 67 1935
51 67 406
9 38 437
76 29 1864
25 50 1792
75 23 381
17 78 452
8 45 287
60 8 1484
50 49 1571
6 71 128
40 34 1386
7 79 1764
38 56 134
61 16 1273
30 62 708
29 53 1735
40 56 2193
63 10 690
11 14 1865
78 63 1986
13 74 28
68 79 978
63 65 2026
38 77 1386
21 26 2141
57 55 1542
78 60 1611
55 31 1032
46 18 896
63 67 1208
10 16 515
1 76 1952
2 45 1509
72 31 368
55 15 1398
41 21 1885
53 18 261
78 21 1538
1 44 854
79 8 1423
59 47 683
6 66 324
15 64 1315
43 53 1975
23 37 945
37 15 503
2 11 61
5 11 668
34 54 1656
24 42 601
20 10 2023
4 34 1252
62 55 2177
13 2 123
17 55 2241
0 66 1209
75 12 1894
68 73 1990
45 32 2120
75 29 329
24 21 839
59 24 2260
75 17 670
62 39 2111
17 29 303
4 58 1067
70 77 1143
60 65 784
3 46 136
55 14 1377
53 77 223
45 48 1520
35 43 2022
56 33 51
74 60 484
3 36 1356
40 13 762
0 39 1894
26 77 819
17 79 140
60 11 1515
58 64 1585
78 23 16
13 47 769
20 6 815
39 46 1151
25 12 708
78 56 571
3 1 458
68 20 1160
34 47 1275
12 47 1154
53 74 93
78 45 1001
51 15 647
49 69 1016
73 71 93
36 43 2255
71 15 903
17 28 1645
13 26 1425
8 5 1169
45 63 1458
9 60 319
35 25 2194
56 67 2135
50 65 733
33 72 1081
65 64 764
47 63 488
22 60 472
23 32 2022
75 35 1246
27 21 230
53 33 522
46 32 245
61 11 594
30 45 1518
65 16 869
5 61 2140
56 0 257
21 15 372
1 30 423
79 49 110
74 24 448
2 30 1317
33 48 1929
28 22 1269
59 9 1131
35 67 31
73 61 1915
8 9 609
17 38 659
16 47 145
5 10 777
24 47 380
75 68 1788
41 38 399
51 53 591
3 65 1905
23 10 900
74 46 2174
10 56 385
65 36 1809
36 70 1743
49 58 638
9 70 1156
10 38 1367
78 72 1581
24 28 1851
47 4 1402
49 29 264
38 10 115
47 60 684
38 37 761
67 64 2110
47 75 1896
59 36 894
3 24 673
20 75 1986
27 45 383
78 41 43
41 37 1412
38 16 127
39 6 414
13 4 109
24 20 387
51 8 1484
26 17 2156
63 25 1938
31 63 1293
39 70 330
66 22 252
75 57 370
12 14 1490
21 66 1379
33 16 1858
31 20 257
31 13 1813
49 24 1031
18 63 1925
29 66 1623
22 35 1508
57 76 2254
6 77 329
41 1 579
28 24 1131
64 61 23
57 6 158
25 18 1043
16 49 644
49 55 567
7 0 454
46 36 1323
65 50 544
15 6 1946
70 18 256
57 40 2161
46 17 1058
3 4 276
14 59 743
12 73 1149
23 53 1823
74 62 1588
18 72 548
2 31 1710
34 66 1833
28 37 210
42 44 1967
16 73 1983
61 6 875
14 48 1513
37 23 452
71 55 2213
45 46 1281
72 53 2070
42 23 1543
2 3 1771
67 53 914
21 63 1910
55 3 311
44 14 848
51 46 985
6 17 1908
16 76 2231
41 0 1624
50 13 218
72 51 2265
26 39 54
7 16 1691
33 53 127
27 20 1342
57 56 1232
7 76 119
54 28 1969
61 26 1577
17 7 1260
23 66 329
67 43 576
8 3 1865
73 64 1415
32 28 552
73 28 1915
79 70 630
35 78 1173
58 33 2011
53 50 746
37 13 733
30 41 663
51 31 25
9 30 1517
48 42 625
18 51 705
1 27 992
40 10 1273
20 60 1824
39 78 2136
38 68 168
64 7 1815
61 66 1190
71 48 328
22 73 1282
28 15 1304
62 18 1647
53 64 103
41 60 367
7 14 486
17 14 726
62 78 1820
1 35 186
38 36 340
3 67 159
74 68 507
24 67 628
20 53 2247
64 66 654
63 74 936
76 56 1668
37 5 219
14 64 1874
65 12 1560
50 17 572
7 39 661
75 55 1920
61 15 871
47 70 833
17 65 1682
43 32 1797
53 38 76
48 25 1307
15 45 1242
51 29 188
15 63 1338
1 0 1291
60 24 1052
68 10 144
48 33 1475
33 47 320
68 26 1938
60 44 1815
32 25 1378
2 24 163
34 48 2107
66 54 1627
55 0 1691
20 74 597
66 63 749
40 60 2168
50 54 384
34 77 392
46 38 1999
38 79 299
37 68 1623
27 23 2069
30 57 380
54 33 1836
10 24 203
4 53 1907
31 71 2059
20 43 1848
14 54 406
50 79 615
3 10 1211
17 64 1686
31 8 1381
74 34 1853
29 62 986
15 5 1207
74 69 1395
67 25 847
23 39 1599
27 6 509
66 45 1746
65 0 401
75 64 220
34 65 1442
42 46 117
13 54 1198
13 30 2224
77 17 1658
51 42 753
43 15 1059
57 25 1982
71 66 1316
31 44 2041
16 64 344
45 0 967
8 37 394
57 45 632
27 67 94
34 20 219
12 41 1217
12 13 1348
62 42 706
1 36 1791
46 4 886
39 69 1419
54 46 1788
46 47 1426
76 31 1365
2 12 1542
39 56 812
33 32 1740
60 6 1674
62 41 1596
60 20 1395
71 67 628
12 62 2157
47 26 2060
61 41 864
27 13 115
39 25 1681
70 6 2182
36 23 694
61 79 1612
44 9 383
21 53 33
59 72 1587
44 40 1648
69 51 778
16 25 655
36 27 878
16 46 41
65 48 1201
5 31 742
62 69 1113
6 42 515
76 74 2207
42 35 1333
40 73 1570
18 67 1744
62 73 1886
16 10 2084
78 58 1024
3 25 168
39 72 137
1 49 468
4 22 1945
6 37 837
78 65 2163
68 5 885
78 16 506
50 12 92
16 42 1323
31 74 1937
3 26 2124
22 76 765
63 4 2164
33 20 2050
41 56 1112
12 63 200
5 33 1487
5 28 626
27 63 635
29 11 35
70 62 1627
73 58 1133
16 37 1129
37 8 187
12 66 1539
4 54 809
10 65 119
68 72 2225
43 71 1619
41 7 1903
73 39 1422
11 36 1658
24 62 575
22 6 266
64 29 324
63 11 2060
26 74 702
67 28 2195
55 18 1526
58 42 339
73 50 391
66 23 1362
13 59 1787
69 8 1247
0 22 310
8 16 443
46 49 2117
28 8 573
30 13 1192
7 72 1431
35 50 1815
51 60 2092
76 58 1208
69 15 786
14 30 1351
27 28 1435
55 4 1258
25 60 1202
74 66 1311
24 46 386
67 29 1811
53 48 1152
30 70 2172
28 33 2081
69 4 323
30 24 1371
73 57 741
27 9 528
53 21 1138
76 53 1455
71 70 1656
58 22 1469
37 56 385
50 37 1299
27 14 984
61 35 2005
48 74 2240
68 76 1778
29 1 828
68 18 492
74 20 196
28 2 115
23 29 402
53 37 1624
21 0 2027
58 9 664
30 47 665
3 31 1736
31 41 1747
67 44 870
71 20 1719
69 64 741
50 41 426
54 64 516
60 1 1443
6 44 1788
46 30 1747
35 62 519
23 31 950
15 10 0
70 42 1752
47 56 1307
71 59 1878
72 28 1453
10 0 930
77 43 563
46 35 1302
46 9 1855
51 63 1010
3 39 65
36 21 826
36 58 382
27 70 831
49 22 1181
12 77 141
74 36 1784
15 73 747
62 54 1660
7 54 840
13 60 197
34 59 889
58 61 1228
75 18 750
76 33 1142
21 33 1530
20 78 1598
17 35 1771
26 5 1099
37 28 982
54 26 1718
66 78 1733
77 9 1604
47 40 942
67 4 56
73 54 1524
6 79 373
74 53 1614
78 67 2267
17 48 13
39 12 137
47 69 2090
34 74 1856
18 9 1139
14 69 1827
21 71 1589
6 72 609
58 62 899
70 66 1745
23 56 179
40 32 1939
25 29 1310
31 26 1948
26 36 967
16 18 1693
48 6 1640
64 10 1007
28 34 831
14 62 2098
53 58 930
34 78 976
4 57 1354
24 7 1978
34 23 2126
59 57 1002
63 33 319
60 41 1214
28 65 389
57 9 1328
21 42 870
72 33 1828
32 71 548
69 14 621
76 66 239
27 57 1316
75 28 1996
45 3 1808
67 34 2212
2 4 977
18 49 1540
74 38 361
78 75 68
78 2 1655
9 0 140
26 64 42
61 3 1443
79 46 1723
2 20 1823
35 64 1709
12 48 2118
75 14 131
76 63 1303
63 57 693
37 40 1395
28 12 1190
70 8 2077
40 46 1640
66 76 1966
63 29 794
74 5 457
69 9 1006
23 77 2063
60 42 624
35 42 378
20 71 28
43 47 514
54 56 2265
39 23 2172
36 26 17
8 79 2199
33 70 331
77 18 1533
67 42 684
16 35 858
21 6 324
55 33 787
63 2 417
43 69 1119
38 58 1426
59 60 484
58 34 449
48 68 960
44 48 1687
7 3 1322
24 41 1955
25 69 386
46 79 1707
48 40 510
34 73 112
31 46 1827
39 57 877
59 50 1949
10 20 1905
14 49 1199
60 32 1631
44 4 1536
57 60 1507
78 28 1010
44 24 1586
7 41 1070
5 55 591
71 21 134
29 31 1347
40 29 1189
4 40 636
23 54 1613
68 78 23
56 36 168
37 29 2117
7 71 1875
51 49 1293
40 39 336
70 21 84
26 43 1634
49 8 1263
33 22 670
44 12 1918
8 1 897
71 68 905
60 10 254
21 58 1363
62 43 224
72 62 2098
27 72 2001
56 45 1921
73 36 1547
13 23 1427
57 65 1145
0 53 1516
34 63 805
37 18 1021
25 44 2243
54 17 2224
14 47 203
25 77 2062
35 55 2059
51 68 2143
75 38 1783
20 21 940
23 49 2048
13 17 910
32 3 2108
15 49 172
16 3 370
11 45 1019
4 37 1076
68 6 452
42 56 1450
69 32 1822
36 15 1272
31 78 525
78 37 350
21 38 242
22 1 800
9 18 172
34 33 448
74 15 1620
74 10 347
55 29 1048
16 39 1060
32 30 1131
57 44 381
9 8 570
28 75 1226
51 73 2210
23 5 1922
23 34 803
76 6 917
43 68 583
33 49 1639
25 70 500
45 21 1697
33 38 1097
2 46 165
63 17 2027
21 78 237
24 25 170
67 13 583
47 38 1641
23 33 1472
25 43 1865
60 61 1002
48 56 988
21 1 1426
43 11 980
65 43 266
68 41 223
44 17 1663
27 40 590
44 74 268
3 48 1713
35 45 1136
78 4 858
36 14 425
21 30 393
24 15 409
77 64 2173
13 41 385
24 70 555
51 1 1085
0 31 1810
28 27 97
15 2 1147
41 29 193
39 8 1023
54 71 53
49 53 1894
50 38 954
32 53 1782
53 56 741
23 48 938
60 62 854
73 70 330
26 68 1930
34 31 636
44 45 400
4 15 957
12 8 2264
79 33 1324
71 2 238
3 63 128
77 59 1488
72 55 390
7 61 1044
38 44 1604
48 79 915
15 47 57
18 21 1394
62 10 1837
20 29 224
42 22 2110
53 76 580
74 55 42
46 44 100
58 21 1958
76 28 110
62 60 931
17 73 666
12 22 1845
45 59 1574
69 71 2087
35 40 1531
59 41 1879
69 34 205
65 69 1141
30 40 2211
63 68 1713
42 0 2015
47 10 495
18 36 623
71 54 213
20 41 160
71 72 1415
12 15 2110
17 5 1180
60 23 2154
42 13 903
70 28 1123
57 30 1697
27 55 343
33 76 1504
56 68 2116
61 23 19
60 43 906
27 66 2005
11 59 2111
72 23 1528
48 53 535
30 79 2267
48 21 1325
61 76 528
18 8 558
45 9 270
79 7 2081
44 36 325
73 7 651
78 73 1726
24 27 1714
42 6 349
61 51 566
16 53 1271
22 31 1444
28 13 941
74 33 82
43 18 1660
57 48 1215
44 63 32
15 1 1368
58 14 158
39 61 1299
32 67 1647
18 75 813
9 59 650
73 13 2066
22 16 248
25 28 527
38 9 506
57 72 904
46 12 2134
54 73 1279
12 17 1881
50 15 749
29 39 793
3 30 489
25 34 924
31 18 1597
49 16 219
34 7 1801
47 55 2009
30 51 100
56 23 1105
59 48 1062
22 70 741
14 15 450
35 11 703
10 46 348
58 38 1316
13 35 975
71 35 1795
57 15 1090
74 30 280
40 69 1907
45 6 943
39 11 1334
73 74 247
47 11 1663
3 28 1113
4 29 1018
79 31 1307
11 67 872
78 1 927
70 5 1290
76 8 889
24 40 790
20 14 589
15 78 1437
66 71 1036
61 44 2158
26 9 244
70 24 2122
57 43 960
50 57 1245
50 33 2165
51 17 1522
4 24 671
76 45 1902
15 79 1837
43 37 484
5 66 2216
14 18 1501
21 12 976
63 75 1138
43 51 310
71 28 1036
73 41 1363
56 8 1240
35 18 1784
43 34 0
54 5 1700
68 27 1989
34 76 812
13 7 1895
45 55 475
50 71 1480
26 45 1625
59 4 119
4 47 47
20 45 1110
30 4 676
50 45 1711
68 45 2114
62 65 737
74 18 1165
74 71 650
75 46 236
28 4 1383
47 45 2033
11 60 2233
43 70 480
60 22 451
9 66 412
75 20 2047
56 6 1123
2 43 788
39 79 966
12 24 821
6 34 1945
37 79 1215
9 25 2096
24 26 402
54 49 143
29 72 865
74 2 763
6 47 383
27 65 92
68 21 182
70 22 583
55 48 949
55 47 396
79 57 123
22 7 1151
27 54 2166
36 30 794
53 7 1928
71 51 798
11 56 70
73 11 247
43 73 1319
72 76 2263
26 21 843
36 6 1247
75 49 869
47 74 2080
11 49 2178
46 43 617
60 73 1559
26 46 1174
69 46 646
60 30 1865
78 38 883
12 16 793
4 72 137
20 76 1204
55 59 264
45 31 2156
43 55 1165
77 78 1841
66 42 1955
7 23 2122
37 65 1768
68 0 1502
10 37 1349
46 51 31
38 67 1138
43 48 2173
73 25 284
62 23 1683
56 1 1411
55 27 629
73 46 1061
68 40 1702
49 36 1017
29 57 104
50 8 319
36 79 234
61 2 577
56 60 2227
15 27 287
74 11 2194
25 5 1592
71 64 675
8 75 648
39 50 390
45 14 1761
42 30 2109
0 17 237
10 28 1276
37 16 56
28 58 76
27 8 830
45 58 1750
30 42 718
56 10 2044
54 66 1835
50 46 715
22 28 180
49 2 1348
26 61 1560
63 21 1928
9 16 1438
58 71 1850
59 14 1397
17 2 517
30 17 637
60 9 180
79 23 1390
78 5 315
55 21 1734
25 79 67
55 49 570
45 70 2184
79 66 13
42 24 121
33 51 683
61 68 2085
67 12 2006
59 32 1252
36 50 266
40 9 198
73 38 2075
45 8 46
47 12 1679
61 31 1007
71 0 1699
58 57 1435
71 18 578
56 27 2184
41 45 1481
61 0 1138
43 21 1262
41 18 1065
27 76 1330
47 61 915
17 40 558
65 55 551
69 25 467
10 30 843
20 64 292
75 36 274
15 23 147
64 51 1838
61 47 269
59 28 213
13 45 563
7 73 228
22 77 1554
8 11 874
14 77 1891
68 61 1715
36 49 531
45 47 841
62 11 1499
76 9 717
6 4 82
71 50 1119
48 75 40
47 76 2149
65 28 731
48 30 136
22 40 144
13 79 2031
3 8 1293
7 6 218
18 45 2213
78 61 2003
20 18 2142
4 1 515
0 20 2089
20 69 2156
11 79 699
60 26 168
63 34 1670
73 5 111
59 15 1420
33 66 537
57 3 830
10 33 990
8 49 427
1 33 1016
16 71 83
68 2 971
1 67 580
12 56 2021
3 2 435
44 68 2152
23 12 795
2 28 1692
75 78 437
21 62 517
69 75 1343
14 23 914
33 71 67
57 34 927
1 41 2130
25 9 1942
34 50 1568
31 54 1239
48 38 381
46 62 2117
70 48 392
24 1 1930
68 25 137
45 73 1972
9 3 820
65 47 2033
59 51 623
5 75 2188
1 39 931
0 56 713
37 77 1795
46 27 2148
32 6 846
71 74 240
34 29 1233
2 23 163
41 40 2126
23 79 687
66 73 50
62 48 93
67 14 1131
60 68 122
37 22 1252
1 31 1710
59 68 642
16 26 38
12 50 611
15 34 913
42 17 91
65 29 825
2 5 340
42 59 2044
41 3 1931
64 76 1319
8 47 899
62 24 2162
30 49 1897
11 30 1137
21 59 1475
65 66 1876
63 40 1755
60 5 914
59 44 1492
59 40 526
41 11 896
7 58 1645
51 28 1524
8 28 1518
8 50 464
76 36 613
13 8 1672
26 58 799
17 67 1235
65 68 1780
33 60 535
16 45 198
23 35 24
44 21 1577
31 49 27
25 74 2046
13 44 4
16 29 443
30 33 636
42 28 154
40 65 325
37 31 332
65 54 9
75 7 1764
25 49 99
50 7 1691
15 68 118
21 64 1376
53 15 1834
0 40 1887
3 75 1939
36 71 1075
23 6 1172
42 53 1213
78 29 2233
30 6 2093
56 62 1276
24 53 700
65 30 1536
57 79 1830
54 10 2122
14 57 1695
6 10 239
58 66 125
46 5 1728
8 29 679
46 14 1512
43 4 2138
32 29 565
55 16 657
5 79 2062
15 13 1834
68 22 1949
70 60 2265
70 53 387
79 45 789
9 29 2251
11 58 512
53 59 2004
38 5 2252
38 39 1561
50 56 915
74 4 563
75 73 1860
36 35 839
73 69 2261
33 59 1689
35 15 452
45 56 808
62 50 1913
26 33 411
15 25 529
70 10 2022
68 67 1720
72 67 257
39 33 671
44 32 1049
2 35 469
10 73 1648
33 64 1453
7 75 2078
39 29 759
49 27 949
77 73 1121
0 33 1930
66 55 1523
38 76 2139
46 60 2179
28 72 1907
47 18 154
32 63 683
51 34 1461
57 5 939
3 71 782
47 77 794
10 45 1695
62 5 746
37 72 2098
45 23 792
50 60 1140
54 70 2148
49 71 1390
46 7 1132
9 49 510
79 28 17
28 18 1931
3 5 1483
64 32 172
34 11 307
48 71 99
20 36 475
6 31 126
51 20 1640
53 20 526
75 5 1520
17 42 1455
72 24 277
25 55 598
54 22 2131
74 51 696
72 38 1774
67 26 226
14 9 862
8 51 2056
53 72 1814
47 66 950
0 63 1082
41 59 1960
41 12 828
4 46 1107
51 76 818
78 8 159
39 24 1463
50 21 1174
7 29 1845
41 5 1305
14 56 2228
64 15 1517
77 36 1463
70 67 1941
9 50 1194
23 58 2084
18 1 721
48 57 1330
61 58 1617
1 24 1859
62 20 411
18 2 1729
46 72 564
42 61 1006
61 36 1231
30 9 2175
12 25 141
1 21 1442
1 38 2194
55 17 1087
35 22 3
65 17 1124
4 45 2090
59 42 79
23 18 1854
62 28 1883
62 57 2176
0 54 1451
16 67 662
14 0 380
31 5 941
72 41 808
39 73 1994
70 0 777
67 20 1392
41 36 466
20 35 138
15 62 65
51 71 291
18 12 1557
34 16 1418
32 18 145
3 57 2103
63 70 1286
7 77 918
64 63 2061
21 18 261
73 8 1987
20 79 1690
22 32 291
65 44 994
36 3 2168
12 78 1325
65 22 1452
66 74 1047
34 24 1797
13 9 608
50 77 714
73 66 1016
31 51 1525
3 78 1416
61 56 618
17 20 1149
31 42 2089
65 73 1701
41 31 1293
44 71 2225
4 16 1405
70 35 428
20 59 651
5 73 741
47 28 1443
14 50 1472
31 9 2089
56 54 2147
26 30 1324
59 7 2081
18 39 2072
8 74 1426
37 70 943
62 25 1892
9 42 2196
24 44 219
5 51 1058
64 79 725
60 46 524
15 70 1243
54 30 142
56 28 787
46 25 1174
11 71 1043
7 42 2250
15 74 383
33 44 1713
52 42 44
52 75 13
52 19 62
52 3 4
52 32 48
52 47 32
52 63 58
52 53 62
52 69 43
52 41 16
52 25 29
52 13 40
52 15 17
52 72 7
52 61 56
52 31 39
52 71 37
52 8 65
52 4 35
52 78 40
52 51 22
52 58 75
52 40 43
52 5 78
52 76 41
52 59 38
52 29 13
52 22 41
52 67 50
52 54 75
52 30 21
52 44 51
52 33 10
2 19 25
5 19 74
6 19 29
9 19 56
17 19 65
20 19 73
23 19 38
24 19 2
26 19 11
35 19 40
39 19 61
42 19 69
43 19 79
45 19 37
46 19 72
47 19 66
49 19 65
53 19 41
55 19 33
57 19 75
61 19 75
65 19 66
69 19 76
74 19 31
77 19 51
79 19 27
