39
11
0 1 64
0 3 24
0 5 46
0 6 90
0 7 51
0 9 99
0 10 30
0 14 55
0 16 27
0 18 42
0 19 47
0 21 3
0 22 90
0 24 50
0 25 9
0 30 28
0 32 26
0 33 60
0 34 50
0 35 36
0 36 8
0 37 2
0 38 33
1 0 80
1 2 57
1 4 26
1 5 46
1 7 1
1 8 100
1 12 15
1 13 25
1 14 2
1 15 40
1 17 43
1 18 47
1 22 73
1 23 42
1 25 37
1 26 12
1 27 52
1 28 1
1 29 59
1 30 92
1 33 9
1 34 83
1 35 15
1 36 56
1 37 71
2 0 2
2 3 17
2 6 26
2 7 31
2 8 75
2 9 40
2 12 6
2 13 26
2 14 91
2 15 17
2 17 66
2 18 84
2 20 1
2 22 55
2 23 80
2 25 82
2 26 73
2 27 41
2 28 24
2 29 64
2 30 61
2 31 10
2 32 69
2 33 91
2 34 100
2 35 3
2 36 44
2 37 50
3 1 83
3 2 33
3 4 84
3 5 16
3 7 94
3 8 54
3 14 7
3 15 61
3 18 13
3 19 92
3 22 74
3 23 99
3 24 54
3 25 72
3 27 11
3 29 95
3 30 41
3 32 37
3 33 19
3 35 3
3 36 2
3 37 5
3 38 95
4 0 12
4 1 42
4 2 19
4 3 74
4 5 19
4 6 21
4 8 18
4 10 49
4 14 28
4 16 85
4 19 34
4 20 36
4 21 69
4 22 90
4 23 55
4 24 56
4 25 44
4 26 75
4 27 21
4 29 100
4 30 39
4 33 73
4 34 10
4 35 22
4 36 97
5 0 64
5 1 40
5 2 40
5 4 49
5 6 31
5 8 58
5 9 79
5 12 81
5 13 12
5 17 52
5 20 81
5 21 4
5 23 19
5 27 26
5 28 13
5 29 90
5 31 1
5 32 85
5 34 45
5 36 42
5 37 84
5 38 56
6 0 58
6 1 56
6 2 65
6 3 12
6 4 13
6 8 51
6 9 62
6 12 10
6 13 77
6 14 94
6 15 98
6 16 87
6 17 46
6 19 13
6 20 73
6 21 85
6 22 47
6 23 80
6 24 37
6 25 46
6 26 83
6 27 55
6 30 81
6 31 59
6 32 45
6 33 26
6 34 88
6 35 4
6 37 79
7 1 11
7 2 38
7 3 42
7 4 86
7 6 38
7 8 69
7 9 61
7 10 4
7 12 79
7 13 40
7 14 40
7 15 89
7 16 80
7 17 73
7 19 19
7 20 13
7 21 90
7 22 83
7 24 75
7 25 68
7 26 49
7 27 17
7 29 38
7 32 83
7 33 75
7 34 89
7 35 19
7 36 48
7 37 17
7 38 26
8 0 49
8 1 77
8 4 40
8 5 87
8 7 10
8 10 79
8 12 100
8 13 34
8 14 5
8 16 19
8 18 75
8 19 73
8 21 95
8 22 100
8 24 10
8 25 7
8 27 33
8 29 53
8 30 57
8 31 47
8 32 15
8 33 33
8 35 47
8 36 91
8 37 40
9 0 22
9 2 56
9 3 17
9 5 62
9 7 74
9 8 20
9 10 59
9 13 70
9 14 93
9 17 42
9 19 56
9 20 49
9 22 93
9 23 14
9 24 24
9 27 48
9 28 90
9 29 90
9 30 85
9 35 19
9 36 94
9 37 55
9 38 74
10 1 4
10 4 29
10 7 29
10 8 53
10 12 59
10 13 78
10 14 32
10 15 73
10 17 59
10 18 9
10 19 14
10 20 16
10 21 72
10 24 5
10 26 19
10 27 64
10 28 4
10 29 55
10 32 61
10 34 78
10 35 82
10 36 69
10 37 88
10 38 35
12 3 67
12 4 85
12 5 48
12 6 62
12 7 83
12 9 90
12 13 4
12 14 64
12 15 1
12 16 74
12 18 87
12 19 85
12 20 65
12 21 48
12 22 89
12 23 86
12 25 11
12 26 34
12 28 89
12 29 13
12 31 80
12 32 56
12 34 91
12 35 76
12 36 24
12 37 78
12 38 54
13 0 69
13 1 49
13 2 26
13 3 97
13 4 54
13 5 28
13 6 80
13 8 67
13 9 82
13 12 54
13 14 75
13 15 63
13 17 77
13 18 12
13 19 3
13 20 5
13 22 33
13 23 32
13 24 42
13 25 78
13 26 45
13 27 77
13 29 94
13 30 31
13 31 9
13 32 87
13 33 38
13 34 65
13 35 57
13 36 100
13 38 96
14 1 99
14 2 55
14 3 50
14 4 93
14 5 60
14 7 81
14 8 97
14 12 78
14 13 14
14 15 14
14 16 55
14 17 50
14 19 75
14 20 50
14 21 96
14 22 74
14 23 44
14 24 1
14 25 41
14 26 88
14 27 62
14 28 95
14 29 19
14 30 2
14 31 93
14 32 63
14 33 97
14 34 64
14 35 52
14 36 68
14 38 33
15 0 34
15 1 88
15 2 72
15 3 37
15 6 51
15 7 73
15 9 88
15 10 44
15 13 83
15 14 32
15 16 32
15 17 80
15 18 64
15 21 40
15 24 79
15 25 16
15 27 50
15 28 94
15 30 7
15 31 48
15 32 38
15 33 66
15 34 75
15 35 84
15 37 12
15 38 27
16 1 64
16 2 92
16 4 2
16 5 84
16 6 67
16 8 77
16 9 28
16 10 79
16 12 4
16 13 73
16 14 28
16 15 4
16 18 95
16 20 88
16 21 100
16 24 5
16 27 55
16 28 84
16 29 29
16 33 26
16 34 5
16 35 3
16 37 17
17 1 72
17 2 83
17 5 74
17 7 48
17 8 49
17 9 43
17 12 63
17 13 3
17 14 69
17 15 36
17 16 2
17 18 49
17 19 1
17 20 81
17 21 37
17 22 39
17 23 48
17 25 18
17 26 86
17 27 100
17 28 5
17 30 45
17 32 3
17 35 7
17 36 65
17 37 73
17 38 44
18 2 58
18 7 83
18 8 62
18 13 7
18 14 53
18 15 3
18 16 35
18 22 4
18 24 24
18 26 91
18 27 84
18 29 62
18 30 44
18 33 99
18 35 36
18 37 26
18 38 73
19 1 96
19 2 19
19 3 59
19 4 45
19 5 57
19 6 11
19 7 10
19 9 2
19 10 34
19 12 80
19 13 59
19 14 50
19 15 18
19 16 55
19 17 98
19 18 78
19 20 17
19 21 44
19 22 99
19 24 65
19 25 80
19 26 14
19 27 52
19 28 64
19 29 90
19 31 7
19 32 83
19 33 80
19 34 48
19 35 62
19 36 33
19 37 88
19 38 94
20 1 95
20 3 99
20 4 49
20 5 10
20 7 59
20 9 38
20 10 88
20 12 70
20 13 21
20 14 63
20 15 51
20 16 15
20 18 34
20 21 7
20 22 30
20 23 61
20 24 36
20 25 91
20 26 89
20 28 36
20 29 96
20 30 22
20 31 28
20 34 11
20 35 26
20 36 77
21 0 97
21 1 33
21 2 36
21 4 1
21 5 64
21 6 10
21 7 32
21 8 2
21 12 63
21 13 91
21 14 77
21 15 92
21 16 59
21 17 94
21 20 18
21 25 8
21 26 12
21 27 71
21 28 63
21 29 30
21 30 18
21 31 62
21 32 79
21 34 52
21 35 59
21 36 4
21 37 30
21 38 24
22 0 34
22 1 63
22 2 15
22 3 78
22 4 91
22 5 5
22 7 74
22 9 38
22 10 5
22 13 32
22 14 11
22 15 87
22 16 19
22 17 2
22 18 61
22 20 62
22 21 66
22 23 39
22 26 85
22 27 77
22 28 64
22 30 5
22 31 40
22 32 80
22 33 67
22 34 74
22 35 88
22 37 57
23 0 87
23 5 75
23 6 29
23 8 34
23 9 80
23 10 90
23 12 96
23 13 38
23 14 29
23 15 23
23 16 29
23 17 54
23 19 94
23 20 94
23 21 8
23 22 97
23 24 21
23 26 29
23 27 20
23 28 55
23 30 58
23 32 67
23 33 78
23 34 33
23 35 6
23 36 83
23 37 13
24 1 44
24 2 11
24 3 43
24 4 7
24 5 71
24 9 18
24 10 36
24 12 67
24 13 6
24 14 97
24 15 40
24 16 95
24 17 8
24 18 78
24 20 77
24 21 83
24 22 33
24 23 46
24 26 86
24 27 50
24 28 43
24 29 53
24 31 34
24 33 47
24 34 16
24 36 4
24 37 73
24 38 4
25 0 90
25 3 16
25 4 3
25 5 41
25 6 76
25 7 81
25 8 84
25 9 20
25 10 23
25 12 85
25 14 38
25 16 60
25 18 20
25 21 86
25 28 84
25 29 85
25 30 18
25 31 41
25 32 24
25 33 34
25 36 1
25 37 78
26 1 72
26 3 80
26 4 90
26 5 61
26 6 79
26 7 72
26 8 29
26 9 92
26 10 43
26 12 11
26 13 55
26 14 44
26 15 15
26 16 39
26 17 88
26 18 30
26 19 63
26 22 2
26 25 29
26 29 73
26 30 3
26 32 25
26 33 42
26 34 30
26 35 71
26 36 100
26 37 79
26 38 42
27 2 39
27 3 61
27 4 3
27 5 94
27 6 60
27 9 38
27 10 31
27 12 25
27 14 78
27 16 40
27 18 54
27 20 28
27 21 64
27 22 57
27 23 92
27 24 97
27 25 87
27 26 58
27 28 53
27 29 35
27 31 77
27 33 31
27 34 90
27 35 83
27 36 69
27 38 57
28 0 33
28 2 38
28 3 68
28 4 68
28 5 46
28 6 58
28 7 41
28 9 72
28 12 22
28 13 36
28 14 77
28 15 57
28 16 73
28 18 39
28 19 47
28 22 26
28 23 48
28 25 74
28 26 83
28 27 97
28 32 46
28 33 25
28 34 7
28 35 85
28 36 45
28 37 68
28 38 54
29 0 70
29 2 9
29 3 95
29 4 27
29 6 42
29 8 56
29 10 54
29 12 55
29 13 41
29 16 26
29 17 20
29 19 9
29 20 84
29 21 4
29 22 99
29 24 27
29 25 21
29 27 87
29 31 98
29 32 64
29 33 3
29 34 51
29 36 91
29 37 15
30 1 30
30 3 39
30 4 9
30 5 45
30 6 10
30 7 64
30 8 47
30 12 95
30 13 54
30 14 80
30 16 29
30 17 43
30 18 5
30 19 45
30 20 81
30 21 14
30 22 18
30 24 62
30 25 40
30 26 37
30 27 51
30 28 85
30 29 6
30 31 75
30 32 78
30 34 48
30 36 51
30 37 73
30 38 43
31 0 71
31 4 55
31 6 30
31 7 8
31 8 28
31 9 33
31 10 25
31 13 80
31 14 60
31 15 6
31 16 32
31 17 97
31 19 77
31 20 75
31 21 76
31 22 70
31 23 24
31 24 28
31 26 59
31 27 86
31 28 97
31 29 61
31 30 82
31 32 1
31 33 57
31 34 46
31 35 76
31 36 69
31 38 72
32 1 55
32 3 61
32 4 69
32 6 11
32 8 6
32 9 13
32 10 5
32 12 14
32 13 25
32 14 21
32 16 48
32 17 64
32 18 84
32 19 47
32 20 19
32 22 83
32 24 80
32 25 98
32 26 83
32 28 7
32 29 84
32 30 70
32 33 95
32 34 3
32 35 26
32 37 6
32 38 54
33 1 88
33 3 86
33 4 94
33 5 38
33 6 58
33 7 67
33 8 69
33 9 81
33 10 76
33 13 28
33 14 62
33 15 87
33 16 99
33 17 66
33 18 41
33 19 66
33 20 51
33 22 71
33 23 19
33 24 38
33 26 93
33 28 79
33 30 84
33 31 12
33 32 52
33 34 95
33 35 76
33 36 27
33 38 70
34 0 18
34 1 71
34 4 88
34 5 44
34 6 19
34 7 48
34 9 20
34 10 53
34 12 76
34 13 29
34 15 85
34 18 79
34 19 54
34 21 88
34 23 62
34 24 36
34 25 11
34 26 86
34 27 66
34 28 28
34 30 14
34 33 97
34 35 39
34 36 65
34 37 27
34 38 48
35 0 62
35 3 51
35 4 37
35 5 72
35 6 61
35 7 55
35 8 52
35 10 10
35 12 44
35 14 15
35 17 57
35 18 18
35 19 57
35 20 58
35 22 25
35 23 57
35 24 8
35 25 18
35 26 94
35 27 58
35 28 32
35 29 4
35 30 83
35 31 3
35 32 76
35 33 78
35 34 30
35 36 44
35 37 80
36 0 31
36 1 93
36 2 46
36 3 92
36 6 73
36 7 20
36 8 25
36 10 60
36 12 2
36 13 59
36 16 97
36 17 42
36 20 27
36 22 25
36 23 32
36 26 31
36 28 52
36 29 63
36 31 27
36 33 37
36 37 95
36 38 62
37 0 60
37 1 30
37 2 74
37 3 44
37 6 4
37 7 35
37 8 8
37 9 18
37 13 27
37 14 78
37 16 25
37 17 11
37 19 20
37 20 24
37 21 32
37 22 80
37 23 29
37 24 4
37 26 69
37 27 25
37 28 99
37 29 34
37 32 18
37 34 54
37 35 66
37 36 29
37 38 5
38 0 100
38 1 81
38 2 82
38 4 1
38 5 40
38 6 39
38 7 3
38 10 44
38 12 79
38 14 68
38 15 27
38 16 78
38 18 72
38 19 91
38 20 43
38 21 14
38 22 43
38 25 12
38 26 21
38 27 52
38 28 84
38 29 45
38 30 67
38 32 23
38 33 1
38 35 73
38 37 58
39 1 74
39 2 77
39 3 85
39 5 75
39 6 27
39 7 64
39 8 92
39 9 63
39 10 8
39 11 89
39 16 66
39 17 26
39 20 65
39 22 70
39 23 2
39 25 15
39 26 45
39 28 32
39 30 79
39 31 29
39 32 30
39 33 34
39 35 32
39 36 6
39 37 55
0 11 100
1 11 62
2 11 31
5 11 4
7 11 85
10 11 92
12 11 43
13 11 83
14 11 43
15 11 65
17 11 93
19 11 62
20 11 77
21 11 69
22 11 95
23 11 4
25 11 65
26 11 30
27 11 26
28 11 53
29 11 75
32 11 92
33 11 9
34 11 44
35 11 14
36 11 17
37 11 60
38 11 67
