35
17
66 4 22
36 65 73
13 47 1
37 30 81
55 42 94
1 10 10
24 18 99
81 32 45
29 88 71
84 76 51
50 60 25
57 42 23
72 80 26
66 76 37
85 2 19
67 5 29
89 23 11
41 68 72
6 86 57
78 23 48
54 86 8
84 5 16
50 56 85
44 9 10
85 34 29
78 51 94
19 18 83
45 46 55
75 2 38
14 30 34
83 20 87
20 13 88
58 82 79
58 61 87
75 79 2
48 68 67
76 86 63
39 15 86
49 20 52
85 25 76
38 15 85
62 38 26
78 8 50
0 64 99
29 72 30
18 59 65
13 43 26
66 5 36
27 81 53
52 39 54
18 6 46
43 46 16
59 82 53
44 13 67
57 44 75
15 76 71
3 88 53
9 29 52
21 88 33
45 79 16
68 36 21
22 51 29
63 22 48
52 74 84
76 8 58
81 82 96
30 73 40
46 77 87
47 5 23
69 63 93
8 24 60
86 24 5
74 39 98
54 25 75
10 54 92
60 54 51
22 49 54
65 24 85
71 52 73
16 30 57
72 21 25
11 6 23
19 15 99
14 47 55
49 23 18
82 25 97
83 57 31
68 31 66
8 38 38
74 68 94
73 65 62
76 31 62
43 25 24
87 23 79
40 54 28
36 27 86
18 79 15
34 46 98
26 10 72
16 26 91
46 76 80
55 70 97
1 29 72
71 14 22
12 11 45
27 19 62
27 5 49
50 88 86
89 7 51
34 65 59
27 88 84
59 33 97
66 23 43
71 46 49
6 32 96
4 8 69
37 54 50
26 61 47
60 10 42
5 26 68
25 34 93
65 31 62
21 8 35
25 32 13
36 73 38
28 69 61
89 59 87
5 59 6
87 9 30
89 32 65
7 49 65
67 39 96
60 72 15
15 74 63
19 33 60
64 61 60
46 14 21
18 66 17
41 81 87
15 56 70
60 50 71
84 14 17
32 15 36
48 26 27
61 87 83
77 31 65
71 16 73
53 7 73
20 39 3
40 46 7
73 24 14
87 66 31
46 56 71
42 40 72
42 87 22
50 42 99
68 45 16
31 44 95
30 89 91
18 8 4
40 15 4
14 3 31
6 23 65
64 87 94
11 33 8
0 78 11
29 22 5
81 40 16
83 36 87
80 47 41
26 56 32
12 86 23
42 29 23
39 45 64
18 81 35
67 40 58
12 14 52
66 84 49
4 50 51
82 69 85
87 29 51
88 37 89
41 18 70
16 36 96
61 77 2
50 12 12
71 3 83
57 10 30
47 86 99
10 55 66
67 72 70
36 11 23
49 0 87
69 71 43
84 16 56
39 73 73
87 26 33
69 81 17
73 84 41
42 8 9
13 60 17
13 11 49
61 36 34
13 87 52
9 25 65
61 12 50
86 78 1
85 36 43
28 68 15
49 16 34
52 73 83
27 62 49
27 69 80
58 71 77
42 65 16
81 61 26
69 51 79
84 64 78
62 70 19
16 68 64
76 43 55
43 79 85
84 79 79
36 49 58
32 25 19
28 63 79
19 57 77
87 67 22
22 44 14
44 51 81
70 43 84
87 16 35
39 28 25
87 34 32
47 59 91
25 5 14
3 25 30
4 29 75
75 83 12
78 45 31
84 27 87
59 22 15
64 37 9
13 0 95
82 80 84
77 30 83
28 14 86
28 76 80
36 24 70
87 22 98
60 5 69
80 64 83
23 81 33
59 31 51
25 30 3
33 37 1
23 37 63
68 15 46
32 44 32
88 68 50
25 3 43
24 82 39
69 39 98
80 39 84
45 63 19
68 33 23
59 65 37
44 42 40
12 60 77
49 34 61
2 77 84
71 20 80
9 1 56
14 11 74
18 60 84
61 0 96
12 4 77
13 73 65
79 15 3
23 69 37
59 48 83
37 58 58
51 44 33
65 64 58
18 28 96
27 61 6
81 18 36
33 29 41
3 78 97
36 1 43
87 60 55
37 4 7
22 54 39
15 7 91
22 2 83
75 1 63
30 74 70
86 29 52
37 9 79
51 15 58
33 28 38
23 19 36
76 79 8
14 77 25
57 47 22
15 65 70
61 34 38
9 39 88
29 58 55
42 85 46
21 74 59
82 6 61
52 37 4
68 42 14
2 65 48
46 2 97
10 32 33
88 74 6
1 57 77
8 2 38
31 15 67
77 21 9
87 36 37
11 81 40
47 21 79
72 36 93
47 0 23
22 81 96
3 10 73
18 48 23
73 78 19
58 49 89
88 42 56
27 31 22
19 2 1
39 87 67
14 57 39
25 77 74
40 9 50
77 51 49
4 33 3
78 47 97
39 30 73
34 61 30
40 68 79
15 60 77
69 68 57
79 62 63
48 22 17
53 12 29
50 77 53
0 38 5
44 43 89
40 45 55
69 18 55
2 24 85
7 77 25
0 61 29
13 53 23
33 72 100
8 1 32
29 1 7
74 3 98
25 14 63
36 2 79
82 52 76
49 5 10
48 61 37
20 55 77
79 1 67
76 55 39
68 27 83
55 65 91
9 68 52
84 70 60
7 66 74
7 59 77
41 29 8
45 67 67
8 12 10
62 83 18
20 28 96
86 57 89
37 68 62
45 49 31
80 82 25
38 79 13
32 31 72
22 53 48
78 10 80
61 66 75
50 10 61
53 48 83
53 13 84
63 89 83
67 10 12
52 84 69
48 0 32
82 51 10
64 67 94
31 82 26
30 55 16
43 58 63
5 57 67
15 44 28
55 53 87
37 60 52
86 71 94
30 75 79
89 0 98
0 68 35
27 87 34
10 14 2
24 12 55
33 62 48
85 68 94
82 66 23
15 83 43
76 44 66
63 87 90
52 1 70
47 4 12
9 15 80
71 86 52
24 6 98
62 87 29
22 58 4
79 58 82
77 88 55
89 86 27
42 41 29
42 11 93
27 80 7
8 28 73
41 25 95
12 67 81
8 63 64
1 86 27
58 12 10
75 28 93
85 10 60
8 36 63
67 83 30
0 88 40
44 40 16
26 19 9
28 44 6
83 60 4
18 77 89
33 88 95
65 29 33
83 30 65
51 2 57
60 82 91
67 71 2
72 73 86
41 80 86
6 76 60
33 79 60
27 36 95
41 2 39
75 0 38
63 20 55
45 51 32
14 12 42
73 14 26
55 83 55
2 46 92
57 13 63
82 18 28
62 12 43
16 84 42
2 74 36
88 16 84
81 84 62
34 11 88
79 23 90
41 78 12
88 33 60
23 20 63
4 51 55
82 37 30
68 58 17
50 67 14
5 7 17
25 65 64
26 75 32
14 6 7
49 4 84
2 1 83
49 47 53
75 5 82
0 40 17
45 42 67
52 42 39
68 14 63
69 7 40
5 83 3
80 81 9
13 57 15
54 76 51
82 73 44
4 39 80
82 77 38
51 47 83
70 39 67
75 53 37
81 34 2
22 57 44
42 1 23
3 81 16
9 81 37
49 54 66
20 27 68
23 15 23
74 12 28
20 1 52
45 8 34
40 80 30
45 54 44
38 21 31
65 37 80
1 48 30
89 66 57
87 49 54
52 87 19
81 1 37
1 63 76
70 4 88
53 55 30
19 87 64
65 12 70
40 62 11
54 10 32
41 71 43
11 56 86
48 57 8
56 11 45
57 34 51
1 7 65
82 0 21
78 36 66
77 85 70
49 45 90
71 53 46
9 62 74
16 18 33
55 58 21
54 34 17
21 58 46
48 50 9
61 82 80
2 8 90
68 69 50
64 71 26
24 60 23
74 81 89
53 3 99
56 2 25
34 33 24
28 7 8
33 87 63
47 80 73
26 16 7
82 61 3
0 1 4
58 22 89
69 20 37
11 32 46
88 14 17
4 10 85
8 42 95
3 12 47
30 12 71
52 59 87
87 40 51
27 2 59
88 1 85
34 8 7
63 37 20
19 71 57
30 7 43
4 69 7
80 21 58
82 54 92
66 87 71
3 54 94
31 29 51
82 26 45
15 59 44
70 37 29
15 31 68
50 3 36
0 34 73
68 21 68
34 70 33
47 69 24
53 84 90
54 27 24
46 48 4
60 6 18
89 31 95
19 85 85
24 0 25
37 31 84
18 70 55
21 44 46
63 88 23
6 63 61
46 28 66
39 10 2
31 38 35
69 78 52
46 44 15
48 54 89
88 51 10
68 62 48
68 49 77
83 25 41
47 18 27
62 45 79
16 89 59
29 24 5
66 57 16
49 26 87
44 64 27
40 12 87
79 29 89
22 18 62
16 38 14
46 75 30
28 24 62
23 57 54
75 8 91
13 8 24
63 67 26
60 71 99
59 74 85
55 67 92
49 24 63
20 44 60
79 69 13
85 73 32
9 19 15
80 16 76
10 30 98
62 25 85
8 62 53
82 45 51
52 82 34
14 79 94
9 7 83
14 7 61
26 88 32
58 42 52
32 50 85
50 32 79
16 74 3
33 2 47
32 85 48
77 42 11
43 9 8
29 48 53
14 22 63
51 49 56
13 64 62
9 34 82
67 16 41
40 83 75
34 54 45
58 31 36
48 60 4
11 42 45
0 24 97
71 26 71
1 16 16
1 66 48
56 28 36
19 36 56
51 28 10
25 28 34
74 22 68
40 65 84
78 1 32
49 85 54
84 88 66
86 16 13
61 3 18
84 82 95
45 52 15
58 37 70
59 55 42
52 50 31
15 53 55
55 20 88
81 21 43
61 55 19
53 5 28
31 62 10
78 3 54
15 21 42
43 23 81
10 76 12
65 14 6
19 81 13
46 43 99
70 15 59
78 77 20
21 86 21
85 65 99
34 71 12
72 18 21
12 80 27
75 71 21
51 50 7
29 59 76
66 62 7
40 47 1
85 59 33
3 51 48
54 45 4
66 7 64
85 58 40
87 83 70
88 59 67
55 15 30
11 40 34
70 66 51
88 29 41
34 9 40
44 34 83
9 72 92
88 43 60
89 9 30
56 19 38
54 70 71
27 47 69
20 52 55
23 24 94
22 4 82
63 30 21
73 59 33
43 33 86
31 11 53
56 21 96
34 20 30
85 22 74
81 31 90
51 80 36
75 38 23
78 44 36
23 11 70
69 58 16
70 2 38
27 21 93
68 83 99
54 73 45
54 23 35
41 64 65
6 31 25
72 24 28
82 34 25
46 16 94
42 53 48
42 12 93
69 65 21
15 2 13
35 71 79
35 22 22
35 21 76
35 43 44
35 51 44
35 11 36
35 86 33
35 88 11
7 17 27
20 17 48
28 17 47
31 17 30
32 17 32
47 17 52
58 17 99
64 17 67
78 17 88
84 17 48
86 17 52
