13
26
0 2 83
0 4 8
0 5 29
0 10 53
0 12 89
0 14 58
0 15 88
0 16 93
0 28 67
0 32 81
0 34 69
0 35 56
0 36 7
0 40 49
0 43 41
0 47 26
0 50 15
0 59 13
0 61 44
0 66 70
0 73 43
0 75 32
1 4 16
1 9 15
1 10 61
1 11 94
1 18 98
1 19 99
1 20 97
1 22 44
1 28 52
1 30 15
1 31 4
1 32 63
1 35 16
1 36 78
1 37 43
1 49 42
1 54 85
1 55 27
1 64 28
1 69 63
1 74 84
1 77 73
1 78 56
2 1 2
2 3 54
2 10 48
2 19 90
2 20 49
2 27 20
2 29 86
2 30 56
2 32 78
2 34 17
2 35 83
2 36 60
2 38 8
2 41 43
2 48 89
2 66 25
2 68 41
2 72 70
2 74 45
2 75 59
2 76 41
2 79 4
3 4 71
3 14 100
3 17 26
3 19 52
3 22 85
3 23 33
3 24 85
3 25 9
3 31 33
3 32 88
3 33 35
3 36 38
3 37 17
3 39 34
3 41 29
3 45 1
3 48 27
3 51 25
3 52 99
3 61 7
3 64 51
3 66 94
3 73 34
4 7 97
4 8 11
4 15 22
4 22 30
4 24 60
4 33 44
4 43 39
4 46 62
4 58 11
4 59 58
4 63 54
4 66 65
4 68 63
4 69 86
4 73 99
4 77 48
4 78 94
5 0 19
5 1 93
5 8 79
5 10 47
5 11 62
5 17 61
5 20 22
5 27 51
5 31 67
5 32 12
5 34 53
5 37 92
5 38 79
5 39 63
5 40 77
5 52 39
5 54 57
5 56 89
5 65 94
5 72 4
5 74 95
5 76 64
5 77 83
5 78 20
6 7 17
6 9 3
6 10 85
6 15 24
6 16 75
6 18 22
6 24 99
6 28 28
6 29 20
6 33 29
6 36 22
6 38 81
6 39 71
6 45 15
6 47 69
6 55 38
6 65 38
6 66 31
6 67 1
6 73 28
6 74 70
7 3 81
7 6 53
7 17 16
7 19 30
7 21 3
7 22 57
7 23 89
7 27 12
7 31 59
7 33 5
7 34 4
7 35 93
7 40 80
7 46 16
7 47 77
7 50 95
7 51 58
7 58 65
7 64 58
7 73 70
7 77 93
8 5 56
8 7 89
8 10 15
8 16 20
8 17 22
8 20 89
8 24 65
8 25 70
8 27 35
8 31 56
8 35 44
8 39 91
8 42 13
8 48 84
8 52 90
8 54 13
8 73 46
8 75 35
8 76 75
9 7 92
9 8 63
9 12 91
9 14 16
9 15 92
9 21 61
9 24 73
9 27 11
9 28 99
9 29 64
9 30 65
9 35 49
9 36 14
9 38 27
9 42 3
9 43 62
9 44 49
9 49 16
9 51 41
9 57 82
9 58 77
9 59 36
9 62 94
9 63 17
9 65 20
9 68 88
9 70 67
9 74 4
10 1 86
10 2 66
10 3 42
10 6 39
10 9 2
10 15 6
10 16 79
10 20 6
10 22 80
10 23 70
10 25 83
10 28 93
10 30 37
10 33 52
10 36 85
10 38 33
10 39 92
10 40 35
10 43 15
10 47 61
10 48 36
10 58 78
10 59 25
10 65 95
10 66 26
10 67 41
10 68 81
10 70 61
11 3 47
11 10 29
11 19 15
11 22 95
11 27 98
11 28 44
11 32 75
11 35 15
11 40 99
11 42 38
11 46 58
11 47 34
11 49 83
11 56 74
11 63 54
11 64 98
11 65 38
11 67 60
11 68 7
11 69 96
11 72 72
11 78 79
12 2 13
12 11 18
12 14 70
12 18 38
12 27 71
12 29 24
12 34 67
12 36 82
12 38 67
12 42 64
12 46 40
12 47 97
12 49 96
12 50 14
12 67 67
12 68 80
12 69 94
12 70 69
12 73 3
12 76 19
12 79 46
14 1 45
14 7 98
14 9 91
14 18 83
14 21 87
14 23 94
14 29 3
14 31 50
14 33 48
14 34 84
14 35 7
14 36 82
14 38 15
14 39 73
14 41 84
14 42 56
14 43 54
14 44 69
14 46 88
14 50 100
14 58 84
14 62 41
14 63 87
14 64 38
14 66 88
14 69 30
14 74 60
14 75 46
14 76 65
14 77 81
14 78 43
14 79 99
15 5 71
15 14 63
15 19 39
15 23 99
15 29 28
15 31 35
15 35 83
15 38 73
15 40 50
15 43 71
15 46 30
15 48 47
15 51 24
15 55 85
15 56 47
15 58 93
15 63 74
15 68 75
15 69 83
15 79 86
16 3 96
16 4 100
16 6 39
16 7 21
16 19 80
16 25 60
16 30 29
16 31 14
16 35 28
16 36 95
16 37 92
16 42 21
16 44 79
16 45 90
16 49 23
16 50 72
16 51 3
16 62 27
16 63 25
16 67 47
16 71 82
16 74 33
16 77 4
16 78 42
17 1 13
17 9 18
17 14 89
17 15 60
17 16 92
17 29 97
17 39 95
17 41 33
17 42 35
17 46 28
17 51 64
17 52 23
17 59 80
17 61 3
17 62 16
17 64 40
17 70 90
17 71 55
17 72 63
17 74 36
18 0 96
18 6 46
18 17 52
18 20 38
18 22 2
18 25 53
18 27 38
18 31 67
18 39 47
18 43 90
18 52 42
18 56 45
18 62 16
18 66 91
18 67 72
18 68 54
18 69 57
18 72 10
18 73 95
18 79 26
19 6 34
19 7 50
19 8 38
19 9 1
19 12 94
19 15 20
19 17 73
19 21 26
19 23 49
19 24 41
19 28 96
19 29 96
19 31 32
19 34 59
19 36 81
19 37 3
19 38 40
19 39 55
19 40 24
19 42 49
19 43 63
19 46 37
19 48 14
19 49 94
19 51 35
19 54 28
19 57 24
19 59 71
19 60 90
19 62 48
19 69 66
19 71 77
19 78 73
19 79 88
20 3 4
20 10 29
20 16 25
20 28 32
20 32 9
20 34 93
20 35 43
20 38 29
20 39 17
20 43 39
20 48 58
20 51 89
20 64 14
20 73 68
20 76 30
20 79 89
21 9 70
21 11 17
21 12 73
21 15 78
21 17 1
21 20 26
21 23 2
21 29 45
21 34 48
21 35 59
21 38 33
21 49 85
21 52 2
21 54 47
21 56 57
21 58 43
21 60 25
21 66 45
21 73 38
21 76 54
22 0 19
22 4 72
22 6 18
22 7 57
22 9 10
22 11 63
22 16 35
22 18 63
22 19 87
22 20 51
22 31 27
22 34 67
22 36 71
22 39 30
22 40 17
22 43 18
22 56 68
22 58 79
22 60 100
22 61 90
22 63 44
22 65 50
22 70 68
22 73 88
22 76 81
22 77 16
23 2 7
23 7 72
23 10 25
23 11 35
23 15 8
23 16 85
23 17 21
23 19 58
23 24 71
23 25 26
23 33 72
23 34 87
23 35 91
23 42 43
23 43 66
23 46 84
23 50 21
23 51 49
23 52 28
23 56 27
23 58 74
23 61 6
23 75 24
23 77 46
23 78 24
23 79 25
24 2 89
24 5 49
24 8 74
24 9 50
24 25 75
24 30 20
24 31 45
24 33 12
24 36 41
24 39 34
24 42 57
24 44 71
24 45 24
24 46 68
24 50 25
24 51 8
24 52 49
24 53 40
24 55 76
24 56 44
24 58 31
24 61 87
24 62 11
24 74 38
24 76 57
24 79 26
25 0 3
25 1 91
25 5 93
25 12 89
25 14 44
25 22 56
25 27 88
25 29 23
25 30 54
25 33 78
25 37 59
25 39 46
25 46 26
25 48 46
25 52 87
25 54 15
25 55 80
25 61 48
25 62 25
25 65 31
25 68 12
25 71 89
25 72 35
25 76 61
25 77 57
27 1 63
27 2 60
27 4 91
27 8 34
27 15 19
27 21 22
27 24 23
27 25 93
27 28 56
27 31 26
27 33 46
27 39 66
27 48 47
27 49 74
27 62 81
27 64 86
27 65 7
27 67 21
27 69 8
27 71 100
27 74 63
27 76 50
28 0 47
28 2 74
28 4 22
28 5 51
28 12 47
28 15 37
28 19 2
28 23 80
28 27 43
28 30 46
28 31 98
28 33 71
28 35 66
28 39 38
28 45 71
28 46 5
28 47 49
28 48 4
28 53 30
28 56 65
28 60 81
28 61 24
28 62 36
28 66 38
28 68 45
28 72 8
28 75 13
29 5 12
29 7 3
29 10 95
29 18 86
29 19 60
29 23 37
29 27 88
29 30 97
29 31 81
29 33 74
29 44 67
29 45 76
29 46 43
29 48 92
29 51 34
29 57 91
29 62 22
29 64 9
29 69 33
29 72 94
29 77 39
30 0 51
30 6 10
30 7 27
30 11 73
30 16 50
30 21 16
30 25 7
30 28 81
30 31 51
30 34 20
30 35 38
30 36 72
30 45 88
30 48 77
30 49 23
30 54 50
30 55 27
30 57 41
30 59 10
30 65 49
30 78 75
31 0 83
31 3 12
31 4 10
31 7 3
31 8 78
31 9 3
31 19 94
31 21 25
31 23 4
31 27 2
31 35 73
31 42 80
31 44 9
31 45 79
31 48 52
31 51 16
31 64 53
31 69 1
31 72 40
31 77 48
31 78 13
32 1 95
32 10 35
32 15 17
32 18 54
32 21 16
32 24 97
32 27 84
32 29 88
32 30 50
32 38 51
32 42 72
32 44 75
32 50 55
32 52 25
32 57 66
32 58 39
32 63 48
32 67 39
32 70 71
32 71 87
32 73 80
32 75 86
32 78 48
33 0 74
33 1 19
33 2 69
33 4 67
33 5 41
33 7 37
33 12 81
33 14 37
33 17 30
33 19 81
33 27 95
33 28 91
33 29 98
33 31 2
33 36 36
33 37 43
33 38 33
33 42 64
33 44 65
33 46 34
33 47 11
33 50 9
33 52 81
33 54 91
33 56 6
33 57 77
33 58 1
33 64 25
33 65 50
33 69 59
33 71 54
33 72 37
34 1 43
34 2 11
34 5 57
34 7 88
34 22 64
34 23 28
34 30 36
34 33 21
34 41 40
34 42 79
34 45 58
34 46 89
34 49 71
34 50 71
34 51 92
34 53 3
34 55 98
34 64 58
34 67 19
34 68 64
34 72 6
34 75 78
34 78 30
34 79 100
35 4 17
35 6 78
35 11 54
35 14 36
35 17 8
35 19 87
35 20 3
35 22 60
35 24 9
35 25 22
35 33 15
35 34 30
35 40 2
35 41 6
35 45 60
35 47 32
35 51 43
35 54 90
35 55 34
35 56 30
35 58 4
35 59 55
35 60 54
35 69 50
35 72 15
35 76 5
36 0 76
36 4 12
36 8 91
36 9 87
36 11 2
36 18 92
36 19 45
36 27 71
36 33 23
36 34 46
36 38 81
36 39 68
36 40 53
36 50 41
36 59 11
36 61 14
37 0 16
37 6 26
37 18 33
37 20 15
37 28 97
37 29 61
37 30 46
37 34 65
37 35 43
37 36 74
37 38 22
37 44 56
37 46 27
37 48 31
37 50 42
37 67 50
37 72 7
37 74 70
37 75 5
38 5 75
38 8 75
38 15 12
38 17 86
38 19 42
38 20 86
38 27 28
38 29 23
38 30 100
38 33 33
38 34 61
38 42 79
38 48 73
38 50 37
38 51 52
38 63 100
38 66 54
38 67 88
38 68 85
38 78 57
39 5 15
39 7 33
39 10 68
39 14 25
39 18 10
39 19 41
39 34 7
39 36 35
39 46 37
39 49 41
39 56 63
39 59 41
39 61 51
39 63 9
39 70 100
39 71 64
39 72 98
39 73 3
40 1 88
40 3 52
40 4 55
40 7 90
40 8 75
40 10 90
40 15 84
40 19 94
40 33 57
40 37 20
40 38 11
40 39 33
40 44 70
40 45 3
40 49 14
40 52 38
40 53 99
40 54 89
40 55 25
40 64 84
40 65 29
40 66 41
40 67 77
40 68 7
41 1 4
41 10 26
41 11 43
41 12 21
41 16 38
41 19 60
41 22 87
41 23 1
41 24 71
41 27 57
41 28 2
41 35 97
41 36 35
41 39 30
41 44 3
41 46 72
41 60 90
41 70 65
41 74 3
41 75 75
41 78 84
42 0 16
42 1 83
42 6 94
42 8 9
42 11 4
42 17 28
42 18 45
42 19 92
42 23 96
42 27 46
42 30 1
42 47 82
42 48 19
42 59 11
42 66 56
42 67 96
42 74 29
42 77 5
42 78 87
43 1 56
43 6 77
43 10 48
43 15 93
43 16 58
43 18 83
43 19 77
43 20 92
43 21 47
43 30 85
43 31 65
43 38 2
43 40 42
43 44 44
43 45 32
43 48 48
43 52 6
43 54 38
43 59 93
43 62 66
43 66 64
43 67 78
43 70 44
43 71 58
43 77 59
43 78 89
44 1 9
44 2 68
44 6 38
44 7 37
44 12 92
44 19 58
44 20 50
44 28 57
44 29 93
44 33 63
44 36 34
44 40 55
44 41 52
44 46 10
44 47 25
44 50 19
44 54 86
44 59 19
44 61 23
44 63 11
44 64 44
44 70 87
44 71 94
44 73 25
45 0 23
45 1 11
45 2 21
45 5 86
45 14 36
45 16 40
45 17 61
45 24 76
45 25 98
45 28 83
45 29 79
45 30 66
45 35 56
45 36 56
45 38 2
45 39 35
45 41 5
45 44 40
45 47 20
45 49 7
45 50 43
45 60 52
45 61 99
45 63 53
45 67 99
45 68 19
45 70 87
45 72 13
45 78 17
45 79 37
46 5 89
46 7 63
46 12 9
46 14 43
46 16 54
46 25 17
46 27 5
46 28 83
46 30 56
46 37 18
46 39 46
46 43 15
46 44 7
46 50 39
46 51 81
46 52 64
46 59 14
46 60 82
46 65 11
46 68 27
46 71 89
46 73 88
46 75 43
46 79 83
47 2 80
47 3 20
47 6 53
47 10 32
47 14 45
47 18 78
47 20 16
47 36 17
47 38 17
47 39 52
47 41 46
47 42 88
47 44 68
47 45 7
47 59 78
47 60 10
47 66 34
47 67 82
47 77 28
48 2 63
48 8 84
48 9 28
48 10 65
48 14 23
48 15 54
48 16 57
48 25 12
48 27 39
48 33 54
48 36 91
48 37 84
48 40 76
48 41 68
48 44 16
48 45 72
48 50 14
48 55 21
48 58 93
48 60 38
48 62 68
48 64 48
48 68 70
48 69 17
48 78 42
48 79 7
49 1 29
49 3 56
49 5 70
49 6 22
49 7 74
49 10 56
49 16 39
49 20 65
49 28 84
49 33 17
49 36 10
49 37 82
49 44 9
49 47 10
49 52 99
49 59 12
49 65 74
49 70 1
49 73 41
49 75 14
49 78 2
50 2 60
50 3 88
50 5 59
50 19 69
50 20 17
50 21 5
50 31 5
50 36 70
50 39 84
50 42 61
50 43 90
50 47 53
50 57 73
50 60 8
50 71 2
50 74 53
50 78 20
51 6 28
51 19 27
51 20 4
51 30 41
51 34 63
51 37 8
51 39 4
51 50 36
51 53 66
51 59 45
51 60 60
51 61 98
51 63 54
51 73 74
51 74 57
51 78 21
51 79 26
52 2 7
52 6 81
52 19 24
52 23 77
52 29 18
52 31 76
52 38 98
52 40 23
52 42 43
52 47 9
52 51 17
52 59 57
52 62 98
52 63 75
52 66 46
52 67 96
52 69 94
53 0 10
53 9 55
53 19 53
53 21 45
53 25 4
53 27 30
53 39 90
53 40 98
53 45 6
53 49 6
53 60 78
53 69 53
53 73 48
53 78 20
54 0 97
54 1 53
54 2 34
54 4 55
54 15 79
54 16 21
54 24 78
54 27 66
54 32 90
54 33 32
54 35 35
54 37 53
54 39 23
54 42 12
54 43 39
54 45 56
54 48 4
54 52 10
54 53 63
54 55 5
54 56 52
54 59 5
54 60 90
54 61 83
54 63 67
54 69 14
54 71 39
54 74 23
54 78 69
54 79 62
55 6 15
55 8 98
55 9 55
55 10 65
55 21 45
55 24 58
55 29 8
55 31 22
55 37 59
55 45 40
55 46 29
55 48 73
55 50 82
55 51 1
55 52 88
55 53 11
55 56 6
55 57 11
55 58 70
55 59 89
55 60 61
55 62 96
55 65 65
55 66 57
55 68 42
55 73 34
55 75 56
55 76 28
55 77 46
56 2 21
56 6 85
56 16 75
56 27 82
56 32 25
56 33 90
56 35 72
56 55 61
56 58 30
56 61 88
56 71 36
56 74 83
56 75 59
56 77 3
57 8 85
57 9 77
57 12 8
57 22 66
57 23 97
57 30 50
57 33 16
57 41 81
57 43 45
57 45 56
57 46 1
57 52 96
57 59 40
57 62 36
57 63 39
57 65 18
57 67 75
57 79 75
58 1 13
58 2 43
58 3 32
58 4 68
58 5 80
58 7 79
58 8 19
58 9 47
58 10 11
58 11 81
58 16 27
58 18 44
58 23 43
58 24 75
58 29 44
58 33 69
58 34 43
58 38 14
58 40 47
58 41 22
58 42 26
58 50 72
58 52 72
58 53 91
58 55 51
58 56 60
58 60 84
58 62 99
58 63 16
58 71 73
58 75 87
58 76 51
58 77 87
59 1 96
59 4 74
59 5 57
59 14 21
59 16 59
59 21 22
59 27 68
59 28 48
59 30 27
59 32 50
59 33 97
59 37 94
59 38 6
59 40 96
59 47 34
59 48 95
59 51 95
59 54 87
59 61 26
59 62 68
59 64 38
59 66 4
59 69 96
59 71 64
59 73 3
59 74 29
59 78 26
60 1 25
60 9 27
60 15 83
60 16 24
60 19 7
60 21 12
60 25 75
60 27 36
60 29 14
60 30 23
60 32 17
60 38 59
60 40 78
60 41 89
60 42 5
60 44 43
60 45 87
60 48 12
60 51 71
60 52 12
60 67 11
60 71 15
60 77 27
61 5 4
61 8 87
61 12 40
61 17 18
61 22 18
61 23 26
61 24 11
61 27 8
61 29 52
61 32 69
61 38 4
61 42 55
61 44 26
61 45 89
61 47 21
61 49 66
61 51 48
61 52 2
61 54 11
61 56 56
61 60 80
61 64 54
61 70 84
61 72 45
61 76 94
61 79 78
62 0 32
62 3 17
62 7 20
62 8 44
62 9 99
62 16 7
62 18 86
62 20 84
62 25 25
62 28 55
62 31 54
62 35 5
62 37 50
62 38 14
62 44 87
62 55 65
62 57 11
62 60 96
62 63 15
62 65 3
62 71 88
62 77 41
62 78 55
62 79 5
63 0 69
63 5 66
63 6 27
63 10 23
63 15 27
63 16 30
63 17 16
63 20 18
63 24 36
63 27 67
63 28 94
63 32 65
63 37 16
63 41 63
63 43 97
63 49 35
63 52 26
63 59 23
63 62 93
63 70 68
63 72 75
63 73 30
63 75 45
64 1 29
64 4 39
64 9 49
64 11 35
64 17 68
64 21 52
64 22 97
64 23 96
64 24 11
64 25 59
64 28 91
64 33 29
64 37 61
64 40 17
64 42 2
64 46 8
64 48 79
64 51 71
64 55 77
64 56 5
64 63 30
64 65 71
64 73 30
64 74 57
64 78 91
64 79 36
65 8 67
65 9 88
65 10 6
65 12 48
65 15 16
65 19 4
65 22 98
65 24 47
65 32 39
65 34 14
65 35 43
65 50 42
65 58 18
65 67 12
65 68 98
65 69 65
65 71 40
65 74 93
65 76 23
65 77 74
65 78 12
65 79 82
66 7 65
66 10 87
66 11 73
66 12 79
66 16 93
66 19 70
66 20 69
66 23 44
66 24 30
66 36 66
66 42 84
66 45 68
66 48 81
66 49 4
66 53 18
66 57 66
66 60 29
66 61 46
66 62 100
66 63 75
66 70 84
66 72 21
66 79 60
67 3 57
67 11 55
67 14 1
67 21 2
67 22 26
67 23 82
67 27 24
67 28 95
67 32 32
67 36 12
67 40 97
67 41 96
67 46 79
67 48 30
67 49 66
67 51 87
67 53 50
67 54 47
67 61 64
67 63 38
67 68 30
67 73 97
67 76 67
68 5 3
68 6 75
68 11 100
68 14 59
68 17 78
68 18 82
68 29 13
68 35 66
68 38 11
68 40 96
68 43 38
68 48 68
68 52 29
68 54 11
68 56 63
68 58 89
68 61 88
68 63 11
68 64 31
68 67 70
68 73 59
68 76 90
68 77 92
68 78 98
68 79 7
69 0 45
69 4 46
69 7 35
69 8 17
69 9 97
69 14 33
69 15 47
69 20 79
69 21 41
69 23 73
69 27 4
69 28 87
69 31 87
69 38 73
69 39 69
69 44 66
69 48 7
69 52 82
69 55 4
69 58 54
69 65 74
69 78 27
69 79 54
70 4 49
70 9 92
70 11 92
70 14 22
70 15 9
70 25 72
70 27 81
70 35 77
70 37 21
70 39 44
70 43 74
70 46 74
70 50 98
70 64 59
70 71 64
70 76 52
70 78 32
71 0 28
71 3 1
71 5 88
71 7 13
71 8 93
71 9 24
71 12 32
71 23 78
71 30 2
71 31 61
71 41 11
71 42 100
71 43 86
71 44 31
71 45 92
71 47 49
71 48 24
71 51 37
71 53 85
71 54 95
71 57 29
71 60 56
71 63 27
71 72 20
71 77 48
72 0 7
72 2 96
72 4 51
72 5 81
72 6 69
72 11 83
72 14 45
72 16 22
72 18 44
72 20 30
72 29 32
72 35 15
72 38 85
72 39 46
72 40 22
72 41 13
72 43 94
72 44 94
72 51 20
72 61 82
72 65 72
72 68 97
72 69 41
72 70 32
72 73 16
72 75 53
72 77 9
73 0 14
73 4 17
73 14 99
73 18 98
73 21 22
73 27 55
73 30 33
73 38 46
73 42 25
73 47 8
73 52 85
73 55 69
73 58 60
73 65 45
73 69 35
73 74 74
73 76 88
73 78 45
74 0 6
74 1 28
74 2 82
74 4 29
74 5 98
74 8 46
74 10 74
74 11 88
74 17 18
74 21 39
74 22 43
74 30 42
74 31 57
74 32 52
74 33 35
74 35 89
74 49 64
74 50 87
74 51 14
74 60 80
74 67 89
74 70 43
74 77 63
75 3 92
75 7 31
75 9 44
75 14 26
75 16 42
75 17 82
75 21 73
75 22 24
75 29 82
75 30 67
75 31 93
75 36 96
75 38 57
75 39 79
75 50 10
75 54 42
75 59 56
75 61 37
75 66 80
75 67 91
75 73 40
75 76 93
75 77 37
76 3 65
76 7 75
76 11 31
76 22 24
76 29 69
76 35 59
76 42 75
76 45 90
76 47 47
76 49 68
76 50 71
76 51 75
76 56 12
76 61 18
76 64 53
76 65 58
76 66 68
76 71 49
76 74 25
76 78 70
77 6 82
77 19 21
77 20 12
77 23 100
77 30 32
77 33 13
77 42 36
77 43 100
77 47 60
77 51 89
77 60 38
77 62 19
77 64 70
77 65 28
77 67 41
77 71 90
77 74 91
78 1 45
78 2 62
78 6 28
78 8 7
78 10 72
78 12 26
78 14 91
78 18 76
78 20 71
78 30 29
78 41 61
78 46 58
78 47 32
78 52 82
78 58 71
78 60 28
78 62 71
78 63 85
78 77 53
79 2 27
79 4 14
79 5 12
79 7 94
79 11 99
79 16 78
79 18 39
79 23 56
79 25 89
79 31 93
79 39 84
79 49 46
79 50 84
79 53 80
79 57 96
79 60 86
79 66 77
79 67 49
79 68 16
79 69 58
79 73 98
79 75 11
79 77 46
13 5 21
13 11 61
13 17 62
13 23 47
13 30 55
13 31 91
13 35 49
13 36 84
13 37 47
13 39 83
13 41 57
13 46 14
13 47 12
13 54 19
13 56 5
13 57 8
13 60 8
13 68 26
13 69 17
0 26 50
3 26 65
11 26 19
21 26 15
22 26 91
23 26 71
24 26 32
27 26 72
33 26 93
34 26 43
37 26 71
39 26 19
43 26 64
44 26 15
46 26 34
56 26 26
57 26 21
60 26 37
63 26 39
