143
100
40 13 48
41 111 21
38 67 2
21 145 26
58 148 68
34 39 18
88 105 84
149 104 80
84 109 82
91 55 99
137 34 53
51 19 68
35 65 57
10 12 85
3 0 17
33 146 95
88 9 32
126 105 10
148 96 2
129 112 50
21 8 71
119 101 93
122 11 25
128 81 58
145 137 94
102 59 76
64 55 47
87 95 86
144 126 25
85 83 78
130 147 51
35 134 16
46 129 97
20 54 60
142 58 53
101 61 96
32 106 36
1 10 7
111 88 5
59 25 70
106 20 86
146 70 1
136 38 89
113 68 74
67 112 27
27 54 91
120 60 58
89 26 19
40 79 82
44 39 25
20 123 36
41 93 19
1 75 56
102 75 58
148 27 95
51 81 12
85 26 74
139 105 3
91 15 64
64 33 14
69 112 74
97 46 95
64 116 40
44 95 80
89 0 74
24 1 18
10 52 93
52 99 2
70 13 24
4 77 17
18 107 11
149 133 55
139 6 48
41 137 9
141 70 63
129 82 64
130 97 98
0 50 36
81 22 64
142 4 27
44 80 75
109 108 21
15 41 44
73 149 71
128 114 60
84 129 65
75 49 96
97 12 6
93 74 15
4 23 68
64 115 46
58 71 53
45 53 26
79 144 84
9 95 61
0 135 83
30 129 2
131 67 1
107 70 30
146 37 89
126 108 15
96 23 30
68 88 79
91 35 82
74 142 34
8 46 52
30 22 38
101 10 9
49 3 64
94 39 13
107 116 85
85 31 10
51 93 13
136 92 4
75 25 76
112 14 71
111 10 72
127 116 88
59 140 24
28 92 57
10 128 23
119 17 44
80 145 32
137 103 2
125 26 24
75 129 7
135 117 3
75 36 71
82 89 29
127 107 24
34 31 2
52 17 12
130 117 33
91 65 78
52 76 90
41 147 43
53 128 47
128 133 69
1 3 98
60 39 66
114 123 79
92 85 91
53 130 23
130 81 76
68 39 72
130 99 90
54 106 18
76 92 8
11 38 16
34 43 37
65 26 72
56 16 59
117 24 28
120 20 11
6 133 89
120 115 96
81 105 59
95 56 65
111 58 66
112 103 17
14 102 72
37 39 54
136 91 73
65 15 21
42 94 20
67 50 8
14 51 86
1 116 38
81 133 97
61 73 59
56 118 58
21 115 25
20 14 10
51 60 78
9 119 4
12 120 9
147 123 78
139 8 25
115 134 6
29 36 42
46 51 83
66 25 50
41 139 12
76 29 31
40 110 82
88 7 46
122 16 77
16 142 83
80 31 82
108 80 1
11 78 19
102 110 2
73 117 2
144 22 14
7 23 12
137 81 92
142 66 29
13 23 76
7 135 86
95 8 15
61 102 5
142 140 42
125 77 55
78 9 20
8 81 88
69 0 91
82 49 79
129 99 1
148 17 88
123 45 32
17 105 89
129 132 5
93 88 51
128 119 13
144 39 9
145 82 69
118 98 74
31 126 82
25 0 19
7 128 52
37 98 40
30 126 10
57 9 25
29 120 68
33 70 92
70 63 14
13 103 85
2 99 58
98 80 78
5 79 4
41 2 4
93 82 75
39 3 85
41 125 45
10 141 16
26 61 63
144 49 35
75 3 50
129 108 97
101 94 49
58 89 88
3 84 99
114 35 20
93 8 57
13 83 69
95 112 77
55 83 17
22 6 81
41 145 29
103 57 74
147 140 75
22 26 91
148 8 100
97 68 81
28 36 58
30 89 25
31 99 20
92 41 80
61 141 83
62 12 23
72 29 32
119 122 38
88 110 6
62 146 43
31 58 54
104 52 83
67 64 49
65 130 54
94 135 62
102 132 63
8 35 57
90 10 38
124 119 44
147 19 37
104 122 5
121 115 5
144 72 39
64 71 11
145 22 30
83 60 70
140 146 38
132 53 34
85 111 71
77 90 68
136 116 67
117 20 77
125 135 72
31 122 86
27 4 21
120 84 41
14 12 2
25 92 100
123 24 24
131 80 15
55 75 88
68 12 60
58 69 58
53 106 98
117 26 63
83 5 26
53 34 55
96 149 34
136 95 15
10 136 31
74 33 90
148 20 52
90 102 44
121 52 25
85 118 90
16 92 6
82 26 39
74 27 56
30 91 57
93 140 13
138 77 75
132 128 52
65 135 47
135 72 52
41 136 53
57 131 41
65 82 67
79 106 91
99 35 100
66 13 94
114 96 20
81 11 25
9 140 4
44 69 48
85 129 48
7 70 96
139 77 31
37 118 85
15 95 78
138 122 27
41 53 50
33 42 14
132 33 34
109 40 55
17 137 59
98 3 56
59 139 10
13 25 7
22 142 88
75 139 46
113 30 26
104 77 90
108 5 75
97 5 56
10 89 13
6 14 9
59 34 14
136 96 51
57 142 47
83 139 31
74 81 42
130 128 61
57 137 8
84 138 5
82 11 51
38 8 79
116 108 16
49 111 24
128 46 18
92 7 46
91 113 74
70 107 52
37 104 46
23 106 59
113 140 94
36 66 14
62 135 41
95 114 59
73 126 59
82 42 82
147 87 16
113 127 55
121 83 9
83 140 27
122 69 57
140 101 94
42 55 44
120 132 81
111 73 76
38 12 52
97 136 8
22 102 42
96 105 60
75 132 5
77 101 75
118 33 74
142 111 92
20 38 29
148 126 43
138 53 60
11 94 91
55 57 40
50 80 77
72 142 33
26 34 70
110 30 51
123 144 55
116 66 19
83 21 38
72 60 36
109 107 24
77 51 94
82 80 45
44 10 86
107 29 92
63 81 91
18 82 58
20 132 10
99 23 37
104 49 72
64 13 92
113 3 76
7 118 30
10 117 35
32 84 73
118 117 68
30 122 93
29 40 61
87 49 58
22 55 45
15 1 26
33 31 89
34 96 34
113 59 2
54 105 31
125 60 64
99 61 93
49 78 13
25 141 21
92 146 63
3 34 53
60 31 38
90 44 97
16 80 35
140 106 37
98 63 72
75 97 69
138 95 61
118 127 47
23 5 33
38 66 38
10 5 48
117 52 7
69 46 60
105 92 50
134 146 15
114 57 71
24 142 82
115 20 11
134 69 12
4 82 18
132 16 11
14 81 98
125 84 25
26 90 85
78 114 10
118 21 47
5 121 25
101 4 26
110 117 76
85 43 30
118 96 36
98 62 8
93 60 36
123 95 93
98 84 28
109 46 83
107 35 33
87 4 55
7 30 96
98 6 28
20 77 37
68 113 93
112 76 54
78 113 83
121 38 44
105 65 37
77 124 13
17 111 77
16 81 27
41 148 13
64 85 66
66 54 11
36 131 71
68 44 25
48 75 30
112 8 27
146 40 66
62 6 21
62 106 41
13 82 57
138 147 63
47 104 82
127 12 29
105 111 95
10 96 63
116 138 88
102 63 77
104 35 68
102 95 91
105 13 92
47 0 29
94 130 22
5 22 47
117 138 27
145 111 24
36 128 46
131 135 16
130 125 100
76 14 58
86 112 77
130 61 1
36 67 4
133 136 6
135 12 13
64 57 35
139 91 55
57 39 62
32 124 9
8 91 90
57 47 83
98 136 99
137 136 83
93 36 55
80 123 45
140 6 94
118 105 40
86 2 65
42 28 11
30 88 26
31 13 49
114 144 2
8 24 3
35 74 10
149 96 37
138 45 3
19 10 8
47 26 18
47 15 41
83 119 89
139 111 80
116 65 4
148 29 83
141 145 36
7 145 37
17 123 38
3 55 17
123 131 3
91 94 10
88 1 4
40 133 7
111 7 73
142 103 59
95 91 18
93 59 74
61 3 80
9 92 95
25 40 5
42 139 94
146 1 37
12 13 60
139 15 63
70 43 51
14 59 15
117 49 12
121 96 60
116 135 21
131 33 69
101 137 87
61 144 32
59 90 82
138 126 77
131 129 41
110 54 26
142 138 26
8 23 12
32 77 22
38 7 91
106 138 12
54 40 11
10 134 40
8 40 58
107 85 84
1 6 37
149 102 86
3 4 79
107 36 30
126 12 15
107 135 3
115 144 78
110 70 29
44 129 11
86 95 2
105 5 46
128 84 71
2 102 57
34 93 5
74 103 53
77 4 36
21 137 25
126 18 43
1 144 12
68 11 6
121 126 35
72 25 75
48 93 61
98 35 61
130 57 87
140 79 95
10 45 1
19 142 76
14 111 78
115 62 93
112 23 51
40 62 68
45 26 40
95 46 55
107 138 13
45 76 25
80 95 58
68 54 100
102 76 67
73 139 52
38 11 76
107 126 87
0 53 93
123 8 73
116 95 62
113 17 51
9 50 78
123 51 53
25 93 23
10 0 79
95 74 24
86 108 31
114 52 67
130 85 89
103 37 18
57 11 82
88 26 91
82 13 58
3 33 62
71 47 28
71 30 16
140 125 29
66 56 36
94 45 99
129 22 72
98 95 59
109 93 16
126 76 76
75 128 62
107 130 67
76 71 74
21 72 46
38 28 34
79 50 86
91 2 29
52 2 52
61 0 1
107 74 10
141 131 53
47 110 88
105 58 100
45 74 27
129 55 78
51 58 21
83 42 99
36 136 26
36 14 51
141 109 78
53 17 47
9 60 72
3 25 80
49 136 59
7 140 87
82 39 2
86 81 64
81 101 30
115 43 10
41 5 78
28 135 31
50 36 56
28 20 38
14 97 14
81 78 92
112 51 16
39 36 39
103 134 84
93 22 15
57 101 71
59 7 90
4 65 21
6 92 30
46 142 19
31 87 36
22 89 99
50 4 69
54 107 26
44 23 30
19 141 20
23 119 30
96 99 93
83 90 51
20 65 96
37 119 57
90 46 66
42 1 13
96 59 84
127 71 90
23 145 7
78 80 4
64 91 26
39 25 4
10 122 80
86 50 99
3 60 88
72 96 44
11 54 38
56 52 51
76 17 23
102 23 88
119 69 63
20 142 64
112 88 26
79 11 32
111 122 100
60 3 67
106 7 87
138 81 72
126 69 25
118 1 47
13 53 54
15 4 39
49 96 84
58 112 1
102 48 66
25 21 46
147 114 74
144 29 13
18 113 16
0 67 98
138 56 70
89 135 31
148 43 2
22 36 12
136 102 19
65 43 35
18 47 36
74 145 46
34 69 27
57 1 25
95 60 9
86 62 33
69 40 67
80 106 90
67 92 10
57 102 13
36 116 33
43 38 47
37 129 12
64 10 71
79 24 11
81 99 76
34 12 15
76 66 64
99 10 28
83 122 58
39 2 79
114 26 53
23 20 96
8 110 86
28 137 64
28 126 85
74 114 57
120 73 79
137 82 52
39 82 78
5 38 56
42 69 36
89 85 98
0 126 30
120 15 27
142 44 7
9 14 50
120 116 7
119 53 42
136 70 24
29 12 89
134 9 93
65 47 67
48 129 5
51 88 45
149 108 69
25 72 22
137 7 74
128 87 42
86 116 53
133 91 83
27 83 23
82 36 46
17 7 100
144 10 84
57 104 91
113 91 61
145 129 39
94 145 14
68 149 2
66 90 91
133 0 4
83 30 41
113 24 20
91 3 45
19 37 98
105 128 79
9 33 96
101 84 84
40 48 62
60 74 76
3 51 41
79 20 82
9 121 19
33 56 76
83 34 10
80 76 61
73 12 53
136 5 63
47 79 15
116 101 19
123 138 71
59 53 5
16 76 87
106 12 29
91 36 49
53 77 51
62 28 16
73 97 3
76 33 23
18 22 77
3 96 29
102 73 54
34 65 90
3 112 23
9 62 86
45 86 40
125 29 100
2 23 87
3 114 27
49 142 42
133 145 36
11 83 1
103 96 60
104 94 27
22 20 2
104 30 36
78 103 59
137 112 42
144 80 21
17 76 52
101 67 4
72 43 4
2 108 17
48 110 41
9 133 43
109 16 17
91 77 61
101 57 64
4 83 19
77 65 93
25 122 27
88 21 88
54 0 19
124 59 24
2 124 25
142 33 70
103 120 68
10 47 39
111 79 96
114 136 49
101 136 99
20 71 30
149 54 36
41 70 50
145 75 71
23 81 96
103 58 58
118 44 60
28 119 21
51 132 75
131 20 74
107 28 22
131 6 13
125 114 56
63 16 43
41 109 14
39 140 80
120 95 31
41 71 32
13 119 45
147 62 95
115 79 75
71 20 49
20 81 63
90 63 40
127 16 84
81 116 8
117 108 90
30 55 44
24 56 26
35 1 31
82 0 59
37 101 3
145 21 9
123 93 41
15 65 42
41 130 97
34 8 91
68 87 39
140 148 1
123 29 19
53 68 72
148 70 87
102 3 49
126 71 86
89 108 12
56 115 28
119 75 91
136 84 24
110 123 27
121 70 9
43 78 72
89 44 20
133 135 51
131 112 54
147 71 16
1 35 100
62 24 31
38 82 24
138 113 37
34 2 22
122 49 77
36 45 93
38 84 56
118 91 9
37 63 87
78 57 75
131 87 33
91 7 58
60 4 16
119 15 57
10 18 1
19 47 47
48 68 42
45 58 97
91 19 23
67 127 2
13 87 11
33 26 29
6 1 35
6 103 76
64 45 24
98 134 68
14 9 72
119 139 79
95 51 33
59 149 96
93 149 21
32 41 22
90 95 39
92 45 48
88 37 19
77 129 46
68 48 3
68 133 18
9 59 5
14 2 51
8 116 28
53 18 55
27 16 76
0 31 78
131 71 80
136 40 90
40 83 8
23 96 34
16 13 58
35 116 26
75 123 32
72 17 33
67 117 25
48 27 69
14 37 35
82 134 46
18 120 99
122 94 41
69 21 45
48 69 47
77 88 40
86 66 31
139 53 13
130 89 1
117 45 5
48 37 11
134 70 18
134 35 99
85 53 84
7 115 10
112 90 68
13 47 12
116 0 3
23 79 23
30 134 29
61 104 71
54 110 58
80 4 25
98 128 4
110 23 16
71 110 68
149 16 66
40 69 73
119 19 45
119 85 83
144 147 35
10 112 2
128 31 5
116 7 40
32 104 10
85 69 35
118 69 65
145 128 23
93 144 60
25 4 92
57 43 11
11 73 37
23 15 52
69 80 64
6 123 73
5 46 66
127 44 57
149 91 30
102 4 26
82 58 7
119 37 19
29 26 33
137 45 29
48 82 66
4 90 95
95 55 49
31 131 46
41 28 72
1 88 87
57 23 64
118 138 13
21 122 99
69 23 41
41 102 79
118 104 41
135 96 57
35 107 61
84 45 11
86 60 28
4 130 62
41 60 33
99 149 38
138 57 13
46 135 22
4 137 59
137 23 16
8 20 49
26 97 32
68 6 56
8 61 51
82 23 30
82 37 77
137 59 21
69 95 43
92 89 93
110 50 31
11 45 28
17 119 22
25 103 90
83 107 93
133 92 99
78 130 50
114 87 81
89 88 91
88 93 78
86 75 54
3 85 27
85 133 72
144 131 15
119 82 53
118 76 29
28 138 85
64 0 69
47 130 14
76 25 55
142 36 98
62 33 30
41 90 10
68 67 55
93 27 44
62 57 79
0 142 97
29 87 18
43 139 48
58 36 20
24 86 44
145 18 69
123 111 82
133 64 58
99 21 22
72 67 26
32 78 7
78 27 48
120 59 91
137 57 79
115 12 41
108 57 38
55 34 62
25 55 82
141 127 24
22 63 20
114 94 53
80 35 64
1 103 3
19 45 88
88 114 4
89 57 8
24 74 67
4 96 92
79 120 23
138 38 61
30 99 71
133 34 14
112 46 100
84 99 97
26 146 26
126 74 60
64 59 71
146 80 50
139 25 59
95 35 86
96 31 10
56 17 19
130 104 66
39 18 12
127 66 20
133 98 85
94 37 11
111 15 2
114 46 81
99 64 27
56 10 88
79 14 43
81 52 67
33 149 61
134 112 39
119 61 48
54 32 3
144 8 51
45 83 67
64 60 45
108 17 87
119 5 29
95 118 82
87 135 30
106 37 37
123 34 42
92 65 93
147 103 50
50 126 67
20 16 65
61 85 92
66 93 20
84 50 20
24 122 3
14 53 72
30 96 20
94 46 84
35 145 61
147 52 40
137 88 22
97 122 44
16 88 59
112 96 33
18 48 80
82 92 57
58 121 70
127 43 36
126 66 77
1 23 12
42 138 49
41 10 60
88 77 9
134 11 17
47 108 39
111 82 33
26 88 79
51 9 55
13 44 76
86 42 97
135 30 92
56 41 4
61 42 84
21 69 97
114 127 82
95 97 66
46 57 92
75 140 37
123 98 1
56 18 40
62 72 57
122 79 25
35 105 60
118 19 85
132 122 5
11 121 17
65 78 96
115 125 56
132 23 72
69 87 99
122 88 72
48 8 28
1 81 94
132 28 75
60 62 15
115 13 90
30 29 12
13 140 2
91 97 40
59 99 78
49 66 31
129 90 20
49 106 40
73 33 93
70 56 85
42 8 4
23 147 9
80 75 9
51 141 67
94 62 52
86 47 34
67 136 18
96 26 61
114 16 9
61 62 68
59 141 99
109 116 68
68 75 87
51 57 74
50 137 85
134 61 88
137 8 24
60 105 41
136 50 12
92 38 44
62 101 97
51 145 15
61 16 90
109 72 1
98 130 93
136 140 86
119 99 75
82 2 90
101 13 18
118 145 59
26 139 74
32 67 25
134 74 69
126 38 27
71 55 59
34 144 92
147 137 59
8 84 9
80 89 57
95 33 50
103 52 56
145 125 16
92 58 100
99 3 60
114 145 84
118 97 23
136 74 100
141 77 80
113 52 76
130 71 97
98 127 25
55 112 24
31 42 61
138 141 28
16 34 24
72 149 91
102 116 46
65 134 18
43 104 43
95 31 27
66 123 91
62 141 52
35 37 22
24 125 61
145 144 61
149 116 50
137 36 64
119 3 74
132 135 33
13 8 41
107 102 79
93 41 57
105 125 69
94 74 58
111 29 54
42 13 21
68 77 13
144 136 27
127 110 93
58 70 39
120 119 15
58 25 67
119 121 40
23 22 46
77 15 28
29 53 88
50 24 17
106 149 51
30 104 31
6 8 16
70 29 14
23 85 57
116 21 63
113 47 38
133 14 75
97 55 8
79 31 76
78 98 49
135 54 66
63 11 67
11 134 84
46 148 97
124 10 13
145 34 42
90 74 72
126 41 97
29 85 95
119 105 98
59 102 83
77 59 25
31 79 81
35 121 94
12 63 64
110 145 47
11 40 27
144 119 49
66 74 17
12 11 98
51 48 18
112 147 25
20 11 27
12 94 61
11 17 84
133 41 86
90 89 21
98 122 33
140 129 60
7 64 28
73 5 60
122 145 16
117 34 24
84 103 88
77 16 12
110 90 28
10 33 34
0 106 38
125 144 25
79 2 1
31 119 17
42 132 72
51 90 49
109 24 95
51 98 24
24 66 58
115 35 17
63 34 66
61 19 33
74 54 8
135 113 30
60 146 22
0 52 15
91 127 69
56 20 97
22 47 96
29 38 49
76 130 20
99 53 77
80 20 9
125 55 49
54 88 79
77 73 1
31 23 32
106 103 35
45 84 98
51 111 12
148 124 31
80 7 62
74 121 27
63 115 5
44 112 87
64 78 37
117 112 30
115 46 51
61 127 94
120 31 19
106 4 22
11 124 88
111 87 73
1 54 46
54 77 63
133 127 95
28 114 30
54 94 72
78 112 43
112 7 92
145 35 28
82 28 9
99 105 80
59 46 19
90 51 53
84 125 9
95 37 15
52 56 8
122 21 100
24 136 76
99 25 8
53 29 81
32 125 84
79 123 3
22 111 88
94 30 45
134 7 45
3 26 24
141 102 92
54 6 58
52 35 72
141 105 90
63 111 21
117 129 41
8 115 6
108 52 93
129 60 31
91 73 90
132 144 74
146 36 66
9 145 12
97 98 14
44 46 77
108 138 12
120 77 86
64 99 50
91 28 52
113 40 27
101 116 8
112 106 40
110 68 77
5 132 29
20 108 45
72 36 95
123 39 65
69 8 55
95 87 47
64 89 8
42 84 22
113 131 88
27 5 41
68 0 44
126 146 84
81 24 15
113 148 94
31 123 51
71 21 46
115 71 12
49 43 54
113 61 4
99 107 73
27 42 44
45 1 87
137 73 93
49 6 61
132 31 98
9 89 28
73 21 88
107 86 100
25 62 95
74 76 49
37 122 26
58 91 58
45 65 13
38 23 64
0 58 24
16 131 20
15 59 60
21 60 26
114 113 68
97 23 21
13 75 1
14 54 13
43 136 17
53 149 27
101 69 26
40 103 19
12 128 92
9 69 82
64 38 75
20 76 21
122 64 22
55 124 70
50 26 50
128 53 100
26 36 48
122 142 44
109 137 17
92 127 95
55 10 96
38 13 79
126 92 43
120 89 91
17 1 6
21 9 56
128 121 10
85 94 61
43 6 37
130 93 30
46 38 36
21 85 41
53 48 64
60 12 51
107 71 79
3 64 40
34 88 75
83 77 10
135 76 9
29 62 20
102 61 96
142 72 22
145 108 31
127 106 49
56 81 75
128 116 93
24 61 68
110 6 47
39 20 7
107 11 94
35 67 63
34 70 92
53 60 13
96 43 83
38 59 52
73 87 5
14 127 21
75 121 26
107 18 90
139 46 8
18 97 47
54 71 40
62 126 13
43 64 31
49 135 77
98 14 65
35 99 61
43 85 57
147 97 91
19 30 87
21 19 2
80 15 11
115 110 21
128 67 80
74 62 1
63 35 13
148 81 61
13 6 91
9 32 95
86 82 70
78 24 48
85 30 8
50 72 27
83 52 68
20 114 28
6 110 90
84 1 34
8 78 13
60 91 83
71 89 65
8 98 16
54 135 96
115 74 7
111 25 89
35 3 94
18 148 45
69 59 17
133 15 65
29 98 77
47 65 54
93 72 65
113 128 33
28 97 58
63 116 64
51 112 80
38 10 29
7 35 88
26 54 7
136 134 14
149 115 12
128 42 98
51 126 86
58 129 82
45 88 16
107 148 81
114 117 37
65 111 64
91 125 20
29 21 26
27 53 72
70 106 92
4 16 66
83 132 38
77 75 50
124 7 65
132 62 87
10 1 89
84 55 74
36 110 100
88 8 98
120 25 97
142 117 38
117 68 14
86 37 40
73 30 8
50 139 72
22 73 72
13 139 36
17 138 93
94 41 76
16 148 22
51 82 10
53 84 25
47 80 43
14 48 8
11 53 47
55 29 62
87 27 6
4 46 95
84 95 83
55 31 48
45 18 27
21 73 67
14 125 24
60 137 25
125 24 29
61 11 32
97 3 58
7 110 90
28 9 54
9 10 20
149 26 80
110 137 25
140 42 59
132 89 16
50 145 58
18 44 83
20 124 32
6 4 62
73 48 99
122 127 21
132 87 71
107 89 82
71 10 33
122 62 61
86 85 74
49 105 29
138 29 35
41 47 59
104 112 19
79 0 17
79 4 89
11 24 95
20 42 98
5 37 43
7 117 34
73 72 64
38 2 38
75 148 22
115 50 96
19 75 59
68 71 57
77 23 57
58 145 7
43 37 37
128 44 43
58 2 43
82 88 51
137 108 68
127 35 44
46 119 68
21 111 30
1 78 83
2 106 18
89 131 72
128 93 83
4 97 55
24 131 62
134 117 47
39 138 39
138 116 61
78 142 20
74 45 31
67 130 35
121 104 98
62 119 44
90 133 45
4 3 70
136 115 52
99 22 38
99 124 98
136 80 36
88 82 72
132 70 16
28 127 32
83 131 50
29 105 89
57 27 48
64 80 82
59 19 98
144 21 60
119 103 23
149 112 57
122 108 54
20 8 69
107 134 11
137 92 94
18 34 79
149 44 62
146 119 51
77 34 14
114 50 73
10 23 90
76 22 44
13 0 20
40 27 53
53 45 72
57 77 16
114 25 70
84 10 58
89 20 100
69 94 48
50 60 92
16 62 9
60 10 51
126 96 36
38 60 87
75 42 19
47 131 68
98 108 70
75 21 24
34 58 14
129 84 32
35 72 63
2 22 12
111 68 68
21 40 20
126 132 93
131 34 63
78 122 6
2 131 39
110 84 92
91 41 30
106 79 22
71 118 79
96 135 60
61 28 5
84 51 61
24 67 11
134 38 21
103 10 67
141 91 72
11 20 36
68 96 69
93 134 38
147 96 93
110 28 26
37 19 63
28 25 60
63 30 53
25 125 91
83 48 60
120 107 15
44 146 53
86 1 48
35 14 23
15 53 98
9 136 60
13 60 98
45 121 8
58 33 65
6 10 70
85 146 96
79 33 76
108 3 33
33 113 8
116 129 81
45 98 34
45 68 96
14 141 93
13 2 15
89 121 22
83 44 52
43 129 88
77 0 19
8 97 79
52 111 58
141 20 57
136 111 20
70 46 93
132 133 23
76 123 5
0 82 63
107 78 29
27 62 38
107 141 69
72 6 72
83 79 63
73 51 27
122 42 1
91 13 35
149 72 57
14 31 13
102 68 30
3 94 21
55 39 73
25 3 11
19 67 72
110 44 49
79 5 20
122 141 22
52 50 79
5 32 56
36 59 63
70 119 9
62 90 66
93 57 90
105 119 89
87 84 47
21 91 41
75 44 36
50 104 87
26 147 84
55 35 47
77 104 55
132 29 91
56 139 73
20 63 45
113 89 98
44 119 65
68 130 72
122 138 67
51 27 36
27 112 47
5 17 9
81 92 82
75 110 64
83 8 28
120 9 71
76 147 68
119 112 26
102 92 55
15 93 50
83 4 89
113 105 46
43 86 30
82 51 23
71 101 48
32 128 28
32 26 19
0 94 80
90 64 71
73 17 88
94 12 77
78 138 83
47 29 89
120 71 30
81 84 45
119 96 36
125 52 61
41 108 1
54 103 42
8 114 3
81 29 19
141 134 39
41 64 95
68 102 70
91 124 70
5 23 21
36 79 72
19 85 52
77 70 14
1 145 51
146 104 10
111 54 38
30 102 42
5 149 4
49 8 64
72 27 67
66 148 65
38 37 63
94 97 22
13 18 72
93 107 9
7 38 34
97 86 23
133 33 29
1 43 79
42 75 84
91 66 54
65 3 82
131 60 76
4 73 99
91 128 44
96 86 55
87 44 8
59 62 7
103 68 71
38 119 48
105 7 29
52 127 18
30 123 49
61 119 14
142 120 81
142 130 72
145 95 4
71 14 5
117 14 50
106 130 36
83 55 7
2 50 18
133 139 18
145 65 90
35 110 4
127 46 21
85 106 61
114 28 28
98 44 19
92 2 66
88 148 36
140 55 91
118 78 64
26 59 22
79 110 77
80 73 4
7 130 8
63 17 79
131 3 33
7 121 29
11 32 60
133 5 15
58 76 6
102 93 79
2 6 11
22 86 81
63 87 90
116 107 56
123 119 94
36 73 99
98 70 2
146 136 32
5 91 89
98 97 86
73 11 87
139 138 39
35 12 96
33 14 13
89 16 56
142 41 69
74 108 31
80 101 93
11 117 41
130 121 62
125 123 54
81 86 99
65 124 27
51 122 69
54 74 25
98 119 64
23 89 13
54 85 53
36 147 1
138 52 82
96 71 18
123 71 9
52 136 86
71 15 77
6 75 84
30 12 91
69 44 33
67 36 35
18 88 31
87 81 70
4 111 43
59 31 89
131 149 38
65 31 27
105 40 26
113 57 42
71 69 29
146 79 42
110 131 64
44 5 30
1 102 97
79 46 14
90 72 30
145 101 3
17 41 41
121 120 22
110 4 20
133 146 1
66 36 20
66 60 83
142 145 52
85 79 8
15 105 81
1 57 29
21 87 31
27 48 71
73 0 73
52 85 25
131 108 31
26 84 75
137 32 17
15 79 27
112 57 70
70 89 99
70 130 76
127 123 26
101 31 49
1 146 96
49 115 57
8 56 87
122 132 81
72 104 79
91 117 63
107 79 69
23 120 16
10 79 14
34 130 6
66 57 71
128 120 52
107 1 36
102 118 93
18 56 94
38 44 36
36 86 3
16 105 70
82 76 43
7 114 28
123 63 84
129 136 89
117 35 96
17 38 11
66 112 60
11 145 50
124 127 46
6 40 36
12 130 61
126 142 53
24 124 25
87 132 71
73 90 6
114 69 73
52 86 91
22 94 76
43 147 61
121 20 40
126 39 62
144 75 56
81 40 93
45 30 6
89 110 50
138 33 56
30 149 93
75 58 35
56 77 31
26 119 39
133 55 53
132 136 29
30 26 84
62 136 60
142 70 19
87 94 36
146 132 83
48 148 36
121 37 45
46 139 45
30 124 67
36 103 50
67 12 28
109 30 43
116 134 84
69 10 52
2 27 77
102 79 45
144 141 97
101 129 25
4 32 48
91 68 95
95 39 33
132 68 60
99 118 91
71 49 76
142 8 26
103 55 83
61 6 42
44 111 8
38 34 4
36 125 26
46 19 18
59 71 10
66 131 46
112 116 1
70 32 18
81 64 21
102 119 41
16 73 34
149 141 35
58 107 32
99 128 87
142 101 25
144 4 7
80 53 18
115 51 38
85 136 26
111 48 58
12 148 97
120 135 57
58 64 82
1 56 48
22 50 70
86 43 97
15 108 66
20 45 70
2 10 41
135 118 54
6 114 66
38 21 21
99 41 1
69 53 41
35 17 37
36 137 76
10 40 37
22 118 35
55 20 42
107 118 69
103 142 5
15 38 18
127 1 100
41 39 11
69 36 26
56 67 33
130 7 16
139 34 30
58 9 88
127 105 14
129 126 87
3 9 86
98 65 37
47 87 91
109 97 78
44 109 58
110 62 34
113 111 74
143 105 10
143 145 70
143 21 35
143 35 63
143 93 68
143 49 54
143 89 1
143 4 58
143 100 49
143 91 47
143 125 6
143 42 67
143 30 24
143 133 42
143 16 22
143 77 81
0 100 54
48 100 14
58 100 81
60 100 56
112 100 30
118 100 24
121 100 93
137 100 35
146 100 97
