80
93
0 2 97
0 6 42
0 9 28
0 10 89
0 13 34
0 17 84
0 35 60
0 39 79
0 43 39
0 44 14
0 47 47
0 56 67
0 66 51
0 70 84
0 76 85
0 77 50
0 81 88
0 91 70
0 96 12
0 98 13
0 99 83
1 3 100
1 7 59
1 8 65
1 19 48
1 21 64
1 28 53
1 38 66
1 39 21
1 46 35
1 52 15
1 54 80
1 60 79
1 62 71
1 63 19
1 65 47
1 66 2
1 76 37
1 83 87
1 84 4
1 89 16
1 91 14
1 94 33
1 95 40
1 99 4
2 3 8
2 11 89
2 12 95
2 17 98
2 18 10
2 20 38
2 28 87
2 29 68
2 30 39
2 31 7
2 32 57
2 36 13
2 40 56
2 42 47
2 60 51
2 61 63
2 63 63
2 64 39
2 69 96
2 72 73
2 78 47
2 81 56
2 82 74
2 86 94
2 91 80
2 95 91
2 98 80
3 7 91
3 8 73
3 9 6
3 11 69
3 19 66
3 20 69
3 21 99
3 22 68
3 24 83
3 25 93
3 32 48
3 36 6
3 40 25
3 44 86
3 46 87
3 48 92
3 64 44
3 66 10
3 68 63
3 69 71
3 76 88
3 87 88
3 89 95
3 98 81
3 99 77
4 0 59
4 3 13
4 5 19
4 9 12
4 11 15
4 13 2
4 14 4
4 20 87
4 23 1
4 29 53
4 33 66
4 42 40
4 44 72
4 45 81
4 51 89
4 52 17
4 60 7
4 66 85
4 68 6
4 74 48
4 78 83
4 82 11
4 88 89
4 89 19
4 96 4
5 0 78
5 4 71
5 9 58
5 10 42
5 11 65
5 14 4
5 17 74
5 19 75
5 29 20
5 30 42
5 32 85
5 33 69
5 34 7
5 35 27
5 46 4
5 50 2
5 52 37
5 53 2
5 56 62
5 60 3
5 61 69
5 62 1
5 67 80
5 68 93
5 69 91
5 70 16
5 72 55
5 76 79
5 79 82
5 88 89
5 92 17
5 99 22
6 0 8
6 3 29
6 7 69
6 8 12
6 10 45
6 12 67
6 13 25
6 26 5
6 41 57
6 43 1
6 50 1
6 58 6
6 61 8
6 64 8
6 74 25
6 79 83
6 89 31
6 97 52
7 4 33
7 6 26
7 8 24
7 10 43
7 14 52
7 16 5
7 20 10
7 22 70
7 27 28
7 30 38
7 31 34
7 39 49
7 41 18
7 42 16
7 45 31
7 46 53
7 50 10
7 52 75
7 54 81
7 76 2
7 81 8
7 90 24
7 94 51
8 1 44
8 5 96
8 9 27
8 19 37
8 22 25
8 26 37
8 27 3
8 28 53
8 30 25
8 32 93
8 39 45
8 43 85
8 44 19
8 49 68
8 50 39
8 53 52
8 55 49
8 57 78
8 60 4
8 72 1
8 73 36
8 74 66
8 75 13
8 79 45
8 83 49
8 84 72
8 85 38
8 87 28
8 91 13
8 95 97
8 99 63
9 0 59
9 5 14
9 10 60
9 12 44
9 20 12
9 22 7
9 23 6
9 24 12
9 27 46
9 38 67
9 42 84
9 44 71
9 45 71
9 53 41
9 54 64
9 59 68
9 65 50
9 69 69
9 83 33
9 85 97
9 86 29
9 87 70
9 89 75
9 90 98
9 94 70
9 95 58
9 99 6
10 9 28
10 12 63
10 19 67
10 23 30
10 26 35
10 34 6
10 35 92
10 39 39
10 44 35
10 45 57
10 46 33
10 61 76
10 64 68
10 70 76
10 74 46
10 77 83
10 82 94
10 84 77
10 86 59
10 87 72
10 89 1
10 92 62
10 95 53
10 96 42
11 3 97
11 18 85
11 28 5
11 33 100
11 34 37
11 36 52
11 37 26
11 41 24
11 45 74
11 47 9
11 48 48
11 49 62
11 50 89
11 51 19
11 52 95
11 53 13
11 54 49
11 60 47
11 61 16
11 62 25
11 68 67
11 71 58
11 72 11
11 75 70
11 76 84
11 77 23
11 79 75
11 81 24
11 95 64
11 96 75
11 98 85
12 2 11
12 5 13
12 7 28
12 8 79
12 9 17
12 10 83
12 14 9
12 15 6
12 17 67
12 18 100
12 20 6
12 24 97
12 25 16
12 29 22
12 31 30
12 38 54
12 40 75
12 45 71
12 46 3
12 58 61
12 60 15
12 66 90
12 75 100
12 79 13
12 84 2
12 85 79
12 87 53
12 89 36
12 90 82
12 92 18
12 94 94
12 97 88
13 4 39
13 6 10
13 11 85
13 14 8
13 25 19
13 33 29
13 35 87
13 37 89
13 38 79
13 39 60
13 46 6
13 48 1
13 49 68
13 50 57
13 52 43
13 56 38
13 59 38
13 60 55
13 69 73
13 73 72
13 76 90
13 77 19
13 78 54
13 81 55
13 88 29
13 89 78
13 96 67
13 97 21
13 98 81
13 99 87
14 0 50
14 1 6
14 3 2
14 5 56
14 8 5
14 10 49
14 11 49
14 12 55
14 15 41
14 20 83
14 21 9
14 34 74
14 41 79
14 48 94
14 55 33
14 57 56
14 59 42
14 60 84
14 64 77
14 66 81
14 67 98
14 69 80
14 73 77
14 78 92
14 83 43
14 85 12
14 89 99
14 90 54
14 96 92
15 3 10
15 4 79
15 19 83
15 22 49
15 24 84
15 27 87
15 35 2
15 43 30
15 47 86
15 61 6
15 63 18
15 68 27
15 69 57
15 74 38
15 75 21
15 81 64
15 85 64
15 87 9
15 90 34
15 91 75
15 96 14
15 98 16
16 0 47
16 3 38
16 4 52
16 5 85
16 8 44
16 9 78
16 10 3
16 11 68
16 15 56
16 18 60
16 20 92
16 23 19
16 25 58
16 26 19
16 29 99
16 32 23
16 46 55
16 51 35
16 52 72
16 55 73
16 56 35
16 57 2
16 59 58
16 60 14
16 61 9
16 66 2
16 77 18
16 83 19
16 86 11
17 2 60
17 3 10
17 4 12
17 11 21
17 12 49
17 14 32
17 24 38
17 32 11
17 33 66
17 35 81
17 38 47
17 40 64
17 43 60
17 44 73
17 45 97
17 46 99
17 54 81
17 56 45
17 57 91
17 59 9
17 65 50
17 68 81
17 70 49
17 78 93
17 84 22
17 87 41
17 88 93
17 92 66
17 94 2
17 98 48
18 1 33
18 2 41
18 3 82
18 9 40
18 16 38
18 28 43
18 34 68
18 38 74
18 39 81
18 40 33
18 42 10
18 45 67
18 51 57
18 52 54
18 58 82
18 66 51
18 71 94
18 73 71
18 75 53
18 79 2
18 84 16
18 88 3
18 90 69
18 96 84
19 1 40
19 2 5
19 6 95
19 12 72
19 17 48
19 21 67
19 22 99
19 24 7
19 27 27
19 28 10
19 30 89
19 31 7
19 32 35
19 34 79
19 35 80
19 42 74
19 45 26
19 46 29
19 47 23
19 48 9
19 54 24
19 59 39
19 67 19
19 72 97
19 74 55
19 76 38
19 79 77
19 82 22
19 86 12
19 91 21
19 97 4
20 1 18
20 12 76
20 15 42
20 16 46
20 17 59
20 18 86
20 19 35
20 27 74
20 31 73
20 34 53
20 40 71
20 41 18
20 42 22
20 44 21
20 45 85
20 51 93
20 53 62
20 54 65
20 55 20
20 60 64
20 67 52
20 68 61
20 70 87
20 71 54
20 73 30
20 74 1
20 76 16
20 79 17
20 83 94
20 90 46
20 94 100
20 99 77
21 2 11
21 3 81
21 5 11
21 14 51
21 17 80
21 18 43
21 20 9
21 22 94
21 23 99
21 27 69
21 29 3
21 30 58
21 42 41
21 43 72
21 44 19
21 46 98
21 52 79
21 54 52
21 56 25
21 58 45
21 65 39
21 68 33
21 69 38
21 72 76
21 76 90
21 81 28
21 83 80
21 88 62
21 95 86
22 0 45
22 1 52
22 3 79
22 4 12
22 5 19
22 6 42
22 10 59
22 14 45
22 18 24
22 29 27
22 33 59
22 34 30
22 38 45
22 40 89
22 44 34
22 45 49
22 50 44
22 52 77
22 53 58
22 56 56
22 61 85
22 65 54
22 72 80
22 73 87
22 81 48
22 86 72
22 87 9
22 88 40
22 89 88
22 90 99
22 92 27
22 95 2
22 99 64
23 2 98
23 3 55
23 4 20
23 7 78
23 9 46
23 10 4
23 28 56
23 32 20
23 33 62
23 34 69
23 37 86
23 39 3
23 42 28
23 43 77
23 44 16
23 46 100
23 50 54
23 51 12
23 59 95
23 60 49
23 61 34
23 62 13
23 64 57
23 65 6
23 73 27
23 74 88
23 75 57
23 76 54
23 82 37
23 83 100
23 87 4
23 89 48
23 91 71
23 96 37
23 97 61
23 98 9
24 2 57
24 4 26
24 8 42
24 10 94
24 13 85
24 19 71
24 27 49
24 28 69
24 36 7
24 37 7
24 39 64
24 43 70
24 45 85
24 47 97
24 51 24
24 53 87
24 55 26
24 60 68
24 61 97
24 63 22
24 66 93
24 68 20
24 71 89
24 73 81
24 75 3
24 79 47
24 87 48
24 90 43
24 94 36
24 96 71
25 3 56
25 5 78
25 6 95
25 9 9
25 10 51
25 11 85
25 14 98
25 15 46
25 18 97
25 20 55
25 22 70
25 24 11
25 26 99
25 29 1
25 35 2
25 39 65
25 42 22
25 43 94
25 52 49
25 58 13
25 65 6
25 67 69
25 72 44
25 77 55
25 79 40
25 87 66
25 88 64
25 89 97
25 90 34
25 97 71
25 98 34
26 2 11
26 4 94
26 5 19
26 6 45
26 10 14
26 11 8
26 12 28
26 14 15
26 20 10
26 22 20
26 31 16
26 32 40
26 40 55
26 44 14
26 49 85
26 51 98
26 53 30
26 56 62
26 58 2
26 64 82
26 66 25
26 68 2
26 73 3
26 77 57
26 89 87
26 92 74
26 97 11
27 3 13
27 7 19
27 12 84
27 17 11
27 19 26
27 28 12
27 29 59
27 30 24
27 33 40
27 34 39
27 42 48
27 45 55
27 46 43
27 55 70
27 62 9
27 63 98
27 65 72
27 68 43
27 77 54
27 83 8
27 84 96
27 86 1
27 92 6
27 94 62
27 96 85
28 3 86
28 6 93
28 8 18
28 9 77
28 14 56
28 19 79
28 21 7
28 22 50
28 23 79
28 31 9
28 32 64
28 33 53
28 34 99
28 36 37
28 43 3
28 44 91
28 47 27
28 49 18
28 52 30
28 53 3
28 55 92
28 57 11
28 61 38
28 67 93
28 68 34
28 70 86
28 71 83
28 72 62
28 73 45
28 78 65
28 79 58
28 81 52
28 84 10
28 86 90
28 88 73
28 91 71
28 96 45
28 97 7
28 98 39
29 0 6
29 3 37
29 4 98
29 5 13
29 7 18
29 16 48
29 19 7
29 20 48
29 21 3
29 22 64
29 25 27
29 27 57
29 31 32
29 32 28
29 33 13
29 34 58
29 42 41
29 43 16
29 47 16
29 49 67
29 51 73
29 54 3
29 57 77
29 73 30
29 86 49
30 2 49
30 3 83
30 8 19
30 15 16
30 20 91
30 21 20
30 24 100
30 26 9
30 29 47
30 32 30
30 34 76
30 36 85
30 37 63
30 40 85
30 41 40
30 42 86
30 45 15
30 58 89
30 62 67
30 69 88
30 75 94
30 78 62
30 81 46
30 83 32
30 85 85
30 94 85
30 96 95
31 0 45
31 2 18
31 7 93
31 8 24
31 14 14
31 16 12
31 18 57
31 19 16
31 21 61
31 26 25
31 29 91
31 34 24
31 37 44
31 39 94
31 44 59
31 51 51
31 52 53
31 54 46
31 55 65
31 57 66
31 61 48
31 68 80
31 71 85
31 73 91
31 75 66
31 86 89
31 87 26
31 89 92
31 92 96
31 98 13
31 99 82
32 2 11
32 8 50
32 13 11
32 14 66
32 19 77
32 21 86
32 23 100
32 25 43
32 30 10
32 31 95
32 36 28
32 38 59
32 40 49
32 45 39
32 46 60
32 49 100
32 50 63
32 55 92
32 58 42
32 61 4
32 66 47
32 67 40
32 69 7
32 70 48
32 74 18
32 75 46
32 77 93
32 78 16
32 83 50
32 85 32
32 86 78
32 87 65
32 91 6
32 95 92
32 97 17
33 2 32
33 4 80
33 7 95
33 9 84
33 10 52
33 12 58
33 16 67
33 17 38
33 18 94
33 20 27
33 22 43
33 23 26
33 26 56
33 28 98
33 34 17
33 40 71
33 41 40
33 44 98
33 46 27
33 47 97
33 54 90
33 73 67
33 77 64
33 78 67
33 79 1
33 85 31
33 87 7
33 91 98
33 96 99
33 99 96
34 8 98
34 9 56
34 12 3
34 14 90
34 20 20
34 29 43
34 32 65
34 36 60
34 37 89
34 39 89
34 41 26
34 42 80
34 44 79
34 45 42
34 47 67
34 50 83
34 51 74
34 56 46
34 57 66
34 60 72
34 61 39
34 66 93
34 68 37
34 69 8
34 74 44
34 75 75
34 79 96
34 84 86
34 86 45
34 90 55
34 91 1
34 95 85
34 96 65
34 99 83
35 1 82
35 4 38
35 6 58
35 9 36
35 12 6
35 20 67
35 22 5
35 28 91
35 29 98
35 30 36
35 31 46
35 36 14
35 37 94
35 38 73
35 39 28
35 41 48
35 42 38
35 46 90
35 48 82
35 49 87
35 55 36
35 61 18
35 62 37
35 67 64
35 68 58
35 69 59
35 71 61
35 76 72
35 78 57
35 81 47
35 82 11
35 84 47
35 88 26
35 90 13
35 96 83
35 97 31
36 0 33
36 1 22
36 6 49
36 8 51
36 12 82
36 18 16
36 22 25
36 23 9
36 24 88
36 33 98
36 43 85
36 44 48
36 45 4
36 48 23
36 53 67
36 55 22
36 60 30
36 66 77
36 67 97
36 68 60
36 69 71
36 70 31
36 73 57
36 78 99
36 79 24
36 84 37
36 92 72
37 5 71
37 15 86
37 19 10
37 21 2
37 22 66
37 23 58
37 26 32
37 27 43
37 28 34
37 32 80
37 33 31
37 35 8
37 40 77
37 41 15
37 44 90
37 52 58
37 56 33
37 57 29
37 61 100
37 63 25
37 67 95
37 68 18
37 69 41
37 74 62
37 78 48
37 79 97
37 87 37
37 88 19
37 90 38
37 95 42
38 1 56
38 4 73
38 5 81
38 13 64
38 18 21
38 22 1
38 33 30
38 34 24
38 39 45
38 42 99
38 50 5
38 53 23
38 56 81
38 59 87
38 61 99
38 65 56
38 73 51
38 75 18
38 76 95
38 78 100
38 81 76
38 85 18
38 92 48
38 98 23
39 5 65
39 6 89
39 7 15
39 11 75
39 12 44
39 13 37
39 14 91
39 19 76
39 21 28
39 24 14
39 33 63
39 35 49
39 41 93
39 45 54
39 46 47
39 48 14
39 49 45
39 51 28
39 55 100
39 58 17
39 59 25
39 66 5
39 74 31
39 76 29
39 82 61
39 91 64
39 92 99
39 95 26
39 96 23
39 98 61
40 1 95
40 3 32
40 4 68
40 7 29
40 8 22
40 9 35
40 11 81
40 12 50
40 14 11
40 15 39
40 16 23
40 21 83
40 26 6
40 30 86
40 32 93
40 33 39
40 35 60
40 37 36
40 38 11
40 41 45
40 44 42
40 45 94
40 62 94
40 69 65
40 75 41
40 79 73
40 81 22
40 86 31
40 90 28
40 92 65
40 95 19
40 98 5
41 6 88
41 10 25
41 16 40
41 17 28
41 18 18
41 19 13
41 20 24
41 23 75
41 24 5
41 27 59
41 28 31
41 33 13
41 34 20
41 35 73
41 36 30
41 38 45
41 42 68
41 44 36
41 47 4
41 48 96
41 52 30
41 64 55
41 67 19
41 71 86
41 72 15
41 76 44
41 78 48
41 83 66
41 88 4
41 94 55
41 96 45
42 0 23
42 1 66
42 3 87
42 7 97
42 11 15
42 14 14
42 18 51
42 21 16
42 24 73
42 30 19
42 31 25
42 32 11
42 35 87
42 36 80
42 39 42
42 45 8
42 46 91
42 54 89
42 55 73
42 57 61
42 58 13
42 66 25
42 67 96
42 70 30
42 74 98
42 75 71
42 79 96
42 82 6
42 83 45
42 85 100
42 91 7
42 94 4
42 95 73
42 98 82
43 6 91
43 9 59
43 13 80
43 15 23
43 16 66
43 18 68
43 20 34
43 21 35
43 23 31
43 24 51
43 27 53
43 28 34
43 31 69
43 34 21
43 37 57
43 44 5
43 48 47
43 51 63
43 56 89
43 58 47
43 73 32
43 77 81
43 81 19
43 83 1
43 95 27
43 97 24
44 0 76
44 6 50
44 7 24
44 10 63
44 11 22
44 15 28
44 22 20
44 26 7
44 42 92
44 45 5
44 63 67
44 64 59
44 70 3
44 72 97
44 75 95
44 84 85
44 91 6
44 92 100
44 94 81
44 95 62
45 1 72
45 6 9
45 11 71
45 13 84
45 20 35
45 21 12
45 26 41
45 31 67
45 32 35
45 33 14
45 34 25
45 37 73
45 40 51
45 42 19
45 44 47
45 56 35
45 57 59
45 58 59
45 62 63
45 63 38
45 64 66
45 65 78
45 67 8
45 72 89
45 73 30
45 76 32
45 79 88
45 83 61
45 84 63
45 86 99
45 88 33
45 90 53
45 92 94
45 96 20
46 1 17
46 4 53
46 7 17
46 9 87
46 15 44
46 18 64
46 22 58
46 24 21
46 25 53
46 28 65
46 37 87
46 38 24
46 44 40
46 45 14
46 48 78
46 51 10
46 52 96
46 55 48
46 62 56
46 65 6
46 67 80
46 74 79
46 79 5
46 86 9
46 95 40
46 98 88
47 0 34
47 1 60
47 7 28
47 12 35
47 14 92
47 19 29
47 20 17
47 24 13
47 29 73
47 33 64
47 43 23
47 53 49
47 60 50
47 62 72
47 63 47
47 66 34
47 67 19
47 71 80
47 72 63
47 74 45
47 76 5
47 78 71
47 81 23
47 83 49
47 90 86
47 94 24
48 0 59
48 1 1
48 5 12
48 8 39
48 13 42
48 14 81
48 15 25
48 17 56
48 20 27
48 26 61
48 29 70
48 30 66
48 36 16
48 42 82
48 46 13
48 49 48
48 51 97
48 52 16
48 53 79
48 54 5
48 62 80
48 65 70
48 67 63
48 72 12
48 73 32
48 75 78
48 76 83
48 81 20
48 82 9
48 83 62
48 85 40
48 90 66
48 96 69
49 2 33
49 3 21
49 4 19
49 6 72
49 7 42
49 10 69
49 12 24
49 16 29
49 17 75
49 19 82
49 28 5
49 29 33
49 31 88
49 32 16
49 38 20
49 39 86
49 44 57
49 50 68
49 51 21
49 53 23
49 55 21
49 60 53
49 67 100
49 72 7
49 75 95
49 78 34
49 79 28
49 81 10
49 86 85
49 89 70
49 91 31
49 94 94
49 99 100
50 1 15
50 3 72
50 8 26
50 10 64
50 11 55
50 12 22
50 16 4
50 18 17
50 19 59
50 21 22
50 26 39
50 29 13
50 30 71
50 31 17
50 32 82
50 33 48
50 37 39
50 38 38
50 39 96
50 43 66
50 44 93
50 54 52
50 61 86
50 62 71
50 65 72
50 69 46
50 70 29
50 71 30
50 76 64
50 87 29
50 88 21
50 89 12
51 0 21
51 3 95
51 7 39
51 11 12
51 18 64
51 19 52
51 22 1
51 25 78
51 26 27
51 28 81
51 29 86
51 36 28
51 43 94
51 45 12
51 47 10
51 49 17
51 50 92
51 53 20
51 58 13
51 61 33
51 62 44
51 68 89
51 69 68
51 73 66
51 75 28
51 83 24
51 84 22
51 96 26
51 98 8
52 2 40
52 9 33
52 11 30
52 14 21
52 25 52
52 30 88
52 31 52
52 33 76
52 34 99
52 40 19
52 42 86
52 44 38
52 46 40
52 47 82
52 51 52
52 55 60
52 59 51
52 60 32
52 63 55
52 65 100
52 66 39
52 70 7
52 71 33
52 72 55
52 76 31
52 81 100
52 82 58
52 84 46
52 86 41
52 88 9
52 89 1
52 97 8
53 2 65
53 5 68
53 7 50
53 9 44
53 13 63
53 14 56
53 16 95
53 17 14
53 18 22
53 19 45
53 22 12
53 24 11
53 30 19
53 39 23
53 41 2
53 44 4
53 48 76
53 51 32
53 54 75
53 55 99
53 57 36
53 58 8
53 61 11
53 63 8
53 66 13
53 68 46
53 69 79
53 71 71
53 75 32
53 83 84
53 86 93
53 89 95
53 91 1
53 94 20
53 95 85
53 96 27
53 97 22
53 99 99
54 2 56
54 5 59
54 12 96
54 13 26
54 17 38
54 19 30
54 23 85
54 27 58
54 32 74
54 33 67
54 35 56
54 38 76
54 39 94
54 41 40
54 46 31
54 47 97
54 48 80
54 50 76
54 52 34
54 60 63
54 64 37
54 66 61
54 69 15
54 70 64
54 71 64
54 73 20
54 81 84
54 86 44
54 97 65
54 99 40
55 0 30
55 5 8
55 6 78
55 12 67
55 15 73
55 17 22
55 24 13
55 27 59
55 32 94
55 36 44
55 37 51
55 38 73
55 40 74
55 45 46
55 51 61
55 52 81
55 54 73
55 56 82
55 57 10
55 58 82
55 61 26
55 62 72
55 66 48
55 68 26
55 69 37
55 70 43
55 76 24
55 79 33
55 81 65
55 83 44
55 86 37
55 87 3
55 91 51
55 92 47
55 94 20
55 97 2
56 9 80
56 10 21
56 11 46
56 19 42
56 21 91
56 37 73
56 38 30
56 42 15
56 47 34
56 49 24
56 51 47
56 55 21
56 57 18
56 63 32
56 64 5
56 68 60
56 70 88
56 71 34
56 72 6
56 74 33
56 77 91
56 86 10
56 87 11
56 95 10
56 98 64
57 1 2
57 11 56
57 14 91
57 29 64
57 34 70
57 36 75
57 38 78
57 39 90
57 42 8
57 43 33
57 47 14
57 51 87
57 52 56
57 53 87
57 58 98
57 66 53
57 70 44
57 72 53
57 75 79
57 76 39
57 78 41
57 81 56
57 86 37
57 89 34
57 90 16
57 91 86
57 92 87
57 97 73
58 0 68
58 3 2
58 7 55
58 10 11
58 12 42
58 14 11
58 17 20
58 25 73
58 31 86
58 33 27
58 34 69
58 39 5
58 42 91
58 44 1
58 47 18
58 52 41
58 57 94
58 59 38
58 61 51
58 62 50
58 63 37
58 64 95
58 71 50
58 74 12
58 75 84
58 76 37
58 78 38
58 79 29
58 85 89
58 88 84
58 89 45
58 90 65
59 6 49
59 9 84
59 12 61
59 14 39
59 15 15
59 17 83
59 34 47
59 37 31
59 38 10
59 42 1
59 43 65
59 44 53
59 45 40
59 49 62
59 50 1
59 53 55
59 62 98
59 64 32
59 67 73
59 72 86
59 76 93
59 79 31
59 86 43
59 89 18
59 90 14
59 92 35
59 97 92
59 99 79
60 0 95
60 1 97
60 6 75
60 7 25
60 9 28
60 16 3
60 18 19
60 30 12
60 31 39
60 34 92
60 35 27
60 36 48
60 45 10
60 46 91
60 47 72
60 48 99
60 53 83
60 62 25
60 64 60
60 66 54
60 67 38
60 68 15
60 69 60
60 75 52
60 76 93
60 81 57
60 83 20
60 86 27
60 87 2
60 89 99
60 92 85
60 94 68
60 95 67
60 97 13
61 1 88
61 3 58
61 10 29
61 12 20
61 17 45
61 18 1
61 24 23
61 26 31
61 28 45
61 29 85
61 30 95
61 33 21
61 41 72
61 46 60
61 52 89
61 55 44
61 57 18
61 58 62
61 60 69
61 66 94
61 68 82
61 71 71
61 72 55
61 74 77
61 79 15
61 83 27
61 86 64
61 90 38
61 92 82
61 94 18
61 98 40
61 99 20
62 2 14
62 4 37
62 6 45
62 9 63
62 10 21
62 13 60
62 14 62
62 15 91
62 21 60
62 23 40
62 25 92
62 26 63
62 28 10
62 29 31
62 30 37
62 44 84
62 49 84
62 56 89
62 57 22
62 59 1
62 60 55
62 61 19
62 69 11
62 76 23
62 81 50
62 82 81
62 84 19
62 88 22
62 92 47
62 94 42
62 95 60
62 97 28
63 1 68
63 2 84
63 5 76
63 7 77
63 11 57
63 14 13
63 15 9
63 16 29
63 17 23
63 21 68
63 22 41
63 28 57
63 32 89
63 34 17
63 35 42
63 42 31
63 45 69
63 50 27
63 53 71
63 54 75
63 65 81
63 68 59
63 70 10
63 71 88
63 77 56
63 82 62
63 83 52
63 84 14
63 91 24
63 92 82
63 94 81
63 95 53
63 97 73
63 99 49
64 1 51
64 7 80
64 14 67
64 16 9
64 17 83
64 19 87
64 22 35
64 23 24
64 26 14
64 27 56
64 28 31
64 29 49
64 33 21
64 38 6
64 40 73
64 41 69
64 45 81
64 58 35
64 61 17
64 63 28
64 66 22
64 69 27
64 70 84
64 72 24
64 78 66
64 85 25
64 88 37
64 96 34
65 3 48
65 5 49
65 10 45
65 11 96
65 13 67
65 14 59
65 18 75
65 21 37
65 22 77
65 23 30
65 29 38
65 32 24
65 36 18
65 38 3
65 40 12
65 41 9
65 42 100
65 51 32
65 52 43
65 56 65
65 61 41
65 62 63
65 64 22
65 66 9
65 68 45
65 72 20
65 73 90
65 76 33
65 81 89
65 84 13
65 89 37
65 94 55
65 96 26
65 99 61
66 3 94
66 7 24
66 11 52
66 21 17
66 23 98
66 24 19
66 28 98
66 29 29
66 33 60
66 38 31
66 39 55
66 42 62
66 46 54
66 47 39
66 50 100
66 54 87
66 55 57
66 63 98
66 67 93
66 70 62
66 71 16
66 74 86
66 76 10
66 78 36
66 79 83
66 81 19
66 82 22
66 87 90
66 88 73
66 89 36
66 90 23
66 94 69
66 95 60
66 98 38
67 2 15
67 4 5
67 8 83
67 10 95
67 11 31
67 12 57
67 13 32
67 14 44
67 21 59
67 22 60
67 27 43
67 32 7
67 37 69
67 40 44
67 42 49
67 46 23
67 49 33
67 52 2
67 53 16
67 54 78
67 59 27
67 63 82
67 66 31
67 72 35
67 76 45
67 79 22
67 83 7
67 86 85
68 0 39
68 2 5
68 4 4
68 6 24
68 11 59
68 13 32
68 14 60
68 16 21
68 19 91
68 25 70
68 26 29
68 28 18
68 31 36
68 33 28
68 47 86
68 49 23
68 54 78
68 59 33
68 63 88
68 64 63
68 69 3
68 73 15
68 74 5
68 78 70
68 82 70
68 91 22
68 98 73
69 0 43
69 4 30
69 5 89
69 8 48
69 10 1
69 13 76
69 14 56
69 20 15
69 25 52
69 27 8
69 32 58
69 37 48
69 40 54
69 41 71
69 43 55
69 44 2
69 47 86
69 48 53
69 53 4
69 55 64
69 56 20
69 58 13
69 65 15
69 66 41
69 73 4
69 74 6
69 76 71
69 97 25
69 98 36
70 3 68
70 4 90
70 11 41
70 12 30
70 14 46
70 18 79
70 20 15
70 22 19
70 23 37
70 28 11
70 41 47
70 46 33
70 50 63
70 54 60
70 55 11
70 60 13
70 69 50
70 74 5
70 78 14
70 83 51
70 85 48
70 88 30
70 89 38
70 90 80
70 94 15
70 96 15
71 0 20
71 2 48
71 6 48
71 11 38
71 13 59
71 15 90
71 17 67
71 18 93
71 20 71
71 24 47
71 26 22
71 29 79
71 31 39
71 32 61
71 33 21
71 34 30
71 36 68
71 42 89
71 44 3
71 59 43
71 61 81
71 62 50
71 69 87
71 73 58
71 75 90
71 77 36
71 83 39
71 86 1
71 87 95
71 88 16
71 89 10
71 90 36
72 0 44
72 5 65
72 11 38
72 13 91
72 14 62
72 25 38
72 27 82
72 28 81
72 29 23
72 47 44
72 51 1
72 53 5
72 54 16
72 57 3
72 60 82
72 66 36
72 67 27
72 68 75
72 77 48
72 86 93
72 87 16
72 94 68
72 98 91
72 99 8
73 0 6
73 1 89
73 3 82
73 4 61
73 5 16
73 12 75
73 15 48
73 18 1
73 25 20
73 26 77
73 27 6
73 41 77
73 42 77
73 45 40
73 46 48
73 47 81
73 50 66
73 51 42
73 56 38
73 61 33
73 63 97
73 70 3
73 77 24
73 86 15
73 91 18
73 95 56
73 96 5
73 97 33
73 99 66
74 0 92
74 4 21
74 6 48
74 7 78
74 10 77
74 13 83
74 14 74
74 19 83
74 20 54
74 21 49
74 22 1
74 23 29
74 27 47
74 31 27
74 33 41
74 34 98
74 36 22
74 38 68
74 39 12
74 42 65
74 43 42
74 44 17
74 53 71
74 60 24
74 65 2
74 66 21
74 72 18
74 82 4
74 84 30
74 85 67
74 87 88
74 95 64
75 2 76
75 3 32
75 4 47
75 7 11
75 17 33
75 19 72
75 22 3
75 23 34
75 26 98
75 39 31
75 42 66
75 43 56
75 44 27
75 45 61
75 47 12
75 53 42
75 55 23
75 56 43
75 57 13
75 58 28
75 61 59
75 62 39
75 64 39
75 68 39
75 69 3
75 70 48
75 72 58
75 76 31
75 79 71
75 87 64
75 95 99
75 99 42
76 0 59
76 1 75
76 5 50
76 6 22
76 13 19
76 15 59
76 16 79
76 17 74
76 24 13
76 29 50
76 30 82
76 31 52
76 37 36
76 38 94
76 39 50
76 40 17
76 42 29
76 44 82
76 45 40
76 55 19
76 58 84
76 60 62
76 63 50
76 66 92
76 68 2
76 95 46
76 99 64
77 3 12
77 5 11
77 6 45
77 7 6
77 8 57
77 13 21
77 15 16
77 18 35
77 19 68
77 22 11
77 25 8
77 27 85
77 31 19
77 32 68
77 33 11
77 39 82
77 41 87
77 57 71
77 61 64
77 66 11
77 67 25
77 73 99
77 74 49
77 78 7
77 89 75
77 92 98
77 99 98
78 3 23
78 4 48
78 5 87
78 9 36
78 10 30
78 14 26
78 15 49
78 16 46
78 21 88
78 22 53
78 23 53
78 28 46
78 29 77
78 37 68
78 40 76
78 47 88
78 51 73
78 57 69
78 59 93
78 60 7
78 65 29
78 66 91
78 71 100
78 75 51
78 76 94
78 79 59
78 84 8
78 85 85
78 87 54
78 89 46
78 91 73
79 4 92
79 5 87
79 6 8
79 7 44
79 9 47
79 10 46
79 14 56
79 15 2
79 21 92
79 23 27
79 26 22
79 33 68
79 39 35
79 40 6
79 47 41
79 51 26
79 53 10
79 55 4
79 57 90
79 59 90
79 61 57
79 63 68
79 65 73
79 66 55
79 70 100
79 72 31
79 76 85
79 78 61
79 81 28
79 86 5
79 88 83
79 90 73
79 96 33
79 98 4
81 0 15
81 1 94
81 4 20
81 12 100
81 22 68
81 23 19
81 24 39
81 27 3
81 29 94
81 39 4
81 40 30
81 41 29
81 49 45
81 50 20
81 51 82
81 59 14
81 60 72
81 67 48
81 68 13
81 69 80
81 70 1
81 74 33
81 77 19
81 79 73
81 83 74
81 87 54
81 89 18
81 91 33
81 99 27
82 0 14
82 1 35
82 2 84
82 4 77
82 5 95
82 8 34
82 12 48
82 16 41
82 17 7
82 20 2
82 37 34
82 39 4
82 41 90
82 53 71
82 56 18
82 62 14
82 70 85
82 71 80
82 76 36
82 81 21
82 88 55
82 90 41
82 92 66
82 98 41
82 99 55
83 2 13
83 3 10
83 4 7
83 5 62
83 9 40
83 14 84
83 15 83
83 17 32
83 20 31
83 24 42
83 25 61
83 27 22
83 32 31
83 33 2
83 40 78
83 43 9
83 44 45
83 49 16
83 51 3
83 52 10
83 56 31
83 61 54
83 70 20
83 76 32
83 82 58
83 86 49
83 89 95
83 91 13
83 92 25
83 95 49
83 98 77
83 99 68
84 1 95
84 3 14
84 6 89
84 8 89
84 9 73
84 18 47
84 19 94
84 20 95
84 28 48
84 29 80
84 30 45
84 34 83
84 38 16
84 41 8
84 42 19
84 44 54
84 47 10
84 48 37
84 49 34
84 56 23
84 57 44
84 60 100
84 61 5
84 68 36
84 73 30
84 76 79
84 78 72
84 87 35
84 88 89
84 98 13
84 99 17
85 9 63
85 11 99
85 15 75
85 17 33
85 20 49
85 22 17
85 26 95
85 28 35
85 30 50
85 31 14
85 32 90
85 34 12
85 35 4
85 39 16
85 51 94
85 52 49
85 59 4
85 62 89
85 65 64
85 67 63
85 69 62
85 73 66
85 76 82
85 81 99
85 83 18
85 89 76
85 92 96
85 94 46
85 97 3
86 3 54
86 9 86
86 11 46
86 13 29
86 14 24
86 16 10
86 17 36
86 21 89
86 22 17
86 29 70
86 30 18
86 34 13
86 36 59
86 41 67
86 50 91
86 56 55
86 57 30
86 59 68
86 60 96
86 61 98
86 64 86
86 66 75
86 72 87
86 74 87
86 76 23
86 78 42
86 79 70
86 89 91
86 95 35
86 98 69
87 4 62
87 5 13
87 7 59
87 9 72
87 17 77
87 23 71
87 25 31
87 27 48
87 29 65
87 37 2
87 41 62
87 46 22
87 47 23
87 48 70
87 49 4
87 56 33
87 57 21
87 59 36
87 60 27
87 61 100
87 64 59
87 67 67
87 69 28
87 72 80
87 75 93
87 78 29
87 79 83
87 81 36
87 84 11
87 92 22
87 94 57
87 96 65
87 97 86
87 98 95
88 0 88
88 1 40
88 3 54
88 4 33
88 7 51
88 14 90
88 17 37
88 18 84
88 20 82
88 21 96
88 23 4
88 24 5
88 26 66
88 29 42
88 40 6
88 42 12
88 46 80
88 47 12
88 50 70
88 54 59
88 55 97
88 58 66
88 63 6
88 67 61
88 70 81
88 72 54
88 74 95
88 75 38
88 81 13
88 82 24
88 83 47
88 95 26
88 96 60
88 98 15
88 99 10
89 4 30
89 6 20
89 19 92
89 22 90
89 25 33
89 30 7
89 33 86
89 34 45
89 40 84
89 45 38
89 47 56
89 50 87
89 52 91
89 53 97
89 58 80
89 64 41
89 77 32
89 86 66
89 87 16
89 91 47
90 2 35
90 6 96
90 7 4
90 13 25
90 16 31
90 21 8
90 23 65
90 26 33
90 28 9
90 31 88
90 32 75
90 33 91
90 36 1
90 37 3
90 38 31
90 42 93
90 43 36
90 44 8
90 45 54
90 46 73
90 47 72
90 48 49
90 52 71
90 57 24
90 59 13
90 63 13
90 65 30
90 66 60
90 70 66
90 71 81
90 72 14
90 79 87
90 81 47
90 83 20
90 99 95
91 1 37
91 8 16
91 10 96
91 14 58
91 15 34
91 18 17
91 19 23
91 21 27
91 25 47
91 32 54
91 33 77
91 34 69
91 35 58
91 37 98
91 45 66
91 51 14
91 52 40
91 56 48
91 59 53
91 60 62
91 61 43
91 63 98
91 66 45
91 68 25
91 82 100
91 85 31
91 87 68
91 90 50
91 95 99
91 98 88
92 2 20
92 3 76
92 4 85
92 6 68
92 17 25
92 18 64
92 21 37
92 22 44
92 25 67
92 26 100
92 29 81
92 30 49
92 36 59
92 39 2
92 40 25
92 41 98
92 45 61
92 47 82
92 50 60
92 55 29
92 60 33
92 63 66
92 64 13
92 68 20
92 71 10
92 73 35
92 74 22
92 79 86
92 85 35
92 87 61
92 89 22
92 90 58
92 94 12
94 4 1
94 10 7
94 11 36
94 15 48
94 18 45
94 29 10
94 32 91
94 35 18
94 36 73
94 40 69
94 41 97
94 42 40
94 44 40
94 46 59
94 48 38
94 52 51
94 56 91
94 58 59
94 62 15
94 68 12
94 69 44
94 71 19
94 73 41
94 76 40
94 77 23
94 78 27
94 79 89
94 81 48
94 82 38
94 83 99
94 87 91
95 0 1
95 1 25
95 3 45
95 4 91
95 10 99
95 11 14
95 13 44
95 14 56
95 16 35
95 18 69
95 29 30
95 30 95
95 32 93
95 33 42
95 44 98
95 48 42
95 51 33
95 55 5
95 58 89
95 61 33
95 62 65
95 64 45
95 66 57
95 68 21
95 70 61
95 71 73
95 73 24
95 75 63
95 79 76
95 84 20
95 90 67
96 2 2
96 8 86
96 11 24
96 19 38
96 20 85
96 21 69
96 22 23
96 23 23
96 25 69
96 33 63
96 34 74
96 36 84
96 37 61
96 40 45
96 46 100
96 47 17
96 53 65
96 59 36
96 64 99
96 66 54
96 70 3
96 71 4
96 72 18
96 73 72
96 78 78
96 82 69
96 83 42
96 89 33
96 98 90
97 1 90
97 15 32
97 17 58
97 22 42
97 26 48
97 27 12
97 29 50
97 32 63
97 33 95
97 36 45
97 37 84
97 38 5
97 50 92
97 58 65
97 62 80
97 65 68
97 79 44
97 86 32
97 87 97
97 90 55
97 96 33
98 3 64
98 4 83
98 5 100
98 7 87
98 9 68
98 10 32
98 18 55
98 24 72
98 25 1
98 26 54
98 37 63
98 38 21
98 39 68
98 41 21
98 45 92
98 57 80
98 66 15
98 68 61
98 70 86
98 72 98
98 75 95
98 86 54
98 87 46
98 89 33
98 90 45
98 92 4
98 96 49
99 8 88
99 10 96
99 11 13
99 14 7
99 15 75
99 19 78
99 20 67
99 24 61
99 25 8
99 26 78
99 28 30
99 36 9
99 37 20
99 38 95
99 41 24
99 42 3
99 44 66
99 48 58
99 50 59
99 55 69
99 60 3
99 65 97
99 70 69
99 77 85
99 79 18
99 89 99
99 95 45
99 96 82
99 97 12
80 3 44
80 6 23
80 15 89
80 18 49
80 22 60
80 26 98
80 28 28
80 31 58
80 33 77
80 41 26
80 44 84
80 51 17
80 53 26
80 54 59
80 55 81
80 57 87
80 58 65
80 65 4
80 66 96
80 69 69
80 71 27
80 73 64
80 76 3
80 78 24
80 79 44
80 84 48
80 85 11
80 89 42
80 90 31
80 92 37
80 93 96
80 94 37
80 98 8
80 99 15
7 93 34
8 93 59
9 93 86
14 93 80
18 93 95
22 93 66
25 93 49
28 93 47
29 93 26
30 93 5
32 93 67
35 93 48
41 93 37
46 93 17
52 93 62
53 93 24
56 93 63
59 93 99
61 93 10
63 93 84
71 93 15
74 93 45
75 93 64
77 93 96
79 93 77
81 93 98
83 93 73
85 93 22
86 93 60
99 93 3
