5
18
0 1 83
0 2 56
0 3 11
0 4 39
0 6 12
0 7 30
0 9 84
0 10 27
0 11 26
0 12 47
0 13 46
0 14 31
0 15 37
0 16 11
0 17 43
0 19 58
0 21 47
0 22 48
0 23 42
0 24 1
0 25 20
0 26 19
0 27 16
0 28 4
0 29 35
0 30 22
0 31 47
0 32 59
0 33 75
0 35 24
0 36 46
0 37 48
0 38 6
0 39 40
1 0 41
1 2 61
1 3 51
1 4 75
1 6 17
1 7 87
1 8 97
1 9 4
1 10 56
1 11 14
1 12 25
1 13 72
1 14 16
1 15 34
1 16 42
1 17 35
1 19 66
1 20 96
1 21 97
1 22 45
1 23 40
1 24 91
1 25 92
1 26 14
1 27 4
1 28 28
1 29 13
1 30 11
1 31 70
1 32 48
1 33 55
1 34 97
1 37 66
1 38 90
1 39 52
2 0 81
2 1 49
2 3 17
2 4 63
2 6 54
2 7 24
2 8 41
2 9 1
2 10 10
2 11 10
2 12 3
2 13 32
2 14 11
2 15 77
2 17 44
2 19 2
2 20 59
2 21 85
2 23 92
2 24 64
2 25 89
2 26 37
2 27 62
2 29 27
2 30 42
2 31 2
2 32 8
2 33 6
2 34 87
2 35 83
2 36 37
2 37 23
2 38 34
2 39 91
3 0 81
3 1 40
3 2 2
3 4 67
3 6 77
3 7 3
3 8 24
3 9 6
3 10 58
3 11 46
3 12 67
3 14 76
3 15 95
3 16 24
3 17 76
3 19 3
3 20 96
3 21 68
3 22 3
3 24 56
3 26 64
3 27 3
3 28 91
3 29 16
3 30 11
3 31 54
3 32 49
3 34 89
3 35 31
3 37 56
3 38 27
3 39 65
4 0 27
4 1 9
4 2 2
4 3 10
4 6 24
4 7 72
4 8 78
4 9 30
4 10 59
4 11 37
4 12 38
4 13 57
4 14 16
4 15 70
4 17 51
4 19 83
4 20 88
4 21 35
4 22 34
4 23 84
4 24 66
4 25 19
4 26 10
4 27 37
4 28 25
4 29 95
4 30 37
4 31 80
4 32 65
4 33 93
4 34 68
4 35 4
4 36 4
4 37 63
4 38 31
4 39 64
6 0 33
6 1 77
6 2 24
6 3 30
6 4 77
6 7 84
6 8 70
6 9 41
6 10 85
6 11 93
6 12 73
6 13 83
6 14 56
6 15 71
6 16 33
6 17 59
6 19 79
6 20 39
6 21 1
6 22 8
6 23 98
6 24 88
6 25 40
6 26 44
6 27 59
6 28 93
6 29 59
6 30 47
6 31 61
6 32 88
6 34 28
6 35 93
6 36 72
6 37 44
6 38 13
7 0 6
7 1 53
7 2 49
7 3 3
7 4 42
7 6 15
7 8 10
7 9 19
7 10 92
7 11 75
7 13 70
7 14 61
7 15 50
7 16 36
7 17 60
7 20 15
7 21 70
7 22 83
7 24 55
7 25 2
7 26 96
7 27 14
7 29 67
7 30 1
7 31 43
7 32 3
7 33 23
7 34 46
7 35 58
7 36 16
7 39 87
8 0 85
8 1 98
8 2 87
8 4 82
8 6 15
8 7 90
8 10 25
8 12 44
8 14 79
8 15 100
8 16 58
8 17 11
8 20 65
8 21 25
8 23 65
8 24 10
8 26 63
8 27 90
8 28 45
8 29 26
8 30 78
8 31 66
8 32 83
8 34 91
8 36 40
8 37 61
8 38 23
8 39 78
9 0 74
9 1 80
9 2 77
9 3 73
9 4 71
9 6 95
9 7 95
9 8 40
9 10 26
9 11 68
9 12 31
9 13 62
9 14 12
9 15 20
9 16 90
9 17 43
9 19 99
9 20 59
9 21 2
9 22 61
9 23 49
9 24 10
9 25 80
9 26 83
9 27 17
9 28 52
9 29 6
9 30 98
9 31 55
9 32 1
9 33 52
9 34 21
9 35 36
9 36 20
9 37 10
9 38 67
9 39 48
10 0 49
10 1 3
10 2 38
10 3 5
10 4 24
10 6 21
10 7 62
10 8 6
10 9 62
10 12 83
10 13 88
10 14 89
10 15 7
10 16 20
10 17 15
10 19 14
10 20 62
10 21 36
10 22 66
10 23 70
10 24 23
10 25 100
10 26 82
10 27 9
10 28 43
10 30 64
10 32 17
10 33 76
10 34 81
10 35 84
10 36 7
10 37 6
10 38 15
10 39 81
11 0 93
11 1 39
11 2 92
11 3 91
11 4 31
11 6 6
11 7 99
11 8 49
11 9 83
11 10 96
11 12 41
11 14 88
11 15 10
11 16 51
11 17 56
11 19 23
11 20 69
11 21 69
11 22 7
11 23 97
11 24 26
11 26 77
11 27 30
11 28 29
11 29 21
11 30 51
11 31 31
11 32 99
11 33 100
11 34 55
11 35 90
11 37 62
11 38 30
11 39 38
12 0 51
12 1 15
12 2 65
12 3 7
12 4 71
12 6 59
12 7 84
12 9 76
12 10 33
12 11 50
12 13 99
12 14 44
12 15 21
12 16 61
12 17 79
12 19 93
12 20 87
12 21 95
12 22 46
12 24 7
12 25 13
12 26 45
12 27 76
12 28 58
12 29 94
12 30 79
12 31 72
12 32 57
12 33 12
12 34 97
12 35 10
12 36 20
12 38 74
12 39 9
13 0 84
13 1 74
13 2 41
13 3 86
13 4 11
13 6 72
13 7 47
13 8 91
13 9 62
13 10 45
13 11 70
13 14 54
13 15 61
13 16 70
13 17 14
13 19 35
13 20 78
13 21 46
13 22 55
13 23 51
13 24 26
13 25 21
13 27 100
13 28 48
13 29 11
13 33 14
13 34 76
13 35 38
13 36 21
13 37 30
13 38 96
13 39 99
14 0 23
14 1 76
14 2 92
14 3 10
14 4 98
14 6 37
14 7 9
14 8 21
14 9 60
14 10 6
14 11 74
14 12 19
14 13 72
14 15 21
14 16 42
14 17 80
14 19 1
14 20 19
14 21 88
14 22 84
14 23 32
14 24 46
14 25 73
14 27 18
14 28 29
14 29 9
14 30 33
14 33 79
14 34 33
14 35 56
14 36 27
14 37 56
14 38 68
14 39 48
15 0 27
15 1 42
15 2 71
15 3 34
15 4 89
15 6 46
15 9 88
15 10 79
15 12 48
15 13 52
15 14 20
15 16 75
15 17 92
15 19 51
15 20 46
15 21 43
15 22 7
15 23 41
15 24 85
15 25 46
15 26 92
15 27 92
15 28 27
15 29 21
15 31 3
15 32 49
15 33 43
15 34 65
15 35 17
15 36 14
15 37 29
15 38 71
15 39 57
16 0 98
16 1 66
16 2 17
16 3 53
16 4 100
16 6 97
16 7 99
16 8 29
16 9 45
16 10 83
16 11 98
16 12 76
16 13 78
16 15 4
16 17 48
16 19 75
16 20 43
16 21 34
16 23 97
16 24 57
16 25 98
16 26 24
16 27 93
16 28 65
16 29 91
16 30 38
16 31 91
16 32 95
16 33 94
16 34 98
16 35 97
16 36 36
16 38 39
16 39 59
17 0 70
17 1 90
17 2 59
17 3 55
17 4 46
17 6 83
17 7 63
17 9 54
17 10 34
17 11 26
17 12 88
17 13 92
17 14 47
17 15 1
17 16 51
17 19 100
17 20 1
17 21 50
17 22 54
17 23 96
17 24 18
17 25 2
17 26 2
17 27 13
17 28 63
17 29 46
17 30 90
17 32 52
17 33 48
17 34 42
17 35 22
17 36 67
17 37 84
17 38 23
19 1 13
19 2 20
19 4 25
19 6 60
19 7 61
19 9 86
19 10 49
19 11 89
19 12 23
19 14 89
19 15 7
19 17 79
19 20 14
19 21 72
19 22 24
19 23 35
19 24 11
19 25 84
19 26 100
19 27 85
19 28 19
19 29 82
19 30 34
19 31 14
19 32 100
19 33 14
19 34 66
19 35 22
19 36 86
19 37 33
19 38 26
19 39 33
20 0 76
20 2 95
20 3 30
20 4 75
20 6 2
20 7 85
20 8 83
20 9 46
20 10 62
20 11 82
20 12 31
20 13 58
20 15 8
20 16 69
20 17 2
20 19 77
20 21 18
20 22 17
20 23 89
20 25 92
20 27 43
20 28 59
20 29 24
20 30 21
20 32 67
20 33 46
20 34 49
20 35 82
20 37 90
20 39 62
21 0 74
21 2 5
21 3 57
21 4 67
21 6 13
21 7 63
21 8 33
21 10 46
21 11 73
21 12 100
21 13 91
21 14 47
21 15 45
21 16 43
21 17 6
21 20 44
21 22 47
21 23 82
21 24 52
21 25 39
21 26 87
21 27 6
21 30 78
21 31 80
21 32 26
21 33 24
21 34 60
21 35 39
21 37 70
21 38 27
21 39 50
22 0 97
22 1 13
22 2 73
22 3 34
22 4 34
22 6 67
22 7 72
22 8 75
22 9 67
22 10 12
22 11 50
22 12 31
22 13 73
22 14 69
22 16 5
22 17 92
22 19 26
22 20 33
22 23 56
22 24 95
22 25 93
22 26 42
22 27 99
22 30 60
22 31 29
22 32 86
22 33 38
22 35 13
22 36 76
22 37 81
22 38 1
22 39 19
23 1 89
23 2 99
23 3 49
23 4 48
23 6 57
23 8 32
23 9 57
23 10 28
23 11 99
23 13 58
23 14 14
23 16 48
23 20 81
23 21 27
23 22 58
23 24 73
23 25 14
23 26 5
23 27 25
23 28 31
23 30 43
23 31 17
23 32 31
23 33 48
23 34 78
23 35 12
23 37 44
23 38 64
24 0 20
24 1 70
24 2 88
24 3 78
24 4 52
24 6 81
24 7 6
24 8 87
24 9 4
24 10 61
24 14 31
24 15 78
24 16 59
24 17 77
24 19 4
24 20 38
24 21 18
24 22 16
24 23 8
24 25 6
24 26 89
24 27 41
24 28 81
24 29 100
24 30 18
24 31 58
24 32 24
24 34 8
24 35 29
24 36 2
24 37 59
24 38 99
24 39 50
25 0 35
25 1 62
25 2 61
25 3 32
25 4 35
25 6 16
25 7 33
25 8 80
25 9 33
25 10 37
25 11 6
25 12 50
25 13 53
25 16 58
25 17 92
25 21 18
25 22 67
25 23 15
25 24 48
25 26 99
25 27 46
25 28 3
25 29 25
25 30 3
25 31 20
25 32 45
25 34 25
25 35 57
25 36 63
25 37 20
25 38 57
25 39 76
26 0 93
26 1 36
26 4 56
26 6 42
26 7 24
26 8 57
26 9 9
26 10 95
26 11 3
26 12 93
26 13 49
26 14 62
26 15 32
26 16 29
26 17 98
26 19 64
26 20 40
26 21 12
26 22 99
26 23 66
26 25 64
26 27 91
26 29 88
26 30 58
26 31 10
26 32 45
26 33 83
26 35 88
26 36 24
26 37 84
26 38 50
26 39 73
27 0 19
27 1 67
27 2 54
27 3 100
27 4 25
27 6 80
27 7 77
27 8 64
27 9 4
27 10 98
27 11 19
27 12 37
27 13 96
27 14 60
27 15 85
27 16 34
27 17 2
27 19 6
27 20 12
27 21 17
27 22 40
27 23 21
27 24 71
27 25 87
27 26 100
27 28 80
27 29 96
27 30 93
27 31 12
27 32 65
27 33 7
27 34 15
27 35 10
27 36 9
27 37 6
27 38 77
27 39 17
28 0 53
28 1 41
28 2 45
28 3 79
28 6 97
28 7 75
28 8 28
28 9 10
28 10 96
28 11 75
28 12 59
28 13 31
28 14 66
28 15 57
28 16 19
28 17 95
28 20 85
28 21 34
28 22 13
28 23 12
28 24 31
28 25 10
28 26 35
28 27 70
28 29 47
28 30 23
28 32 29
28 33 63
28 34 20
28 35 84
28 36 43
28 37 22
28 38 4
28 39 6
29 0 13
29 1 96
29 2 33
29 3 38
29 6 62
29 7 37
29 8 43
29 9 42
29 10 99
29 12 83
29 13 89
29 15 80
29 17 66
29 19 80
29 20 13
29 21 65
29 23 36
29 24 27
29 25 33
29 26 46
29 28 26
29 30 73
29 31 56
29 32 12
29 33 84
29 34 53
29 35 96
29 36 41
29 37 59
29 38 32
29 39 38
30 0 44
30 1 4
30 2 30
30 4 64
30 6 84
30 7 66
30 8 88
30 9 12
30 10 29
30 13 42
30 14 18
30 15 37
30 16 70
30 17 17
30 19 98
30 20 35
30 21 49
30 22 100
30 23 67
30 24 59
30 25 88
30 26 65
30 27 49
30 28 99
30 29 36
30 31 8
30 32 31
30 33 53
30 34 98
30 35 17
30 36 66
30 37 31
30 38 70
30 39 36
31 1 87
31 2 41
31 3 50
31 4 28
31 6 42
31 7 98
31 8 90
31 9 8
31 10 98
31 11 66
31 12 6
31 14 37
31 15 3
31 16 79
31 17 46
31 19 97
31 20 82
31 21 40
31 22 12
31 23 18
31 24 37
31 25 61
31 27 22
31 29 74
31 30 85
31 32 92
31 33 30
31 34 95
31 35 27
31 36 92
31 37 95
31 38 19
31 39 68
32 0 45
32 1 12
32 2 65
32 3 9
32 4 70
32 6 93
32 7 97
32 8 3
32 10 81
32 12 2
32 13 86
32 14 18
32 15 92
32 16 92
32 19 87
32 20 71
32 22 2
32 23 51
32 24 56
32 26 20
32 27 6
32 28 83
32 29 60
32 30 64
32 31 78
32 33 64
32 34 50
32 35 59
32 36 47
32 37 33
32 38 13
32 39 43
33 0 66
33 2 14
33 3 65
33 4 29
33 6 88
33 7 49
33 8 70
33 9 56
33 10 2
33 11 30
33 12 36
33 13 89
33 14 20
33 15 20
33 16 23
33 17 73
33 19 61
33 20 10
33 21 87
33 23 38
33 24 46
33 25 12
33 26 81
33 27 47
33 28 98
33 29 75
33 30 80
33 31 15
33 32 12
33 34 58
33 35 100
33 37 50
33 38 40
33 39 54
34 0 89
34 1 19
34 2 87
34 3 50
34 4 24
34 6 1
34 8 67
34 9 87
34 10 36
34 11 54
34 12 51
34 13 100
34 14 35
34 15 5
34 16 20
34 17 89
34 19 54
34 20 70
34 21 60
34 22 43
34 23 4
34 24 1
34 25 6
34 26 31
34 27 10
34 28 68
34 29 48
34 30 95
34 31 8
34 32 5
34 33 39
34 35 21
34 36 54
34 37 7
34 38 31
35 0 23
35 1 32
35 2 93
35 3 82
35 4 84
35 6 85
35 7 98
35 8 21
35 9 50
35 10 85
35 11 11
35 12 17
35 13 19
35 14 24
35 15 3
35 16 11
35 17 90
35 19 14
35 21 18
35 23 30
35 24 13
35 25 84
35 26 50
35 27 31
35 28 87
35 30 98
35 31 4
35 32 77
35 34 44
35 36 45
35 37 67
35 38 83
36 0 70
36 1 39
36 2 92
36 3 64
36 4 29
36 6 82
36 7 66
36 8 69
36 9 98
36 10 51
36 11 58
36 12 76
36 13 5
36 15 4
36 16 19
36 17 30
36 19 6
36 21 84
36 22 63
36 23 76
36 24 7
36 26 21
36 27 8
36 28 2
36 29 70
36 30 13
36 31 43
36 32 43
36 33 50
36 34 33
36 35 71
36 37 49
36 38 10
36 39 33
37 0 30
37 1 41
37 2 92
37 3 59
37 4 70
37 6 60
37 7 81
37 8 48
37 9 18
37 10 43
37 11 3
37 12 70
37 13 90
37 14 87
37 15 4
37 16 15
37 17 1
37 19 77
37 20 14
37 21 56
37 22 23
37 23 52
37 24 68
37 25 51
37 26 70
37 27 86
37 28 11
37 29 75
37 30 47
37 31 19
37 32 58
37 33 76
37 34 83
37 35 100
37 36 94
37 38 19
38 0 34
38 1 51
38 2 40
38 3 89
38 4 95
38 6 87
38 7 44
38 8 99
38 9 26
38 11 97
38 12 8
38 13 75
38 14 50
38 15 1
38 17 30
38 19 100
38 20 51
38 21 80
38 22 5
38 23 39
38 24 78
38 25 16
38 26 75
38 28 20
38 29 2
38 30 3
38 31 13
38 32 95
38 33 11
38 34 100
38 36 78
38 37 55
38 39 20
39 0 40
39 1 52
39 2 19
39 3 38
39 6 72
39 7 59
39 9 71
39 11 21
39 12 22
39 13 67
39 14 83
39 15 37
39 16 83
39 17 74
39 20 87
39 21 97
39 22 9
39 23 59
39 24 28
39 25 100
39 26 58
39 27 95
39 28 85
39 29 36
39 30 8
39 31 58
39 32 22
39 33 73
39 34 82
39 35 14
39 36 45
39 37 31
39 38 42
5 0 8
5 1 17
5 2 52
5 3 30
5 4 47
5 6 66
5 7 77
5 8 91
5 9 17
5 10 55
5 11 38
5 12 93
5 14 64
5 15 25
5 16 19
5 17 98
5 18 100
5 19 62
5 21 53
5 22 74
5 23 87
5 25 3
5 26 13
5 27 74
5 28 61
5 29 37
5 30 42
5 31 7
5 32 93
5 33 18
5 35 97
5 36 30
5 37 10
5 38 62
5 39 45
2 18 22
3 18 35
4 18 73
6 18 5
7 18 49
9 18 70
10 18 91
11 18 80
12 18 44
13 18 60
14 18 60
15 18 91
16 18 9
17 18 91
19 18 99
20 18 96
21 18 47
22 18 57
23 18 47
24 18 26
25 18 92
26 18 94
27 18 42
28 18 79
30 18 73
31 18 51
32 18 73
33 18 75
34 18 12
35 18 31
36 18 28
37 18 98
38 18 62
39 18 29
