13
52
106 90 94
32 62 61
20 119 9
3 40 6
55 3 59
105 96 8
70 112 12
29 84 63
32 114 14
64 21 55
103 20 48
104 57 61
32 33 18
57 68 18
5 2 58
35 95 65
35 74 21
60 67 77
54 55 29
67 106 44
58 32 27
115 19 15
95 111 46
24 119 58
9 115 21
111 68 47
48 112 45
62 56 15
34 11 45
83 114 95
68 98 49
89 99 46
88 113 41
108 20 60
119 118 57
109 43 72
19 32 32
97 100 42
68 82 80
7 62 14
59 40 56
113 59 96
38 31 81
34 100 8
10 55 62
59 104 34
18 86 6
96 113 51
7 100 15
73 23 74
86 103 66
115 8 66
104 42 41
25 65 56
7 104 81
15 80 28
18 40 25
62 41 90
115 85 49
29 60 86
88 41 32
25 29 69
72 100 28
53 55 58
72 96 61
0 1 71
112 49 59
94 92 69
27 8 42
63 62 13
60 39 63
46 100 22
26 103 85
17 39 92
6 33 52
3 64 69
25 63 39
91 26 5
25 86 66
90 84 32
59 107 4
114 54 3
95 112 37
113 75 38
111 57 78
14 89 22
25 118 57
8 108 45
58 72 63
53 40 28
16 29 52
12 72 10
74 34 73
26 7 22
77 72 81
7 60 69
67 90 33
53 29 9
33 108 90
40 95 13
41 63 52
23 68 38
67 116 7
117 18 74
56 18 56
80 42 56
62 14 74
92 112 57
72 83 11
66 101 87
33 70 36
106 87 26
111 40 37
36 21 38
97 81 36
20 65 25
3 117 15
114 45 11
56 113 87
68 119 42
53 20 21
18 34 89
101 80 93
41 27 35
117 56 17
86 23 25
62 18 26
69 29 8
46 45 2
9 41 93
24 59 26
26 55 52
38 55 43
77 95 23
99 21 57
39 114 51
47 111 58
51 43 31
89 58 87
54 96 8
18 87 28
44 96 60
23 105 19
24 86 84
98 55 18
102 55 90
23 95 74
33 10 23
95 38 91
97 63 70
32 112 34
101 95 79
38 59 96
29 56 100
68 118 42
55 63 85
26 102 97
99 84 36
111 29 34
47 3 9
103 5 92
90 57 46
4 62 11
88 21 18
61 57 40
54 116 85
57 114 19
8 2 20
79 25 39
72 3 90
96 4 17
58 116 49
68 30 4
118 2 86
15 63 69
70 110 36
64 91 91
6 85 10
70 69 90
31 4 2
23 108 22
79 8 92
27 108 27
29 104 27
94 85 20
45 24 58
84 72 57
112 98 71
77 64 40
102 54 38
111 78 13
90 2 36
32 104 22
48 27 63
3 61 61
93 29 80
110 107 63
96 25 60
113 32 6
32 42 98
7 96 87
111 25 100
15 74 86
116 22 70
76 39 65
3 87 88
89 116 4
114 28 86
89 69 95
31 48 44
3 34 81
54 61 77
106 94 22
88 25 5
60 106 76
65 60 47
20 44 52
24 32 83
112 56 11
60 36 47
109 5 97
109 116 52
115 93 34
83 117 9
92 116 74
6 11 44
72 69 59
85 82 26
76 55 86
8 73 22
114 6 42
84 79 8
78 49 56
67 16 24
60 61 73
100 54 1
36 43 1
91 17 56
89 118 2
32 78 92
50 19 79
98 38 16
73 84 55
25 89 39
31 30 46
109 33 95
50 104 16
61 17 4
46 109 23
83 58 13
24 109 16
111 119 52
45 56 91
112 109 2
43 67 53
107 111 37
89 64 45
93 61 97
22 35 12
36 103 58
103 55 23
84 82 15
114 91 67
4 26 78
107 66 40
14 84 82
94 75 85
56 67 31
114 110 82
81 97 78
0 60 28
17 59 14
74 42 47
34 2 88
101 4 25
54 44 84
104 91 87
5 105 74
49 72 52
0 37 82
108 1 92
49 104 100
89 12 70
70 29 1
65 118 61
72 21 19
60 6 18
106 55 8
99 95 84
91 101 83
101 117 44
62 90 50
104 11 32
113 107 7
29 115 97
38 67 12
48 90 94
17 107 30
32 30 54
75 0 7
96 19 85
92 33 11
46 76 95
6 108 72
93 109 98
39 100 10
68 1 36
14 94 52
49 2 16
87 35 26
56 32 44
57 80 77
97 103 2
55 116 28
36 58 35
107 41 55
109 57 21
43 26 47
105 60 60
29 39 94
63 99 82
2 17 52
106 27 54
14 60 23
116 34 100
1 16 23
113 54 48
66 78 34
28 50 33
74 100 47
98 86 88
32 69 88
24 80 46
94 64 98
11 41 31
84 99 48
75 45 14
21 15 55
70 78 42
95 55 15
85 71 12
0 84 89
97 1 95
69 47 67
7 17 66
107 76 83
18 7 80
85 58 39
79 51 62
0 70 72
55 82 50
49 36 73
60 107 99
24 84 89
115 56 51
29 64 12
33 112 55
50 73 5
58 56 51
70 56 45
42 71 98
20 111 94
8 91 67
46 70 40
57 60 48
32 34 58
75 71 41
84 2 7
51 44 64
112 101 71
38 42 13
56 19 91
35 66 7
21 56 41
92 7 56
41 38 97
113 119 89
4 30 19
81 2 18
99 91 28
98 57 69
66 1 91
89 3 93
110 5 14
100 76 17
6 38 12
70 83 38
27 49 83
8 44 82
110 117 27
78 65 58
89 76 38
87 31 30
111 80 15
25 42 71
28 22 51
8 48 79
17 15 10
98 95 49
56 108 64
31 116 43
76 61 28
88 14 76
86 107 40
115 112 22
29 61 94
77 73 94
64 60 27
91 49 64
73 59 80
102 80 67
7 85 18
55 95 98
2 45 84
41 49 13
91 87 94
99 109 98
36 33 33
10 72 98
33 102 52
78 103 2
46 107 45
6 27 54
32 36 52
53 99 75
4 77 14
96 105 33
102 20 65
28 102 68
100 3 51
81 68 76
92 3 84
3 43 1
115 5 16
11 35 41
98 116 96
109 1 75
26 65 9
73 96 90
46 105 4
118 96 36
94 93 39
27 75 95
74 7 21
66 14 20
65 92 5
69 34 16
90 8 9
16 61 7
113 5 65
103 47 76
98 54 27
26 93 40
94 96 29
91 19 8
98 90 44
116 76 12
19 80 70
88 53 51
83 93 82
14 101 26
34 61 62
4 27 15
99 62 7
101 53 86
27 102 52
115 4 69
104 12 93
115 24 35
22 34 41
76 73 27
78 44 53
60 58 74
40 105 72
25 41 6
63 33 97
73 108 17
22 30 44
17 57 80
14 15 18
106 20 44
59 91 24
45 68 96
86 42 55
41 78 10
80 91 1
106 112 27
22 84 58
112 3 100
118 3 27
3 65 76
36 94 13
60 64 90
108 24 14
99 46 42
115 60 30
83 23 48
26 3 84
24 74 100
34 115 43
42 51 73
48 40 38
58 95 37
88 61 84
1 23 91
9 46 37
87 26 47
44 22 93
5 9 47
79 37 10
55 90 88
4 76 54
21 61 3
116 65 88
3 83 93
61 26 23
66 77 48
112 81 4
0 6 38
91 58 12
103 115 42
60 57 90
34 53 76
93 90 81
47 6 15
68 8 90
119 72 50
113 103 51
76 9 69
7 94 32
79 48 18
119 66 13
25 119 81
113 19 62
79 11 76
75 33 9
45 40 10
32 40 12
64 58 48
74 17 26
5 83 88
74 111 68
37 75 1
97 43 52
3 119 76
9 33 40
72 16 74
20 23 78
51 32 74
48 91 59
98 41 23
112 15 48
38 0 58
82 104 62
96 87 62
27 19 34
71 106 3
46 110 71
23 10 65
93 28 70
92 41 17
29 51 89
1 88 71
49 4 39
95 60 5
8 80 24
112 37 54
20 0 32
39 55 3
73 116 38
118 66 8
58 41 76
94 72 8
93 11 13
85 1 56
82 24 81
39 77 10
70 2 70
35 11 33
81 41 43
45 30 84
108 88 32
53 18 71
30 9 46
63 95 100
105 42 46
118 64 41
30 99 87
103 104 15
64 23 31
38 108 33
46 37 89
76 78 74
42 77 99
69 111 25
31 2 39
58 68 8
42 79 64
111 26 25
40 90 27
59 83 56
60 10 59
1 100 19
37 62 84
60 7 41
14 35 41
58 117 84
81 22 47
111 15 31
59 103 60
22 53 78
73 86 43
92 67 14
61 3 36
41 19 65
33 67 62
11 119 47
98 72 87
78 96 81
95 35 60
100 61 23
50 57 6
26 44 27
50 45 87
49 62 82
42 37 32
113 31 65
62 35 44
72 89 22
119 111 25
79 94 82
51 101 94
42 108 77
56 2 79
31 29 31
24 64 11
4 84 20
73 92 42
38 37 44
119 39 80
87 47 59
6 12 13
43 76 47
100 103 65
16 94 52
51 22 75
27 18 19
105 100 63
113 88 65
2 75 94
107 90 52
6 100 2
23 117 7
94 116 30
119 3 100
3 45 27
94 119 45
97 102 98
35 47 9
68 41 58
3 44 88
93 75 26
34 36 45
100 17 56
7 28 93
22 27 10
29 45 18
112 93 93
6 93 46
61 95 47
104 20 57
19 112 74
43 45 50
103 8 64
42 72 69
34 113 83
93 114 96
117 75 82
27 24 22
116 102 61
28 91 29
89 81 96
91 105 21
76 42 38
57 79 47
112 45 93
106 4 23
79 43 69
98 48 7
7 34 82
17 28 23
43 49 51
50 26 95
3 54 27
32 38 3
7 113 93
70 116 44
5 10 58
104 29 36
106 48 81
112 21 39
96 51 48
17 75 38
1 49 80
37 2 20
18 95 1
116 10 58
77 37 41
87 8 68
53 93 81
114 111 22
90 66 85
57 24 47
74 86 49
42 63 1
82 44 82
77 31 52
115 39 34
27 16 23
4 94 35
15 53 36
11 33 37
87 58 41
85 21 48
77 34 94
95 77 4
35 105 20
84 113 97
93 41 99
48 2 31
56 68 15
74 59 98
0 41 53
53 50 98
36 53 66
21 62 46
61 70 6
50 69 31
106 74 14
55 58 95
18 107 43
2 56 40
18 106 63
104 10 37
113 48 76
101 109 6
14 97 30
86 106 12
109 98 99
108 5 75
2 35 34
73 69 85
109 103 100
10 36 75
65 1 72
92 82 86
83 86 7
54 101 63
40 26 65
22 23 42
25 58 12
34 58 61
69 96 98
40 21 51
72 65 8
6 8 60
82 17 27
16 22 37
87 20 26
59 18 37
39 2 56
57 48 42
71 21 60
74 104 18
45 18 89
11 104 38
78 113 60
28 27 73
107 27 63
62 42 91
19 67 55
92 27 24
106 45 87
112 27 98
24 94 44
119 59 74
60 14 8
25 45 27
76 48 69
74 20 80
60 28 95
99 45 63
96 98 4
89 77 41
42 105 81
74 94 30
43 41 25
58 69 28
35 27 6
50 87 5
85 80 57
116 87 79
109 108 61
2 27 26
64 41 5
104 78 86
89 7 26
22 60 78
19 28 59
12 77 49
84 34 33
27 97 33
47 112 35
33 61 74
32 88 89
74 56 76
104 32 52
19 10 12
54 60 19
6 61 78
30 89 25
17 38 99
105 90 99
6 71 81
15 68 40
50 74 49
32 39 40
109 2 58
48 17 34
33 11 61
88 36 80
56 44 55
109 61 97
18 45 79
96 14 18
101 62 41
24 113 12
68 96 74
32 8 41
65 112 71
103 3 10
78 89 47
95 94 97
16 19 61
19 108 48
88 65 45
69 2 96
99 36 10
71 79 50
102 35 84
117 12 96
17 77 27
26 22 20
107 40 15
69 109 2
51 96 88
46 31 67
7 40 25
17 108 11
78 47 90
12 45 14
10 110 3
84 23 72
21 99 80
71 88 19
1 38 80
77 48 91
36 74 70
5 0 15
29 5 71
0 12 75
41 102 18
17 68 10
111 118 77
94 88 51
24 28 77
71 54 48
98 68 99
9 23 22
47 66 40
55 70 29
43 25 52
89 28 13
0 77 6
67 87 40
95 85 83
22 87 83
83 49 67
61 35 23
30 57 75
56 15 93
42 53 69
11 97 70
84 66 58
33 1 19
65 22 2
115 106 45
93 54 74
111 33 32
46 2 92
53 109 51
31 49 68
118 101 68
17 53 38
73 50 4
47 75 39
94 60 51
38 40 54
92 101 16
26 63 97
29 91 43
69 4 37
118 59 19
2 78 22
73 21 51
11 67 32
57 66 57
53 3 15
3 7 1
15 79 29
27 34 45
55 77 74
93 27 86
89 37 32
87 85 56
29 108 13
23 69 100
83 47 68
114 42 49
86 32 24
3 19 77
111 35 94
24 69 48
33 103 86
68 6 11
32 66 97
18 56 60
69 97 10
65 62 63
118 37 88
27 1 24
57 99 45
61 43 38
55 118 47
36 41 10
50 86 12
49 22 29
67 104 81
27 93 83
77 5 2
0 26 28
21 4 87
30 29 43
78 106 100
41 42 63
105 107 62
67 92 60
30 28 94
113 77 52
73 107 86
98 89 20
94 70 42
56 0 24
49 90 38
74 98 2
22 94 75
56 9 59
112 72 66
10 60 43
56 3 40
74 103 41
34 48 43
85 111 40
45 72 29
0 72 76
84 95 74
62 84 60
53 0 100
10 84 56
88 37 97
95 75 91
84 92 13
51 65 12
102 118 57
93 37 5
110 45 66
18 6 37
34 109 65
107 78 79
95 90 40
87 16 62
48 95 78
18 118 58
116 92 54
84 100 60
100 48 69
77 56 34
106 25 6
114 76 55
37 114 49
35 89 22
27 41 84
84 75 62
51 95 55
21 8 57
67 113 97
109 41 43
14 99 2
94 111 96
57 109 93
90 99 64
93 25 73
103 80 84
62 25 50
5 28 5
71 55 47
81 77 65
119 24 52
83 41 7
79 72 46
77 93 32
107 43 86
72 79 62
117 62 64
33 88 70
12 92 48
70 81 89
54 23 84
86 47 78
109 6 13
26 36 80
59 58 95
6 92 19
98 71 11
46 25 66
92 111 11
59 38 29
36 28 80
108 37 92
11 77 89
83 70 36
15 58 21
92 4 82
97 110 90
117 31 27
41 64 67
57 36 80
53 112 5
35 82 79
29 21 33
8 69 30
89 102 69
41 59 8
85 48 39
101 41 91
30 77 58
105 58 7
53 113 82
11 29 55
58 59 93
18 105 37
88 33 60
19 96 51
99 19 53
2 46 27
18 19 89
118 90 55
48 76 15
10 22 12
56 24 61
79 41 32
17 63 87
0 97 90
3 106 84
89 72 11
110 9 3
23 19 16
18 58 96
16 49 13
43 34 37
22 38 33
86 44 62
81 31 87
15 42 21
4 56 37
82 117 57
98 77 23
78 17 65
86 99 13
79 96 71
6 23 62
67 37 98
6 86 100
101 93 53
64 9 2
11 107 82
105 51 85
107 12 11
18 44 84
51 41 5
18 12 77
72 0 86
33 97 3
1 35 3
113 17 98
116 99 21
73 60 33
68 110 54
51 9 95
32 0 68
89 1 18
89 36 38
27 91 4
87 119 47
90 107 4
71 93 97
38 111 34
119 107 37
58 14 29
73 89 18
98 24 17
76 109 64
79 56 75
62 46 91
4 69 93
98 47 27
18 110 37
82 28 87
77 118 57
89 100 46
114 115 61
104 60 23
55 34 33
87 95 74
88 117 58
43 3 97
104 106 11
97 23 35
86 65 4
63 105 10
33 55 24
55 37 10
115 98 1
54 98 76
90 20 79
87 112 16
109 67 10
27 54 40
55 42 53
2 50 89
68 53 16
77 71 59
19 78 49
86 67 16
33 37 73
2 65 63
11 103 33
106 44 1
98 2 48
38 21 92
30 12 36
49 20 60
28 43 51
31 67 69
49 71 76
15 60 51
92 63 87
113 34 29
64 28 43
12 14 19
47 89 11
7 48 66
26 119 46
76 34 40
103 71 37
7 43 17
31 88 53
83 30 22
43 66 18
21 64 54
37 0 77
62 95 20
114 103 28
62 53 23
31 50 90
92 99 44
20 61 58
62 54 8
26 37 80
82 54 67
25 10 41
64 84 14
53 4 58
68 9 18
11 70 86
27 31 28
60 99 25
48 98 75
83 116 42
30 11 22
90 68 67
59 30 66
39 58 1
87 41 22
67 5 29
59 68 43
93 73 86
108 49 30
64 80 97
98 36 52
15 19 73
16 30 5
31 69 8
14 11 51
67 45 21
75 23 55
46 98 12
94 101 9
35 0 6
117 59 86
60 95 22
77 61 99
24 106 41
35 93 55
109 29 44
0 43 38
114 7 49
114 102 88
47 71 16
66 92 91
102 60 60
23 67 41
107 102 44
109 104 13
69 79 23
62 91 38
56 88 61
5 110 100
16 2 21
41 32 25
26 81 71
114 36 18
117 6 83
3 11 52
34 10 75
82 56 28
26 68 4
58 78 84
95 98 24
59 33 17
53 73 79
68 74 43
41 85 12
114 27 17
35 29 89
22 55 65
19 15 88
16 87 28
39 90 71
37 100 69
59 63 66
4 40 61
74 72 16
20 35 46
108 118 54
87 81 26
47 109 37
67 39 50
44 3 79
10 50 76
59 41 20
75 49 50
66 81 68
68 116 88
87 19 57
100 6 59
8 62 50
117 11 60
42 47 31
44 63 94
17 111 5
71 1 62
51 63 29
106 72 31
100 21 8
34 106 31
114 23 86
102 26 81
89 117 66
14 38 86
6 114 30
69 78 22
107 103 33
111 86 83
64 107 61
73 85 15
42 88 53
77 80 57
43 87 5
102 32 47
37 112 88
87 99 46
103 109 38
110 91 91
41 15 6
24 85 5
3 88 17
27 56 98
12 2 7
55 65 70
78 50 91
74 28 1
35 78 56
3 18 13
109 85 15
116 106 84
80 10 6
12 10 1
76 6 76
57 44 17
103 9 48
22 42 57
38 30 76
113 57 54
81 23 68
27 15 90
76 87 35
83 88 77
30 18 5
110 56 41
65 57 79
27 72 95
87 7 78
68 88 97
25 3 95
59 2 32
28 6 60
77 100 88
76 51 67
49 75 66
43 11 84
99 88 45
42 30 10
61 109 43
79 1 57
66 104 34
10 59 62
32 97 15
107 4 36
63 90 29
28 95 63
51 5 41
109 21 99
67 105 88
111 51 28
118 19 99
15 55 84
102 65 40
28 116 15
37 6 68
99 33 96
6 62 95
18 65 59
21 20 6
76 82 67
87 51 26
96 21 89
25 8 32
55 103 75
5 18 40
3 73 22
49 119 35
54 108 13
101 77 78
36 2 39
116 7 36
77 70 99
57 104 46
36 38 14
46 27 50
107 5 59
53 30 83
64 17 11
85 102 81
27 109 17
82 77 36
40 113 43
29 88 25
95 61 60
89 4 25
80 98 81
100 5 71
11 89 66
62 102 35
3 70 3
72 56 96
40 57 69
110 70 34
43 24 30
96 89 92
89 75 3
113 39 62
45 58 34
105 98 87
74 19 19
105 7 80
110 49 71
111 97 1
114 66 84
81 74 43
7 15 6
48 10 68
83 103 87
32 55 7
115 108 12
17 83 32
74 44 9
49 30 99
21 73 77
47 108 64
8 24 8
104 113 81
33 18 44
116 112 59
60 102 73
35 76 58
2 111 78
60 73 9
30 108 71
96 104 24
53 43 10
5 80 46
72 54 1
9 35 21
21 18 40
16 45 37
42 28 79
65 46 98
75 89 72
26 76 18
111 42 58
77 104 67
41 75 78
23 50 54
61 62 1
76 111 67
73 0 33
21 106 73
102 64 30
79 97 81
50 60 93
37 10 1
29 81 84
0 96 88
96 12 16
82 27 71
0 112 83
95 104 45
47 54 56
88 44 67
115 105 9
90 71 99
34 88 53
59 116 28
72 86 14
57 98 13
62 81 59
113 118 74
78 3 38
109 51 18
5 74 64
79 70 41
109 80 70
23 61 57
115 33 88
103 18 94
77 112 52
2 113 47
92 50 25
76 71 66
70 24 82
81 69 82
40 15 89
96 39 51
27 55 61
103 113 76
91 74 37
45 7 28
56 37 22
18 80 54
53 65 6
103 41 35
62 7 73
104 50 95
113 0 26
75 65 5
39 82 80
107 105 60
83 48 86
104 22 44
4 12 71
79 77 74
62 47 46
49 61 45
25 35 58
46 18 23
31 24 79
83 20 53
0 18 51
74 53 50
76 64 53
0 54 99
92 114 60
6 9 3
49 99 77
69 20 28
66 70 52
32 47 56
93 31 83
34 42 7
73 117 3
6 20 34
55 19 12
1 70 77
55 62 5
6 49 71
4 63 100
38 101 20
79 89 60
102 44 47
94 108 87
103 62 76
77 88 67
68 55 19
72 62 8
76 118 99
89 101 93
111 44 68
10 9 11
108 34 49
79 15 51
49 60 77
90 44 69
6 80 36
91 78 92
119 81 20
111 4 91
46 65 9
101 54 53
56 21 66
34 62 20
68 49 69
57 74 63
34 8 65
7 118 37
104 110 84
32 2 2
92 29 86
105 40 11
81 83 14
112 5 28
100 115 63
111 24 21
10 85 71
36 40 95
2 59 95
58 4 15
101 91 11
61 40 10
69 61 36
19 14 6
102 70 7
28 119 94
2 86 28
92 40 99
114 20 68
102 15 53
81 88 35
27 80 90
44 77 70
80 37 45
89 40 70
35 115 71
38 65 23
26 38 46
117 107 80
14 48 92
16 84 73
72 61 85
53 106 31
102 29 34
6 42 100
80 92 84
26 104 27
4 59 16
48 109 82
12 23 88
33 51 59
87 61 7
109 14 73
80 118 38
117 61 26
63 73 68
31 58 65
109 10 31
23 82 38
66 49 45
55 111 25
76 8 90
15 64 82
17 0 89
111 61 82
89 78 48
72 29 34
27 32 76
71 11 42
44 11 83
20 103 61
15 87 93
110 17 43
71 111 44
117 105 8
10 14 8
85 44 64
107 29 46
59 74 56
118 86 40
25 18 13
7 103 8
103 101 98
40 82 49
5 53 3
21 40 1
23 107 87
93 85 56
40 101 27
67 6 42
34 59 4
99 23 61
23 26 33
36 39 60
81 113 25
33 72 20
60 20 85
40 108 47
8 84 97
109 62 97
91 35 59
99 14 55
33 35 4
97 32 34
45 59 30
42 8 40
101 50 22
103 19 67
73 104 59
44 61 78
79 83 39
8 68 15
33 101 94
46 104 8
22 110 94
91 44 90
42 24 40
51 7 33
48 16 36
60 48 66
56 92 63
9 111 29
26 114 23
54 17 63
93 70 88
15 34 35
108 21 77
65 45 58
37 14 89
17 44 54
50 58 86
39 117 77
94 74 69
59 77 3
32 3 73
12 113 17
86 11 12
92 25 76
118 83 6
35 61 13
20 107 74
59 73 96
54 9 52
106 118 67
43 93 14
43 37 97
118 48 75
8 42 35
113 51 87
105 85 22
42 107 73
78 31 69
37 91 31
18 63 9
60 114 73
62 64 17
103 58 46
78 14 94
100 84 58
16 97 64
49 108 54
86 59 17
35 113 14
75 118 8
59 97 57
8 6 5
74 109 4
12 62 98
103 60 80
79 27 99
8 119 39
84 44 84
57 15 80
96 15 31
35 90 85
111 95 27
105 8 15
27 53 64
113 78 90
1 102 81
99 25 11
90 7 67
35 64 85
16 9 61
101 111 62
116 33 87
66 105 12
117 10 52
97 69 4
82 1 69
102 51 98
105 78 52
4 80 41
102 92 69
55 74 22
105 68 48
118 62 20
25 73 25
20 72 61
78 39 53
43 81 22
28 99 61
104 72 93
82 72 7
43 80 66
34 56 97
81 111 74
96 76 13
24 60 54
55 17 58
67 54 13
86 48 96
102 75 10
106 86 69
35 57 95
3 99 85
65 107 84
92 48 90
45 111 79
68 25 12
77 27 31
92 119 14
81 32 93
17 66 72
18 38 68
85 15 46
76 72 87
60 11 11
118 16 89
83 84 84
66 63 49
54 91 66
85 78 93
51 26 76
9 14 95
104 58 86
28 105 94
26 10 93
109 83 40
40 96 21
35 28 93
110 105 70
110 31 27
33 74 51
0 57 74
9 118 77
35 94 31
117 36 18
1 96 21
80 58 30
74 23 13
15 18 59
94 22 91
44 10 100
64 102 68
23 115 19
30 103 39
117 100 22
64 68 90
6 58 5
22 89 8
119 20 54
41 103 76
1 116 68
71 87 11
33 83 97
61 60 29
7 93 53
77 33 77
44 56 96
20 29 14
22 9 65
24 78 16
65 108 84
33 50 57
96 64 79
74 2 80
67 117 29
69 9 87
9 51 58
95 18 25
36 17 68
34 82 29
1 30 80
62 103 96
90 61 40
114 50 52
25 2 87
84 118 38
71 103 64
51 92 26
11 72 50
103 94 21
113 109 72
60 112 52
98 118 78
12 61 28
28 81 42
44 33 50
1 104 24
2 31 2
33 53 17
57 38 66
77 117 23
61 22 37
73 82 22
104 90 80
35 71 50
115 71 95
7 16 18
30 116 90
39 105 29
18 77 56
2 4 37
112 61 97
97 50 68
104 25 38
60 42 55
76 95 42
107 83 73
1 22 64
92 31 55
93 39 43
105 62 49
101 23 21
35 54 69
89 108 61
50 20 87
79 91 63
0 44 27
86 73 4
17 35 25
74 31 43
38 26 99
20 101 75
48 83 10
61 100 22
41 61 53
113 61 51
57 72 26
102 9 94
64 96 3
37 109 59
29 9 59
116 30 34
37 7 39
41 99 76
49 6 37
21 60 47
55 56 2
36 68 55
60 47 24
10 15 27
26 39 27
117 69 13
81 112 91
93 83 31
41 29 31
66 44 93
5 35 95
114 63 8
19 65 12
29 114 44
53 56 88
55 9 82
67 23 73
26 107 77
37 1 85
78 80 81
4 15 9
101 70 27
39 24 86
75 50 59
51 33 10
17 27 91
71 83 3
71 3 68
3 94 24
90 79 62
5 40 9
81 61 98
0 93 93
75 87 73
33 111 91
94 73 24
2 41 12
43 110 33
103 99 100
41 50 24
60 91 3
106 96 99
54 83 90
19 119 44
8 31 55
111 71 22
53 102 31
73 14 86
103 95 64
76 15 77
84 74 3
116 35 8
1 107 13
47 100 1
63 40 81
65 12 96
116 72 10
47 96 99
34 49 49
3 46 12
58 109 36
10 20 51
65 11 49
84 62 66
73 110 72
60 101 96
92 54 7
116 6 20
93 63 70
46 80 11
108 59 7
4 28 93
19 88 44
30 43 98
65 64 94
26 60 96
47 72 48
38 79 29
25 51 62
114 1 92
118 89 50
45 51 49
4 35 65
43 94 25
106 88 3
57 25 58
87 44 27
106 32 46
45 16 41
46 36 35
10 89 28
115 59 17
100 58 86
98 58 69
29 117 51
59 99 80
92 83 95
69 17 81
48 53 30
116 110 4
97 88 7
108 60 54
64 75 30
112 115 17
46 99 95
70 27 21
116 71 17
37 65 5
62 73 55
30 19 57
35 79 7
98 34 47
37 76 81
19 54 54
11 16 39
54 42 3
83 45 68
45 38 64
12 63 59
71 6 41
32 31 11
79 36 26
17 31 30
44 7 25
31 39 1
9 7 92
62 74 62
42 46 10
78 23 33
105 17 93
91 48 98
111 98 94
46 32 59
37 67 62
65 49 81
68 48 8
107 115 43
108 40 77
37 25 73
115 70 28
103 66 22
48 101 31
68 7 16
58 61 46
11 115 74
85 16 17
96 37 63
10 0 51
83 42 68
101 19 24
53 17 64
117 0 81
40 117 54
110 15 61
82 106 19
82 38 90
46 115 57
40 70 50
111 16 20
99 26 21
75 19 3
112 36 95
33 14 63
54 112 31
20 92 33
4 114 77
117 37 90
94 90 59
51 35 55
4 96 92
87 21 66
108 93 23
42 69 48
107 75 81
38 116 77
40 66 59
88 10 41
54 11 87
17 89 77
104 74 74
104 3 56
80 29 80
68 51 36
94 9 93
83 12 73
23 78 16
110 92 99
55 36 76
65 50 30
10 100 39
4 60 1
88 72 48
2 66 33
113 117 81
54 40 30
81 103 18
19 95 97
56 85 94
71 107 12
55 38 74
11 62 68
16 81 9
62 19 62
30 32 42
92 51 88
67 60 45
46 75 76
68 77 44
63 93 67
60 71 84
110 44 20
83 87 81
23 77 24
5 61 30
67 7 13
58 38 89
28 115 66
71 2 7
73 95 83
54 46 20
95 10 28
19 74 66
78 6 58
15 41 18
32 67 81
33 48 90
45 36 38
25 109 47
109 69 76
90 81 68
5 7 97
88 15 97
37 96 96
16 43 61
18 91 83
51 88 87
16 116 4
4 17 57
84 27 23
98 32 26
112 95 88
83 97 2
88 70 91
104 105 29
105 65 52
22 100 61
72 6 78
43 109 92
79 39 86
34 45 30
69 85 78
96 55 82
39 11 61
100 102 97
71 58 23
37 19 10
0 73 72
15 102 32
9 113 34
67 58 34
57 54 4
17 43 55
59 69 76
107 106 38
5 78 59
36 82 62
110 61 77
105 55 29
65 77 42
26 8 35
21 81 28
96 8 97
10 44 5
26 51 18
43 73 51
31 44 69
87 114 6
16 82 11
62 43 77
54 89 32
71 99 20
103 68 10
84 7 66
24 58 89
63 18 42
65 4 87
112 59 23
72 26 94
103 107 16
81 1 23
80 78 44
104 41 4
72 116 77
18 119 86
3 21 21
97 48 18
88 34 3
90 43 14
114 119 24
94 104 60
37 105 54
111 66 92
18 35 71
31 93 38
118 116 45
104 68 54
64 39 65
45 83 83
99 69 35
117 1 7
113 4 65
119 34 84
38 14 93
80 108 97
19 113 59
36 6 73
105 83 20
50 1 12
119 18 88
4 93 50
116 81 48
92 62 89
7 19 77
28 44 69
37 55 39
67 96 43
21 26 57
102 112 19
69 73 20
46 29 5
25 59 79
108 74 98
100 40 79
60 93 26
1 36 90
113 7 94
112 18 3
35 60 7
63 119 34
77 82 96
7 66 50
97 5 7
85 9 28
84 29 20
76 0 51
69 31 22
97 51 85
21 114 92
83 66 11
7 0 48
79 53 36
119 54 16
81 84 62
56 17 39
69 115 54
72 38 24
55 2 63
101 97 37
80 111 22
80 107 38
106 47 37
10 17 32
3 39 73
83 26 56
119 10 77
37 92 61
51 72 89
8 58 32
105 95 34
91 32 89
43 28 64
35 33 42
21 87 55
111 3 59
50 79 14
56 71 80
85 112 98
65 74 83
94 63 94
23 72 75
46 48 79
63 51 17
94 106 51
85 33 77
1 75 4
118 107 10
51 70 38
41 73 55
15 65 41
82 118 10
49 100 51
95 56 64
66 85 71
69 88 49
57 59 99
78 81 43
72 50 7
43 60 27
96 67 56
38 87 39
42 109 37
41 117 82
34 79 50
82 108 99
38 17 68
15 105 72
73 58 100
109 91 11
28 109 71
6 31 84
65 100 72
28 86 72
77 113 34
4 25 69
70 57 8
89 112 36
1 40 50
79 116 63
100 41 12
41 36 79
56 119 99
39 96 52
63 6 65
39 50 46
36 62 55
15 96 26
47 24 67
75 22 78
9 47 92
30 112 66
107 25 94
22 36 94
61 1 34
93 0 13
94 78 46
56 102 85
82 26 71
67 94 16
21 59 56
89 115 1
60 63 6
103 72 97
16 77 7
45 94 13
3 90 87
64 114 92
97 85 16
70 90 50
106 100 25
92 24 40
30 6 48
89 15 31
76 75 42
39 48 42
42 14 88
47 110 72
9 77 100
73 27 41
42 38 53
89 65 53
6 97 82
48 26 47
81 76 32
59 31 37
94 29 36
10 97 23
79 50 18
20 62 56
100 99 79
34 81 68
73 34 9
70 43 1
46 74 80
38 103 27
94 41 60
90 116 29
99 49 35
67 112 46
68 21 68
91 16 54
32 63 50
104 34 63
118 68 29
11 114 93
73 113 87
42 103 33
27 106 83
81 57 47
117 14 83
14 24 45
101 92 20
47 15 92
55 80 24
26 78 8
24 48 28
108 33 37
29 43 65
54 43 27
111 96 48
112 71 6
102 42 13
60 4 62
12 98 66
8 49 56
11 69 36
56 16 91
106 77 74
54 90 4
33 105 9
74 57 71
100 75 43
82 88 64
14 90 53
93 20 95
78 10 16
12 74 94
118 38 47
80 64 89
93 82 8
41 4 21
89 38 100
76 38 43
49 58 25
34 116 87
22 5 86
78 60 73
87 76 53
107 32 74
114 69 43
38 113 87
83 89 83
78 21 100
98 85 60
42 78 86
86 54 89
119 115 52
109 0 43
9 69 28
97 78 9
15 22 49
25 70 97
41 106 86
109 60 9
22 47 50
15 47 1
18 9 71
58 73 89
68 47 68
84 76 81
58 24 47
107 72 89
43 117 41
91 7 59
61 25 89
82 16 1
89 94 98
55 29 73
88 77 96
39 8 20
45 115 50
41 95 53
54 82 52
113 82 99
43 54 81
23 81 92
48 9 3
69 38 82
18 94 8
95 66 22
41 31 60
58 2 29
58 66 82
43 98 24
41 104 27
34 40 98
109 107 34
25 12 52
72 14 9
32 84 52
20 79 11
3 116 20
48 80 73
107 6 37
45 102 35
42 87 2
101 116 8
77 23 52
92 17 45
11 9 65
42 3 6
95 86 85
92 69 41
29 83 30
86 66 27
32 49 81
47 1 88
15 26 37
2 26 53
117 78 4
19 57 79
51 37 61
8 54 86
62 98 77
90 112 36
21 104 3
78 19 29
51 112 62
32 90 96
107 74 61
97 94 3
109 95 24
90 6 37
90 21 9
55 53 72
110 6 53
1 77 78
70 39 24
45 67 84
17 61 23
70 10 62
45 66 7
58 71 69
82 74 60
98 43 20
81 58 81
102 0 99
73 11 10
15 92 16
31 64 29
102 110 2
68 94 28
62 27 22
105 73 27
41 88 31
27 40 13
40 118 40
85 63 47
78 100 35
1 94 39
48 36 89
32 79 2
19 103 91
46 63 91
37 40 57
20 60 59
100 14 49
20 90 63
86 46 89
106 14 33
48 73 57
118 49 85
67 24 41
43 12 88
56 93 49
60 86 74
20 102 30
99 97 59
26 42 60
5 94 25
68 69 97
30 78 21
74 110 41
113 93 1
118 95 54
3 101 35
3 114 20
86 15 75
24 68 91
116 98 37
61 34 74
39 12 3
62 117 87
10 61 4
79 46 57
93 119 19
106 56 28
4 6 98
105 3 36
12 0 40
113 1 83
112 99 30
2 3 49
101 45 81
44 80 32
67 4 21
108 103 24
110 14 92
25 4 93
94 50 53
76 14 27
12 91 86
115 75 13
33 118 6
11 36 53
104 100 62
0 64 100
40 43 73
111 103 2
24 65 90
7 57 98
36 117 95
9 16 43
101 32 35
70 91 91
107 10 79
37 36 80
62 105 80
53 34 71
90 34 71
58 70 1
56 77 4
15 109 81
43 6 80
115 62 56
44 39 30
7 106 47
88 32 27
84 51 61
41 71 8
95 106 65
20 11 31
46 61 92
111 72 19
45 2 72
45 71 31
94 66 7
3 36 52
108 107 5
103 98 4
87 111 59
16 66 44
30 90 73
106 24 44
113 74 66
15 117 33
111 107 63
94 21 27
60 23 43
79 62 61
10 2 24
40 35 83
82 86 12
117 81 76
95 105 75
105 70 18
40 58 93
50 29 45
17 106 56
32 92 63
86 104 84
27 67 29
114 117 5
10 83 4
33 16 60
112 108 28
8 90 44
111 94 33
93 56 57
74 46 49
65 94 63
24 6 28
90 51 88
82 14 17
44 84 50
73 91 15
88 20 25
45 85 76
99 17 2
29 6 15
65 33 75
3 37 93
59 67 97
80 45 43
44 57 51
118 41 21
36 24 27
43 20 14
115 12 35
14 9 59
27 64 45
78 73 55
68 105 74
46 35 38
35 101 25
59 12 44
90 50 48
98 96 43
107 48 87
47 97 15
117 112 13
51 50 87
86 37 94
19 91 72
60 81 64
41 76 99
73 106 59
92 96 6
5 51 47
72 43 79
65 69 50
106 119 24
88 116 7
75 11 58
83 38 52
47 117 54
99 96 38
103 93 46
84 78 61
114 70 72
15 35 98
82 23 77
72 113 81
73 35 90
82 11 55
99 80 64
106 73 41
84 67 82
35 110 63
23 71 14
56 46 79
0 65 40
0 22 40
69 77 23
74 61 70
96 94 75
41 83 43
0 68 51
40 7 1
102 4 2
45 55 69
70 86 12
29 87 94
38 93 23
118 108 87
54 12 2
117 96 99
106 1 24
56 112 60
4 110 19
73 80 99
110 96 30
93 34 7
58 3 52
35 16 93
34 4 93
20 54 84
99 75 27
116 48 69
6 95 34
21 118 20
98 67 99
101 107 26
34 35 38
16 74 26
57 31 59
47 118 34
15 54 20
78 42 52
11 54 93
35 49 87
37 41 36
78 18 44
14 93 47
80 109 13
110 18 89
26 19 45
114 46 6
29 17 35
93 81 58
2 84 91
2 60 49
104 51 69
7 35 88
19 45 71
97 38 45
75 96 66
67 71 2
31 53 86
101 36 74
92 117 83
8 28 99
33 107 37
93 103 29
99 8 88
21 84 9
47 17 99
48 47 4
8 74 8
65 53 62
60 72 37
1 21 80
62 28 39
96 5 16
119 56 75
106 105 55
70 117 100
98 6 19
50 105 70
110 38 23
97 47 25
19 79 74
117 35 20
61 8 5
102 114 14
2 9 84
42 112 96
51 39 84
118 6 6
44 60 70
105 104 14
118 98 1
16 5 92
76 114 80
48 79 57
96 74 18
58 93 61
54 29 88
100 88 14
6 63 11
64 36 99
86 96 22
32 43 45
9 82 17
16 110 77
31 15 13
119 65 99
88 30 36
64 86 15
24 43 10
113 41 42
80 82 1
40 73 15
41 48 66
88 115 2
40 87 48
44 40 18
49 65 18
108 65 71
80 21 37
100 32 21
98 33 61
98 10 15
64 78 35
9 20 50
6 112 32
47 62 1
70 73 18
85 105 69
37 116 54
108 106 62
51 73 57
8 47 43
119 37 42
118 104 3
82 55 60
69 83 75
16 60 71
58 86 2
48 99 82
60 21 48
26 41 79
101 9 23
11 21 12
87 109 28
2 8 90
69 89 68
81 70 89
111 69 92
37 106 1
92 73 39
67 50 38
68 106 34
106 28 11
86 114 42
96 109 32
106 19 67
53 88 69
46 112 27
49 111 46
49 98 59
70 66 74
74 73 49
40 80 72
119 103 18
116 42 16
12 32 41
19 40 13
105 84 6
23 55 54
93 65 63
37 35 57
17 16 59
67 107 36
60 51 12
33 26 47
79 55 69
57 63 26
74 26 91
90 23 57
117 101 85
34 93 88
16 93 55
112 100 18
5 64 54
109 72 41
73 66 68
54 100 12
11 40 64
24 44 69
2 7 67
16 25 79
25 61 23
85 81 79
50 4 42
49 118 57
20 15 86
1 2 89
74 14 37
96 107 37
1 33 28
100 71 32
96 68 70
45 84 1
92 21 100
107 8 42
36 89 26
22 63 51
24 25 28
37 107 58
28 84 34
39 109 18
34 25 65
92 74 98
49 86 92
74 102 89
31 105 79
59 100 69
66 28 28
110 40 53
28 58 13
87 48 65
78 70 16
90 109 40
14 76 11
49 67 5
103 2 83
62 45 38
55 97 43
23 70 4
111 23 99
42 1 42
77 92 46
66 93 65
23 75 78
110 83 12
42 96 25
75 47 69
91 92 83
43 30 32
8 14 1
10 27 54
83 118 79
11 43 47
35 32 74
55 41 26
111 5 49
34 99 1
5 115 95
32 111 92
38 22 68
64 70 83
108 6 51
79 24 20
99 76 6
94 26 40
33 9 77
87 107 98
12 99 35
15 62 60
89 79 3
18 96 99
95 46 45
117 27 60
117 111 89
49 79 89
25 43 21
86 70 59
36 26 13
1 14 62
77 54 48
109 101 27
78 87 7
97 75 86
74 80 62
103 73 97
84 96 85
94 24 92
65 37 71
88 26 1
115 23 10
69 95 99
103 26 39
18 83 3
1 37 17
118 24 97
57 117 91
77 45 48
53 58 98
54 34 51
88 94 86
71 49 6
60 45 17
17 65 24
93 7 100
57 50 1
86 115 93
94 62 81
93 51 60
115 67 6
102 74 89
96 26 96
71 119 2
37 28 98
90 25 21
116 3 91
57 110 55
66 2 71
10 54 16
34 54 10
88 63 53
14 66 64
86 12 51
108 116 17
44 4 2
24 76 36
61 94 80
18 11 79
46 96 27
75 59 58
37 103 9
59 114 30
59 66 39
28 63 70
71 110 7
99 48 38
24 103 41
49 12 76
1 34 90
33 63 36
34 78 93
18 98 87
4 57 42
20 77 78
110 109 76
21 65 36
87 104 55
72 111 97
14 10 54
91 28 71
80 68 9
84 115 27
11 6 38
50 90 98
86 8 57
73 81 26
48 23 51
25 68 71
77 94 72
39 76 94
77 40 3
67 30 90
38 98 14
87 37 57
15 119 80
68 2 38
51 71 41
112 6 67
1 29 71
106 43 85
113 23 12
73 24 74
58 79 16
19 114 50
46 19 44
119 112 18
88 28 21
75 10 51
25 85 16
4 91 74
18 1 79
65 110 22
61 38 42
64 55 46
16 75 98
54 109 91
37 85 99
91 85 60
86 82 76
38 77 92
92 32 36
2 57 33
83 43 47
59 35 24
3 111 12
40 111 92
29 30 12
85 110 94
53 107 81
73 109 1
57 16 93
119 47 65
73 1 7
37 18 53
62 67 51
84 41 60
44 37 48
97 106 66
80 50 80
76 66 3
94 20 29
27 20 71
96 97 72
37 12 97
105 30 95
93 50 3
98 7 39
10 69 37
85 88 7
119 63 58
93 102 73
16 51 93
114 104 74
118 53 73
90 101 38
46 73 21
41 66 82
77 16 77
92 65 7
84 21 66
26 29 56
112 1 84
25 16 62
105 117 40
64 66 21
96 73 33
21 45 5
95 4 56
18 102 4
87 56 13
1 26 26
78 9 60
30 87 53
110 111 93
31 38 59
92 115 82
75 36 89
4 58 29
92 34 83
4 65 64
111 113 93
74 116 81
70 22 38
60 27 68
0 113 33
1 72 80
84 45 3
110 43 70
66 37 95
72 27 13
28 94 72
43 100 62
25 28 95
60 111 87
32 105 47
38 80 39
111 116 85
36 92 90
6 22 61
80 27 100
41 43 49
61 78 99
1 18 64
115 29 100
29 82 73
41 77 33
117 57 96
27 65 97
103 86 83
19 51 99
54 95 35
74 70 20
43 5 72
70 16 46
72 20 96
21 35 83
11 12 19
37 46 73
7 114 5
82 80 60
94 105 57
14 113 51
19 4 67
45 49 33
67 18 52
38 61 82
55 73 52
15 110 54
23 56 74
51 38 28
0 51 29
70 20 19
22 77 80
28 4 6
26 79 81
82 22 83
72 45 33
15 88 14
25 116 46
64 116 90
85 35 98
59 110 61
79 114 12
107 9 21
34 68 53
98 70 53
76 16 9
86 60 16
65 91 54
86 22 26
71 23 62
72 37 74
114 68 10
77 7 55
39 32 19
37 94 78
68 59 54
76 86 3
53 15 76
21 80 15
116 15 68
53 5 54
86 63 68
95 119 79
19 38 23
74 81 97
5 48 1
28 23 39
96 114 71
42 70 41
76 40 59
112 97 6
104 53 90
55 61 12
89 31 65
22 51 41
96 32 98
100 47 63
106 91 79
59 102 91
51 55 87
59 46 45
37 5 50
47 11 95
5 71 8
38 96 69
54 99 59
47 103 11
16 0 35
29 44 10
6 94 59
93 32 57
53 103 36
58 43 79
61 37 42
89 55 1
102 12 21
89 109 63
88 99 53
43 42 85
44 115 57
22 17 29
65 66 87
103 57 59
63 11 63
40 104 53
67 9 98
115 76 46
7 107 81
57 93 89
24 117 96
107 3 31
106 70 45
17 76 64
62 83 94
43 10 30
55 98 98
29 47 40
47 21 78
64 72 25
36 110 98
72 73 59
18 61 82
118 106 31
97 65 90
36 34 44
83 119 65
85 38 29
28 97 2
100 80 46
79 26 38
8 46 54
119 113 85
73 68 11
10 112 12
39 5 71
86 56 5
97 109 62
98 64 47
101 35 70
115 104 91
37 115 58
37 113 1
111 8 60
58 62 72
71 96 59
92 105 16
49 53 83
4 29 1
58 101 44
81 30 96
93 105 78
51 111 78
14 20 68
4 54 58
76 94 1
91 43 44
3 89 88
11 38 73
7 88 53
91 5 17
104 89 9
68 18 65
117 54 62
71 98 84
4 82 78
47 43 23
26 28 84
3 0 40
106 69 76
19 84 26
97 53 44
54 76 69
10 41 54
40 54 11
37 38 58
17 88 4
82 10 41
48 108 23
76 1 53
37 50 13
65 76 65
82 89 82
41 2 36
17 71 14
69 18 100
61 4 61
75 53 92
2 100 81
83 110 94
33 46 90
105 81 86
80 65 63
104 7 100
4 51 28
39 103 96
104 62 18
25 48 19
51 74 16
91 25 31
118 94 45
17 62 24
48 64 93
6 19 6
70 103 58
87 23 32
24 12 64
50 48 23
45 63 25
48 104 24
65 83 61
20 115 96
38 88 92
118 74 63
108 78 3
39 67 74
35 58 23
88 89 21
2 28 25
75 28 32
57 75 97
44 66 66
24 54 47
118 119 57
62 63 59
57 11 73
65 43 10
47 10 32
86 71 15
87 9 20
112 107 31
24 95 29
109 20 48
35 73 73
22 37 95
78 16 62
70 55 78
107 15 68
99 56 100
84 28 80
88 46 38
111 48 63
90 96 65
17 4 58
109 93 44
66 55 33
40 89 59
57 86 35
64 14 67
64 113 61
64 90 27
26 66 69
68 66 15
84 83 5
96 108 76
39 7 22
72 101 32
24 73 96
119 28 11
22 49 44
2 108 42
16 91 41
7 112 7
98 88 36
20 17 56
41 116 37
93 60 3
113 110 16
84 88 82
65 89 28
97 113 11
1 69 2
6 45 47
81 26 21
79 42 69
63 53 17
22 7 72
63 101 35
109 59 4
43 22 50
82 92 8
53 75 9
27 101 29
7 102 54
94 38 9
71 86 67
106 97 25
7 4 69
47 98 47
18 10 21
73 39 12
27 38 99
119 12 90
83 77 4
55 114 84
102 1 98
71 70 86
76 31 80
93 108 60
115 103 41
44 72 65
49 33 29
106 84 2
100 109 36
27 0 68
66 67 3
65 114 64
31 17 63
42 12 51
90 56 59
63 111 84
15 115 87
86 53 63
97 40 80
4 47 100
108 87 48
97 112 47
16 21 56
66 50 11
24 50 29
44 112 21
38 86 96
118 26 22
87 103 44
42 62 41
57 47 62
10 1 57
113 29 41
73 3 65
109 17 86
36 25 91
83 33 43
2 74 15
71 100 62
60 62 44
74 85 7
31 89 13
23 60 41
57 55 80
41 82 86
40 74 34
64 47 43
92 61 26
43 64 36
72 8 30
24 66 58
32 103 77
17 47 40
66 27 8
44 8 64
81 75 38
60 5 12
86 78 94
34 7 17
6 98 59
5 102 66
93 26 94
85 10 37
83 9 81
12 69 15
15 59 60
75 34 91
26 98 54
63 91 74
16 33 12
72 97 99
100 114 51
69 48 89
95 22 51
67 73 74
94 83 100
11 58 1
53 39 92
84 35 12
75 29 7
70 99 86
105 19 92
27 94 12
58 65 61
29 111 74
8 65 20
49 87 11
36 84 18
68 76 62
1 50 66
18 29 80
59 115 70
110 67 32
4 71 42
71 102 40
72 2 85
43 38 77
5 88 31
16 18 67
36 87 57
101 94 20
96 10 86
74 97 85
44 78 91
107 26 10
90 106 17
7 78 37
114 21 24
6 56 48
28 65 31
59 27 59
96 118 43
85 43 12
28 113 61
107 44 33
11 4 32
85 87 99
5 25 75
95 73 84
6 74 85
116 4 47
17 80 75
74 67 67
88 2 99
16 42 24
77 32 10
82 97 65
100 36 48
70 31 43
29 85 29
70 34 45
40 60 54
75 46 3
35 8 65
70 36 59
86 6 36
100 95 4
1 7 96
10 93 49
98 56 83
111 22 74
113 91 83
53 68 84
49 73 45
74 4 100
0 36 91
28 66 43
14 39 21
27 88 24
69 33 99
80 114 42
98 20 51
46 16 21
46 94 72
117 104 17
71 34 45
117 26 71
48 31 59
76 117 59
53 119 23
73 71 97
118 78 49
109 87 87
83 8 54
92 85 9
3 86 80
94 115 3
67 115 43
36 1 12
36 71 89
114 17 59
115 111 57
110 85 30
114 40 8
48 103 14
110 46 94
77 78 34
89 84 3
82 84 30
31 114 43
63 38 95
77 17 14
51 81 56
29 4 32
43 36 51
46 10 10
7 50 22
109 89 72
119 109 63
63 94 95
48 69 59
56 39 31
106 113 6
5 118 14
108 110 95
112 17 43
70 42 52
84 73 73
25 36 84
112 64 67
4 112 4
51 61 26
103 75 86
78 64 3
105 32 19
115 31 71
21 113 5
118 12 4
75 115 63
83 107 16
51 49 59
0 45 30
20 53 71
46 79 19
107 54 95
12 46 48
56 111 100
27 115 35
26 91 44
66 100 34
9 99 58
57 103 22
47 104 30
7 22 82
36 102 88
20 8 38
0 95 50
112 73 30
80 95 34
48 42 89
109 68 93
70 118 64
83 4 51
39 93 31
20 58 19
32 22 47
10 48 17
60 15 2
33 49 36
59 55 2
40 23 88
24 101 89
61 56 43
89 25 6
78 57 74
101 3 33
71 37 1
3 107 69
61 64 75
102 106 86
112 117 9
37 30 35
60 29 44
35 86 24
36 64 8
95 80 65
4 16 88
109 42 77
108 25 64
40 97 26
50 35 32
60 88 92
89 68 15
38 85 73
27 11 60
105 59 68
58 7 32
92 87 47
83 99 99
10 95 42
78 74 85
28 41 67
30 5 43
60 43 35
106 67 66
20 59 48
27 5 74
101 20 63
72 106 14
59 78 96
71 10 89
119 7 18
8 114 69
38 54 88
20 36 62
68 23 13
22 48 89
108 111 61
103 29 21
88 24 59
51 83 27
83 73 6
108 48 21
102 22 68
86 101 47
8 30 26
81 108 31
112 7 87
27 82 23
50 113 74
65 54 74
91 41 5
57 8 97
57 17 91
56 53 67
61 79 23
111 65 89
112 16 85
88 109 64
102 72 84
19 83 40
58 91 66
104 17 57
11 73 22
98 16 91
6 64 26
67 8 86
5 91 60
92 89 100
40 22 63
68 60 89
19 82 43
61 116 32
5 93 48
89 6 47
118 36 89
51 58 51
57 91 49
47 2 42
19 3 39
24 29 38
102 103 76
85 97 93
99 83 85
4 92 41
57 85 99
19 8 21
109 105 39
55 32 37
103 33 19
30 81 1
14 46 30
15 56 51
14 3 16
9 116 60
44 21 56
65 61 93
99 11 9
24 33 70
57 46 96
61 84 21
105 15 24
54 119 88
71 46 43
65 36 25
53 16 23
77 75 33
14 116 84
60 1 82
9 12 56
16 119 47
60 31 46
34 37 45
116 85 31
43 103 77
9 94 1
48 11 65
67 82 51
62 111 68
83 102 69
110 0 99
90 95 56
25 72 94
85 94 66
99 28 57
14 17 54
25 33 65
105 66 61
23 64 25
14 37 85
53 32 43
62 1 82
98 0 89
78 93 35
119 4 15
50 66 2
113 12 53
51 3 79
26 58 55
115 86 47
117 55 79
84 94 70
40 0 25
66 32 81
96 101 22
20 87 9
57 14 21
96 85 15
83 18 5
21 37 14
98 25 25
53 114 47
105 33 46
42 76 77
66 22 37
103 97 44
41 89 53
35 7 46
101 33 33
84 57 72
89 106 84
63 7 96
75 70 30
85 83 90
61 93 49
22 4 93
15 2 12
49 94 3
119 97 94
40 41 48
25 95 17
79 103 91
100 93 74
108 96 24
62 99 38
96 43 28
57 107 93
116 40 85
7 47 34
42 41 6
77 119 37
36 76 61
7 64 66
95 109 99
56 117 58
23 40 38
0 108 82
14 95 75
99 112 81
68 61 60
14 88 8
29 79 59
2 115 88
26 16 78
90 97 96
105 0 89
76 18 59
48 74 35
115 88 67
44 71 73
5 42 22
101 72 94
45 14 50
47 119 39
43 40 95
77 97 47
17 116 61
80 76 79
77 11 86
51 12 80
7 30 16
53 86 36
117 106 80
105 57 18
113 60 30
64 95 87
96 24 43
116 80 4
22 45 15
72 31 95
119 76 50
45 6 79
5 11 60
69 30 58
48 49 88
118 4 25
82 36 29
14 111 31
24 17 87
64 49 22
110 115 25
23 38 99
2 73 88
82 9 79
18 36 55
37 73 12
11 60 23
48 66 13
30 17 52
42 29 64
104 26 18
119 105 42
110 119 13
54 0 29
46 84 29
29 18 8
107 56 12
90 80 44
3 27 57
73 48 67
101 84 2
108 91 85
118 105 74
89 11 47
101 99 78
119 79 26
73 90 15
117 86 83
35 118 88
5 63 81
37 64 90
104 16 1
91 104 32
12 97 14
45 91 43
117 72 99
111 83 69
25 79 48
47 40 15
81 24 82
23 39 26
115 3 84
5 19 73
60 108 13
89 8 22
23 1 46
27 107 6
95 3 82
97 83 63
104 75 100
17 60 74
82 68 23
38 18 75
85 0 96
55 99 97
83 74 65
61 36 28
40 31 10
103 105 5
98 37 19
24 70 29
85 59 56
11 53 20
119 61 12
15 75 96
71 30 47
30 55 99
68 40 83
42 100 1
74 15 40
93 72 94
2 61 15
88 50 64
21 50 100
55 81 28
0 67 73
81 51 75
114 35 63
19 116 69
112 14 36
46 15 77
26 43 53
77 99 67
117 65 1
83 21 49
14 18 3
48 7 21
29 58 42
73 75 93
38 114 88
100 42 71
61 39 33
109 32 24
43 108 26
19 27 53
49 97 14
35 106 2
98 50 23
4 55 81
51 82 70
20 116 86
46 81 4
106 2 61
51 75 27
49 70 79
88 6 3
1 114 58
49 114 87
12 30 5
29 105 57
15 69 99
99 71 2
81 56 83
33 20 77
103 89 94
28 78 2
65 51 71
27 35 29
19 70 69
3 104 44
66 0 78
49 35 80
61 66 51
40 14 7
6 72 49
28 42 81
43 7 78
103 35 23
77 26 10
18 116 65
101 76 86
67 11 65
64 53 52
63 34 36
20 67 59
110 90 51
110 87 59
70 46 11
17 82 66
65 68 80
53 87 67
101 40 66
103 32 27
48 32 19
10 71 89
70 97 53
58 1 70
112 79 95
19 35 3
77 0 58
109 4 93
20 37 79
56 91 99
23 76 78
11 87 84
33 7 74
27 3 11
108 53 93
49 25 31
107 119 62
58 74 54
57 32 21
50 109 95
80 113 56
58 83 7
116 47 48
25 56 2
70 87 17
100 72 32
94 82 62
96 79 61
101 112 5
15 40 49
18 79 15
57 116 45
107 1 83
50 85 53
45 31 83
32 65 98
66 114 14
26 94 26
91 22 5
21 55 27
21 110 61
64 97 65
31 83 85
94 17 3
66 119 83
110 93 56
63 104 6
66 23 40
94 23 44
17 73 45
96 20 52
53 115 58
25 117 41
90 74 76
37 83 73
18 109 33
89 96 23
50 72 71
92 97 60
99 59 30
60 54 34
71 59 41
91 113 40
94 31 14
7 26 37
74 54 18
82 76 11
71 114 47
77 44 73
19 2 29
27 99 39
74 5 3
98 112 4
47 53 100
57 62 7
65 73 83
88 12 95
115 92 75
72 102 41
76 62 73
57 7 10
14 74 21
15 36 39
10 23 11
30 48 14
19 53 35
66 60 46
50 15 95
104 86 86
116 25 89
64 20 37
74 12 4
116 18 53
36 116 44
102 68 75
62 107 91
10 119 73
95 74 88
84 61 48
27 57 33
102 16 80
95 32 74
47 37 43
86 102 52
14 75 18
10 68 66
92 12 95
11 20 1
80 66 87
27 21 26
55 113 59
64 79 7
2 44 28
75 31 23
72 46 31
67 68 15
58 98 50
23 3 10
36 32 58
72 64 52
78 22 65
8 72 46
102 61 1
80 33 17
95 84 51
78 83 21
29 20 71
100 0 28
101 27 95
38 107 57
102 83 13
27 90 35
116 2 65
110 39 33
87 70 27
75 67 53
105 116 39
6 34 83
64 110 12
99 74 23
26 86 66
18 112 57
3 17 69
31 113 11
57 76 20
44 62 93
94 12 65
7 67 34
14 69 57
51 94 7
98 22 76
0 80 24
3 42 4
53 61 98
82 25 91
86 110 78
80 63 82
32 98 5
106 17 32
62 79 33
20 46 83
12 112 96
54 38 76
102 38 21
102 117 84
8 16 50
17 18 47
40 36 91
10 24 38
15 111 65
77 103 22
91 66 72
54 56 69
54 47 98
5 76 31
80 4 74
76 21 34
97 82 89
68 27 11
57 87 36
4 79 80
20 14 43
81 106 60
27 84 44
70 8 10
72 88 84
38 34 15
64 63 34
113 64 40
82 60 75
102 76 86
57 0 71
47 20 30
86 93 88
83 80 92
67 69 73
18 75 10
30 15 57
1 98 10
72 76 67
12 57 41
112 44 3
51 67 80
48 114 88
93 55 70
1 20 7
12 110 75
51 116 10
101 34 81
65 86 67
114 96 47
118 99 34
91 23 13
37 23 46
4 104 38
86 49 82
43 72 19
44 111 11
27 44 45
37 32 42
41 11 54
53 81 77
66 24 35
35 21 80
70 109 88
7 73 39
4 95 17
15 37 81
106 42 6
94 55 33
17 19 14
53 116 70
9 56 48
55 83 15
23 85 96
27 59 81
1 68 32
97 34 45
40 2 72
117 49 69
48 62 55
55 20 52
65 71 92
30 79 27
64 25 27
55 28 87
2 98 73
76 29 79
61 117 89
108 95 1
67 17 24
84 55 9
117 32 22
119 35 66
11 55 5
109 86 31
85 96 39
43 107 64
24 35 57
40 110 59
94 32 91
63 97 68
44 86 3
17 87 97
14 8 53
64 1 23
26 50 13
22 61 66
33 5 58
109 115 15
108 41 52
33 28 17
105 47 10
30 91 95
9 64 6
18 111 78
109 82 35
59 60 66
79 49 16
4 101 87
119 80 73
43 111 60
40 64 36
5 31 90
115 110 62
30 50 45
87 32 7
9 108 37
64 35 51
107 112 37
118 9 27
50 96 61
35 2 29
99 12 77
47 94 53
51 79 12
57 29 9
6 82 66
44 31 81
47 93 3
107 14 41
49 27 5
35 68 33
103 30 47
4 75 39
76 112 49
10 12 19
33 24 38
100 78 50
66 80 84
59 86 1
42 0 61
33 71 83
50 42 77
96 119 97
70 107 17
84 58 80
16 3 100
63 106 3
5 113 67
80 12 80
24 100 4
72 74 48
58 119 36
16 50 59
79 74 51
114 49 15
22 50 79
21 95 67
5 95 51
6 2 13
79 104 17
49 109 100
16 109 87
48 60 63
99 110 69
58 82 23
59 3 89
24 40 20
95 15 46
32 60 58
30 1 14
79 108 82
69 102 8
1 85 84
10 114 42
116 63 2
81 100 45
111 54 12
106 83 49
16 48 40
5 43 89
34 33 53
26 89 61
54 3 1
95 51 8
3 35 42
9 117 84
65 34 96
28 87 83
46 67 28
61 81 44
108 56 18
37 117 100
111 108 60
28 111 48
51 76 37
27 63 80
29 54 21
80 115 24
102 19 68
5 55 11
17 23 73
79 10 33
86 33 31
40 91 10
99 108 64
84 11 11
72 117 90
94 45 74
84 22 43
72 78 37
73 70 73
38 16 4
23 12 52
94 109 66
69 81 29
44 102 80
76 74 65
68 86 29
34 9 2
87 115 59
42 5 13
3 98 34
35 30 19
23 119 21
83 1 12
90 14 28
19 37 6
70 92 33
71 104 93
39 60 62
17 69 88
71 101 20
112 102 23
54 4 59
37 47 15
12 33 31
93 107 96
110 33 16
50 103 52
102 47 83
9 37 97
63 108 73
77 2 9
1 64 1
115 42 87
23 87 11
58 60 59
107 21 71
91 54 78
96 77 23
78 35 82
103 87 20
47 77 26
113 92 39
109 53 79
35 114 8
27 86 67
43 14 100
113 99 26
72 93 69
108 7 90
76 5 35
70 63 26
56 4 18
73 100 96
5 60 93
104 76 69
26 87 68
69 118 9
94 8 67
9 76 37
83 0 2
60 84 23
90 91 38
11 56 71
55 22 53
41 51 81
32 50 8
118 70 46
45 98 51
119 75 52
21 63 8
37 98 31
81 12 88
112 47 82
97 56 57
106 40 61
89 24 6
2 5 61
60 50 63
88 39 83
24 98 16
69 15 62
112 116 100
69 1 36
40 44 19
54 69 21
42 10 44
64 33 97
39 31 59
31 73 48
40 29 9
86 28 8
83 94 65
46 23 29
89 60 26
113 8 22
55 44 74
45 35 79
37 93 81
86 40 36
21 98 83
56 82 12
54 18 22
38 2 46
100 18 45
42 60 36
20 4 22
23 63 85
90 48 49
33 32 12
21 117 46
19 30 48
64 57 87
28 82 70
114 48 85
27 58 32
9 86 87
1 73 79
75 39 67
30 61 83
36 48 8
68 81 40
116 58 65
74 16 15
105 39 74
49 57 79
39 110 75
96 99 32
106 41 79
85 24 32
80 7 54
23 92 40
81 67 19
27 73 93
106 110 100
91 10 16
25 66 77
69 46 2
69 28 33
74 115 73
76 17 29
16 90 64
108 28 49
82 40 60
42 118 73
18 100 76
59 36 78
33 45 69
6 59 94
7 24 6
117 68 76
38 110 52
14 102 40
43 23 41
91 18 3
68 17 64
40 68 90
87 116 19
71 14 65
101 49 96
73 62 49
83 91 68
38 29 99
58 40 54
69 44 81
11 111 34
57 81 64
110 3 70
17 25 84
66 79 6
114 84 78
87 33 65
74 93 31
49 77 90
84 9 26
99 18 66
102 88 28
50 111 75
100 107 67
11 105 52
40 53 9
110 113 28
117 45 91
110 112 73
30 39 22
48 87 69
8 110 66
94 0 98
35 22 68
38 41 60
20 6 49
49 82 73
118 5 43
38 117 76
119 96 63
119 95 56
63 56 35
32 82 94
33 99 43
102 115 46
14 40 16
62 21 7
24 2 25
48 35 25
48 105 61
29 116 70
101 115 13
29 11 70
101 88 92
85 2 98
114 72 27
10 57 27
64 40 40
57 41 8
108 97 3
10 35 27
2 42 12
66 103 9
118 54 29
10 64 73
117 82 30
75 43 10
87 101 32
56 36 65
117 20 34
58 75 76
66 20 79
59 89 52
29 12 73
103 38 61
90 54 26
118 44 9
109 56 34
28 101 34
22 80 100
63 45 86
44 113 76
119 67 25
89 80 58
46 69 56
75 84 56
100 85 72
50 9 93
1 92 38
30 69 3
45 101 71
41 14 88
48 28 56
110 53 98
23 65 20
37 79 47
50 56 35
81 87 76
31 27 60
113 28 50
19 58 10
49 56 31
5 37 43
5 77 28
117 99 75
29 101 67
31 84 87
26 71 69
99 115 60
98 111 40
103 84 60
18 72 71
16 15 57
92 68 3
36 56 10
118 117 62
35 108 91
68 75 35
53 42 98
24 107 93
6 30 68
117 40 69
39 49 33
83 56 93
57 40 90
88 73 36
37 70 80
116 16 8
106 117 84
91 86 1
75 5 88
27 62 82
66 51 96
77 18 5
58 27 16
38 53 37
39 30 33
29 78 16
40 112 87
96 45 13
95 47 89
110 71 60
75 104 18
102 89 18
73 42 7
22 119 55
117 23 7
25 57 64
105 23 92
48 19 21
72 40 31
48 50 93
46 87 55
92 9 89
37 80 49
88 49 72
117 83 41
30 24 30
104 2 8
38 58 83
73 16 65
54 27 76
55 108 40
33 104 56
48 18 36
53 97 51
56 35 62
90 19 95
28 100 90
63 118 31
12 85 100
9 29 74
91 119 53
80 20 56
62 17 4
57 56 16
26 112 63
116 97 85
103 119 14
20 118 79
9 57 20
65 35 68
87 91 73
111 84 17
118 113 29
19 43 7
70 35 59
2 49 72
3 85 51
26 113 2
69 40 4
2 83 88
93 74 89
73 56 36
21 102 37
6 41 36
68 19 77
57 19 55
40 88 75
35 25 99
71 9 97
18 66 11
103 14 45
105 1 81
15 83 70
106 16 20
74 82 77
40 32 62
41 70 19
43 53 38
69 16 21
62 97 74
20 7 75
63 117 35
110 54 9
112 82 59
17 29 58
43 97 57
80 94 52
66 6 47
39 35 51
30 107 45
45 118 88
38 45 63
94 84 73
29 15 71
72 19 65
45 96 87
11 37 60
12 111 74
96 48 73
60 17 27
19 11 46
80 57 72
36 112 60
62 82 66
80 103 28
27 39 26
47 107 40
106 21 98
78 26 57
113 43 67
90 94 53
8 27 19
60 25 55
22 19 83
87 105 89
107 71 61
2 16 2
49 7 55
97 14 26
43 83 88
21 25 56
3 115 69
34 17 11
8 5 86
110 98 39
0 105 90
78 98 75
76 3 30
114 71 12
27 42 43
0 61 67
113 40 89
24 39 64
43 71 8
88 19 65
47 81 40
15 5 2
105 63 40
9 50 46
23 110 23
7 117 46
84 110 63
114 100 32
37 56 57
93 9 49
80 110 24
77 8 68
114 82 31
54 14 7
68 71 46
69 62 13
44 14 88
5 20 69
117 9 6
19 75 72
62 16 100
107 69 1
105 77 100
15 81 41
28 18 70
80 2 86
6 55 12
70 72 67
70 53 42
84 18 30
96 30 37
119 101 94
12 37 79
39 27 5
41 68 16
15 44 39
94 67 44
41 8 42
44 24 10
111 90 46
51 78 6
107 92 94
21 109 28
90 49 61
35 18 27
88 31 99
115 25 34
37 81 62
22 68 58
5 104 66
107 77 57
103 100 61
17 8 59
1 62 95
96 63 7
71 48 84
78 62 77
64 105 11
113 42 25
101 21 94
47 83 25
76 88 87
65 95 22
89 88 64
112 43 57
39 15 67
53 57 73
45 19 41
114 94 70
9 39 13
5 79 15
76 27 15
55 106 11
26 82 94
40 84 81
40 92 96
24 105 16
35 107 37
33 30 48
75 78 95
91 117 97
107 58 27
41 115 69
29 96 56
51 0 62
4 19 67
38 69 95
79 93 80
8 96 75
41 0 50
17 7 72
6 78 13
106 46 47
82 113 78
48 63 42
50 31 91
119 40 35
100 104 81
80 17 65
53 96 11
88 62 78
73 51 62
45 116 11
98 84 14
100 77 62
3 63 61
43 102 98
117 48 5
38 76 57
78 12 35
71 38 72
34 105 6
20 39 75
6 26 53
18 2 23
106 58 51
15 113 21
17 5 3
20 104 58
60 33 59
27 50 60
51 40 13
31 86 40
48 12 77
9 109 96
49 10 73
24 57 51
96 88 26
117 92 38
57 115 5
68 103 56
96 116 17
9 119 81
82 69 18
53 104 28
92 110 76
56 57 89
94 34 91
100 4 73
91 82 8
35 38 60
109 112 88
93 46 74
36 5 59
104 49 22
51 54 93
64 69 36
12 19 58
45 100 99
64 11 95
24 88 6
43 29 99
86 76 33
51 1 87
35 63 8
43 112 92
2 68 9
28 92 8
5 90 63
86 25 75
85 23 72
23 30 22
28 88 100
98 3 16
111 92 66
25 91 31
90 35 50
77 38 63
105 89 95
48 118 46
19 100 26
105 80 85
81 16 21
32 11 46
48 54 72
108 18 13
45 89 50
95 70 80
18 71 61
51 80 51
67 12 13
75 35 57
27 81 28
112 66 28
63 67 48
10 42 25
8 21 19
95 16 67
96 49 2
66 91 61
111 74 82
92 102 62
74 101 68
119 74 6
46 119 84
57 4 63
47 82 89
20 5 46
5 87 31
25 38 31
12 58 12
61 63 92
84 77 97
53 92 94
39 45 96
59 79 61
111 37 85
103 96 19
57 26 29
42 102 100
44 5 82
7 92 63
61 82 44
43 88 91
18 57 8
23 0 10
105 88 29
2 91 74
56 43 46
32 73 56
114 51 56
7 84 27
97 16 52
45 79 61
82 112 93
45 107 3
30 85 17
99 87 99
57 27 28
90 67 74
79 100 97
100 46 5
109 114 91
74 51 12
21 97 45
97 2 54
45 92 38
24 27 77
33 117 10
85 98 36
22 71 43
23 97 69
115 101 42
31 6 72
5 81 58
48 38 31
25 112 6
6 84 6
104 61 8
77 50 97
103 70 37
111 43 47
27 83 100
0 117 1
60 59 12
5 22 97
85 119 66
16 96 60
94 44 42
47 63 43
53 23 45
117 42 51
83 68 24
17 21 91
56 41 91
3 112 51
112 80 76
63 66 18
8 102 99
116 12 32
55 94 51
18 93 72
26 4 6
104 27 96
30 105 4
114 29 6
61 9 58
29 118 82
26 49 18
111 21 100
37 66 59
29 19 10
74 89 86
6 109 28
110 41 48
81 48 87
51 14 13
54 7 74
88 56 9
45 110 41
113 63 57
88 90 25
119 31 92
112 85 65
73 74 50
29 73 43
1 46 16
75 55 45
100 22 14
94 118 89
2 103 42
70 74 73
64 29 33
8 92 55
68 29 22
67 43 43
108 115 20
99 47 88
116 57 69
110 36 31
65 21 5
86 68 71
80 116 77
62 80 20
37 101 63
35 31 29
69 106 22
34 80 42
25 110 16
41 28 25
105 115 50
29 72 84
53 24 67
6 47 89
25 0 72
56 101 33
71 45 100
14 53 98
65 106 96
34 97 27
113 10 25
85 109 42
53 48 68
73 40 24
60 75 63
113 65 5
4 107 67
16 62 29
92 20 59
96 72 86
99 44 73
62 112 46
98 35 7
105 92 11
64 12 74
27 46 58
17 54 97
49 0 22
11 84 70
38 84 37
91 100 78
38 94 61
119 100 28
73 2 28
29 110 26
1 48 100
32 93 3
16 71 46
4 21 82
51 103 70
82 31 80
87 118 17
18 59 18
19 41 68
93 30 60
87 106 21
63 79 54
32 109 84
67 3 1
73 64 71
95 57 99
68 95 23
111 53 75
46 53 94
93 71 44
115 58 36
111 28 27
24 15 51
69 6 16
71 68 20
46 56 59
76 102 53
116 8 2
93 35 68
18 14 7
45 60 8
102 69 43
10 5 64
9 75 36
93 84 64
39 10 22
3 33 68
8 17 4
86 5 78
3 10 28
0 115 78
119 42 90
56 109 80
54 94 21
99 65 33
15 33 51
68 102 11
88 105 85
25 54 85
24 71 76
64 73 5
26 56 24
8 23 12
43 44 39
34 12 37
94 97 22
115 87 67
26 70 74
29 65 52
65 55 5
23 44 94
63 69 93
5 100 91
24 5 89
28 45 17
40 63 3
60 100 74
83 85 73
16 64 79
25 74 36
33 39 17
17 78 6
36 101 62
73 63 32
108 8 36
3 100 21
87 10 46
59 9 12
83 76 24
60 94 98
50 47 58
28 56 57
67 55 73
69 5 80
79 67 32
68 32 21
99 50 56
119 44 50
105 110 58
82 50 61
70 9 91
9 106 5
16 57 91
55 33 100
44 76 32
21 82 55
8 43 17
28 98 3
28 5 96
82 65 63
11 18 44
51 27 76
91 115 7
41 25 97
16 101 35
36 99 12
101 55 2
0 89 82
15 48 73
38 32 22
98 59 35
118 18 73
63 107 70
114 25 87
36 93 43
23 111 8
5 24 79
43 65 12
22 74 3
83 115 96
106 115 20
90 93 2
45 87 42
104 1 49
92 45 43
112 12 29
8 25 53
97 79 45
115 102 15
62 61 12
91 90 60
20 88 76
114 74 16
80 18 55
104 85 94
6 76 21
112 104 67
81 114 33
20 112 53
56 116 31
118 11 58
86 45 94
10 88 29
85 91 5
34 119 51
59 108 79
104 31 33
23 20 83
104 38 43
105 101 10
36 31 96
6 10 49
33 116 59
28 70 25
31 0 35
36 77 17
41 94 30
114 2 69
113 95 10
73 32 81
39 28 42
45 37 55
81 28 9
38 5 25
2 1 76
102 79 47
15 27 26
18 3 83
88 103 85
26 48 61
14 28 28
66 21 90
30 86 28
7 33 27
114 73 89
86 108 72
42 43 13
22 90 75
50 64 10
72 55 50
1 56 82
95 19 8
107 99 18
113 49 82
25 9 7
48 72 57
77 15 95
38 56 19
93 79 37
26 24 20
113 27 83
47 49 51
54 59 59
24 97 79
54 93 40
23 14 18
79 95 92
60 18 23
105 74 99
119 64 47
68 62 3
83 14 63
10 80 96
19 60 86
47 38 27
15 23 78
113 25 7
23 98 7
45 28 28
41 74 52
115 27 50
99 30 70
30 68 37
97 108 1
37 15 80
36 37 81
64 51 27
100 97 66
72 95 4
55 67 44
0 2 63
9 68 92
58 50 53
35 34 51
16 10 17
28 107 67
46 0 9
104 94 99
59 19 81
65 75 76
3 103 62
89 87 12
61 54 27
92 75 11
74 92 9
60 55 15
87 102 62
89 34 79
104 97 29
86 75 59
95 43 52
26 83 82
55 84 49
69 50 45
101 24 73
51 104 59
26 67 48
39 94 99
107 49 92
39 87 40
33 69 34
111 20 69
12 25 3
70 15 4
28 31 11
31 87 83
115 100 16
22 96 30
55 68 51
49 38 88
28 16 1
56 33 9
73 118 29
61 87 65
40 49 47
37 34 66
19 69 84
71 61 28
56 100 89
8 117 4
19 44 7
115 109 50
92 57 65
72 48 69
50 75 97
67 109 14
5 57 23
50 83 84
75 58 76
104 80 15
31 23 57
16 88 20
95 27 46
41 46 75
63 31 39
32 18 59
85 72 19
117 67 13
116 28 28
98 113 58
97 0 61
26 105 86
112 25 100
89 62 57
18 84 36
90 42 89
44 85 69
116 82 63
51 113 32
109 23 15
76 81 19
3 29 6
17 79 15
117 17 58
2 117 28
23 29 16
39 46 18
93 58 45
69 87 60
42 7 100
0 114 47
87 93 76
4 67 23
100 79 70
55 30 27
119 93 40
77 36 62
6 44 98
86 116 41
41 80 85
88 3 36
118 88 79
116 69 32
116 24 52
113 81 4
83 24 34
59 62 41
29 100 11
97 89 62
28 32 8
3 76 71
44 81 41
87 96 98
7 97 89
75 3 92
30 22 54
77 28 9
76 99 23
113 33 52
7 56 38
24 53 71
76 43 14
95 71 84
29 26 63
22 111 2
92 70 48
115 73 65
4 106 9
23 80 62
88 101 44
58 81 95
22 82 26
49 83 69
50 77 53
79 80 55
1 84 46
82 91 55
49 9 11
84 50 87
17 34 62
66 61 91
101 69 20
66 73 59
44 49 27
98 60 93
55 45 96
31 111 9
34 66 24
3 31 41
18 64 86
63 20 98
112 50 92
5 89 35
2 97 73
109 55 56
42 20 64
24 79 94
56 69 81
61 67 87
44 19 92
79 28 32
107 2 45
96 38 50
86 24 96
89 21 65
98 18 71
10 26 29
106 81 63
1 65 14
98 100 3
17 64 16
102 41 59
0 98 92
8 67 86
119 29 13
86 19 62
82 99 32
67 15 45
38 27 85
25 30 9
36 18 87
111 60 59
80 48 78
81 49 87
43 8 91
72 12 17
76 83 38
94 81 84
70 93 31
95 33 57
20 49 33
75 116 30
71 27 32
116 64 98
44 23 90
107 30 84
109 25 55
28 15 5
102 107 83
14 80 21
89 30 65
81 93 19
106 15 11
8 20 63
117 33 82
115 11 25
87 42 47
96 81 54
93 19 83
56 45 55
47 85 77
51 118 33
67 83 27
54 10 34
107 96 44
40 47 15
95 53 76
88 40 6
11 85 11
1 31 76
49 92 23
96 86 89
75 66 94
93 66 59
44 25 92
51 18 60
75 4 60
77 20 59
50 68 66
70 59 20
19 20 28
32 24 72
63 64 10
96 56 9
46 50 19
80 16 77
30 111 34
28 30 89
9 32 69
109 75 45
99 119 78
67 85 94
91 68 41
103 102 85
80 88 63
109 97 35
28 89 4
6 68 49
116 60 64
104 99 85
11 48 68
42 48 89
46 49 43
77 96 68
53 37 37
75 110 91
71 116 50
55 79 1
40 79 91
51 19 48
79 66 14
111 64 56
88 66 32
56 58 53
21 112 29
37 11 96
1 93 4
20 68 64
7 76 89
22 33 64
43 27 81
67 95 88
57 95 25
7 91 1
99 66 63
18 104 14
7 83 1
63 83 21
12 54 48
66 90 72
37 88 32
46 24 35
106 11 67
32 117 86
68 92 81
44 65 84
61 118 80
111 55 37
6 87 89
59 34 75
41 62 6
22 98 85
39 119 81
111 27 12
6 7 96
2 38 45
118 8 10
5 103 78
75 51 60
67 99 22
12 115 14
9 74 58
83 111 78
80 35 59
116 105 15
96 46 94
18 117 87
86 109 97
71 80 16
23 104 14
82 116 37
71 92 76
101 114 29
71 112 14
72 104 8
104 96 1
17 102 6
62 113 68
53 21 3
4 86 84
75 60 58
47 99 33
11 102 61
30 109 25
16 78 5
2 30 57
30 63 87
66 108 58
78 68 2
77 81 24
67 78 2
99 79 40
8 38 35
115 26 46
78 5 51
27 23 46
48 86 93
114 5 16
24 104 93
42 94 84
110 28 68
47 113 56
12 42 9
107 36 90
62 3 1
20 105 60
105 53 60
101 75 69
66 33 77
70 82 52
108 3 60
9 21 5
86 92 67
71 41 47
14 34 7
63 26 47
119 53 77
50 91 54
86 61 37
85 75 98
18 101 17
57 23 1
115 91 12
23 96 36
119 70 32
116 66 12
64 82 10
111 81 29
97 92 64
96 22 74
56 90 11
106 18 82
101 71 98
8 32 70
75 82 29
33 93 17
55 71 12
19 76 7
9 67 97
111 91 19
85 60 55
42 11 75
80 73 20
95 87 62
104 30 24
11 30 86
83 19 61
95 59 85
16 80 58
55 6 60
111 101 76
54 74 37
61 101 7
105 22 47
113 21 48
61 65 21
104 119 41
65 115 8
26 115 72
56 72 34
66 83 61
83 75 49
101 46 37
8 98 15
1 82 69
18 26 16
49 78 41
79 34 14
109 100 78
8 106 50
110 81 10
59 118 17
26 34 59
104 6 61
28 112 1
51 66 51
2 63 86
15 101 2
80 105 78
40 16 25
78 114 66
10 111 82
78 109 27
87 110 47
104 102 40
1 66 50
113 96 16
60 113 77
41 98 2
42 86 71
29 86 32
8 109 26
35 53 28
61 18 63
38 83 5
7 109 61
100 74 64
108 50 91
28 64 70
26 5 77
97 8 8
117 97 96
16 20 70
39 42 77
24 26 52
34 5 56
8 26 38
97 95 72
60 104 18
101 118 74
4 99 84
2 89 45
19 24 50
60 65 39
101 104 50
49 63 96
51 100 17
3 8 4
18 67 88
17 1 68
33 95 95
59 5 92
49 59 84
19 104 1
56 66 54
60 66 21
91 15 34
54 118 65
83 3 15
47 91 10
47 64 69
98 109 34
80 22 80
102 11 29
57 119 31
84 101 69
12 109 45
95 21 24
34 18 50
21 28 3
47 34 9
44 54 78
85 32 97
46 11 10
80 24 49
75 72 52
51 15 2
108 117 99
57 61 13
31 74 18
46 114 71
29 66 92
57 113 65
61 11 94
48 94 92
87 98 88
96 60 58
79 105 37
10 62 40
105 41 89
42 40 38
102 21 43
93 49 35
95 79 85
82 5 98
71 31 70
55 66 86
55 100 21
18 82 6
35 14 62
17 99 68
21 1 71
104 112 61
110 29 26
83 10 76
47 65 34
98 81 63
84 117 15
7 71 93
1 6 69
100 105 61
43 106 75
118 79 84
78 59 80
22 20 72
74 91 39
8 97 91
11 34 90
8 118 76
92 14 46
105 71 72
90 5 91
86 64 47
1 28 99
48 14 40
62 94 59
14 25 29
107 81 61
78 105 98
12 100 96
68 64 93
80 41 96
102 31 17
110 48 100
117 110 93
60 115 60
24 72 84
9 0 27
76 110 93
59 81 61
98 87 95
4 50 72
21 7 69
35 77 96
39 78 18
34 96 28
92 44 38
102 119 66
116 114 18
82 3 90
73 98 64
34 55 22
2 19 96
76 57 30
74 66 13
42 50 67
62 110 24
60 38 24
110 22 8
109 9 83
33 59 64
19 117 5
30 73 66
107 88 43
23 84 95
57 108 70
93 97 52
17 9 23
72 82 22
57 69 95
11 1 78
54 45 75
98 46 60
79 2 44
5 107 65
2 79 79
22 104 49
64 45 26
116 36 54
11 75 78
107 114 14
0 5 43
29 69 78
1 87 97
109 8 7
79 78 5
97 107 70
115 96 15
24 110 89
72 68 26
65 23 65
54 58 40
104 40 75
60 116 46
111 110 24
63 32 26
9 114 79
68 112 2
43 62 59
0 63 53
70 19 16
23 88 57
25 32 9
38 102 94
42 90 41
79 82 98
11 86 80
73 20 2
107 91 52
43 91 89
96 9 76
93 3 33
96 103 5
24 112 12
108 66 77
65 6 60
22 102 41
31 40 13
41 110 85
89 61 67
63 54 13
68 90 30
95 36 61
32 80 97
85 95 75
75 74 80
29 50 64
80 102 41
62 2 98
119 15 10
80 72 34
115 9 89
30 49 80
104 45 91
35 67 98
102 99 94
1 5 46
47 95 23
31 59 7
105 46 3
87 66 21
42 83 34
20 93 77
112 91 43
67 80 53
95 26 82
56 73 23
110 94 4
102 23 24
80 62 60
51 87 74
115 119 49
113 104 34
53 66 99
29 36 31
7 44 95
0 58 71
105 86 25
43 39 27
75 24 91
87 72 42
29 2 63
65 31 85
116 55 45
82 15 77
114 112 88
119 23 92
60 117 15
73 97 39
59 44 84
45 103 51
54 8 5
39 1 18
86 51 23
37 4 57
72 107 88
88 58 61
92 77 41
46 89 93
75 63 60
110 102 91
28 69 63
61 58 91
98 114 36
80 56 26
9 42 66
108 85 13
63 55 65
39 106 41
56 34 45
119 48 69
8 94 32
111 82 59
108 31 81
63 98 63
106 80 14
64 112 47
51 28 20
58 10 86
94 48 7
102 77 94
39 53 74
102 18 58
111 47 78
76 98 61
19 94 14
9 17 94
9 83 44
93 1 77
72 63 80
90 69 27
84 81 63
87 40 28
63 82 6
8 50 18
14 105 87
55 47 78
97 21 15
105 106 77
65 10 98
54 26 22
60 110 25
11 108 80
40 116 5
44 95 9
7 81 78
45 42 47
84 53 20
73 7 82
92 30 18
28 73 7
9 61 82
65 41 80
45 57 24
91 112 74
72 57 43
28 55 16
29 53 98
54 41 65
118 55 8
0 88 46
93 6 83
21 31 4
74 108 40
65 16 8
71 62 64
99 51 66
106 103 47
111 63 22
101 67 98
84 31 78
90 62 86
3 93 35
37 69 33
78 28 56
28 118 54
74 43 21
117 22 46
11 64 89
94 110 67
111 50 64
101 29 14
116 113 45
24 102 25
90 64 75
56 31 90
45 54 59
32 119 57
54 87 28
102 40 32
39 84 65
94 35 37
16 89 88
90 83 35
82 102 4
20 73 55
20 70 24
4 83 84
110 8 94
77 22 60
14 104 74
45 20 27
57 88 77
75 112 82
103 85 34
32 29 73
53 35 79
55 1 36
72 114 68
42 111 30
23 36 95
118 67 41
66 64 66
25 92 39
36 95 89
76 53 12
87 90 56
87 54 55
24 49 25
119 110 79
116 91 62
26 100 97
68 14 73
6 105 36
33 78 82
51 17 88
41 21 99
92 43 18
64 59 66
47 56 32
56 8 90
31 10 97
31 71 6
76 116 32
30 80 78
8 99 72
96 100 91
91 0 16
43 85 16
6 117 9
102 81 13
26 57 58
109 46 31
15 49 51
68 70 47
54 48 91
119 0 75
107 17 14
104 46 92
26 64 49
43 92 76
4 5 15
109 64 94
53 70 65
15 97 38
30 44 89
21 9 82
48 39 27
95 31 70
5 54 28
58 5 89
114 62 16
78 29 83
43 16 84
109 110 10
93 45 39
103 23 86
50 112 4
69 82 18
83 71 54
17 100 95
2 64 71
8 39 54
18 37 19
36 54 18
91 118 4
105 94 94
95 117 61
54 25 98
15 106 20
20 117 83
43 114 91
15 45 82
50 44 80
0 46 90
78 90 100
29 76 30
108 76 52
116 62 39
45 43 86
17 50 68
104 21 44
68 46 100
43 33 88
9 18 35
45 32 99
1 57 17
35 42 62
82 71 22
89 98 46
72 49 7
10 37 84
100 28 37
112 30 84
74 29 70
72 60 75
114 39 70
60 76 61
101 10 55
16 108 59
96 75 78
72 58 71
66 59 13
79 23 12
33 65 9
39 95 10
22 18 50
107 93 1
113 58 96
62 60 69
66 95 16
95 49 79
36 20 68
64 94 65
84 0 69
90 0 69
27 61 65
49 19 95
50 101 94
84 5 10
19 49 47
81 39 60
27 92 29
91 61 59
71 47 5
8 77 86
67 114 86
12 18 100
80 96 91
4 2 97
57 3 95
106 53 21
109 27 9
16 86 21
107 0 84
39 80 60
54 57 65
88 51 47
100 27 26
94 95 66
47 28 69
119 117 24
24 38 3
76 23 58
49 112 40
75 91 36
116 11 10
72 42 61
31 65 85
26 101 22
114 44 74
76 24 61
117 53 92
4 42 71
15 30 68
84 90 91
42 64 51
99 73 60
64 81 93
39 102 84
103 88 94
115 51 19
30 54 37
98 79 72
33 43 100
97 4 47
67 32 19
38 81 83
103 25 63
50 61 9
80 28 86
89 19 82
75 76 46
104 65 60
27 28 43
105 44 54
0 20 22
99 37 13
69 23 89
94 4 10
116 73 8
38 12 30
0 27 69
6 70 83
51 108 31
82 47 16
33 57 42
60 103 51
79 85 56
108 38 41
118 97 48
31 14 61
32 10 19
30 71 18
43 82 49
41 108 68
113 11 92
102 10 44
86 97 85
61 99 8
19 17 45
25 64 28
22 62 89
103 114 36
86 29 77
57 65 46
25 96 78
58 85 63
119 38 78
38 62 9
15 78 78
23 2 98
64 77 95
12 86 34
90 100 88
54 5 92
12 21 67
69 75 18
92 56 11
49 24 11
39 57 20
15 93 63
25 24 87
32 15 34
98 82 51
26 77 92
4 23 16
62 106 7
18 49 39
14 92 70
55 51 56
28 24 18
67 20 94
66 115 24
93 91 71
11 96 91
38 10 57
109 94 34
59 50 66
7 10 72
118 7 24
78 34 99
117 74 55
48 97 9
49 50 65
16 40 10
5 46 98
105 5 57
59 101 91
70 44 42
39 66 43
62 78 3
77 55 37
91 71 87
27 9 8
81 19 59
43 69 48
60 24 68
94 5 17
1 109 58
78 58 72
16 105 85
70 26 81
86 20 46
90 110 32
56 99 60
74 62 71
10 76 53
51 114 15
5 4 37
71 26 36
116 50 59
16 39 31
77 14 55
6 24 63
20 96 1
41 87 39
12 104 13
18 53 1
18 62 4
73 49 65
41 6 7
63 102 10
16 72 99
65 38 6
110 10 86
94 117 93
51 36 81
81 18 95
95 37 9
60 2 17
18 22 47
80 85 69
67 59 43
106 33 57
11 116 30
56 78 37
50 118 31
115 79 80
19 7 84
30 2 63
71 29 100
116 115 75
16 1 55
42 80 94
70 71 73
112 53 31
41 22 39
73 93 16
74 33 92
117 4 12
69 39 25
2 48 24
58 113 34
86 94 75
59 84 6
45 23 28
70 119 88
58 107 69
109 81 97
74 24 25
85 93 6
104 8 8
48 25 25
63 0 33
70 105 42
82 59 1
12 47 45
12 90 9
74 78 24
113 47 38
49 3 17
12 73 63
105 61 12
64 18 89
5 26 78
84 12 52
34 21 13
103 67 47
2 119 39
77 43 40
98 69 77
38 68 59
0 82 37
91 6 62
116 83 60
5 41 75
113 90 34
114 88 8
27 6 79
54 85 13
56 75 3
5 8 55
14 21 87
91 65 3
75 27 43
85 76 64
74 41 67
12 82 61
87 1 99
81 29 56
17 96 36
100 116 39
66 35 81
39 23 47
109 47 95
30 88 39
48 45 31
62 31 36
81 45 89
111 79 71
107 51 16
68 114 80
67 28 14
113 26 60
48 51 21
78 8 61
25 7 62
65 85 77
83 106 58
14 119 70
8 66 78
41 9 53
6 119 4
97 116 20
34 71 11
41 30 60
10 113 88
99 42 75
20 2 48
46 72 100
21 58 66
42 81 20
92 76 33
20 97 12
42 95 75
12 11 60
110 76 17
32 118 52
7 101 57
55 117 59
19 68 59
10 21 19
26 69 66
49 106 52
64 93 23
90 26 27
112 83 96
80 84 76
20 75 65
14 108 79
18 17 6
34 23 36
35 97 50
82 61 38
92 113 6
17 49 25
66 34 95
7 1 22
38 89 51
36 9 92
43 21 83
30 31 27
48 24 60
117 87 80
118 32 85
47 50 57
63 96 5
94 54 94
88 64 26
61 51 99
44 104 10
11 25 84
35 37 35
117 60 58
115 80 17
82 21 89
116 108 81
109 7 39
11 112 89
76 25 86
1 60 82
90 114 48
110 82 40
30 98 19
24 96 1
98 30 56
65 28 7
24 61 53
101 103 96
2 67 27
67 118 70
1 119 70
104 108 92
26 21 41
7 29 47
86 91 26
118 69 39
95 25 42
58 104 6
106 22 11
103 82 17
63 112 39
78 4 32
15 91 51
28 59 73
78 40 58
50 41 40
92 93 80
3 15 23
75 61 42
78 25 18
104 35 77
24 37 95
19 105 85
106 39 72
10 118 7
38 75 37
16 56 93
106 23 60
72 59 32
65 2 99
46 85 73
20 3 72
90 47 12
47 70 88
56 60 56
69 51 93
80 89 25
58 87 16
71 8 82
25 14 98
19 34 51
87 92 89
90 27 46
83 81 81
72 44 25
51 24 36
21 90 64
103 65 6
81 79 17
57 39 70
14 103 23
104 111 41
74 8 36
51 21 71
87 97 35
32 28 22
31 106 12
56 96 73
43 1 66
41 97 66
118 31 2
94 25 25
48 82 95
116 59 67
29 33 2
1 39 20
31 11 11
94 3 33
106 78 22
70 28 10
1 42 14
50 30 64
99 63 47
101 0 22
112 41 66
40 72 38
84 86 39
22 46 17
91 81 48
74 10 9
10 115 57
108 105 94
60 79 51
53 100 13
108 72 73
108 68 91
1 17 86
92 38 97
33 115 68
85 118 76
72 115 94
68 99 24
25 113 86
11 74 42
115 90 38
9 53 9
34 32 72
71 15 18
98 92 70
91 107 53
41 57 39
91 67 28
36 90 42
20 71 47
73 45 61
12 64 78
107 35 79
26 18 94
95 0 14
28 96 34
2 33 89
67 21 27
49 102 5
68 12 53
84 15 34
82 4 55
39 97 23
116 17 55
15 46 64
10 46 20
28 0 4
97 77 86
94 53 58
82 101 67
68 57 69
10 53 12
45 50 91
6 17 34
5 86 5
40 27 20
11 61 98
99 104 70
86 10 2
32 107 77
39 83 14
78 46 11
99 5 93
113 71 51
48 8 35
67 102 30
78 30 64
30 51 18
31 98 14
74 9 44
10 105 92
49 14 48
48 20 39
36 35 2
55 48 52
74 87 52
50 16 52
21 75 15
93 80 54
50 70 23
14 64 74
10 67 79
2 93 80
30 41 72
37 118 53
5 114 7
79 68 13
58 29 16
97 15 19
83 11 36
58 111 89
80 79 10
56 7 58
40 107 95
66 53 60
112 119 83
12 51 53
80 112 3
53 111 78
10 87 31
40 17 67
40 20 95
35 12 30
67 38 7
54 50 75
117 80 2
58 108 12
66 111 94
38 119 44
9 81 1
43 104 55
62 92 61
15 114 39
84 38 54
26 95 87
119 49 67
100 86 32
14 79 55
10 78 63
10 63 91
78 27 51
23 5 68
50 33 95
91 55 29
28 26 16
90 38 54
78 94 80
116 117 25
16 65 5
66 74 96
67 22 36
59 94 26
85 84 71
101 100 80
74 36 10
89 113 21
31 119 92
14 32 62
76 58 57
44 106 4
89 54 74
32 19 59
107 85 91
60 97 70
59 64 26
79 35 1
63 65 25
110 62 52
80 87 42
73 101 30
91 42 90
6 96 65
90 33 18
79 47 97
108 71 93
63 114 58
100 101 26
116 107 92
91 64 76
111 32 71
90 12 83
42 99 34
12 114 93
94 69 88
38 66 91
37 21 97
78 79 43
51 25 1
86 58 72
34 111 87
30 47 19
21 107 20
50 76 29
73 6 77
87 79 84
69 26 63
72 71 100
25 103 62
90 60 98
59 61 30
101 51 84
7 116 51
64 71 58
68 89 52
71 69 92
81 65 69
82 8 4
0 28 55
58 105 69
31 85 64
22 88 1
106 98 72
67 41 6
97 54 37
76 41 42
103 111 41
79 59 99
82 75 43
94 11 15
95 89 82
91 94 51
80 106 16
5 62 20
96 54 3
109 3 61
36 105 10
117 70 30
44 117 49
33 2 19
93 42 25
8 60 15
118 50 47
98 23 3
1 47 23
30 93 3
63 37 17
63 57 6
45 114 98
75 37 35
53 89 79
22 81 9
1 41 87
27 60 72
77 58 80
102 58 60
28 33 31
11 94 31
84 4 95
105 64 42
96 84 9
6 60 29
71 73 53
114 22 16
72 35 87
77 9 53
14 12 26
37 102 15
62 10 67
79 31 13
85 90 8
98 102 50
65 56 17
91 24 89
103 15 46
74 88 69
28 2 6
108 104 45
88 45 14
96 27 90
46 113 44
103 51 95
55 27 35
78 110 76
63 71 79
69 70 45
75 97 46
10 81 62
108 102 8
70 77 29
102 86 57
1 81 40
113 53 65
36 4 78
19 46 77
38 118 72
23 4 91
85 30 78
2 11 19
107 28 54
89 57 40
46 51 59
91 109 76
106 101 22
95 83 7
115 57 18
9 11 40
83 100 61
77 29 58
111 93 68
55 11 37
102 96 60
107 31 23
25 75 77
43 86 47
80 74 75
4 43 100
95 76 47
35 44 44
95 65 18
83 113 69
56 20 27
99 72 100
99 105 16
22 115 10
115 66 76
5 73 16
104 23 10
34 46 81
112 33 65
89 110 31
73 114 86
19 110 82
46 42 7
3 22 96
41 37 94
39 68 4
41 24 95
54 62 69
35 117 73
37 78 48
31 62 68
73 10 14
85 107 25
30 35 54
111 18 87
25 94 36
72 70 50
30 74 58
1 4 73
39 34 36
89 0 33
102 24 15
91 30 77
51 56 54
64 62 25
46 103 72
2 34 15
21 12 30
39 88 90
46 78 13
33 91 60
50 117 79
22 79 74
41 10 97
53 77 48
4 41 42
82 2 46
43 89 66
24 9 85
3 50 32
59 7 92
1 95 43
62 50 65
31 101 16
12 41 62
29 46 28
76 44 4
98 110 72
97 101 31
94 58 99
50 0 77
65 40 88
29 106 5
118 60 15
69 7 54
109 74 87
76 28 21
24 47 34
59 42 63
100 19 50
57 101 14
19 26 27
21 48 51
115 37 76
79 64 98
28 71 26
79 113 90
94 46 71
63 4 70
3 69 1
23 58 12
92 8 19
21 19 40
49 107 40
65 105 32
57 18 87
70 102 44
117 51 57
60 16 29
40 30 87
25 87 93
4 97 72
9 26 70
104 92 59
26 88 72
44 32 87
31 81 66
37 31 96
85 67 88
106 62 32
118 10 74
9 31 12
57 35 50
60 56 7
82 100 14
63 89 85
36 85 75
48 34 53
11 82 14
55 85 72
102 14 25
94 103 83
113 70 75
32 61 33
81 107 10
101 42 58
51 53 11
85 55 19
58 96 40
116 78 2
108 61 20
33 87 16
40 115 35
16 100 53
14 106 76
60 82 63
106 0 68
34 57 92
26 20 34
28 20 57
89 71 48
33 27 53
109 117 38
36 19 31
85 54 79
19 6 49
10 70 65
102 113 70
31 112 73
37 89 57
50 88 40
60 68 23
68 34 43
55 7 11
115 40 44
4 0 36
77 107 14
78 36 42
59 75 45
38 78 40
64 87 13
28 7 46
72 47 94
15 24 6
107 57 53
74 65 40
84 111 50
44 67 29
21 11 91
113 86 66
113 2 19
27 104 41
108 119 5
87 45 83
103 46 61
85 40 15
77 116 53
18 46 20
85 108 8
50 119 46
78 104 71
101 15 38
56 65 30
116 9 69
95 108 12
3 57 18
40 19 87
35 99 64
75 20 89
6 53 83
59 22 92
32 64 85
100 29 62
35 36 71
19 18 47
80 44 82
113 36 22
76 97 51
90 18 66
95 41 33
105 14 39
41 44 72
44 15 74
117 63 33
94 99 56
70 60 62
8 103 86
100 65 88
28 9 24
72 33 46
60 0 55
99 2 65
48 4 8
105 34 3
40 3 97
60 22 79
20 18 62
41 112 63
80 100 32
99 35 48
30 84 23
19 99 85
103 40 90
14 31 48
31 75 57
89 33 68
59 37 56
22 59 14
8 34 36
28 38 10
23 43 31
74 64 25
110 106 21
40 86 64
25 55 34
105 36 5
63 16 6
107 39 93
77 108 47
115 54 78
104 5 15
24 3 18
98 28 65
30 58 27
94 1 13
114 18 1
98 80 76
92 5 19
48 75 31
36 15 22
103 61 18
17 113 6
4 116 68
17 32 49
95 28 83
66 18 56
12 65 64
104 73 78
67 103 45
97 41 21
14 43 25
12 84 12
103 108 91
34 108 19
31 117 55
42 101 1
20 40 13
37 24 35
99 39 60
117 91 20
58 12 72
92 0 97
114 101 46
39 61 8
54 105 95
49 31 33
112 55 79
45 76 56
6 75 54
116 27 21
0 49 1
109 11 41
116 70 41
17 14 78
50 49 71
87 82 39
96 40 96
75 103 55
77 106 20
109 113 29
45 80 93
79 17 46
110 101 92
109 84 66
76 96 72
9 38 39
5 99 28
49 28 59
35 15 47
26 46 3
55 18 17
68 80 98
36 12 56
24 30 35
78 53 37
24 63 35
72 17 19
82 115 72
8 37 22
44 83 48
12 35 31
106 35 82
96 93 13
64 65 4
59 10 11
40 55 37
81 72 16
62 12 18
98 39 37
99 40 79
35 92 68
53 11 56
77 60 43
58 25 94
36 107 58
55 76 56
26 61 3
44 87 47
117 3 48
45 21 20
21 22 26
20 76 21
106 76 20
12 4 72
88 74 25
30 62 100
8 93 90
88 0 94
30 14 29
91 114 27
1 101 8
82 12 96
100 108 22
110 84 12
114 10 78
96 47 96
112 31 21
30 118 15
73 102 61
80 19 41
110 21 84
101 66 81
115 99 60
91 8 2
101 58 58
92 108 35
12 50 80
0 107 33
61 19 17
59 6 99
118 110 97
87 14 22
44 119 12
43 9 85
5 92 83
64 98 92
53 71 50
98 104 15
70 111 74
109 58 58
30 7 94
48 70 12
91 51 23
48 84 51
35 111 43
47 84 67
7 42 38
27 22 59
105 113 7
50 37 19
5 58 61
107 50 48
19 92 76
101 48 57
118 0 75
3 113 4
21 83 40
65 8 95
101 17 67
62 104 7
61 110 2
48 68 80
26 25 46
87 38 87
44 30 36
104 59 99
86 84 66
93 69 12
63 1 62
75 73 52
70 30 31
113 98 17
47 69 6
74 107 15
53 95 44
69 67 67
8 101 82
21 85 34
66 16 40
102 109 31
17 11 83
57 42 75
11 83 43
53 51 36
108 69 66
70 25 21
73 33 86
67 74 73
38 73 87
45 97 39
111 0 80
3 110 76
25 62 61
17 103 26
4 10 64
113 56 47
55 105 63
27 74 29
115 0 100
61 16 65
113 55 41
99 81 38
53 118 48
16 47 25
3 67 54
81 47 91
85 27 56
42 98 87
99 113 95
25 115 79
9 65 37
1 12 53
103 117 14
35 70 60
84 56 97
65 93 93
30 53 66
102 116 31
41 69 25
44 75 79
4 36 36
103 59 76
37 63 21
14 107 97
105 45 24
74 69 82
56 59 76
5 84 95
65 98 1
28 61 13
83 39 77
39 21 100
96 61 14
55 4 35
46 101 29
39 65 76
53 36 17
104 18 51
37 97 60
6 116 71
61 92 15
25 47 27
48 44 8
68 93 100
63 8 94
119 84 61
107 87 25
31 94 29
97 28 95
90 65 95
96 34 59
47 30 58
101 108 86
109 71 84
1 117 80
110 55 87
49 26 31
39 19 79
14 56 3
5 108 13
75 113 10
83 96 46
49 51 35
8 40 21
10 117 19
111 38 43
69 25 76
62 33 94
36 59 32
10 90 81
76 54 36
94 33 74
9 90 82
25 82 11
86 16 2
104 93 96
3 96 56
28 83 11
30 75 68
71 40 49
100 25 45
32 16 10
86 9 81
117 73 29
61 119 98
22 73 49
24 83 94
83 5 43
113 50 30
99 94 84
66 58 2
2 90 82
17 86 77
92 23 97
112 75 27
89 114 3
113 35 35
69 57 18
70 84 85
19 9 56
81 94 30
5 6 6
26 59 43
90 45 49
8 75 34
69 110 75
81 9 12
6 43 97
67 33 3
37 61 2
22 67 46
89 29 12
31 90 23
47 101 70
26 84 31
117 29 41
91 60 79
37 82 83
72 15 89
12 53 33
63 27 62
103 0 22
58 36 100
44 74 37
27 70 32
68 43 83
85 79 90
49 116 84
0 4 69
85 7 16
46 44 1
55 60 83
108 11 50
70 32 88
21 41 38
60 119 9
71 7 36
41 47 45
26 106 45
58 88 73
29 41 33
21 53 86
28 3 25
38 47 51
100 37 80
91 73 2
100 70 78
20 106 12
103 118 33
77 39 72
42 84 42
46 66 84
73 41 93
99 32 57
72 5 97
112 38 2
83 55 15
100 87 55
79 29 50
103 28 44
77 30 25
41 34 9
78 107 69
23 91 47
12 79 3
28 1 13
22 106 89
77 87 51
18 89 15
65 80 97
45 73 61
107 20 80
47 76 55
107 37 61
58 103 63
76 108 18
16 24 48
94 49 63
3 14 93
23 15 33
85 61 84
96 41 29
38 43 36
12 88 41
84 54 16
59 76 40
33 54 9
82 119 73
78 86 83
41 96 1
76 4 78
116 67 39
77 62 40
59 117 95
91 111 50
85 65 78
118 75 37
113 76 10
36 108 63
115 118 9
106 5 53
39 29 52
103 69 5
65 9 62
15 31 77
61 44 73
80 70 26
58 6 94
108 45 13
66 109 24
9 72 58
25 31 61
28 46 66
63 78 99
6 83 17
0 75 8
82 95 37
84 60 67
108 39 52
110 1 8
31 66 19
58 53 41
45 15 58
6 14 71
95 93 77
10 73 4
33 6 9
11 32 31
91 33 9
3 108 54
55 5 23
91 88 73
66 42 69
11 59 55
68 58 6
91 45 18
85 68 36
110 63 39
55 54 78
6 115 48
105 93 91
8 9 78
118 112 61
19 33 27
61 112 81
62 100 65
45 27 42
118 21 20
58 34 93
12 39 68
33 79 4
63 39 78
62 23 4
86 111 44
77 84 8
62 72 76
21 69 58
93 96 32
110 80 94
46 1 22
36 66 27
63 109 17
39 41 100
54 33 63
32 5 65
72 80 85
41 7 27
61 0 73
7 77 21
56 114 82
5 68 31
32 41 16
25 44 97
27 117 9
90 70 56
117 50 22
41 12 84
39 44 74
20 114 15
18 48 42
95 44 64
56 50 17
35 23 5
119 108 54
107 67 16
9 36 43
28 110 18
50 12 94
5 109 53
38 104 75
70 50 27
11 76 81
79 6 89
41 109 79
66 96 18
70 58 50
30 117 90
14 78 43
95 115 72
94 91 21
29 95 48
21 43 54
20 22 78
33 119 52
118 92 8
80 26 72
99 15 41
78 32 62
31 21 33
80 75 70
43 90 89
70 80 86
34 101 97
92 42 67
51 90 97
119 2 43
37 68 81
54 72 22
0 90 69
9 70 8
96 70 26
40 100 16
38 100 43
46 28 35
8 22 51
53 83 63
46 21 5
79 112 35
66 102 32
32 14 89
83 17 70
44 98 92
27 79 26
80 53 24
85 117 29
32 76 68
64 3 4
37 104 37
86 81 53
21 101 63
73 83 82
8 41 13
65 29 71
35 103 90
11 95 8
89 45 82
4 73 9
80 36 25
11 3 96
34 83 53
100 98 1
40 24 25
108 73 83
33 56 25
45 119 63
22 95 39
119 16 90
56 49 8
15 10 73
2 54 92
1 44 92
64 104 11
106 95 74
97 98 19
54 63 29
45 117 60
14 68 90
28 103 62
97 24 78
58 115 34
46 97 20
105 48 51
104 66 1
7 49 91
0 62 70
38 51 31
94 77 38
114 31 69
16 55 61
47 33 42
35 41 41
60 96 39
89 20 49
25 17 87
89 92 52
115 32 69
51 2 23
59 17 49
94 57 97
51 6 59
29 37 83
79 101 82
31 25 71
43 74 85
31 96 81
69 0 84
11 46 6
61 46 68
24 81 90
107 64 14
31 12 96
48 43 71
34 112 50
103 34 95
100 8 96
4 32 31
65 25 67
113 6 97
107 101 72
18 55 45
57 71 55
104 63 68
107 79 23
86 1 33
38 25 7
95 62 52
102 43 28
63 76 28
114 99 94
24 93 64
10 66 64
81 44 27
115 74 32
114 95 8
21 39 93
87 59 5
4 33 3
73 54 73
14 0 56
103 21 66
86 69 84
45 39 98
34 60 72
27 77 44
63 86 16
76 2 40
99 10 86
3 74 87
74 105 17
81 3 51
73 61 86
37 54 36
31 35 75
108 46 95
58 16 28
45 112 57
80 97 93
104 87 97
92 49 48
116 49 1
32 75 69
89 44 45
89 53 51
5 66 45
42 73 33
96 33 40
78 71 43
65 101 17
87 28 23
101 30 100
115 55 63
36 23 20
1 19 11
74 32 85
95 81 100
55 16 71
70 4 71
113 80 71
109 26 38
73 99 72
34 69 77
3 79 37
23 47 8
41 1 54
64 83 53
68 79 65
32 54 28
12 22 94
16 103 63
38 39 40
85 115 82
54 73 12
47 0 79
27 36 26
77 109 46
12 119 9
93 38 52
76 85 85
115 97 10
57 73 100
33 80 80
60 87 23
63 24 28
9 95 70
6 16 40
14 41 72
106 66 20
99 90 90
118 103 65
60 74 90
22 24 90
78 92 98
7 80 41
103 74 25
37 42 88
34 1 63
0 9 74
42 15 64
79 61 19
56 80 24
62 36 18
56 6 33
9 58 63
99 43 75
0 24 37
111 10 21
9 105 71
91 63 94
3 59 18
96 53 43
16 112 63
108 114 42
16 32 98
3 92 86
76 92 83
48 81 48
30 92 5
117 76 8
89 5 59
34 0 8
95 82 48
40 11 20
75 119 100
51 107 87
3 5 77
103 92 40
0 83 85
69 55 72
76 115 62
82 79 6
32 59 53
79 81 75
53 54 33
73 9 28
116 111 40
119 30 96
95 102 60
67 48 5
6 51 3
28 76 64
118 29 92
73 12 8
114 93 86
91 47 23
104 56 33
36 60 37
32 116 31
33 40 94
72 25 60
107 33 30
46 86 39
58 9 67
53 45 24
16 99 35
26 45 60
83 95 54
35 96 4
21 116 88
37 57 64
47 51 35
38 11 69
39 47 53
50 51 79
38 60 5
9 71 23
26 12 22
56 47 92
75 16 26
53 44 63
95 68 42
10 28 78
97 84 65
50 82 93
44 2 6
64 19 75
14 6 28
36 69 23
71 66 43
11 17 99
62 86 85
9 45 91
76 60 96
51 57 33
33 62 58
119 92 94
47 90 62
23 11 67
94 80 33
11 7 67
40 71 66
81 86 7
82 41 69
102 5 52
26 110 76
24 14 94
68 45 83
71 74 6
84 98 77
90 46 30
64 101 34
75 25 56
99 93 49
80 38 36
91 46 45
87 78 67
75 54 45
9 5 60
78 37 13
29 109 9
117 95 5
31 1 4
92 103 39
41 107 4
5 50 95
50 38 71
75 48 7
17 37 88
23 89 18
44 45 52
79 54 81
32 48 40
30 33 50
17 93 92
42 115 75
49 37 42
18 31 7
83 78 47
98 49 26
56 10 94
58 19 35
6 66 53
62 109 79
29 63 73
108 86 42
29 62 42
66 116 58
65 30 35
33 114 68
46 117 37
8 10 19
93 12 25
73 29 15
69 22 61
54 71 10
10 108 32
106 111 99
50 22 100
49 1 6
75 68 69
109 36 84
70 94 40
116 84 78
100 35 8
76 59 50
51 47 64
26 72 59
108 64 76
95 67 59
49 91 44
75 98 91
60 49 20
90 29 32
70 85 63
116 45 1
16 73 30
69 113 66
38 20 28
118 77 34
16 12 23
25 1 26
68 24 36
82 43 93
69 19 21
39 98 4
87 12 83
19 81 41
58 20 40
50 92 48
10 79 9
92 100 25
86 90 55
54 103 56
109 54 100
17 55 54
81 117 4
100 23 14
102 2 12
114 53 70
23 94 44
30 4 97
99 34 37
101 12 38
10 94 6
17 117 30
6 65 49
75 18 11
112 32 34
47 19 78
75 30 50
19 111 36
57 89 34
21 2 21
11 50 49
102 87 27
67 111 4
107 80 83
117 38 93
46 38 11
117 58 78
88 35 87
25 34 38
36 115 93
89 39 100
82 114 2
98 117 30
30 119 6
34 89 86
116 119 8
96 44 32
17 85 98
101 82 65
78 33 93
59 1 54
36 96 86
10 40 91
46 108 68
29 67 49
68 97 62
19 64 86
51 10 97
36 51 43
63 44 71
32 70 99
18 42 51
107 38 65
105 2 40
100 96 23
78 72 86
0 32 70
22 107 89
18 25 27
115 36 62
101 39 85
64 67 81
111 14 4
28 85 21
88 23 85
88 60 79
99 117 99
97 30 95
88 82 51
40 9 95
48 96 53
37 90 67
108 12 60
61 105 25
3 53 7
46 40 56
38 90 1
60 105 11
27 118 63
12 83 31
106 6 83
81 5 24
38 91 50
26 17 28
102 7 53
12 103 85
86 14 66
117 84 52
83 69 60
17 20 38
46 55 89
72 94 41
9 40 97
97 111 38
71 76 95
41 86 21
68 0 40
41 100 9
7 9 77
61 27 98
72 108 39
42 26 59
53 101 59
104 28 14
111 89 88
67 31 40
71 44 69
67 77 21
62 65 62
29 77 41
115 14 56
27 110 16
89 59 85
113 16 48
53 14 98
63 58 83
81 60 2
28 74 15
74 11 19
35 102 56
43 101 61
30 37 26
67 26 13
24 111 23
1 79 76
112 63 83
9 24 51
2 82 29
70 1 20
14 45 42
97 18 21
80 5 68
47 41 70
99 92 52
83 7 1
107 68 40
9 100 3
103 37 78
73 19 6
47 4 42
108 42 61
67 19 45
27 37 6
46 90 29
4 64 80
68 72 65
11 100 50
88 95 28
116 61 1
35 109 50
71 25 77
33 76 21
97 42 22
66 69 48
114 67 45
114 4 38
36 113 22
60 3 68
86 89 26
76 101 72
95 118 99
94 19 48
0 14 51
30 38 80
16 6 26
27 85 12
104 118 13
85 114 2
42 93 46
58 47 50
45 108 82
41 53 30
15 39 52
16 27 4
6 107 65
23 35 72
14 50 14
27 105 79
36 75 72
65 99 58
15 4 54
29 103 100
62 55 87
108 57 37
26 96 75
80 3 91
24 82 38
110 47 42
109 49 41
42 58 31
57 94 88
116 90 36
76 22 57
79 69 62
20 64 60
5 16 59
106 79 21
114 77 59
119 116 68
33 90 19
31 54 12
6 91 100
20 89 95
117 5 25
79 38 14
46 41 31
77 6 32
59 113 11
29 14 52
20 63 21
45 25 12
90 89 37
73 43 1
14 100 85
7 89 73
115 16 36
55 39 9
61 42 44
78 20 39
42 57 83
114 43 98
90 32 71
43 118 75
32 113 43
49 76 48
3 12 14
1 8 3
92 58 2
95 34 21
114 97 1
110 57 63
75 83 73
33 22 15
100 117 96
1 61 27
105 114 64
75 12 67
110 20 64
63 29 43
86 57 67
118 51 1
89 2 34
50 55 1
117 116 96
18 47 25
6 3 83
70 5 70
95 17 33
86 98 79
115 17 2
4 105 65
60 80 100
50 18 86
7 99 77
83 31 8
114 98 10
76 19 88
30 76 64
12 27 56
35 46 68
94 68 74
47 80 82
16 63 9
88 9 77
56 27 5
78 45 56
87 22 9
85 14 77
40 59 1
40 119 17
71 17 14
0 25 17
98 93 11
8 15 45
20 78 73
88 4 61
22 39 22
14 61 26
66 26 62
101 78 46
22 26 87
51 11 59
51 89 65
111 39 45
68 36 17
63 15 37
92 71 69
65 17 19
55 24 88
77 46 7
88 76 66
114 19 45
11 49 16
63 49 15
67 2 17
115 94 85
116 32 35
55 101 54
26 80 87
102 82 54
105 91 70
76 56 39
18 5 37
50 10 5
10 33 74
21 68 61
77 42 9
71 67 99
105 26 89
86 100 91
49 39 84
99 89 68
49 8 13
42 66 54
12 40 24
40 93 98
89 18 28
66 31 54
53 60 9
66 45 9
117 39 33
41 20 23
69 94 75
105 118 57
76 105 70
31 70 49
109 50 51
29 31 4
61 111 79
108 67 16
44 97 75
89 111 19
11 44 86
12 116 61
92 37 50
62 29 99
39 91 40
66 75 13
77 76 13
38 99 31
0 53 95
106 102 40
102 62 4
42 44 33
18 51 69
54 32 89
30 0 53
93 94 42
99 55 99
31 118 41
69 86 93
78 24 31
110 118 23
94 27 95
3 4 26
33 64 32
65 32 80
90 41 68
88 27 62
119 19 89
93 5 92
45 95 73
21 72 6
48 22 51
30 8 52
111 19 37
61 21 93
5 116 96
110 19 60
69 58 49
87 43 95
14 71 69
93 40 27
119 58 3
2 118 26
71 19 4
50 46 26
65 109 74
51 119 25
45 81 61
65 14 62
56 62 27
99 64 71
26 15 82
101 56 55
84 33 28
47 5 62
63 42 51
35 17 34
54 30 98
11 8 14
108 75 45
48 119 18
89 104 8
114 56 72
72 23 56
82 7 7
89 90 39
66 99 33
91 69 38
71 117 74
81 55 99
56 87 47
61 31 45
35 83 25
2 112 32
92 35 19
15 71 40
4 39 72
54 64 42
112 87 48
12 9 35
75 57 66
79 110 98
30 66 89
93 99 4
77 3 60
17 42 25
63 50 7
116 100 24
77 24 32
7 74 63
112 2 3
18 16 7
30 20 7
65 26 3
108 83 56
49 16 98
11 110 83
7 82 77
6 81 94
9 55 28
25 21 63
16 17 86
39 107 47
106 57 2
12 44 48
16 53 16
48 110 6
78 111 84
46 116 65
80 32 3
67 70 99
15 73 87
88 48 1
98 12 76
82 110 20
46 47 27
69 68 34
85 74 76
26 2 83
100 55 57
9 80 64
70 96 66
1 103 94
102 98 7
22 109 32
29 35 57
94 56 87
9 88 48
57 49 75
34 102 70
99 107 19
6 99 40
23 34 41
20 108 93
75 114 33
109 28 28
79 19 29
115 28 30
81 34 63
94 113 51
25 101 11
100 12 96
8 79 6
15 38 13
63 9 70
51 115 75
65 96 42
45 34 92
5 117 59
69 99 91
33 17 70
43 116 7
100 11 49
102 53 74
78 95 25
106 12 71
61 5 90
57 102 48
10 43 40
95 14 63
92 53 61
49 74 29
41 40 73
38 6 78
112 29 21
63 2 90
45 5 11
110 97 53
11 28 43
60 9 54
96 95 56
12 108 94
103 81 29
115 72 7
10 106 48
20 80 55
29 1 64
87 94 83
119 6 37
71 72 82
108 36 100
42 25 16
62 118 87
107 61 72
11 88 33
53 64 60
53 6 36
91 4 62
12 29 96
56 22 64
82 20 45
57 9 17
97 60 82
95 107 26
37 51 17
91 83 59
50 54 11
85 25 53
46 9 1
24 41 65
15 50 67
38 1 44
25 15 47
7 39 76
116 93 63
33 106 33
116 0 53
88 68 9
44 18 73
39 112 49
51 46 73
68 10 67
45 105 94
61 104 60
101 81 66
0 50 50
78 54 79
30 97 24
21 30 23
27 114 2
1 106 13
3 30 97
94 107 54
42 113 25
40 18 18
107 22 96
14 30 13
107 55 79
53 22 96
67 110 86
72 110 43
102 111 65
39 4 72
75 79 97
41 119 87
112 89 57
43 19 34
76 45 61
92 84 77
76 93 66
22 86 98
111 77 65
14 2 6
96 112 22
31 3 49
26 111 24
26 11 75
97 115 27
11 78 58
40 1 9
2 80 6
15 20 20
8 36 32
31 9 11
37 33 95
53 8 43
110 11 45
78 117 70
83 98 34
119 9 2
85 100 37
32 26 23
95 72 57
25 76 52
80 71 78
64 88 7
53 94 81
119 21 1
118 71 33
96 57 15
2 107 97
57 64 66
73 44 22
111 67 96
60 34 66
22 114 7
68 101 2
33 41 16
72 24 11
42 32 79
86 41 3
112 62 71
98 15 23
3 55 21
35 65 95
50 102 5
66 88 34
54 21 67
111 99 51
42 89 64
117 94 80
61 32 55
19 16 11
114 75 2
20 43 87
19 25 34
41 92 39
86 30 1
48 57 28
40 102 4
11 93 81
39 85 13
51 16 71
7 87 49
98 19 76
38 36 40
87 11 25
9 78 64
57 34 31
54 66 37
96 65 69
15 51 43
36 3 5
22 64 76
67 100 42
12 36 92
34 64 68
87 83 16
14 5 96
91 21 75
45 47 52
1 54 60
79 107 81
16 31 23
32 108 22
86 55 59
9 89 37
85 6 57
93 8 83
57 43 41
2 51 72
54 110 7
104 37 19
82 49 13
80 0 85
115 10 83
66 68 4
107 104 13
115 21 73
110 24 14
44 26 59
97 67 57
79 4 35
37 84 70
109 35 70
21 32 40
70 47 92
63 81 56
33 92 54
27 119 52
21 47 48
108 112 61
43 115 64
91 1 15
46 7 18
21 96 97
57 96 19
100 50 14
82 64 39
81 53 52
12 59 55
16 59 12
83 92 82
119 8 36
30 72 38
44 9 23
105 6 88
113 68 3
102 90 25
43 18 61
66 39 77
38 49 34
14 22 96
84 16 44
56 118 30
87 24 23
82 105 77
64 44 85
80 99 76
87 17 74
94 40 44
33 4 72
65 5 95
61 30 48
34 28 23
75 88 51
107 117 87
90 75 16
19 89 90
50 11 16
39 73 71
51 23 43
12 106 77
17 67 71
26 73 81
116 23 64
42 49 37
93 62 45
40 98 48
98 65 62
85 12 57
70 40 7
62 119 45
9 60 77
95 114 6
58 112 67
55 109 40
35 56 77
16 98 18
29 55 33
78 69 73
57 12 94
48 115 31
33 44 51
15 70 14
48 117 5
35 48 57
89 63 83
59 88 14
93 64 63
12 117 16
5 44 91
44 6 34
65 42 52
25 22 79
44 41 69
113 18 10
61 41 80
111 30 47
53 10 17
84 42 42
47 32 45
22 93 59
45 106 40
72 22 91
44 53 34
37 87 56
14 98 84
40 48 21
29 75 58
47 92 89
46 92 18
59 92 89
117 119 79
70 75 12
37 26 68
35 69 59
80 61 55
30 27 90
74 114 19
78 76 3
42 36 24
23 7 8
22 41 17
45 78 76
74 18 94
35 3 17
42 19 18
112 20 26
40 94 16
21 42 64
20 31 39
17 74 82
54 115 96
104 117 70
29 57 12
4 31 54
99 58 4
24 115 19
22 83 76
118 115 33
40 33 18
98 115 84
101 22 48
8 70 56
7 98 37
94 65 71
14 1 62
8 18 24
106 50 27
90 108 89
46 88 65
19 72 48
80 15 72
76 68 70
25 46 92
110 7 85
83 67 67
21 86 61
21 89 27
21 38 51
61 97 8
86 35 30
8 29 29
99 60 21
19 21 89
114 116 20
90 40 11
47 12 88
22 118 49
108 35 35
2 47 90
19 101 95
63 88 3
59 26 8
114 11 69
65 119 67
102 105 38
55 92 65
113 94 93
50 115 88
53 31 1
28 75 35
70 115 29
78 61 83
23 42 80
107 42 100
9 28 97
111 1 61
71 113 74
49 88 100
84 30 74
113 111 10
100 16 31
83 25 52
64 108 14
117 41 14
29 49 72
6 40 26
43 61 33
54 88 63
5 32 25
54 67 19
56 64 74
31 36 50
24 89 49
87 49 69
75 26 61
71 109 90
91 2 14
108 98 84
36 63 66
6 18 17
73 53 9
97 86 97
91 98 28
34 43 88
10 3 30
2 58 64
26 54 17
87 53 73
7 70 51
93 113 78
8 116 74
86 39 23
96 17 33
11 71 46
16 37 16
34 72 76
92 16 90
99 61 18
32 44 27
110 37 16
105 82 18
29 71 81
87 5 61
20 95 7
67 63 52
102 25 53
16 102 81
0 85 45
34 118 32
61 33 29
68 67 30
105 28 16
109 48 29
88 84 21
82 93 43
16 68 71
116 77 48
62 76 8
92 106 26
2 85 80
34 67 11
41 55 100
90 82 66
102 3 5
112 42 12
101 26 95
0 39 3
49 54 17
41 91 18
107 59 42
48 6 36
69 43 47
72 92 1
85 92 72
55 119 25
45 26 12
67 93 100
31 37 89
117 16 37
82 90 28
105 20 23
29 98 26
37 22 76
76 106 31
49 69 56
8 61 53
119 114 66
20 94 16
89 119 35
112 8 54
104 101 76
93 92 10
45 1 9
100 92 37
108 54 46
104 88 61
96 80 41
74 38 86
74 39 68
45 75 71
91 20 84
9 59 52
59 70 73
101 105 7
89 47 48
104 39 37
94 114 66
108 43 50
102 97 2
57 37 17
116 95 91
34 84 83
15 72 57
71 16 6
89 10 5
99 78 52
1 25 29
84 3 84
80 25 18
91 103 27
10 65 17
20 81 41
116 74 90
101 98 37
39 17 12
44 35 58
35 62 94
48 3 23
63 25 24
116 118 30
9 63 90
67 91 13
95 12 49
39 3 66
110 108 98
109 79 68
93 16 68
88 11 93
23 32 35
24 87 7
5 33 19
55 59 46
40 109 75
105 99 76
67 46 100
86 4 57
21 108 51
77 67 71
74 84 7
12 56 5
0 101 31
84 59 14
81 80 40
91 57 18
37 27 22
34 90 37
80 83 89
11 79 31
14 7 29
71 85 35
48 100 4
2 55 72
50 43 19
54 39 60
63 110 33
99 4 37
108 4 62
112 0 52
63 19 72
61 85 35
98 97 25
21 67 81
91 75 100
33 47 98
43 17 36
8 12 44
8 105 27
98 91 51
63 113 49
106 60 59
1 97 78
40 6 18
45 44 25
12 66 95
59 0 5
85 22 63
35 87 78
119 14 6
80 23 9
54 78 99
58 102 38
9 30 7
7 25 1
58 18 61
86 85 34
64 106 5
39 37 80
104 47 88
56 105 12
117 64 59
8 100 79
106 68 17
105 9 40
36 29 63
116 14 92
102 6 33
103 12 52
65 111 17
51 42 71
18 0 79
86 112 47
94 87 44
96 117 96
25 102 86
44 110 22
37 86 60
41 17 43
33 100 46
12 43 16
113 22 97
64 27 8
115 114 61
7 11 6
86 34 98
64 30 40
102 84 68
74 99 31
117 88 51
28 40 91
65 7 53
85 99 86
98 105 39
76 67 39
20 74 40
50 7 73
69 42 47
55 10 88
26 53 100
81 0 10
2 106 3
72 51 83
72 112 88
44 88 31
85 50 46
16 14 24
31 16 10
44 43 11
73 25 43
5 69 55
14 36 49
11 109 30
106 54 25
34 50 4
80 59 22
76 100 44
21 23 79
97 104 60
103 31 34
5 65 74
56 104 87
77 69 37
38 4 52
3 95 74
87 15 50
72 98 36
72 36 71
65 70 29
46 17 46
85 56 36
78 75 73
65 79 91
3 68 66
42 104 47
98 99 24
11 39 99
114 78 15
39 81 30
82 29 48
17 24 72
23 41 34
19 56 79
80 104 80
55 88 86
54 104 78
55 89 80
28 36 86
64 31 48
41 23 94
5 34 43
32 45 18
85 4 53
7 111 38
20 45 54
7 51 74
18 76 50
50 17 28
1 74 59
11 92 72
3 77 79
110 78 4
53 28 21
72 77 30
44 0 96
65 104 23
90 22 62
61 98 86
96 18 38
8 85 55
59 23 32
93 17 17
86 118 23
47 60 35
66 110 47
109 40 32
88 102 77
64 50 15
65 81 43
49 40 54
31 61 36
61 88 100
69 54 25
81 36 83
22 69 90
87 4 45
63 87 34
77 98 88
8 86 50
9 97 23
58 46 88
55 31 73
25 84 97
80 47 14
9 44 24
88 75 85
23 28 56
82 37 5
10 107 70
82 96 64
118 114 52
80 40 83
0 99 63
34 107 76
97 6 39
36 83 98
62 116 49
77 4 45
31 107 77
106 93 8
23 51 76
61 77 28
94 30 49
88 92 45
40 4 2
22 28 68
61 2 99
65 90 4
59 56 36
8 71 50
81 101 92
60 98 65
23 24 54
49 110 49
73 103 79
89 105 17
76 77 78
88 86 75
84 32 92
17 115 45
100 119 51
22 113 84
77 85 47
31 104 14
58 35 3
100 20 95
12 34 14
2 53 18
18 113 40
105 43 52
84 119 74
78 51 32
104 70 35
108 19 31
81 33 38
33 38 19
28 79 58
6 25 6
79 14 42
6 46 45
2 40 81
47 67 33
54 102 29
45 22 53
92 46 19
74 49 57
69 45 79
119 41 64
0 59 45
67 36 68
65 117 67
1 59 46
55 23 80
1 0 78
7 20 32
45 70 31
74 48 49
67 42 29
77 74 76
18 60 82
110 100 7
60 83 46
101 73 44
39 6 66
72 32 55
98 62 92
35 50 21
8 19 61
26 40 87
86 3 65
111 31 30
27 14 49
63 30 37
84 40 100
93 88 75
16 35 7
19 86 8
103 1 73
110 72 22
68 54 82
87 62 94
87 80 17
115 77 7
76 90 69
95 64 75
78 97 62
5 59 3
11 66 6
118 28 51
117 90 29
79 7 6
40 42 29
62 9 59
96 82 36
78 38 1
118 82 12
15 94 43
24 90 43
62 15 93
49 15 17
108 10 93
115 61 91
66 19 12
54 75 80
73 78 3
6 67 56
66 41 46
60 26 47
15 95 96
88 57 82
39 79 38
10 11 14
40 65 34
97 29 33
19 93 6
39 108 13
104 95 100
10 91 55
82 107 40
41 45 6
88 83 43
60 44 27
9 6 9
62 71 24
22 75 17
25 90 94
45 61 20
23 109 68
81 54 14
110 99 92
114 105 78
92 28 11
32 95 81
56 98 34
54 28 31
21 88 74
47 61 9
111 49 46
0 35 22
88 91 62
116 89 17
10 7 55
68 37 37
20 27 77
81 91 40
71 78 69
115 43 35
9 10 14
115 89 91
1 71 70
44 59 51
82 32 73
10 16 22
79 102 77
48 71 76
54 49 17
103 56 86
9 91 65
70 79 89
35 100 94
99 98 68
0 116 48
53 91 9
50 78 80
8 7 47
80 81 35
55 12 53
59 90 91
44 116 90
85 73 54
20 10 19
95 58 12
75 40 66
72 91 35
89 103 79
70 49 22
41 35 63
67 10 82
21 105 52
97 99 46
89 50 66
110 74 95
61 55 38
12 26 34
1 63 97
65 58 99
109 118 58
110 16 7
2 18 98
102 100 89
88 98 29
84 80 73
119 17 99
88 93 90
33 19 52
111 56 34
51 105 95
96 7 72
98 94 21
84 70 6
66 118 68
61 20 73
70 6 56
67 62 73
97 27 74
44 94 30
31 45 24
31 99 83
72 28 34
29 10 9
73 47 92
81 73 35
29 112 81
51 86 76
106 89 77
84 6 41
65 20 98
49 84 43
70 88 89
17 109 97
86 79 19
3 38 95
50 99 59
18 92 58
67 56 22
92 1 6
61 48 72
114 24 61
90 53 29
62 93 48
81 105 82
14 44 81
85 47 49
72 4 76
62 108 97
33 12 28
36 98 94
111 112 7
101 2 61
91 76 99
20 42 96
102 73 61
95 101 49
95 99 16
95 2 34
28 34 67
36 81 89
6 79 89
64 34 14
84 112 69
40 62 59
7 3 48
21 17 58
85 28 29
28 72 30
0 47 81
14 81 90
93 47 65
60 70 82
35 84 94
6 90 94
56 79 28
65 67 46
20 66 14
36 79 5
62 40 66
71 43 68
106 114 32
76 107 8
58 28 79
93 59 2
111 12 2
41 84 54
33 66 59
56 30 11
103 116 55
59 4 50
103 63 46
42 9 27
72 81 25
100 53 12
0 87 65
96 58 68
20 110 43
80 8 17
67 53 22
97 58 33
119 99 51
59 87 9
25 80 59
8 89 57
76 84 39
53 46 52
54 22 45
60 77 100
109 44 77
0 102 45
90 39 19
100 24 15
44 47 30
68 117 94
78 15 37
66 117 74
61 47 93
99 31 26
70 0 12
27 30 58
51 98 84
91 56 88
14 109 91
72 105 35
61 71 49
42 65 90
28 106 94
48 1 37
36 11 24
113 85 81
51 93 98
93 106 25
40 50 37
56 97 34
81 15 13
71 75 25
58 67 88
77 51 47
37 29 37
118 73 19
84 43 30
116 26 77
85 116 83
2 43 79
5 85 49
83 65 69
11 98 89
54 84 74
30 10 62
59 43 62
29 89 9
27 45 70
68 5 54
90 113 4
115 49 97
37 39 46
39 22 84
82 87 96
29 48 90
15 116 59
30 34 86
6 103 61
54 68 28
71 36 75
66 7 83
113 114 94
60 40 46
117 66 43
28 14 94
21 94 64
33 113 30
112 28 72
36 45 75
16 114 96
98 40 24
112 54 63
11 23 63
74 118 100
59 14 95
8 0 1
119 68 81
60 46 25
103 53 8
105 10 1
17 33 16
40 34 82
118 15 49
11 10 50
9 25 76
14 83 24
110 75 45
30 101 37
100 118 73
44 51 95
20 113 91
64 46 34
79 22 63
108 82 53
15 25 65
85 113 1
7 12 77
42 22 97
87 39 30
107 94 47
71 22 31
119 98 71
16 115 73
49 115 97
3 2 13
119 26 2
117 46 51
32 68 37
87 71 57
12 24 19
15 43 73
38 35 81
45 82 17
3 105 89
97 93 98
2 24 19
82 57 94
92 18 61
108 62 11
26 23 53
100 113 38
96 90 74
34 38 32
28 53 90
58 22 62
54 65 42
42 74 81
29 42 87
71 50 37
96 62 42
0 104 92
103 4 53
49 117 4
79 117 49
28 54 36
78 48 31
112 57 77
106 71 42
92 80 35
24 91 85
72 90 11
4 37 39
118 17 8
90 78 87
85 26 48
11 57 9
3 72 4
66 56 47
110 88 95
2 36 27
6 48 52
20 55 46
12 60 98
47 26 89
16 34 44
59 105 19
104 55 72
30 56 25
34 47 10
18 4 98
69 72 21
40 56 51
108 14 100
31 102 29
81 102 70
50 27 88
72 66 31
64 7 89
18 50 92
106 10 20
102 63 60
46 83 7
101 87 10
93 104 50
106 59 88
16 36 76
82 53 10
33 60 14
107 18 42
98 74 13
2 95 22
68 15 15
45 46 100
116 19 34
75 6 89
43 79 91
111 2 98
57 1 16
103 17 57
20 99 3
4 48 19
68 35 54
17 72 10
118 39 77
40 85 87
65 3 17
59 28 81
39 43 98
44 34 70
98 78 78
28 47 51
58 37 59
41 105 23
87 77 49
0 7 27
59 71 56
96 66 12
58 92 95
116 68 18
73 46 36
102 95 38
96 11 26
113 79 83
15 85 26
56 1 83
58 51 48
62 101 80
59 72 34
79 98 32
6 57 20
31 109 87
86 113 75
66 113 27
20 91 47
74 25 38
87 29 82
6 106 76
54 37 80
37 17 12
16 70 83
50 59 60
9 27 32
77 110 24
33 0 11
70 106 7
79 71 48
14 72 19
83 105 47
107 100 62
47 31 86
47 7 75
22 29 57
92 86 39
34 14 99
34 85 13
40 39 24
9 48 49
93 2 66
116 109 80
117 28 64
19 39 68
22 65 23
69 80 13
82 78 74
80 60 7
15 77 30
20 19 69
36 80 39
20 25 36
105 67 9
66 15 80
117 44 58
56 38 64
92 11 39
30 16 95
35 6 36
59 20 17
91 108 60
92 104 36
48 93 2
7 68 100
11 113 12
81 17 65
54 70 34
68 38 58
43 70 1
9 102 76
57 51 32
115 113 1
50 8 73
26 116 61
34 95 4
98 29 84
104 83 73
101 28 39
84 103 24
0 40 9
73 36 32
10 75 85
66 40 18
36 65 16
96 92 77
44 103 62
112 10 50
102 30 29
64 37 8
54 77 78
95 8 25
101 110 9
2 104 55
9 1 40
39 99 45
1 43 4
16 117 27
87 73 88
76 89 15
75 42 45
104 81 15
50 98 58
72 87 35
35 4 56
3 48 42
46 71 91
19 22 45
112 86 79
1 53 88
108 47 5
47 73 41
49 89 38
36 67 14
73 65 75
7 58 44
17 30 15
11 101 64
46 62 63
117 71 94
20 50 6
45 99 45
47 116 45
115 107 70
26 62 28
83 37 78
82 19 23
84 87 60
64 24 8
87 69 97
88 17 74
11 26 23
50 23 8
68 87 3
31 43 23
100 94 27
32 37 23
71 84 50
57 6 97
119 90 78
32 74 11
20 82 85
93 117 69
27 111 87
48 78 92
36 22 32
95 5 68
114 86 7
95 88 47
111 11 66
30 46 43
82 46 71
37 95 45
35 19 58
63 36 39
100 82 34
40 5 48
74 22 13
82 83 9
47 46 48
37 119 60
85 31 44
26 35 65
50 107 95
70 64 92
80 69 76
48 55 60
107 7 44
15 98 11
38 15 52
97 119 67
37 77 18
11 31 36
53 84 19
71 108 78
79 86 31
20 32 92
6 1 61
31 91 58
47 86 38
7 14 53
62 22 59
83 112 17
105 29 91
78 67 91
110 86 14
63 22 65
27 87 39
89 46 42
26 9 73
47 102 87
25 39 91
56 25 24
78 85 75
81 50 38
100 1 100
118 87 50
72 109 95
50 65 88
49 68 48
38 19 53
67 86 36
58 39 11
58 21 29
31 33 98
24 75 84
29 0 10
62 48 78
100 112 59
45 104 53
30 40 57
116 86 4
46 43 34
36 70 13
4 88 60
48 67 23
66 30 37
24 22 9
84 64 14
90 76 89
63 115 9
57 21 96
84 26 73
87 3 98
10 30 13
47 79 37
97 90 1
106 36 6
86 77 52
100 66 58
113 15 1
58 44 15
112 51 30
94 10 40
69 103 93
49 41 19
67 66 25
3 102 88
1 27 81
63 17 27
100 30 36
14 19 5
84 109 47
95 96 90
67 14 75
108 79 70
117 102 8
23 112 13
32 115 56
15 17 95
12 6 11
97 37 99
118 111 70
88 107 20
71 118 15
119 88 32
103 76 8
81 71 42
101 59 61
69 53 2
29 3 84
95 63 83
74 3 86
99 9 84
14 63 44
114 47 63
33 84 72
73 55 50
100 38 68
61 12 60
110 35 2
97 91 30
31 79 18
73 115 82
108 2 80
74 79 72
100 39 35
86 36 25
45 74 11
33 42 99
16 26 86
17 101 5
34 30 63
28 48 53
22 44 54
59 45 58
91 106 12
90 98 9
93 53 61
4 61 98
39 72 88
44 118 9
71 39 50
106 26 26
75 41 68
74 75 84
118 14 33
73 88 82
47 55 59
100 7 54
22 3 46
11 24 74
96 3 94
119 5 30
20 38 78
98 106 72
17 51 47
69 76 5
22 85 9
35 55 57
39 69 79
33 89 56
20 86 7
57 45 43
57 105 51
3 25 96
119 55 99
94 102 30
46 4 41
43 2 66
62 38 89
64 76 62
18 99 6
8 115 72
104 54 25
35 40 27
2 62 58
1 67 65
80 11 91
101 64 26
119 71 55
84 114 55
29 23 95
16 85 18
100 67 5
53 72 92
97 74 48
71 32 68
118 84 91
24 31 71
107 89 59
101 57 33
65 72 83
40 69 28
56 63 74
32 72 49
87 65 96
76 113 40
28 10 95
86 74 50
67 75 86
79 111 40
67 97 1
24 18 97
68 44 44
110 60 98
7 72 88
5 15 75
49 21 42
10 104 38
19 115 29
92 47 7
3 47 20
57 53 93
43 55 57
41 93 24
61 91 12
28 93 74
31 19 25
24 20 62
98 51 30
22 91 11
59 109 49
0 103 95
42 75 49
21 49 88
9 2 53
102 57 35
89 66 27
115 68 51
117 24 57
106 9 43
23 116 19
50 95 81
84 69 69
81 46 37
27 4 72
26 92 98
39 0 42
32 21 75
71 105 93
66 98 38
29 59 41
53 47 17
58 106 43
14 117 66
85 89 44
106 109 47
14 65 70
46 106 94
98 31 28
74 47 34
79 12 14
51 77 52
82 45 94
109 12 78
3 1 44
94 47 87
84 37 82
11 91 61
117 47 30
116 46 27
90 72 92
103 50 72
79 40 32
98 44 91
44 114 28
41 65 99
12 102 41
119 82 50
1 45 50
26 32 96
83 109 33
17 90 68
3 62 44
64 100 69
71 60 75
103 64 53
43 77 75
60 69 94
24 42 49
75 2 94
35 116 97
22 8 2
74 58 100
40 38 74
114 8 91
47 115 2
116 94 2
115 63 24
2 76 45
4 24 54
103 43 7
92 91 67
42 45 15
94 2 63
6 104 48
26 74 53
66 43 61
34 70 88
85 53 28
13 30 14
13 41 23
13 94 39
13 83 63
13 56 21
13 27 39
13 9 36
13 42 1
13 17 84
13 97 10
13 90 6
13 95 1
13 46 1
13 68 16
13 64 28
13 51 83
13 72 60
13 39 54
13 49 34
13 53 79
13 77 85
13 3 77
13 79 38
13 10 5
13 98 76
13 59 55
13 63 69
13 101 94
13 54 9
13 60 63
13 102 74
13 4 22
13 25 72
13 82 9
13 45 53
13 5 53
13 87 50
13 86 33
13 96 28
13 57 57
13 62 68
13 52 31
13 19 72
13 93 4
13 119 49
13 24 62
13 34 80
13 55 98
13 116 59
13 32 83
13 117 1
13 69 77
13 76 66
13 21 52
13 6 24
13 8 23
13 92 59
13 66 23
13 14 59
13 22 94
13 111 59
13 80 46
13 109 12
13 12 19
13 100 8
13 11 58
13 47 6
13 71 2
13 61 41
13 105 86
13 78 75
13 81 3
13 16 85
13 65 23
13 28 43
13 89 93
13 106 77
13 103 44
13 35 56
13 20 59
13 88 8
13 110 44
13 44 76
13 118 92
13 15 12
13 33 18
13 112 25
13 67 69
13 75 62
13 70 10
13 107 16
0 52 60
1 52 75
2 52 20
4 52 27
5 52 1
6 52 11
7 52 42
8 52 40
9 52 77
10 52 25
11 52 43
15 52 54
16 52 89
17 52 45
21 52 88
22 52 45
24 52 49
25 52 37
26 52 78
27 52 93
29 52 78
31 52 79
32 52 84
33 52 57
34 52 100
35 52 66
38 52 26
43 52 74
44 52 46
45 52 71
46 52 83
47 52 73
48 52 14
49 52 53
51 52 41
53 52 73
55 52 90
56 52 2
58 52 85
61 52 86
62 52 44
64 52 70
65 52 18
66 52 35
67 52 75
68 52 21
69 52 83
70 52 14
71 52 79
72 52 88
73 52 28
74 52 61
75 52 90
76 52 53
77 52 7
79 52 20
81 52 7
82 52 33
83 52 79
84 52 25
85 52 36
86 52 89
87 52 54
88 52 71
89 52 12
90 52 76
91 52 43
92 52 67
93 52 28
94 52 88
95 52 38
96 52 28
97 52 38
99 52 31
100 52 66
102 52 22
104 52 71
105 52 2
106 52 6
107 52 69
109 52 31
110 52 66
111 52 24
112 52 56
114 52 32
116 52 58
117 52 99
118 52 83
119 52 18
