2
17
4 44 19
26 48 67
39 31 49
24 3 99
1 31 85
43 44 48
46 0 6
42 20 38
46 19 55
45 3 49
11 37 2
30 49 95
14 13 45
38 13 34
16 34 77
32 48 91
33 43 71
37 27 89
42 32 90
0 25 48
12 3 7
10 44 44
12 0 50
39 49 53
46 37 82
39 44 40
25 33 11
10 3 38
10 31 99
13 1 59
18 31 13
27 37 59
37 4 60
5 34 15
41 13 43
20 35 22
9 27 71
35 8 15
34 19 35
35 13 72
16 25 36
0 38 41
26 27 9
37 40 25
29 4 95
29 27 6
9 29 12
29 34 20
43 18 41
47 25 48
34 27 56
18 0 32
14 45 90
10 32 78
34 29 44
48 33 94
44 21 95
23 33 1
25 47 79
37 14 19
15 10 78
4 33 93
8 3 22
1 37 11
11 31 4
23 36 21
24 40 99
9 39 31
19 31 4
48 10 67
0 30 78
36 3 35
21 36 68
8 1 46
26 40 78
14 0 31
48 32 80
48 43 75
36 30 81
6 28 50
6 12 37
27 39 52
40 36 77
10 23 22
16 5 89
15 48 19
14 15 13
32 42 47
42 18 19
25 26 14
36 34 83
48 45 89
15 31 61
15 11 39
16 49 80
14 36 39
3 37 26
11 47 92
5 14 27
27 7 19
32 4 23
11 10 99
33 8 6
13 43 44
20 19 42
27 28 43
48 34 15
11 38 20
0 47 66
22 20 31
10 20 80
27 9 33
29 35 28
0 7 4
38 47 74
23 0 49
30 47 57
3 4 28
33 48 87
1 40 20
49 33 58
30 42 7
19 5 43
15 22 78
0 34 3
18 33 5
30 18 30
48 11 41
37 10 48
1 6 83
39 20 36
8 48 85
49 38 69
41 3 26
5 10 23
26 18 57
20 31 19
23 7 7
43 25 43
25 46 4
29 47 10
11 24 96
3 8 3
5 27 69
7 46 99
14 11 20
10 36 73
33 18 39
27 34 50
7 3 22
33 16 12
19 41 23
31 34 14
20 28 49
23 13 41
30 38 31
9 23 15
26 11 24
27 25 49
27 49 46
45 21 91
8 49 100
15 4 89
41 1 25
3 28 31
36 22 14
23 30 21
28 43 31
33 30 88
11 12 15
36 4 78
20 26 66
26 31 74
18 14 29
43 29 97
46 34 69
31 48 92
31 47 77
25 45 33
42 31 21
14 5 65
42 28 80
42 47 79
39 22 11
30 11 98
26 41 37
3 35 31
11 34 63
16 20 5
16 22 73
44 46 29
43 7 81
38 8 86
7 23 90
33 21 21
34 35 3
46 38 98
29 46 91
42 38 45
41 37 29
26 0 61
35 41 87
45 28 25
48 39 99
0 4 63
26 21 46
7 39 70
13 4 56
41 4 33
49 22 55
42 6 98
6 48 95
11 48 52
27 23 68
33 34 6
6 47 24
40 27 58
46 11 47
26 28 3
21 16 74
34 38 98
0 39 32
30 23 21
31 13 41
39 5 57
34 16 61
24 42 50
48 23 74
40 49 54
37 31 93
8 38 15
6 21 61
6 38 66
33 6 8
45 20 43
40 22 3
36 14 83
19 49 43
34 30 60
34 28 30
22 45 57
35 36 18
20 45 63
28 38 70
39 40 74
28 25 1
10 33 50
10 26 30
39 32 39
18 34 33
32 29 19
40 4 93
19 40 53
10 30 45
10 41 59
18 12 97
7 37 11
41 44 63
29 37 91
12 44 2
34 23 94
9 0 34
28 46 73
39 18 35
40 15 7
25 7 98
39 3 11
31 25 13
43 10 32
41 43 93
44 41 99
43 33 72
1 29 93
28 30 24
9 46 68
10 35 65
7 1 88
44 37 5
8 45 61
8 23 7
29 1 49
20 6 12
41 30 19
21 12 98
14 42 4
12 26 66
33 49 28
44 5 24
35 48 42
16 31 37
16 13 33
26 25 42
9 34 8
7 38 75
31 5 86
23 35 58
22 28 80
4 14 29
38 0 64
20 41 7
1 25 66
46 14 10
1 12 29
41 38 13
46 31 25
7 36 86
7 14 92
8 30 75
42 14 52
45 49 18
41 48 6
29 45 54
44 42 37
24 6 46
45 12 31
5 38 80
31 44 62
48 41 58
16 32 21
18 4 73
38 41 32
6 3 57
45 13 77
45 30 58
18 1 9
47 14 53
25 43 16
49 29 44
44 10 40
5 44 36
9 35 7
7 15 14
40 39 72
20 23 38
37 32 90
38 35 32
27 20 22
39 24 69
45 11 29
27 6 16
44 24 64
11 16 97
24 48 54
14 38 64
13 10 41
19 0 63
0 45 58
27 4 58
7 47 56
6 5 53
46 5 82
9 25 12
49 39 50
34 20 89
32 11 70
49 26 92
48 20 62
35 27 22
29 6 98
14 31 84
47 35 99
47 28 63
16 27 67
37 23 54
36 16 37
8 40 46
35 12 60
29 15 14
10 29 81
39 37 79
6 0 26
39 46 93
37 41 40
12 41 92
24 34 44
4 9 56
20 48 62
40 31 76
25 14 61
37 47 69
26 16 52
20 33 67
11 26 19
33 29 77
40 7 68
44 43 36
32 6 60
7 49 27
36 25 26
0 13 19
43 1 39
23 4 23
34 15 27
49 16 83
9 16 57
31 23 77
13 45 97
1 11 13
31 30 61
10 49 25
6 24 49
18 36 2
0 29 6
40 13 34
34 4 10
46 42 70
33 32 6
5 1 54
4 1 81
35 4 94
36 27 48
6 26 92
27 24 28
32 8 72
20 0 81
28 9 36
38 32 77
24 28 59
1 27 6
13 8 19
23 1 100
29 42 30
18 7 9
6 45 50
26 15 47
29 5 83
10 45 97
24 1 53
48 5 59
46 20 100
43 40 27
3 42 1
13 16 30
14 20 41
36 31 63
24 32 35
46 32 55
6 10 44
23 48 63
1 26 74
28 44 72
6 46 74
13 28 34
35 0 8
14 47 63
21 34 63
25 8 91
25 18 4
1 15 19
12 4 58
9 11 11
18 30 38
26 3 11
22 5 45
39 26 35
10 21 44
46 28 100
48 37 25
22 19 68
41 49 40
44 18 23
8 42 84
28 26 52
44 40 46
21 42 13
0 31 28
11 22 48
19 21 32
45 24 38
31 19 88
41 11 91
47 32 92
4 43 32
38 16 82
11 30 26
26 6 9
16 24 62
29 49 42
46 16 77
14 1 11
9 38 28
1 0 39
4 36 47
7 20 50
34 13 81
40 32 5
45 6 47
49 0 37
1 8 3
31 35 9
20 24 60
34 41 21
15 19 93
19 9 45
44 0 5
40 33 11
46 23 30
12 11 90
24 23 1
16 38 40
6 25 63
45 33 5
43 4 23
44 33 99
16 9 98
39 19 39
45 25 20
1 20 67
9 44 86
24 21 10
24 5 99
36 7 39
15 23 21
10 16 99
28 11 32
32 30 53
5 49 33
31 14 88
12 34 62
19 13 55
21 7 42
46 25 22
13 35 86
30 25 94
35 7 65
0 40 51
43 38 54
42 9 100
7 30 73
27 38 65
29 21 69
7 32 44
20 44 99
18 46 89
41 28 89
44 26 63
9 13 63
9 40 74
14 21 2
12 5 71
14 25 33
13 14 65
46 36 26
33 0 2
24 49 54
3 31 36
14 37 32
23 40 77
0 14 36
36 24 28
8 27 36
11 20 18
15 49 33
5 32 16
4 27 92
49 45 24
31 22 93
39 28 55
15 34 88
18 13 31
25 9 38
40 6 2
22 12 69
21 33 95
16 14 64
27 8 8
37 6 5
25 44 61
1 36 77
7 9 4
33 24 78
49 42 64
41 42 19
5 24 65
1 13 18
25 4 42
30 45 57
34 5 60
41 36 50
10 24 14
23 5 19
0 33 7
1 46 62
4 21 73
47 27 66
14 16 63
47 38 76
15 12 39
23 12 50
40 43 27
32 23 72
20 8 82
16 30 49
0 49 27
13 42 94
47 8 68
49 11 45
32 46 71
43 6 78
33 44 8
20 3 35
34 40 38
9 43 63
26 43 53
48 9 61
32 36 89
5 46 92
18 6 2
4 41 45
37 49 12
7 18 46
4 47 43
6 8 49
34 47 34
40 48 30
44 30 10
32 12 8
16 3 68
6 18 79
23 26 53
5 16 64
24 43 49
41 46 10
8 37 64
10 4 22
32 19 30
20 46 87
48 46 48
18 32 6
20 22 93
14 3 3
19 48 19
42 40 67
5 15 59
21 13 20
38 31 22
1 4 57
19 3 69
5 28 83
41 40 25
21 9 16
27 21 52
18 19 41
49 34 90
1 43 87
39 29 47
32 9 31
42 19 67
32 33 33
13 39 1
33 12 41
42 45 59
20 14 83
24 13 34
6 30 23
30 40 79
26 8 33
18 3 4
33 5 32
4 15 37
35 10 18
27 14 19
9 12 55
39 27 58
9 36 75
49 46 80
5 7 40
10 43 96
9 20 84
37 8 76
33 31 32
8 29 77
48 40 10
38 5 8
19 8 96
27 22 85
33 10 19
6 22 46
38 14 51
8 7 43
16 4 13
27 3 73
28 15 64
46 35 27
7 43 91
49 32 8
31 24 70
30 44 18
11 21 97
45 19 39
5 21 43
44 31 10
42 44 65
12 49 20
47 18 76
24 16 38
12 42 33
29 41 81
27 48 98
45 47 55
18 26 28
3 48 28
36 1 99
48 35 52
8 35 32
37 34 79
20 27 24
0 8 95
44 4 21
6 9 85
5 37 83
29 31 60
43 15 35
23 38 31
3 38 74
3 18 87
26 46 52
37 38 70
12 16 92
1 21 77
38 9 29
41 8 62
14 9 61
15 30 17
16 39 23
38 28 33
28 29 21
9 42 82
1 5 14
32 49 37
1 48 7
13 30 36
14 32 90
46 41 65
5 11 93
1 39 48
36 48 25
44 36 21
45 35 15
19 29 23
19 11 57
11 9 15
16 15 84
12 48 35
48 19 40
43 16 62
21 48 100
31 45 84
39 0 63
6 44 26
20 39 19
8 15 18
24 10 69
30 35 86
33 28 41
21 39 33
3 21 62
14 49 17
45 14 55
49 47 65
27 30 4
23 10 39
41 22 46
15 43 69
19 42 8
26 29 88
14 26 89
26 14 6
44 19 37
15 29 8
24 4 54
11 28 10
25 24 28
7 6 13
30 26 61
21 28 19
13 36 30
18 5 44
8 11 4
13 37 1
4 29 78
30 0 84
45 15 64
23 8 75
25 37 98
13 31 22
1 16 21
47 4 80
16 48 98
40 9 4
3 16 3
13 29 80
28 48 85
47 6 73
44 15 67
45 18 70
28 41 13
8 41 77
9 21 92
6 16 35
24 37 91
27 35 28
21 24 98
18 29 54
10 22 39
4 49 1
18 45 71
30 8 95
33 26 90
1 44 49
7 25 6
28 16 49
37 29 77
49 3 48
47 48 89
47 7 56
9 14 14
28 27 22
34 25 75
31 4 18
9 19 6
30 16 43
36 45 84
15 7 13
11 46 51
34 21 48
1 7 44
35 16 44
22 18 7
40 44 18
7 29 37
34 10 9
19 36 46
23 11 29
49 8 76
1 9 53
1 18 54
6 4 90
24 25 76
14 43 97
3 1 19
7 8 53
38 39 28
38 46 50
44 39 51
8 39 47
38 3 71
35 44 77
9 32 17
30 22 24
0 41 77
28 45 91
9 10 75
5 22 78
4 24 77
14 18 59
20 11 80
39 13 28
29 22 26
3 34 40
49 36 17
20 47 49
22 43 50
19 24 58
25 0 40
20 30 29
46 1 68
0 37 53
37 9 96
16 18 75
26 44 58
45 31 85
22 31 29
22 40 82
33 25 1
8 28 90
37 25 93
29 43 91
3 41 50
43 14 54
46 15 13
43 23 17
41 47 20
28 5 69
19 27 76
4 6 85
42 5 60
12 19 32
0 27 86
36 13 83
25 11 59
42 16 19
16 40 32
0 5 96
29 8 90
8 24 20
13 38 18
32 43 75
1 23 21
32 21 58
33 15 95
41 10 32
14 44 55
4 34 77
33 45 75
18 28 24
39 6 95
10 15 81
39 35 45
36 29 98
42 35 50
41 7 44
3 49 24
14 34 33
43 0 44
49 35 17
40 10 36
7 31 39
43 36 98
0 44 97
29 25 2
34 49 26
21 15 29
45 34 96
12 20 89
21 4 9
10 19 80
13 15 87
5 18 16
18 25 54
39 48 5
26 10 61
38 20 57
21 10 42
36 38 57
8 47 77
21 29 85
12 36 26
11 4 67
19 37 2
23 3 80
44 3 61
8 31 35
40 37 70
25 36 19
12 9 1
18 21 88
21 38 15
19 26 45
4 10 40
15 47 52
20 7 20
20 43 2
22 29 93
47 49 97
31 38 66
21 41 79
3 10 35
11 0 19
12 18 29
12 6 76
10 1 99
9 47 38
0 22 95
32 31 58
22 25 22
3 12 89
45 36 67
20 16 79
12 7 66
16 42 17
11 40 99
3 45 3
14 23 60
23 19 56
18 16 3
14 4 51
10 38 18
26 42 37
11 14 7
6 1 71
30 13 19
7 44 3
12 32 42
43 28 43
4 48 73
18 23 88
45 42 58
30 3 46
43 35 37
11 43 18
48 28 39
19 46 73
19 10 16
0 35 65
24 38 75
48 27 81
11 32 93
41 24 36
34 22 33
29 28 94
23 14 46
18 9 35
16 35 8
10 39 99
22 11 26
10 37 10
28 13 50
33 14 33
13 32 71
32 24 67
38 7 43
14 29 91
19 4 97
12 33 34
28 42 92
46 39 51
28 33 25
24 33 51
48 15 52
19 34 66
32 10 46
37 22 20
46 26 87
39 36 1
45 48 75
39 42 37
38 1 77
31 26 8
9 22 26
25 41 33
26 37 69
28 10 17
22 8 28
41 9 99
6 11 96
46 33 60
37 3 31
26 30 67
6 15 89
0 3 14
49 10 35
34 18 39
47 16 97
23 43 49
47 42 92
34 3 24
28 40 21
28 23 91
11 15 43
6 20 63
37 0 66
34 31 59
39 45 84
41 14 91
21 45 7
25 34 21
20 37 77
13 6 39
46 4 94
15 42 91
32 44 20
10 34 65
32 3 44
32 26 63
11 25 39
24 27 24
19 20 26
18 24 82
48 22 87
0 21 69
18 10 79
0 19 90
0 16 72
46 44 76
29 14 38
48 47 86
3 27 91
16 47 4
39 14 89
23 29 29
20 15 83
36 37 27
19 38 80
35 29 73
37 46 74
0 6 37
30 19 83
49 30 35
25 20 13
14 24 63
48 36 9
44 6 25
45 41 1
5 31 62
23 25 3
30 36 69
44 38 24
20 49 22
5 42 67
21 31 6
42 34 17
21 6 72
5 19 90
3 43 62
37 39 2
49 48 54
37 7 41
42 29 45
29 33 58
42 30 27
31 36 32
31 20 53
13 19 51
7 45 58
28 36 9
34 9 11
1 45 32
39 7 21
42 22 80
32 7 14
13 3 50
42 26 30
5 29 62
48 25 8
36 46 21
27 26 4
44 28 53
12 14 100
25 21 93
37 21 86
28 8 16
18 22 16
25 12 11
8 13 100
45 29 89
2 17 95
2 44 4
2 8 44
2 6 3
2 7 72
2 13 1
2 40 44
2 5 56
2 14 93
2 45 16
2 41 1
2 39 71
2 15 63
2 48 59
2 25 5
2 1 80
2 42 14
2 9 76
2 3 88
2 28 62
2 20 38
2 21 36
1 17 43
3 17 31
4 17 36
5 17 92
7 17 30
11 17 28
12 17 26
13 17 28
15 17 56
18 17 60
24 17 43
25 17 33
26 17 87
31 17 72
32 17 54
35 17 55
39 17 45
40 17 73
41 17 88
43 17 71
44 17 18
