41
29
0 3 9
0 4 93
0 5 29
0 6 36
0 7 68
0 8 79
0 9 48
0 10 3
0 11 49
0 12 8
0 15 56
0 16 87
0 17 36
0 18 92
0 19 7
0 22 19
0 24 10
0 26 70
0 27 92
0 28 4
0 30 63
0 31 37
0 33 53
0 35 28
0 36 63
0 37 80
0 38 28
0 39 81
0 40 53
0 42 82
0 43 5
0 45 89
0 46 35
0 47 78
0 48 18
0 49 29
1 0 54
1 2 99
1 3 71
1 6 100
1 7 45
1 10 33
1 11 73
1 12 78
1 14 61
1 15 50
1 16 92
1 18 52
1 20 96
1 21 7
1 22 4
1 23 58
1 24 8
1 26 49
1 28 97
1 30 40
1 31 12
1 33 91
1 34 87
1 35 63
1 37 86
1 38 93
1 39 56
1 40 20
1 43 43
1 44 79
1 46 2
1 48 12
1 49 81
2 0 13
2 1 24
2 3 17
2 5 17
2 7 97
2 9 57
2 10 6
2 11 97
2 12 9
2 13 92
2 14 86
2 15 6
2 17 10
2 18 70
2 20 49
2 21 4
2 22 44
2 23 19
2 24 97
2 25 57
2 27 3
2 30 93
2 31 67
2 32 53
2 33 10
2 34 19
2 35 82
2 36 4
2 37 96
2 40 29
2 42 5
2 43 52
2 44 88
2 45 90
2 46 41
2 47 6
2 48 64
2 49 7
3 0 54
3 1 25
3 2 87
3 4 63
3 5 47
3 6 52
3 8 55
3 11 69
3 12 36
3 14 45
3 15 6
3 16 6
3 17 35
3 18 35
3 19 30
3 21 12
3 24 52
3 26 97
3 28 23
3 31 85
3 32 63
3 36 62
3 37 79
3 39 40
3 40 99
3 43 47
3 44 6
3 45 27
3 46 54
3 48 79
3 49 20
4 0 33
4 1 50
4 2 74
4 3 92
4 6 76
4 7 28
4 8 96
4 9 100
4 10 12
4 11 11
4 12 1
4 13 58
4 15 95
4 17 48
4 18 44
4 19 81
4 20 29
4 21 29
4 25 56
4 26 57
4 27 99
4 28 86
4 32 96
4 33 23
4 34 22
4 35 20
4 36 48
4 37 72
4 40 84
4 42 67
4 43 98
4 45 2
4 47 33
4 48 73
5 0 25
5 1 74
5 2 60
5 3 68
5 4 88
5 6 37
5 8 42
5 9 62
5 11 65
5 12 78
5 13 53
5 14 77
5 15 47
5 18 20
5 21 95
5 22 11
5 23 53
5 24 23
5 25 29
5 27 40
5 28 11
5 30 17
5 31 32
5 32 67
5 33 42
5 34 61
5 37 54
5 38 13
5 39 49
5 43 7
5 44 78
5 45 1
5 46 49
5 47 89
5 48 99
5 49 32
6 0 80
6 1 90
6 2 39
6 3 42
6 4 23
6 5 82
6 8 9
6 9 81
6 10 24
6 11 98
6 12 78
6 13 72
6 14 6
6 15 17
6 16 10
6 17 26
6 18 86
6 19 1
6 24 22
6 25 41
6 26 74
6 28 32
6 30 15
6 31 19
6 33 79
6 34 63
6 35 35
6 36 66
6 37 88
6 38 57
6 39 99
6 40 69
6 42 70
6 43 91
6 44 20
6 46 70
6 49 6
7 0 22
7 2 73
7 5 40
7 6 73
7 9 55
7 11 63
7 12 12
7 13 5
7 14 94
7 16 5
7 17 37
7 19 21
7 20 100
7 23 90
7 25 73
7 26 80
7 27 98
7 28 17
7 30 72
7 33 85
7 36 10
7 37 26
7 39 67
7 40 45
7 43 48
7 46 46
7 47 69
7 48 41
7 49 74
8 0 94
8 3 2
8 4 63
8 5 89
8 7 51
8 9 47
8 11 73
8 13 40
8 15 32
8 16 23
8 18 94
8 19 51
8 20 9
8 21 25
8 22 77
8 23 2
8 24 89
8 26 100
8 28 90
8 30 82
8 31 34
8 32 84
8 34 53
8 35 34
8 36 8
8 38 56
8 42 33
8 44 21
8 45 65
8 47 32
8 49 57
9 0 100
9 1 57
9 2 18
9 3 76
9 4 100
9 5 85
9 6 45
9 7 84
9 8 69
9 10 18
9 12 76
9 13 48
9 14 88
9 17 72
9 18 56
9 19 36
9 23 51
9 24 23
9 25 43
9 26 37
9 27 99
9 28 39
9 30 100
9 31 2
9 32 84
9 33 13
9 34 61
9 35 39
9 36 98
9 38 68
9 42 42
9 43 95
9 44 99
9 45 25
9 46 19
9 47 8
9 49 83
10 1 70
10 4 36
10 5 46
10 7 29
10 8 93
10 11 18
10 12 95
10 13 65
10 14 25
10 15 100
10 16 42
10 17 33
10 18 25
10 19 27
10 20 63
10 21 85
10 23 42
10 24 5
10 27 98
10 28 68
10 30 26
10 31 70
10 32 45
10 33 24
10 34 57
10 36 63
10 37 69
10 38 97
10 40 84
10 42 70
10 44 30
10 46 37
10 47 91
10 48 31
11 1 76
11 2 65
11 4 76
11 5 5
11 6 69
11 8 43
11 9 30
11 10 43
11 13 33
11 15 18
11 17 80
11 19 50
11 20 14
11 22 25
11 23 75
11 24 1
11 26 71
11 27 31
11 28 35
11 30 32
11 31 28
11 32 91
11 33 69
11 34 77
11 35 90
11 36 72
11 37 11
11 39 24
11 40 62
11 44 86
11 45 29
11 46 95
11 48 49
11 49 75
12 0 84
12 4 1
12 5 7
12 6 17
12 8 77
12 10 54
12 11 92
12 14 90
12 16 13
12 17 57
12 18 4
12 19 7
12 21 23
12 22 48
12 23 80
12 24 49
12 25 53
12 26 38
12 27 28
12 30 96
12 31 18
12 32 98
12 33 52
12 34 64
12 36 18
12 37 13
12 38 44
12 39 80
12 40 55
12 42 86
12 43 65
12 45 40
12 46 46
12 48 56
12 49 72
13 0 66
13 1 60
13 2 67
13 3 71
13 4 63
13 5 96
13 6 93
13 7 44
13 8 82
13 9 45
13 11 87
13 16 36
13 17 69
13 18 84
13 20 14
13 21 26
13 23 60
13 24 38
13 25 53
13 26 30
13 27 61
13 31 66
13 33 24
13 34 60
13 35 56
13 36 56
13 37 30
13 38 93
13 39 46
13 43 52
13 44 38
13 46 20
13 47 96
13 48 95
14 1 5
14 4 75
14 7 18
14 9 64
14 10 15
14 11 11
14 12 35
14 13 67
14 16 28
14 19 88
14 20 49
14 21 19
14 23 86
14 24 32
14 26 29
14 27 73
14 28 97
14 31 68
14 32 13
14 33 29
14 34 75
14 35 81
14 36 55
14 37 20
14 38 66
14 39 71
14 40 45
14 42 38
14 43 60
14 44 75
14 46 93
14 48 98
14 49 91
15 1 15
15 2 16
15 4 48
15 6 78
15 7 10
15 9 12
15 10 15
15 12 66
15 13 54
15 17 68
15 20 57
15 23 95
15 24 85
15 25 84
15 26 63
15 27 86
15 28 83
15 30 51
15 31 94
15 32 36
15 33 4
15 34 79
15 36 96
15 38 44
15 39 57
15 40 55
15 42 88
15 43 20
15 44 3
15 45 32
15 46 69
15 47 35
15 48 85
16 0 45
16 1 24
16 3 11
16 6 10
16 7 74
16 8 52
16 10 17
16 12 100
16 13 80
16 15 13
16 19 7
16 20 68
16 21 47
16 22 56
16 23 33
16 24 52
16 25 31
16 26 8
16 27 70
16 28 75
16 30 27
16 32 64
16 34 45
16 35 34
16 36 15
16 37 15
16 40 81
16 43 67
16 44 19
16 46 26
16 49 82
17 2 89
17 3 62
17 4 60
17 5 16
17 6 34
17 7 25
17 8 24
17 9 50
17 10 31
17 11 49
17 12 13
17 15 22
17 16 1
17 18 3
17 19 79
17 21 2
17 22 27
17 24 46
17 25 54
17 26 18
17 28 57
17 30 22
17 31 60
17 32 62
17 33 33
17 34 3
17 35 53
17 36 24
17 38 48
17 39 50
17 40 13
17 43 50
17 44 48
17 46 11
17 48 84
17 49 52
18 1 4
18 2 82
18 4 20
18 5 48
18 7 51
18 8 50
18 9 99
18 10 89
18 11 4
18 12 52
18 13 77
18 15 61
18 16 50
18 20 76
18 25 26
18 26 94
18 27 8
18 28 54
18 31 29
18 32 21
18 34 85
18 35 54
18 36 31
18 38 10
18 39 49
18 40 61
18 42 48
18 43 2
18 44 1
18 45 1
18 46 1
18 47 30
18 48 55
19 0 35
19 5 11
19 6 77
19 7 33
19 8 26
19 9 55
19 11 21
19 12 35
19 13 6
19 15 98
19 16 58
19 17 15
19 18 35
19 23 25
19 24 5
19 27 29
19 28 12
19 33 62
19 36 4
19 37 21
19 38 42
19 39 23
19 42 69
19 43 31
19 46 55
19 47 91
19 48 37
19 49 64
20 5 93
20 6 40
20 8 12
20 9 56
20 10 35
20 13 74
20 14 71
20 18 39
20 21 98
20 22 12
20 23 82
20 25 55
20 26 56
20 30 68
20 31 34
20 33 48
20 35 37
20 36 13
20 37 22
20 40 5
20 42 25
20 43 9
20 44 63
20 45 58
20 46 36
20 47 98
20 48 21
20 49 88
21 0 48
21 1 30
21 2 38
21 5 23
21 6 7
21 9 37
21 10 48
21 11 86
21 12 30
21 13 88
21 14 54
21 17 89
21 18 91
21 20 90
21 22 29
21 23 83
21 24 3
21 25 60
21 28 94
21 30 6
21 31 92
21 33 96
21 34 34
21 35 90
21 36 25
21 39 84
21 40 29
21 42 67
21 45 16
21 46 29
21 47 13
21 48 56
21 49 44
22 0 16
22 2 44
22 3 79
22 4 80
22 5 1
22 6 10
22 7 41
22 10 37
22 11 68
22 12 38
22 14 48
22 15 29
22 16 30
22 17 81
22 18 70
22 19 15
22 20 5
22 21 33
22 23 88
22 24 24
22 25 54
22 27 6
22 30 98
22 31 75
22 32 73
22 33 69
22 34 59
22 35 36
22 36 45
22 37 14
22 40 88
22 43 39
22 46 39
22 47 84
22 48 85
22 49 48
23 2 25
23 4 62
23 5 23
23 7 48
23 9 19
23 11 23
23 12 12
23 14 1
23 15 39
23 16 49
23 17 12
23 18 87
23 19 11
23 20 36
23 21 36
23 22 81
23 25 9
23 28 51
23 30 12
23 33 43
23 34 14
23 35 2
23 36 54
23 37 37
23 38 100
23 39 85
23 40 9
23 43 57
23 44 96
23 46 88
23 47 69
23 48 81
23 49 93
24 1 84
24 3 17
24 4 73
24 6 87
24 8 89
24 9 41
24 10 17
24 12 45
24 14 87
24 16 52
24 19 25
24 20 64
24 21 36
24 22 4
24 25 85
24 26 5
24 28 88
24 30 71
24 31 13
24 34 94
24 35 18
24 36 3
24 37 23
24 39 53
24 40 6
24 42 95
24 44 74
24 46 37
25 0 61
25 1 6
25 2 86
25 3 80
25 4 87
25 5 19
25 6 39
25 8 82
25 9 38
25 10 43
25 11 3
25 12 27
25 13 91
25 15 82
25 16 97
25 17 62
25 21 87
25 23 21
25 24 86
25 27 32
25 30 82
25 31 89
25 33 67
25 35 24
25 36 56
25 37 20
25 38 29
25 39 75
25 42 76
25 44 31
25 45 79
25 47 21
25 48 68
25 49 46
26 0 35
26 1 58
26 3 11
26 4 34
26 5 43
26 6 17
26 8 23
26 10 51
26 13 41
26 14 68
26 15 63
26 16 95
26 17 87
26 18 63
26 19 58
26 20 23
26 21 62
26 22 66
26 23 26
26 24 51
26 27 15
26 28 67
26 30 23
26 31 68
26 34 76
26 35 38
26 36 6
26 37 32
26 38 1
26 39 85
26 42 55
26 43 16
26 45 67
26 46 39
26 47 39
26 49 95
27 0 87
27 2 44
27 5 66
27 6 12
27 8 59
27 9 33
27 10 58
27 11 7
27 12 97
27 13 24
27 18 8
27 19 6
27 21 38
27 22 21
27 23 1
27 25 94
27 26 5
27 28 34
27 31 52
27 32 24
27 33 95
27 35 5
27 38 45
27 40 100
27 42 53
27 43 12
27 45 42
27 46 2
27 47 79
27 48 81
27 49 19
28 1 44
28 2 92
28 4 83
28 5 20
28 9 20
28 11 67
28 13 100
28 16 4
28 18 6
28 19 96
28 20 70
28 21 66
28 23 24
28 24 50
28 25 27
28 26 20
28 27 53
28 30 83
28 32 99
28 34 86
28 38 9
28 39 73
28 43 1
28 45 81
28 47 23
28 49 1
30 0 64
30 1 49
30 4 3
30 7 86
30 8 19
30 9 83
30 11 52
30 12 46
30 13 64
30 15 41
30 17 64
30 20 46
30 21 53
30 22 31
30 23 48
30 24 64
30 25 76
30 26 28
30 27 26
30 28 85
30 33 77
30 35 48
30 36 45
30 37 58
30 38 31
30 42 51
30 43 93
30 44 22
30 45 29
30 46 76
30 47 28
30 48 90
30 49 32
31 1 92
31 2 27
31 5 24
31 7 28
31 8 56
31 9 26
31 10 6
31 12 74
31 13 53
31 16 54
31 17 38
31 19 17
31 20 93
31 22 10
31 24 58
31 26 59
31 27 45
31 28 88
31 30 83
31 32 23
31 33 55
31 34 47
31 35 35
31 36 45
31 37 79
31 38 96
31 40 6
31 43 88
31 44 70
31 45 13
31 47 19
31 48 26
31 49 10
32 0 39
32 3 71
32 4 98
32 5 79
32 6 40
32 7 34
32 9 100
32 10 35
32 12 48
32 13 44
32 14 39
32 15 63
32 16 61
32 17 58
32 18 41
32 19 95
32 20 4
32 21 4
32 22 61
32 23 58
32 25 92
32 26 28
32 27 25
32 31 99
32 33 31
32 35 82
32 36 89
32 37 31
32 38 82
32 40 60
32 42 66
32 43 78
32 44 51
32 46 39
32 47 88
33 0 23
33 1 77
33 2 23
33 3 10
33 5 8
33 6 97
33 10 3
33 11 53
33 13 37
33 14 20
33 15 31
33 16 38
33 18 78
33 19 52
33 20 53
33 21 47
33 22 37
33 23 66
33 24 57
33 25 1
33 27 4
33 28 24
33 30 49
33 31 2
33 32 15
33 34 16
33 38 42
33 39 59
33 40 65
33 42 30
33 43 58
33 44 6
33 45 76
33 46 65
33 47 10
33 48 83
33 49 78
34 1 64
34 2 38
34 3 100
34 5 24
34 7 28
34 8 25
34 9 89
34 10 13
34 11 82
34 12 59
34 14 34
34 15 83
34 18 15
34 19 35
34 23 34
34 24 98
34 27 26
34 31 48
34 32 5
34 33 40
34 37 19
34 39 56
34 42 63
34 45 4
34 46 39
34 48 25
34 49 35
35 0 69
35 1 92
35 2 89
35 3 37
35 4 42
35 6 89
35 8 5
35 9 98
35 10 97
35 11 57
35 14 79
35 15 25
35 16 63
35 18 84
35 19 3
35 20 98
35 22 89
35 24 70
35 30 6
35 32 63
35 33 94
35 34 13
35 36 47
35 38 8
35 42 52
35 43 83
35 45 70
35 47 48
35 48 36
35 49 39
36 1 43
36 3 30
36 5 80
36 7 5
36 8 35
36 10 65
36 11 54
36 12 98
36 13 31
36 14 5
36 15 21
36 16 66
36 17 32
36 18 26
36 20 21
36 21 80
36 24 39
36 25 84
36 26 32
36 27 86
36 28 34
36 31 48
36 32 6
36 33 88
36 35 88
36 37 66
36 38 97
36 40 30
36 43 56
36 44 64
36 45 89
36 46 20
37 2 35
37 3 24
37 4 54
37 5 17
37 6 6
37 7 2
37 8 16
37 9 79
37 10 41
37 13 95
37 14 20
37 15 46
37 16 76
37 18 77
37 19 99
37 20 25
37 22 32
37 23 10
37 25 91
37 30 92
37 31 83
37 32 44
37 33 41
37 34 26
37 35 19
37 36 31
37 38 99
37 39 84
37 40 26
37 42 14
37 44 35
37 45 43
37 47 33
37 49 57
38 0 64
38 1 25
38 2 27
38 3 21
38 4 4
38 5 71
38 6 22
38 7 42
38 9 92
38 10 34
38 12 100
38 13 45
38 15 32
38 17 43
38 18 95
38 19 80
38 20 59
38 22 35
38 24 32
38 26 21
38 27 43
38 28 12
38 30 42
38 31 82
38 32 33
38 34 53
38 35 42
38 40 79
38 43 70
38 44 89
38 45 84
38 47 89
38 49 11
39 1 16
39 2 50
39 3 22
39 4 98
39 5 74
39 7 79
39 11 59
39 12 59
39 13 62
39 14 63
39 15 74
39 20 35
39 22 11
39 23 76
39 25 35
39 27 17
39 28 81
39 30 64
39 31 92
39 32 82
39 33 44
39 34 61
39 35 34
39 37 72
39 40 69
39 42 70
39 43 1
39 44 10
39 46 44
39 47 42
39 49 43
40 1 85
40 2 4
40 3 59
40 4 47
40 5 31
40 6 31
40 7 1
40 8 20
40 10 61
40 11 22
40 12 89
40 13 23
40 15 86
40 16 22
40 17 44
40 18 31
40 21 15
40 24 77
40 28 48
40 30 66
40 31 93
40 32 53
40 34 34
40 35 50
40 36 99
40 37 39
40 38 68
40 39 12
40 42 13
40 44 36
40 45 92
40 46 61
40 47 23
40 48 93
40 49 42
42 0 38
42 3 16
42 4 67
42 10 29
42 11 74
42 12 16
42 14 56
42 15 87
42 16 86
42 17 48
42 19 41
42 21 94
42 23 49
42 24 56
42 25 73
42 26 70
42 30 46
42 32 78
42 33 21
42 35 11
42 36 100
42 37 62
42 38 93
42 39 81
42 40 72
42 43 69
42 46 29
42 47 58
42 49 24
43 2 90
43 3 32
43 4 51
43 5 44
43 6 92
43 7 35
43 9 96
43 10 83
43 11 100
43 13 51
43 14 26
43 15 22
43 18 48
43 19 11
43 21 26
43 22 1
43 23 3
43 26 58
43 28 16
43 31 30
43 32 43
43 34 64
43 36 68
43 37 76
43 38 20
43 39 45
43 40 72
43 42 20
43 45 90
43 47 5
43 49 45
44 0 58
44 1 99
44 2 56
44 3 19
44 4 63
44 6 13
44 7 93
44 9 21
44 10 83
44 12 91
44 13 61
44 15 12
44 16 40
44 17 88
44 18 87
44 19 48
44 21 94
44 24 51
44 25 2
44 26 51
44 27 16
44 31 71
44 32 10
44 35 64
44 36 8
44 39 14
44 40 57
44 42 18
44 43 92
44 45 92
44 46 63
44 47 69
44 48 73
44 49 59
45 0 66
45 1 33
45 2 57
45 5 94
45 6 58
45 8 23
45 9 96
45 10 72
45 11 10
45 12 65
45 14 12
45 15 66
45 16 1
45 17 59
45 18 1
45 19 87
45 21 39
45 22 62
45 25 58
45 26 63
45 27 65
45 28 39
45 30 2
45 35 33
45 36 33
45 37 1
45 38 70
45 39 58
45 40 58
45 42 19
45 44 71
45 48 9
45 49 55
46 0 39
46 1 14
46 2 19
46 3 69
46 5 33
46 6 41
46 7 49
46 8 25
46 11 97
46 12 63
46 13 91
46 14 15
46 15 8
46 17 35
46 19 55
46 20 51
46 21 25
46 22 95
46 23 65
46 25 27
46 26 99
46 27 47
46 28 82
46 30 68
46 31 11
46 33 10
46 35 9
46 36 61
46 37 22
46 38 24
46 39 13
46 40 74
46 42 4
46 43 52
46 44 21
46 45 38
46 47 56
46 49 47
47 3 49
47 6 69
47 10 68
47 13 67
47 14 62
47 15 67
47 16 29
47 17 92
47 18 48
47 20 29
47 22 1
47 23 40
47 26 32
47 28 54
47 32 37
47 33 96
47 34 96
47 35 93
47 36 48
47 37 71
47 38 87
47 43 88
47 44 93
47 45 32
47 48 67
47 49 90
48 0 85
48 1 95
48 2 81
48 3 82
48 5 47
48 6 92
48 7 82
48 8 13
48 9 64
48 10 4
48 11 32
48 14 97
48 15 58
48 16 51
48 17 34
48 18 85
48 19 31
48 20 88
48 22 28
48 24 68
48 25 66
48 26 86
48 27 20
48 28 65
48 30 24
48 32 65
48 34 97
48 35 78
48 36 8
48 37 50
48 38 24
48 40 48
48 42 78
48 45 4
49 0 71
49 2 37
49 3 17
49 5 4
49 6 82
49 7 23
49 8 76
49 9 53
49 10 78
49 11 10
49 12 89
49 13 20
49 15 25
49 16 42
49 17 9
49 18 63
49 19 70
49 20 92
49 21 71
49 23 10
49 26 76
49 30 37
49 31 9
49 32 93
49 33 73
49 34 24
49 36 93
49 37 1
49 38 65
49 39 27
49 40 95
49 42 21
49 43 32
49 46 65
49 48 87
41 0 39
41 1 16
41 4 51
41 7 24
41 8 6
41 9 94
41 11 77
41 12 23
41 13 60
41 14 13
41 20 100
41 21 45
41 22 66
41 23 64
41 24 35
41 25 36
41 26 9
41 28 70
41 29 52
41 30 40
41 31 53
41 32 17
41 33 98
41 35 10
41 36 97
41 37 50
41 38 50
41 39 39
41 40 99
41 43 26
41 44 3
41 46 97
41 49 27
0 29 78
1 29 80
2 29 39
4 29 100
5 29 25
6 29 46
8 29 24
9 29 32
10 29 71
11 29 44
12 29 28
14 29 79
15 29 49
17 29 45
18 29 4
19 29 11
20 29 39
21 29 81
23 29 11
24 29 85
25 29 22
26 29 56
30 29 56
31 29 15
32 29 2
34 29 72
35 29 20
36 29 39
38 29 95
39 29 72
40 29 2
42 29 64
43 29 44
45 29 79
46 29 63
48 29 11
