29
18
0 2 78
0 3 18
0 5 47
0 6 91
0 7 90
0 8 41
0 9 38
0 10 27
0 12 76
0 13 62
0 14 18
0 15 83
0 17 30
0 20 17
0 21 1
0 23 67
0 24 45
0 25 12
0 26 17
0 27 25
0 28 59
0 31 50
0 32 32
0 33 65
0 34 14
0 37 41
0 38 28
0 39 3
1 2 36
1 3 36
1 4 93
1 5 98
1 6 12
1 8 67
1 9 95
1 10 53
1 11 99
1 12 79
1 14 84
1 15 22
1 16 10
1 17 69
1 19 92
1 21 97
1 22 92
1 23 97
1 24 49
1 25 8
1 26 32
1 27 64
1 28 63
1 31 19
1 32 5
1 33 59
1 34 6
1 35 32
1 36 58
1 38 20
1 39 85
2 0 1
2 1 79
2 4 15
2 6 90
2 7 75
2 8 68
2 9 27
2 10 13
2 12 73
2 13 49
2 14 92
2 15 39
2 17 14
2 19 92
2 22 50
2 23 6
2 24 48
2 25 79
2 26 27
2 28 4
2 30 18
2 32 74
2 33 37
2 34 17
2 35 54
2 36 45
2 37 99
2 39 70
3 0 67
3 1 63
3 2 23
3 5 59
3 7 63
3 8 34
3 9 67
3 10 48
3 11 40
3 13 9
3 16 65
3 17 45
3 19 4
3 20 72
3 21 38
3 23 38
3 24 22
3 25 51
3 28 52
3 34 25
3 35 33
3 36 55
3 37 7
3 38 78
3 39 32
4 0 4
4 1 70
4 2 98
4 3 81
4 5 12
4 6 5
4 8 23
4 9 53
4 10 56
4 11 6
4 13 87
4 15 11
4 20 90
4 22 89
4 26 95
4 30 66
4 31 84
4 34 73
4 36 69
4 38 9
4 39 4
5 1 21
5 4 23
5 7 44
5 9 79
5 10 14
5 11 15
5 12 43
5 14 54
5 15 68
5 16 32
5 17 28
5 19 25
5 21 29
5 23 45
5 24 46
5 25 3
5 26 41
5 28 90
5 30 33
5 31 94
5 35 20
5 36 41
5 39 57
6 0 87
6 2 44
6 3 83
6 4 67
6 5 50
6 7 41
6 8 27
6 9 73
6 10 83
6 11 99
6 13 20
6 14 46
6 15 69
6 17 56
6 19 71
6 20 65
6 21 76
6 22 100
6 23 29
6 27 71
6 28 48
6 30 84
6 31 67
6 32 23
6 36 5
6 37 7
6 38 10
6 39 80
7 1 13
7 3 95
7 4 23
7 5 74
7 6 46
7 9 48
7 10 83
7 11 24
7 12 15
7 13 60
7 14 17
7 17 92
7 19 92
7 20 8
7 21 16
7 22 61
7 23 38
7 24 63
7 25 32
7 27 14
7 30 2
7 31 77
7 32 30
7 33 70
7 34 66
7 35 6
7 37 70
7 38 74
7 39 17
8 0 73
8 2 92
8 3 97
8 5 68
8 6 98
8 7 91
8 10 8
8 11 82
8 12 4
8 14 97
8 15 53
8 17 96
8 19 43
8 20 94
8 21 19
8 23 100
8 24 24
8 25 91
8 26 31
8 27 56
8 30 3
8 31 58
8 32 39
8 33 85
8 35 73
8 36 81
8 37 92
8 38 59
8 39 39
9 0 53
9 1 33
9 2 24
9 3 88
9 7 8
9 8 50
9 11 16
9 12 87
9 13 8
9 14 47
9 16 10
9 17 73
9 19 11
9 20 66
9 21 89
9 26 46
9 28 76
9 30 83
9 32 54
9 33 92
9 35 11
9 36 84
9 39 15
10 0 22
10 1 66
10 2 14
10 3 87
10 5 52
10 6 18
10 7 41
10 8 58
10 11 26
10 12 74
10 15 92
10 16 87
10 19 59
10 20 31
10 22 17
10 24 70
10 25 10
10 27 80
10 28 10
10 30 46
10 31 77
10 33 84
10 34 8
10 35 42
10 36 56
10 37 43
11 0 94
11 4 89
11 5 59
11 6 52
11 7 90
11 8 55
11 9 39
11 10 88
11 13 96
11 14 10
11 15 69
11 19 12
11 20 10
11 21 84
11 22 37
11 23 80
11 27 82
11 28 9
11 31 19
11 35 34
11 36 37
11 39 48
12 0 55
12 2 59
12 3 96
12 4 67
12 5 37
12 6 55
12 7 83
12 8 6
12 9 38
12 10 29
12 11 79
12 13 85
12 14 82
12 21 21
12 23 36
12 24 69
12 25 19
12 26 92
12 27 53
12 28 74
12 30 37
12 31 8
12 32 97
12 33 1
12 36 29
12 37 58
12 39 14
13 0 83
13 2 50
13 3 70
13 4 82
13 5 89
13 6 80
13 7 3
13 8 16
13 9 83
13 15 100
13 16 82
13 17 1
13 19 5
13 20 37
13 21 78
13 23 84
13 24 81
13 25 68
13 26 92
13 30 95
13 32 27
13 34 65
13 35 33
13 37 58
13 38 22
13 39 8
14 0 87
14 2 49
14 3 6
14 4 16
14 7 55
14 8 33
14 9 62
14 10 15
14 11 39
14 12 15
14 13 86
14 15 28
14 16 28
14 17 7
14 20 37
14 22 38
14 23 14
14 27 4
14 28 30
14 30 34
14 32 57
14 35 79
14 36 32
14 37 61
14 38 16
15 0 22
15 2 48
15 3 55
15 5 19
15 7 85
15 8 44
15 9 96
15 10 96
15 11 35
15 13 18
15 16 57
15 17 40
15 21 80
15 22 95
15 23 72
15 25 3
15 26 56
15 28 97
15 30 81
15 31 62
15 34 10
15 35 34
15 36 98
15 38 62
15 39 93
16 0 64
16 1 71
16 3 58
16 4 47
16 5 70
16 6 35
16 8 12
16 11 53
16 12 26
16 15 48
16 17 97
16 20 51
16 22 48
16 23 24
16 25 8
16 26 34
16 27 12
16 28 71
16 30 12
16 31 5
16 32 39
16 36 92
16 37 50
16 39 70
17 2 53
17 3 36
17 4 87
17 5 91
17 7 22
17 8 41
17 10 71
17 11 87
17 12 57
17 13 78
17 14 35
17 15 9
17 19 27
17 20 100
17 22 69
17 23 19
17 26 26
17 27 74
17 28 73
17 30 48
17 32 61
17 33 39
17 34 64
17 36 87
17 37 29
17 38 13
17 39 39
19 1 29
19 3 87
19 5 84
19 7 80
19 8 36
19 9 61
19 10 84
19 11 3
19 12 74
19 14 79
19 15 82
19 16 44
19 17 47
19 20 1
19 22 68
19 23 5
19 24 23
19 26 23
19 27 84
19 28 63
19 30 78
19 32 12
19 33 69
19 34 93
19 35 68
19 36 55
19 37 62
20 0 64
20 1 41
20 2 40
20 3 20
20 4 95
20 7 78
20 10 19
20 11 31
20 12 88
20 14 29
20 16 10
20 17 49
20 19 4
20 21 9
20 23 67
20 24 5
20 26 79
20 27 19
20 28 100
20 31 53
20 32 37
20 35 72
20 38 50
20 39 54
21 0 70
21 2 84
21 3 7
21 4 87
21 5 62
21 6 23
21 7 94
21 9 61
21 10 83
21 11 19
21 13 18
21 14 19
21 15 94
21 16 75
21 17 87
21 19 93
21 23 12
21 30 48
21 31 92
21 33 95
21 34 86
21 36 30
21 37 54
21 38 32
22 0 59
22 1 80
22 2 31
22 3 86
22 4 98
22 5 69
22 6 80
22 7 26
22 8 2
22 9 70
22 10 61
22 11 42
22 13 88
22 14 4
22 15 50
22 17 96
22 19 82
22 23 31
22 24 75
22 25 44
22 27 32
22 28 22
22 30 63
22 32 20
22 34 3
22 35 8
22 36 82
22 37 64
23 0 49
23 1 13
23 2 58
23 3 55
23 4 68
23 5 5
23 6 91
23 7 47
23 11 36
23 12 77
23 15 33
23 16 93
23 17 40
23 19 15
23 21 60
23 22 52
23 24 45
23 25 56
23 26 36
23 28 52
23 30 20
23 31 32
23 32 6
23 33 61
23 34 99
23 36 66
23 37 6
23 39 10
24 0 85
24 1 1
24 2 26
24 3 95
24 6 71
24 7 68
24 8 99
24 11 16
24 13 65
24 15 31
24 16 84
24 19 49
24 20 14
24 22 49
24 23 7
24 25 65
24 26 7
24 28 68
24 30 45
24 32 31
24 33 28
24 34 68
24 35 97
24 36 4
24 37 84
24 38 5
25 2 65
25 3 23
25 5 99
25 7 17
25 8 94
25 9 45
25 11 50
25 12 94
25 13 88
25 14 81
25 16 4
25 17 29
25 19 64
25 20 50
25 21 23
25 23 8
25 24 91
25 26 60
25 27 56
25 28 3
25 31 84
25 32 66
25 33 32
25 34 42
26 0 13
26 2 22
26 3 74
26 4 53
26 5 81
26 6 95
26 7 18
26 8 38
26 9 65
26 10 17
26 11 22
26 12 89
26 15 62
26 17 71
26 20 29
26 21 24
26 24 22
26 25 30
26 28 21
26 30 3
26 32 58
26 33 17
26 36 100
26 37 53
26 38 8
27 0 32
27 1 93
27 4 52
27 5 86
27 6 25
27 7 89
27 8 97
27 10 5
27 11 34
27 12 16
27 13 55
27 14 52
27 15 19
27 16 2
27 17 95
27 19 72
27 22 94
27 23 83
27 24 17
27 25 66
27 26 60
27 28 38
27 30 77
27 31 41
27 34 89
27 35 4
27 36 33
27 37 43
27 38 12
27 39 14
28 0 91
28 1 39
28 2 24
28 5 67
28 6 38
28 7 48
28 8 42
28 9 89
28 11 94
28 12 23
28 14 65
28 16 64
28 17 70
28 19 80
28 20 14
28 21 20
28 22 74
28 23 16
28 24 64
28 26 40
28 27 21
28 30 85
28 31 30
28 33 77
28 34 63
28 35 24
28 36 32
28 37 41
28 38 76
30 0 11
30 1 29
30 3 20
30 4 93
30 6 59
30 7 81
30 9 86
30 11 17
30 12 50
30 13 12
30 14 23
30 17 64
30 20 20
30 21 78
30 22 5
30 23 78
30 24 33
30 25 50
30 26 89
30 27 52
30 28 67
30 31 42
30 32 74
30 33 86
30 34 34
30 35 87
30 36 59
30 37 59
30 39 82
31 1 64
31 3 9
31 6 6
31 7 85
31 10 16
31 11 26
31 13 73
31 14 80
31 15 57
31 16 22
31 19 78
31 20 99
31 21 71
31 22 25
31 23 58
31 24 92
31 25 93
31 26 69
31 30 56
31 32 76
31 35 10
31 36 17
31 37 46
31 38 76
32 0 100
32 2 59
32 3 80
32 5 37
32 6 53
32 7 68
32 9 48
32 12 27
32 13 28
32 15 12
32 16 12
32 17 4
32 19 99
32 20 92
32 22 77
32 24 63
32 25 55
32 27 18
32 28 1
32 33 55
32 34 39
32 35 7
32 36 50
32 37 45
32 38 38
32 39 6
33 0 68
33 2 75
33 3 31
33 4 45
33 5 38
33 6 5
33 8 84
33 12 3
33 13 5
33 16 19
33 17 11
33 19 35
33 20 19
33 21 92
33 23 94
33 24 56
33 25 54
33 26 39
33 27 75
33 28 66
33 32 60
33 34 97
33 36 59
33 38 3
33 39 42
34 0 8
34 1 37
34 2 46
34 3 82
34 7 56
34 8 81
34 10 22
34 11 77
34 13 43
34 14 95
34 15 67
34 16 24
34 17 93
34 19 85
34 20 17
34 21 96
34 22 75
34 23 55
34 25 38
34 26 11
34 27 57
34 30 17
34 31 23
34 32 13
34 35 21
34 37 6
34 38 64
35 0 25
35 3 97
35 4 63
35 5 66
35 6 69
35 7 54
35 8 28
35 9 23
35 10 4
35 12 54
35 14 25
35 17 55
35 19 48
35 20 74
35 21 4
35 22 96
35 23 38
35 26 14
35 27 41
35 36 49
35 38 30
35 39 31
36 0 20
36 1 100
36 2 30
36 3 66
36 4 37
36 5 4
36 8 19
36 9 44
36 10 82
36 11 76
36 12 2
36 13 17
36 14 59
36 16 69
36 17 39
36 19 28
36 20 65
36 22 95
36 24 88
36 25 61
36 26 7
36 27 66
36 28 23
36 30 1
36 31 81
36 34 38
36 35 2
36 37 63
36 38 33
36 39 87
37 0 9
37 2 1
37 3 1
37 4 93
37 6 87
37 7 55
37 8 4
37 9 21
37 12 84
37 14 38
37 17 78
37 19 64
37 20 52
37 21 71
37 23 94
37 24 75
37 25 90
37 26 44
37 31 47
37 33 28
37 35 5
37 36 15
37 39 71
38 0 44
38 1 14
38 2 97
38 4 36
38 6 29
38 8 2
38 10 44
38 11 28
38 13 17
38 14 71
38 15 83
38 16 58
38 17 49
38 21 89
38 22 46
38 26 53
38 27 61
38 30 10
38 31 67
38 32 45
38 33 17
38 34 67
38 39 73
39 0 87
39 1 9
39 2 55
39 3 64
39 4 66
39 6 77
39 11 5
39 13 100
39 16 64
39 19 57
39 20 18
39 21 55
39 23 73
39 24 52
39 25 14
39 26 52
39 27 41
39 28 1
39 34 75
39 35 87
39 36 47
39 37 6
29 0 53
29 1 14
29 3 24
29 5 20
29 6 77
29 9 37
29 11 5
29 12 39
29 13 26
29 14 10
29 16 19
29 17 37
29 18 26
29 19 97
29 20 57
29 22 68
29 23 83
29 26 26
29 30 40
29 31 73
29 32 12
29 34 68
29 35 100
29 38 74
0 18 74
2 18 25
3 18 46
6 18 47
10 18 33
12 18 37
14 18 83
15 18 66
19 18 10
21 18 19
22 18 25
24 18 4
25 18 13
27 18 1
28 18 19
31 18 85
32 18 7
33 18 15
35 18 35
36 18 91
37 18 64
38 18 79
39 18 65
