7
1
0 2 70
0 3 66
0 4 16
0 5 66
0 6 58
0 9 73
0 10 46
0 12 56
0 15 76
0 16 32
0 17 64
0 18 86
0 19 92
0 23 7
0 24 82
0 25 18
0 26 22
0 28 66
0 30 90
0 31 80
0 35 7
0 36 60
0 37 10
0 38 2
0 39 51
0 40 54
0 41 85
0 43 49
0 44 75
0 45 85
0 47 71
0 48 8
0 49 38
0 50 73
0 52 29
0 53 50
0 54 59
0 57 89
0 58 28
0 59 5
0 61 73
0 62 78
0 64 53
0 65 70
0 66 99
0 67 89
0 68 77
0 69 21
0 73 40
0 74 6
0 75 95
0 76 77
0 78 15
0 79 52
2 0 59
2 4 6
2 5 52
2 6 92
2 8 1
2 9 14
2 11 3
2 12 49
2 13 31
2 14 41
2 15 34
2 16 96
2 17 14
2 18 46
2 19 3
2 20 26
2 25 13
2 27 49
2 28 29
2 29 11
2 30 53
2 31 5
2 32 6
2 34 21
2 37 74
2 38 35
2 39 46
2 40 87
2 41 23
2 42 6
2 44 67
2 45 74
2 47 31
2 50 80
2 51 53
2 52 40
2 54 16
2 55 57
2 57 73
2 60 37
2 63 24
2 66 46
2 67 27
2 69 3
2 71 41
2 72 57
2 73 46
2 74 64
2 75 20
2 77 70
2 78 61
2 79 73
3 0 94
3 4 26
3 5 35
3 8 38
3 10 79
3 11 22
3 12 18
3 13 87
3 14 35
3 16 95
3 17 2
3 18 31
3 19 3
3 20 91
3 21 2
3 24 71
3 25 69
3 27 25
3 28 64
3 29 90
3 31 36
3 32 58
3 33 23
3 34 58
3 35 17
3 36 16
3 37 22
3 38 3
3 39 31
3 40 25
3 41 12
3 42 48
3 44 100
3 46 28
3 48 70
3 49 92
3 50 16
3 51 11
3 52 71
3 53 37
3 54 73
3 56 14
3 57 72
3 58 70
3 59 49
3 60 1
3 61 14
3 62 24
3 63 13
3 66 2
3 68 79
3 69 56
3 70 7
3 71 62
3 72 71
3 73 9
3 75 42
4 0 56
4 2 82
4 3 78
4 5 79
4 6 77
4 8 36
4 10 77
4 11 69
4 12 96
4 13 84
4 14 22
4 15 31
4 16 45
4 20 22
4 21 8
4 23 74
4 24 29
4 25 72
4 28 64
4 31 98
4 33 81
4 34 40
4 36 12
4 38 8
4 39 48
4 40 19
4 41 75
4 42 41
4 43 52
4 45 72
4 47 15
4 48 99
4 49 56
4 51 79
4 53 78
4 54 91
4 55 80
4 56 80
4 59 33
4 60 40
4 61 50
4 62 77
4 63 4
4 67 75
4 69 17
4 70 85
4 71 39
4 72 33
4 73 55
4 74 91
4 76 9
4 79 6
5 2 26
5 3 48
5 4 14
5 9 63
5 10 98
5 11 60
5 12 51
5 13 3
5 14 53
5 18 87
5 19 61
5 20 58
5 22 70
5 23 71
5 24 42
5 25 90
5 26 13
5 28 7
5 29 53
5 30 100
5 31 68
5 32 60
5 37 67
5 38 72
5 40 56
5 41 75
5 42 86
5 44 52
5 45 8
5 46 68
5 47 48
5 49 96
5 50 54
5 51 29
5 52 49
5 54 64
5 55 70
5 57 56
5 58 75
5 59 89
5 61 71
5 63 38
5 64 12
5 65 25
5 66 72
5 68 64
5 69 92
5 72 87
5 74 33
5 75 27
5 76 24
5 79 39
6 0 2
6 2 98
6 4 34
6 5 73
6 8 60
6 9 36
6 10 78
6 11 9
6 12 55
6 14 20
6 16 78
6 17 60
6 18 61
6 19 75
6 20 63
6 21 35
6 23 8
6 24 20
6 26 14
6 28 95
6 31 79
6 33 91
6 35 26
6 36 16
6 37 70
6 38 64
6 39 80
6 41 43
6 43 75
6 45 26
6 46 71
6 51 93
6 52 67
6 55 20
6 56 74
6 57 17
6 58 32
6 59 43
6 60 91
6 62 29
6 63 99
6 66 46
6 68 10
6 69 79
6 70 52
6 71 40
6 73 52
6 74 62
6 75 31
6 76 72
6 78 74
6 79 33
8 0 70
8 3 56
8 4 4
8 5 6
8 9 68
8 13 92
8 14 73
8 15 21
8 17 2
8 18 44
8 19 37
8 21 12
8 25 45
8 26 16
8 27 88
8 28 95
8 29 94
8 30 97
8 31 13
8 33 67
8 34 44
8 35 26
8 36 22
8 39 25
8 41 8
8 45 16
8 48 32
8 49 8
8 51 29
8 54 40
8 56 50
8 58 93
8 59 73
8 60 24
8 61 89
8 62 25
8 64 8
8 66 1
8 67 44
8 68 24
8 70 39
8 72 55
8 75 81
8 76 8
8 77 54
8 78 58
9 0 42
9 3 57
9 4 26
9 5 61
9 6 35
9 8 16
9 10 50
9 11 66
9 12 68
9 13 89
9 14 36
9 15 70
9 16 41
9 19 68
9 20 89
9 21 77
9 22 100
9 24 7
9 25 49
9 27 31
9 28 39
9 30 61
9 32 52
9 33 19
9 34 73
9 38 74
9 39 67
9 40 91
9 41 15
9 42 88
9 43 23
9 44 53
9 46 21
9 48 28
9 50 71
9 51 63
9 52 73
9 53 52
9 56 14
9 59 50
9 61 46
9 62 94
9 63 39
9 64 84
9 66 40
9 67 80
9 69 73
9 70 78
9 71 93
9 72 17
9 73 92
9 75 38
9 76 66
9 78 35
9 79 11
10 0 10
10 2 7
10 4 39
10 6 6
10 8 54
10 9 42
10 11 70
10 12 53
10 13 90
10 15 13
10 17 77
10 18 83
10 19 31
10 20 87
10 21 74
10 22 71
10 23 92
10 24 46
10 25 73
10 26 93
10 27 33
10 29 84
10 31 33
10 32 85
10 34 48
10 37 77
10 38 51
10 39 49
10 40 40
10 41 93
10 43 29
10 44 81
10 45 25
10 47 53
10 48 38
10 49 61
10 50 14
10 51 75
10 52 63
10 55 69
10 56 36
10 57 17
10 58 41
10 59 40
10 62 40
10 63 47
10 64 84
10 66 16
10 67 13
10 68 67
10 70 3
10 71 77
10 73 33
10 74 48
10 75 94
10 77 10
10 78 34
10 79 24
11 2 42
11 3 1
11 4 87
11 8 39
11 10 56
11 12 65
11 13 5
11 14 59
11 15 64
11 16 21
11 17 51
11 18 50
11 19 1
11 20 91
11 22 48
11 23 35
11 24 86
11 25 52
11 26 84
11 28 89
11 30 33
11 31 34
11 32 91
11 33 35
11 34 9
11 35 26
11 37 34
11 38 91
11 39 24
11 40 29
11 41 51
11 42 36
11 43 14
11 44 49
11 45 70
11 47 50
11 48 80
11 49 52
11 50 31
11 51 7
11 52 4
11 54 13
11 55 53
11 57 39
11 58 53
11 59 1
11 60 57
11 62 55
11 63 96
11 64 8
11 67 41
11 69 88
11 71 72
11 72 8
11 74 75
11 76 1
11 77 76
11 78 57
11 79 9
12 0 4
12 2 50
12 3 84
12 4 20
12 6 56
12 8 94
12 9 9
12 10 65
12 11 17
12 13 94
12 15 42
12 16 54
12 17 35
12 18 95
12 20 16
12 21 15
12 22 27
12 23 79
12 24 21
12 26 43
12 28 99
12 30 43
12 31 13
12 32 73
12 35 63
12 36 25
12 37 23
12 38 69
12 40 84
12 42 74
12 43 19
12 44 43
12 46 81
12 47 95
12 50 23
12 51 51
12 52 42
12 53 61
12 55 11
12 56 14
12 58 30
12 59 87
12 60 83
12 64 3
12 65 63
12 67 5
12 69 51
12 70 15
12 71 37
12 72 52
12 73 94
12 74 46
12 75 37
12 76 12
12 77 12
12 78 66
13 0 71
13 2 28
13 3 66
13 5 90
13 6 10
13 8 49
13 9 44
13 10 14
13 12 46
13 14 16
13 18 89
13 20 86
13 21 13
13 22 50
13 23 3
13 24 53
13 26 17
13 27 75
13 28 47
13 29 74
13 31 17
13 37 37
13 39 53
13 41 3
13 42 93
13 43 78
13 44 8
13 45 40
13 47 26
13 49 2
13 50 92
13 51 16
13 53 84
13 55 37
13 57 18
13 58 51
13 59 74
13 61 55
13 62 90
13 65 91
13 66 64
13 67 70
13 68 99
13 69 26
13 71 25
13 73 46
13 74 50
13 75 92
13 76 37
13 77 36
13 78 30
13 79 70
14 2 28
14 3 91
14 4 90
14 5 77
14 8 26
14 9 68
14 10 55
14 11 1
14 12 42
14 16 26
14 17 22
14 18 31
14 21 98
14 23 58
14 25 40
14 27 66
14 28 79
14 31 33
14 32 35
14 33 65
14 35 21
14 38 25
14 40 94
14 43 28
14 44 96
14 45 12
14 47 5
14 48 45
14 49 58
14 51 64
14 53 19
14 55 54
14 56 28
14 57 68
14 59 99
14 60 10
14 61 14
14 62 57
14 63 38
14 64 63
14 65 61
14 66 98
14 67 46
14 68 34
14 69 90
14 71 71
14 72 73
14 73 18
14 77 8
14 78 68
15 2 99
15 3 27
15 5 19
15 6 80
15 8 23
15 9 48
15 11 85
15 16 69
15 17 15
15 18 20
15 21 31
15 23 40
15 24 37
15 26 15
15 29 17
15 30 39
15 32 85
15 34 11
15 35 56
15 36 47
15 38 17
15 40 41
15 43 65
15 44 57
15 45 85
15 46 99
15 47 39
15 48 71
15 49 39
15 50 93
15 52 19
15 53 94
15 54 90
15 55 87
15 56 98
15 59 19
15 60 32
15 61 100
15 62 18
15 64 16
15 65 44
15 66 26
15 67 21
15 68 65
15 69 92
15 71 96
15 72 90
15 73 37
15 74 8
15 75 97
15 76 72
15 78 93
15 79 48
16 0 24
16 2 96
16 3 43
16 4 37
16 5 64
16 6 76
16 9 85
16 12 94
16 15 59
16 17 88
16 18 24
16 21 73
16 22 8
16 23 3
16 24 21
16 25 3
16 26 70
16 27 21
16 28 92
16 32 84
16 33 47
16 38 30
16 39 71
16 40 2
16 41 24
16 42 67
16 45 98
16 47 37
16 48 38
16 49 98
16 51 66
16 52 42
16 54 25
16 55 46
16 57 73
16 58 38
16 59 58
16 60 95
16 61 66
16 62 36
16 63 95
16 65 89
16 69 5
16 70 18
16 71 20
16 72 34
16 73 9
16 74 78
16 75 57
16 76 1
16 77 98
16 79 72
17 0 29
17 2 94
17 3 89
17 9 28
17 11 14
17 13 51
17 15 76
17 16 90
17 18 90
17 19 92
17 20 51
17 22 46
17 23 45
17 24 31
17 25 53
17 26 1
17 27 50
17 29 55
17 30 18
17 31 42
17 32 29
17 33 77
17 34 50
17 36 98
17 40 21
17 44 19
17 45 26
17 46 32
17 48 58
17 50 20
17 54 18
17 55 57
17 56 70
17 57 86
17 58 66
17 59 30
17 61 20
17 62 25
17 65 84
17 66 49
17 68 24
17 70 22
17 72 23
17 73 37
17 74 57
18 0 54
18 2 20
18 3 39
18 5 28
18 10 5
18 11 59
18 12 32
18 13 52
18 15 62
18 16 87
18 17 61
18 19 50
18 21 97
18 23 10
18 24 5
18 25 14
18 27 78
18 28 6
18 29 23
18 31 15
18 32 81
18 34 25
18 36 20
18 37 78
18 38 47
18 39 14
18 40 57
18 41 84
18 42 24
18 43 56
18 44 78
18 47 68
18 48 9
18 49 15
18 50 75
18 52 25
18 54 32
18 55 96
18 56 33
18 57 62
18 58 67
18 59 54
18 60 83
18 61 20
18 63 17
18 64 98
18 65 67
18 67 63
18 69 56
18 70 57
18 71 14
18 72 78
18 73 39
18 74 84
18 75 8
18 76 51
18 77 83
18 78 65
18 79 71
19 3 12
19 5 40
19 6 70
19 9 77
19 11 62
19 13 15
19 14 46
19 15 41
19 16 84
19 17 22
19 18 49
19 21 26
19 22 94
19 23 5
19 24 93
19 25 77
19 26 16
19 27 44
19 28 88
19 29 43
19 30 67
19 31 67
19 32 45
19 33 28
19 36 15
19 38 55
19 39 83
19 40 68
19 43 96
19 44 40
19 46 89
19 49 57
19 50 50
19 51 66
19 52 35
19 53 83
19 54 74
19 56 48
19 59 17
19 60 35
19 63 71
19 66 37
19 67 40
19 68 28
19 69 23
19 70 54
19 72 9
19 73 84
19 74 1
19 75 28
19 77 9
19 78 100
19 79 27
20 2 59
20 3 78
20 4 62
20 6 73
20 8 64
20 9 32
20 10 50
20 11 27
20 15 52
20 17 34
20 18 81
20 22 68
20 23 85
20 24 88
20 25 37
20 26 57
20 28 38
20 30 18
20 31 17
20 33 54
20 34 8
20 36 19
20 37 46
20 38 40
20 39 22
20 40 34
20 42 87
20 43 32
20 44 82
20 45 98
20 46 97
20 47 12
20 48 30
20 49 26
20 51 56
20 52 18
20 54 25
20 58 9
20 60 95
20 61 56
20 63 79
20 65 75
20 67 41
20 68 35
20 69 8
20 70 59
20 72 75
20 73 94
20 75 46
20 76 83
20 77 83
20 78 18
20 79 97
21 0 92
21 3 60
21 4 94
21 5 100
21 6 40
21 8 68
21 9 3
21 10 56
21 11 100
21 13 95
21 14 84
21 15 39
21 16 39
21 17 7
21 18 41
21 22 12
21 24 54
21 25 53
21 26 88
21 27 32
21 28 94
21 30 96
21 31 20
21 33 98
21 34 9
21 35 67
21 37 51
21 38 56
21 39 2
21 40 48
21 41 34
21 42 75
21 45 86
21 50 16
21 51 55
21 53 83
21 54 48
21 55 30
21 57 45
21 58 5
21 59 79
21 61 92
21 63 50
21 64 85
21 65 38
21 66 2
21 69 30
21 70 93
21 73 44
21 74 1
21 75 61
21 76 27
21 77 89
21 78 88
21 79 58
22 0 59
22 3 58
22 5 78
22 8 44
22 9 59
22 10 25
22 12 50
22 13 85
22 14 26
22 15 45
22 16 57
22 18 21
22 19 30
22 20 60
22 21 47
22 24 2
22 25 51
22 26 93
22 27 27
22 29 24
22 30 32
22 32 38
22 33 47
22 34 11
22 35 98
22 36 11
22 37 14
22 38 48
22 40 1
22 43 36
22 44 6
22 45 76
22 46 62
22 48 22
22 49 74
22 50 12
22 52 7
22 55 58
22 56 29
22 58 74
22 59 73
22 60 23
22 63 59
22 64 36
22 65 43
22 66 39
22 67 54
22 69 74
22 71 38
22 73 4
22 74 20
22 75 60
22 76 81
22 77 10
23 2 31
23 3 60
23 8 65
23 9 95
23 11 68
23 13 19
23 15 46
23 17 84
23 18 25
23 19 76
23 20 11
23 22 88
23 24 49
23 25 93
23 26 30
23 29 61
23 30 14
23 31 15
23 33 46
23 36 13
23 37 28
23 38 95
23 39 30
23 40 36
23 41 97
23 44 80
23 45 85
23 46 38
23 47 55
23 48 35
23 49 20
23 50 76
23 51 44
23 52 77
23 54 3
23 57 51
23 60 16
23 61 65
23 63 83
23 67 43
23 68 80
23 69 24
23 70 27
23 71 96
23 72 16
23 73 44
23 74 29
23 76 50
23 77 27
23 78 1
23 79 5
24 0 30
24 2 21
24 3 6
24 5 52
24 8 51
24 9 67
24 10 76
24 15 66
24 16 52
24 17 73
24 20 91
24 22 40
24 23 2
24 25 21
24 26 36
24 28 55
24 30 84
24 32 12
24 34 79
24 37 10
24 38 97
24 39 37
24 40 42
24 41 43
24 42 56
24 43 27
24 44 88
24 45 18
24 46 87
24 48 66
24 50 14
24 51 44
24 52 91
24 55 17
24 56 39
24 58 50
24 59 36
24 60 62
24 62 56
24 63 22
24 65 53
24 66 89
24 67 39
24 70 8
24 73 89
24 75 31
24 79 89
25 0 87
25 3 69
25 4 67
25 5 63
25 8 96
25 10 43
25 11 29
25 12 13
25 14 77
25 15 44
25 16 38
25 18 52
25 19 47
25 21 10
25 22 65
25 23 1
25 24 35
25 26 1
25 27 6
25 28 82
25 30 99
25 32 90
25 33 61
25 35 40
25 38 18
25 39 95
25 40 100
25 44 18
25 45 45
25 46 6
25 48 24
25 49 86
25 50 98
25 51 18
25 52 45
25 54 70
25 55 58
25 56 50
25 59 92
25 60 14
25 61 76
25 67 97
25 68 31
25 70 68
25 71 26
25 72 70
25 75 90
25 76 25
25 77 2
25 78 63
26 2 12
26 3 53
26 4 11
26 5 77
26 6 86
26 8 39
26 10 48
26 15 33
26 16 23
26 18 52
26 19 53
26 20 96
26 21 66
26 22 87
26 24 94
26 27 71
26 28 61
26 29 28
26 30 94
26 33 63
26 34 5
26 35 85
26 36 34
26 38 47
26 39 41
26 40 67
26 42 51
26 43 58
26 44 92
26 45 11
26 46 97
26 49 10
26 50 37
26 51 62
26 53 45
26 54 42
26 56 3
26 57 77
26 58 57
26 59 80
26 60 84
26 62 45
26 65 20
26 67 5
26 68 100
26 69 22
26 71 51
26 72 62
26 73 80
26 74 66
26 75 46
26 76 91
26 78 39
26 79 46
27 0 70
27 4 83
27 5 67
27 6 10
27 8 36
27 9 12
27 10 37
27 11 38
27 12 66
27 14 67
27 16 78
27 18 39
27 19 58
27 20 88
27 22 73
27 23 90
27 25 93
27 26 8
27 28 95
27 30 71
27 32 2
27 33 91
27 34 6
27 36 98
27 37 60
27 38 77
27 39 29
27 41 10
27 42 43
27 43 44
27 44 48
27 47 46
27 49 27
27 50 25
27 51 62
27 52 13
27 53 80
27 55 48
27 56 39
27 57 51
27 58 2
27 60 94
27 61 46
27 62 70
27 64 76
27 66 57
27 73 79
27 74 45
27 75 80
27 76 68
27 77 47
27 78 62
28 0 81
28 2 45
28 3 63
28 5 46
28 6 35
28 8 16
28 10 52
28 11 23
28 12 38
28 13 41
28 14 33
28 15 28
28 17 74
28 19 28
28 20 4
28 21 25
28 23 35
28 24 12
28 25 85
28 29 32
28 33 43
28 34 58
28 36 29
28 39 24
28 40 100
28 41 20
28 42 64
28 43 3
28 44 81
28 45 77
28 46 84
28 47 68
28 48 55
28 49 3
28 50 22
28 51 75
28 52 42
28 53 4
28 56 99
28 57 88
28 58 83
28 59 99
28 60 64
28 61 6
28 62 52
28 63 43
28 64 70
28 66 87
28 67 4
28 68 93
28 70 38
28 71 18
28 72 19
28 73 34
28 74 57
28 75 74
28 77 59
28 78 31
28 79 44
29 2 44
29 3 68
29 4 56
29 5 67
29 8 4
29 9 17
29 10 62
29 11 15
29 12 1
29 13 70
29 14 37
29 15 2
29 16 73
29 18 98
29 19 82
29 20 30
29 21 61
29 24 60
29 25 42
29 27 52
29 28 40
29 30 26
29 31 87
29 32 26
29 33 39
29 38 67
29 39 5
29 41 70
29 43 29
29 45 100
29 47 57
29 48 22
29 51 48
29 52 90
29 53 88
29 54 84
29 55 13
29 56 49
29 57 88
29 59 27
29 60 96
29 61 89
29 62 8
29 64 22
29 66 11
29 67 46
29 68 93
29 70 95
29 71 89
29 73 9
29 74 32
29 75 9
29 77 65
29 79 93
30 0 35
30 2 94
30 5 42
30 6 24
30 9 74
30 10 13
30 11 2
30 13 33
30 15 78
30 16 70
30 18 100
30 20 31
30 22 9
30 24 97
30 25 74
30 28 21
30 29 54
30 31 85
30 32 82
30 39 62
30 41 71
30 42 36
30 44 91
30 45 71
30 46 44
30 47 32
30 48 61
30 49 21
30 50 67
30 51 22
30 52 9
30 53 43
30 54 92
30 56 65
30 58 36
30 59 17
30 60 31
30 61 42
30 63 8
30 65 63
30 66 59
30 67 15
30 69 47
30 71 96
30 73 19
30 74 83
30 75 65
30 76 2
30 77 31
30 78 2
31 2 28
31 3 95
31 5 40
31 8 62
31 9 38
31 10 88
31 11 39
31 13 2
31 14 2
31 15 8
31 16 90
31 17 40
31 19 12
31 20 16
31 21 76
31 22 53
31 23 52
31 24 46
31 25 88
31 27 37
31 29 29
31 34 84
31 35 99
31 36 39
31 37 63
31 39 60
31 40 16
31 42 20
31 43 96
31 47 81
31 48 45
31 49 98
31 50 55
31 53 80
31 57 84
31 58 71
31 61 20
31 63 34
31 66 31
31 69 60
31 70 46
31 71 83
31 72 84
31 74 75
31 75 77
31 77 81
31 79 67
32 0 64
32 3 58
32 4 97
32 6 74
32 8 57
32 9 40
32 10 4
32 12 47
32 13 19
32 14 66
32 15 61
32 16 23
32 17 80
32 20 46
32 21 47
32 24 98
32 25 27
32 27 22
32 28 70
32 29 74
32 30 82
32 33 4
32 34 31
32 35 98
32 36 34
32 37 75
32 39 11
32 40 19
32 41 90
32 44 49
32 45 82
32 47 54
32 48 8
32 49 17
32 50 67
32 51 77
32 52 80
32 54 28
32 56 100
32 57 57
32 60 78
32 61 62
32 63 70
32 65 93
32 66 43
32 69 53
32 70 70
32 72 62
32 73 98
32 74 83
32 75 75
32 77 46
32 78 98
32 79 32
33 0 2
33 3 18
33 6 83
33 8 1
33 9 31
33 10 26
33 11 43
33 13 94
33 14 65
33 15 9
33 17 83
33 19 56
33 21 15
33 22 27
33 23 69
33 24 59
33 25 36
33 27 15
33 28 17
33 30 35
33 31 4
33 34 59
33 37 79
33 39 22
33 40 46
33 41 80
33 42 83
33 43 32
33 44 20
33 46 69
33 47 53
33 48 69
33 49 90
33 50 74
33 52 46
33 54 54
33 57 62
33 59 63
33 60 68
33 61 54
33 62 38
33 64 78
33 65 4
33 67 66
33 68 38
33 69 65
33 70 94
33 71 77
33 72 3
33 73 30
33 74 98
33 75 85
33 76 100
33 77 41
33 78 31
33 79 45
34 0 53
34 3 51
34 9 40
34 10 86
34 11 17
34 13 14
34 17 73
34 18 57
34 19 43
34 20 56
34 23 9
34 24 89
34 25 27
34 26 13
34 27 17
34 28 56
34 29 24
34 32 12
34 33 3
34 36 33
34 37 11
34 38 95
34 39 76
34 40 39
34 41 23
34 42 90
34 43 20
34 44 21
34 47 70
34 48 56
34 49 98
34 52 68
34 53 44
34 54 20
34 55 18
34 56 57
34 57 91
34 58 98
34 60 7
34 61 22
34 62 15
34 64 95
34 65 50
34 66 76
34 69 52
34 70 10
34 73 56
34 75 65
34 76 92
34 77 88
34 78 44
34 79 30
35 0 46
35 2 22
35 4 58
35 5 43
35 8 21
35 9 83
35 10 82
35 11 48
35 12 95
35 15 74
35 16 86
35 17 63
35 18 87
35 19 20
35 20 76
35 21 27
35 22 87
35 23 58
35 24 31
35 25 51
35 26 35
35 30 46
35 31 38
35 36 16
35 37 35
35 38 65
35 39 53
35 40 88
35 41 42
35 42 29
35 44 7
35 48 25
35 50 71
35 52 25
35 54 18
35 55 59
35 56 89
35 57 20
35 60 58
35 61 60
35 62 22
35 63 22
35 64 98
35 67 57
35 68 27
35 69 44
35 70 7
35 71 66
35 72 48
35 73 58
35 74 9
35 75 90
35 76 85
35 77 86
35 78 93
36 0 76
36 2 77
36 4 85
36 5 17
36 6 3
36 8 42
36 9 45
36 10 25
36 13 91
36 14 26
36 18 88
36 19 87
36 21 37
36 22 53
36 23 11
36 24 25
36 25 96
36 26 88
36 29 71
36 30 35
36 31 71
36 33 89
36 34 45
36 35 8
36 37 31
36 39 20
36 40 70
36 44 62
36 45 100
36 46 87
36 47 55
36 48 90
36 50 33
36 52 97
36 53 31
36 54 37
36 55 69
36 57 73
36 58 89
36 59 25
36 60 72
36 61 82
36 64 74
36 65 84
36 66 7
36 67 40
36 68 39
36 69 80
36 70 95
36 71 14
36 73 3
36 75 56
36 76 10
36 77 1
37 0 27
37 3 29
37 4 13
37 6 29
37 9 1
37 10 58
37 12 50
37 13 87
37 14 53
37 15 71
37 16 66
37 17 99
37 19 38
37 20 58
37 21 30
37 24 23
37 26 67
37 27 97
37 28 24
37 29 5
37 30 11
37 31 96
37 32 10
37 33 95
37 35 24
37 36 63
37 39 100
37 40 3
37 41 88
37 42 25
37 43 4
37 44 90
37 45 34
37 46 35
37 47 93
37 48 92
37 49 86
37 50 16
37 51 59
37 53 7
37 57 100
37 59 68
37 61 11
37 62 14
37 64 53
37 65 97
37 66 99
37 67 100
37 68 86
37 69 37
37 73 1
37 74 98
37 77 71
37 78 46
37 79 72
38 0 74
38 2 74
38 3 76
38 4 64
38 5 25
38 6 52
38 9 18
38 10 72
38 11 71
38 12 79
38 13 2
38 14 27
38 16 51
38 18 19
38 19 82
38 20 57
38 22 34
38 23 20
38 25 56
38 29 5
38 30 86
38 34 62
38 36 93
38 39 19
38 40 79
38 43 39
38 44 72
38 46 81
38 47 91
38 50 70
38 51 69
38 52 17
38 53 56
38 55 1
38 57 7
38 59 14
38 60 84
38 62 2
38 63 33
38 64 67
38 65 60
38 66 85
38 68 85
38 69 68
38 70 33
38 71 79
38 72 75
38 75 10
38 76 35
38 79 100
39 0 6
39 2 8
39 3 8
39 4 78
39 8 34
39 9 60
39 11 7
39 13 91
39 15 34
39 16 73
39 17 7
39 19 94
39 21 68
39 24 93
39 26 20
39 27 47
39 29 88
39 30 15
39 31 4
39 33 37
39 34 75
39 35 72
39 37 41
39 41 94
39 42 29
39 43 50
39 44 39
39 45 25
39 46 71
39 47 93
39 49 1
39 50 30
39 51 12
39 53 64
39 54 29
39 56 37
39 58 18
39 59 13
39 60 62
39 61 4
39 62 2
39 63 26
39 66 27
39 67 38
39 70 80
39 71 48
39 72 96
39 76 90
39 77 55
39 78 16
40 3 21
40 4 48
40 6 85
40 10 30
40 11 50
40 12 25
40 14 89
40 16 22
40 19 7
40 20 94
40 22 12
40 26 86
40 27 68
40 29 69
40 32 31
40 33 37
40 35 56
40 36 48
40 38 47
40 39 23
40 41 13
40 42 69
40 43 43
40 47 87
40 48 26
40 49 100
40 50 96
40 51 37
40 52 93
40 53 7
40 55 76
40 56 48
40 57 79
40 59 84
40 60 81
40 63 18
40 64 49
40 68 100
40 71 44
40 72 29
40 75 60
40 76 86
40 77 10
40 78 46
40 79 96
41 3 42
41 4 73
41 5 15
41 6 86
41 9 9
41 11 45
41 14 37
41 16 81
41 19 5
41 20 54
41 23 19
41 24 8
41 26 70
41 27 20
41 28 86
41 29 38
41 31 72
41 33 81
41 35 79
41 37 96
41 38 18
41 39 10
41 40 93
41 43 96
41 44 64
41 46 61
41 47 16
41 48 79
41 49 84
41 50 81
41 54 21
41 55 62
41 56 92
41 57 82
41 58 12
41 60 1
41 63 19
41 65 69
41 68 54
41 69 41
41 71 13
41 72 38
41 74 80
41 75 86
41 76 78
41 79 17
42 4 11
42 5 99
42 8 52
42 9 82
42 10 47
42 11 61
42 12 100
42 16 74
42 18 30
42 19 79
42 23 93
42 24 62
42 26 64
42 28 36
42 30 22
42 31 74
42 34 21
42 35 34
42 37 90
42 38 95
42 39 33
42 41 22
42 43 70
42 45 27
42 47 48
42 48 47
42 49 3
42 50 68
42 52 51
42 53 81
42 55 91
42 56 65
42 57 17
42 58 5
42 59 49
42 60 52
42 61 45
42 62 39
42 63 48
42 65 73
42 66 47
42 69 54
42 70 16
42 71 91
42 73 89
42 74 51
42 75 26
42 77 53
42 78 57
43 0 67
43 2 66
43 3 51
43 5 74
43 6 94
43 9 23
43 10 76
43 11 70
43 12 16
43 13 15
43 16 99
43 17 70
43 19 68
43 20 60
43 21 15
43 22 35
43 23 15
43 24 78
43 26 22
43 27 13
43 29 51
43 30 52
43 31 37
43 32 31
43 35 17
43 36 17
43 37 42
43 38 83
43 40 15
43 42 47
43 45 64
43 48 85
43 49 61
43 50 44
43 52 81
43 53 90
43 56 95
43 57 6
43 58 29
43 60 89
43 61 94
43 62 66
43 63 53
43 64 62
43 67 31
43 70 16
43 72 60
43 73 86
43 74 100
43 75 63
43 77 33
43 79 48
44 0 53
44 2 30
44 3 28
44 4 81
44 6 16
44 10 6
44 12 35
44 13 5
44 14 49
44 16 43
44 19 15
44 22 8
44 23 38
44 24 31
44 26 38
44 27 79
44 31 4
44 32 9
44 34 67
44 35 66
44 36 94
44 37 52
44 38 1
44 39 63
44 41 20
44 43 31
44 45 61
44 47 42
44 48 5
44 49 21
44 53 44
44 54 38
44 55 20
44 56 12
44 57 12
44 58 61
44 59 94
44 60 64
44 61 31
44 62 29
44 63 36
44 64 29
44 65 80
44 66 6
44 67 19
44 69 49
44 71 6
44 73 7
44 74 98
44 75 42
44 76 58
44 77 61
44 78 17
44 79 77
45 3 46
45 4 44
45 5 93
45 9 49
45 10 6
45 12 31
45 13 17
45 14 26
45 15 88
45 16 87
45 18 67
45 19 100
45 20 8
45 21 83
45 22 23
45 24 12
45 26 76
45 27 17
45 28 7
45 30 35
45 31 91
45 33 62
45 34 23
45 35 88
45 37 66
45 38 26
45 39 37
45 43 46
45 44 3
45 47 53
45 48 35
45 49 9
45 50 43
45 51 44
45 53 41
45 55 21
45 56 86
45 58 91
45 62 14
45 63 88
45 64 27
45 66 81
45 67 93
45 68 45
45 69 58
45 70 74
45 72 25
45 73 34
45 78 12
45 79 83
46 0 35
46 2 34
46 3 76
46 6 15
46 8 66
46 10 39
46 11 61
46 12 30
46 13 99
46 15 19
46 16 5
46 17 72
46 21 52
46 23 20
46 25 36
46 26 69
46 27 93
46 28 49
46 30 44
46 31 18
46 32 49
46 33 47
46 34 52
46 35 17
46 38 60
46 41 8
46 42 86
46 43 43
46 45 54
46 50 28
46 52 96
46 53 95
46 55 45
46 56 46
46 57 1
46 58 15
46 59 76
46 60 86
46 61 6
46 62 59
46 63 42
46 64 16
46 66 73
46 67 31
46 68 76
46 69 18
46 70 5
46 71 33
46 73 45
46 74 62
46 75 10
46 76 36
46 77 85
46 79 75
47 2 45
47 3 6
47 5 72
47 9 63
47 10 57
47 11 3
47 12 42
47 13 38
47 15 72
47 16 4
47 17 32
47 20 15
47 21 61
47 22 84
47 23 85
47 24 7
47 25 21
47 26 2
47 27 5
47 28 86
47 29 75
47 30 21
47 31 59
47 34 92
47 35 44
47 36 9
47 37 36
47 39 90
47 40 68
47 41 75
47 42 75
47 45 93
47 46 47
47 49 70
47 51 9
47 52 78
47 54 75
47 56 99
47 57 17
47 58 53
47 59 69
47 61 98
47 62 75
47 64 87
47 65 64
47 69 50
47 70 61
47 71 36
47 73 22
47 76 7
47 78 90
47 79 91
48 0 92
48 2 72
48 3 82
48 4 18
48 5 87
48 6 72
48 8 70
48 9 8
48 10 2
48 11 6
48 12 65
48 13 66
48 14 30
48 15 69
48 16 56
48 17 58
48 18 8
48 19 6
48 20 61
48 24 69
48 25 39
48 26 75
48 28 41
48 29 11
48 31 61
48 32 26
48 33 85
48 34 2
48 35 53
48 36 29
48 37 55
48 38 60
48 40 74
48 41 42
48 42 56
48 43 32
48 44 61
48 45 28
48 47 98
48 51 78
48 53 88
48 54 68
48 56 74
48 57 78
48 59 70
48 60 46
48 61 86
48 63 22
48 64 13
48 65 36
48 66 34
48 68 66
48 69 66
48 71 62
48 73 59
48 74 58
48 75 45
48 76 45
48 77 56
49 2 60
49 4 9
49 5 68
49 9 39
49 11 75
49 15 35
49 16 4
49 17 79
49 22 67
49 24 63
49 25 69
49 26 59
49 27 74
49 28 7
49 32 29
49 33 39
49 34 23
49 35 47
49 36 94
49 37 27
49 38 8
49 40 60
49 41 77
49 42 62
49 43 16
49 44 38
49 45 8
49 50 53
49 51 44
49 52 41
49 53 54
49 54 64
49 55 45
49 56 10
49 57 9
49 58 55
49 60 1
49 62 37
49 63 93
49 64 45
49 67 37
49 68 49
49 70 96
49 71 9
49 72 17
49 73 15
49 74 20
49 76 45
49 77 40
49 78 57
49 79 6
50 0 75
50 2 91
50 3 63
50 5 89
50 8 86
50 9 71
50 11 10
50 12 2
50 13 93
50 14 83
50 15 17
50 16 39
50 17 89
50 18 20
50 19 48
50 20 79
50 21 65
50 22 26
50 23 48
50 25 84
50 27 96
50 28 99
50 29 61
50 30 21
50 31 13
50 32 20
50 33 48
50 34 37
50 36 75
50 37 29
50 38 8
50 40 45
50 42 74
50 46 33
50 47 29
50 48 91
50 49 53
50 51 27
50 52 36
50 53 29
50 54 87
50 55 75
50 56 77
50 60 20
50 61 21
50 62 82
50 63 100
50 65 30
50 67 43
50 68 85
50 69 89
50 70 21
50 71 61
50 72 78
50 74 30
50 75 55
50 76 4
50 78 37
50 79 5
51 0 6
51 2 97
51 8 66
51 9 33
51 11 25
51 12 20
51 13 84
51 14 93
51 16 95
51 17 2
51 19 36
51 21 37
51 22 77
51 24 82
51 25 91
51 26 54
51 27 58
51 29 43
51 30 27
51 31 32
51 32 97
51 33 93
51 35 51
51 36 95
51 37 67
51 38 83
51 39 50
51 40 56
51 43 94
51 44 14
51 45 10
51 46 71
51 47 91
51 48 17
51 49 60
51 54 77
51 55 45
51 56 3
51 57 75
51 58 11
51 60 55
51 61 62
51 63 82
51 64 22
51 65 39
51 67 50
51 69 90
51 70 49
51 71 58
51 72 22
51 73 34
51 74 28
51 75 11
51 76 60
51 77 42
51 78 75
52 0 28
52 2 49
52 3 12
52 4 74
52 5 36
52 6 26
52 8 96
52 9 30
52 10 61
52 11 8
52 13 52
52 14 16
52 15 76
52 16 5
52 19 97
52 20 35
52 21 31
52 22 22
52 23 30
52 24 8
52 26 2
52 27 19
52 28 96
52 29 77
52 30 54
52 32 3
52 34 76
52 35 3
52 36 68
52 37 2
52 39 85
52 41 9
52 42 15
52 46 98
52 50 58
52 53 14
52 54 41
52 55 3
52 56 59
52 57 98
52 58 19
52 62 31
52 63 57
52 64 15
52 65 4
52 66 43
52 68 61
52 69 60
52 72 83
52 75 99
52 76 15
52 77 98
52 78 74
52 79 88
53 0 61
53 2 82
53 3 91
53 6 98
53 9 93
53 10 28
53 11 99
53 12 80
53 13 48
53 19 83
53 20 2
53 22 86
53 23 40
53 24 11
53 25 86
53 26 98
53 27 74
53 28 79
53 29 75
53 30 85
53 31 78
53 32 83
53 33 47
53 34 31
53 35 4
53 36 86
53 38 25
53 39 73
53 40 30
53 41 50
53 42 1
53 44 47
53 45 100
53 46 48
53 47 4
53 48 96
53 50 41
53 54 71
53 55 13
53 56 18
53 59 23
53 62 28
53 63 4
53 64 19
53 65 43
53 66 16
53 67 16
53 68 87
53 69 15
53 72 38
53 73 45
53 75 93
53 76 52
53 77 80
53 79 27
54 0 60
54 2 12
54 3 90
54 4 47
54 6 46
54 8 79
54 10 61
54 11 92
54 12 92
54 14 24
54 15 49
54 16 37
54 18 64
54 20 56
54 21 6
54 22 34
54 24 87
54 25 27
54 26 19
54 27 41
54 29 19
54 30 49
54 31 98
54 34 34
54 35 36
54 36 48
54 37 61
54 38 13
54 39 48
54 40 93
54 41 57
54 44 100
54 45 56
54 48 80
54 49 93
54 50 28
54 52 6
54 53 22
54 55 49
54 57 7
54 59 66
54 60 78
54 61 91
54 62 96
54 64 93
54 65 80
54 66 56
54 67 16
54 68 83
54 69 51
54 71 16
54 72 7
54 73 86
54 75 20
54 76 31
54 77 53
54 78 9
55 2 61
55 3 21
55 5 13
55 6 72
55 8 17
55 9 31
55 10 28
55 11 71
55 13 74
55 14 63
55 16 47
55 17 21
55 19 34
55 21 66
55 22 59
55 24 74
55 25 47
55 26 76
55 27 50
55 28 40
55 29 85
55 31 93
55 32 41
55 35 44
55 36 94
55 37 17
55 38 29
55 41 20
55 42 95
55 43 8
55 44 21
55 45 2
55 46 76
55 48 52
55 49 65
55 50 27
55 52 81
55 53 100
55 54 74
55 56 14
55 57 46
55 58 90
55 60 80
55 61 97
55 62 51
55 63 74
55 64 86
55 67 39
55 70 43
55 72 31
55 73 74
55 74 77
55 75 56
55 76 24
55 77 89
55 78 61
56 0 23
56 2 75
56 4 2
56 5 68
56 6 52
56 8 78
56 9 46
56 10 88
56 11 100
56 12 67
56 13 98
56 14 47
56 15 31
56 17 1
56 18 40
56 20 45
56 21 43
56 23 12
56 24 54
56 25 88
56 26 89
56 28 9
56 32 76
56 33 87
56 34 100
56 35 8
56 36 85
56 38 22
56 39 7
56 41 65
56 42 1
56 43 14
56 44 21
56 45 47
56 49 25
56 50 61
56 51 52
56 52 49
56 53 53
56 54 25
56 55 67
56 57 1
56 59 100
56 60 50
56 61 55
56 62 41
56 63 65
56 64 20
56 66 95
56 67 29
56 68 69
56 69 97
56 70 38
56 72 98
56 73 96
56 74 45
56 75 1
56 76 92
56 77 67
56 78 66
56 79 61
57 0 15
57 2 38
57 3 27
57 4 15
57 6 23
57 8 45
57 10 49
57 12 77
57 14 47
57 15 16
57 16 28
57 18 46
57 20 80
57 22 7
57 24 79
57 25 55
57 26 71
57 27 95
57 30 18
57 32 28
57 33 35
57 34 73
57 35 28
57 36 79
57 38 12
57 39 32
57 40 88
57 41 69
57 42 49
57 43 31
57 44 37
57 45 73
57 48 72
57 49 33
57 50 80
57 51 68
57 52 19
57 53 61
57 55 39
57 60 49
57 61 48
57 63 84
57 65 95
57 67 55
57 69 59
57 71 44
57 72 90
57 74 46
57 76 67
57 77 20
57 78 79
57 79 44
58 0 85
58 2 79
58 3 82
58 4 65
58 5 51
58 6 25
58 9 37
58 10 83
58 13 91
58 14 39
58 15 3
58 16 92
58 17 87
58 18 53
58 21 35
58 22 36
58 23 59
58 24 89
58 26 15
58 28 42
58 29 53
58 30 38
58 32 79
58 33 49
58 34 4
58 35 81
58 37 1
58 40 91
58 41 85
58 42 92
58 43 54
58 44 27
58 45 47
58 46 56
58 47 63
58 48 71
58 50 76
58 53 73
58 54 55
58 55 69
58 59 41
58 62 8
58 63 15
58 64 35
58 67 20
58 69 81
58 70 72
58 71 66
58 72 74
58 73 60
58 74 67
58 76 20
58 77 90
58 78 34
59 0 97
59 2 32
59 3 4
59 4 93
59 8 18
59 9 89
59 10 95
59 11 13
59 12 54
59 13 71
59 14 95
59 15 62
59 16 34
59 18 90
59 19 28
59 20 61
59 21 96
59 22 37
59 25 70
59 27 12
59 31 77
59 32 23
59 33 57
59 35 20
59 36 39
59 37 51
59 40 32
59 42 69
59 43 14
59 44 38
59 46 66
59 47 61
59 48 96
59 49 69
59 50 48
59 51 40
59 52 78
59 53 77
59 54 83
59 55 35
59 57 80
59 58 6
59 60 7
59 62 4
59 63 12
59 64 73
59 65 30
59 67 58
59 68 99
59 70 98
59 71 17
59 72 35
59 73 1
59 74 13
59 75 38
59 78 14
59 79 97
60 0 80
60 2 46
60 5 54
60 6 81
60 8 8
60 9 83
60 10 61
60 11 4
60 12 8
60 13 81
60 17 95
60 19 5
60 20 67
60 21 23
60 22 6
60 23 74
60 25 78
60 32 69
60 33 84
60 34 72
60 35 47
60 36 88
60 38 5
60 40 20
60 42 85
60 43 88
60 48 74
60 49 66
60 51 18
60 52 46
60 53 4
60 54 82
60 55 6
60 57 38
60 58 3
60 59 20
60 61 44
60 62 71
60 63 44
60 64 39
60 66 79
60 68 48
60 70 7
60 71 81
60 72 76
60 73 14
60 74 76
60 77 95
60 79 84
61 2 81
61 4 40
61 5 75
61 6 7
61 8 27
61 9 97
61 10 78
61 11 53
61 12 21
61 13 81
61 14 45
61 17 77
61 20 52
61 22 74
61 23 83
61 24 55
61 25 26
61 26 90
61 29 12
61 30 69
61 31 67
61 32 97
61 33 64
61 34 45
61 35 65
61 36 56
61 37 7
61 38 86
61 39 10
61 40 78
61 41 63
61 43 82
61 44 59
61 48 40
61 49 64
61 53 92
61 54 67
61 57 84
61 58 31
61 59 91
61 62 71
61 64 70
61 65 2
61 66 36
61 68 7
61 69 15
61 70 82
61 71 13
61 72 44
61 73 22
61 74 66
61 75 38
61 76 7
61 77 34
61 78 73
61 79 41
62 0 45
62 3 6
62 5 12
62 8 37
62 9 42
62 10 4
62 12 10
62 13 94
62 14 5
62 15 55
62 16 64
62 18 49
62 19 37
62 20 88
62 21 17
62 23 38
62 24 85
62 25 6
62 26 35
62 27 53
62 28 98
62 29 12
62 30 60
62 31 89
62 32 28
62 33 53
62 35 18
62 36 46
62 38 56
62 39 73
62 40 19
62 41 52
62 42 78
62 44 33
62 45 35
62 47 93
62 48 51
62 49 50
62 51 68
62 52 91
62 53 60
62 54 86
62 55 70
62 57 73
62 59 91
62 60 16
62 61 61
62 64 43
62 65 16
62 67 30
62 68 48
62 69 72
62 70 19
62 71 87
62 72 42
62 73 75
62 74 68
62 75 4
62 76 5
62 77 84
62 78 11
62 79 18
63 0 69
63 2 24
63 4 23
63 5 99
63 6 40
63 8 11
63 9 53
63 10 99
63 11 91
63 13 26
63 15 69
63 17 62
63 19 98
63 20 54
63 22 54
63 24 9
63 25 55
63 26 41
63 28 71
63 29 35
63 30 96
63 31 46
63 32 71
63 34 66
63 35 70
63 36 82
63 37 65
63 38 11
63 40 37
63 41 70
63 42 93
63 43 44
63 46 48
63 48 16
63 49 32
63 52 8
63 54 69
63 55 21
63 57 88
63 58 24
63 59 19
63 60 95
63 61 94
63 62 97
63 65 64
63 68 87
63 70 54
63 71 10
63 72 29
63 73 86
63 74 4
63 75 86
63 76 9
63 77 49
63 78 24
63 79 94
64 0 66
64 3 26
64 5 26
64 8 34
64 10 61
64 12 5
64 13 44
64 14 23
64 17 40
64 18 33
64 20 3
64 21 36
64 22 23
64 24 25
64 25 2
64 27 97
64 28 17
64 29 89
64 30 51
64 32 39
64 35 4
64 36 92
64 37 10
64 38 41
64 39 72
64 40 3
64 42 17
64 44 45
64 45 1
64 47 50
64 48 51
64 50 94
64 51 98
64 56 86
64 57 69
64 58 79
64 59 66
64 63 76
64 65 80
64 66 15
64 68 73
64 70 19
64 71 96
64 72 98
64 73 97
64 74 49
64 76 95
64 77 4
64 79 96
65 0 88
65 3 15
65 5 52
65 6 10
65 8 91
65 9 16
65 10 83
65 11 16
65 12 5
65 13 18
65 15 63
65 16 19
65 17 16
65 20 11
65 22 65
65 24 85
65 25 70
65 26 8
65 27 71
65 28 7
65 29 92
65 30 91
65 31 44
65 32 1
65 33 23
65 34 97
65 36 33
65 37 15
65 39 10
65 40 88
65 41 7
65 43 16
65 45 40
65 47 19
65 49 49
65 50 13
65 51 7
65 52 48
65 53 73
65 54 98
65 55 14
65 56 91
65 57 82
65 59 26
65 62 34
65 64 67
65 67 66
65 69 76
65 70 30
65 75 58
65 76 40
65 78 17
65 79 80
66 0 74
66 2 24
66 4 44
66 5 59
66 6 16
66 8 8
66 9 80
66 10 17
66 11 57
66 12 70
66 15 88
66 21 97
66 23 34
66 24 98
66 25 7
66 26 56
66 27 29
66 33 84
66 34 19
66 35 88
66 36 19
66 37 20
66 38 1
66 40 22
66 41 62
66 42 29
66 43 87
66 44 60
66 46 73
66 47 93
66 50 93
66 51 89
66 52 68
66 53 62
66 55 70
66 58 64
66 59 43
66 61 37
66 62 81
66 63 21
66 64 61
66 67 55
66 69 32
66 70 8
66 72 43
66 73 87
66 75 51
66 79 54
67 2 52
67 3 71
67 4 17
67 5 98
67 6 1
67 8 30
67 9 43
67 10 35
67 12 28
67 13 81
67 14 47
67 15 74
67 16 28
67 17 73
67 18 47
67 20 48
67 21 21
67 22 2
67 24 84
67 27 55
67 28 57
67 29 54
67 30 35
67 31 79
67 32 99
67 33 81
67 34 83
67 35 15
67 37 22
67 38 59
67 40 5
67 41 45
67 42 93
67 43 92
67 44 5
67 45 69
67 47 40
67 48 59
67 49 67
67 50 15
67 51 81
67 52 6
67 54 84
67 56 59
67 57 34
67 59 11
67 60 95
67 61 42
67 63 26
67 65 65
67 66 39
67 68 77
67 69 94
67 71 47
67 72 68
67 73 15
67 74 49
67 75 54
67 76 8
67 79 82
68 0 20
68 5 87
68 6 71
68 8 18
68 9 67
68 10 7
68 11 74
68 13 41
68 14 51
68 15 79
68 16 96
68 17 84
68 18 23
68 19 39
68 21 88
68 22 52
68 24 76
68 25 16
68 27 29
68 28 61
68 29 2
68 30 48
68 31 37
68 37 53
68 38 25
68 39 59
68 42 82
68 43 77
68 44 1
68 45 36
68 47 17
68 48 53
68 49 31
68 50 84
68 51 93
68 52 43
68 53 49
68 54 97
68 56 82
68 57 12
68 59 97
68 60 8
68 61 79
68 62 9
68 65 87
68 66 92
68 67 5
68 69 5
68 70 11
68 71 62
68 72 65
68 74 74
68 75 72
68 76 93
68 77 88
68 78 28
68 79 59
69 0 86
69 2 62
69 3 89
69 4 58
69 5 85
69 6 98
69 8 98
69 10 75
69 11 84
69 12 7
69 13 99
69 15 13
69 16 15
69 17 12
69 18 100
69 19 97
69 20 14
69 26 80
69 27 38
69 28 72
69 29 13
69 31 29
69 32 11
69 34 52
69 35 60
69 36 78
69 38 68
69 39 45
69 40 27
69 41 13
69 42 89
69 44 83
69 45 85
69 46 13
69 47 49
69 48 56
69 49 44
69 50 16
69 52 39
69 53 100
69 54 67
69 55 38
69 56 99
69 58 17
69 59 73
69 60 57
69 61 43
69 62 19
69 64 86
69 65 71
69 66 58
69 67 62
69 70 52
69 71 58
69 74 34
69 76 40
69 77 45
69 78 1
70 2 20
70 3 82
70 4 69
70 6 57
70 8 95
70 9 30
70 10 46
70 11 40
70 13 57
70 16 100
70 17 93
70 18 36
70 19 21
70 20 83
70 22 48
70 23 16
70 24 78
70 25 98
70 26 47
70 27 81
70 29 26
70 30 33
70 31 64
70 32 99
70 33 45
70 34 7
70 35 33
70 36 94
70 37 76
70 39 55
70 40 2
70 41 28
70 43 15
70 44 44
70 47 7
70 48 64
70 50 34
70 51 24
70 52 30
70 55 99
70 59 96
70 60 33
70 61 78
70 62 53
70 63 78
70 64 74
70 65 38
70 66 49
70 67 57
70 68 61
70 69 15
70 72 30
70 74 33
70 76 57
70 77 23
70 78 36
70 79 57
71 0 57
71 2 58
71 4 36
71 5 81
71 6 69
71 8 3
71 9 48
71 10 18
71 11 15
71 13 23
71 14 66
71 15 67
71 16 49
71 17 15
71 18 82
71 22 93
71 23 89
71 24 84
71 25 5
71 26 85
71 27 17
71 29 14
71 31 46
71 32 10
71 34 54
71 35 66
71 36 18
71 38 39
71 39 47
71 40 81
71 41 40
71 44 99
71 45 71
71 46 44
71 47 38
71 48 18
71 49 24
71 53 68
71 55 73
71 56 36
71 58 19
71 59 21
71 60 50
71 61 3
71 64 85
71 65 3
71 66 51
71 68 94
71 72 35
71 73 100
71 75 35
71 77 83
71 78 64
71 79 50
72 0 91
72 2 50
72 3 96
72 4 60
72 5 27
72 6 27
72 8 75
72 9 24
72 11 7
72 14 70
72 16 88
72 17 24
72 18 11
72 19 85
72 20 69
72 21 70
72 23 20
72 24 31
72 26 68
72 27 53
72 28 41
72 30 79
72 31 71
72 32 100
72 34 48
72 35 68
72 36 94
72 37 58
72 38 89
72 39 47
72 40 6
72 41 35
72 42 58
72 44 29
72 45 96
72 46 91
72 47 61
72 48 49
72 49 83
72 50 22
72 52 52
72 53 12
72 54 17
72 55 42
72 58 75
72 59 1
72 60 90
72 61 42
72 62 34
72 64 4
72 66 85
72 67 19
72 69 12
72 70 3
72 73 62
72 74 66
72 76 67
72 77 12
72 79 89
73 0 40
73 2 26
73 3 39
73 4 2
73 6 39
73 8 62
73 9 70
73 10 77
73 11 54
73 12 7
73 13 80
73 14 74
73 15 33
73 20 24
73 21 2
73 22 50
73 23 96
73 24 39
73 26 16
73 27 2
73 28 12
73 30 67
73 32 2
73 34 99
73 35 12
73 36 42
73 37 89
73 38 90
73 39 46
73 40 3
73 42 67
73 43 68
73 45 54
73 46 100
73 47 71
73 48 26
73 49 43
73 50 34
73 51 14
73 52 57
73 53 82
73 54 10
73 56 43
73 57 30
73 58 56
73 61 80
73 62 22
73 63 51
73 65 23
73 66 35
73 67 92
73 68 20
73 69 50
73 70 71
73 71 36
73 72 19
73 75 42
73 78 3
73 79 51
74 2 29
74 3 60
74 4 12
74 5 75
74 6 10
74 10 25
74 11 89
74 13 87
74 14 54
74 16 13
74 17 20
74 18 49
74 19 76
74 21 99
74 22 89
74 23 58
74 26 83
74 27 63
74 29 59
74 30 36
74 31 10
74 32 70
74 33 31
74 36 44
74 37 57
74 38 55
74 39 15
74 42 56
74 43 36
74 44 12
74 45 64
74 47 85
74 48 48
74 49 20
74 51 33
74 53 11
74 54 84
74 55 3
74 56 38
74 57 41
74 59 30
74 61 85
74 62 23
74 63 32
74 64 85
74 65 22
74 66 29
74 67 100
74 68 31
74 72 64
74 73 100
74 76 37
74 79 8
75 2 54
75 3 17
75 4 78
75 5 34
75 6 44
75 8 50
75 9 28
75 10 76
75 12 86
75 14 63
75 15 43
75 16 16
75 17 25
75 22 82
75 25 97
75 27 24
75 28 27
75 30 99
75 31 97
75 32 15
75 34 4
75 36 8
75 39 98
75 40 51
75 42 18
75 45 31
75 46 14
75 47 15
75 48 14
75 50 94
75 51 50
75 52 44
75 56 77
75 58 99
75 59 45
75 60 37
75 61 40
75 62 53
75 64 99
75 65 73
75 66 60
75 68 48
75 70 22
75 74 80
75 76 9
75 78 71
75 79 87
76 0 89
76 3 97
76 4 51
76 5 38
76 6 92
76 8 53
76 10 49
76 14 75
76 15 72
76 16 44
76 17 23
76 21 96
76 22 5
76 23 100
76 24 94
76 28 7
76 29 50
76 30 5
76 31 73
76 32 99
76 33 23
76 37 73
76 38 16
76 39 74
76 40 97
76 41 54
76 42 80
76 43 79
76 44 30
76 46 48
76 48 22
76 49 41
76 50 6
76 51 29
76 52 28
76 54 64
76 55 75
76 56 70
76 57 28
76 59 46
76 61 3
76 62 99
76 63 84
76 64 66
76 65 56
76 66 22
76 67 16
76 68 73
76 70 97
76 71 53
76 72 45
76 73 36
76 74 79
76 75 30
76 77 90
76 78 6
76 79 61
77 0 68
77 2 34
77 3 77
77 5 65
77 6 67
77 8 59
77 9 23
77 10 98
77 11 72
77 14 83
77 15 60
77 16 91
77 17 84
77 19 95
77 20 35
77 21 51
77 22 35
77 24 81
77 26 87
77 28 30
77 29 6
77 30 50
77 32 64
77 33 46
77 34 77
77 37 28
77 38 60
77 39 99
77 40 39
77 41 78
77 42 79
77 43 10
77 44 12
77 45 78
77 46 60
77 47 37
77 48 23
77 49 50
77 50 84
77 51 79
77 52 39
77 53 27
77 54 60
77 55 74
77 56 76
77 57 65
77 58 80
77 61 25
77 62 94
77 64 81
77 65 12
77 66 44
77 69 69
77 70 94
77 71 48
77 72 28
77 73 84
77 74 18
77 75 30
77 76 30
77 78 53
77 79 16
78 2 37
78 3 25
78 5 33
78 11 9
78 13 35
78 14 38
78 15 81
78 16 6
78 17 18
78 18 68
78 20 17
78 21 69
78 22 33
78 23 22
78 25 58
78 26 64
78 27 6
78 29 26
78 30 64
78 31 93
78 34 6
78 37 22
78 38 48
78 39 16
78 40 83
78 43 80
78 45 35
78 50 92
78 51 98
78 52 8
78 53 76
78 54 28
78 55 24
78 58 1
78 59 80
78 61 30
78 64 83
78 65 71
78 68 89
78 72 43
78 73 61
78 75 49
78 76 24
78 77 66
78 79 21
79 3 28
79 4 44
79 6 64
79 8 24
79 9 27
79 10 35
79 11 85
79 13 64
79 15 96
79 16 14
79 17 67
79 20 65
79 21 82
79 22 9
79 25 19
79 26 35
79 27 86
79 28 64
79 29 11
79 31 37
79 35 53
79 36 62
79 37 70
79 38 26
79 39 67
79 42 48
79 45 71
79 46 77
79 47 48
79 48 66
79 50 58
79 51 12
79 52 92
79 53 46
79 54 34
79 56 6
79 57 90
79 58 90
79 59 7
79 60 42
79 63 44
79 65 50
79 66 7
79 67 17
79 69 99
79 70 22
79 71 21
79 72 52
79 75 33
79 77 33
7 0 6
7 2 78
7 3 95
7 4 2
7 8 89
7 9 44
7 10 20
7 11 6
7 12 75
7 13 33
7 15 4
7 16 36
7 17 11
7 18 51
7 20 8
7 21 79
7 22 31
7 23 96
7 24 60
7 25 8
7 28 37
7 30 11
7 31 58
7 32 93
7 33 54
7 34 63
7 35 81
7 36 100
7 37 15
7 38 34
7 41 11
7 42 41
7 43 51
7 44 60
7 46 15
7 47 42
7 49 92
7 50 11
7 51 71
7 53 75
7 54 90
7 55 87
7 56 51
7 57 45
7 58 75
7 59 18
7 62 69
7 63 11
7 64 100
7 65 66
7 66 13
7 69 33
7 72 83
7 73 64
7 74 14
7 77 39
7 78 15
0 1 26
2 1 47
3 1 85
5 1 39
10 1 28
11 1 17
12 1 35
13 1 61
15 1 56
16 1 60
17 1 87
18 1 25
19 1 65
20 1 61
22 1 89
23 1 45
24 1 39
25 1 33
26 1 84
29 1 94
30 1 96
31 1 91
34 1 93
35 1 53
40 1 48
42 1 29
43 1 88
46 1 31
47 1 9
48 1 87
49 1 23
50 1 21
51 1 4
52 1 68
53 1 39
54 1 38
55 1 40
56 1 66
58 1 28
61 1 18
62 1 28
63 1 80
64 1 96
65 1 13
66 1 27
68 1 96
69 1 78
70 1 68
71 1 17
73 1 52
77 1 79
79 1 71
