15
86
158 5 59
65 55 47
65 90 55
42 124 79
93 12 45
59 123 34
88 137 22
21 108 62
13 81 43
130 145 43
45 79 61
153 84 47
93 85 51
148 136 85
6 147 66
145 97 2
154 92 51
29 18 78
13 132 7
51 106 74
50 53 34
24 70 60
79 142 5
18 110 34
154 100 11
28 48 67
108 10 29
56 99 11
144 108 27
124 61 52
157 159 50
103 3 96
39 108 58
75 98 82
93 37 24
43 149 45
74 12 64
11 9 64
20 143 85
41 103 87
60 63 15
57 119 79
85 67 43
112 77 61
88 72 36
25 107 89
113 53 52
138 106 36
134 103 13
3 103 1
47 19 94
110 154 94
121 83 88
6 117 63
21 39 93
128 110 76
121 47 19
116 151 47
18 60 32
129 105 27
25 66 32
83 131 88
93 57 34
70 144 11
147 139 7
112 71 93
47 135 93
25 4 90
93 28 99
40 7 73
83 153 1
31 27 3
159 115 79
64 33 83
153 91 96
118 114 34
75 118 76
108 129 47
25 140 71
121 132 73
126 106 14
3 89 48
142 90 57
1 95 87
87 125 90
121 31 43
110 123 35
70 109 36
65 77 39
23 148 4
91 92 53
74 149 66
10 63 39
3 118 14
44 49 39
44 158 78
89 37 37
84 102 21
7 92 88
25 130 100
44 4 57
10 112 10
110 85 13
99 105 93
0 17 15
57 47 60
67 12 94
61 54 6
117 52 81
104 146 96
145 6 77
149 18 25
82 138 84
29 104 40
18 88 38
69 97 53
10 91 43
33 155 100
50 151 17
11 22 57
145 105 46
89 135 32
46 89 22
127 152 11
138 54 23
11 133 8
141 121 32
9 106 45
28 120 63
11 125 49
32 38 44
30 14 29
122 156 29
41 66 40
69 24 79
154 119 28
66 33 4
24 16 54
53 127 13
145 118 31
89 159 88
70 63 27
118 97 84
62 37 31
84 22 52
75 91 64
53 2 72
78 123 69
26 34 59
90 69 46
70 32 34
45 106 33
138 62 2
130 57 61
24 110 64
94 97 56
43 91 88
40 95 63
48 152 43
92 50 67
11 40 59
49 44 4
59 96 19
98 60 73
153 41 37
128 19 14
54 34 75
47 70 52
74 108 50
23 65 22
143 9 87
143 59 18
78 31 97
48 159 10
62 110 99
63 94 70
25 126 57
12 70 69
33 153 34
134 151 39
41 92 68
100 25 44
18 33 97
91 131 94
4 73 36
122 99 14
127 38 90
7 51 9
148 95 29
0 61 52
38 33 4
14 141 21
93 90 7
105 132 52
108 57 18
56 155 28
115 118 78
50 54 19
147 11 47
25 121 45
11 72 54
35 71 65
142 107 43
131 109 80
83 6 96
132 50 57
58 14 92
112 148 65
154 76 27
121 85 70
81 60 64
37 127 82
67 31 11
17 126 77
31 55 15
19 64 16
75 145 10
115 6 66
76 57 43
98 138 82
19 138 48
53 25 6
149 30 14
154 46 73
140 31 73
134 80 77
68 23 67
155 84 41
44 70 6
145 131 99
140 105 27
75 107 58
116 4 58
87 118 8
121 56 80
104 118 5
8 140 75
55 39 13
114 43 51
112 55 43
147 84 5
17 46 66
74 132 72
43 79 78
146 136 83
2 82 22
39 18 42
38 34 52
104 102 50
42 63 44
148 93 51
159 108 16
28 122 7
18 29 69
3 100 82
146 37 41
12 143 51
134 18 82
42 17 96
96 37 73
13 32 59
7 34 25
85 112 92
17 79 18
157 43 50
150 62 48
55 150 89
36 57 47
45 75 3
18 103 32
64 72 52
37 157 41
45 110 25
9 159 81
148 89 86
42 103 51
82 5 46
154 107 65
110 130 73
142 116 71
81 0 85
83 141 23
2 56 5
8 22 88
90 133 12
139 10 6
5 40 79
71 80 3
96 111 49
123 110 6
60 44 80
69 67 96
110 51 27
35 32 66
46 69 85
93 34 75
16 13 62
153 3 69
31 11 62
99 153 7
114 80 94
20 9 10
25 104 62
5 81 96
4 137 5
150 4 39
96 106 45
148 82 50
154 127 17
127 64 88
148 57 4
132 60 63
131 107 23
62 51 40
97 45 5
88 151 85
154 148 64
87 151 35
109 60 76
20 27 76
37 138 40
85 74 12
109 157 85
21 56 90
133 149 2
84 122 68
109 46 66
143 146 74
40 54 16
92 114 13
13 83 9
27 7 84
49 65 12
55 13 72
137 70 38
131 135 99
122 159 85
54 21 12
60 154 100
120 38 58
57 75 88
95 134 49
60 79 7
62 39 24
77 33 40
97 90 19
102 26 75
38 79 91
23 16 100
60 49 24
150 146 8
127 97 17
69 53 87
22 39 4
5 141 62
34 23 69
99 150 22
79 117 47
58 141 46
26 52 56
16 101 32
89 121 93
5 35 65
14 129 48
158 78 89
69 118 18
111 109 26
50 135 7
4 121 10
148 25 61
88 139 68
159 132 97
42 6 39
121 39 90
56 91 48
99 85 87
36 140 5
17 43 72
100 61 98
19 49 33
64 41 59
35 0 70
3 84 75
9 51 86
123 4 6
68 92 55
57 134 35
80 22 73
74 101 85
127 21 81
79 106 91
59 23 91
91 145 67
57 68 79
30 56 86
138 121 92
69 129 58
151 119 22
153 9 68
54 145 25
50 138 24
81 41 100
36 49 66
111 127 60
93 46 68
52 84 90
130 129 77
124 140 95
145 56 48
118 18 87
152 22 59
32 146 40
42 40 22
8 44 21
2 74 21
97 148 63
9 148 7
46 28 21
110 10 35
157 95 83
14 9 86
26 43 77
159 97 49
25 116 35
56 141 83
65 134 97
159 34 84
50 68 73
79 1 57
159 46 10
53 74 71
153 14 69
40 1 97
135 82 7
9 147 86
56 98 61
7 113 62
68 102 92
102 13 12
133 78 91
158 127 82
9 142 66
35 139 40
106 21 83
151 47 68
142 130 12
117 139 82
139 158 28
6 34 56
4 36 47
115 19 4
87 84 43
115 66 33
109 10 94
108 60 78
37 142 44
129 141 19
103 121 69
135 66 3
157 27 99
149 11 93
73 54 52
159 155 40
69 58 63
150 112 29
47 56 63
55 147 83
124 117 20
38 85 7
148 22 27
56 80 51
64 144 19
1 18 76
43 49 72
29 55 90
101 63 87
69 44 30
114 69 47
17 32 46
5 131 7
88 49 35
85 12 86
128 96 46
41 126 62
83 63 67
0 48 10
98 126 44
55 151 68
114 102 72
89 69 48
127 106 15
71 30 55
30 76 66
132 144 42
91 70 96
29 11 88
144 75 49
12 67 20
84 146 10
130 30 41
126 25 87
5 129 93
83 91 40
156 49 68
53 45 86
110 3 71
93 59 82
11 159 74
35 141 65
106 59 73
99 75 50
63 78 43
133 25 1
123 148 66
16 46 42
116 92 28
64 92 35
18 70 20
71 39 52
105 90 90
143 147 73
122 1 18
105 41 62
82 114 56
50 130 98
28 56 7
124 156 88
77 97 18
9 4 8
102 93 73
104 66 31
137 58 20
149 50 20
23 25 77
116 148 57
156 91 3
143 65 80
91 88 83
9 95 44
13 140 11
92 145 80
52 101 15
24 90 21
71 66 55
26 40 50
157 7 74
119 124 52
5 87 28
24 139 76
130 118 52
136 7 92
123 67 98
130 150 30
157 4 73
114 60 61
106 51 91
93 146 73
101 136 39
54 6 22
134 3 20
66 21 76
22 36 62
26 117 59
70 136 92
5 69 62
116 1 95
120 98 70
139 101 55
33 26 70
108 63 62
54 97 34
81 144 45
5 58 16
47 158 62
30 89 87
10 158 11
26 61 32
95 39 18
6 41 95
94 99 52
138 112 11
67 105 13
14 111 81
144 44 61
99 102 79
111 31 41
117 51 22
158 40 1
80 20 45
52 27 45
140 90 94
131 118 62
34 140 41
42 64 33
150 118 6
61 73 50
41 107 62
49 25 72
43 94 86
96 3 82
40 52 92
89 63 21
66 20 50
5 28 87
32 104 67
4 117 81
116 61 9
45 35 89
22 136 89
69 119 32
85 145 28
142 141 3
4 74 66
57 155 66
157 1 77
123 155 98
121 46 51
45 14 64
55 124 70
5 104 75
34 142 75
11 48 12
143 12 37
66 104 96
68 5 78
27 68 4
67 90 16
124 74 51
13 57 8
62 18 18
96 8 46
38 157 48
71 136 77
6 18 26
64 143 31
60 59 91
103 122 73
57 6 2
119 146 23
41 149 39
148 2 38
159 60 31
0 9 92
23 125 94
147 59 37
52 22 97
19 96 57
134 78 61
157 68 61
150 46 48
5 119 68
42 67 58
2 68 3
148 106 61
117 146 71
60 17 3
53 4 16
146 19 39
23 158 53
127 80 91
93 58 47
59 27 71
140 65 1
97 144 94
100 110 58
65 60 10
12 126 26
156 26 37
109 6 83
65 28 11
5 142 61
45 32 39
109 129 97
97 85 97
105 147 63
93 64 36
63 97 99
34 3 86
54 75 65
73 133 53
36 101 28
36 113 97
30 25 96
73 95 64
139 57 33
99 83 53
71 19 65
139 14 35
131 150 66
150 101 11
145 55 54
4 13 78
70 9 91
37 60 61
35 3 61
3 135 31
24 106 64
49 16 73
45 149 84
128 29 99
46 155 58
151 23 65
129 148 99
12 21 32
2 53 30
36 87 37
31 65 34
70 10 33
155 31 63
24 69 74
54 64 32
147 128 37
145 44 61
0 120 92
59 91 78
41 71 59
96 100 79
121 12 17
138 96 68
102 76 98
123 128 21
71 13 13
90 39 43
70 128 67
42 56 30
139 42 20
126 5 62
22 82 21
157 46 93
153 59 17
82 134 39
106 67 14
35 37 88
67 147 34
57 48 46
60 12 80
52 112 4
120 30 78
0 73 83
78 49 68
150 120 50
102 78 42
90 45 9
148 149 80
112 115 48
136 152 33
110 136 75
101 130 43
27 80 7
111 83 30
40 147 27
7 159 16
64 17 25
64 95 5
111 76 15
41 137 56
24 62 54
105 58 98
5 10 79
112 10 12
159 157 72
113 140 6
90 134 86
3 138 2
95 126 79
103 16 73
29 66 81
66 127 9
37 35 31
88 1 99
111 148 92
69 70 3
41 49 4
77 16 9
71 49 90
57 4 40
146 153 23
1 58 28
151 53 69
19 10 55
125 145 72
132 53 92
135 0 96
21 102 90
63 126 57
44 89 68
46 70 24
101 50 32
115 120 98
58 122 49
107 17 39
109 16 5
153 107 62
48 142 4
13 64 35
75 5 61
137 118 87
137 138 27
25 132 51
68 0 41
125 114 30
23 155 23
120 49 36
75 67 81
106 62 64
131 63 40
58 55 58
30 128 72
75 51 55
76 16 48
79 40 81
50 134 65
39 37 10
11 89 25
106 158 46
48 16 16
100 132 15
79 31 32
127 72 57
100 26 39
137 156 26
46 12 62
22 102 87
145 143 37
22 85 31
153 56 72
138 110 47
60 117 42
68 124 93
4 29 45
36 148 65
9 63 24
112 83 69
141 60 95
102 23 65
75 50 21
88 152 60
105 146 99
8 136 41
21 47 1
102 52 33
133 151 44
33 36 5
8 151 70
25 122 50
58 30 59
122 28 78
95 122 66
101 149 62
116 98 39
122 38 2
72 80 2
56 146 51
16 115 41
63 23 54
66 153 10
80 122 70
144 0 36
148 157 38
18 95 98
144 90 32
13 119 33
146 42 49
27 119 52
71 98 39
98 110 84
54 99 32
135 95 100
158 87 21
76 75 61
117 116 41
105 88 38
103 36 71
64 40 92
65 54 69
24 108 61
62 96 49
23 131 22
123 1 92
53 70 10
46 149 89
26 123 34
29 103 79
102 53 11
151 140 15
59 114 48
94 33 65
76 90 82
142 7 27
23 141 26
134 133 13
137 84 16
25 90 5
152 21 34
23 94 71
139 35 18
48 140 76
104 41 10
114 117 43
52 75 42
78 6 74
108 119 10
59 74 88
11 99 31
136 73 80
142 13 71
25 127 39
14 4 27
121 147 99
157 76 93
121 107 65
68 127 61
70 118 87
22 68 39
103 29 45
116 52 39
48 66 63
84 81 77
122 71 88
2 40 6
136 93 57
61 120 26
47 121 24
137 3 55
67 121 51
82 155 11
30 70 63
70 135 69
134 153 27
8 81 90
134 97 14
123 44 40
1 77 52
20 82 73
6 107 42
119 153 34
49 35 82
102 139 52
84 0 65
107 143 70
82 61 75
35 62 14
155 9 45
11 30 51
119 138 28
35 61 54
93 13 31
106 35 73
75 1 11
116 11 93
78 40 52
126 115 86
12 122 36
55 54 21
65 22 61
117 157 85
104 133 100
49 96 97
45 102 95
43 10 17
40 155 65
38 68 96
98 35 54
65 46 29
56 42 77
155 0 72
149 40 83
68 113 25
63 43 36
48 94 63
9 28 95
31 113 2
18 54 89
13 136 28
74 139 10
72 116 96
115 105 93
128 157 56
22 32 64
109 53 48
83 16 2
24 1 37
3 60 81
135 147 25
47 25 24
72 33 79
28 54 22
108 89 22
142 4 50
150 108 29
50 79 50
76 113 40
48 148 36
45 135 90
16 77 37
88 77 100
10 130 1
63 32 79
106 101 56
96 22 70
46 137 19
98 137 60
99 50 83
75 78 6
37 24 58
58 50 94
3 99 59
153 27 6
27 46 21
20 2 79
32 85 94
31 6 100
81 38 79
115 91 3
120 82 58
101 46 80
85 25 48
96 49 40
13 88 39
134 157 64
107 123 55
47 90 13
94 0 55
76 25 37
136 123 67
37 36 37
14 137 63
74 17 45
155 117 74
45 92 58
22 52 79
58 99 98
37 101 18
78 36 72
137 46 98
125 65 57
135 118 79
19 82 7
143 4 70
109 81 59
136 132 56
99 66 68
61 101 48
121 22 42
143 152 39
69 112 70
8 89 24
85 96 69
31 78 43
45 129 4
143 75 67
151 99 97
147 79 59
77 17 22
35 41 95
145 122 17
113 65 13
76 38 92
158 44 52
34 101 45
116 10 55
149 71 62
14 28 9
36 31 9
111 82 42
157 16 10
123 112 15
144 52 44
73 14 79
22 65 99
112 153 81
19 105 90
156 23 34
138 68 3
145 5 43
104 96 69
14 13 74
16 139 8
155 149 78
31 24 40
36 146 57
38 148 55
118 90 15
60 156 41
19 91 97
118 49 23
27 147 62
9 100 85
69 145 71
53 52 99
107 19 98
97 103 26
130 4 67
24 95 62
129 28 41
17 95 15
54 36 22
29 47 59
134 7 50
43 41 40
46 63 98
144 51 21
5 30 28
71 114 49
140 116 19
79 103 54
117 94 30
37 32 4
20 103 20
57 129 51
95 27 71
109 94 94
139 34 85
95 119 56
63 22 16
100 0 15
29 2 80
41 2 22
70 90 75
126 159 89
44 18 95
143 80 27
153 33 88
126 153 36
146 120 3
32 119 14
85 91 96
12 81 7
28 8 71
8 123 25
141 103 85
67 153 64
28 68 25
133 143 46
92 115 47
96 30 65
146 31 66
156 95 64
35 138 60
42 65 98
112 154 63
39 23 62
40 134 20
157 26 55
61 81 26
158 74 25
91 22 96
0 101 83
37 72 91
36 98 99
95 102 71
144 27 40
97 27 45
47 24 63
51 131 22
43 1 49
16 67 41
108 149 31
137 83 13
134 106 68
14 39 53
140 56 67
7 107 37
32 90 78
51 11 35
29 0 3
71 119 22
109 134 35
39 106 78
102 38 99
149 90 26
75 100 41
14 135 64
2 89 41
18 40 35
98 84 56
130 63 78
102 58 36
27 25 96
5 54 55
49 101 26
150 54 87
119 18 2
85 27 93
74 14 55
7 26 86
155 72 73
77 148 97
101 64 99
132 1 31
49 59 61
78 65 49
63 80 7
13 33 31
132 131 33
112 121 94
1 137 19
114 78 3
131 72 35
147 107 66
149 65 93
56 49 71
87 99 61
26 18 87
103 116 70
143 67 30
72 105 15
112 127 55
88 62 67
98 107 24
70 153 52
128 136 16
157 62 76
121 57 9
57 135 33
141 156 28
92 22 27
121 156 37
131 39 3
126 76 8
129 24 38
39 61 19
33 154 44
117 105 20
75 120 22
110 91 85
88 141 20
47 89 53
83 3 20
12 103 10
143 30 31
36 95 14
44 21 45
119 60 16
105 127 12
126 27 83
44 30 13
101 41 79
10 8 37
68 93 15
2 27 87
128 147 51
135 45 20
110 112 80
158 57 31
147 89 20
31 130 9
116 88 57
30 85 48
145 120 15
103 40 99
16 27 31
133 58 85
53 140 68
60 76 1
7 50 54
53 20 61
97 14 64
36 78 30
157 60 66
76 82 69
87 143 47
54 130 17
121 158 76
53 106 66
73 125 62
95 9 12
21 2 89
78 145 32
139 134 78
101 5 78
25 70 94
133 123 74
9 35 37
121 98 53
47 153 34
128 55 46
135 85 29
119 89 15
98 58 60
87 150 4
121 14 38
135 110 78
6 25 3
155 91 23
34 94 14
93 77 28
48 121 17
61 134 29
125 143 83
19 141 56
118 60 91
73 58 61
30 55 77
158 16 52
48 145 2
19 48 73
30 47 25
43 22 20
109 158 66
11 67 73
74 76 47
83 122 42
123 136 2
2 78 17
134 43 4
14 152 31
129 44 18
3 10 50
77 109 70
29 80 66
40 73 69
69 73 79
150 83 38
31 105 55
5 76 8
121 42 26
92 94 10
87 23 26
45 158 6
92 70 33
79 101 41
58 150 24
158 33 35
87 89 61
117 32 71
152 104 14
122 30 100
84 113 56
85 47 99
43 134 39
135 96 11
2 111 65
113 137 62
129 3 89
139 149 95
65 149 6
84 108 54
96 83 81
21 3 86
5 39 28
120 153 78
57 66 59
113 0 57
96 24 1
77 61 60
138 52 54
103 156 76
96 102 49
33 149 78
128 64 54
116 139 23
45 72 84
127 8 11
47 12 100
4 68 30
60 56 11
118 94 1
77 121 67
21 120 92
40 46 84
55 30 1
120 145 81
25 82 30
95 159 21
107 36 44
20 56 49
80 75 44
114 13 20
60 21 39
148 66 33
69 32 47
12 2 32
112 152 86
50 97 60
44 72 38
155 147 98
49 84 27
114 89 70
76 18 67
10 40 35
140 29 71
127 132 39
143 28 60
125 28 6
63 142 49
37 12 55
38 8 34
148 107 84
1 14 57
3 109 66
128 112 4
147 144 83
67 55 56
43 34 96
110 8 64
139 147 26
108 50 83
63 51 85
7 136 47
82 121 21
22 158 78
70 7 39
70 2 71
151 74 31
66 41 24
153 103 29
149 142 94
12 78 10
77 27 18
61 49 90
43 128 26
108 48 60
26 104 30
141 137 89
6 24 94
116 75 21
83 137 47
138 7 78
67 98 49
116 105 80
122 73 37
101 75 79
119 49 77
69 29 6
38 49 99
138 46 53
3 55 89
38 88 19
83 145 67
84 63 46
28 105 27
118 77 7
57 33 8
6 50 20
28 157 37
147 131 11
74 87 47
103 2 52
67 27 38
102 84 51
52 31 49
149 132 42
56 132 50
2 144 5
151 122 80
149 121 78
30 40 63
145 127 81
23 6 37
115 30 56
116 62 94
75 31 31
22 123 59
13 26 88
12 16 24
93 17 18
42 1 9
93 91 40
67 39 38
0 140 23
118 62 93
16 126 42
72 0 17
60 134 66
129 26 9
93 140 50
20 59 68
115 59 27
133 82 98
68 114 71
39 49 94
61 55 44
115 42 74
57 30 98
95 57 95
132 57 77
121 44 90
142 92 97
81 127 79
124 38 89
156 110 46
149 29 90
18 111 80
52 121 53
149 3 24
145 132 66
59 57 87
142 35 15
35 134 99
97 10 83
129 138 65
46 133 61
39 65 7
53 118 84
94 45 34
69 63 88
110 40 39
70 134 39
56 40 45
65 78 74
82 141 43
42 72 21
37 116 69
36 150 25
80 151 64
41 8 85
24 32 94
155 87 82
135 22 4
151 65 99
76 107 36
54 118 29
123 74 55
85 4 65
123 143 45
87 96 29
54 30 74
96 145 74
91 83 25
60 40 50
61 44 42
137 112 4
3 35 23
38 140 77
48 13 29
152 102 8
141 99 73
36 119 80
51 5 59
45 113 14
104 78 13
65 51 2
60 93 93
78 59 19
115 62 55
110 64 26
154 12 28
159 27 28
50 99 48
122 112 46
141 87 47
64 132 23
52 70 31
127 82 58
122 106 65
82 131 1
81 135 72
114 41 28
151 146 57
65 76 1
47 95 100
46 99 1
47 37 95
113 50 33
124 83 48
89 84 20
38 98 97
104 28 26
29 1 76
83 90 82
35 91 34
44 152 12
67 70 17
63 140 64
133 48 38
59 125 2
132 81 17
59 77 76
137 127 61
115 146 78
96 55 32
50 113 6
155 124 16
41 127 31
151 116 35
58 113 64
34 103 75
7 45 4
113 157 70
155 6 74
139 132 100
99 12 89
26 101 81
141 47 77
35 20 100
156 50 89
104 143 45
107 13 1
131 102 69
114 121 31
2 142 47
12 25 51
74 35 12
64 34 94
21 37 13
39 33 85
90 35 55
89 125 44
146 155 39
134 128 32
114 81 64
78 79 65
142 28 85
68 120 36
76 145 78
137 29 91
20 45 76
55 107 32
13 43 80
95 78 57
98 12 95
63 40 82
71 77 64
89 44 15
36 79 94
75 60 2
85 121 52
95 90 82
66 48 99
155 33 68
69 21 86
74 133 99
101 98 84
56 130 65
18 26 49
130 16 43
118 38 72
12 101 83
127 62 75
3 94 62
100 40 84
72 29 38
110 128 85
71 159 14
4 149 98
155 145 1
28 99 54
90 138 56
5 1 42
147 135 38
116 21 21
96 56 77
154 57 72
125 101 11
36 134 19
106 70 26
4 49 45
131 26 11
68 110 48
11 26 68
40 82 64
4 141 59
11 92 94
38 112 17
141 48 54
113 69 21
47 88 50
153 36 60
48 1 52
9 10 11
74 25 100
46 157 12
130 132 48
93 129 24
51 100 29
84 136 10
56 142 99
53 98 91
35 106 47
138 59 84
122 20 72
6 8 67
125 154 53
48 114 5
107 37 4
154 24 62
61 144 71
42 46 92
108 21 94
59 155 12
156 21 79
75 59 4
12 110 50
32 137 75
46 106 40
130 10 97
106 136 20
153 135 96
139 141 41
29 8 28
66 16 31
138 158 97
55 66 82
156 97 46
16 140 56
107 66 78
27 130 65
113 146 24
57 151 40
98 31 10
33 152 10
111 35 29
23 78 54
17 37 4
121 49 10
56 123 5
35 113 16
106 60 79
25 95 23
42 113 83
39 113 72
119 117 78
133 37 20
83 125 75
74 38 28
28 4 72
61 5 10
126 134 15
93 133 35
104 135 28
65 13 16
24 149 27
41 3 34
4 101 23
102 142 84
118 87 43
104 52 52
35 132 66
129 31 14
63 16 96
10 117 31
36 82 95
56 136 6
103 71 62
147 114 79
138 142 83
114 55 33
97 159 79
78 125 74
118 50 70
147 113 84
36 37 30
129 14 97
68 88 30
143 84 31
71 85 96
2 140 56
154 111 67
29 100 21
61 147 36
85 53 6
141 6 74
109 92 74
24 113 3
79 134 71
70 5 60
22 27 79
103 38 10
43 71 6
87 56 81
27 24 14
49 131 29
75 121 29
57 50 22
39 7 31
78 56 13
76 136 89
119 149 84
39 28 76
64 85 36
91 155 19
31 1 97
113 95 2
127 60 75
22 132 13
20 94 40
113 83 7
116 144 39
17 137 37
76 19 46
41 100 82
32 74 81
149 2 37
159 85 45
12 37 90
101 154 75
82 71 18
39 42 18
36 96 43
21 53 96
129 7 94
92 48 63
127 98 11
128 82 85
71 89 51
126 94 19
127 66 38
21 69 51
1 49 90
32 131 32
38 62 77
12 28 33
82 113 90
154 74 58
39 135 50
49 1 31
118 40 83
36 133 64
123 70 85
68 53 10
7 111 76
30 27 52
53 103 76
76 34 35
159 74 34
125 42 23
148 76 61
16 37 77
87 157 53
39 107 29
128 93 100
59 137 26
36 66 78
70 78 66
5 135 47
6 148 96
53 136 2
20 24 53
117 27 2
132 159 9
33 110 87
67 6 89
23 93 53
33 6 91
136 19 46
21 74 12
0 82 37
63 41 62
42 81 88
93 10 90
43 81 90
27 128 75
81 103 41
116 153 18
55 102 24
81 50 25
114 88 12
3 95 94
44 63 86
92 146 49
113 144 91
146 135 41
77 144 88
77 114 79
53 46 7
125 103 65
61 45 86
58 156 61
102 149 19
23 137 26
78 91 6
142 3 6
74 102 85
69 150 97
83 128 50
26 135 83
34 48 71
44 101 29
73 152 66
81 23 66
107 34 59
79 49 24
81 55 87
7 25 38
100 99 98
122 36 32
106 68 34
0 13 98
31 68 58
125 93 81
27 135 86
94 95 51
91 33 67
4 113 62
96 35 95
20 83 30
158 67 16
26 120 8
21 147 53
112 93 95
53 43 75
139 56 34
31 125 13
149 8 29
6 55 93
152 61 77
41 74 100
134 24 38
13 101 37
77 75 92
25 102 60
18 21 61
74 23 94
60 100 96
16 102 60
38 48 97
112 45 27
139 131 20
78 27 30
26 38 49
40 107 80
103 117 21
54 141 12
151 81 60
125 124 20
55 75 11
43 112 47
9 65 10
4 5 46
54 11 93
139 127 46
111 151 66
143 107 6
0 149 49
155 119 15
111 105 46
5 78 5
143 51 53
152 142 77
106 89 64
128 4 77
16 114 32
130 123 77
51 22 32
114 142 89
101 37 91
63 85 77
105 80 38
2 106 17
84 13 62
93 87 62
156 46 1
97 6 19
1 88 32
73 51 94
81 118 39
120 157 53
0 135 66
72 9 10
121 124 95
19 8 5
114 5 39
55 141 19
1 140 83
129 123 8
42 144 45
148 85 2
78 90 71
121 79 86
42 0 75
7 67 65
29 113 78
125 128 18
128 140 91
49 140 82
22 133 86
20 92 42
89 147 96
149 139 39
34 71 47
39 138 41
115 47 49
76 112 87
124 143 96
79 153 58
22 0 72
149 99 7
151 129 12
130 100 20
59 150 74
145 30 56
12 62 37
106 109 51
59 58 89
48 67 11
0 36 55
27 134 68
72 76 46
45 61 35
9 81 26
45 50 70
121 66 42
8 97 62
33 19 98
63 138 2
152 118 63
133 53 54
33 127 57
5 71 10
120 71 45
41 121 4
57 74 42
130 117 41
58 39 46
104 128 70
100 91 95
147 104 69
106 159 96
52 73 71
6 23 43
148 10 89
129 50 93
140 24 22
46 29 1
45 121 97
131 125 20
108 154 85
65 136 79
22 60 5
34 60 88
3 9 5
40 57 64
6 115 33
130 58 13
136 104 44
114 155 20
45 40 87
98 30 91
68 44 53
92 133 99
74 34 92
97 98 52
152 14 100
34 125 84
42 146 53
157 150 44
123 104 22
136 54 19
42 24 32
98 155 57
73 18 90
65 72 88
3 97 77
135 113 55
145 53 1
27 43 55
76 104 86
90 73 29
51 59 80
58 45 58
121 80 13
74 79 25
39 53 89
93 147 82
117 118 59
109 101 41
117 66 80
125 78 83
146 99 29
43 17 99
157 48 3
37 89 47
156 12 15
114 113 90
35 107 14
65 6 30
63 25 73
60 132 81
115 102 34
37 85 99
134 96 73
145 124 37
43 29 92
130 47 42
8 64 11
143 128 27
48 59 63
59 63 68
128 50 36
31 69 59
148 34 50
12 56 43
16 116 54
46 56 29
35 158 32
39 99 29
37 75 48
89 109 7
108 137 58
97 134 64
12 58 21
66 154 80
43 119 23
65 3 47
8 127 97
55 33 18
60 41 37
87 132 28
112 95 70
37 59 86
156 60 22
94 4 24
38 43 77
145 46 70
81 28 59
118 44 59
25 80 92
155 51 19
110 126 47
62 28 87
132 46 27
151 133 45
92 151 95
25 16 55
110 153 86
148 120 75
75 122 5
21 26 39
145 12 11
27 102 89
113 40 30
92 125 62
152 109 72
20 11 27
16 22 88
32 141 49
90 38 9
59 92 74
50 48 49
43 90 18
42 19 87
53 130 84
87 79 3
145 129 39
5 29 64
25 81 54
153 58 100
76 60 26
141 144 71
145 11 20
146 144 70
138 4 34
109 36 16
114 59 60
31 70 11
137 120 83
64 156 41
159 21 93
92 5 73
11 112 43
90 33 43
125 2 74
129 90 2
93 44 28
145 33 33
66 98 90
14 130 87
104 48 26
115 63 39
124 154 19
53 95 60
124 138 6
32 87 87
52 89 30
0 76 40
45 20 16
71 104 87
29 97 8
43 85 94
22 62 54
10 147 5
53 60 19
82 159 53
158 25 71
53 112 55
74 158 65
125 52 27
108 103 1
66 30 2
53 21 30
146 152 44
4 114 33
155 99 81
129 2 100
5 0 58
105 149 21
83 0 17
72 100 70
94 128 90
96 80 94
78 10 86
99 2 93
101 32 44
55 99 52
42 140 52
42 150 61
61 51 86
10 62 33
131 2 29
22 40 13
147 20 50
92 36 3
119 159 51
40 151 50
95 132 95
36 142 74
130 48 57
70 59 11
72 143 52
6 65 34
151 5 94
87 130 94
113 63 68
54 119 86
155 32 22
43 27 31
53 71 53
115 139 79
153 146 77
3 25 40
136 24 54
69 49 27
68 22 31
105 121 7
16 38 3
60 8 53
32 43 60
91 103 98
85 118 71
110 37 65
61 16 4
10 97 76
144 36 65
132 93 1
124 94 28
93 26 100
2 81 26
135 38 38
1 154 75
130 9 3
145 43 68
82 107 10
100 19 6
42 100 51
39 59 82
66 31 22
144 130 77
148 26 80
54 92 14
70 66 49
60 10 78
68 107 25
128 95 90
123 51 17
150 145 94
97 37 89
27 48 15
6 61 7
152 72 87
29 125 8
93 131 61
120 70 80
62 70 19
31 148 98
68 158 67
73 145 11
39 92 70
140 2 65
2 84 35
95 19 44
139 51 2
133 33 96
2 95 77
57 127 17
20 95 97
137 151 90
72 104 97
128 152 2
101 89 67
42 107 44
115 2 12
123 137 94
47 4 36
87 4 92
36 39 72
33 46 83
10 57 94
17 116 82
30 1 18
20 62 55
138 122 38
11 102 72
89 3 6
70 139 100
150 148 64
150 99 91
155 73 10
147 93 11
123 61 76
31 37 23
37 77 47
60 35 1
41 29 44
12 142 9
28 12 56
108 23 28
118 53 91
96 32 79
93 31 1
159 82 29
13 100 97
36 147 7
2 72 71
141 147 20
31 132 48
28 1 67
3 16 36
148 104 54
110 7 18
79 150 35
135 138 26
141 85 64
16 11 16
99 58 44
69 116 89
134 32 15
72 79 50
119 123 13
81 47 60
67 145 67
144 146 96
141 113 29
143 44 51
99 107 28
0 8 24
79 13 44
148 126 83
41 123 34
10 104 49
64 98 94
111 158 53
118 55 99
47 49 38
138 55 37
76 67 61
56 89 80
96 109 4
38 143 94
132 137 18
73 109 66
39 14 14
139 143 14
151 35 33
18 106 38
20 128 69
55 158 56
89 59 3
39 136 43
30 67 98
92 119 19
135 75 66
101 112 51
119 128 52
12 3 94
23 77 37
17 18 66
48 89 47
99 98 12
124 22 5
156 107 61
44 94 32
13 60 59
28 67 17
31 128 6
115 13 91
30 11 91
60 137 24
75 52 55
37 17 45
104 99 48
87 51 42
92 142 14
140 154 68
59 118 33
155 103 66
76 10 92
28 101 52
159 105 77
144 139 29
24 112 52
151 0 10
126 92 19
25 75 21
151 39 68
8 135 35
99 100 83
119 97 66
52 136 99
137 7 86
12 51 90
0 89 83
69 74 58
82 58 15
1 141 97
93 119 27
2 36 23
154 14 9
102 71 85
45 18 65
90 53 49
120 47 17
79 7 20
78 96 85
143 45 82
145 113 44
51 119 100
146 140 94
102 82 56
40 90 7
33 123 30
6 101 57
9 87 5
103 129 24
59 116 26
53 84 22
36 157 96
27 145 15
41 27 28
64 159 21
134 41 47
13 72 32
110 60 6
43 155 5
24 114 21
61 146 39
108 37 44
59 64 46
16 85 21
149 112 34
28 140 97
131 87 25
35 65 43
18 11 77
123 73 30
120 37 36
115 129 40
98 147 53
145 84 73
28 32 22
118 157 60
8 3 46
78 85 82
110 1 15
89 12 78
88 108 93
156 0 59
59 29 86
121 126 17
67 22 27
93 32 2
139 146 4
4 17 49
53 16 21
10 71 3
118 11 6
75 140 70
68 122 10
135 65 47
41 13 22
8 88 8
55 81 82
0 142 38
32 22 47
28 36 91
157 155 62
21 67 29
15 118 48
15 13 20
15 126 37
15 78 74
15 39 47
15 127 49
15 116 11
15 120 42
15 142 35
15 148 33
15 0 85
15 72 35
15 98 75
15 90 69
15 137 45
15 84 37
15 99 76
15 122 60
12 86 72
18 86 69
27 86 45
33 86 68
37 86 64
43 86 78
55 86 80
75 86 76
78 86 7
90 86 2
95 86 27
103 86 37
106 86 32
112 86 43
115 86 73
119 86 93
130 86 90
149 86 27
