54
31
0 2 48
0 7 98
0 8 68
0 9 67
0 11 41
0 12 44
0 15 8
0 17 87
0 18 73
0 21 35
0 22 17
0 23 89
0 26 86
0 29 88
0 33 27
0 34 94
0 36 37
0 37 91
0 38 81
0 39 3
0 40 90
0 42 86
0 44 83
0 45 96
0 47 50
0 48 81
0 51 94
0 53 63
0 55 51
0 57 99
0 59 16
0 61 23
0 63 65
0 66 88
0 70 58
0 71 99
0 74 83
0 75 50
0 76 14
0 79 6
0 80 72
0 81 55
0 83 66
0 84 52
0 89 54
0 93 8
0 96 41
0 97 68
0 98 80
1 0 55
1 4 27
1 8 61
1 9 6
1 10 55
1 16 52
1 18 89
1 22 53
1 23 54
1 25 71
1 27 73
1 32 72
1 33 25
1 39 89
1 40 11
1 41 69
1 46 34
1 47 49
1 52 33
1 53 43
1 57 81
1 58 36
1 60 69
1 63 43
1 64 32
1 66 75
1 67 97
1 68 36
1 70 53
1 72 67
1 74 75
1 75 42
1 76 20
1 78 24
1 82 84
1 87 72
1 90 86
1 92 70
1 94 90
1 95 87
1 97 64
1 99 28
2 3 61
2 7 82
2 8 69
2 9 78
2 18 50
2 22 83
2 23 29
2 24 20
2 25 56
2 26 37
2 28 62
2 29 20
2 30 57
2 32 32
2 33 32
2 36 18
2 37 30
2 42 81
2 43 81
2 46 88
2 48 81
2 56 55
2 58 79
2 59 17
2 60 52
2 61 61
2 62 21
2 63 34
2 64 24
2 66 9
2 67 83
2 70 8
2 71 62
2 73 20
2 77 67
2 80 1
2 82 23
2 85 24
2 87 40
2 90 95
2 95 6
2 96 51
2 97 34
2 99 36
3 0 56
3 1 1
3 4 61
3 9 42
3 13 46
3 14 7
3 15 92
3 18 20
3 19 99
3 20 35
3 26 39
3 29 75
3 32 30
3 33 59
3 34 82
3 35 6
3 38 57
3 41 87
3 46 89
3 48 56
3 51 60
3 53 47
3 57 85
3 59 66
3 60 59
3 61 29
3 62 2
3 63 100
3 69 81
3 70 73
3 75 35
3 76 70
3 77 67
3 78 37
3 79 77
3 81 3
3 82 35
3 83 4
3 85 96
3 87 94
3 90 55
3 91 65
3 93 92
3 95 70
3 97 56
3 99 95
4 3 34
4 8 84
4 9 44
4 14 46
4 15 86
4 19 73
4 20 93
4 21 69
4 23 40
4 25 57
4 28 83
4 29 54
4 30 72
4 33 82
4 35 85
4 40 45
4 42 49
4 43 12
4 44 12
4 45 73
4 49 74
4 53 51
4 55 12
4 57 25
4 60 6
4 62 49
4 65 26
4 67 70
4 72 30
4 74 7
4 76 20
4 79 40
4 80 88
4 86 80
4 87 55
4 88 31
4 89 34
4 92 77
4 95 96
4 96 46
4 97 1
4 98 100
4 99 32
5 1 6
5 2 15
5 3 26
5 4 67
5 7 42
5 11 59
5 12 42
5 14 11
5 19 37
5 23 13
5 24 18
5 26 20
5 27 43
5 28 93
5 29 24
5 32 61
5 33 42
5 34 53
5 39 64
5 40 52
5 42 67
5 44 35
5 47 67
5 48 29
5 49 64
5 53 47
5 56 4
5 57 28
5 58 40
5 59 67
5 60 75
5 61 62
5 65 66
5 68 21
5 70 43
5 73 43
5 74 14
5 76 50
5 77 3
5 79 5
5 80 84
5 83 52
5 85 4
5 87 14
5 88 61
5 90 57
5 92 23
5 93 16
5 98 4
6 0 7
6 3 16
6 8 34
6 9 97
6 11 29
6 15 83
6 18 60
6 20 21
6 21 100
6 23 53
6 24 23
6 25 79
6 26 23
6 27 63
6 30 39
6 32 59
6 33 18
6 34 13
6 35 49
6 37 48
6 39 67
6 45 83
6 48 85
6 50 70
6 51 88
6 53 26
6 55 35
6 57 54
6 59 60
6 63 38
6 72 13
6 73 49
6 74 77
6 75 71
6 76 50
6 78 41
6 80 8
6 82 45
6 84 8
6 85 97
6 86 71
6 88 12
6 89 15
6 92 43
6 97 30
7 3 7
7 6 33
7 10 10
7 12 82
7 14 82
7 18 85
7 23 8
7 25 96
7 26 54
7 28 21
7 32 38
7 35 66
7 36 63
7 37 3
7 39 97
7 40 18
7 41 67
7 42 33
7 43 22
7 44 86
7 45 34
7 47 37
7 48 28
7 49 93
7 50 29
7 51 58
7 55 36
7 56 36
7 59 73
7 63 8
7 64 52
7 65 10
7 69 21
7 70 82
7 71 62
7 72 90
7 73 94
7 75 10
7 76 59
7 79 46
7 81 67
7 82 28
7 84 43
7 86 18
7 88 22
7 90 22
7 93 71
7 94 43
7 95 59
7 97 10
7 99 37
8 1 96
8 2 59
8 3 25
8 7 70
8 9 40
8 10 44
8 11 80
8 12 82
8 13 69
8 18 73
8 19 81
8 20 43
8 21 97
8 22 3
8 23 55
8 24 57
8 25 81
8 27 85
8 28 90
8 29 58
8 32 64
8 33 75
8 35 75
8 39 41
8 41 99
8 44 11
8 45 14
8 48 89
8 49 25
8 50 42
8 52 24
8 53 76
8 58 7
8 62 8
8 67 90
8 69 61
8 70 29
8 71 86
8 72 32
8 74 40
8 78 78
8 79 68
8 82 75
8 83 11
8 85 35
8 87 19
8 88 72
8 89 9
8 91 78
8 92 83
8 98 93
8 99 55
9 1 63
9 2 94
9 3 88
9 5 95
9 7 95
9 11 25
9 12 26
9 13 22
9 15 42
9 16 5
9 23 51
9 24 43
9 25 74
9 26 85
9 28 24
9 29 53
9 32 75
9 33 99
9 34 49
9 35 23
9 37 86
9 44 46
9 46 91
9 50 5
9 51 72
9 52 10
9 58 91
9 59 70
9 64 44
9 65 54
9 67 50
9 68 95
9 69 55
9 73 38
9 75 16
9 79 16
9 82 37
9 83 11
9 88 24
9 90 5
9 93 59
9 94 53
9 97 30
9 98 49
10 0 22
10 1 96
10 5 83
10 8 4
10 9 24
10 11 87
10 12 96
10 14 19
10 20 76
10 23 81
10 24 49
10 30 66
10 33 83
10 39 97
10 40 19
10 41 25
10 42 98
10 44 99
10 47 39
10 48 95
10 51 10
10 52 65
10 53 63
10 57 68
10 61 41
10 66 35
10 67 49
10 68 72
10 69 44
10 73 31
10 76 21
10 77 71
10 78 86
10 82 36
10 83 61
10 88 50
10 89 59
10 91 43
10 93 57
10 95 92
10 97 84
10 99 40
11 3 19
11 5 84
11 7 54
11 9 81
11 10 15
11 12 97
11 13 80
11 14 51
11 16 89
11 18 46
11 21 27
11 28 77
11 30 15
11 32 30
11 33 81
11 35 74
11 36 86
11 37 44
11 38 90
11 39 56
11 40 56
11 41 49
11 42 86
11 44 82
11 45 71
11 46 34
11 47 8
11 53 52
11 55 43
11 56 89
11 58 4
11 60 66
11 61 84
11 62 83
11 64 14
11 66 80
11 67 2
11 68 96
11 70 79
11 76 37
11 77 48
11 78 32
11 86 73
11 87 50
11 90 20
11 91 96
11 92 46
11 94 11
11 95 61
11 98 82
12 2 86
12 3 42
12 8 10
12 14 56
12 19 32
12 20 98
12 21 68
12 24 86
12 26 62
12 28 92
12 29 78
12 32 35
12 34 56
12 38 10
12 42 26
12 43 14
12 46 81
12 47 1
12 48 57
12 49 6
12 50 14
12 52 92
12 56 72
12 57 18
12 59 95
12 60 85
12 62 31
12 64 29
12 66 84
12 68 90
12 70 28
12 73 61
12 75 49
12 76 9
12 77 42
12 78 79
12 81 69
12 84 67
12 85 83
12 86 67
12 87 23
12 88 21
12 89 51
12 91 18
12 92 18
12 93 94
12 95 67
12 97 82
12 98 44
12 99 29
13 0 33
13 1 50
13 2 31
13 4 46
13 7 23
13 11 51
13 12 66
13 14 91
13 17 28
13 20 52
13 22 59
13 23 17
13 24 55
13 26 35
13 27 21
13 28 84
13 33 82
13 35 1
13 37 45
13 38 64
13 40 64
13 42 56
13 49 31
13 50 41
13 51 98
13 53 82
13 56 8
13 57 60
13 58 96
13 62 20
13 63 77
13 64 76
13 66 41
13 67 100
13 68 33
13 69 81
13 73 80
13 78 12
13 82 67
13 83 46
13 84 16
13 86 17
13 89 76
13 90 89
13 91 45
13 95 59
13 96 11
13 98 75
14 1 95
14 3 32
14 4 16
14 6 67
14 7 26
14 13 73
14 15 52
14 16 79
14 17 3
14 18 15
14 20 10
14 23 40
14 27 58
14 28 5
14 29 76
14 38 1
14 44 71
14 45 98
14 46 35
14 47 85
14 49 87
14 50 1
14 51 5
14 52 40
14 53 29
14 55 97
14 57 94
14 61 64
14 62 8
14 63 84
14 65 34
14 66 75
14 67 4
14 68 31
14 69 41
14 70 67
14 72 21
14 75 66
14 78 45
14 79 78
14 81 58
14 82 60
14 83 23
14 85 43
14 86 41
14 88 49
14 89 46
14 90 96
14 91 23
14 92 100
14 93 21
14 94 42
14 96 68
14 99 83
15 0 87
15 3 65
15 5 69
15 7 78
15 12 44
15 14 60
15 18 51
15 21 8
15 22 18
15 24 20
15 28 77
15 32 22
15 33 46
15 34 33
15 37 43
15 38 88
15 42 32
15 43 11
15 44 91
15 47 71
15 48 94
15 51 39
15 52 7
15 53 32
15 55 15
15 57 64
15 58 25
15 62 73
15 63 76
15 64 12
15 66 47
15 69 43
15 72 8
15 74 81
15 76 53
15 77 22
15 78 35
15 79 30
15 81 70
15 82 91
15 84 1
15 85 18
15 87 68
15 89 2
15 90 21
15 94 18
15 95 39
15 96 28
15 99 37
16 1 16
16 2 75
16 3 14
16 4 100
16 5 65
16 8 75
16 9 38
16 10 75
16 11 14
16 14 8
16 15 84
16 17 2
16 21 69
16 24 78
16 25 69
16 29 74
16 34 65
16 35 85
16 36 75
16 38 23
16 40 65
16 41 97
16 43 66
16 46 72
16 47 11
16 49 97
16 50 33
16 51 77
16 53 100
16 58 74
16 61 71
16 63 9
16 64 53
16 65 23
16 68 82
16 69 25
16 70 74
16 72 3
16 75 86
16 77 8
16 78 69
16 79 20
16 83 76
16 84 44
16 86 85
16 87 96
16 93 68
16 94 21
16 95 21
16 96 8
16 97 41
16 98 100
17 1 2
17 5 84
17 7 51
17 9 75
17 10 87
17 11 22
17 15 35
17 16 52
17 19 6
17 20 30
17 21 47
17 25 36
17 28 7
17 29 79
17 32 52
17 34 35
17 36 9
17 43 89
17 44 46
17 45 78
17 46 11
17 48 40
17 50 75
17 51 20
17 52 59
17 55 33
17 57 42
17 62 81
17 65 25
17 66 35
17 67 57
17 72 75
17 73 48
17 74 20
17 75 92
17 78 31
17 79 47
17 83 33
17 86 69
17 87 10
17 88 7
17 89 53
17 90 1
17 94 69
17 98 52
18 0 45
18 1 33
18 4 71
18 8 100
18 10 27
18 17 32
18 19 43
18 20 44
18 22 20
18 24 62
18 26 48
18 28 10
18 34 84
18 35 15
18 36 70
18 37 74
18 42 64
18 43 94
18 44 92
18 45 55
18 46 4
18 47 71
18 48 14
18 49 94
18 52 65
18 53 57
18 55 43
18 58 59
18 60 92
18 61 13
18 63 36
18 75 19
18 77 78
18 79 76
18 81 8
18 82 66
18 83 21
18 86 84
18 88 27
18 91 15
18 92 21
18 95 36
18 97 39
19 0 41
19 1 68
19 2 1
19 6 12
19 7 24
19 10 92
19 11 40
19 14 94
19 16 2
19 18 24
19 20 6
19 21 74
19 24 64
19 26 74
19 32 3
19 35 54
19 36 70
19 37 50
19 38 71
19 40 39
19 41 86
19 42 72
19 43 15
19 49 36
19 51 52
19 52 43
19 55 6
19 59 16
19 62 65
19 63 38
19 64 52
19 65 54
19 67 97
19 68 33
19 70 58
19 71 2
19 74 29
19 75 17
19 76 51
19 77 54
19 80 16
19 82 50
19 83 80
19 84 56
19 85 3
19 86 73
19 90 37
19 92 44
19 95 51
19 99 83
20 3 35
20 5 94
20 11 26
20 12 23
20 13 19
20 14 71
20 16 55
20 17 93
20 18 62
20 23 52
20 25 59
20 26 58
20 30 41
20 38 41
20 39 96
20 41 34
20 42 74
20 48 21
20 53 9
20 55 61
20 58 12
20 59 56
20 62 57
20 64 34
20 65 53
20 68 13
20 69 77
20 72 4
20 76 14
20 77 7
20 81 48
20 84 2
20 87 71
20 91 56
20 93 90
20 95 70
20 96 82
21 0 6
21 1 13
21 2 55
21 5 69
21 7 90
21 9 93
21 13 76
21 15 8
21 18 70
21 20 13
21 23 50
21 24 33
21 25 77
21 26 59
21 27 13
21 28 37
21 29 8
21 32 97
21 33 88
21 39 43
21 40 90
21 41 64
21 42 50
21 45 1
21 46 47
21 47 97
21 48 98
21 50 85
21 51 10
21 55 3
21 56 59
21 57 75
21 59 60
21 60 97
21 61 58
21 63 19
21 64 75
21 66 71
21 67 88
21 68 68
21 69 72
21 71 36
21 74 69
21 75 23
21 77 8
21 78 97
21 80 58
21 81 98
21 84 80
21 87 59
21 89 50
21 90 39
21 91 91
21 92 53
21 93 33
21 99 25
22 0 14
22 1 39
22 2 8
22 3 77
22 5 56
22 6 99
22 8 44
22 10 45
22 11 51
22 12 78
22 14 46
22 15 15
22 18 20
22 21 27
22 24 88
22 26 9
22 27 81
22 28 36
22 33 93
22 34 16
22 39 85
22 43 74
22 44 24
22 45 72
22 46 57
22 48 12
22 49 11
22 50 88
22 53 74
22 62 37
22 66 49
22 70 55
22 73 48
22 74 55
22 75 84
22 76 62
22 78 31
22 79 52
22 80 66
22 84 23
22 87 37
22 88 9
22 89 58
22 90 62
22 95 76
22 96 72
22 98 83
22 99 19
23 1 24
23 5 65
23 9 64
23 12 98
23 13 37
23 14 97
23 15 89
23 17 79
23 19 27
23 22 23
23 28 95
23 29 11
23 30 24
23 32 57
23 33 89
23 34 1
23 35 12
23 37 92
23 41 18
23 44 71
23 45 58
23 46 74
23 47 48
23 53 62
23 57 75
23 58 59
23 61 70
23 62 96
23 63 45
23 64 5
23 65 79
23 66 20
23 67 64
23 68 34
23 72 49
23 73 38
23 74 38
23 75 16
23 80 68
23 81 27
23 83 34
23 86 74
23 87 27
23 89 96
23 91 24
23 93 46
23 94 86
24 0 47
24 3 11
24 10 94
24 15 42
24 16 56
24 17 95
24 18 43
24 20 82
24 22 89
24 23 73
24 27 43
24 29 9
24 30 1
24 39 50
24 40 67
24 42 44
24 43 51
24 44 55
24 45 92
24 49 90
24 53 74
24 56 64
24 58 28
24 62 4
24 63 90
24 64 14
24 65 39
24 67 35
24 68 97
24 72 27
24 73 1
24 74 41
24 77 100
24 81 21
24 82 94
24 83 67
24 84 6
24 85 11
24 87 20
24 92 36
24 95 9
24 96 14
24 99 65
25 1 56
25 2 50
25 7 24
25 9 8
25 14 46
25 15 26
25 16 33
25 17 38
25 23 73
25 26 2
25 28 73
25 29 81
25 33 44
25 34 98
25 39 99
25 42 25
25 43 94
25 46 8
25 47 16
25 49 93
25 50 15
25 51 44
25 52 54
25 53 12
25 55 26
25 57 6
25 60 79
25 61 51
25 62 86
25 63 60
25 66 86
25 68 28
25 69 18
25 70 96
25 71 49
25 72 10
25 73 79
25 74 96
25 75 2
25 78 91
25 79 20
25 80 64
25 81 64
25 83 88
25 84 47
25 85 15
25 89 13
25 93 87
25 94 12
25 95 92
25 98 19
25 99 64
26 0 33
26 2 74
26 3 33
26 5 4
26 9 37
26 10 9
26 11 2
26 12 48
26 13 18
26 14 2
26 15 94
26 18 67
26 19 1
26 22 6
26 24 92
26 28 12
26 29 91
26 30 20
26 32 74
26 33 41
26 35 26
26 38 77
26 39 74
26 40 7
26 41 52
26 42 54
26 43 19
26 47 17
26 48 3
26 51 74
26 52 86
26 55 25
26 59 23
26 61 91
26 63 94
26 66 10
26 67 86
26 69 31
26 70 66
26 72 15
26 73 70
26 74 19
26 75 92
26 77 54
26 80 96
26 81 28
26 83 81
26 84 18
26 85 20
26 86 55
26 87 54
26 90 94
26 93 24
26 94 67
26 95 7
26 98 36
26 99 100
27 0 84
27 3 88
27 5 78
27 6 45
27 11 54
27 13 8
27 14 5
27 15 41
27 16 30
27 19 19
27 20 38
27 21 67
27 24 26
27 25 25
27 28 40
27 30 78
27 32 48
27 35 2
27 37 47
27 38 3
27 40 59
27 42 59
27 45 44
27 46 21
27 48 39
27 49 99
27 63 45
27 66 55
27 67 55
27 71 90
27 73 91
27 76 33
27 77 39
27 79 57
27 80 45
27 81 63
27 83 70
27 85 44
27 86 57
27 87 76
27 88 81
27 89 54
27 91 46
28 0 29
28 5 93
28 6 24
28 7 99
28 10 59
28 11 35
28 12 34
28 14 58
28 17 82
28 19 93
28 20 60
28 23 5
28 25 33
28 26 80
28 29 19
28 30 78
28 32 52
28 33 24
28 34 22
28 36 64
28 37 93
28 38 94
28 39 86
28 40 93
28 41 61
28 42 56
28 44 80
28 45 42
28 48 11
28 50 53
28 51 92
28 55 35
28 57 31
28 58 61
28 60 70
28 61 4
28 65 71
28 66 33
28 67 70
28 71 93
28 73 55
28 74 31
28 75 61
28 81 96
28 87 17
28 88 92
28 89 5
28 90 44
28 92 92
28 94 33
28 96 48
29 0 15
29 1 67
29 4 86
29 6 14
29 9 72
29 10 39
29 12 81
29 14 82
29 17 93
29 18 13
29 19 63
29 20 12
29 22 46
29 23 100
29 25 93
29 27 87
29 30 43
29 33 1
29 35 96
29 36 3
29 37 94
29 38 7
29 39 65
29 47 63
29 48 13
29 49 54
29 50 83
29 51 68
29 52 90
29 53 27
29 56 51
29 57 45
29 58 19
29 59 92
29 62 70
29 64 17
29 66 27
29 67 2
29 68 62
29 69 1
29 74 73
29 75 85
29 77 32
29 79 10
29 81 79
29 82 51
29 83 77
29 85 2
29 87 35
29 89 24
29 90 71
29 92 17
29 94 69
29 95 87
29 96 6
30 1 33
30 2 6
30 3 78
30 4 58
30 5 32
30 6 22
30 8 54
30 10 30
30 12 19
30 13 11
30 14 17
30 19 49
30 21 21
30 22 55
30 24 23
30 25 93
30 28 34
30 29 55
30 35 84
30 37 50
30 38 61
30 39 55
30 42 49
30 44 32
30 45 17
30 46 73
30 51 98
30 52 38
30 53 87
30 56 58
30 57 48
30 59 13
30 62 34
30 64 25
30 66 34
30 67 87
30 69 77
30 77 63
30 78 90
30 81 92
30 83 77
30 85 99
30 86 41
30 87 68
30 88 61
30 90 75
30 93 33
30 94 1
30 97 29
30 99 50
32 6 81
32 10 86
32 11 69
32 15 51
32 18 86
32 19 77
32 21 47
32 23 17
32 25 53
32 26 98
32 27 67
32 29 24
32 30 13
32 35 95
32 37 27
32 38 1
32 40 61
32 41 40
32 44 2
32 45 16
32 46 96
32 48 24
32 51 87
32 52 41
32 53 42
32 58 19
32 61 24
32 65 95
32 69 13
32 71 57
32 78 2
32 80 68
32 81 23
32 82 90
32 83 64
32 85 96
32 86 37
32 87 36
32 89 94
32 91 48
32 92 19
32 94 1
32 95 77
32 96 52
32 98 96
33 0 70
33 1 87
33 5 65
33 8 73
33 9 9
33 13 45
33 14 81
33 15 68
33 16 42
33 18 73
33 19 88
33 22 69
33 23 10
33 25 83
33 28 38
33 32 38
33 35 72
33 36 63
33 37 22
33 38 58
33 40 29
33 42 30
33 43 47
33 44 70
33 45 8
33 48 33
33 50 72
33 52 91
33 53 51
33 58 68
33 59 48
33 62 48
33 64 67
33 66 72
33 67 11
33 71 2
33 72 92
33 77 55
33 78 19
33 79 1
33 86 40
33 87 65
33 88 69
33 91 80
33 93 94
33 97 59
33 98 13
34 1 100
34 2 16
34 3 20
34 6 81
34 7 79
34 10 26
34 13 11
34 14 74
34 15 27
34 17 40
34 18 14
34 23 16
34 27 20
34 28 40
34 37 23
34 39 90
34 41 76
34 43 8
34 45 6
34 51 49
34 53 17
34 66 99
34 67 27
34 69 12
34 71 35
34 72 18
34 75 93
34 76 48
34 78 100
34 81 23
34 83 53
34 84 2
34 85 5
34 87 15
34 88 35
34 92 71
34 97 54
35 0 49
35 1 57
35 5 28
35 7 4
35 8 82
35 9 32
35 10 37
35 14 19
35 15 20
35 16 35
35 17 89
35 23 62
35 24 85
35 25 20
35 32 32
35 33 78
35 34 65
35 37 74
35 38 81
35 40 12
35 43 2
35 44 7
35 45 76
35 46 24
35 47 43
35 49 70
35 55 55
35 56 38
35 58 57
35 60 86
35 63 33
35 65 1
35 69 38
35 71 43
35 72 56
35 73 58
35 75 55
35 76 53
35 77 65
35 78 86
35 79 68
35 86 81
35 87 74
35 88 55
35 91 29
35 92 58
35 93 96
35 96 40
35 97 21
35 99 49
36 0 7
36 2 56
36 3 98
36 4 77
36 5 6
36 6 20
36 9 3
36 11 84
36 12 66
36 15 59
36 16 88
36 17 75
36 20 55
36 21 49
36 23 58
36 25 3
36 26 54
36 30 89
36 32 31
36 33 40
36 34 24
36 37 15
36 38 31
36 39 74
36 41 53
36 42 74
36 43 4
36 46 42
36 48 60
36 49 90
36 50 30
36 53 59
36 57 97
36 58 30
36 59 71
36 60 52
36 61 43
36 62 40
36 63 45
36 64 42
36 65 53
36 66 62
36 68 61
36 70 48
36 74 22
36 75 7
36 79 84
36 82 87
36 87 94
36 90 6
36 91 15
36 92 4
36 93 28
36 96 72
36 99 85
37 0 69
37 2 23
37 3 18
37 4 47
37 5 1
37 9 57
37 11 53
37 13 52
37 14 24
37 16 92
37 18 58
37 20 11
37 22 22
37 23 60
37 25 30
37 26 88
37 29 79
37 32 22
37 33 57
37 35 95
37 38 54
37 39 8
37 43 88
37 47 70
37 55 32
37 56 12
37 59 32
37 60 73
37 62 25
37 63 81
37 66 23
37 67 31
37 75 78
37 76 14
37 81 48
37 82 98
37 87 87
37 88 1
37 89 82
37 92 28
37 95 95
37 98 51
37 99 86
38 0 97
38 1 91
38 2 69
38 6 79
38 9 12
38 12 93
38 13 42
38 14 79
38 15 36
38 16 57
38 19 81
38 21 58
38 24 92
38 25 35
38 26 73
38 27 65
38 35 93
38 37 50
38 39 2
38 41 67
38 42 30
38 44 75
38 46 88
38 50 88
38 51 97
38 55 7
38 56 37
38 57 42
38 58 82
38 59 51
38 60 81
38 61 68
38 62 36
38 63 76
38 64 42
38 66 14
38 67 88
38 68 42
38 69 68
38 70 32
38 71 19
38 72 67
38 73 93
38 74 10
38 76 50
38 79 82
38 82 64
38 83 81
38 85 28
38 88 61
38 89 72
38 90 2
38 95 18
38 96 17
38 98 24
39 0 11
39 1 64
39 4 84
39 6 62
39 7 96
39 9 83
39 11 94
39 12 74
39 14 43
39 15 8
39 16 84
39 17 75
39 18 21
39 19 12
39 20 41
39 21 20
39 22 94
39 24 8
39 25 82
39 26 6
39 27 94
39 29 44
39 30 40
39 33 59
39 34 57
39 35 66
39 36 43
39 38 42
39 40 60
39 43 25
39 51 54
39 52 81
39 55 7
39 57 99
39 58 13
39 59 69
39 60 87
39 61 56
39 62 7
39 64 2
39 65 24
39 66 62
39 69 86
39 70 62
39 72 28
39 73 1
39 77 76
39 85 18
39 86 72
39 88 83
39 90 60
39 92 76
39 95 84
39 96 59
39 97 80
39 99 22
40 3 52
40 5 91
40 6 38
40 8 74
40 9 54
40 12 41
40 13 20
40 15 76
40 16 25
40 18 10
40 19 14
40 20 11
40 21 46
40 24 24
40 30 19
40 32 66
40 33 75
40 34 12
40 35 57
40 43 3
40 44 85
40 45 62
40 47 14
40 51 13
40 53 69
40 55 66
40 59 61
40 61 26
40 62 33
40 65 9
40 67 86
40 69 33
40 71 3
40 72 15
40 75 76
40 78 69
40 79 23
40 84 34
40 86 33
40 87 25
40 89 99
40 91 23
40 93 84
40 94 100
40 95 5
40 96 63
40 97 84
40 99 43
41 0 81
41 2 54
41 4 17
41 5 33
41 6 94
41 7 47
41 9 4
41 10 64
41 12 79
41 13 34
41 14 75
41 16 92
41 17 54
41 18 11
41 19 12
41 22 47
41 23 47
41 25 7
41 28 21
41 29 37
41 30 40
41 32 79
41 34 47
41 39 87
41 46 20
41 47 51
41 49 24
41 50 23
41 52 7
41 55 46
41 56 73
41 58 75
41 59 58
41 61 8
41 62 72
41 63 54
41 65 78
41 67 69
41 70 29
41 71 96
41 72 41
41 74 75
41 75 7
41 76 33
41 77 80
41 78 87
41 79 59
41 80 41
41 81 54
41 83 96
41 84 36
41 85 3
41 86 91
41 87 19
41 88 41
41 89 97
41 90 59
41 91 20
41 92 63
41 95 76
41 97 92
42 1 2
42 5 46
42 9 100
42 11 30
42 13 92
42 14 83
42 16 56
42 18 64
42 19 64
42 20 79
42 23 34
42 24 98
42 29 55
42 30 92
42 32 95
42 33 22
42 35 62
42 37 44
42 39 39
42 40 67
42 47 77
42 48 98
42 49 37
42 50 20
42 51 50
42 53 85
42 58 10
42 61 77
42 62 67
42 65 90
42 69 3
42 70 64
42 71 2
42 75 19
42 76 98
42 77 72
42 82 93
42 84 89
42 85 98
42 86 8
42 87 82
42 88 61
42 89 24
42 90 43
42 91 93
42 92 28
42 93 44
42 94 4
42 96 48
42 98 38
43 2 37
43 4 74
43 6 100
43 7 90
43 10 9
43 12 16
43 13 26
43 14 12
43 15 3
43 16 24
43 22 62
43 23 76
43 26 21
43 28 55
43 33 66
43 34 72
43 36 19
43 37 60
43 38 86
43 39 85
43 46 59
43 51 14
43 52 87
43 55 94
43 56 89
43 58 71
43 59 74
43 60 50
43 62 80
43 63 94
43 64 19
43 65 42
43 66 50
43 67 42
43 69 73
43 70 50
43 72 79
43 73 21
43 74 57
43 76 76
43 77 33
43 80 10
43 84 97
43 87 54
43 91 28
43 95 32
43 96 100
43 99 63
44 2 23
44 3 43
44 4 36
44 5 75
44 6 34
44 9 47
44 12 41
44 16 18
44 18 47
44 19 12
44 20 8
44 21 15
44 23 25
44 26 22
44 29 26
44 30 42
44 33 10
44 34 2
44 35 3
44 37 7
44 38 3
44 39 66
44 40 46
44 41 31
44 42 41
44 43 79
44 45 75
44 46 31
44 50 68
44 51 13
44 53 25
44 57 14
44 59 32
44 60 80
44 63 74
44 64 65
44 65 59
44 67 63
44 68 99
44 69 67
44 70 100
44 71 46
44 72 55
44 75 91
44 77 20
44 80 75
44 81 93
44 82 74
44 85 24
44 87 89
44 88 23
44 89 26
44 90 99
44 97 39
44 98 27
45 0 7
45 1 49
45 2 47
45 3 65
45 4 97
45 5 17
45 10 78
45 11 12
45 14 93
45 15 22
45 18 82
45 19 39
45 22 92
45 23 31
45 25 34
45 26 84
45 27 5
45 28 67
45 29 92
45 33 17
45 36 24
45 37 19
45 38 53
45 39 51
45 43 73
45 50 70
45 51 43
45 55 85
45 56 82
45 59 41
45 61 93
45 65 13
45 69 6
45 70 45
45 71 26
45 72 53
45 75 86
45 77 96
45 79 27
45 82 29
45 84 53
45 85 46
45 88 44
45 89 89
45 91 74
45 92 30
45 93 81
45 97 5
45 99 3
46 0 7
46 1 27
46 2 90
46 3 71
46 6 42
46 8 58
46 9 48
46 10 30
46 12 82
46 13 94
46 15 93
46 18 83
46 23 23
46 25 3
46 27 64
46 30 6
46 32 56
46 33 76
46 34 5
46 35 21
46 37 28
46 38 23
46 40 65
46 41 81
46 43 25
46 45 17
46 48 75
46 52 100
46 53 1
46 55 77
46 57 46
46 60 17
46 63 20
46 64 85
46 69 55
46 70 97
46 73 40
46 74 55
46 75 84
46 80 9
46 81 34
46 82 77
46 85 67
46 87 97
46 88 19
46 89 93
46 90 4
46 91 1
46 92 34
46 95 96
46 96 13
46 97 27
46 98 55
47 1 21
47 2 1
47 3 18
47 6 20
47 7 66
47 10 29
47 18 18
47 19 68
47 21 13
47 22 10
47 23 100
47 25 95
47 26 60
47 27 70
47 28 11
47 32 13
47 33 93
47 39 50
47 41 50
47 42 31
47 43 54
47 44 2
47 45 83
47 46 69
47 50 63
47 51 99
47 53 53
47 56 73
47 57 63
47 59 88
47 64 17
47 66 58
47 67 86
47 69 47
47 71 92
47 72 38
47 73 72
47 75 18
47 77 7
47 80 76
47 82 12
47 85 56
47 88 48
47 89 75
47 92 48
47 93 84
47 96 44
47 99 41
48 0 42
48 1 5
48 4 14
48 6 85
48 7 25
48 9 16
48 10 87
48 11 100
48 12 92
48 14 4
48 16 9
48 17 33
48 18 7
48 19 94
48 27 68
48 28 89
48 29 76
48 30 80
48 32 43
48 35 2
48 36 40
48 37 56
48 39 52
48 40 19
48 41 11
48 42 75
48 46 64
48 47 70
48 49 79
48 51 68
48 52 95
48 53 48
48 55 19
48 57 73
48 61 33
48 62 80
48 63 29
48 65 93
48 67 56
48 69 95
48 71 20
48 76 59
48 78 40
48 79 24
48 81 12
48 82 21
48 83 100
48 86 89
48 87 12
48 88 53
48 89 72
48 91 7
48 92 12
48 93 20
48 94 1
48 95 32
48 96 5
48 97 75
48 98 85
49 0 95
49 2 34
49 4 33
49 5 77
49 6 30
49 7 81
49 8 23
49 10 96
49 11 32
49 12 67
49 13 46
49 17 33
49 18 24
49 19 20
49 23 29
49 24 81
49 25 5
49 26 34
49 28 82
49 30 45
49 37 42
49 39 24
49 42 39
49 44 64
49 45 70
49 46 29
49 48 40
49 51 68
49 52 62
49 59 4
49 60 100
49 62 10
49 64 54
49 65 2
49 66 32
49 67 17
49 72 60
49 75 5
49 76 34
49 77 18
49 78 76
49 80 73
49 82 88
49 84 2
49 86 23
49 88 67
49 89 79
49 92 8
49 94 98
49 98 85
49 99 65
50 1 58
50 4 76
50 5 67
50 6 79
50 8 89
50 9 18
50 10 96
50 11 55
50 12 23
50 14 26
50 15 48
50 18 75
50 21 53
50 30 61
50 32 58
50 33 28
50 34 20
50 43 69
50 44 81
50 45 88
50 46 74
50 48 23
50 52 96
50 57 5
50 58 40
50 66 28
50 67 91
50 73 45
50 75 12
50 76 26
50 78 36
50 81 73
50 82 99
50 83 62
50 87 72
50 89 74
50 90 72
50 91 92
50 92 9
50 94 96
50 96 78
50 99 32
51 0 4
51 1 11
51 2 71
51 7 18
51 9 8
51 10 68
51 14 68
51 17 93
51 19 53
51 20 79
51 21 81
51 22 46
51 23 84
51 25 21
51 29 74
51 30 49
51 34 3
51 38 95
51 40 38
51 41 46
51 42 54
51 46 85
51 47 70
51 48 31
51 52 66
51 56 19
51 58 86
51 61 72
51 62 71
51 63 65
51 64 93
51 67 38
51 68 62
51 71 34
51 73 38
51 78 59
51 79 99
51 86 11
51 87 39
51 94 3
51 99 25
52 0 35
52 1 43
52 2 98
52 3 48
52 4 57
52 7 99
52 9 70
52 11 48
52 13 86
52 16 90
52 19 74
52 22 81
52 23 9
52 25 7
52 26 78
52 27 48
52 28 83
52 32 10
52 35 75
52 36 23
52 38 60
52 39 21
52 43 95
52 44 45
52 45 93
52 47 54
52 49 2
52 50 44
52 55 30
52 56 52
52 58 36
52 60 17
52 64 90
52 66 21
52 67 15
52 70 94
52 73 89
52 74 20
52 76 36
52 77 44
52 80 45
52 81 69
52 83 94
52 85 23
52 88 42
52 89 71
52 94 5
52 95 80
52 97 46
52 99 58
53 1 8
53 3 67
53 4 93
53 9 62
53 10 62
53 11 53
53 12 35
53 13 100
53 18 42
53 20 71
53 24 26
53 25 69
53 26 49
53 28 84
53 32 75
53 34 74
53 35 83
53 36 45
53 37 85
53 38 15
53 39 73
53 40 72
53 42 44
53 43 81
53 45 11
53 47 82
53 48 19
53 51 66
53 55 84
53 56 94
53 57 59
53 61 51
53 62 56
53 63 36
53 65 89
53 67 90
53 68 67
53 69 51
53 70 6
53 71 10
53 73 17
53 74 68
53 76 46
53 78 10
53 80 30
53 83 12
53 86 65
53 89 82
53 90 50
53 91 35
53 93 64
53 95 82
53 96 63
55 1 71
55 2 38
55 3 82
55 4 62
55 5 26
55 6 75
55 8 72
55 11 53
55 12 65
55 16 64
55 17 78
55 18 29
55 21 80
55 26 92
55 32 30
55 33 46
55 34 15
55 35 60
55 37 85
55 38 69
55 39 39
55 42 88
55 44 41
55 50 96
55 51 91
55 52 8
55 56 19
55 57 83
55 58 48
55 60 26
55 63 89
55 64 23
55 65 87
55 66 9
55 67 100
55 68 47
55 69 67
55 71 90
55 74 46
55 77 64
55 80 20
55 82 11
55 88 35
55 89 90
55 90 92
55 95 35
55 98 99
56 1 30
56 2 2
56 3 29
56 4 8
56 5 85
56 7 23
56 8 31
56 10 45
56 11 6
56 12 85
56 13 19
56 15 39
56 16 20
56 20 82
56 22 6
56 24 59
56 28 93
56 29 51
56 32 67
56 33 82
56 39 18
56 40 34
56 41 18
56 43 82
56 44 61
56 45 21
56 48 70
56 49 30
56 50 96
56 52 25
56 53 69
56 58 73
56 60 62
56 61 68
56 62 54
56 65 45
56 70 79
56 74 49
56 78 30
56 79 1
56 80 56
56 82 28
56 83 55
56 87 88
56 88 55
56 92 98
56 96 32
56 97 74
57 3 58
57 5 35
57 6 98
57 8 38
57 10 48
57 11 91
57 12 78
57 13 37
57 14 53
57 18 87
57 19 43
57 22 56
57 24 26
57 26 7
57 30 4
57 33 9
57 34 4
57 37 86
57 39 38
57 43 25
57 47 57
57 50 55
57 51 67
57 55 25
57 60 13
57 61 15
57 62 74
57 63 43
57 64 6
57 67 69
57 68 30
57 69 22
57 70 61
57 72 18
57 73 67
57 74 42
57 75 46
57 78 36
57 81 83
57 82 96
57 91 40
57 93 9
57 96 13
57 97 31
57 98 49
58 1 11
58 2 76
58 3 39
58 8 88
58 9 86
58 11 68
58 13 9
58 14 61
58 17 44
58 19 57
58 20 20
58 26 55
58 30 5
58 33 77
58 35 14
58 36 33
58 37 78
58 40 24
58 41 24
58 45 52
58 47 40
58 48 23
58 49 37
58 50 14
58 51 38
58 53 48
58 56 14
58 57 30
58 61 10
58 63 86
58 64 52
58 68 19
58 69 89
58 70 2
58 74 46
58 76 98
58 78 31
58 79 98
58 80 48
58 84 68
58 86 16
58 87 75
58 90 37
58 92 54
58 93 79
59 0 5
59 2 7
59 7 58
59 9 21
59 10 97
59 12 20
59 13 5
59 14 65
59 15 99
59 16 33
59 17 53
59 20 67
59 23 30
59 26 9
59 28 66
59 29 41
59 30 7
59 33 22
59 34 92
59 35 79
59 37 63
59 39 9
59 41 65
59 42 25
59 43 87
59 45 37
59 46 35
59 48 61
59 51 44
59 55 8
59 56 29
59 64 73
59 65 6
59 66 37
59 67 36
59 68 53
59 70 8
59 72 29
59 74 25
59 81 82
59 82 38
59 83 58
59 86 5
59 88 38
59 90 6
59 91 63
59 93 12
59 96 30
59 97 48
59 98 8
59 99 42
60 3 53
60 6 32
60 7 27
60 11 62
60 13 95
60 14 57
60 17 31
60 20 85
60 23 65
60 24 30
60 27 83
60 29 22
60 30 21
60 32 90
60 37 67
60 38 58
60 39 81
60 41 55
60 44 35
60 48 81
60 49 22
60 50 28
60 52 84
60 55 94
60 57 31
60 58 90
60 59 79
60 61 69
60 64 49
60 66 69
60 68 45
60 69 59
60 70 16
60 71 94
60 75 63
60 80 15
60 82 16
60 83 44
60 84 100
60 86 56
60 88 70
60 90 41
60 96 31
60 97 97
61 1 4
61 2 58
61 3 94
61 4 96
61 6 85
61 7 44
61 8 20
61 10 20
61 11 10
61 16 64
61 18 28
61 20 23
61 21 44
61 28 77
61 29 24
61 30 98
61 32 74
61 33 8
61 34 62
61 38 78
61 39 40
61 40 79
61 41 55
61 42 87
61 44 70
61 45 71
61 46 52
61 48 34
61 50 53
61 53 64
61 55 37
61 57 64
61 60 32
61 62 60
61 66 99
61 68 23
61 69 44
61 70 86
61 71 54
61 72 55
61 73 39
61 76 26
61 78 83
61 79 81
61 81 80
61 83 28
61 85 53
61 86 92
61 88 55
61 90 99
61 91 35
61 92 66
61 95 56
62 1 82
62 3 31
62 4 42
62 7 29
62 10 78
62 15 29
62 16 70
62 18 34
62 19 68
62 20 64
62 21 50
62 23 42
62 24 47
62 28 53
62 30 30
62 34 16
62 35 39
62 39 18
62 42 40
62 43 69
62 44 89
62 45 89
62 46 82
62 51 22
62 53 30
62 56 86
62 61 93
62 64 60
62 66 62
62 68 23
62 72 89
62 77 20
62 82 38
62 84 74
62 86 72
62 87 37
62 88 63
62 89 96
62 94 92
62 95 90
62 97 89
62 98 96
62 99 46
63 1 22
63 3 41
63 6 29
63 10 96
63 11 83
63 12 64
63 15 90
63 16 58
63 17 38
63 18 38
63 20 67
63 21 41
63 27 6
63 28 85
63 32 30
63 33 78
63 34 97
63 35 36
63 40 37
63 41 97
63 43 35
63 45 60
63 46 83
63 48 1
63 50 14
63 53 35
63 55 38
63 57 77
63 58 55
63 64 98
63 65 85
63 69 96
63 72 23
63 73 15
63 75 58
63 76 26
63 78 37
63 80 4
63 82 99
63 83 21
63 85 14
63 86 28
63 89 40
63 91 75
63 92 10
63 93 69
63 95 47
63 97 5
63 99 46
64 3 63
64 4 52
64 5 12
64 7 76
64 8 4
64 9 38
64 13 32
64 14 90
64 16 57
64 18 50
64 21 54
64 27 1
64 33 21
64 34 99
64 35 17
64 37 64
64 39 72
64 40 26
64 42 41
64 46 98
64 47 48
64 48 39
64 49 30
64 55 34
64 57 2
64 59 47
64 60 6
64 61 98
64 66 93
64 68 90
64 69 74
64 70 4
64 71 36
64 74 85
64 75 4
64 76 99
64 78 25
64 79 47
64 82 21
64 84 6
64 86 20
64 87 42
64 90 64
64 93 67
64 94 51
64 98 83
65 1 36
65 3 72
65 4 17
65 6 27
65 7 94
65 8 81
65 9 86
65 11 95
65 12 93
65 14 97
65 16 40
65 19 31
65 20 45
65 21 60
65 23 93
65 25 70
65 26 37
65 27 80
65 28 67
65 29 81
65 32 71
65 33 38
65 38 44
65 41 42
65 43 59
65 46 32
65 49 8
65 56 41
65 58 32
65 63 46
65 64 45
65 66 29
65 68 1
65 71 24
65 75 74
65 77 4
65 80 59
65 84 50
65 85 70
65 86 88
65 87 97
65 88 37
65 91 97
65 97 95
65 98 71
66 1 17
66 5 80
66 6 98
66 11 21
66 12 82
66 13 83
66 15 61
66 16 11
66 17 32
66 19 73
66 21 44
66 24 30
66 25 45
66 26 79
66 29 79
66 30 46
66 36 20
66 38 50
66 40 100
66 41 46
66 42 67
66 45 59
66 48 26
66 49 72
66 50 48
66 51 76
66 53 2
66 56 29
66 58 49
66 59 97
66 61 96
66 62 44
66 63 9
66 65 89
66 69 44
66 70 96
66 71 15
66 72 31
66 73 40
66 74 49
66 76 62
66 77 70
66 79 11
66 83 1
66 84 86
66 87 70
66 89 43
66 90 62
66 91 67
66 93 14
66 94 23
66 95 55
66 96 54
66 97 92
67 1 14
67 3 99
67 7 34
67 10 6
67 11 65
67 13 83
67 14 35
67 16 25
67 17 13
67 19 84
67 21 64
67 24 12
67 27 80
67 30 28
67 32 66
67 33 41
67 35 46
67 37 68
67 38 2
67 39 18
67 43 10
67 45 7
67 47 28
67 48 99
67 51 82
67 52 25
67 53 22
67 55 58
67 57 88
67 61 99
67 62 87
67 63 91
67 64 85
67 65 49
67 66 2
67 69 54
67 72 29
67 73 65
67 74 5
67 75 40
67 79 5
67 82 2
67 83 50
67 86 23
67 89 51
67 90 17
67 92 33
67 94 60
67 95 9
67 96 39
67 98 26
67 99 89
68 0 80
68 3 43
68 7 26
68 11 98
68 13 96
68 16 56
68 17 32
68 20 9
68 25 24
68 30 74
68 32 95
68 33 24
68 34 72
68 35 6
68 39 13
68 40 39
68 41 28
68 43 41
68 44 30
68 47 28
68 49 73
68 51 58
68 52 27
68 53 13
68 55 46
68 57 65
68 61 12
68 62 42
68 63 73
68 66 60
68 67 64
68 70 20
68 71 4
68 74 66
68 75 3
68 76 28
68 77 27
68 78 96
68 81 43
68 82 16
68 86 97
68 87 4
68 89 9
68 90 81
68 92 70
68 93 12
68 94 89
68 96 9
69 1 39
69 4 48
69 7 64
69 9 35
69 10 47
69 20 45
69 22 65
69 23 30
69 24 99
69 25 47
69 26 9
69 29 19
69 33 1
69 34 32
69 35 74
69 44 1
69 46 90
69 47 95
69 49 1
69 50 98
69 52 18
69 56 23
69 57 68
69 59 70
69 60 22
69 65 61
69 68 61
69 76 44
69 79 17
69 81 85
69 83 77
69 88 61
69 89 54
69 94 22
69 96 79
70 2 73
70 3 92
70 4 35
70 6 83
70 8 21
70 10 78
70 11 71
70 12 35
70 15 75
70 16 84
70 18 35
70 21 77
70 23 74
70 24 52
70 27 26
70 28 75
70 29 80
70 33 32
70 34 46
70 35 42
70 37 23
70 38 75
70 39 54
70 40 43
70 44 7
70 45 80
70 46 61
70 47 22
70 49 58
70 51 30
70 53 14
70 55 58
70 56 97
70 57 42
70 59 77
70 61 52
70 65 78
70 66 97
70 69 1
70 71 16
70 72 97
70 74 66
70 79 42
70 80 79
70 82 60
70 83 47
70 85 60
70 87 91
70 94 14
70 95 30
70 96 97
70 97 40
70 99 14
71 1 8
71 2 72
71 4 83
71 6 23
71 8 85
71 9 8
71 15 88
71 17 1
71 18 80
71 20 90
71 21 17
71 25 68
71 27 56
71 30 33
71 32 66
71 33 72
71 35 80
71 38 41
71 39 63
71 40 95
71 43 100
71 44 28
71 47 44
71 48 61
71 49 100
71 51 92
71 58 22
71 59 76
71 60 92
71 62 70
71 63 35
71 64 100
71 67 76
71 69 88
71 70 36
71 72 17
71 73 49
71 74 62
71 75 9
71 76 12
71 77 17
71 78 20
71 80 15
71 83 84
71 87 57
71 89 39
71 99 63
72 3 23
72 5 58
72 6 31
72 11 11
72 13 73
72 14 39
72 16 51
72 17 70
72 19 89
72 20 83
72 21 4
72 22 30
72 23 88
72 24 54
72 25 7
72 26 31
72 27 85
72 28 69
72 29 65
72 30 78
72 32 63
72 33 25
72 37 68
72 40 75
72 42 74
72 43 93
72 47 82
72 50 30
72 52 52
72 56 84
72 57 41
72 58 77
72 61 68
72 63 9
72 73 27
72 76 33
72 78 17
72 80 93
72 81 94
72 82 3
72 85 93
72 86 6
72 87 55
72 90 31
72 91 1
72 98 94
73 2 60
73 4 22
73 5 52
73 8 21
73 10 50
73 12 11
73 15 81
73 17 67
73 20 24
73 22 86
73 25 68
73 26 18
73 27 87
73 29 75
73 30 19
73 33 93
73 36 58
73 41 66
73 43 96
73 44 19
73 46 50
73 50 7
73 53 17
73 55 67
73 56 7
73 57 96
73 58 83
73 60 93
73 63 70
73 64 14
73 66 53
73 67 11
73 68 78
73 75 67
73 76 5
73 83 49
73 87 77
73 91 88
73 92 61
74 4 69
74 5 8
74 7 84
74 10 14
74 11 90
74 14 39
74 16 84
74 19 33
74 22 45
74 24 43
74 26 97
74 28 5
74 29 16
74 32 32
74 33 15
74 35 46
74 36 97
74 39 57
74 43 63
74 46 29
74 48 81
74 50 43
74 51 100
74 55 42
74 56 46
74 57 40
74 62 75
74 63 46
74 66 22
74 68 94
74 69 19
74 70 64
74 71 15
74 73 83
74 75 10
74 78 1
74 80 32
74 84 71
74 86 58
74 87 92
74 88 94
74 89 33
74 90 71
74 91 90
74 94 25
74 95 58
74 97 51
75 1 84
75 2 5
75 3 78
75 4 55
75 6 62
75 7 77
75 9 93
75 10 57
75 11 52
75 14 36
75 15 70
75 19 75
75 22 77
75 23 73
75 25 27
75 26 37
75 29 40
75 30 22
75 32 58
75 35 45
75 36 83
75 37 29
75 39 34
75 41 19
75 53 12
75 55 76
75 58 44
75 59 73
75 60 25
75 61 64
75 63 15
75 68 77
75 70 84
75 71 23
75 76 53
75 77 89
75 78 21
75 79 31
75 84 42
75 86 73
75 88 42
75 89 54
75 92 9
75 93 42
75 97 79
75 99 81
76 0 1
76 1 79
76 3 1
76 7 64
76 11 32
76 12 23
76 13 12
76 15 18
76 16 28
76 17 76
76 18 53
76 19 27
76 21 70
76 22 76
76 23 23
76 24 11
76 25 42
76 26 43
76 28 72
76 30 42
76 35 10
76 38 3
76 40 92
76 41 87
76 45 78
76 46 45
76 47 72
76 48 31
76 49 96
76 50 68
76 52 66
76 53 29
76 57 72
76 59 87
76 62 5
76 63 24
76 67 86
76 68 68
76 71 13
76 74 83
76 75 42
76 79 81
76 81 66
76 82 60
76 86 89
76 87 49
76 90 37
76 94 89
76 95 47
77 2 97
77 3 73
77 4 94
77 8 20
77 11 87
77 12 70
77 13 68
77 20 9
77 23 80
77 24 24
77 25 80
77 27 31
77 29 69
77 32 18
77 33 4
77 34 10
77 35 98
77 36 95
77 37 68
77 39 67
77 40 68
77 41 71
77 44 66
77 45 92
77 46 52
77 49 45
77 51 68
77 53 6
77 55 41
77 56 65
77 57 63
77 58 67
77 61 86
77 62 22
77 63 55
77 64 11
77 69 81
77 70 53
77 71 92
77 75 83
77 76 9
77 78 4
77 79 27
77 80 87
77 82 4
77 85 89
77 87 54
77 88 10
77 91 16
77 92 18
77 93 82
77 95 21
77 97 89
77 99 86
78 0 37
78 3 72
78 5 26
78 17 54
78 18 90
78 19 73
78 21 35
78 22 56
78 23 87
78 26 69
78 29 11
78 30 59
78 32 45
78 33 27
78 35 21
78 37 10
78 38 58
78 43 47
78 45 91
78 47 58
78 48 92
78 50 35
78 55 1
78 56 48
78 60 85
78 63 35
78 64 73
78 65 19
78 67 1
78 69 38
78 72 42
78 74 39
78 75 35
78 77 43
78 79 8
78 80 44
78 81 30
78 84 28
78 85 58
78 87 55
78 88 73
78 90 39
78 91 89
78 94 72
78 96 36
78 97 93
79 1 29
79 2 53
79 5 85
79 6 82
79 7 3
79 8 66
79 9 17
79 10 84
79 11 51
79 13 77
79 14 23
79 15 57
79 17 94
79 18 83
79 19 10
79 20 90
79 23 74
79 28 35
79 29 26
79 32 71
79 33 83
79 35 45
79 36 56
79 38 76
79 41 67
79 42 12
79 45 22
79 47 6
79 48 5
79 49 38
79 51 87
79 52 2
79 55 7
79 57 26
79 61 98
79 62 37
79 64 54
79 65 41
79 66 100
79 70 97
79 71 94
79 75 86
79 76 69
79 80 86
79 81 4
79 83 94
79 86 98
79 87 70
79 88 47
79 90 33
79 91 86
79 92 87
79 93 21
79 94 26
80 1 78
80 4 98
80 7 1
80 12 72
80 13 82
80 14 57
80 15 37
80 16 24
80 17 29
80 19 83
80 21 55
80 22 52
80 27 19
80 28 31
80 29 82
80 30 69
80 35 82
80 36 99
80 42 8
80 43 82
80 44 39
80 45 66
80 47 48
80 49 64
80 51 24
80 52 35
80 55 20
80 57 65
80 58 40
80 60 42
80 63 94
80 65 36
80 66 8
80 68 66
80 70 56
80 71 61
80 73 63
80 75 61
80 76 39
80 77 61
80 81 15
80 82 1
80 83 71
80 88 95
80 93 95
80 94 23
80 98 99
80 99 71
81 1 16
81 2 85
81 4 66
81 5 98
81 7 95
81 9 28
81 10 31
81 11 35
81 14 11
81 15 20
81 16 49
81 17 97
81 18 98
81 19 73
81 20 96
81 25 60
81 26 12
81 29 70
81 34 28
81 36 74
81 37 17
81 39 71
81 40 32
81 41 76
81 42 44
81 44 5
81 45 58
81 46 58
81 47 48
81 51 72
81 52 38
81 53 91
81 55 44
81 61 46
81 63 29
81 68 16
81 70 88
81 73 55
81 75 70
81 78 25
81 80 16
81 82 9
81 83 81
81 84 70
81 86 19
81 88 14
81 90 15
81 91 36
81 92 39
81 94 75
81 95 22
81 96 44
81 97 38
81 98 11
82 0 76
82 1 47
82 3 10
82 6 5
82 7 80
82 9 5
82 10 84
82 11 91
82 15 64
82 16 27
82 19 53
82 20 86
82 21 12
82 23 53
82 30 33
82 37 86
82 43 62
82 44 45
82 45 76
82 50 22
82 55 17
82 56 69
82 57 49
82 60 61
82 61 86
82 62 71
82 63 34
82 66 62
82 68 71
82 70 22
82 77 22
82 78 92
82 79 28
82 86 97
82 91 35
82 92 38
82 93 96
82 97 73
83 0 60
83 5 72
83 7 65
83 8 7
83 9 96
83 10 16
83 11 3
83 12 11
83 13 46
83 16 44
83 18 61
83 19 21
83 20 32
83 21 41
83 22 93
83 23 7
83 24 97
83 27 48
83 29 15
83 33 21
83 34 7
83 36 67
83 37 31
83 39 76
83 42 48
83 49 40
83 50 31
83 51 74
83 52 65
83 53 22
83 55 82
83 56 12
83 60 22
83 61 97
83 62 99
83 64 33
83 66 6
83 67 78
83 68 89
83 69 100
83 71 57
83 73 93
83 75 21
83 76 48
83 81 65
83 86 43
83 88 84
83 90 68
83 91 99
83 93 61
83 95 42
83 96 1
84 0 17
84 1 7
84 4 70
84 5 75
84 7 6
84 10 83
84 11 14
84 15 28
84 18 38
84 19 43
84 22 87
84 24 57
84 25 67
84 26 86
84 30 93
84 32 42
84 33 12
84 36 85
84 37 45
84 39 15
84 40 70
84 43 75
84 44 61
84 46 31
84 47 51
84 50 46
84 52 49
84 53 92
84 57 34
84 58 13
84 59 66
84 60 59
84 62 4
84 68 93
84 69 46
84 70 66
84 72 71
84 73 72
84 74 70
84 75 32
84 76 96
84 77 12
84 79 66
84 88 93
84 90 16
84 91 99
84 92 87
84 93 62
84 95 55
84 96 87
84 97 12
84 98 45
85 1 31
85 2 14
85 3 31
85 6 34
85 8 18
85 11 44
85 12 66
85 13 91
85 25 87
85 27 90
85 28 71
85 30 96
85 32 30
85 33 96
85 35 66
85 36 49
85 40 7
85 42 2
85 44 75
85 45 86
85 46 90
85 48 45
85 49 14
85 50 81
85 53 98
85 55 32
85 57 53
85 58 51
85 60 58
85 62 100
85 63 97
85 65 31
85 66 70
85 71 21
85 74 13
85 76 30
85 79 61
85 82 5
85 83 11
85 84 16
85 86 52
85 87 71
85 90 62
85 93 99
85 95 52
85 97 55
85 99 78
86 0 46
86 2 63
86 3 88
86 4 53
86 6 97
86 10 91
86 11 77
86 12 77
86 13 81
86 15 93
86 17 44
86 20 22
86 21 49
86 23 56
86 24 16
86 26 57
86 27 42
86 29 12
86 30 67
86 32 30
86 34 12
86 36 72
86 39 80
86 41 41
86 46 46
86 47 95
86 49 51
86 50 8
86 52 25
86 53 52
86 59 59
86 60 42
86 61 82
86 63 21
86 68 90
86 69 38
86 70 76
86 71 53
86 72 21
86 73 48
86 75 25
86 77 24
86 78 7
86 80 29
86 82 85
86 83 72
86 85 93
86 87 10
86 88 12
86 91 33
86 92 80
86 93 17
86 96 85
86 97 53
86 99 71
87 1 98
87 3 3
87 4 68
87 7 27
87 8 7
87 13 72
87 16 23
87 18 14
87 20 43
87 21 77
87 23 16
87 25 31
87 27 29
87 29 60
87 32 64
87 33 44
87 35 28
87 38 32
87 46 40
87 47 65
87 48 58
87 50 68
87 52 60
87 53 65
87 56 89
87 58 5
87 59 20
87 60 22
87 64 31
87 68 38
87 72 89
87 73 93
87 74 5
87 75 66
87 78 69
87 79 10
87 80 62
87 81 16
87 89 47
87 93 19
87 94 13
87 95 42
87 97 61
87 98 72
87 99 43
88 0 40
88 1 94
88 2 97
88 5 53
88 7 29
88 8 95
88 14 13
88 17 65
88 19 98
88 20 9
88 22 70
88 24 24
88 25 59
88 27 76
88 30 92
88 32 20
88 35 100
88 36 37
88 37 21
88 42 100
88 43 30
88 44 19
88 45 76
88 48 51
88 52 35
88 57 27
88 60 63
88 61 8
88 62 10
88 65 43
88 69 73
88 70 29
88 71 42
88 72 28
88 73 24
88 76 85
88 77 89
88 81 60
88 82 96
88 83 69
88 86 92
88 90 12
88 92 8
88 93 38
88 94 51
88 96 99
89 1 85
89 2 46
89 3 51
89 7 47
89 10 44
89 11 42
89 12 22
89 15 76
89 18 8
89 21 11
89 22 12
89 23 81
89 25 60
89 27 26
89 29 47
89 30 3
89 32 63
89 34 11
89 38 65
89 39 86
89 40 21
89 41 62
89 44 97
89 45 13
89 47 8
89 49 49
89 52 87
89 56 33
89 57 16
89 58 37
89 60 44
89 61 31
89 64 15
89 67 2
89 69 78
89 71 1
89 73 84
89 75 91
89 76 76
89 78 13
89 79 54
89 80 79
89 81 62
89 83 48
89 84 59
89 87 100
89 88 61
89 90 19
89 92 39
89 93 44
89 95 37
89 96 14
89 97 42
89 99 9
90 0 56
90 1 78
90 3 24
90 5 75
90 6 27
90 7 65
90 9 77
90 11 43
90 12 24
90 15 32
90 23 34
90 25 44
90 29 86
90 30 26
90 33 28
90 34 100
90 38 52
90 39 32
90 40 40
90 41 23
90 42 14
90 43 17
90 46 83
90 47 75
90 49 81
90 50 25
90 52 44
90 53 84
90 55 21
90 57 50
90 58 96
90 61 98
90 62 86
90 63 62
90 68 93
90 69 47
90 74 59
90 76 63
90 79 23
90 81 8
90 85 28
90 86 52
90 87 25
90 88 2
90 91 81
90 93 62
90 94 16
90 95 35
90 97 34
90 98 43
91 1 49
91 3 15
91 4 12
91 5 29
91 6 39
91 8 65
91 10 96
91 11 63
91 12 67
91 14 95
91 15 41
91 16 28
91 19 34
91 21 77
91 26 7
91 27 18
91 32 25
91 33 28
91 37 80
91 38 12
91 39 73
91 40 11
91 42 68
91 44 98
91 47 53
91 50 84
91 52 24
91 53 48
91 56 51
91 60 100
91 62 96
91 63 20
91 64 85
91 67 95
91 68 27
91 69 70
91 73 31
91 75 43
91 77 99
91 78 48
91 80 84
91 82 59
91 84 71
91 85 28
91 86 17
91 87 25
91 89 4
91 97 37
91 99 47
92 5 92
92 7 36
92 8 28
92 9 74
92 11 39
92 13 55
92 14 18
92 16 20
92 18 27
92 19 70
92 21 72
92 23 57
92 25 28
92 26 42
92 27 99
92 32 90
92 35 57
92 39 21
92 44 41
92 45 80
92 48 86
92 50 75
92 53 21
92 55 26
92 57 59
92 59 69
92 60 26
92 61 2
92 62 83
92 63 90
92 65 83
92 67 65
92 68 31
92 73 74
92 75 76
92 76 68
92 77 75
92 79 21
92 80 2
92 81 58
92 82 45
92 83 52
92 87 48
92 88 18
92 95 27
92 97 35
93 2 34
93 6 21
93 11 35
93 13 84
93 14 22
93 15 60
93 16 49
93 19 15
93 23 50
93 30 15
93 37 59
93 38 82
93 41 72
93 42 26
93 44 5
93 46 69
93 48 5
93 49 89
93 50 6
93 52 90
93 56 22
93 58 36
93 60 74
93 62 73
93 66 7
93 69 51
93 70 99
93 71 12
93 72 54
93 73 23
93 75 92
93 77 70
93 78 52
93 83 90
93 89 70
93 90 42
93 91 48
93 92 77
93 94 61
93 95 73
93 97 61
94 8 97
94 14 65
94 15 9
94 17 94
94 18 91
94 21 33
94 22 23
94 23 13
94 24 81
94 27 99
94 28 62
94 32 37
94 33 27
94 36 9
94 37 55
94 38 49
94 39 40
94 40 100
94 44 52
94 46 71
94 49 50
94 51 89
94 59 40
94 65 53
94 67 89
94 68 45
94 69 6
94 71 68
94 74 60
94 76 75
94 77 24
94 78 26
94 79 86
94 80 2
94 81 2
94 82 36
94 85 18
94 87 91
94 90 57
94 92 26
94 95 86
94 96 6
94 97 57
94 99 79
95 0 100
95 4 95
95 5 70
95 9 88
95 10 40
95 17 97
95 18 30
95 20 75
95 21 12
95 27 64
95 28 77
95 30 61
95 34 38
95 36 38
95 40 99
95 44 54
95 45 30
95 46 69
95 47 25
95 49 27
95 50 74
95 51 4
95 57 34
95 58 28
95 60 32
95 61 9
95 62 81
95 64 29
95 66 17
95 67 85
95 68 88
95 70 36
95 71 30
95 72 27
95 73 33
95 74 43
95 75 85
95 76 94
95 77 33
95 78 30
95 80 98
95 82 61
95 83 67
95 84 12
95 86 59
95 87 61
95 89 33
95 90 10
95 91 62
95 96 4
95 97 54
95 98 96
96 0 18
96 1 29
96 4 51
96 5 75
96 8 63
96 9 93
96 10 63
96 12 12
96 13 97
96 14 46
96 15 9
96 17 52
96 18 33
96 19 93
96 21 72
96 22 56
96 26 21
96 29 68
96 34 79
96 36 48
96 37 90
96 38 58
96 40 61
96 41 8
96 42 94
96 43 72
96 45 97
96 51 98
96 52 1
96 53 3
96 55 25
96 57 50
96 60 26
96 61 82
96 63 30
96 64 75
96 67 65
96 75 3
96 79 11
96 80 45
96 82 74
96 84 65
96 86 44
96 87 98
96 90 37
96 92 78
96 93 81
96 98 61
96 99 55
97 0 61
97 1 41
97 2 15
97 3 1
97 5 64
97 8 35
97 9 100
97 20 56
97 23 73
97 24 10
97 26 8
97 29 73
97 32 20
97 38 28
97 40 33
97 41 73
97 42 29
97 45 52
97 46 46
97 50 93
97 51 93
97 52 60
97 53 92
97 57 90
97 58 56
97 60 91
97 63 1
97 65 94
97 66 63
97 70 12
97 75 61
97 79 53
97 80 70
97 81 77
97 82 26
97 83 85
97 84 6
97 90 90
97 92 13
97 94 22
98 1 89
98 4 62
98 5 40
98 7 63
98 8 35
98 9 71
98 10 92
98 11 50
98 12 49
98 17 60
98 19 37
98 20 82
98 21 82
98 22 93
98 26 85
98 32 60
98 33 75
98 34 20
98 36 34
98 37 27
98 39 99
98 41 36
98 42 71
98 44 81
98 45 91
98 47 58
98 51 63
98 56 85
98 59 70
98 61 11
98 62 26
98 63 6
98 64 57
98 66 45
98 67 44
98 71 12
98 72 26
98 73 100
98 78 71
98 81 38
98 82 66
98 84 93
98 85 3
98 86 85
98 87 75
98 91 94
98 95 22
98 99 2
99 1 66
99 2 20
99 3 27
99 4 81
99 7 18
99 10 54
99 11 38
99 12 79
99 14 37
99 15 85
99 16 12
99 19 46
99 20 58
99 21 60
99 22 93
99 23 95
99 25 92
99 28 27
99 32 56
99 33 16
99 34 95
99 37 70
99 39 77
99 40 70
99 43 94
99 47 17
99 48 50
99 58 75
99 61 96
99 62 32
99 63 7
99 64 93
99 66 11
99 67 54
99 68 4
99 69 21
99 71 47
99 72 30
99 73 83
99 76 84
99 77 32
99 78 91
99 79 79
99 82 72
99 86 17
99 90 41
99 91 21
99 92 58
99 93 54
99 95 58
99 96 8
99 97 90
54 0 54
54 1 50
54 3 70
54 4 28
54 5 8
54 7 83
54 9 38
54 10 49
54 11 44
54 19 22
54 21 44
54 23 41
54 24 9
54 25 34
54 26 58
54 28 86
54 31 77
54 32 67
54 34 6
54 35 38
54 36 71
54 41 87
54 42 20
54 43 55
54 46 52
54 52 47
54 53 3
54 60 74
54 62 61
54 63 9
54 64 52
54 65 45
54 66 93
54 69 50
54 70 85
54 71 42
54 73 7
54 75 44
54 76 88
54 78 79
54 80 92
54 81 89
54 82 98
54 83 37
54 86 15
54 88 24
54 90 46
54 92 38
54 93 69
54 94 12
54 96 32
54 99 6
0 31 67
1 31 19
2 31 30
3 31 26
8 31 85
9 31 49
10 31 1
11 31 5
12 31 32
13 31 46
20 31 25
21 31 99
23 31 55
24 31 80
26 31 6
27 31 48
30 31 87
32 31 87
34 31 9
35 31 62
38 31 74
40 31 96
43 31 14
45 31 36
47 31 52
49 31 59
50 31 15
52 31 23
53 31 54
58 31 4
59 31 40
60 31 94
62 31 26
63 31 2
64 31 23
65 31 81
68 31 98
70 31 34
72 31 44
73 31 22
75 31 11
76 31 66
77 31 83
79 31 47
80 31 70
81 31 70
82 31 90
90 31 39
95 31 39
96 31 53
97 31 84
