29
34
0 4 35
0 5 2
0 7 87
0 8 18
0 11 62
0 12 41
0 16 21
0 23 23
0 26 12
0 31 85
0 33 47
0 40 93
0 43 24
0 48 68
0 49 76
1 0 8
1 4 7
1 8 73
1 11 27
1 14 48
1 16 52
1 17 90
1 19 41
1 21 49
1 24 83
1 25 63
1 28 77
1 32 45
1 35 30
1 40 65
1 41 82
1 42 94
2 1 5
2 4 74
2 8 79
2 10 34
2 13 39
2 17 19
2 19 41
2 22 74
2 32 23
2 33 41
2 37 74
2 38 48
2 40 45
2 41 23
2 42 50
3 1 61
3 2 97
3 10 31
3 12 88
3 14 100
3 16 55
3 19 47
3 20 14
3 22 69
3 24 59
3 26 30
3 46 68
3 47 17
3 49 19
4 2 35
4 3 19
4 11 99
4 18 81
4 19 51
4 20 56
4 21 16
4 22 19
4 31 23
4 36 5
4 42 94
4 45 63
4 49 3
5 0 47
5 4 84
5 14 35
5 18 96
5 21 92
5 25 50
5 35 71
5 36 88
5 38 4
5 39 32
5 40 5
5 43 2
5 44 88
5 46 84
6 1 13
6 10 16
6 12 18
6 16 2
6 18 61
6 21 75
6 22 26
6 23 34
6 26 70
6 27 97
6 31 79
6 39 99
6 43 6
6 49 83
7 0 89
7 3 47
7 6 57
7 9 18
7 12 64
7 15 57
7 18 7
7 21 96
7 22 45
7 23 39
7 30 28
7 33 90
7 40 66
7 42 65
7 44 90
8 0 24
8 2 16
8 4 94
8 9 15
8 12 32
8 15 12
8 16 57
8 18 38
8 19 2
8 24 15
8 26 73
8 30 83
8 38 80
8 41 85
8 42 14
8 43 66
9 3 24
9 4 3
9 6 83
9 7 72
9 8 3
9 11 32
9 17 51
9 19 60
9 31 11
9 33 8
9 40 64
9 42 22
9 45 46
9 48 33
10 1 47
10 2 97
10 7 80
10 9 79
10 17 83
10 18 24
10 19 36
10 20 70
10 25 10
10 28 7
10 30 72
10 39 55
10 42 69
10 48 84
10 49 87
11 0 54
11 1 100
11 3 7
11 4 15
11 10 7
11 13 34
11 17 64
11 19 35
11 22 83
11 26 40
11 27 100
11 37 62
11 38 4
11 40 97
11 41 2
11 42 21
11 43 76
11 44 27
11 45 76
11 47 37
12 1 51
12 2 51
12 3 66
12 5 92
12 14 54
12 16 59
12 21 11
12 25 40
12 30 66
12 35 18
12 41 14
12 47 55
13 0 57
13 1 35
13 3 71
13 7 31
13 9 26
13 10 88
13 17 50
13 18 38
13 19 66
13 25 5
13 27 82
13 37 67
13 38 94
13 40 33
13 41 5
13 43 24
13 49 19
14 0 35
14 2 73
14 6 86
14 7 68
14 9 45
14 11 23
14 13 34
14 18 38
14 19 98
14 23 40
14 24 65
14 25 82
14 26 22
14 35 36
14 37 93
14 42 28
14 43 56
14 46 92
14 47 97
15 0 41
15 4 87
15 7 93
15 13 62
15 14 76
15 21 63
15 27 40
15 37 99
15 40 57
15 42 59
15 43 55
15 45 20
15 48 1
16 10 60
16 11 59
16 18 53
16 20 31
16 21 68
16 22 86
16 23 54
16 26 45
16 30 72
16 32 6
16 33 100
16 40 18
16 43 52
16 44 65
17 5 14
17 7 69
17 14 86
17 19 99
17 20 59
17 23 50
17 24 59
17 26 14
17 31 54
17 39 59
17 42 26
17 46 28
17 49 33
18 1 15
18 2 91
18 7 43
18 22 71
18 24 9
18 26 84
18 35 60
18 42 66
19 6 24
19 7 69
19 8 94
19 9 4
19 12 14
19 18 59
19 22 97
19 39 68
19 40 11
19 47 8
19 49 99
20 0 72
20 2 61
20 12 29
20 13 30
20 16 50
20 18 7
20 21 68
20 24 78
20 27 62
20 30 66
20 38 82
20 39 84
20 40 21
20 44 62
20 47 57
20 48 29
21 4 33
21 5 35
21 7 27
21 8 99
21 10 70
21 11 6
21 12 71
21 13 2
21 16 77
21 17 88
21 18 66
21 19 12
21 25 72
21 26 40
21 31 51
21 32 8
21 33 65
21 40 98
21 41 2
21 44 77
21 46 44
21 47 92
21 48 98
21 49 41
22 0 2
22 2 8
22 8 45
22 10 43
22 13 19
22 14 42
22 15 1
22 16 3
22 17 22
22 21 53
22 32 55
22 40 65
22 43 44
22 44 25
22 48 74
23 7 51
23 12 81
23 20 56
23 24 72
23 27 60
23 28 98
23 31 27
23 38 68
23 45 34
24 0 4
24 1 5
24 9 76
24 11 16
24 13 79
24 15 54
24 17 71
24 22 13
24 27 92
24 28 51
24 30 33
24 33 100
24 35 36
24 39 35
24 40 64
24 43 34
24 47 44
25 2 47
25 6 39
25 9 80
25 12 73
25 16 58
25 18 95
25 19 98
25 24 13
25 27 84
25 30 73
25 35 54
25 37 26
26 0 66
26 6 70
26 8 91
26 12 28
26 13 18
26 16 22
26 17 32
26 24 52
26 27 13
26 30 46
26 35 26
26 41 14
27 3 68
27 4 58
27 5 36
27 7 28
27 8 52
27 9 98
27 10 44
27 11 15
27 12 13
27 13 83
27 14 56
27 15 26
27 20 28
27 21 59
27 25 43
27 26 19
27 28 99
27 35 57
27 37 85
27 39 39
27 43 55
27 46 54
27 49 40
28 3 95
28 10 39
28 11 98
28 14 4
28 26 93
28 30 69
28 32 55
28 35 32
28 38 55
28 41 64
28 45 14
28 47 64
28 49 75
30 9 77
30 16 89
30 19 33
30 25 32
30 31 97
30 35 27
30 37 12
30 46 18
30 49 4
31 2 26
31 3 96
31 5 27
31 7 39
31 9 66
31 10 40
31 14 50
31 17 45
31 24 77
31 26 32
31 37 66
31 38 40
31 40 75
31 41 59
31 42 47
31 43 96
32 1 38
32 3 2
32 4 61
32 5 80
32 15 95
32 18 12
32 23 41
32 27 33
32 28 33
32 31 98
32 37 69
32 38 53
32 39 82
32 40 89
32 41 31
32 42 18
32 46 52
33 0 65
33 2 22
33 4 4
33 6 21
33 8 65
33 10 27
33 11 20
33 12 68
33 18 79
33 22 87
33 23 72
33 25 19
33 26 16
33 28 70
33 38 10
33 44 38
33 45 78
33 46 32
33 48 79
33 49 88
35 3 95
35 6 100
35 7 73
35 22 35
35 24 26
35 30 35
35 31 71
35 33 62
35 36 69
35 38 87
35 39 16
35 43 15
35 46 81
35 47 15
35 48 80
36 3 95
36 4 67
36 8 81
36 9 44
36 11 34
36 12 91
36 15 52
36 19 4
36 26 65
36 28 66
36 30 26
36 33 77
36 39 43
36 42 81
36 43 50
36 45 16
37 0 78
37 2 76
37 4 79
37 11 71
37 19 95
37 23 75
37 25 43
37 27 99
37 31 23
37 36 67
37 40 79
37 44 41
37 49 92
38 1 90
38 9 5
38 13 20
38 20 62
38 23 34
38 33 15
38 36 26
38 45 54
38 49 76
39 3 84
39 4 24
39 7 82
39 9 88
39 11 22
39 15 66
39 16 58
39 17 99
39 19 71
39 21 93
39 22 44
39 24 95
39 26 44
39 38 26
39 41 77
40 2 95
40 4 45
40 7 67
40 15 54
40 23 91
40 24 47
40 26 40
40 33 46
40 37 99
40 39 17
40 43 22
40 46 42
40 49 46
41 0 61
41 1 64
41 8 41
41 9 26
41 10 34
41 12 96
41 16 63
41 24 57
41 31 32
41 32 83
41 33 91
41 42 85
41 44 64
41 45 72
41 46 7
42 1 60
42 3 54
42 7 6
42 8 59
42 11 92
42 15 13
42 16 92
42 17 54
42 19 79
42 20 76
42 24 14
42 26 39
42 27 92
42 30 23
42 35 44
42 36 86
42 37 35
42 39 44
42 43 75
43 10 69
43 11 9
43 17 79
43 23 49
43 24 89
43 37 8
43 39 24
43 40 87
43 42 66
44 1 39
44 2 31
44 5 82
44 6 45
44 8 89
44 10 55
44 20 28
44 23 10
44 24 91
44 27 3
44 31 61
44 42 10
44 46 71
45 5 71
45 11 32
45 12 86
45 15 95
45 16 88
45 22 55
45 23 43
45 36 25
45 41 87
45 46 77
46 3 43
46 6 20
46 7 97
46 8 30
46 12 92
46 22 79
46 25 44
46 31 86
46 32 29
46 36 58
46 38 21
46 48 43
47 2 27
47 6 60
47 9 36
47 11 53
47 21 2
47 22 4
47 23 19
47 24 38
47 25 18
47 30 100
47 31 58
47 40 80
47 41 74
47 44 9
47 45 45
48 0 93
48 1 67
48 2 1
48 4 62
48 6 77
48 10 35
48 11 20
48 13 20
48 21 59
48 31 78
48 36 38
48 37 93
48 38 92
48 39 35
48 41 84
48 47 54
49 1 55
49 2 83
49 8 28
49 12 89
49 13 93
49 18 1
49 22 46
49 27 29
49 32 14
49 33 37
49 38 20
49 42 46
49 43 93
49 46 3
29 2 81
29 9 78
29 11 60
29 17 1
29 20 72
29 22 89
29 24 24
29 27 53
29 30 71
29 31 42
29 32 80
29 40 53
2 34 84
3 34 74
4 34 73
5 34 94
6 34 64
9 34 37
10 34 95
11 34 73
13 34 25
16 34 7
18 34 9
20 34 25
22 34 49
23 34 49
24 34 79
27 34 81
32 34 21
41 34 49
42 34 90
43 34 5
44 34 97
47 34 33
