12
30
22 47 35
70 39 4
24 0 60
24 25 46
2 58 88
1 39 91
27 52 14
4 54 38
45 63 69
76 17 53
59 62 26
4 53 53
29 40 64
35 33 17
58 61 70
59 34 86
44 14 50
45 48 69
64 10 84
74 71 87
36 9 89
37 21 79
23 52 49
74 21 48
58 24 23
22 37 23
32 79 44
28 21 58
13 5 10
74 9 78
75 20 8
17 29 99
0 71 70
61 52 18
10 67 64
35 73 2
25 29 35
54 74 18
68 50 44
68 77 33
50 65 71
64 33 42
78 49 3
48 3 86
3 79 51
43 64 85
17 7 92
26 58 47
4 31 83
11 65 83
39 58 41
34 45 60
60 11 79
24 36 79
45 78 23
59 18 13
22 60 47
76 37 11
73 44 11
6 28 24
32 7 28
63 20 18
8 21 60
24 4 73
41 62 59
15 61 29
43 69 87
29 13 85
31 45 63
15 4 43
13 57 64
38 54 75
66 0 18
55 72 69
44 33 65
67 36 7
53 18 29
69 78 52
3 15 86
49 14 86
73 47 50
57 8 63
0 6 9
7 31 6
48 5 95
78 44 34
43 67 11
29 47 78
11 46 42
76 55 17
14 6 16
29 75 37
44 3 44
43 73 6
40 59 14
47 64 8
9 39 98
0 76 84
17 51 18
54 78 91
54 1 39
78 67 25
78 43 48
79 72 91
53 65 53
26 75 94
15 50 97
25 3 37
8 20 31
19 67 25
5 53 81
32 37 92
43 8 33
6 75 100
43 27 49
79 50 33
46 19 53
35 37 17
63 41 90
71 63 98
74 67 59
59 49 1
10 43 62
63 26 44
26 78 83
37 58 18
58 7 25
8 15 1
4 27 83
22 55 40
42 60 42
32 36 6
40 63 13
70 11 14
19 63 16
55 59 94
56 40 94
6 76 39
53 24 61
53 63 82
67 57 48
13 67 54
56 77 43
7 24 32
50 37 64
78 70 19
41 50 64
75 11 13
50 45 53
39 3 9
71 70 17
0 26 9
15 75 62
2 16 93
60 67 58
45 55 92
64 59 93
5 43 22
14 78 42
13 54 70
65 18 54
23 73 27
6 31 6
20 72 89
60 72 32
23 69 84
50 72 36
32 53 84
45 53 32
63 37 88
1 11 57
54 45 67
15 27 65
11 2 2
37 8 16
68 24 52
4 11 36
38 11 51
27 66 40
18 11 23
49 70 27
61 51 97
28 62 66
73 68 59
43 56 8
28 39 6
70 29 4
4 10 78
76 77 47
57 66 27
58 43 71
7 2 23
35 2 72
63 25 3
79 10 7
2 67 47
59 55 66
23 60 39
25 41 3
29 27 19
0 65 89
73 15 66
49 15 15
17 79 30
24 42 50
46 8 10
64 58 21
40 75 42
11 54 80
56 0 15
4 66 16
76 22 5
14 15 79
34 27 76
69 22 37
45 77 67
25 63 25
38 0 3
51 55 100
5 63 57
57 46 56
10 8 76
36 49 68
34 59 94
73 75 67
48 25 30
48 76 64
32 74 17
68 74 32
50 2 34
48 35 5
65 72 26
39 40 89
35 42 31
40 68 90
20 23 62
16 20 25
52 63 71
72 71 52
69 68 77
34 55 63
76 72 68
77 22 68
74 26 39
65 20 91
47 79 49
25 58 66
48 10 90
19 33 79
61 8 52
51 63 2
29 69 90
10 16 83
41 72 65
64 57 47
13 76 42
33 73 64
11 42 7
17 8 4
24 70 30
41 60 61
24 50 37
27 3 11
17 56 19
71 23 62
27 22 87
54 34 46
65 32 92
45 71 22
21 10 35
47 11 95
77 47 73
22 23 89
58 6 84
24 52 95
13 7 19
38 29 44
71 65 35
16 55 54
61 29 36
49 52 27
46 72 9
62 41 52
4 57 26
62 2 55
36 1 41
36 40 44
52 79 40
40 32 11
36 65 48
19 53 13
59 28 99
38 40 97
60 10 58
73 59 78
26 25 83
14 79 58
34 67 44
25 60 85
40 69 77
69 35 70
61 43 88
32 16 50
66 29 98
37 53 92
36 38 78
49 43 64
22 13 6
43 5 19
31 41 70
16 26 61
34 2 88
1 6 66
46 65 77
50 23 74
72 78 45
3 55 78
7 5 77
79 64 42
7 37 86
79 9 53
24 20 60
1 25 5
68 73 81
6 70 48
24 26 4
26 41 35
79 5 39
28 31 11
55 1 61
67 58 29
78 66 22
42 66 23
13 25 58
45 7 49
14 68 46
5 24 62
15 0 97
10 64 85
2 73 22
50 26 13
5 21 67
22 7 70
61 40 34
67 78 20
2 48 16
54 0 50
71 32 77
52 3 28
51 47 49
62 64 36
40 53 1
33 54 52
40 70 66
5 36 31
79 27 84
74 3 37
9 5 39
42 45 84
19 44 37
47 42 6
52 49 32
43 77 16
34 0 38
75 33 79
77 23 10
53 37 39
55 42 39
28 76 2
41 1 30
57 34 1
33 65 67
5 19 26
26 11 92
4 56 65
76 29 17
72 73 8
17 65 35
70 71 49
26 63 74
68 9 72
59 54 88
6 52 21
10 32 49
27 15 71
64 46 25
33 66 82
34 78 19
10 19 28
32 14 6
0 24 46
27 56 42
44 37 96
22 21 52
71 72 86
69 34 47
53 5 42
60 38 64
20 21 50
10 14 19
54 13 28
58 15 70
31 61 2
35 40 11
26 3 82
44 18 47
79 55 54
1 62 96
62 28 53
73 65 25
3 74 48
40 54 44
72 62 82
56 14 53
33 32 71
67 63 83
49 46 15
19 45 70
27 59 27
19 70 6
54 42 85
75 35 38
75 56 84
43 54 33
9 32 83
50 32 68
6 7 7
7 25 98
78 59 18
41 16 50
39 11 38
60 57 29
9 44 34
68 7 71
55 64 14
70 35 53
61 63 42
6 79 38
58 0 40
40 35 100
58 21 57
25 59 20
36 56 55
63 18 64
20 40 22
13 46 100
7 51 16
3 52 45
49 10 27
70 38 12
26 55 31
75 17 56
20 7 10
62 65 67
70 48 25
7 52 31
76 68 86
1 78 55
58 69 52
29 57 20
14 37 28
3 33 43
23 57 47
72 34 1
29 38 41
26 35 75
69 45 99
71 41 5
2 25 16
74 29 14
26 71 75
71 8 91
32 43 36
29 4 11
64 20 45
72 47 61
51 15 51
58 60 51
26 76 11
38 5 80
58 62 11
10 57 15
19 11 9
6 77 100
10 27 94
2 50 42
76 33 31
10 56 8
22 39 20
64 55 77
37 14 3
39 7 55
53 2 48
45 25 6
57 3 45
51 58 46
28 33 55
51 28 75
20 63 3
22 34 5
68 29 66
14 3 27
6 50 69
53 29 10
56 67 67
23 1 98
70 67 50
9 68 36
34 8 26
61 34 5
24 38 72
6 47 1
15 68 45
49 18 61
52 42 71
9 45 27
74 53 67
46 27 30
7 1 45
8 7 76
26 19 86
40 36 33
61 26 18
31 46 86
78 42 73
2 75 32
8 64 38
36 61 68
66 26 36
69 13 55
24 14 11
26 57 31
25 6 70
41 44 51
26 54 16
42 67 33
13 23 67
79 36 28
46 78 17
71 20 98
47 1 80
79 13 21
54 5 14
45 23 55
63 7 55
14 62 71
52 5 86
37 54 57
32 75 97
57 76 45
59 9 84
31 69 99
0 73 25
55 49 20
65 8 27
42 63 6
21 67 70
6 25 40
29 32 84
55 44 71
45 49 37
58 4 96
2 24 54
70 4 57
64 36 14
72 79 41
38 31 68
14 69 54
18 57 87
78 9 7
52 25 31
73 11 100
14 7 18
28 60 43
70 42 25
18 26 92
31 47 75
37 20 73
0 54 83
23 41 11
38 13 83
57 9 86
65 51 23
25 53 98
13 20 90
71 45 82
7 21 86
32 78 77
76 49 92
34 37 97
26 66 84
74 50 8
27 75 88
24 72 84
35 38 73
79 47 82
42 65 18
13 11 30
2 21 12
48 24 22
13 31 39
65 44 58
3 73 36
34 22 16
26 40 98
12 59 65
12 72 14
12 71 4
12 47 76
12 46 84
12 29 49
4 30 88
11 30 66
24 30 13
38 30 49
39 30 70
55 30 16
64 30 13
68 30 98
