19
6
0 1 65
0 2 93
0 3 29
0 5 60
0 7 45
0 8 18
0 9 49
0 10 66
0 11 46
0 12 96
0 13 45
0 14 41
0 16 91
0 17 44
0 20 94
0 21 74
0 22 6
0 23 29
0 24 13
0 25 54
0 26 7
0 27 23
0 28 87
0 29 27
0 30 52
0 32 94
0 33 8
0 34 7
0 35 34
0 37 98
0 38 94
0 39 91
0 40 45
0 41 76
0 42 29
0 43 12
0 44 86
0 45 9
0 46 34
0 47 100
0 48 30
0 49 98
0 50 67
0 51 75
0 52 26
0 53 9
0 54 32
0 55 10
0 57 88
0 59 13
0 62 71
0 63 88
0 64 44
0 65 92
0 67 49
0 68 18
0 69 75
0 70 69
0 71 52
0 73 75
0 75 19
0 76 48
0 77 87
0 78 25
0 79 2
0 80 17
0 81 86
0 82 27
0 83 7
0 84 95
0 86 28
0 87 69
0 89 78
0 90 76
0 91 92
0 92 15
0 93 89
0 94 25
0 95 24
0 96 16
0 97 16
0 98 10
0 99 63
1 0 43
1 2 12
1 4 78
1 5 18
1 7 85
1 8 70
1 9 9
1 10 25
1 11 8
1 12 86
1 13 80
1 14 54
1 15 19
1 16 84
1 17 45
1 18 98
1 20 53
1 21 7
1 22 23
1 23 14
1 24 30
1 25 11
1 26 75
1 27 54
1 28 19
1 29 50
1 30 3
1 31 72
1 33 79
1 34 53
1 35 71
1 36 47
1 37 16
1 38 67
1 39 95
1 40 78
1 41 14
1 42 47
1 43 58
1 44 82
1 46 93
1 47 27
1 48 100
1 49 35
1 50 24
1 53 53
1 54 11
1 55 57
1 56 73
1 57 11
1 58 42
1 59 52
1 61 47
1 62 95
1 63 23
1 64 99
1 66 6
1 67 93
1 68 5
1 69 47
1 70 50
1 71 73
1 72 54
1 73 91
1 74 69
1 75 11
1 76 40
1 77 42
1 78 4
1 80 61
1 81 90
1 82 91
1 83 95
1 84 48
1 85 95
1 86 27
1 87 96
1 88 80
1 89 16
1 90 39
1 91 97
1 92 49
1 93 42
1 94 86
1 95 69
1 96 32
1 98 47
1 99 22
2 0 28
2 1 56
2 3 59
2 4 87
2 5 71
2 7 56
2 9 20
2 10 49
2 11 72
2 12 88
2 13 15
2 14 19
2 15 42
2 16 62
2 17 62
2 18 96
2 20 31
2 21 92
2 22 20
2 23 9
2 24 43
2 25 91
2 26 59
2 28 52
2 29 60
2 30 16
2 31 15
2 32 2
2 33 23
2 34 100
2 35 22
2 36 74
2 37 92
2 38 4
2 39 70
2 40 12
2 41 96
2 42 98
2 43 81
2 44 9
2 45 22
2 46 1
2 47 12
2 49 46
2 50 45
2 51 5
2 52 30
2 53 52
2 54 40
2 55 59
2 56 95
2 57 47
2 58 59
2 59 14
2 60 8
2 61 6
2 62 74
2 63 58
2 64 26
2 65 5
2 66 14
2 67 66
2 68 64
2 69 29
2 70 89
2 71 72
2 72 17
2 73 79
2 74 47
2 75 10
2 76 81
2 77 66
2 78 93
2 80 65
2 81 97
2 83 32
2 85 62
2 88 81
2 89 33
2 91 97
2 92 76
2 93 88
2 94 18
2 95 2
2 96 70
2 97 6
2 98 2
2 99 28
3 1 68
3 2 75
3 4 91
3 5 17
3 7 22
3 8 75
3 9 78
3 10 51
3 12 72
3 13 85
3 14 68
3 16 35
3 17 84
3 18 93
3 20 5
3 21 75
3 22 76
3 23 28
3 24 98
3 25 71
3 26 34
3 28 18
3 29 12
3 30 60
3 32 43
3 33 52
3 34 49
3 35 49
3 36 25
3 37 78
3 38 76
3 39 8
3 40 16
3 41 69
3 42 60
3 43 96
3 44 24
3 45 32
3 46 9
3 47 83
3 48 48
3 49 28
3 51 16
3 54 67
3 55 98
3 56 48
3 57 97
3 58 18
3 59 32
3 60 79
3 61 55
3 62 87
3 63 37
3 64 79
3 65 100
3 66 68
3 67 80
3 68 65
3 69 90
3 70 42
3 71 11
3 72 80
3 73 21
3 74 99
3 75 6
3 76 29
3 77 87
3 78 31
3 79 31
3 80 98
3 81 30
3 82 79
3 83 98
3 84 10
3 86 13
3 88 64
3 89 35
3 90 84
3 91 99
3 93 60
3 94 67
3 95 73
3 96 43
3 97 87
3 98 51
3 99 12
4 0 38
4 1 59
4 2 4
4 3 85
4 5 79
4 7 1
4 9 81
4 10 32
4 11 35
4 12 86
4 13 29
4 14 96
4 15 45
4 16 31
4 17 20
4 18 25
4 20 8
4 21 5
4 22 36
4 23 95
4 25 22
4 26 30
4 27 92
4 29 17
4 30 24
4 31 70
4 32 96
4 33 71
4 34 6
4 35 18
4 36 74
4 37 88
4 38 91
4 39 55
4 41 52
4 43 37
4 44 76
4 45 43
4 46 14
4 47 28
4 48 91
4 49 26
4 50 91
4 51 1
4 52 25
4 53 64
4 54 77
4 55 60
4 58 42
4 59 65
4 60 77
4 61 88
4 63 60
4 65 13
4 66 34
4 67 20
4 68 13
4 69 5
4 70 17
4 71 53
4 72 90
4 73 17
4 74 43
4 75 3
4 76 86
4 77 39
4 79 33
4 80 58
4 81 5
4 82 82
4 83 100
4 85 88
4 86 44
4 87 33
4 88 54
4 89 28
4 90 87
4 91 31
4 92 77
4 93 60
4 94 40
4 95 26
4 96 24
4 98 31
4 99 57
5 0 73
5 1 9
5 2 51
5 3 96
5 4 33
5 7 100
5 8 5
5 9 45
5 10 11
5 11 53
5 12 25
5 14 55
5 15 31
5 16 96
5 17 95
5 18 94
5 20 19
5 21 45
5 22 18
5 23 99
5 24 46
5 25 3
5 26 75
5 27 81
5 28 71
5 29 72
5 30 48
5 31 28
5 32 64
5 34 70
5 35 81
5 36 44
5 37 52
5 38 5
5 40 59
5 41 16
5 42 45
5 43 22
5 44 83
5 45 79
5 46 81
5 48 8
5 49 48
5 50 78
5 51 83
5 52 46
5 53 83
5 54 14
5 55 1
5 56 96
5 57 90
5 59 78
5 62 56
5 63 90
5 64 13
5 65 65
5 66 28
5 68 23
5 69 65
5 70 88
5 71 83
5 73 70
5 74 15
5 75 23
5 76 91
5 77 3
5 78 34
5 79 81
5 80 53
5 81 69
5 82 39
5 83 59
5 84 64
5 85 18
5 86 18
5 87 28
5 88 9
5 89 18
5 90 75
5 91 41
5 92 100
5 93 83
5 94 74
5 96 41
5 97 63
5 98 98
5 99 29
7 0 33
7 1 13
7 2 90
7 3 99
7 5 91
7 8 43
7 10 52
7 11 62
7 12 39
7 13 98
7 14 35
7 15 81
7 16 42
7 17 57
7 18 64
7 20 4
7 22 49
7 23 84
7 24 84
7 25 8
7 26 13
7 27 77
7 28 28
7 29 98
7 30 98
7 32 64
7 33 72
7 34 20
7 35 53
7 36 76
7 37 31
7 38 11
7 39 84
7 40 17
7 41 88
7 43 68
7 44 91
7 45 38
7 46 18
7 48 49
7 49 8
7 50 74
7 51 48
7 52 66
7 53 62
7 55 19
7 56 92
7 57 68
7 58 86
7 59 29
7 60 97
7 61 32
7 62 93
7 63 17
7 64 3
7 65 22
7 66 1
7 67 93
7 68 89
7 70 66
7 71 73
7 72 3
7 73 68
7 74 67
7 75 17
7 76 78
7 77 27
7 78 60
7 79 48
7 80 5
7 82 71
7 84 64
7 85 61
7 86 68
7 87 51
7 88 89
7 89 84
7 90 50
7 91 4
7 93 52
7 94 55
7 95 9
7 96 69
7 97 26
7 98 97
7 99 84
8 0 2
8 1 53
8 2 85
8 3 76
8 4 35
8 5 25
8 7 99
8 9 59
8 10 49
8 11 28
8 12 58
8 13 26
8 14 63
8 15 29
8 16 93
8 17 9
8 18 90
8 20 68
8 21 94
8 22 4
8 23 85
8 24 23
8 25 50
8 27 26
8 29 22
8 32 87
8 34 20
8 38 66
8 39 72
8 40 20
8 41 19
8 42 55
8 44 93
8 45 89
8 46 30
8 47 37
8 48 66
8 49 10
8 51 29
8 54 29
8 55 68
8 56 57
8 57 35
8 58 97
8 59 64
8 60 42
8 61 97
8 62 11
8 63 12
8 64 69
8 65 48
8 66 88
8 67 77
8 68 65
8 69 19
8 70 32
8 71 100
8 72 58
8 73 65
8 74 11
8 75 56
8 76 87
8 77 2
8 78 61
8 79 26
8 80 1
8 81 47
8 82 82
8 83 99
8 84 47
8 85 37
8 86 7
8 87 88
8 88 33
8 89 46
8 90 57
8 91 43
8 92 57
8 93 97
8 94 80
8 95 61
8 97 62
8 98 88
8 99 2
9 0 87
9 1 41
9 2 44
9 4 99
9 5 45
9 7 68
9 8 53
9 10 95
9 11 33
9 12 69
9 13 99
9 14 53
9 16 11
9 17 24
9 18 59
9 20 41
9 21 40
9 22 39
9 24 18
9 25 99
9 26 71
9 27 10
9 28 40
9 29 10
9 30 36
9 31 85
9 32 39
9 33 4
9 34 39
9 35 97
9 36 2
9 37 82
9 38 91
9 40 20
9 42 85
9 43 89
9 46 79
9 47 24
9 48 93
9 49 94
9 50 63
9 51 29
9 52 21
9 53 86
9 54 38
9 55 40
9 56 73
9 57 45
9 58 27
9 59 9
9 60 77
9 61 65
9 62 69
9 63 48
9 64 8
9 65 52
9 67 59
9 68 16
9 69 60
9 70 48
9 71 82
9 72 30
9 74 13
9 75 99
9 77 63
9 78 48
9 79 85
9 80 3
9 82 55
9 83 34
9 84 72
9 85 88
9 86 79
9 87 60
9 88 25
9 89 28
9 91 86
9 92 41
9 93 99
9 94 3
9 96 1
9 97 12
9 99 99
10 0 67
10 1 76
10 2 84
10 3 35
10 4 75
10 8 73
10 9 55
10 11 95
10 12 97
10 13 24
10 14 33
10 15 34
10 16 71
10 17 92
10 18 57
10 20 65
10 21 87
10 22 94
10 23 100
10 24 54
10 25 30
10 26 68
10 27 85
10 28 19
10 29 84
10 30 88
10 31 97
10 32 19
10 33 7
10 34 38
10 35 84
10 36 95
10 38 94
10 39 50
10 40 94
10 41 36
10 43 91
10 44 100
10 45 57
10 46 49
10 48 24
10 49 35
10 50 40
10 51 71
10 53 1
10 55 19
10 57 27
10 58 9
10 59 70
10 60 33
10 61 42
10 62 86
10 63 44
10 64 98
10 65 13
10 66 81
10 67 82
10 68 69
10 69 38
10 70 57
10 71 83
10 72 69
10 73 4
10 76 57
10 77 9
10 78 65
10 79 78
10 80 40
10 81 74
10 82 51
10 83 30
10 84 44
10 85 88
10 86 35
10 87 35
10 88 89
10 89 97
10 90 1
10 91 17
10 92 73
10 93 26
10 94 43
10 95 84
10 96 64
10 97 44
10 99 25
11 0 72
11 2 89
11 3 15
11 5 74
11 7 99
11 8 1
11 9 42
11 10 38
11 12 85
11 13 64
11 14 13
11 15 96
11 16 50
11 18 45
11 20 86
11 21 28
11 22 56
11 23 4
11 24 90
11 25 75
11 26 100
11 27 70
11 28 50
11 29 44
11 30 93
11 31 92
11 32 25
11 33 47
11 34 86
11 35 20
11 36 44
11 37 79
11 38 73
11 39 71
11 40 33
11 41 70
11 42 92
11 43 99
11 44 31
11 45 31
11 46 54
11 47 60
11 48 65
11 49 40
11 50 14
11 51 13
11 52 5
11 54 8
11 55 2
11 56 69
11 57 34
11 58 79
11 59 59
11 61 71
11 62 61
11 63 95
11 64 1
11 65 88
11 66 66
11 67 41
11 68 86
11 69 8
11 70 45
11 71 20
11 72 88
11 73 66
11 74 48
11 75 5
11 76 34
11 77 19
11 78 51
11 79 100
11 80 17
11 81 92
11 84 49
11 85 71
11 86 80
11 87 2
11 88 76
11 89 77
11 90 67
11 91 64
11 92 74
11 93 12
11 95 39
11 96 100
11 97 42
11 98 72
11 99 32
12 0 6
12 2 14
12 3 18
12 4 9
12 5 16
12 7 9
12 8 33
12 9 21
12 10 100
12 11 34
12 13 5
12 14 20
12 15 16
12 16 24
12 17 24
12 18 56
12 20 37
12 21 65
12 22 32
12 23 62
12 24 41
12 25 14
12 26 39
12 27 68
12 28 4
12 29 29
12 32 95
12 34 48
12 35 2
12 36 55
12 37 24
12 38 14
12 39 33
12 40 65
12 41 79
12 42 94
12 44 21
12 45 12
12 46 12
12 47 28
12 48 75
12 49 69
12 50 3
12 51 46
12 52 48
12 53 80
12 54 16
12 55 36
12 56 14
12 57 12
12 58 72
12 59 72
12 60 98
12 61 27
12 63 57
12 64 71
12 65 11
12 66 15
12 67 86
12 68 92
12 69 75
12 71 67
12 72 85
12 73 47
12 74 6
12 76 16
12 77 84
12 79 34
12 80 19
12 81 99
12 82 33
12 83 7
12 84 6
12 85 41
12 86 2
12 87 64
12 88 45
12 89 83
12 90 51
12 91 94
12 92 7
12 93 61
12 94 15
12 95 1
12 96 71
12 97 74
12 98 78
12 99 40
13 0 48
13 1 44
13 2 99
13 3 69
13 4 52
13 5 89
13 7 32
13 9 23
13 10 76
13 11 55
13 14 85
13 15 94
13 16 85
13 17 19
13 18 56
13 20 14
13 21 17
13 22 26
13 23 38
13 24 81
13 25 75
13 26 26
13 27 82
13 28 78
13 29 56
13 31 67
13 32 23
13 33 87
13 34 65
13 35 85
13 36 87
13 37 13
13 39 33
13 40 72
13 41 76
13 42 91
13 43 100
13 44 98
13 45 58
13 46 38
13 47 61
13 48 10
13 49 78
13 50 94
13 51 44
13 52 92
13 53 29
13 54 11
13 55 69
13 58 35
13 59 55
13 60 67
13 62 81
13 63 94
13 64 3
13 65 85
13 66 57
13 67 19
13 68 88
13 69 32
13 70 84
13 72 62
13 73 23
13 74 53
13 75 16
13 76 64
13 77 52
13 78 87
13 79 98
13 81 37
13 82 53
13 83 10
13 84 43
13 86 61
13 87 21
13 88 27
13 89 53
13 90 13
13 91 83
13 92 12
13 93 100
13 94 41
13 95 61
13 96 16
13 97 38
13 98 12
13 99 39
14 0 60
14 1 25
14 2 49
14 3 75
14 4 47
14 7 38
14 8 9
14 9 30
14 10 16
14 11 17
14 12 32
14 13 17
14 16 23
14 17 15
14 18 91
14 20 8
14 21 63
14 23 85
14 24 19
14 26 74
14 27 36
14 28 84
14 29 28
14 30 12
14 31 32
14 32 47
14 33 85
14 35 39
14 36 16
14 37 13
14 38 21
14 39 68
14 40 42
14 41 85
14 42 26
14 43 89
14 45 74
14 46 57
14 47 35
14 48 65
14 49 7
14 50 86
14 51 64
14 52 22
14 53 3
14 54 4
14 55 40
14 56 72
14 57 71
14 59 73
14 60 51
14 61 100
14 63 49
14 64 16
14 65 82
14 66 14
14 67 48
14 68 27
14 69 6
14 70 60
14 71 70
14 72 61
14 73 20
14 74 68
14 75 37
14 76 33
14 77 15
14 78 17
14 79 2
14 80 76
14 81 31
14 82 56
14 83 80
14 84 22
14 85 77
14 86 88
14 87 89
14 88 77
14 89 40
14 90 53
14 91 32
14 92 95
14 94 71
14 95 80
14 96 64
14 97 43
14 98 2
14 99 44
15 0 47
15 1 22
15 2 96
15 3 77
15 4 53
15 5 17
15 7 65
15 8 61
15 9 66
15 10 63
15 11 71
15 13 100
15 14 64
15 17 44
15 18 42
15 20 59
15 22 32
15 23 56
15 24 74
15 25 70
15 26 18
15 27 62
15 28 23
15 29 99
15 30 57
15 31 67
15 32 88
15 33 58
15 34 91
15 35 40
15 36 81
15 38 41
15 39 95
15 40 91
15 41 54
15 42 45
15 43 13
15 44 86
15 45 64
15 46 92
15 47 56
15 48 47
15 49 36
15 50 32
15 51 54
15 52 81
15 53 57
15 54 76
15 55 50
15 56 7
15 57 60
15 58 85
15 59 25
15 60 98
15 61 92
15 62 39
15 63 39
15 64 70
15 65 20
15 66 38
15 68 3
15 69 50
15 70 90
15 71 12
15 72 34
15 73 60
15 74 93
15 75 98
15 76 13
15 77 3
15 78 14
15 79 46
15 80 78
15 81 53
15 82 66
15 83 89
15 84 100
15 85 59
15 86 50
15 87 10
15 88 68
15 89 40
15 90 95
15 91 74
15 92 74
15 93 39
15 94 40
15 95 97
15 96 96
15 97 39
15 98 54
15 99 27
16 0 6
16 1 65
16 2 50
16 3 51
16 4 10
16 5 72
16 7 11
16 8 6
16 10 72
16 11 6
16 12 44
16 13 50
16 14 64
16 15 9
16 18 7
16 20 6
16 21 43
16 22 5
16 23 93
16 24 65
16 25 79
16 28 25
16 29 61
16 30 6
16 31 91
16 33 98
16 34 83
16 35 68
16 36 92
16 37 86
16 38 55
16 39 25
16 40 23
16 41 54
16 42 80
16 43 62
16 44 55
16 45 26
16 46 78
16 47 79
16 48 43
16 49 19
16 50 22
16 52 74
16 55 90
16 56 33
16 57 65
16 58 40
16 60 25
16 61 46
16 62 51
16 63 62
16 64 66
16 65 87
16 66 52
16 68 38
16 69 97
16 70 47
16 71 16
16 72 1
16 73 44
16 75 85
16 76 66
16 77 2
16 78 26
16 79 84
16 80 87
16 81 69
16 82 55
16 83 60
16 84 35
16 85 14
16 86 40
16 88 72
16 89 29
16 90 68
16 91 65
16 92 80
16 93 36
16 94 45
16 95 3
16 96 5
16 97 26
16 98 39
16 99 45
17 0 100
17 1 37
17 2 54
17 3 86
17 4 83
17 7 86
17 8 72
17 9 73
17 10 79
17 11 54
17 12 25
17 14 73
17 15 17
17 16 72
17 18 11
17 20 53
17 21 12
17 22 53
17 23 4
17 24 20
17 25 52
17 26 41
17 27 46
17 28 78
17 29 96
17 30 37
17 31 84
17 32 34
17 33 93
17 34 52
17 35 66
17 36 37
17 37 53
17 38 87
17 39 17
17 40 59
17 41 31
17 42 98
17 44 55
17 45 38
17 46 74
17 47 90
17 48 49
17 49 35
17 50 86
17 51 68
17 52 60
17 53 22
17 54 29
17 55 52
17 56 86
17 57 7
17 58 51
17 59 19
17 60 64
17 62 74
17 63 79
17 64 92
17 65 45
17 67 82
17 68 13
17 69 7
17 70 80
17 71 90
17 72 89
17 73 20
17 74 6
17 75 7
17 76 99
17 77 72
17 78 99
17 79 94
17 80 41
17 81 38
17 82 76
17 83 40
17 84 21
17 85 43
17 86 82
17 87 32
17 88 30
17 89 50
17 90 92
17 91 50
17 92 28
17 93 51
17 94 36
17 95 79
17 96 45
17 97 33
17 98 77
17 99 72
18 0 89
18 1 75
18 4 88
18 5 18
18 7 99
18 9 34
18 10 11
18 11 34
18 12 35
18 13 94
18 14 73
18 16 71
18 20 80
18 21 81
18 22 13
18 23 94
18 24 25
18 25 24
18 26 2
18 28 28
18 29 91
18 30 18
18 31 43
18 32 79
18 33 4
18 34 81
18 35 14
18 36 35
18 37 62
18 38 9
18 39 40
18 40 14
18 41 25
18 43 85
18 46 2
18 47 60
18 48 4
18 49 70
18 50 26
18 52 96
18 53 39
18 54 27
18 56 95
18 57 17
18 58 12
18 59 2
18 60 5
18 61 71
18 62 99
18 63 58
18 64 53
18 65 97
18 66 93
18 67 67
18 68 95
18 69 20
18 70 6
18 71 74
18 72 56
18 73 77
18 75 92
18 76 76
18 77 97
18 78 42
18 80 60
18 81 70
18 84 69
18 85 10
18 86 76
18 87 79
18 88 72
18 89 29
18 90 82
18 91 78
18 92 85
18 93 5
18 95 15
18 96 94
18 97 63
18 98 90
18 99 79
20 0 100
20 1 78
20 2 9
20 3 82
20 5 59
20 7 9
20 8 58
20 9 77
20 10 96
20 11 31
20 12 15
20 14 42
20 15 24
20 16 83
20 17 62
20 18 74
20 21 33
20 22 3
20 23 59
20 24 74
20 25 80
20 27 80
20 28 10
20 29 60
20 30 6
20 31 44
20 32 3
20 33 88
20 34 5
20 37 48
20 38 40
20 39 68
20 40 4
20 41 88
20 42 30
20 43 65
20 44 95
20 45 68
20 46 59
20 47 80
20 49 3
20 50 80
20 51 81
20 52 55
20 54 90
20 55 54
20 56 89
20 57 73
20 58 18
20 59 45
20 60 24
20 61 74
20 62 81
20 63 51
20 64 74
20 65 50
20 67 21
20 68 46
20 69 4
20 70 11
20 71 48
20 72 93
20 74 13
20 75 66
20 76 70
20 77 46
20 78 36
20 79 14
20 80 29
20 81 75
20 82 2
20 83 56
20 85 91
20 86 72
20 87 3
20 88 27
20 90 40
20 91 59
20 92 92
20 93 76
20 95 16
20 96 100
20 97 40
20 99 42
21 0 45
21 1 98
21 2 81
21 3 7
21 4 77
21 5 43
21 7 1
21 8 13
21 9 100
21 10 44
21 11 86
21 12 64
21 13 53
21 14 20
21 15 81
21 16 98
21 17 59
21 18 71
21 20 46
21 22 21
21 23 8
21 24 42
21 25 16
21 26 25
21 27 36
21 28 14
21 29 27
21 30 4
21 31 11
21 32 7
21 34 35
21 35 95
21 37 78
21 39 20
21 40 8
21 42 39
21 43 2
21 44 15
21 45 2
21 46 10
21 47 11
21 48 50
21 49 86
21 50 94
21 51 73
21 52 8
21 53 23
21 54 84
21 55 28
21 56 6
21 57 83
21 58 91
21 59 10
21 60 86
21 61 15
21 62 24
21 63 45
21 64 100
21 65 31
21 67 93
21 68 49
21 69 23
21 71 26
21 72 79
21 73 94
21 74 6
21 75 58
21 76 90
21 77 96
21 78 66
21 79 30
21 80 84
21 82 28
21 83 34
21 84 19
21 85 14
21 86 81
21 88 89
21 89 55
21 90 69
21 91 63
21 92 83
21 93 29
21 94 9
21 95 23
21 96 71
21 97 15
21 98 40
21 99 99
22 0 2
22 1 17
22 2 70
22 3 97
22 4 31
22 5 71
22 7 23
22 8 27
22 10 33
22 11 18
22 12 81
22 13 22
22 14 30
22 15 100
22 16 93
22 17 66
22 18 89
22 20 50
22 21 9
22 23 57
22 24 52
22 25 1
22 26 36
22 27 38
22 28 4
22 29 56
22 30 32
22 31 27
22 32 30
22 33 75
22 34 69
22 35 67
22 36 35
22 37 96
22 38 13
22 41 89
22 42 82
22 43 34
22 45 49
22 46 57
22 47 32
22 48 90
22 49 23
22 50 95
22 51 59
22 52 9
22 53 75
22 54 38
22 55 96
22 56 11
22 57 75
22 58 42
22 59 17
22 60 86
22 61 58
22 62 32
22 63 7
22 64 58
22 65 39
22 66 19
22 67 94
22 68 59
22 69 60
22 70 44
22 71 74
22 72 64
22 73 62
22 74 57
22 75 63
22 78 66
22 79 12
22 80 49
22 82 80
22 83 19
22 84 80
22 86 63
22 88 96
22 90 27
22 91 51
22 92 94
22 93 69
22 94 90
22 95 82
22 96 28
22 98 88
22 99 49
23 0 16
23 2 29
23 3 48
23 4 90
23 5 24
23 7 30
23 8 42
23 10 29
23 12 47
23 13 11
23 14 100
23 15 77
23 16 82
23 17 48
23 18 100
23 20 79
23 21 31
23 22 46
23 24 49
23 26 53
23 27 28
23 29 86
23 30 28
23 31 90
23 32 10
23 33 15
23 34 84
23 35 84
23 36 59
23 37 43
23 38 8
23 39 48
23 41 50
23 42 27
23 43 6
23 44 48
23 45 27
23 46 13
23 48 25
23 50 63
23 51 54
23 52 3
23 53 92
23 54 31
23 55 78
23 56 75
23 57 82
23 58 47
23 59 99
23 60 18
23 61 98
23 62 33
23 63 71
23 64 32
23 66 22
23 69 13
23 70 25
23 71 89
23 73 23
23 75 5
23 76 41
23 77 75
23 78 55
23 79 45
23 80 85
23 81 65
23 82 49
23 84 64
23 85 77
23 86 82
23 87 8
23 88 92
23 89 41
23 90 48
23 91 72
23 92 22
23 93 26
23 94 79
23 95 47
23 96 24
23 97 84
23 98 9
23 99 99
24 1 100
24 2 99
24 3 39
24 4 80
24 5 85
24 7 28
24 8 48
24 11 59
24 12 20
24 13 17
24 14 73
24 15 66
24 16 87
24 17 50
24 18 77
24 20 43
24 21 66
24 22 80
24 23 13
24 25 90
24 26 57
24 27 20
24 28 14
24 29 64
24 30 60
24 31 80
24 32 76
24 33 84
24 34 75
24 36 50
24 37 97
24 38 9
24 39 44
24 40 48
24 41 97
24 42 48
24 43 76
24 45 18
24 46 87
24 47 55
24 48 27
24 49 46
24 50 13
24 51 56
24 53 7
24 54 44
24 55 82
24 56 94
24 58 11
24 59 89
24 60 22
24 61 21
24 62 27
24 63 2
24 64 85
24 65 26
24 66 43
24 67 64
24 68 8
24 69 82
24 71 13
24 72 59
24 73 27
24 74 96
24 75 73
24 76 25
24 77 79
24 78 87
24 79 32
24 80 86
24 81 71
24 82 83
24 83 87
24 84 94
24 85 2
24 86 46
24 87 99
24 88 68
24 89 59
24 90 55
24 91 16
24 92 80
24 94 87
24 95 57
24 96 28
24 97 26
24 98 49
24 99 26
25 0 45
25 1 97
25 2 13
25 3 46
25 5 32
25 7 16
25 8 75
25 9 61
25 10 47
25 11 96
25 12 55
25 13 57
25 14 27
25 15 83
25 16 24
25 17 3
25 18 4
25 21 69
25 22 54
25 23 84
25 24 17
25 26 4
25 27 68
25 28 18
25 29 49
25 30 32
25 31 14
25 32 65
25 34 52
25 35 51
25 36 14
25 37 11
25 38 73
25 39 9
25 40 79
25 41 30
25 42 56
25 43 60
25 44 93
25 45 91
25 46 23
25 47 89
25 48 91
25 49 49
25 50 80
25 51 100
25 52 95
25 53 83
25 54 15
25 55 60
25 56 11
25 57 60
25 58 42
25 59 61
25 60 94
25 61 50
25 62 42
25 63 7
25 64 37
25 65 59
25 67 83
25 68 13
25 69 35
25 70 78
25 71 29
25 72 87
25 73 19
25 74 73
25 75 3
25 76 67
25 77 79
25 79 1
25 82 2
25 83 68
25 84 82
25 85 84
25 86 46
25 87 41
25 88 2
25 89 63
25 90 35
25 91 99
25 92 7
25 93 28
25 94 86
25 95 9
25 96 32
25 98 3
25 99 45
26 0 47
26 1 62
26 2 70
26 3 11
26 4 49
26 5 33
26 7 49
26 8 8
26 9 63
26 10 73
26 11 98
26 12 5
26 13 54
26 14 84
26 15 99
26 16 78
26 18 30
26 20 58
26 21 18
26 22 6
26 23 11
26 24 80
26 25 68
26 27 1
26 28 66
26 29 51
26 31 52
26 32 22
26 33 48
26 34 5
26 35 89
26 36 44
26 37 14
26 38 58
26 39 33
26 40 100
26 41 7
26 42 36
26 43 85
26 44 11
26 45 80
26 46 85
26 47 8
26 48 24
26 49 100
26 50 41
26 51 34
26 53 2
26 54 16
26 55 50
26 57 27
26 58 52
26 59 90
26 60 90
26 61 70
26 62 91
26 63 63
26 66 88
26 67 1
26 69 98
26 70 90
26 71 24
26 72 37
26 73 8
26 74 25
26 75 94
26 76 81
26 77 91
26 78 76
26 79 97
26 80 58
26 81 37
26 82 20
26 83 77
26 84 59
26 85 91
26 86 59
26 87 27
26 88 85
26 89 8
26 90 41
26 93 74
26 94 26
26 95 96
26 96 92
26 97 63
26 98 5
26 99 97
27 0 58
27 1 95
27 2 11
27 3 98
27 4 80
27 5 76
27 7 55
27 8 87
27 9 17
27 10 95
27 11 6
27 12 83
27 13 90
27 15 72
27 16 16
27 18 63
27 20 21
27 21 13
27 22 15
27 23 7
27 24 41
27 25 32
27 26 11
27 28 56
27 29 93
27 30 98
27 31 18
27 32 30
27 34 85
27 35 20
27 36 97
27 37 82
27 38 25
27 39 25
27 40 96
27 41 31
27 42 47
27 43 38
27 44 21
27 45 83
27 46 50
27 48 64
27 49 45
27 50 4
27 52 30
27 53 67
27 54 67
27 56 33
27 57 66
27 58 9
27 59 81
27 60 69
27 61 92
27 62 67
27 63 17
27 64 65
27 65 9
27 66 44
27 67 69
27 68 54
27 69 64
27 70 46
27 71 22
27 72 24
27 73 56
27 74 86
27 75 14
27 76 30
27 77 69
27 78 87
27 79 19
27 80 66
27 81 31
27 82 22
27 83 74
27 84 11
27 85 52
27 86 35
27 87 21
27 88 49
27 89 50
27 90 73
27 91 60
27 92 10
27 93 88
27 94 16
27 95 54
27 96 98
27 97 19
27 98 50
27 99 13
28 1 30
28 2 9
28 3 88
28 4 31
28 5 55
28 7 40
28 8 56
28 9 82
28 10 27
28 11 17
28 12 33
28 13 21
28 15 11
28 16 28
28 18 59
28 20 83
28 22 75
28 23 77
28 24 84
28 26 34
28 27 83
28 29 60
28 30 2
28 31 89
28 32 69
28 33 44
28 34 59
28 35 44
28 37 32
28 39 34
28 40 12
28 41 26
28 42 89
28 43 21
28 44 63
28 45 74
28 49 29
28 50 90
28 51 1
28 52 26
28 53 72
28 54 83
28 55 12
28 57 45
28 58 33
28 60 44
28 61 71
28 62 72
28 63 1
28 65 49
28 66 52
28 67 56
28 68 21
28 69 41
28 70 14
28 71 84
28 72 91
28 73 54
28 75 85
28 77 21
28 78 42
28 79 91
28 80 18
28 81 67
28 82 55
28 83 21
28 84 37
28 85 20
28 86 59
28 87 71
28 88 13
28 89 79
28 90 12
28 91 65
28 92 18
28 93 75
28 94 77
28 95 10
28 96 36
28 98 10
28 99 24
29 0 55
29 1 47
29 2 30
29 3 53
29 4 37
29 5 55
29 7 60
29 8 83
29 9 89
29 10 43
29 13 81
29 15 52
29 16 24
29 17 88
29 18 36
29 20 39
29 23 14
29 24 18
29 25 90
29 26 19
29 28 41
29 30 5
29 31 82
29 32 66
29 33 55
29 34 79
29 35 25
29 36 72
29 37 79
29 38 91
29 39 27
29 40 18
29 41 84
29 42 4
29 43 11
29 44 13
29 45 6
29 46 91
29 47 51
29 48 36
29 50 58
29 51 54
29 52 80
29 53 48
29 54 43
29 55 19
29 56 82
29 57 90
29 58 10
29 59 74
29 60 47
29 61 87
29 62 88
29 63 94
29 64 14
29 65 43
29 67 55
29 68 72
29 69 26
29 70 15
29 71 31
29 72 24
29 73 38
29 74 36
29 75 45
29 76 57
29 78 77
29 79 96
29 80 72
29 81 3
29 82 12
29 83 24
29 84 33
29 85 93
29 86 77
29 87 8
29 88 71
29 89 1
29 90 30
29 91 24
29 92 91
29 93 84
29 94 12
29 95 94
29 96 69
29 97 77
29 98 22
29 99 39
30 0 40
30 1 86
30 2 88
30 3 88
30 4 14
30 5 42
30 7 87
30 8 44
30 9 36
30 11 6
30 12 77
30 14 44
30 15 4
30 17 30
30 20 83
30 21 88
30 22 1
30 23 52
30 24 90
30 25 98
30 26 26
30 27 9
30 28 9
30 29 10
30 31 44
30 32 20
30 33 34
30 34 54
30 35 79
30 36 86
30 37 40
30 39 87
30 40 79
30 42 26
30 43 41
30 44 89
30 46 26
30 47 76
30 48 22
30 50 1
30 51 28
30 52 87
30 53 8
30 54 10
30 55 80
30 56 91
30 57 52
30 58 59
30 59 60
30 62 19
30 64 34
30 65 15
30 67 16
30 68 78
30 69 71
30 72 11
30 73 76
30 74 10
30 75 84
30 76 77
30 77 98
30 79 63
30 80 11
30 83 54
30 84 68
30 85 47
30 86 38
30 87 20
30 89 64
30 90 25
30 91 64
30 92 52
30 93 59
30 94 30
30 95 93
30 96 15
30 97 21
30 98 53
30 99 8
31 0 34
31 1 81
31 2 96
31 3 26
31 4 91
31 5 36
31 7 72
31 8 100
31 9 96
31 10 78
31 11 11
31 12 27
31 13 62
31 14 96
31 15 22
31 16 76
31 17 50
31 18 73
31 20 87
31 21 37
31 22 33
31 23 39
31 24 46
31 25 28
31 26 77
31 27 23
31 28 88
31 29 54
31 30 18
31 32 90
31 33 86
31 34 28
31 35 34
31 36 10
31 37 93
31 38 74
31 39 3
31 40 26
31 41 91
31 43 78
31 44 36
31 45 73
31 46 43
31 47 76
31 48 63
31 49 20
31 50 63
31 51 6
31 52 63
31 53 10
31 55 32
31 56 81
31 57 93
31 58 12
31 59 85
31 60 66
31 61 91
31 62 82
31 63 36
31 64 78
31 65 93
31 66 99
31 67 5
31 68 35
31 69 90
31 70 31
31 71 23
31 72 81
31 73 96
31 74 40
31 75 29
31 76 93
31 77 63
31 78 41
31 80 43
31 81 59
31 82 37
31 83 56
31 84 88
31 85 14
31 86 52
31 87 97
31 89 13
31 90 96
31 91 33
31 92 5
31 93 29
31 94 60
31 95 79
31 96 78
31 97 6
31 98 11
31 99 40
32 0 73
32 1 16
32 2 90
32 3 52
32 4 72
32 5 40
32 7 50
32 8 96
32 9 7
32 10 17
32 11 67
32 12 31
32 13 43
32 14 9
32 15 30
32 16 96
32 18 79
32 20 14
32 21 44
32 22 21
32 23 50
32 24 90
32 25 33
32 27 2
32 29 2
32 30 2
32 31 1
32 33 91
32 35 26
32 36 49
32 37 65
32 38 83
32 39 5
32 40 66
32 41 92
32 42 78
32 43 96
32 44 98
32 45 95
32 46 82
32 48 30
32 49 95
32 50 68
32 53 60
32 54 94
32 55 22
32 56 16
32 57 78
32 58 18
32 59 59
32 60 36
32 61 5
32 62 91
32 63 81
32 64 47
32 65 5
32 66 78
32 67 28
32 68 35
32 70 6
32 72 69
32 73 84
32 75 64
32 76 40
32 77 95
32 78 69
32 79 62
32 80 56
32 81 39
32 82 1
32 83 71
32 84 14
32 85 39
32 86 48
32 87 93
32 88 11
32 89 49
32 90 14
32 91 44
32 92 40
32 93 73
32 94 39
32 95 59
32 96 30
32 97 62
32 98 89
32 99 26
33 0 8
33 1 2
33 2 17
33 3 83
33 4 80
33 7 22
33 8 54
33 9 3
33 10 9
33 11 60
33 12 84
33 13 73
33 14 45
33 15 6
33 16 37
33 18 67
33 20 86
33 21 99
33 22 92
33 23 11
33 24 70
33 25 46
33 26 56
33 27 52
33 28 42
33 29 50
33 30 95
33 31 32
33 32 16
33 35 40
33 36 10
33 37 20
33 38 37
33 39 100
33 40 67
33 41 5
33 42 17
33 45 68
33 46 39
33 47 3
33 48 50
33 49 91
33 50 30
33 51 2
33 52 9
33 53 77
33 54 91
33 55 44
33 56 86
33 57 43
33 58 58
33 59 96
33 60 30
33 61 27
33 62 18
33 63 15
33 64 29
33 65 5
33 66 81
33 67 84
33 68 52
33 69 56
33 70 56
33 71 5
33 72 55
33 73 45
33 74 28
33 75 75
33 76 92
33 77 48
33 78 31
33 79 2
33 80 8
33 81 19
33 82 90
33 83 20
33 84 14
33 85 12
33 87 38
33 88 45
33 89 24
33 90 50
33 91 24
33 92 8
33 93 56
33 94 48
33 96 18
33 97 33
33 98 25
33 99 90
34 0 70
34 1 5
34 2 70
34 3 42
34 4 82
34 5 21
34 7 64
34 8 42
34 9 5
34 10 97
34 11 11
34 12 45
34 13 40
34 15 23
34 16 71
34 18 19
34 20 3
34 22 95
34 23 39
34 24 28
34 25 8
34 26 9
34 27 42
34 28 60
34 29 47
34 30 96
34 31 65
34 32 12
34 33 41
34 35 39
34 36 43
34 37 8
34 39 7
34 40 12
34 41 100
34 42 48
34 43 1
34 44 10
34 45 74
34 46 99
34 47 22
34 48 13
34 49 39
34 50 31
34 51 6
34 52 73
34 53 55
34 54 60
34 55 3
34 56 32
34 57 7
34 58 94
34 59 27
34 61 48
34 62 97
34 64 93
34 65 96
34 66 15
34 67 43
34 68 59
34 69 52
34 70 12
34 71 61
34 72 28
34 73 22
34 74 67
34 75 18
34 76 87
34 77 17
34 78 99
34 79 96
34 80 26
34 81 27
34 83 57
34 84 50
34 85 32
34 86 6
34 87 30
34 88 45
34 89 37
34 90 34
34 91 21
34 93 21
34 94 47
34 97 38
34 98 69
34 99 26
35 0 33
35 1 41
35 2 67
35 3 78
35 4 30
35 5 80
35 8 4
35 9 82
35 10 38
35 11 91
35 12 77
35 13 23
35 14 55
35 15 44
35 16 43
35 17 41
35 18 20
35 20 39
35 21 49
35 22 33
35 23 7
35 24 13
35 25 69
35 26 53
35 27 14
35 28 36
35 29 36
35 30 99
35 31 85
35 32 92
35 33 59
35 34 24
35 37 1
35 38 33
35 39 88
35 40 89
35 41 88
35 43 12
35 44 89
35 45 94
35 46 1
35 47 14
35 48 37
35 49 80
35 50 60
35 51 79
35 52 35
35 53 41
35 54 51
35 55 40
35 56 15
35 57 42
35 58 37
35 59 80
35 60 62
35 61 61
35 62 8
35 63 57
35 64 23
35 65 43
35 66 73
35 67 17
35 68 55
35 69 19
35 70 63
35 71 24
35 72 16
35 73 80
35 74 56
35 75 94
35 76 52
35 77 42
35 78 62
35 79 17
35 80 3
35 81 12
35 82 74
35 83 91
35 84 98
35 85 77
35 86 3
35 87 26
35 88 12
35 89 47
35 90 26
35 91 22
35 92 8
35 93 85
35 94 97
35 95 21
35 96 83
35 97 34
35 98 80
35 99 38
36 0 86
36 1 83
36 2 11
36 3 24
36 4 48
36 5 28
36 7 57
36 8 62
36 11 93
36 12 31
36 13 57
36 14 66
36 15 70
36 16 82
36 18 74
36 20 18
36 21 33
36 22 5
36 24 65
36 25 13
36 26 60
36 27 28
36 28 59
36 29 93
36 30 40
36 31 95
36 32 72
36 33 81
36 34 26
36 35 28
36 37 63
36 38 17
36 39 62
36 40 32
36 41 76
36 42 13
36 44 26
36 45 59
36 46 37
36 48 54
36 49 90
36 50 47
36 51 62
36 52 27
36 53 67
36 54 41
36 55 47
36 56 45
36 57 47
36 58 2
36 59 51
36 60 75
36 61 24
36 62 23
36 63 58
36 64 8
36 66 87
36 67 65
36 68 9
36 69 10
36 70 4
36 71 60
36 72 16
36 73 76
36 74 26
36 75 62
36 76 12
36 77 19
36 79 66
36 81 75
36 82 1
36 83 67
36 84 87
36 85 50
36 86 49
36 87 99
36 88 30
36 89 78
36 90 8
36 91 78
36 92 5
36 93 62
36 94 87
36 95 77
36 96 97
36 97 100
36 98 30
36 99 50
37 0 66
37 1 15
37 2 91
37 3 46
37 7 78
37 8 7
37 9 36
37 10 37
37 11 3
37 12 59
37 13 30
37 14 39
37 15 62
37 16 97
37 17 7
37 18 100
37 20 63
37 21 85
37 24 72
37 25 33
37 26 49
37 27 4
37 28 86
37 29 41
37 30 11
37 31 18
37 32 50
37 33 20
37 34 55
37 35 44
37 36 71
37 39 16
37 40 94
37 41 59
37 43 67
37 44 46
37 45 10
37 46 59
37 47 59
37 48 78
37 49 78
37 50 18
37 51 63
37 52 47
37 53 95
37 54 3
37 55 19
37 56 14
37 57 99
37 58 71
37 61 68
37 62 64
37 63 20
37 65 46
37 66 17
37 67 79
37 68 91
37 70 40
37 71 33
37 72 29
37 73 65
37 74 12
37 75 7
37 77 2
37 78 74
37 79 32
37 80 11
37 81 22
37 82 78
37 83 30
37 85 61
37 86 19
37 87 80
37 89 39
37 90 57
37 91 79
37 92 14
37 93 3
37 94 54
37 95 45
37 96 82
37 98 28
37 99 46
38 0 23
38 1 92
38 2 32
38 3 26
38 4 59
38 5 43
38 8 26
38 9 64
38 10 51
38 11 69
38 12 5
38 14 67
38 15 31
38 17 89
38 18 58
38 21 32
38 22 76
38 23 64
38 24 97
38 25 84
38 26 25
38 27 93
38 28 85
38 29 13
38 30 24
38 31 53
38 32 63
38 33 87
38 34 75
38 35 77
38 36 20
38 37 41
38 40 12
38 41 88
38 42 70
38 43 90
38 44 59
38 45 99
38 46 72
38 47 71
38 48 65
38 49 97
38 50 47
38 51 44
38 52 25
38 53 37
38 54 72
38 56 19
38 57 19
38 58 81
38 59 23
38 60 81
38 61 37
38 62 89
38 63 14
38 64 14
38 65 26
38 66 12
38 67 44
38 68 88
38 70 12
38 71 10
38 72 89
38 73 85
38 74 95
38 78 31
38 80 32
38 81 9
38 82 1
38 83 94
38 84 51
38 85 56
38 87 84
38 88 32
38 89 7
38 90 79
38 91 7
38 93 90
38 95 17
38 96 24
38 97 74
38 98 35
38 99 25
39 0 90
39 1 25
39 3 75
39 4 9
39 5 48
39 7 40
39 8 1
39 9 84
39 11 88
39 12 94
39 13 33
39 14 10
39 15 53
39 16 54
39 17 96
39 18 11
39 20 92
39 21 84
39 22 96
39 24 29
39 25 52
39 26 56
39 27 42
39 28 54
39 30 65
39 31 52
39 32 94
39 33 83
39 34 25
39 35 3
39 36 17
39 37 96
39 40 57
39 41 18
39 42 10
39 43 75
39 44 17
39 45 23
39 46 70
39 47 46
39 48 73
39 49 7
39 50 52
39 51 19
39 52 67
39 53 8
39 54 4
39 55 79
39 56 58
39 57 73
39 58 27
39 59 22
39 60 4
39 61 34
39 62 11
39 63 32
39 65 18
39 66 25
39 67 10
39 68 46
39 69 15
39 70 89
39 71 47
39 72 93
39 73 88
39 74 49
39 77 99
39 78 2
39 79 51
39 81 57
39 82 26
39 83 71
39 85 40
39 86 26
39 87 28
39 88 54
39 90 78
39 91 98
39 92 45
39 93 66
39 94 96
39 95 38
39 96 3
39 97 19
39 98 49
39 99 23
40 0 30
40 1 48
40 2 91
40 3 10
40 4 16
40 5 31
40 7 57
40 8 50
40 9 42
40 10 63
40 11 68
40 12 67
40 13 13
40 14 99
40 15 12
40 16 75
40 17 10
40 18 26
40 20 36
40 21 79
40 22 58
40 23 37
40 24 32
40 25 21
40 26 80
40 27 64
40 28 52
40 30 35
40 31 4
40 32 58
40 33 59
40 34 76
40 35 35
40 36 21
40 37 61
40 38 46
40 39 69
40 41 82
40 42 71
40 44 93
40 45 24
40 46 76
40 47 7
40 48 46
40 49 79
40 50 87
40 51 43
40 52 5
40 53 61
40 54 90
40 55 2
40 56 99
40 59 87
40 60 26
40 61 50
40 62 86
40 63 73
40 64 68
40 65 82
40 67 24
40 68 30
40 69 88
40 70 49
40 71 93
40 72 20
40 73 69
40 74 64
40 75 65
40 76 24
40 77 19
40 78 91
40 79 58
40 80 17
40 81 64
40 82 55
40 83 13
40 84 45
40 85 90
40 86 35
40 87 42
40 88 1
40 89 13
40 90 14
40 91 11
40 92 18
40 93 25
40 94 47
40 95 88
40 96 25
40 97 89
40 98 53
40 99 83
41 0 6
41 1 48
41 2 58
41 4 79
41 7 54
41 8 22
41 9 85
41 10 89
41 11 73
41 12 72
41 13 39
41 14 84
41 17 36
41 18 20
41 20 14
41 21 61
41 22 91
41 24 49
41 25 93
41 26 30
41 27 5
41 28 60
41 29 16
41 30 67
41 31 13
41 32 35
41 34 84
41 35 54
41 36 50
41 37 88
41 38 85
41 39 82
41 40 55
41 44 8
41 45 73
41 46 65
41 47 23
41 48 68
41 49 23
41 50 95
41 51 2
41 52 38
41 53 29
41 54 8
41 55 44
41 56 69
41 57 72
41 58 93
41 59 52
41 60 24
41 61 94
41 62 21
41 63 53
41 64 28
41 65 57
41 67 41
41 68 80
41 69 4
41 71 68
41 72 66
41 73 12
41 74 6
41 75 14
41 76 82
41 78 46
41 79 15
41 80 97
41 81 60
41 82 74
41 83 95
41 84 43
41 85 1
41 86 6
41 87 28
41 88 82
41 89 59
41 90 68
41 91 23
41 92 60
41 93 35
41 94 83
41 95 93
41 96 83
41 97 68
41 99 55
42 0 16
42 2 23
42 3 30
42 4 73
42 5 10
42 7 40
42 8 46
42 11 87
42 12 35
42 13 29
42 14 60
42 15 3
42 16 39
42 17 92
42 18 27
42 20 24
42 21 5
42 22 52
42 23 36
42 25 65
42 26 87
42 27 78
42 28 75
42 29 38
42 30 65
42 31 97
42 32 52
42 33 33
42 34 91
42 35 21
42 36 50
42 37 41
42 38 27
42 39 17
42 40 3
42 41 18
42 43 98
42 45 56
42 48 45
42 49 6
42 50 17
42 51 51
42 52 68
42 53 95
42 54 91
42 55 71
42 56 69
42 57 68
42 58 23
42 59 35
42 60 69
42 61 23
42 62 43
42 63 96
42 64 11
42 65 7
42 66 29
42 67 27
42 69 27
42 70 44
42 71 13
42 72 86
42 74 80
42 75 28
42 76 20
42 77 100
42 78 92
42 79 60
42 80 38
42 81 98
42 82 44
42 83 4
42 84 76
42 85 82
42 86 79
42 87 14
42 88 100
42 89 89
42 90 5
42 91 96
42 92 52
42 93 82
42 94 32
42 95 82
42 96 10
42 97 37
42 98 87
42 99 49
43 1 14
43 2 79
43 4 89
43 5 89
43 7 77
43 8 81
43 9 20
43 10 98
43 11 56
43 12 35
43 13 12
43 14 26
43 15 72
43 16 72
43 17 54
43 18 4
43 20 39
43 21 62
43 22 29
43 24 46
43 25 28
43 26 94
43 27 70
43 28 55
43 29 56
43 30 73
43 31 39
43 32 37
43 33 78
43 34 32
43 35 3
43 36 1
43 37 48
43 38 67
43 39 78
43 40 59
43 41 56
43 42 73
43 44 30
43 46 44
43 49 23
43 50 4
43 51 56
43 52 75
43 53 44
43 54 52
43 55 61
43 56 77
43 57 7
43 58 59
43 60 87
43 61 23
43 63 23
43 64 93
43 65 78
43 66 46
43 67 5
43 68 69
43 69 51
43 70 40
43 71 98
43 72 11
43 73 92
43 74 54
43 75 23
43 76 30
43 77 37
43 78 57
43 80 42
43 81 9
43 82 8
43 83 7
43 84 64
43 85 5
43 86 13
43 87 59
43 88 68
43 89 23
43 90 96
43 91 62
43 92 83
43 93 16
43 94 71
43 95 13
43 96 74
43 97 89
43 98 31
43 99 90
44 0 38
44 1 4
44 2 16
44 3 86
44 5 30
44 7 21
44 8 40
44 9 65
44 10 18
44 11 12
44 12 63
44 13 42
44 14 84
44 15 87
44 16 58
44 17 40
44 18 17
44 20 92
44 21 27
44 22 53
44 23 4
44 24 69
44 25 64
44 26 44
44 27 100
44 28 7
44 29 98
44 30 31
44 31 32
44 32 19
44 33 33
44 35 60
44 36 72
44 37 16
44 38 45
44 39 80
44 40 86
44 41 54
44 42 74
44 46 18
44 47 14
44 48 82
44 49 10
44 50 81
44 52 64
44 53 27
44 54 44
44 55 48
44 56 96
44 57 50
44 58 37
44 60 59
44 61 40
44 62 89
44 63 63
44 64 71
44 66 65
44 67 93
44 68 54
44 69 49
44 70 51
44 71 7
44 72 27
44 73 69
44 74 5
44 75 19
44 76 86
44 77 25
44 78 39
44 79 41
44 81 53
44 82 28
44 83 61
44 84 67
44 85 61
44 86 52
44 87 28
44 88 29
44 89 65
44 90 6
44 91 99
44 92 1
44 93 12
44 94 8
44 95 52
44 96 62
44 97 14
44 98 56
44 99 86
45 0 17
45 1 60
45 2 61
45 3 79
45 4 61
45 5 96
45 7 87
45 10 89
45 12 12
45 13 99
45 14 56
45 15 82
45 16 20
45 17 48
45 18 34
45 20 46
45 21 64
45 23 16
45 24 36
45 25 21
45 28 62
45 29 94
45 30 37
45 31 58
45 32 10
45 33 25
45 34 62
45 35 2
45 36 66
45 37 30
45 39 15
45 40 69
45 41 31
45 42 91
45 43 16
45 44 14
45 46 40
45 47 82
45 48 35
45 49 91
45 50 3
45 51 51
45 52 36
45 53 39
45 54 34
45 56 93
45 57 63
45 58 81
45 60 77
45 61 11
45 62 97
45 63 5
45 64 32
45 66 21
45 67 28
45 68 13
45 69 72
45 70 65
45 71 66
45 72 9
45 73 78
45 74 55
45 75 33
45 76 28
45 77 86
45 79 23
45 80 36
45 81 42
45 82 33
45 83 62
45 84 72
45 85 70
45 86 70
45 87 35
45 88 52
45 90 50
45 92 83
45 93 63
45 94 13
45 95 27
45 96 42
45 97 49
45 98 13
45 99 47
46 0 97
46 1 93
46 2 66
46 3 20
46 4 96
46 5 41
46 7 26
46 8 24
46 9 59
46 10 53
46 11 59
46 12 8
46 13 59
46 14 53
46 15 52
46 16 8
46 17 86
46 18 94
46 20 7
46 21 76
46 23 25
46 24 87
46 25 33
46 26 80
46 27 32
46 28 62
46 29 87
46 30 81
46 31 21
46 32 14
46 33 75
46 34 66
46 35 72
46 37 75
46 38 53
46 39 16
46 40 11
46 41 18
46 42 60
46 43 80
46 44 45
46 45 100
46 47 61
46 48 24
46 49 42
46 51 86
46 52 97
46 54 24
46 55 45
46 56 6
46 57 62
46 58 96
46 59 52
46 60 72
46 61 79
46 63 1
46 64 20
46 65 69
46 66 91
46 67 19
46 68 13
46 69 64
46 70 98
46 71 63
46 72 14
46 73 92
46 74 32
46 75 50
46 76 72
46 77 1
46 78 69
46 79 45
46 80 77
46 81 44
46 82 66
46 83 65
46 85 88
46 86 34
46 87 83
46 88 17
46 90 88
46 91 61
46 92 93
46 93 54
46 94 24
46 95 12
46 96 32
46 97 2
46 98 41
46 99 9
47 0 23
47 1 27
47 2 56
47 3 27
47 4 74
47 5 67
47 7 4
47 8 81
47 9 3
47 10 52
47 11 52
47 12 18
47 13 51
47 14 10
47 15 62
47 18 15
47 20 18
47 21 33
47 22 35
47 23 69
47 24 94
47 25 22
47 26 75
47 27 7
47 28 82
47 29 6
47 30 32
47 31 85
47 32 69
47 33 56
47 34 9
47 35 33
47 36 83
47 37 77
47 38 78
47 39 84
47 40 55
47 42 3
47 43 7
47 44 64
47 45 19
47 46 40
47 48 50
47 49 5
47 50 81
47 51 39
47 52 10
47 53 57
47 54 87
47 55 43
47 56 82
47 57 46
47 58 23
47 60 41
47 61 16
47 62 29
47 63 33
47 64 87
47 68 23
47 69 14
47 70 9
47 71 80
47 72 26
47 73 23
47 74 63
47 75 2
47 76 45
47 77 62
47 78 31
47 79 3
47 80 82
47 81 56
47 82 72
47 83 91
47 84 47
47 85 63
47 86 41
47 87 21
47 88 38
47 89 17
47 90 45
47 91 90
47 92 75
47 93 48
47 94 23
47 95 57
47 96 89
47 97 87
47 98 40
47 99 71
48 0 93
48 2 37
48 3 80
48 4 56
48 5 69
48 8 31
48 9 21
48 10 14
48 11 67
48 12 6
48 13 79
48 14 75
48 15 11
48 16 29
48 17 54
48 18 71
48 20 60
48 21 39
48 22 82
48 23 70
48 24 67
48 25 53
48 26 76
48 27 68
48 28 72
48 29 20
48 30 44
48 31 29
48 32 95
48 33 69
48 34 54
48 35 56
48 36 59
48 37 68
48 39 93
48 40 47
48 41 59
48 42 12
48 43 94
48 44 34
48 45 22
48 46 66
48 47 30
48 49 7
48 50 84
48 51 36
48 52 44
48 54 11
48 55 88
48 56 12
48 58 55
48 59 21
48 61 1
48 62 63
48 63 47
48 64 60
48 65 29
48 66 43
48 67 47
48 69 78
48 70 79
48 71 18
48 72 38
48 73 20
48 74 34
48 75 62
48 76 67
48 77 19
48 78 56
48 79 53
48 80 69
48 82 28
48 83 24
48 84 12
48 85 25
48 86 33
48 87 38
48 88 72
48 89 37
48 90 71
48 91 91
48 92 58
48 93 67
48 94 28
48 95 50
48 96 23
48 97 78
48 98 37
48 99 31
49 0 1
49 1 9
49 2 76
49 3 5
49 4 38
49 5 13
49 7 9
49 8 83
49 9 25
49 10 43
49 11 54
49 12 44
49 13 69
49 14 6
49 15 89
49 16 93
49 17 86
49 18 100
49 20 98
49 21 97
49 23 68
49 24 91
49 25 85
49 26 53
49 27 22
49 28 74
49 29 60
49 30 11
49 31 80
49 32 40
49 33 12
49 35 61
49 36 50
49 39 34
49 40 72
49 41 40
49 42 62
49 43 86
49 45 4
49 46 72
49 47 58
49 48 71
49 50 1
49 51 63
49 53 54
49 54 68
49 55 96
49 56 68
49 57 8
49 58 47
49 59 19
49 60 99
49 61 57
49 62 63
49 63 2
49 65 35
49 66 6
49 67 46
49 68 29
49 70 8
49 71 14
49 72 40
49 73 96
49 74 45
49 75 31
49 76 73
49 78 24
49 79 29
49 81 40
49 82 37
49 83 58
49 84 40
49 85 4
49 86 71
49 88 90
49 89 25
49 90 4
49 91 8
49 92 29
49 93 52
49 94 70
49 95 99
49 96 30
49 98 62
49 99 4
50 0 12
50 1 82
50 2 5
50 3 2
50 4 38
50 5 16
50 7 53
50 8 8
50 9 81
50 10 5
50 11 57
50 12 90
50 13 7
50 14 2
50 15 62
50 16 68
50 18 65
50 20 58
50 22 10
50 23 29
50 24 73
50 25 58
50 26 46
50 27 79
50 29 44
50 30 80
50 31 5
50 32 7
50 33 56
50 34 86
50 35 15
50 36 75
50 37 91
50 38 95
50 39 93
50 40 94
50 41 10
50 42 74
50 43 42
50 44 87
50 45 95
50 46 81
50 47 52
50 48 75
50 49 83
50 51 52
50 53 58
50 54 26
50 55 55
50 56 63
50 57 46
50 58 34
50 60 41
50 61 77
50 63 26
50 64 42
50 65 50
50 66 51
50 67 39
50 68 38
50 69 13
50 71 62
50 73 74
50 74 42
50 75 50
50 76 13
50 77 17
50 78 22
50 79 19
50 80 100
50 81 40
50 82 43
50 83 97
50 84 88
50 85 95
50 86 75
50 87 81
50 88 10
50 90 64
50 91 55
50 92 58
50 93 36
50 94 3
50 95 24
50 96 85
50 97 67
50 98 99
50 99 65
51 0 56
51 1 78
51 2 92
51 3 45
51 4 75
51 5 77
51 7 30
51 8 69
51 9 15
51 10 61
51 12 48
51 13 77
51 14 43
51 16 4
51 17 44
51 20 87
51 22 31
51 23 82
51 24 77
51 25 9
51 26 40
51 27 89
51 28 51
51 29 17
51 30 77
51 31 44
51 32 71
51 33 35
51 36 75
51 37 20
51 38 94
51 39 43
51 40 98
51 41 82
51 42 64
51 43 19
51 44 24
51 45 60
51 46 16
51 47 38
51 48 3
51 49 42
51 50 80
51 52 86
51 53 69
51 54 39
51 55 47
51 56 79
51 57 100
51 58 96
51 59 96
51 60 41
51 61 13
51 62 98
51 64 41
51 65 16
51 66 35
51 67 97
51 68 75
51 70 76
51 71 87
51 72 35
51 74 30
51 75 86
51 76 92
51 78 9
51 79 66
51 80 52
51 81 34
51 82 47
51 83 38
51 84 78
51 85 97
51 86 51
51 87 54
51 88 20
51 91 50
51 92 53
51 93 12
51 96 59
51 97 97
51 98 38
51 99 97
52 0 21
52 1 40
52 2 49
52 3 21
52 4 28
52 5 17
52 7 94
52 9 64
52 10 8
52 11 9
52 12 35
52 13 78
52 14 46
52 15 98
52 16 90
52 17 19
52 18 7
52 20 6
52 21 77
52 22 10
52 23 63
52 24 30
52 25 5
52 26 32
52 27 97
52 28 60
52 31 74
52 32 25
52 33 94
52 34 35
52 35 83
52 36 99
52 37 81
52 38 54
52 39 3
52 40 47
52 41 82
52 42 41
52 43 10
52 45 77
52 46 90
52 48 77
52 49 97
52 50 55
52 51 32
52 54 70
52 55 48
52 56 93
52 57 8
52 58 9
52 59 56
52 60 6
52 61 36
52 62 47
52 63 73
52 65 89
52 66 67
52 67 89
52 68 24
52 69 59
52 70 95
52 71 74
52 72 33
52 74 23
52 76 6
52 77 28
52 78 42
52 79 63
52 80 58
52 81 66
52 82 35
52 83 23
52 86 100
52 87 39
52 88 78
52 89 61
52 90 96
52 91 76
52 92 2
52 93 23
52 94 27
52 95 48
52 96 8
52 97 68
52 98 76
53 0 88
53 1 73
53 2 53
53 3 48
53 4 48
53 5 100
53 7 34
53 8 59
53 9 83
53 10 13
53 11 33
53 12 16
53 13 72
53 14 78
53 15 93
53 16 72
53 17 81
53 18 89
53 20 51
53 22 28
53 23 4
53 24 28
53 25 62
53 26 12
53 27 11
53 28 100
53 29 89
53 30 59
53 31 62
53 32 88
53 33 51
53 34 67
53 35 62
53 36 90
53 37 82
53 38 68
53 39 76
53 40 62
53 41 40
53 42 37
53 43 27
53 44 77
53 45 41
53 47 26
53 48 96
53 49 46
53 50 69
53 51 18
53 52 27
53 54 30
53 55 64
53 56 24
53 57 39
53 58 2
53 59 35
53 60 31
53 61 38
53 62 32
53 63 31
53 64 87
53 65 34
53 66 78
53 67 16
53 68 43
53 69 20
53 70 6
53 71 86
53 72 25
53 74 77
53 76 32
53 77 52
53 78 19
53 79 22
53 80 12
53 81 95
53 82 15
53 83 60
53 84 1
53 85 41
53 86 14
53 87 26
53 88 4
53 89 41
53 91 70
53 92 27
53 94 69
53 95 47
53 96 62
53 97 96
53 99 79
54 0 79
54 1 40
54 2 51
54 3 37
54 4 38
54 5 26
54 7 62
54 8 79
54 9 66
54 10 84
54 11 12
54 13 42
54 14 68
54 15 94
54 16 67
54 17 49
54 18 28
54 20 40
54 22 76
54 23 58
54 24 82
54 25 27
54 26 64
54 28 45
54 29 50
54 30 3
54 31 67
54 32 78
54 33 17
54 34 50
54 35 18
54 36 1
54 37 66
54 38 75
54 39 12
54 40 68
54 41 49
54 42 67
54 43 61
54 44 80
54 45 21
54 46 36
54 47 28
54 48 61
54 49 73
54 50 2
54 51 89
54 52 33
54 53 14
54 55 45
54 56 54
54 57 90
54 58 28
54 59 25
54 60 4
54 61 42
54 62 2
54 64 79
54 65 81
54 66 46
54 67 82
54 68 71
54 69 96
54 70 16
54 71 52
54 72 32
54 73 85
54 75 23
54 77 9
54 78 29
54 80 21
54 81 99
54 82 68
54 83 77
54 84 44
54 85 50
54 86 56
54 87 24
54 88 11
54 89 34
54 91 82
54 93 21
54 94 43
54 95 24
54 96 20
54 97 80
54 98 79
55 0 21
55 1 100
55 2 5
55 3 40
55 4 24
55 5 88
55 7 18
55 8 37
55 9 89
55 10 99
55 11 8
55 12 76
55 14 84
55 15 94
55 16 89
55 17 62
55 18 3
55 20 21
55 21 90
55 22 66
55 23 33
55 24 62
55 25 58
55 26 51
55 27 72
55 28 62
55 29 60
55 30 58
55 31 32
55 33 32
55 34 89
55 35 24
55 36 63
55 37 67
55 38 71
55 39 5
55 41 78
55 42 71
55 43 9
55 44 6
55 45 85
55 46 54
55 49 69
55 50 5
55 51 4
55 52 44
55 53 12
55 54 94
55 56 99
55 57 88
55 58 32
55 59 35
55 60 60
55 61 37
55 62 43
55 63 8
55 64 56
55 65 56
55 66 51
55 67 93
55 68 47
55 69 7
55 70 70
55 71 52
55 72 28
55 74 57
55 75 18
55 76 49
55 77 55
55 79 71
55 81 93
55 82 22
55 83 68
55 84 14
55 85 26
55 86 98
55 87 62
55 88 16
55 89 76
55 90 10
55 91 8
55 92 3
55 93 89
55 94 14
55 95 61
55 96 59
55 97 77
55 98 95
55 99 97
56 0 32
56 1 98
56 2 18
56 3 2
56 4 64
56 5 97
56 7 91
56 8 69
56 11 100
56 12 71
56 13 26
56 14 76
56 15 95
56 17 11
56 18 45
56 20 6
56 21 51
56 22 91
56 23 58
56 24 15
56 25 61
56 26 46
56 27 35
56 28 73
56 29 82
56 30 48
56 31 30
56 33 87
56 34 17
56 35 14
56 36 19
56 37 30
56 38 29
56 39 86
56 40 57
56 41 12
56 42 26
56 43 7
56 44 52
56 45 17
56 46 2
56 47 4
56 48 81
56 49 40
56 50 85
56 51 28
56 52 89
56 53 16
56 54 77
56 55 27
56 57 54
56 58 34
56 59 9
56 61 5
56 62 53
56 63 67
56 64 27
56 65 69
56 66 46
56 67 43
56 69 44
56 70 58
56 71 47
56 72 32
56 73 44
56 74 100
56 75 42
56 77 33
56 78 90
56 79 68
56 80 54
56 81 23
56 82 72
56 84 49
56 85 15
56 86 55
56 87 1
56 89 74
56 90 57
56 91 19
56 92 43
56 93 71
56 94 86
56 95 19
56 96 56
56 97 97
56 98 17
56 99 42
57 0 72
57 1 73
57 2 60
57 3 16
57 5 30
57 7 31
57 8 95
57 9 51
57 10 75
57 11 93
57 13 97
57 14 7
57 15 64
57 17 47
57 18 15
57 20 66
57 21 70
57 22 52
57 23 18
57 24 60
57 25 34
57 26 74
57 27 97
57 28 80
57 29 11
57 31 17
57 32 41
57 34 66
57 35 62
57 36 21
57 37 67
57 38 35
57 40 71
57 41 90
57 42 86
57 43 14
57 44 32
57 45 72
57 46 6
57 47 16
57 48 10
57 49 59
57 50 65
57 51 89
57 53 94
57 54 43
57 55 95
57 56 91
57 58 49
57 59 23
57 60 64
57 62 78
57 64 64
57 66 47
57 67 7
57 68 62
57 69 7
57 70 63
57 71 70
57 72 44
57 73 55
57 74 88
57 75 50
57 76 41
57 77 98
57 79 95
57 80 87
57 81 83
57 82 82
57 83 98
57 84 36
57 85 45
57 86 47
57 87 16
57 88 57
57 89 76
57 91 48
57 92 70
57 93 45
57 94 73
57 95 55
57 96 65
57 97 100
57 98 19
57 99 45
58 0 64
58 1 43
58 2 23
58 3 1
58 4 18
58 5 58
58 7 45
58 8 87
58 9 65
58 10 26
58 11 53
58 12 5
58 13 69
58 14 3
58 15 16
58 17 44
58 18 78
58 20 19
58 21 91
58 23 52
58 24 66
58 25 16
58 26 24
58 27 69
58 28 23
58 29 55
58 30 29
58 31 48
58 32 36
58 34 41
58 35 85
58 36 17
58 38 33
58 39 18
58 40 33
58 41 83
58 42 41
58 43 53
58 45 72
58 46 100
58 47 72
58 49 76
58 50 28
58 51 95
58 52 44
58 53 30
58 54 53
58 55 42
58 56 1
58 59 95
58 60 83
58 61 7
58 62 88
58 63 67
58 64 76
58 65 80
58 66 8
58 67 82
58 68 7
58 69 76
58 70 75
58 71 79
58 72 51
58 73 16
58 75 36
58 76 77
58 77 23
58 78 100
58 79 22
58 80 7
58 81 47
58 82 92
58 83 96
58 84 25
58 85 98
58 86 82
58 87 36
58 88 5
58 89 5
58 90 67
58 91 95
58 93 93
58 94 92
58 95 45
58 96 56
58 97 30
58 98 94
58 99 98
59 0 94
59 1 89
59 3 76
59 4 93
59 5 81
59 8 23
59 9 10
59 10 22
59 11 90
59 12 45
59 13 21
59 14 12
59 15 79
59 16 62
59 17 1
59 18 97
59 20 41
59 22 100
59 23 47
59 26 30
59 27 1
59 28 40
59 29 91
59 30 85
59 31 100
59 32 26
59 33 34
59 34 57
59 35 1
59 36 43
59 37 79
59 38 2
59 39 3
59 40 45
59 41 25
59 42 2
59 43 63
59 44 52
59 45 98
59 46 76
59 47 51
59 48 95
59 49 13
59 50 63
59 51 21
59 52 13
59 53 80
59 54 61
59 55 32
59 57 17
59 58 88
59 60 22
59 61 33
59 62 26
59 63 11
59 64 48
59 65 29
59 66 12
59 67 43
59 68 20
59 69 42
59 70 30
59 71 15
59 72 66
59 73 9
59 74 26
59 75 57
59 76 29
59 77 35
59 78 70
59 79 26
59 80 18
59 81 28
59 82 6
59 83 98
59 85 21
59 86 63
59 87 67
59 88 72
59 92 71
59 93 27
59 94 77
59 95 51
59 96 36
59 97 84
59 99 59
60 0 39
60 4 66
60 7 8
60 8 61
60 9 79
60 10 32
60 11 52
60 12 44
60 13 99
60 14 19
60 15 23
60 16 56
60 17 92
60 18 69
60 20 14
60 21 23
60 22 33
60 23 88
60 25 37
60 26 24
60 27 66
60 28 19
60 29 17
60 30 29
60 31 38
60 32 49
60 33 96
60 34 38
60 35 63
60 36 51
60 37 84
60 38 18
60 39 74
60 40 31
60 41 74
60 42 57
60 43 57
60 44 78
60 45 12
60 46 32
60 47 74
60 48 52
60 49 97
60 50 66
60 51 41
60 52 59
60 53 13
60 54 18
60 55 29
60 56 29
60 57 53
60 58 78
60 59 26
60 61 33
60 62 46
60 63 74
60 64 47
60 65 77
60 66 92
60 67 21
60 68 40
60 69 95
60 70 59
60 71 29
60 72 23
60 73 6
60 74 10
60 75 46
60 76 94
60 77 36
60 78 12
60 79 74
60 80 49
60 81 30
60 82 31
60 83 90
60 84 87
60 85 81
60 86 26
60 87 53
60 88 80
60 89 82
60 90 52
60 91 72
60 92 82
60 93 70
60 94 36
60 95 31
60 96 40
60 97 4
60 98 74
60 99 30
61 0 26
61 1 66
61 2 49
61 3 57
61 4 40
61 5 6
61 8 94
61 9 59
61 10 38
61 11 37
61 12 37
61 13 67
61 14 22
61 15 44
61 16 75
61 17 42
61 18 72
61 20 44
61 21 41
61 22 68
61 24 11
61 25 68
61 26 10
61 27 17
61 28 77
61 29 83
61 30 42
61 31 33
61 32 87
61 33 22
61 34 79
61 35 72
61 36 94
61 37 50
61 38 47
61 39 33
61 40 97
61 41 99
61 42 84
61 43 92
61 44 22
61 45 84
61 46 63
61 47 13
61 48 4
61 49 82
61 50 70
61 51 32
61 52 21
61 53 39
61 54 91
61 55 75
61 56 35
61 57 59
61 58 30
61 59 40
61 60 28
61 62 63
61 63 25
61 64 59
61 65 14
61 66 56
61 67 47
61 68 16
61 70 77
61 71 56
61 72 69
61 73 19
61 74 41
61 76 73
61 77 11
61 78 29
61 79 69
61 80 98
61 81 60
61 82 28
61 83 79
61 84 17
61 86 65
61 87 10
61 88 98
61 89 36
61 91 63
61 92 4
61 93 68
61 94 3
61 95 53
61 96 96
61 97 80
61 98 93
62 0 91
62 1 6
62 2 6
62 4 5
62 5 22
62 7 77
62 8 3
62 9 67
62 10 23
62 11 53
62 12 44
62 13 8
62 14 48
62 15 28
62 16 99
62 17 42
62 18 38
62 20 100
62 21 31
62 22 75
62 23 94
62 24 77
62 25 70
62 26 61
62 27 5
62 28 77
62 29 14
62 30 29
62 31 48
62 32 1
62 33 68
62 34 51
62 35 79
62 36 86
62 37 12
62 38 15
62 39 59
62 40 26
62 41 15
62 42 89
62 43 73
62 44 61
62 45 13
62 46 4
62 47 24
62 48 97
62 49 85
62 50 65
62 51 97
62 52 20
62 53 94
62 55 95
62 57 45
62 58 33
62 59 40
62 60 91
62 63 21
62 64 6
62 65 6
62 66 96
62 67 45
62 68 64
62 69 8
62 70 6
62 71 92
62 72 52
62 73 52
62 74 49
62 75 72
62 76 84
62 77 80
62 78 21
62 79 3
62 80 19
62 81 2
62 82 28
62 83 8
62 85 59
62 86 65
62 87 72
62 88 44
62 89 7
62 90 17
62 91 10
62 92 89
62 95 60
62 96 90
62 97 60
62 98 83
63 1 68
63 2 17
63 3 26
63 4 13
63 5 78
63 7 6
63 8 76
63 9 25
63 10 82
63 11 50
63 12 66
63 13 44
63 14 56
63 15 1
63 16 92
63 17 71
63 18 5
63 20 13
63 21 33
63 22 57
63 24 46
63 25 65
63 26 65
63 27 78
63 28 14
63 29 49
63 30 71
63 31 80
63 32 81
63 33 70
63 34 63
63 35 98
63 36 27
63 37 33
63 38 54
63 39 22
63 40 6
63 41 49
63 42 99
63 43 98
63 44 29
63 45 14
63 46 51
63 47 88
63 48 67
63 49 76
63 50 36
63 51 87
63 52 11
63 53 49
63 54 75
63 55 40
63 56 23
63 57 100
63 58 65
63 59 29
63 60 15
63 61 79
63 62 83
63 64 20
63 65 83
63 66 86
63 67 27
63 68 14
63 69 13
63 70 61
63 71 85
63 72 93
63 73 44
63 74 42
63 75 25
63 77 58
63 78 100
63 79 65
63 80 22
63 81 97
63 82 43
63 83 73
63 84 3
63 85 4
63 86 73
63 87 77
63 88 60
63 89 91
63 90 82
63 91 77
63 92 53
63 93 70
63 94 87
63 95 5
63 96 68
63 97 56
63 98 74
63 99 77
64 0 79
64 2 86
64 3 85
64 4 25
64 5 6
64 7 67
64 8 25
64 9 64
64 10 50
64 11 68
64 12 54
64 13 63
64 14 54
64 15 6
64 16 36
64 17 40
64 18 23
64 21 98
64 22 32
64 23 90
64 24 88
64 26 86
64 27 26
64 28 14
64 29 97
64 30 12
64 31 29
64 32 34
64 33 23
64 34 24
64 35 57
64 37 62
64 38 72
64 39 92
64 40 99
64 41 4
64 42 84
64 43 65
64 44 17
64 45 60
64 46 11
64 47 63
64 48 89
64 49 24
64 50 46
64 51 38
64 52 94
64 53 13
64 54 18
64 55 10
64 56 64
64 57 86
64 58 19
64 59 85
64 60 82
64 61 73
64 62 11
64 65 95
64 66 95
64 67 63
64 68 44
64 69 100
64 70 95
64 72 13
64 73 66
64 74 17
64 75 68
64 76 10
64 77 9
64 80 92
64 81 36
64 82 24
64 83 59
64 85 27
64 87 17
64 88 17
64 89 36
64 90 9
64 91 6
64 92 86
64 93 63
64 94 57
64 95 94
64 96 38
64 97 6
64 99 75
65 0 37
65 1 90
65 2 52
65 3 64
65 5 73
65 7 73
65 8 18
65 9 12
65 10 65
65 11 62
65 12 71
65 13 99
65 15 69
65 16 24
65 17 76
65 18 59
65 20 31
65 21 55
65 22 69
65 23 76
65 24 14
65 25 82
65 26 93
65 27 16
65 29 69
65 30 34
65 31 17
65 33 44
65 34 39
65 35 93
65 37 29
65 38 7
65 39 81
65 41 87
65 42 68
65 43 37
65 44 28
65 45 96
65 46 74
65 47 79
65 48 100
65 49 12
65 50 81
65 51 50
65 52 51
65 53 66
65 54 100
65 55 26
65 56 37
65 57 33
65 58 58
65 60 100
65 61 15
65 62 34
65 63 47
65 64 11
65 66 79
65 67 4
65 68 64
65 69 58
65 70 49
65 71 16
65 72 52
65 73 47
65 74 73
65 75 27
65 76 3
65 77 88
65 78 10
65 79 6
65 80 38
65 81 1
65 82 55
65 83 2
65 84 14
65 85 23
65 86 77
65 87 14
65 88 7
65 89 11
65 90 9
65 91 88
65 92 45
65 93 68
65 95 44
65 96 81
65 97 50
65 98 68
65 99 43
66 0 94
66 1 31
66 3 33
66 4 4
66 8 70
66 9 94
66 10 74
66 11 81
66 13 24
66 14 25
66 15 1
66 16 57
66 17 66
66 18 42
66 20 85
66 21 77
66 22 92
66 23 19
66 24 9
66 25 20
66 26 36
66 27 44
66 28 11
66 29 52
66 30 82
66 31 100
66 32 22
66 33 10
66 34 77
66 35 75
66 36 59
66 37 88
66 38 30
66 39 19
66 40 85
66 41 35
66 42 30
66 43 29
66 44 83
66 45 33
66 46 82
66 47 74
66 48 42
66 50 42
66 51 100
66 52 62
66 53 25
66 54 78
66 55 58
66 56 9
66 57 16
66 58 90
66 60 54
66 61 43
66 63 20
66 64 20
66 65 96
66 68 36
66 69 83
66 70 33
66 71 79
66 72 30
66 73 18
66 74 25
66 75 58
66 76 94
66 77 20
66 78 69
66 79 92
66 81 66
66 82 36
66 83 27
66 84 15
66 85 49
66 86 91
66 87 21
66 88 84
66 89 13
66 90 51
66 91 22
66 92 33
66 93 100
66 94 25
66 95 11
66 96 96
66 97 11
66 98 34
66 99 77
67 0 11
67 1 58
67 2 8
67 3 56
67 5 45
67 7 89
67 8 90
67 9 28
67 10 60
67 11 72
67 13 62
67 14 67
67 15 15
67 16 61
67 17 70
67 18 42
67 21 37
67 22 62
67 23 12
67 24 32
67 26 91
67 27 97
67 28 13
67 29 24
67 30 93
67 32 45
67 33 18
67 34 60
67 35 32
67 37 1
67 38 38
67 39 55
67 40 56
67 41 48
67 42 30
67 43 58
67 44 19
67 45 30
67 46 22
67 47 53
67 48 5
67 49 2
67 50 36
67 51 22
67 52 46
67 53 67
67 54 25
67 55 22
67 56 41
67 57 18
67 58 76
67 59 27
67 60 96
67 61 7
67 62 16
67 63 75
67 64 29
67 65 31
67 66 47
67 68 76
67 69 72
67 71 30
67 72 60
67 73 36
67 74 86
67 75 80
67 76 98
67 77 48
67 78 89
67 79 74
67 80 55
67 81 41
67 82 78
67 83 64
67 84 80
67 85 13
67 86 85
67 87 70
67 88 4
67 90 83
67 91 74
67 92 42
67 93 82
67 94 91
67 95 55
67 96 42
67 97 1
67 98 80
67 99 4
68 0 38
68 1 16
68 2 30
68 3 96
68 4 33
68 5 42
68 7 59
68 8 40
68 9 88
68 10 41
68 12 94
68 13 85
68 14 22
68 15 9
68 16 70
68 17 64
68 18 59
68 20 57
68 21 8
68 22 61
68 23 34
68 24 80
68 25 99
68 26 50
68 27 64
68 28 34
68 29 77
68 30 84
68 31 20
68 32 48
68 33 45
68 34 46
68 35 81
68 36 35
68 37 70
68 38 62
68 39 56
68 40 98
68 41 52
68 42 85
68 43 3
68 44 25
68 45 40
68 46 81
68 47 79
68 48 48
68 49 99
68 50 75
68 52 16
68 53 47
68 54 91
68 55 72
68 56 36
68 57 16
68 58 98
68 59 89
68 60 15
68 61 53
68 62 40
68 63 41
68 64 80
68 65 15
68 67 21
68 69 33
68 70 78
68 72 78
68 73 15
68 74 87
68 75 94
68 77 66
68 78 4
68 79 4
68 80 8
68 81 58
68 82 14
68 83 2
68 84 7
68 85 83
68 86 62
68 87 58
68 88 91
68 89 60
68 90 56
68 91 41
68 92 55
68 93 8
68 94 40
68 95 63
68 96 98
68 97 47
69 0 13
69 1 30
69 2 22
69 3 36
69 4 92
69 5 2
69 7 15
69 8 24
69 9 49
69 10 40
69 11 29
69 12 18
69 13 28
69 14 26
69 15 77
69 16 50
69 17 31
69 18 24
69 20 91
69 21 98
69 22 92
69 24 44
69 25 32
69 26 61
69 27 49
69 28 98
69 29 11
69 30 52
69 31 21
69 32 73
69 33 94
69 34 53
69 35 25
69 36 8
69 37 27
69 38 28
69 39 29
69 40 89
69 42 2
69 43 29
69 44 30
69 46 27
69 47 87
69 48 88
69 51 2
69 52 7
69 54 77
69 55 82
69 56 7
69 57 80
69 58 97
69 59 47
69 61 82
69 62 9
69 63 69
69 64 22
69 67 75
69 68 66
69 70 100
69 71 56
69 72 68
69 73 74
69 74 40
69 75 74
69 76 17
69 77 39
69 78 67
69 79 24
69 80 72
69 81 24
69 82 79
69 83 30
69 84 33
69 85 44
69 86 38
69 87 79
69 88 47
69 89 46
69 90 30
69 91 50
69 92 62
69 93 70
69 94 68
69 95 25
69 96 31
69 97 56
69 98 98
69 99 43
70 0 86
70 1 88
70 2 4
70 3 12
70 4 75
70 5 74
70 7 50
70 8 35
70 9 30
70 11 83
70 12 61
70 13 96
70 14 11
70 15 53
70 16 13
70 17 51
70 18 35
70 20 6
70 21 50
70 22 15
70 23 88
70 24 33
70 25 28
70 26 92
70 27 63
70 28 100
70 30 39
70 31 62
70 32 76
70 33 37
70 35 92
70 36 19
70 37 55
70 38 24
70 39 87
70 40 74
70 41 42
70 42 38
70 43 61
70 44 81
70 45 23
70 46 62
70 47 81
70 48 91
70 49 36
70 50 8
70 51 8
70 52 24
70 53 88
70 54 40
70 55 4
70 56 58
70 57 87
70 58 77
70 59 99
70 60 21
70 61 49
70 62 82
70 63 35
70 64 3
70 65 19
70 66 25
70 67 89
70 68 52
70 71 24
70 72 90
70 73 61
70 74 26
70 75 50
70 76 60
70 77 62
70 78 78
70 79 74
70 81 17
70 82 36
70 83 31
70 85 62
70 86 66
70 87 45
70 88 83
70 89 38
70 90 43
70 91 50
70 92 40
70 93 8
70 94 51
70 95 51
70 96 49
70 98 99
70 99 77
71 0 13
71 1 23
71 2 93
71 3 41
71 4 93
71 5 67
71 7 16
71 9 64
71 10 20
71 11 8
71 12 50
71 13 6
71 14 86
71 15 25
71 16 25
71 17 45
71 18 98
71 20 36
71 21 29
71 22 81
71 23 43
71 24 32
71 25 28
71 27 81
71 28 10
71 29 88
71 30 36
71 31 24
71 32 42
71 33 99
71 35 79
71 36 16
71 37 73
71 38 95
71 39 56
71 40 59
71 41 60
71 42 23
71 43 33
71 44 15
71 45 69
71 46 38
71 47 67
71 48 31
71 49 31
71 50 99
71 51 53
71 52 27
71 53 49
71 54 28
71 55 53
71 56 30
71 57 99
71 58 17
71 59 7
71 60 55
71 61 64
71 63 12
71 64 60
71 65 88
71 66 4
71 67 95
71 68 90
71 69 79
71 70 11
71 72 95
71 73 7
71 74 48
71 75 96
71 76 77
71 77 9
71 78 18
71 79 97
71 80 79
71 81 88
71 82 78
71 83 13
71 84 62
71 85 57
71 86 15
71 88 94
71 89 47
71 90 78
71 91 81
71 92 34
71 93 93
71 95 72
71 96 96
71 97 76
71 98 51
71 99 68
72 0 18
72 1 23
72 2 50
72 3 39
72 4 68
72 5 40
72 7 37
72 8 6
72 9 75
72 10 96
72 11 21
72 12 34
72 13 20
72 14 53
72 15 5
72 16 77
72 17 40
72 18 33
72 20 85
72 21 4
72 22 26
72 23 37
72 25 44
72 26 40
72 27 75
72 28 1
72 29 65
72 31 71
72 32 15
72 33 37
72 34 82
72 35 12
72 36 12
72 37 84
72 38 84
72 39 24
72 40 69
72 41 62
72 43 1
72 44 61
72 45 59
72 46 15
72 47 7
72 48 50
72 49 36
72 50 26
72 51 38
72 52 45
72 53 4
72 54 40
72 55 88
72 56 74
72 57 63
72 58 75
72 59 24
72 60 40
72 61 58
72 62 62
72 63 30
72 64 33
72 65 86
72 66 44
72 68 49
72 69 25
72 70 40
72 73 67
72 74 20
72 75 88
72 76 57
72 77 65
72 78 22
72 80 55
72 82 100
72 83 90
72 84 31
72 86 42
72 87 41
72 88 100
72 89 15
72 90 50
72 91 32
72 92 65
72 93 49
72 94 27
72 95 41
72 96 65
72 97 64
72 98 15
72 99 29
73 1 43
73 2 43
73 3 27
73 4 8
73 5 55
73 7 54
73 8 92
73 9 56
73 10 63
73 11 84
73 12 18
73 13 69
73 14 8
73 15 3
73 16 77
73 18 8
73 20 30
73 21 58
73 22 67
73 23 70
73 24 20
73 25 56
73 26 4
73 27 19
73 29 85
73 30 5
73 31 66
73 32 52
73 33 31
73 34 14
73 35 79
73 36 28
73 37 91
73 38 80
73 39 80
73 40 48
73 41 19
73 42 44
73 43 43
73 44 88
73 45 96
73 46 30
73 47 18
73 48 64
73 49 17
73 50 77
73 51 91
73 52 26
73 53 58
73 54 54
73 55 26
73 56 78
73 57 35
73 58 62
73 59 54
73 60 74
73 61 50
73 62 4
73 63 87
73 64 36
73 65 68
73 66 81
73 67 64
73 68 50
73 69 64
73 70 11
73 71 33
73 72 53
73 74 44
73 75 40
73 76 6
73 77 39
73 78 34
73 79 99
73 81 32
73 82 73
73 83 100
73 84 81
73 85 7
73 86 86
73 87 31
73 88 30
73 89 1
73 91 94
73 92 33
73 93 16
73 94 90
73 95 86
73 96 62
73 97 53
73 98 85
73 99 57
74 0 77
74 1 38
74 2 57
74 3 6
74 4 66
74 5 6
74 7 47
74 8 3
74 9 80
74 10 62
74 11 53
74 12 28
74 14 35
74 16 80
74 17 51
74 18 88
74 20 11
74 21 60
74 22 69
74 23 44
74 25 36
74 26 80
74 27 64
74 28 41
74 29 17
74 30 15
74 31 47
74 32 88
74 33 66
74 34 73
74 35 10
74 36 90
74 37 26
74 38 11
74 39 12
74 40 16
74 42 5
74 43 78
74 44 16
74 45 10
74 46 93
74 47 22
74 48 54
74 49 57
74 50 82
74 51 16
74 53 59
74 54 8
74 55 85
74 56 25
74 57 32
74 58 40
74 59 21
74 60 6
74 61 89
74 62 35
74 64 94
74 65 4
74 66 87
74 67 75
74 68 51
74 69 38
74 70 53
74 71 31
74 72 63
74 73 51
74 75 34
74 77 16
74 78 2
74 79 47
74 80 92
74 81 45
74 82 99
74 83 51
74 84 66
74 86 93
74 87 57
74 89 43
74 90 73
74 91 77
74 92 10
74 94 13
74 95 36
74 96 17
74 98 83
74 99 92
75 0 71
75 1 6
75 2 56
75 3 60
75 4 89
75 7 11
75 8 99
75 9 74
75 10 45
75 11 3
75 12 47
75 13 79
75 14 41
75 15 99
75 16 25
75 17 77
75 18 64
75 21 64
75 24 61
75 25 8
75 26 4
75 27 53
75 28 84
75 29 45
75 30 67
75 31 48
75 32 82
75 33 29
75 34 17
75 35 45
75 36 41
75 37 47
75 38 76
75 39 84
75 40 89
75 41 84
75 42 25
75 43 9
75 44 89
75 45 18
75 47 14
75 48 52
75 49 37
75 50 71
75 51 34
75 52 91
75 53 82
75 54 88
75 56 35
75 57 100
75 58 79
75 59 86
75 60 3
75 61 70
75 62 94
75 64 53
75 65 84
75 66 28
75 67 48
75 68 97
75 69 63
75 70 80
75 71 34
75 72 10
75 73 38
75 74 27
75 76 18
75 77 83
75 78 46
75 79 82
75 80 68
75 81 69
75 82 55
75 83 36
75 84 32
75 85 19
75 86 40
75 87 38
75 88 83
75 89 38
75 90 7
75 93 46
75 94 83
75 95 62
75 96 100
75 97 90
75 99 66
76 0 6
76 1 76
76 2 2
76 3 42
76 4 8
76 7 19
76 8 47
76 9 95
76 10 78
76 11 68
76 12 95
76 13 86
76 14 40
76 15 83
76 16 30
76 17 51
76 18 92
76 20 70
76 21 11
76 22 10
76 23 28
76 25 45
76 26 47
76 27 20
76 28 60
76 29 85
76 31 96
76 33 71
76 34 83
76 35 33
76 36 70
76 37 53
76 38 61
76 39 42
76 40 59
76 41 13
76 42 3
76 43 99
76 44 33
76 45 45
76 46 86
76 47 39
76 49 79
76 50 94
76 51 31
76 52 47
76 53 16
76 54 5
76 55 85
76 56 13
76 57 19
76 58 39
76 59 8
76 60 60
76 61 53
76 62 6
76 63 16
76 64 78
76 65 92
76 66 45
76 67 1
76 68 1
76 69 34
76 70 88
76 71 31
76 72 83
76 73 43
76 74 49
76 75 27
76 77 75
76 78 24
76 79 75
76 80 53
76 81 77
76 82 94
76 83 62
76 84 99
76 85 34
76 86 58
76 87 87
76 88 12
76 89 39
76 90 59
76 91 47
76 92 91
76 93 51
76 94 16
76 95 29
76 96 34
76 97 41
76 98 4
76 99 21
77 0 46
77 1 19
77 3 10
77 4 92
77 5 63
77 7 67
77 9 68
77 10 52
77 11 7
77 12 89
77 13 26
77 14 8
77 15 55
77 16 42
77 17 49
77 18 6
77 20 85
77 22 16
77 23 93
77 24 63
77 25 94
77 26 15
77 27 99
77 28 91
77 30 80
77 31 56
77 32 5
77 33 63
77 34 38
77 35 81
77 36 52
77 37 88
77 38 36
77 39 36
77 40 22
77 41 68
77 42 47
77 43 58
77 44 80
77 45 97
77 47 26
77 49 51
77 50 84
77 51 88
77 52 28
77 53 42
77 54 62
77 55 74
77 56 29
77 57 34
77 58 24
77 60 45
77 61 35
77 62 12
77 63 79
77 64 36
77 65 46
77 66 94
77 67 82
77 68 21
77 69 2
77 72 28
77 73 74
77 74 12
77 75 81
77 76 67
77 78 2
77 79 76
77 80 7
77 82 1
77 83 31
77 84 51
77 85 29
77 86 75
77 87 21
77 88 83
77 89 89
77 90 98
77 91 70
77 92 54
77 93 53
77 94 23
77 95 71
77 96 74
77 97 23
77 98 18
77 99 48
78 0 38
78 1 58
78 2 90
78 3 53
78 4 2
78 5 98
78 7 30
78 8 7
78 9 26
78 10 73
78 11 94
78 12 71
78 15 40
78 16 17
78 17 71
78 18 97
78 20 60
78 21 76
78 23 60
78 24 65
78 25 19
78 26 30
78 27 76
78 28 15
78 29 63
78 30 52
78 31 93
78 32 80
78 33 91
78 34 70
78 35 25
78 36 93
78 37 47
78 38 5
78 39 61
78 40 100
78 41 3
78 42 100
78 44 31
78 46 55
78 47 1
78 48 89
78 49 81
78 51 48
78 52 29
78 53 17
78 54 97
78 57 95
78 58 32
78 59 46
78 60 77
78 61 32
78 62 87
78 63 56
78 64 79
78 66 85
78 68 92
78 69 51
78 70 68
78 71 89
78 72 6
78 73 73
78 74 1
78 75 1
78 76 96
78 77 25
78 79 45
78 80 75
78 82 7
78 83 52
78 84 77
78 86 82
78 87 90
78 88 72
78 89 50
78 90 58
78 91 72
78 92 6
78 95 26
78 96 70
78 98 63
78 99 76
79 0 46
79 2 80
79 3 77
79 4 47
79 5 89
79 7 70
79 8 77
79 9 90
79 10 94
79 11 10
79 12 67
79 13 31
79 14 15
79 16 48
79 17 48
79 18 4
79 20 23
79 21 14
79 22 45
79 23 61
79 24 50
79 25 5
79 26 13
79 27 80
79 29 14
79 30 45
79 31 79
79 32 37
79 33 15
79 34 31
79 35 44
79 36 75
79 37 85
79 39 57
79 40 96
79 41 85
79 42 78
79 43 17
79 45 88
79 46 49
79 47 87
79 48 25
79 49 7
79 50 86
79 51 24
79 52 72
79 53 46
79 54 62
79 57 90
79 58 4
79 59 9
79 60 79
79 61 66
79 62 21
79 63 40
79 64 59
79 65 96
79 66 63
79 67 73
79 68 68
79 69 94
79 70 41
79 71 72
79 73 66
79 74 85
79 75 82
79 76 18
79 77 50
79 78 74
79 80 4
79 81 18
79 83 21
79 85 85
79 86 85
79 87 39
79 89 67
79 90 27
79 91 66
79 92 99
79 93 2
79 94 95
79 95 34
79 96 100
79 97 36
79 98 77
79 99 72
80 0 17
80 1 100
80 2 20
80 3 91
80 4 59
80 5 73
80 7 91
80 8 14
80 9 72
80 10 36
80 11 73
80 12 47
80 13 25
80 14 81
80 15 85
80 16 57
80 17 56
80 18 10
80 20 21
80 21 51
80 22 82
80 23 97
80 24 38
80 25 97
80 26 70
80 27 86
80 28 10
80 29 96
80 30 58
80 31 73
80 32 49
80 33 55
80 34 42
80 35 98
80 36 70
80 37 80
80 38 49
80 39 82
80 40 28
80 42 80
80 43 41
80 44 72
80 45 39
80 46 57
80 47 96
80 48 14
80 49 86
80 50 20
80 51 24
80 52 29
80 53 38
80 54 88
80 56 21
80 57 77
80 58 5
80 59 66
80 60 41
80 61 31
80 62 74
80 64 58
80 65 95
80 66 46
80 67 51
80 68 38
80 70 30
80 72 16
80 73 77
80 74 35
80 75 47
80 76 50
80 77 95
80 79 93
80 82 35
80 83 10
80 84 75
80 85 33
80 86 58
80 87 22
80 88 43
80 89 55
80 91 98
80 92 70
80 93 4
80 94 54
80 95 48
80 96 36
80 98 64
80 99 12
81 0 50
81 1 65
81 2 73
81 3 89
81 4 42
81 5 4
81 7 47
81 8 76
81 9 64
81 10 47
81 11 48
81 13 70
81 14 80
81 15 58
81 16 99
81 17 11
81 18 87
81 20 93
81 21 1
81 22 62
81 23 84
81 24 53
81 25 18
81 26 20
81 27 73
81 28 7
81 29 75
81 30 62
81 31 74
81 32 44
81 33 26
81 34 88
81 35 76
81 36 60
81 37 34
81 38 22
81 39 39
81 40 9
81 41 12
81 42 34
81 43 74
81 44 11
81 45 1
81 47 54
81 48 46
81 49 77
81 50 64
81 51 34
81 52 84
81 53 9
81 54 59
81 55 67
81 56 75
81 57 97
81 58 97
81 59 12
81 60 73
81 61 13
81 63 64
81 64 4
81 67 9
81 68 55
81 69 14
81 70 36
81 71 86
81 73 84
81 74 74
81 76 18
81 77 12
81 78 47
81 79 64
81 80 78
81 82 30
81 83 43
81 84 18
81 85 3
81 86 63
81 87 2
81 88 85
81 90 60
81 91 3
81 92 62
81 93 94
81 95 18
81 96 39
81 97 22
81 98 29
81 99 11
82 0 54
82 1 6
82 2 35
82 3 38
82 4 28
82 5 40
82 7 61
82 8 20
82 9 1
82 10 70
82 11 65
82 12 66
82 13 59
82 14 95
82 16 98
82 17 18
82 18 11
82 20 9
82 21 69
82 23 72
82 26 33
82 27 92
82 28 86
82 29 16
82 30 80
82 31 36
82 32 1
82 33 57
82 34 74
82 35 15
82 36 10
82 37 100
82 38 39
82 39 85
82 40 32
82 41 66
82 42 7
82 43 82
82 44 95
82 45 75
82 46 66
82 47 6
82 48 22
82 49 28
82 50 100
82 51 2
82 52 44
82 53 25
82 54 11
82 55 54
82 56 23
82 58 33
82 59 89
82 60 84
82 61 97
82 62 37
82 63 81
82 64 87
82 65 64
82 66 76
82 67 58
82 68 23
82 70 57
82 71 65
82 72 17
82 73 88
82 74 10
82 75 52
82 76 52
82 77 28
82 78 75
82 79 29
82 80 95
82 81 24
82 83 60
82 84 17
82 85 43
82 86 67
82 87 78
82 88 32
82 89 39
82 90 89
82 91 80
82 92 99
82 95 12
82 96 37
82 97 99
82 98 15
83 0 50
83 1 89
83 2 2
83 3 17
83 4 47
83 7 74
83 8 13
83 10 23
83 11 40
83 12 62
83 13 100
83 14 41
83 15 16
83 16 49
83 17 100
83 18 58
83 20 53
83 21 51
83 22 2
83 23 69
83 24 99
83 25 88
83 26 98
83 27 72
83 28 8
83 29 38
83 31 24
83 32 6
83 33 79
83 35 50
83 36 77
83 37 59
83 38 68
83 39 76
83 40 42
83 41 56
83 43 15
83 44 93
83 45 76
83 46 30
83 47 73
83 48 35
83 49 98
83 50 89
83 51 95
83 52 59
83 53 97
83 54 87
83 55 76
83 56 82
83 57 88
83 58 40
83 59 35
83 60 14
83 61 89
83 62 53
83 63 91
83 64 4
83 65 21
83 66 2
83 67 42
83 68 36
83 69 68
83 70 58
83 71 71
83 72 97
83 73 91
83 74 38
83 76 57
83 78 96
83 79 18
83 80 99
83 81 40
83 82 96
83 84 52
83 88 62
83 89 2
83 90 20
83 91 61
83 92 17
83 93 54
83 94 73
83 95 72
83 96 41
83 97 22
83 98 35
83 99 23
84 0 94
84 1 30
84 2 83
84 3 90
84 4 79
84 5 69
84 7 33
84 9 25
84 10 75
84 11 96
84 12 68
84 13 21
84 14 67
84 15 76
84 16 87
84 17 30
84 18 31
84 20 26
84 21 99
84 22 72
84 23 14
84 24 61
84 26 57
84 27 7
84 28 96
84 29 61
84 30 8
84 31 86
84 32 44
84 33 91
84 35 15
84 36 53
84 38 64
84 40 100
84 41 17
84 42 90
84 43 44
84 44 33
84 45 19
84 47 98
84 48 47
84 49 16
84 50 23
84 52 17
84 53 48
84 54 72
84 55 68
84 56 33
84 57 64
84 58 9
84 59 93
84 60 80
84 61 96
84 62 47
84 64 89
84 65 10
84 66 11
84 67 87
84 68 49
84 69 72
84 70 82
84 72 16
84 74 16
84 75 71
84 76 71
84 78 30
84 79 4
84 80 62
84 81 10
84 82 16
84 83 73
84 85 43
84 86 82
84 87 2
84 88 54
84 89 88
84 90 12
84 91 92
84 92 29
84 93 89
84 95 33
84 96 75
84 97 73
84 98 76
84 99 25
85 0 61
85 1 91
85 2 28
85 3 49
85 4 60
85 5 97
85 7 70
85 8 80
85 9 49
85 10 70
85 11 25
85 12 77
85 13 27
85 14 74
85 16 8
85 17 76
85 18 26
85 20 8
85 21 85
85 22 75
85 24 3
85 25 65
85 26 52
85 27 33
85 28 30
85 29 14
85 30 63
85 31 54
85 33 56
85 34 70
85 35 56
85 36 59
85 38 16
85 39 38
85 40 94
85 41 92
85 42 13
85 43 28
85 45 36
85 46 72
85 47 57
85 48 36
85 49 29
85 50 99
85 52 4
85 53 59
85 54 33
85 55 72
85 57 20
85 59 44
85 60 69
85 62 79
85 63 62
85 64 83
85 66 12
85 67 90
85 68 40
85 69 5
85 70 47
85 71 11
85 72 65
85 73 6
85 74 94
85 75 43
85 76 6
85 77 58
85 78 2
85 79 70
85 80 87
85 82 57
85 83 28
85 84 77
85 87 81
85 88 35
85 89 37
85 90 33
85 91 1
85 92 79
85 93 62
85 94 83
85 95 73
85 96 98
85 97 26
85 98 54
85 99 63
86 0 36
86 1 52
86 2 33
86 4 7
86 5 15
86 7 53
86 8 83
86 9 6
86 10 45
86 12 74
86 13 68
86 14 69
86 15 20
86 16 39
86 17 17
86 18 21
86 20 96
86 21 91
86 22 83
86 23 15
86 24 21
86 25 99
86 26 77
86 27 49
86 28 27
86 30 79
86 31 39
86 32 41
86 33 6
86 34 30
86 35 10
86 36 52
86 37 10
86 38 91
86 39 26
86 40 52
86 41 2
86 42 98
86 43 51
86 44 42
86 45 95
86 46 5
86 47 44
86 48 49
86 49 28
86 50 13
86 51 51
86 52 26
86 53 47
86 54 18
86 55 83
86 57 10
86 58 34
86 59 63
86 60 4
86 61 92
86 62 67
86 63 67
86 64 81
86 65 52
86 66 16
86 67 63
86 68 2
86 69 69
86 70 85
86 71 56
86 72 18
86 73 56
86 74 2
86 75 51
86 76 50
86 77 36
86 78 11
86 79 95
86 80 96
86 81 46
86 82 14
86 83 46
86 84 71
86 85 88
86 87 65
86 88 37
86 89 36
86 90 15
86 91 50
86 92 21
86 93 81
86 94 52
86 95 7
86 96 67
86 97 25
86 98 88
86 99 24
87 0 34
87 1 87
87 2 97
87 3 63
87 4 17
87 5 46
87 7 22
87 8 71
87 10 77
87 11 58
87 13 69
87 14 64
87 15 27
87 16 55
87 17 51
87 18 91
87 20 60
87 22 80
87 23 88
87 24 54
87 25 1
87 26 75
87 27 61
87 28 56
87 29 21
87 30 52
87 31 63
87 32 7
87 33 62
87 34 25
87 35 92
87 36 97
87 37 51
87 38 13
87 40 27
87 41 72
87 42 38
87 43 82
87 45 31
87 46 56
87 47 98
87 48 100
87 49 22
87 51 40
87 52 39
87 53 23
87 54 66
87 55 76
87 57 2
87 58 47
87 60 79
87 61 58
87 62 21
87 63 38
87 64 86
87 65 58
87 66 96
87 67 89
87 68 42
87 69 19
87 70 17
87 71 44
87 72 58
87 73 55
87 74 45
87 76 85
87 77 53
87 78 31
87 79 39
87 80 30
87 81 30
87 82 2
87 83 2
87 84 81
87 86 6
87 88 8
87 90 17
87 91 15
87 92 91
87 93 68
87 95 27
87 96 29
87 97 14
87 98 26
87 99 10
88 1 22
88 2 62
88 3 97
88 4 49
88 5 81
88 7 47
88 8 72
88 9 97
88 11 65
88 12 15
88 13 1
88 16 1
88 17 37
88 18 27
88 20 57
88 21 2
88 22 66
88 23 37
88 24 81
88 25 38
88 26 69
88 27 35
88 29 28
88 30 91
88 31 37
88 32 57
88 33 20
88 34 36
88 35 37
88 36 24
88 37 37
88 38 13
88 39 11
88 40 67
88 41 77
88 42 18
88 43 18
88 45 79
88 46 45
88 47 25
88 48 66
88 49 93
88 50 62
88 51 1
88 52 21
88 53 68
88 54 82
88 55 22
88 56 98
88 57 38
88 58 78
88 59 75
88 60 1
88 61 97
88 62 98
88 65 3
88 66 52
88 67 46
88 68 69
88 69 10
88 70 80
88 71 84
88 72 74
88 73 35
88 74 67
88 75 30
88 76 2
88 77 12
88 78 30
88 79 45
88 80 3
88 81 56
88 82 77
88 83 87
88 85 16
88 86 36
88 87 33
88 90 12
88 91 58
88 92 99
88 93 10
88 94 60
88 95 48
88 96 41
88 97 73
88 98 39
88 99 18
89 0 46
89 2 41
89 3 19
89 4 43
89 5 58
89 7 21
89 8 71
89 9 46
89 10 2
89 11 58
89 12 36
89 13 71
89 14 83
89 15 14
89 17 28
89 18 46
89 20 82
89 22 22
89 23 27
89 24 98
89 25 1
89 27 62
89 28 12
89 29 82
89 30 51
89 31 82
89 32 95
89 33 68
89 35 41
89 36 64
89 37 72
89 38 79
89 39 63
89 41 74
89 42 4
89 44 86
89 45 12
89 46 22
89 47 74
89 49 79
89 50 52
89 51 62
89 52 76
89 53 91
89 55 58
89 56 65
89 57 33
89 58 11
89 59 18
89 60 77
89 61 31
89 62 62
89 63 54
89 64 58
89 67 9
89 69 58
89 70 50
89 71 25
89 72 25
89 73 47
89 74 23
89 75 20
89 76 6
89 77 87
89 78 2
89 79 97
89 80 12
89 81 50
89 82 85
89 83 80
89 84 99
89 85 46
89 86 24
89 87 69
89 88 28
89 91 94
89 92 67
89 93 65
89 94 26
89 95 95
89 96 91
89 97 15
89 98 19
89 99 22
90 0 12
90 2 10
90 3 84
90 4 91
90 5 18
90 7 85
90 8 51
90 9 71
90 10 33
90 11 53
90 12 3
90 13 55
90 14 65
90 15 18
90 16 72
90 17 57
90 18 48
90 20 24
90 22 93
90 23 28
90 24 40
90 25 39
90 26 68
90 27 10
90 28 28
90 29 90
90 30 6
90 31 22
90 32 85
90 33 5
90 34 40
90 36 27
90 37 95
90 38 85
90 39 46
90 40 97
90 41 54
90 43 32
90 44 68
90 45 65
90 46 62
90 48 59
90 49 86
90 50 40
90 51 36
90 52 55
90 53 75
90 55 8
90 56 93
90 58 5
90 60 2
90 61 40
90 62 25
90 63 68
90 64 64
90 65 43
90 66 83
90 67 89
90 69 99
90 70 98
90 71 70
90 72 61
90 73 66
90 74 81
90 75 17
90 76 69
90 77 100
90 78 42
90 79 8
90 80 23
90 81 76
90 82 3
90 83 34
90 84 9
90 85 9
90 86 88
90 87 95
90 88 25
90 89 16
90 91 40
90 92 61
90 93 10
90 94 29
90 95 11
90 96 80
90 97 87
90 98 73
91 0 12
91 1 98
91 3 93
91 4 18
91 5 33
91 7 56
91 9 100
91 10 81
91 11 33
91 12 24
91 13 7
91 14 58
91 15 96
91 16 12
91 17 6
91 18 50
91 20 30
91 21 13
91 22 68
91 23 29
91 24 33
91 25 9
91 26 11
91 27 18
91 29 33
91 30 3
91 31 80
91 32 68
91 33 8
91 34 66
91 35 76
91 36 15
91 37 22
91 38 37
91 39 16
91 40 2
91 41 86
91 42 18
91 43 44
91 44 41
91 45 60
91 46 26
91 47 62
91 48 74
91 49 64
91 50 13
91 51 69
91 52 97
91 53 12
91 54 41
91 55 20
91 56 21
91 57 74
91 58 91
91 59 16
91 60 6
91 61 26
91 62 77
91 63 21
91 64 18
91 65 11
91 66 49
91 68 61
91 69 20
91 70 41
91 71 21
91 72 55
91 73 29
91 74 89
91 75 33
91 76 11
91 77 21
91 78 75
91 79 76
91 80 19
91 81 63
91 82 5
91 83 69
91 84 50
91 85 45
91 86 15
91 87 41
91 88 100
91 89 65
91 90 85
91 92 17
91 93 18
91 94 29
91 95 13
91 97 33
91 98 12
91 99 91
92 0 81
92 1 26
92 2 67
92 3 62
92 4 49
92 5 12
92 7 91
92 8 5
92 9 82
92 10 79
92 11 10
92 12 25
92 13 3
92 14 18
92 15 94
92 16 51
92 17 69
92 18 11
92 20 18
92 21 12
92 22 47
92 23 26
92 24 29
92 25 88
92 26 80
92 27 28
92 28 43
92 29 67
92 30 83
92 31 48
92 33 91
92 36 63
92 37 72
92 38 31
92 39 46
92 40 23
92 41 36
92 42 14
92 43 1
92 44 71
92 47 60
92 48 98
92 49 78
92 50 94
92 51 40
92 52 22
92 54 21
92 55 14
92 56 67
92 57 49
92 58 94
92 59 26
92 60 88
92 61 82
92 62 1
92 64 99
92 65 64
92 66 5
92 67 56
92 68 53
92 69 88
92 70 63
92 71 45
92 72 29
92 73 94
92 74 64
92 76 50
92 77 59
92 78 60
92 79 59
92 80 6
92 81 28
92 82 15
92 83 37
92 84 93
92 85 63
92 86 63
92 87 41
92 88 80
92 89 32
92 91 75
92 93 100
92 94 13
92 95 84
92 96 89
92 98 22
92 99 4
93 1 31
93 2 95
93 3 26
93 4 80
93 5 2
93 7 55
93 9 65
93 10 44
93 11 27
93 12 25
93 13 26
93 15 79
93 16 66
93 17 5
93 18 53
93 20 48
93 21 93
93 22 46
93 24 63
93 25 46
93 27 63
93 28 75
93 29 75
93 30 7
93 31 62
93 32 46
93 33 19
93 34 98
93 35 41
93 36 22
93 37 39
93 38 79
93 39 71
93 40 20
93 41 84
93 42 91
93 43 71
93 44 2
93 45 28
93 46 43
93 47 3
93 49 1
93 50 47
93 51 4
93 52 21
93 53 47
93 54 33
93 56 66
93 57 91
93 58 23
93 59 90
93 60 91
93 61 55
93 62 41
93 64 56
93 65 54
93 66 87
93 67 47
93 68 81
93 69 41
93 70 89
93 71 30
93 73 65
93 74 1
93 75 64
93 77 56
93 78 55
93 79 21
93 80 59
93 81 95
93 82 26
93 83 6
93 84 95
93 86 7
93 87 36
93 89 26
93 90 87
93 91 97
93 92 32
93 94 62
93 95 77
93 96 29
93 97 87
93 98 16
93 99 55
94 0 82
94 2 9
94 3 5
94 4 96
94 5 37
94 7 88
94 8 80
94 9 77
94 11 85
94 12 84
94 13 94
94 14 14
94 17 78
94 18 47
94 20 76
94 21 24
94 22 84
94 23 66
94 24 24
94 25 57
94 26 87
94 28 78
94 29 2
94 30 90
94 31 83
94 32 75
94 34 94
94 35 41
94 36 73
94 37 72
94 39 78
94 40 50
94 42 45
94 43 36
94 45 93
94 46 3
94 47 70
94 48 76
94 50 72
94 51 67
94 52 30
94 53 98
94 54 37
94 55 60
94 56 39
94 57 29
94 58 40
94 59 90
94 60 62
94 61 31
94 62 13
94 63 89
94 64 21
94 65 85
94 66 29
94 67 6
94 68 1
94 69 72
94 71 59
94 72 4
94 73 20
94 74 85
94 75 61
94 76 16
94 77 34
94 78 80
94 79 85
94 80 23
94 81 40
94 82 50
94 83 21
94 84 83
94 85 83
94 86 94
94 87 50
94 88 3
94 89 39
94 90 99
94 91 55
94 92 88
94 93 44
94 95 43
94 96 28
94 97 24
94 98 74
94 99 19
95 0 64
95 1 46
95 2 29
95 3 52
95 4 28
95 5 83
95 7 31
95 8 16
95 10 93
95 11 63
95 12 85
95 13 73
95 14 44
95 15 64
95 16 38
95 17 93
95 18 80
95 20 88
95 21 89
95 22 84
95 23 25
95 24 63
95 25 96
95 26 81
95 27 7
95 28 20
95 29 78
95 31 66
95 32 90
95 33 55
95 35 69
95 36 1
95 37 85
95 38 4
95 39 30
95 40 72
95 41 91
95 42 34
95 43 11
95 44 71
95 45 48
95 46 77
95 47 81
95 48 77
95 49 90
95 50 98
95 51 40
95 52 74
95 53 61
95 54 7
95 55 34
95 56 80
95 57 14
95 58 81
95 59 85
95 60 88
95 61 51
95 63 94
95 64 73
95 65 41
95 67 47
95 68 39
95 69 79
95 70 56
95 71 62
95 72 66
95 73 61
95 74 55
95 76 15
95 77 6
95 78 11
95 79 42
95 80 44
95 81 90
95 82 23
95 83 14
95 84 62
95 85 63
95 86 51
95 87 46
95 88 86
95 89 58
95 90 49
95 91 59
95 92 63
95 93 39
95 94 77
95 96 99
95 97 91
95 98 26
95 99 9
96 0 91
96 1 8
96 2 32
96 3 97
96 4 86
96 5 69
96 7 94
96 8 21
96 9 90
96 10 19
96 11 95
96 12 26
96 13 37
96 14 84
96 15 25
96 16 88
96 17 63
96 18 69
96 20 54
96 21 89
96 22 87
96 24 86
96 25 39
96 26 25
96 27 34
96 29 32
96 31 68
96 32 96
96 33 67
96 34 41
96 35 57
96 36 57
96 37 45
96 38 99
96 39 54
96 40 58
96 41 88
96 42 61
96 43 23
96 45 49
96 46 73
96 47 32
96 48 29
96 49 33
96 50 61
96 51 89
96 52 74
96 53 16
96 54 97
96 55 54
96 56 3
96 57 27
96 58 22
96 59 91
96 60 48
96 61 27
96 62 94
96 63 100
96 64 97
96 65 47
96 66 32
96 67 94
96 68 17
96 69 77
96 70 32
96 71 1
96 72 25
96 73 98
96 74 4
96 75 35
96 76 34
96 77 78
96 78 50
96 79 69
96 80 66
96 81 33
96 82 38
96 83 7
96 84 71
96 86 75
96 87 65
96 88 31
96 89 48
96 90 95
96 91 62
96 92 58
96 93 79
96 95 66
96 97 1
96 98 60
96 99 20
97 0 67
97 1 28
97 2 37
97 3 28
97 4 26
97 5 84
97 7 35
97 8 27
97 9 17
97 10 45
97 11 19
97 12 90
97 13 4
97 16 20
97 17 68
97 18 36
97 20 36
97 21 38
97 22 60
97 23 4
97 24 86
97 25 21
97 26 98
97 27 21
97 28 17
97 30 32
97 31 10
97 32 63
97 33 48
97 34 35
97 35 37
97 36 2
97 38 62
97 39 29
97 40 95
97 41 50
97 42 34
97 43 71
97 44 97
97 45 1
97 46 68
97 47 56
97 48 22
97 49 7
97 50 76
97 51 77
97 52 43
97 53 49
97 54 15
97 55 97
97 56 82
97 57 70
97 58 27
97 59 77
97 60 43
97 61 26
97 62 13
97 63 16
97 64 59
97 65 26
97 66 19
97 67 83
97 68 95
97 69 25
97 70 36
97 71 54
97 72 74
97 73 76
97 75 78
97 76 51
97 77 30
97 78 59
97 79 54
97 80 42
97 81 38
97 83 62
97 84 99
97 85 26
97 86 25
97 87 53
97 89 17
97 91 64
97 92 18
97 93 97
97 95 55
97 96 39
97 98 19
97 99 84
98 0 52
98 1 5
98 2 35
98 3 8
98 4 4
98 5 69
98 7 91
98 8 21
98 9 7
98 10 21
98 11 80
98 12 72
98 13 51
98 14 64
98 15 37
98 16 58
98 17 58
98 18 20
98 20 57
98 21 88
98 22 35
98 23 20
98 24 8
98 25 78
98 26 41
98 27 28
98 29 96
98 31 3
98 32 36
98 33 71
98 34 15
98 35 36
98 36 61
98 37 53
98 38 56
98 39 3
98 40 100
98 41 31
98 42 39
98 45 52
98 46 98
98 47 4
98 48 39
98 49 13
98 50 25
98 53 47
98 54 55
98 55 47
98 56 50
98 57 72
98 58 42
98 59 24
98 61 17
98 63 98
98 65 24
98 66 2
98 67 31
98 68 70
98 69 15
98 70 62
98 71 39
98 72 37
98 74 88
98 75 83
98 76 45
98 77 76
98 78 30
98 79 45
98 80 13
98 81 11
98 82 39
98 83 58
98 84 68
98 85 42
98 86 29
98 87 7
98 88 78
98 89 42
98 90 21
98 91 99
98 92 92
98 93 19
98 94 9
98 95 8
98 96 61
98 97 73
98 99 33
99 0 18
99 2 18
99 3 9
99 4 44
99 5 31
99 7 9
99 8 72
99 9 28
99 10 85
99 11 73
99 12 24
99 13 24
99 14 97
99 15 73
99 16 8
99 17 21
99 18 99
99 20 17
99 21 74
99 22 66
99 23 93
99 24 61
99 25 12
99 26 42
99 27 49
99 28 49
99 29 11
99 30 93
99 31 49
99 32 10
99 33 14
99 34 46
99 35 92
99 36 29
99 37 81
99 38 46
99 39 11
99 40 3
99 42 31
99 43 31
99 44 52
99 45 55
99 46 88
99 47 88
99 48 39
99 49 75
99 50 57
99 51 51
99 52 31
99 53 21
99 54 22
99 55 79
99 56 4
99 57 6
99 58 24
99 59 82
99 60 87
99 61 24
99 62 77
99 63 2
99 64 49
99 65 97
99 66 79
99 67 50
99 68 94
99 69 43
99 70 37
99 71 30
99 72 35
99 73 29
99 74 91
99 75 74
99 77 11
99 78 46
99 79 87
99 80 46
99 81 55
99 82 54
99 83 97
99 84 6
99 86 41
99 87 52
99 88 58
99 89 13
99 91 74
99 92 33
99 93 11
99 94 29
99 95 30
99 96 24
99 97 45
99 98 47
19 1 95
19 2 40
19 3 28
19 5 97
19 6 9
19 7 71
19 8 3
19 9 92
19 10 70
19 11 48
19 12 22
19 13 20
19 14 77
19 15 22
19 16 13
19 17 6
19 18 32
19 20 81
19 21 98
19 22 21
19 23 88
19 24 61
19 26 91
19 27 66
19 28 42
19 29 19
19 30 50
19 31 1
19 32 20
19 33 5
19 35 13
19 36 55
19 37 58
19 38 25
19 39 97
19 40 65
19 41 83
19 42 70
19 43 38
19 44 60
19 45 15
19 46 4
19 47 54
19 48 18
19 50 25
19 51 32
19 52 82
19 53 54
19 54 19
19 55 14
19 56 24
19 57 40
19 58 30
19 59 26
19 60 70
19 61 63
19 62 58
19 63 46
19 64 12
19 65 19
19 66 60
19 67 91
19 69 50
19 70 59
19 71 49
19 72 84
19 73 49
19 74 6
19 75 85
19 78 44
19 79 1
19 80 25
19 81 93
19 82 81
19 83 79
19 84 44
19 85 15
19 86 37
19 87 32
19 88 56
19 89 69
19 90 13
19 91 90
19 92 73
19 93 96
19 94 90
19 95 97
19 96 61
19 97 8
19 98 37
19 99 45
0 6 92
1 6 72
2 6 43
3 6 47
4 6 17
5 6 52
7 6 89
8 6 81
9 6 12
11 6 57
12 6 29
13 6 28
14 6 66
15 6 39
16 6 97
17 6 53
18 6 32
20 6 43
21 6 91
22 6 61
25 6 24
26 6 10
27 6 48
28 6 79
29 6 61
30 6 54
31 6 40
32 6 23
33 6 60
34 6 64
35 6 30
36 6 34
37 6 93
38 6 90
39 6 55
40 6 90
41 6 64
42 6 42
43 6 2
44 6 20
45 6 55
46 6 12
47 6 99
48 6 18
49 6 77
50 6 61
52 6 4
53 6 89
54 6 1
56 6 19
57 6 77
58 6 37
59 6 33
61 6 91
62 6 27
63 6 8
64 6 61
65 6 28
66 6 42
67 6 26
68 6 44
70 6 88
71 6 52
72 6 34
73 6 10
74 6 45
75 6 49
76 6 20
77 6 61
79 6 87
80 6 31
81 6 44
82 6 59
83 6 35
85 6 37
86 6 51
87 6 94
88 6 73
89 6 37
90 6 29
91 6 54
92 6 53
93 6 61
94 6 61
95 6 81
96 6 39
97 6 17
98 6 88
99 6 80
