11
23
0 2 14
0 3 42
0 4 54
0 8 13
0 9 80
0 10 2
0 13 44
0 16 71
0 19 35
0 21 82
0 22 48
0 27 69
0 30 50
0 31 56
0 33 11
0 35 80
0 36 30
1 2 27
1 4 85
1 8 25
1 9 72
1 10 59
1 12 64
1 15 12
1 17 2
1 18 6
1 20 38
1 22 26
1 26 23
1 29 79
1 32 25
1 34 33
1 35 91
2 0 72
2 1 92
2 4 39
2 5 29
2 6 11
2 8 98
2 10 51
2 13 78
2 14 97
2 15 95
2 18 67
2 19 85
2 21 79
2 22 32
2 25 34
2 26 1
2 30 84
2 34 16
2 37 27
2 38 90
2 39 89
3 0 17
3 2 73
3 4 98
3 8 80
3 14 7
3 15 66
3 20 44
3 22 20
3 27 100
3 31 8
3 32 73
3 33 91
3 34 85
3 36 34
4 0 18
4 1 63
4 3 86
4 5 89
4 6 95
4 9 38
4 10 69
4 15 41
4 16 44
4 17 77
4 21 75
4 22 55
4 24 97
4 25 47
4 26 33
4 27 65
4 28 79
4 30 31
4 31 27
4 33 7
4 34 43
4 36 83
4 37 36
4 39 61
5 1 82
5 2 70
5 3 39
5 4 93
5 6 97
5 7 55
5 8 11
5 9 55
5 14 58
5 16 55
5 17 11
5 21 61
5 22 38
5 24 90
5 29 33
5 32 9
5 36 55
5 37 7
5 38 67
5 39 87
6 2 53
6 5 3
6 7 33
6 8 44
6 9 87
6 10 25
6 12 59
6 15 33
6 17 63
6 18 11
6 19 7
6 21 5
6 22 40
6 24 10
6 25 6
6 28 64
6 29 83
6 34 7
6 37 20
7 0 41
7 3 68
7 4 9
7 5 53
7 13 84
7 14 90
7 18 94
7 25 94
7 27 38
7 28 29
7 29 36
7 32 61
7 34 11
7 39 98
8 1 58
8 2 40
8 4 52
8 5 38
8 7 31
8 10 2
8 12 25
8 14 24
8 15 64
8 17 75
8 19 26
8 20 100
8 21 70
8 24 66
8 25 31
8 27 3
8 31 90
8 33 33
8 35 43
8 37 5
8 39 72
9 2 73
9 5 80
9 7 76
9 10 27
9 13 87
9 22 45
9 26 46
9 27 89
9 28 72
9 32 20
9 33 22
9 35 78
9 36 70
10 0 71
10 2 78
10 3 62
10 5 26
10 9 9
10 12 90
10 13 46
10 14 12
10 16 28
10 17 73
10 21 47
10 25 13
10 27 36
10 28 51
10 29 25
10 32 27
10 33 100
10 35 50
10 37 100
12 4 54
12 6 32
12 10 57
12 13 39
12 14 79
12 16 37
12 17 1
12 18 6
12 19 69
12 21 43
12 22 70
12 27 89
12 29 93
12 30 54
12 31 97
12 33 23
12 35 76
12 37 45
12 39 12
13 0 99
13 1 10
13 3 75
13 4 44
13 5 32
13 7 67
13 9 45
13 10 35
13 12 27
13 15 52
13 16 40
13 17 66
13 19 38
13 28 38
13 32 42
13 33 23
13 34 40
13 35 68
13 38 6
13 39 19
14 2 33
14 4 83
14 10 25
14 13 70
14 15 88
14 19 48
14 20 27
14 21 48
14 26 4
14 27 57
14 29 7
14 30 20
14 32 89
14 33 66
14 35 73
14 36 37
14 37 69
14 39 72
15 0 17
15 2 77
15 4 55
15 5 77
15 7 72
15 10 28
15 13 99
15 14 90
15 17 75
15 18 64
15 20 61
15 21 29
15 25 59
15 26 16
15 27 6
15 29 80
15 31 65
15 32 57
15 34 44
15 35 58
15 38 38
16 1 89
16 3 50
16 4 37
16 5 80
16 6 49
16 7 7
16 8 51
16 9 6
16 10 83
16 14 11
16 17 10
16 20 22
16 27 45
16 28 62
16 30 20
16 38 81
17 1 14
17 2 13
17 4 30
17 5 85
17 8 64
17 10 1
17 13 6
17 14 21
17 15 95
17 18 100
17 26 41
17 28 29
17 31 14
17 32 44
17 33 59
17 34 3
17 36 77
17 37 84
17 38 53
18 3 29
18 5 85
18 7 54
18 8 82
18 9 91
18 12 60
18 13 80
18 14 31
18 15 34
18 16 97
18 19 35
18 20 79
18 21 22
18 22 66
18 26 37
18 29 63
18 31 61
18 33 44
18 34 9
18 35 35
18 37 86
19 0 27
19 2 42
19 3 78
19 4 65
19 6 86
19 7 88
19 8 78
19 9 48
19 10 73
19 14 16
19 15 94
19 17 8
19 20 89
19 21 22
19 24 16
19 26 87
19 27 11
19 31 28
19 33 41
19 35 92
19 36 7
19 37 33
20 1 28
20 3 39
20 4 66
20 5 13
20 6 27
20 8 91
20 12 37
20 18 12
20 19 69
20 22 67
20 24 13
20 26 7
20 29 92
20 35 53
20 37 94
20 38 7
21 0 57
21 1 89
21 4 87
21 13 51
21 16 26
21 17 87
21 18 15
21 22 46
21 24 82
21 25 80
21 26 47
21 27 40
21 31 48
21 32 4
21 35 12
21 36 87
21 37 48
21 38 42
21 39 55
22 1 78
22 4 48
22 7 90
22 9 4
22 10 2
22 12 56
22 17 99
22 18 98
22 19 5
22 21 64
22 27 42
22 29 38
22 33 37
22 35 69
22 36 71
22 39 26
24 0 4
24 2 63
24 5 21
24 6 93
24 8 28
24 9 87
24 12 99
24 14 88
24 16 17
24 18 22
24 19 52
24 20 98
24 21 16
24 25 36
24 26 71
24 27 40
24 29 98
24 30 88
24 34 44
24 35 78
24 38 83
25 0 88
25 1 20
25 3 99
25 4 12
25 10 24
25 13 20
25 16 63
25 17 80
25 19 72
25 20 3
25 22 25
25 24 70
25 26 73
25 28 58
25 29 56
25 31 80
25 33 85
26 0 66
26 3 66
26 7 49
26 10 52
26 14 79
26 15 93
26 16 21
26 24 55
26 25 1
26 28 57
26 31 85
26 32 18
26 34 25
26 35 50
26 37 81
27 0 74
27 1 92
27 3 61
27 4 52
27 5 67
27 6 14
27 7 22
27 8 63
27 13 5
27 14 98
27 15 48
27 16 91
27 17 22
27 21 45
27 22 23
27 24 59
27 29 72
27 31 30
27 34 85
28 0 57
28 1 59
28 2 45
28 3 84
28 5 70
28 6 67
28 10 3
28 12 68
28 13 38
28 14 33
28 18 17
28 25 98
28 26 61
28 27 80
28 29 19
28 30 54
28 34 99
28 36 73
28 37 40
28 39 63
29 0 31
29 1 69
29 3 86
29 5 23
29 6 19
29 10 75
29 17 1
29 19 99
29 22 85
29 25 68
29 27 22
29 28 64
29 31 74
29 33 64
29 35 48
29 37 63
30 5 75
30 7 99
30 8 47
30 13 31
30 16 19
30 17 78
30 18 70
30 19 67
30 20 20
30 21 93
30 24 17
30 25 11
30 27 6
30 28 49
30 29 3
30 36 97
30 37 83
31 1 8
31 2 28
31 3 30
31 4 56
31 5 62
31 8 64
31 9 41
31 12 72
31 13 30
31 15 32
31 17 17
31 21 83
31 25 99
31 29 66
31 35 57
31 36 65
31 38 62
31 39 60
32 1 66
32 3 29
32 4 75
32 8 66
32 10 77
32 12 79
32 13 49
32 17 97
32 18 18
32 19 32
32 20 33
32 21 48
32 24 58
32 26 80
32 28 16
32 29 100
32 33 67
32 35 56
32 38 67
32 39 93
33 1 58
33 2 8
33 5 53
33 6 21
33 7 14
33 14 87
33 15 60
33 16 8
33 17 43
33 18 2
33 20 35
33 21 14
33 25 39
33 27 64
33 28 74
33 29 34
33 30 82
33 32 96
33 34 44
33 38 37
33 39 56
34 0 57
34 2 52
34 4 62
34 5 65
34 6 21
34 7 86
34 8 20
34 10 57
34 12 82
34 17 6
34 20 46
34 24 79
34 27 45
34 29 1
34 30 34
34 33 65
34 37 34
34 39 83
35 2 54
35 3 57
35 4 29
35 8 77
35 10 52
35 12 26
35 14 26
35 15 46
35 16 62
35 17 21
35 20 73
35 24 4
35 26 63
35 27 30
35 32 89
35 37 94
35 38 98
36 5 81
36 6 15
36 7 23
36 9 11
36 12 77
36 16 82
36 17 56
36 18 96
36 24 1
36 27 96
36 28 5
36 29 46
36 30 25
36 31 35
36 34 79
36 35 75
36 37 92
37 2 3
37 3 20
37 6 83
37 7 30
37 8 75
37 13 41
37 15 54
37 16 16
37 20 76
37 21 1
37 22 8
37 24 79
37 25 25
37 29 51
37 30 40
37 31 67
37 33 74
37 34 18
37 36 5
37 38 91
37 39 77
38 2 81
38 4 73
38 5 65
38 7 38
38 8 55
38 14 50
38 15 9
38 16 11
38 17 2
38 22 2
38 24 35
38 25 96
38 26 35
38 28 6
38 29 13
38 33 26
38 34 56
38 36 11
38 37 89
39 0 29
39 2 79
39 3 64
39 9 97
39 12 46
39 13 50
39 14 3
39 15 3
39 17 62
39 18 48
39 22 83
39 24 62
39 26 77
39 27 86
39 28 63
39 29 12
39 30 67
39 32 92
39 34 18
39 36 83
11 0 32
11 2 68
11 4 39
11 5 10
11 6 38
11 8 97
11 9 90
11 10 47
11 14 2
11 17 97
11 18 40
11 20 54
11 21 10
11 22 2
11 24 55
11 30 52
11 31 30
11 35 88
11 36 72
11 37 21
11 38 24
1 23 55
3 23 9
4 23 17
7 23 33
10 23 18
12 23 13
13 23 72
14 23 5
15 23 54
19 23 90
20 23 75
21 23 2
24 23 84
28 23 47
29 23 44
35 23 80
37 23 62
38 23 17
39 23 66
