42
79
0 2 59
0 5 30
0 6 93
0 7 67
0 9 83
0 10 47
0 15 58
0 17 32
0 18 58
0 19 9
0 21 26
0 29 37
0 33 38
0 34 34
0 36 29
0 46 90
0 51 100
0 59 93
0 61 82
0 63 50
0 73 20
0 78 44
0 82 87
0 92 2
0 94 76
0 99 62
0 106 67
0 110 11
0 111 10
0 113 58
0 116 63
0 120 21
0 123 52
0 134 1
0 136 2
0 138 58
0 145 52
1 0 66
1 3 24
1 7 67
1 9 24
1 13 71
1 15 25
1 17 77
1 18 59
1 20 45
1 26 79
1 29 34
1 31 87
1 32 6
1 33 34
1 39 7
1 43 27
1 55 16
1 56 46
1 59 14
1 61 62
1 66 66
1 71 5
1 92 41
1 96 43
1 102 44
1 103 23
1 111 26
1 114 98
1 118 86
1 120 27
1 125 51
1 127 100
1 130 75
1 134 41
1 137 48
1 142 100
1 144 52
1 147 69
1 148 27
1 149 35
2 4 36
2 5 19
2 13 59
2 15 19
2 19 36
2 21 23
2 23 79
2 29 78
2 31 35
2 35 55
2 38 12
2 44 24
2 46 44
2 47 25
2 50 28
2 51 99
2 59 30
2 61 58
2 63 65
2 69 67
2 71 92
2 73 44
2 75 34
2 76 61
2 77 84
2 83 38
2 84 82
2 86 4
2 96 42
2 103 51
2 108 81
2 115 88
2 122 51
2 126 41
2 127 88
2 131 35
2 135 70
2 140 49
2 141 35
2 142 61
2 143 75
2 146 28
2 147 10
2 149 40
3 7 36
3 8 14
3 10 5
3 12 96
3 14 80
3 16 86
3 19 52
3 21 99
3 24 67
3 27 78
3 31 18
3 33 35
3 34 10
3 37 89
3 40 68
3 45 23
3 48 73
3 49 2
3 52 81
3 58 16
3 59 14
3 61 36
3 62 94
3 70 46
3 71 63
3 75 22
3 81 80
3 82 92
3 83 20
3 88 3
3 93 30
3 96 52
3 105 19
3 110 59
3 113 27
3 114 80
3 118 57
3 121 1
3 122 29
3 123 43
3 124 56
3 132 21
4 1 92
4 3 26
4 8 93
4 16 7
4 18 48
4 19 54
4 22 39
4 26 59
4 27 92
4 28 15
4 29 28
4 30 92
4 32 3
4 39 59
4 47 14
4 52 46
4 53 14
4 56 89
4 57 18
4 60 8
4 61 28
4 64 14
4 72 20
4 76 6
4 77 28
4 78 95
4 81 40
4 83 53
4 94 77
4 96 91
4 101 65
4 102 35
4 104 50
4 108 31
4 111 3
4 114 65
4 120 66
4 122 41
4 123 99
4 125 84
4 131 31
4 134 52
4 135 94
4 138 7
4 141 98
4 145 89
5 12 79
5 14 14
5 22 65
5 23 46
5 28 89
5 29 79
5 30 66
5 35 97
5 45 22
5 52 9
5 53 11
5 56 24
5 57 43
5 60 92
5 70 59
5 73 7
5 78 64
5 80 1
5 86 57
5 90 70
5 96 62
5 101 28
5 103 75
5 105 98
5 107 98
5 108 4
5 112 59
5 117 62
5 118 47
5 120 74
5 121 92
5 126 76
5 127 55
5 129 6
5 133 32
5 135 20
5 138 5
5 143 37
5 145 88
5 146 54
6 0 72
6 3 21
6 4 49
6 5 28
6 7 45
6 8 62
6 17 78
6 23 16
6 26 1
6 28 92
6 32 85
6 34 92
6 36 90
6 47 97
6 61 26
6 62 97
6 64 24
6 65 8
6 69 33
6 71 65
6 73 39
6 74 1
6 75 72
6 76 18
6 77 7
6 81 42
6 85 18
6 86 63
6 88 27
6 93 97
6 96 25
6 100 7
6 105 46
6 109 55
6 111 72
6 116 82
6 117 86
6 124 98
6 127 14
6 129 99
6 134 35
6 135 43
6 138 74
6 140 21
6 145 36
6 147 25
6 149 76
7 4 12
7 5 6
7 8 14
7 9 61
7 10 92
7 20 94
7 24 31
7 26 15
7 27 54
7 28 4
7 32 99
7 36 4
7 45 66
7 48 57
7 58 81
7 59 51
7 66 75
7 68 98
7 70 96
7 86 67
7 90 88
7 92 77
7 93 31
7 99 11
7 104 61
7 106 34
7 109 44
7 110 90
7 117 25
7 122 41
7 123 40
7 125 58
7 126 23
7 129 86
7 135 64
7 136 30
7 141 80
7 142 47
7 145 74
7 146 46
7 149 45
8 2 88
8 5 82
8 7 86
8 9 33
8 14 76
8 15 7
8 16 45
8 17 80
8 19 75
8 20 37
8 22 20
8 26 86
8 37 40
8 39 24
8 52 96
8 58 88
8 61 49
8 62 15
8 65 48
8 68 55
8 71 86
8 72 23
8 74 73
8 78 60
8 85 46
8 86 14
8 92 97
8 96 52
8 98 90
8 106 79
8 107 94
8 108 30
8 117 53
8 118 31
8 123 61
8 125 12
8 127 65
8 129 27
8 130 50
8 132 69
8 139 46
8 143 70
9 4 75
9 5 20
9 6 78
9 11 56
9 12 50
9 14 43
9 17 47
9 18 40
9 21 29
9 24 33
9 25 12
9 32 100
9 33 76
9 36 67
9 41 69
9 44 37
9 47 85
9 50 72
9 55 53
9 56 67
9 61 54
9 62 32
9 65 4
9 69 93
9 74 61
9 75 27
9 80 18
9 81 58
9 82 36
9 83 22
9 86 87
9 87 14
9 91 5
9 96 37
9 98 42
9 100 18
9 109 95
9 112 59
9 113 70
9 114 39
9 117 31
9 121 95
9 126 57
9 131 53
9 132 5
9 133 71
9 140 46
9 143 10
9 145 8
9 146 8
9 148 91
10 0 64
10 6 76
10 9 81
10 11 9
10 12 47
10 15 78
10 19 25
10 22 16
10 23 52
10 24 96
10 28 31
10 30 44
10 32 96
10 33 46
10 34 29
10 35 23
10 38 55
10 52 58
10 53 62
10 56 83
10 58 12
10 60 73
10 61 83
10 62 44
10 66 32
10 68 1
10 70 73
10 72 32
10 77 65
10 82 79
10 87 68
10 90 18
10 92 82
10 93 89
10 97 19
10 99 49
10 100 90
10 107 27
10 108 49
10 109 24
10 111 49
10 116 34
10 118 56
10 119 76
10 120 87
10 128 13
10 131 22
10 132 52
10 136 43
10 137 48
10 138 30
10 143 14
10 145 15
11 1 91
11 6 22
11 15 84
11 17 13
11 18 78
11 21 50
11 23 60
11 25 59
11 27 73
11 28 52
11 31 8
11 32 51
11 34 35
11 47 41
11 54 56
11 62 38
11 63 13
11 67 83
11 68 82
11 69 41
11 72 3
11 81 92
11 82 48
11 86 57
11 87 9
11 88 42
11 90 22
11 92 69
11 95 72
11 101 21
11 107 53
11 108 73
11 111 92
11 113 90
11 120 77
11 121 40
11 124 71
11 127 10
11 129 64
11 132 46
11 136 42
11 137 9
11 141 61
11 144 96
11 148 17
12 1 19
12 3 66
12 11 51
12 18 87
12 22 10
12 25 5
12 27 85
12 33 14
12 38 87
12 45 41
12 48 25
12 49 36
12 60 76
12 62 55
12 63 48
12 66 6
12 68 22
12 77 36
12 78 89
12 81 15
12 82 62
12 83 29
12 84 37
12 85 94
12 96 18
12 104 78
12 106 83
12 107 68
12 111 30
12 121 51
12 123 32
12 128 97
12 131 36
12 132 92
12 136 24
12 139 88
12 142 54
12 145 30
12 148 9
13 1 6
13 6 54
13 7 12
13 12 34
13 18 63
13 22 64
13 24 99
13 27 26
13 29 74
13 30 88
13 35 33
13 37 30
13 40 77
13 44 62
13 48 85
13 49 17
13 56 40
13 59 64
13 60 57
13 75 16
13 78 43
13 80 40
13 82 95
13 85 66
13 91 42
13 95 61
13 96 82
13 97 40
13 99 87
13 102 74
13 103 30
13 109 56
13 110 55
13 113 75
13 114 77
13 115 79
13 116 24
13 118 6
13 120 42
13 122 56
13 123 20
13 126 22
13 128 45
13 129 81
13 130 44
13 135 21
13 137 31
13 138 6
13 139 11
13 140 57
13 141 32
13 142 47
13 147 14
14 2 17
14 4 5
14 7 38
14 18 34
14 21 67
14 24 46
14 28 89
14 29 12
14 32 84
14 38 14
14 43 69
14 47 98
14 52 35
14 55 37
14 57 90
14 61 38
14 63 72
14 67 100
14 71 22
14 75 43
14 76 35
14 78 93
14 80 51
14 86 5
14 89 85
14 90 28
14 94 45
14 106 61
14 107 49
14 108 19
14 110 13
14 116 89
14 118 67
14 120 4
14 122 20
14 124 92
14 129 80
14 135 32
14 140 85
14 142 71
14 144 76
14 145 2
14 146 14
15 0 1
15 4 77
15 5 94
15 8 66
15 11 97
15 13 3
15 14 77
15 17 65
15 18 25
15 21 57
15 22 49
15 23 52
15 24 32
15 28 56
15 35 14
15 36 62
15 38 16
15 43 68
15 44 35
15 45 86
15 46 97
15 49 96
15 54 15
15 57 56
15 62 49
15 66 7
15 71 99
15 75 96
15 83 32
15 87 93
15 88 55
15 90 89
15 97 67
15 107 7
15 110 87
15 111 5
15 112 17
15 113 72
15 116 24
15 122 51
15 124 73
15 128 53
15 130 12
15 131 4
15 135 46
15 141 53
15 147 32
15 149 53
16 3 48
16 4 44
16 5 2
16 7 87
16 8 26
16 13 69
16 17 65
16 18 37
16 20 1
16 23 51
16 26 6
16 27 37
16 33 50
16 37 89
16 47 18
16 50 81
16 53 94
16 55 2
16 57 92
16 59 75
16 60 39
16 62 88
16 64 85
16 66 27
16 68 36
16 73 95
16 76 10
16 78 6
16 80 86
16 83 61
16 84 81
16 85 98
16 87 79
16 96 47
16 99 87
16 105 77
16 107 4
16 110 69
16 115 7
16 119 44
16 122 10
16 124 32
16 127 16
16 129 65
16 130 50
16 133 20
16 135 80
16 137 6
16 138 93
16 140 66
16 142 84
16 144 50
16 145 62
16 146 50
16 149 59
17 1 46
17 3 17
17 6 1
17 7 51
17 8 33
17 11 50
17 14 46
17 25 44
17 27 64
17 31 84
17 34 61
17 37 31
17 41 37
17 50 22
17 56 6
17 57 78
17 58 7
17 67 7
17 68 71
17 69 7
17 70 80
17 71 63
17 72 59
17 75 31
17 83 64
17 88 16
17 91 89
17 95 71
17 98 69
17 108 94
17 110 63
17 114 87
17 116 64
17 124 49
17 127 82
17 128 65
17 134 56
17 135 8
17 147 33
17 149 31
18 2 25
18 4 23
18 12 57
18 13 23
18 17 54
18 19 34
18 26 69
18 28 37
18 29 47
18 35 12
18 57 61
18 59 7
18 60 97
18 63 91
18 70 34
18 73 26
18 75 50
18 77 97
18 78 96
18 80 38
18 81 98
18 87 35
18 89 20
18 92 85
18 97 80
18 98 50
18 100 7
18 104 67
18 105 91
18 111 62
18 113 30
18 114 8
18 117 9
18 124 91
18 128 72
18 131 9
18 138 39
18 140 89
18 147 90
19 6 95
19 7 81
19 12 19
19 14 63
19 15 39
19 17 84
19 21 46
19 24 90
19 32 18
19 38 30
19 39 37
19 49 94
19 52 23
19 58 20
19 63 45
19 68 3
19 70 78
19 80 76
19 81 74
19 82 37
19 84 19
19 85 12
19 86 85
19 97 86
19 103 32
19 105 5
19 112 11
19 118 97
19 119 90
19 121 38
19 122 16
19 126 96
19 135 64
19 138 7
19 140 12
19 142 73
19 143 100
19 146 49
19 149 45
20 6 35
20 7 17
20 14 88
20 16 76
20 17 71
20 21 100
20 22 80
20 23 69
20 26 15
20 29 33
20 33 54
20 37 25
20 47 67
20 48 19
20 50 24
20 58 50
20 60 19
20 64 98
20 66 40
20 67 9
20 76 62
20 77 85
20 83 81
20 86 83
20 87 17
20 89 9
20 90 11
20 95 49
20 97 25
20 101 86
20 103 28
20 112 61
20 113 73
20 118 64
20 127 23
20 128 8
20 130 69
20 131 21
20 134 83
20 144 14
20 145 60
21 5 69
21 8 81
21 12 95
21 14 57
21 22 89
21 23 63
21 26 24
21 37 34
21 38 5
21 39 62
21 48 1
21 49 13
21 51 87
21 54 90
21 60 69
21 61 89
21 65 91
21 67 22
21 72 77
21 73 23
21 78 54
21 89 25
21 91 38
21 93 46
21 98 58
21 106 46
21 112 79
21 114 5
21 115 1
21 117 52
21 120 27
21 121 48
21 123 56
21 129 70
21 132 4
21 133 14
21 134 6
21 136 40
21 141 18
21 142 28
21 143 68
21 144 90
21 146 28
21 147 96
22 2 87
22 3 100
22 5 7
22 11 46
22 13 54
22 16 87
22 21 51
22 26 82
22 27 24
22 30 79
22 31 85
22 34 64
22 35 83
22 36 44
22 38 38
22 43 36
22 44 22
22 47 44
22 48 35
22 50 47
22 52 33
22 54 47
22 55 63
22 60 72
22 62 36
22 63 29
22 66 8
22 67 19
22 68 23
22 76 10
22 77 54
22 78 30
22 80 39
22 83 8
22 86 62
22 88 14
22 90 11
22 92 67
22 93 42
22 97 81
22 104 100
22 108 90
22 109 65
22 110 88
22 111 25
22 113 83
22 115 11
22 118 5
22 121 10
22 126 76
22 127 81
22 128 58
22 133 62
22 137 43
22 138 90
22 143 34
22 149 78
23 1 74
23 3 1
23 4 84
23 7 39
23 11 56
23 14 29
23 15 85
23 20 41
23 25 26
23 27 70
23 28 18
23 34 71
23 35 42
23 37 92
23 39 31
23 41 38
23 44 98
23 45 3
23 46 70
23 47 65
23 48 63
23 53 58
23 72 85
23 81 15
23 83 10
23 89 41
23 91 37
23 94 65
23 99 49
23 101 16
23 104 75
23 106 1
23 114 31
23 116 76
23 118 12
23 120 17
23 126 25
23 129 66
23 138 82
23 140 8
23 141 1
23 145 5
24 0 6
24 4 37
24 6 10
24 9 7
24 19 5
24 23 35
24 27 21
24 28 76
24 30 88
24 36 55
24 41 58
24 45 21
24 47 85
24 53 83
24 58 35
24 59 45
24 60 94
24 62 92
24 66 23
24 70 91
24 72 25
24 74 25
24 78 70
24 86 94
24 90 96
24 96 28
24 101 7
24 102 64
24 105 26
24 106 82
24 109 3
24 113 8
24 114 99
24 119 72
24 124 36
24 126 26
24 127 14
24 129 35
24 130 17
24 135 49
24 137 22
24 143 7
24 145 45
24 147 31
24 149 22
25 4 95
25 5 31
25 6 15
25 7 100
25 8 96
25 9 41
25 17 100
25 19 39
25 26 93
25 28 26
25 34 17
25 37 49
25 41 92
25 43 5
25 49 96
25 51 1
25 56 47
25 59 37
25 68 12
25 73 7
25 76 86
25 77 52
25 89 8
25 92 30
25 93 52
25 96 3
25 98 26
25 99 95
25 105 55
25 107 80
25 108 11
25 110 50
25 111 31
25 112 64
25 115 69
25 119 61
25 123 38
25 127 52
25 128 2
25 130 18
25 131 10
25 136 8
25 137 21
25 142 94
25 145 94
25 146 2
25 147 68
25 149 49
26 0 4
26 6 79
26 13 10
26 15 71
26 16 4
26 17 100
26 18 29
26 23 42
26 31 40
26 39 64
26 40 73
26 41 28
26 43 36
26 49 99
26 53 53
26 55 99
26 58 3
26 62 66
26 64 21
26 72 5
26 76 20
26 77 36
26 78 86
26 86 5
26 93 39
26 94 98
26 97 52
26 101 4
26 103 58
26 107 2
26 108 27
26 114 61
26 115 77
26 120 43
26 126 6
26 129 35
26 136 30
26 138 87
26 139 66
26 141 34
26 142 44
26 149 67
27 5 58
27 7 11
27 8 37
27 12 57
27 18 13
27 20 90
27 26 99
27 35 12
27 36 41
27 38 59
27 44 54
27 47 3
27 49 76
27 53 78
27 56 26
27 61 22
27 69 22
27 70 39
27 75 92
27 77 54
27 81 27
27 84 51
27 85 2
27 87 41
27 88 95
27 89 2
27 90 88
27 91 54
27 96 13
27 100 48
27 104 92
27 105 1
27 108 3
27 109 76
27 111 9
27 113 10
27 114 85
27 121 92
27 126 38
27 134 77
27 137 22
27 141 68
27 142 76
27 144 56
27 146 19
28 0 70
28 5 11
28 10 9
28 11 34
28 12 84
28 14 16
28 23 97
28 36 70
28 41 81
28 44 76
28 48 12
28 52 58
28 53 17
28 54 22
28 55 1
28 59 51
28 64 82
28 68 84
28 69 18
28 71 96
28 73 41
28 75 11
28 87 82
28 88 19
28 94 94
28 97 42
28 98 12
28 100 96
28 105 27
28 106 17
28 117 76
28 121 30
28 126 68
28 135 21
28 138 56
29 1 24
29 10 7
29 16 3
29 20 92
29 28 51
29 31 85
29 39 98
29 40 43
29 41 47
29 46 94
29 50 67
29 54 27
29 56 52
29 57 18
29 58 74
29 60 22
29 63 55
29 64 78
29 65 25
29 70 88
29 72 43
29 76 60
29 78 26
29 86 13
29 89 37
29 91 46
29 94 33
29 103 78
29 107 100
29 109 65
29 110 5
29 113 84
29 114 96
29 115 95
29 116 84
29 120 47
29 121 42
29 125 44
29 126 47
29 131 12
29 133 86
29 136 56
30 2 86
30 3 87
30 6 79
30 9 81
30 12 6
30 13 89
30 15 77
30 18 13
30 28 51
30 29 9
30 33 43
30 36 38
30 38 41
30 44 30
30 46 34
30 48 32
30 49 49
30 51 82
30 55 73
30 72 25
30 76 70
30 82 2
30 92 97
30 95 52
30 96 63
30 102 32
30 110 78
30 115 33
30 117 100
30 118 4
30 120 19
30 126 4
30 127 23
30 128 82
30 129 55
30 133 50
30 144 18
31 1 81
31 2 84
31 4 9
31 7 55
31 8 65
31 13 78
31 14 75
31 15 33
31 17 65
31 18 82
31 20 72
31 22 21
31 25 17
31 28 49
31 30 14
31 36 47
31 38 28
31 44 65
31 46 28
31 51 28
31 57 99
31 60 71
31 65 11
31 66 37
31 69 19
31 71 80
31 72 25
31 78 10
31 84 46
31 86 15
31 89 29
31 90 85
31 96 36
31 97 56
31 101 62
31 103 94
31 116 28
31 117 86
31 120 31
31 124 17
31 126 51
31 133 29
31 136 68
31 141 29
31 144 87
31 146 100
31 147 45
32 6 45
32 8 61
32 9 31
32 10 37
32 15 82
32 18 43
32 20 67
32 21 50
32 26 98
32 36 28
32 37 73
32 38 17
32 40 88
32 41 96
32 44 70
32 47 22
32 49 9
32 52 23
32 56 19
32 65 71
32 68 75
32 71 68
32 77 55
32 90 29
32 91 45
32 93 87
32 102 54
32 103 25
32 104 22
32 109 62
32 110 95
32 111 80
32 115 68
32 116 45
32 118 98
32 119 86
32 126 39
32 136 85
32 142 56
32 144 56
32 145 56
32 146 84
32 148 47
33 1 95
33 3 22
33 4 43
33 6 8
33 7 33
33 11 34
33 12 46
33 13 69
33 16 2
33 21 95
33 22 81
33 23 26
33 24 55
33 27 13
33 28 5
33 41 73
33 45 67
33 47 39
33 48 98
33 49 77
33 54 49
33 55 65
33 58 82
33 67 87
33 68 83
33 69 26
33 75 30
33 76 66
33 80 41
33 84 61
33 85 64
33 89 7
33 91 41
33 106 81
33 108 16
33 118 12
33 122 59
33 123 18
33 127 27
33 130 3
33 137 65
33 141 60
33 144 100
33 148 75
34 4 68
34 12 21
34 18 10
34 19 13
34 21 85
34 25 3
34 26 31
34 27 54
34 30 88
34 32 53
34 33 22
34 39 23
34 40 56
34 44 1
34 47 14
34 51 44
34 54 15
34 59 4
34 68 65
34 74 88
34 77 92
34 83 11
34 86 50
34 93 3
34 98 1
34 100 56
34 104 8
34 105 27
34 107 71
34 110 96
34 113 27
34 115 92
34 116 3
34 117 70
34 120 28
34 121 90
34 122 56
34 125 12
34 135 33
34 138 85
34 139 54
34 144 27
35 7 80
35 28 87
35 31 39
35 39 75
35 52 26
35 54 48
35 56 9
35 60 52
35 64 68
35 67 100
35 71 12
35 72 64
35 74 5
35 77 13
35 83 38
35 91 89
35 95 52
35 96 21
35 97 42
35 101 2
35 103 90
35 107 85
35 109 37
35 111 96
35 119 51
35 123 100
35 127 94
35 138 97
35 139 19
35 140 54
35 142 79
35 143 14
35 146 15
36 0 46
36 3 14
36 4 28
36 8 5
36 10 84
36 12 98
36 14 70
36 16 20
36 17 20
36 29 97
36 32 27
36 39 74
36 41 60
36 44 58
36 46 25
36 47 18
36 59 51
36 60 86
36 61 42
36 62 57
36 65 50
36 68 78
36 70 11
36 80 20
36 84 82
36 86 42
36 87 11
36 88 48
36 91 89
36 93 35
36 94 45
36 105 3
36 107 21
36 112 41
36 117 85
36 118 50
36 119 75
36 125 80
36 126 29
36 131 70
36 134 6
36 137 40
36 144 68
36 147 82
37 2 19
37 7 36
37 9 84
37 10 54
37 13 29
37 15 40
37 17 39
37 20 29
37 21 42
37 27 18
37 29 14
37 31 77
37 32 3
37 35 51
37 41 7
37 44 21
37 45 31
37 48 52
37 49 49
37 52 14
37 55 84
37 57 31
37 66 33
37 71 56
37 74 39
37 75 69
37 78 24
37 83 59
37 86 42
37 92 43
37 93 73
37 106 22
37 109 27
37 111 90
37 112 20
37 114 93
37 119 50
37 127 89
37 128 75
37 129 52
37 130 30
37 133 61
37 134 76
37 136 40
37 138 97
37 140 67
37 144 92
37 147 88
37 148 81
38 0 97
38 3 61
38 4 21
38 7 9
38 8 70
38 10 54
38 16 17
38 17 89
38 18 6
38 21 44
38 32 1
38 33 64
38 36 41
38 37 7
38 39 87
38 40 52
38 46 16
38 47 83
38 49 7
38 54 97
38 56 89
38 57 45
38 58 6
38 59 100
38 69 7
38 71 8
38 72 29
38 75 84
38 76 18
38 78 93
38 85 48
38 92 46
38 94 24
38 95 92
38 96 98
38 98 30
38 99 64
38 102 72
38 119 77
38 122 80
38 128 53
38 132 74
38 134 42
38 138 73
38 145 31
38 146 85
38 149 19
39 6 93
39 10 66
39 14 64
39 16 71
39 17 100
39 19 42
39 29 57
39 33 69
39 35 10
39 37 91
39 43 98
39 44 34
39 49 92
39 59 27
39 61 70
39 62 68
39 65 72
39 69 97
39 90 90
39 93 91
39 95 39
39 98 59
39 100 47
39 101 80
39 102 59
39 103 49
39 106 83
39 111 84
39 112 44
39 113 65
39 118 99
39 119 99
39 127 48
39 131 80
39 134 58
39 135 24
39 136 69
39 137 59
39 139 82
39 142 4
39 143 31
39 145 78
39 149 47
40 1 52
40 3 77
40 9 5
40 11 81
40 12 15
40 22 55
40 24 71
40 26 81
40 28 62
40 36 13
40 37 42
40 43 17
40 49 23
40 50 59
40 53 21
40 60 99
40 62 34
40 64 77
40 67 79
40 73 8
40 75 97
40 81 63
40 92 55
40 96 25
40 99 48
40 103 78
40 104 57
40 107 88
40 109 89
40 111 50
40 114 42
40 115 27
40 116 18
40 117 16
40 122 15
40 124 90
40 125 72
40 131 96
40 132 43
40 136 16
40 137 78
40 138 100
40 139 51
40 143 23
40 145 75
40 148 77
41 2 10
41 4 51
41 6 20
41 10 79
41 11 51
41 16 87
41 25 23
41 28 81
41 29 5
41 31 26
41 37 71
41 49 82
41 50 6
41 52 60
41 59 97
41 60 36
41 63 16
41 64 82
41 66 27
41 68 6
41 72 55
41 74 5
41 78 15
41 81 5
41 84 4
41 85 39
41 87 76
41 88 70
41 90 15
41 91 89
41 95 60
41 97 42
41 99 7
41 107 13
41 108 13
41 109 6
41 110 40
41 111 20
41 113 83
41 114 8
41 116 53
41 117 30
41 120 55
41 126 51
41 130 31
41 132 9
41 136 99
41 142 62
41 149 24
43 2 74
43 5 77
43 8 75
43 12 61
43 15 99
43 16 32
43 18 92
43 19 36
43 22 18
43 24 55
43 25 84
43 30 62
43 32 53
43 34 90
43 44 37
43 49 28
43 54 24
43 56 5
43 62 23
43 63 14
43 71 50
43 74 19
43 77 20
43 80 28
43 82 30
43 84 22
43 86 60
43 90 57
43 93 15
43 94 48
43 95 57
43 97 37
43 99 9
43 102 2
43 103 79
43 106 89
43 107 58
43 109 2
43 111 74
43 113 51
43 114 57
43 130 73
43 132 100
43 133 49
43 138 90
43 139 12
43 140 83
43 142 3
43 148 28
44 4 38
44 6 65
44 9 7
44 10 64
44 12 7
44 14 7
44 15 74
44 17 44
44 20 2
44 22 79
44 23 66
44 25 74
44 26 6
44 39 52
44 41 31
44 43 34
44 45 15
44 47 74
44 62 61
44 63 70
44 64 2
44 73 2
44 75 56
44 84 72
44 85 39
44 87 66
44 90 44
44 92 51
44 93 64
44 99 56
44 102 36
44 113 61
44 117 93
44 123 31
44 124 21
44 131 81
44 137 79
44 138 43
44 146 62
44 149 38
45 1 94
45 3 16
45 5 86
45 9 11
45 11 84
45 17 57
45 20 91
45 28 88
45 29 4
45 30 6
45 32 78
45 33 40
45 35 88
45 37 75
45 38 38
45 40 67
45 43 87
45 44 50
45 55 54
45 56 97
45 59 42
45 63 78
45 65 34
45 66 47
45 67 35
45 68 13
45 70 5
45 72 98
45 77 45
45 88 60
45 92 57
45 93 36
45 100 81
45 103 94
45 105 71
45 108 50
45 109 90
45 110 98
45 114 62
45 116 8
45 131 87
45 132 44
45 139 32
45 142 13
45 143 36
45 144 98
45 145 53
45 146 82
45 147 64
46 0 47
46 1 67
46 3 53
46 4 51
46 7 96
46 17 18
46 23 76
46 24 59
46 25 98
46 27 49
46 29 78
46 32 75
46 33 43
46 35 70
46 38 19
46 44 50
46 47 38
46 52 61
46 53 33
46 60 19
46 62 68
46 64 40
46 65 29
46 69 89
46 71 22
46 73 19
46 80 27
46 84 8
46 86 51
46 90 35
46 91 82
46 112 96
46 114 18
46 115 48
46 117 41
46 121 75
46 126 62
46 128 8
46 130 31
46 138 11
46 145 55
46 146 82
47 6 72
47 8 78
47 11 17
47 12 20
47 16 100
47 21 33
47 26 26
47 27 76
47 29 7
47 30 61
47 31 22
47 33 43
47 35 26
47 40 43
47 50 35
47 51 10
47 55 78
47 58 1
47 62 68
47 65 97
47 71 49
47 74 72
47 75 31
47 76 18
47 78 42
47 81 38
47 82 63
47 83 30
47 85 56
47 86 60
47 88 86
47 90 3
47 91 32
47 93 95
47 98 23
47 104 89
47 106 92
47 108 72
47 114 13
47 115 76
47 116 34
47 117 49
47 118 75
47 119 69
47 124 99
47 131 50
47 140 59
47 142 30
47 143 15
47 145 61
47 146 4
47 149 47
48 4 31
48 8 66
48 17 15
48 26 63
48 27 49
48 28 63
48 29 21
48 30 88
48 32 5
48 34 69
48 35 58
48 36 55
48 39 39
48 45 22
48 49 56
48 55 26
48 57 28
48 60 64
48 66 9
48 68 85
48 69 41
48 72 61
48 78 37
48 83 42
48 92 41
48 93 99
48 103 91
48 107 11
48 109 82
48 114 73
48 121 48
48 122 32
48 123 50
48 130 5
48 133 34
48 135 47
48 136 16
48 137 77
48 141 39
48 142 26
48 143 23
48 149 44
49 1 90
49 4 15
49 6 92
49 7 100
49 9 25
49 10 36
49 16 94
49 18 56
49 22 85
49 23 27
49 32 36
49 38 21
49 39 83
49 40 92
49 45 77
49 48 24
49 56 42
49 58 43
49 61 43
49 63 41
49 64 15
49 68 82
49 74 62
49 75 61
49 78 3
49 82 62
49 83 100
49 95 84
49 97 28
49 99 77
49 101 68
49 103 99
49 105 14
49 113 44
49 117 54
49 126 74
49 127 51
49 129 100
49 131 32
49 141 26
49 143 45
49 149 29
50 4 88
50 6 32
50 7 97
50 10 55
50 12 26
50 19 62
50 22 51
50 25 40
50 26 53
50 31 73
50 32 4
50 35 46
50 37 63
50 41 86
50 43 60
50 48 17
50 55 16
50 57 96
50 60 70
50 65 70
50 68 4
50 69 60
50 72 82
50 74 54
50 76 3
50 80 75
50 81 95
50 82 57
50 84 75
50 85 80
50 86 75
50 91 28
50 96 34
50 104 93
50 105 87
50 106 63
50 113 12
50 114 98
50 117 94
50 122 14
50 123 25
50 129 2
50 132 58
50 133 73
50 137 98
50 148 63
50 149 15
51 1 39
51 2 83
51 6 24
51 8 48
51 11 10
51 12 20
51 14 48
51 17 3
51 21 69
51 25 60
51 26 18
51 27 20
51 32 43
51 34 53
51 35 27
51 36 87
51 50 68
51 52 72
51 55 50
51 56 37
51 58 12
51 61 76
51 66 16
51 68 23
51 70 48
51 71 31
51 75 22
51 76 87
51 82 32
51 85 58
51 89 69
51 90 25
51 93 78
51 97 53
51 98 54
51 102 98
51 103 28
51 104 31
51 105 32
51 108 82
51 109 15
51 117 49
51 120 21
51 122 46
51 123 80
51 124 61
51 126 55
51 128 47
51 129 21
51 131 23
51 136 18
51 139 60
51 143 53
51 149 50
52 4 24
52 8 13
52 20 96
52 23 72
52 27 15
52 28 26
52 34 41
52 36 17
52 39 4
52 40 5
52 44 7
52 47 9
52 50 86
52 54 64
52 55 78
52 63 19
52 67 79
52 69 96
52 78 17
52 80 55
52 81 25
52 84 19
52 85 65
52 86 56
52 92 10
52 99 74
52 104 26
52 106 58
52 107 39
52 108 67
52 109 18
52 110 90
52 115 91
52 118 21
52 121 31
52 123 58
52 125 89
52 129 95
52 132 64
52 133 69
52 140 57
52 142 7
52 146 34
52 148 33
53 3 51
53 7 33
53 14 29
53 15 41
53 16 37
53 21 40
53 23 74
53 28 51
53 31 54
53 32 87
53 33 30
53 40 4
53 44 72
53 46 28
53 50 26
53 55 36
53 57 47
53 70 65
53 73 69
53 75 54
53 90 73
53 101 19
53 102 55
53 105 91
53 114 43
53 127 79
53 134 80
53 145 67
53 146 75
53 147 50
53 149 10
54 6 22
54 8 81
54 10 85
54 15 37
54 18 36
54 19 62
54 22 10
54 26 32
54 27 74
54 29 28
54 31 12
54 33 8
54 35 84
54 36 45
54 37 49
54 39 42
54 44 3
54 46 5
54 47 5
54 48 12
54 52 90
54 58 27
54 65 49
54 66 1
54 72 73
54 84 67
54 85 63
54 86 82
54 87 71
54 89 54
54 90 98
54 92 92
54 97 51
54 99 26
54 101 87
54 103 58
54 104 17
54 110 47
54 113 81
54 114 18
54 118 10
54 123 18
54 124 38
54 130 24
54 131 97
54 132 98
54 136 68
54 142 20
54 144 50
54 145 67
55 0 98
55 1 78
55 10 7
55 22 51
55 25 91
55 32 70
55 36 75
55 37 55
55 40 91
55 43 43
55 45 93
55 47 56
55 48 68
55 49 92
55 51 50
55 58 24
55 64 67
55 65 34
55 67 46
55 73 65
55 76 32
55 85 58
55 91 54
55 93 72
55 95 30
55 102 97
55 104 2
55 106 58
55 109 2
55 111 81
55 114 28
55 115 64
55 117 49
55 119 51
55 120 65
55 122 69
55 123 15
55 127 86
55 130 69
55 133 96
55 141 69
55 142 54
55 143 94
55 144 60
55 145 65
55 148 74
56 0 36
56 2 28
56 11 61
56 12 32
56 13 4
56 14 69
56 28 15
56 29 14
56 30 91
56 33 11
56 36 86
56 37 41
56 38 19
56 40 49
56 47 60
56 49 49
56 57 2
56 59 87
56 68 91
56 70 14
56 72 43
56 82 9
56 85 10
56 86 48
56 88 10
56 92 4
56 93 6
56 94 66
56 95 58
56 97 28
56 99 78
56 105 47
56 108 49
56 112 15
56 119 12
56 125 3
56 126 80
56 127 83
56 130 87
56 131 13
56 134 29
56 139 66
56 140 84
56 143 94
56 145 17
57 2 16
57 4 29
57 8 52
57 14 35
57 15 50
57 25 84
57 27 49
57 29 27
57 30 42
57 32 41
57 33 84
57 39 84
57 40 78
57 41 93
57 44 63
57 50 40
57 52 50
57 53 78
57 56 93
57 59 41
57 69 38
57 70 90
57 76 77
57 77 25
57 78 40
57 84 67
57 85 31
57 90 5
57 103 83
57 106 83
57 107 18
57 114 86
57 115 26
57 119 59
57 128 76
57 130 68
57 132 46
57 133 28
57 135 9
57 141 20
57 142 19
57 148 18
57 149 45
58 3 90
58 7 53
58 13 35
58 19 47
58 22 49
58 24 6
58 26 42
58 27 70
58 33 88
58 37 53
58 39 54
58 41 18
58 44 64
58 48 65
58 49 78
58 51 18
58 53 16
58 55 83
58 56 38
58 59 17
58 67 44
58 69 4
58 80 47
58 81 33
58 83 15
58 84 35
58 86 25
58 89 39
58 94 93
58 96 50
58 98 47
58 105 75
58 108 65
58 109 6
58 113 69
58 124 83
58 127 36
58 129 5
58 132 93
58 133 39
58 134 13
58 140 72
58 141 39
58 143 50
58 148 73
59 0 79
59 8 76
59 13 38
59 17 20
59 24 43
59 25 39
59 29 16
59 40 53
59 44 20
59 47 56
59 49 30
59 50 3
59 51 98
59 53 73
59 56 79
59 58 97
59 60 86
59 61 17
59 66 43
59 70 42
59 80 98
59 85 99
59 86 56
59 87 91
59 88 92
59 89 28
59 91 39
59 93 52
59 94 91
59 97 98
59 100 56
59 104 79
59 105 9
59 107 69
59 108 85
59 109 11
59 119 88
59 138 5
59 140 4
59 141 40
59 145 45
59 146 68
59 147 28
59 148 3
59 149 45
60 3 92
60 4 60
60 9 12
60 11 87
60 14 78
60 17 27
60 21 42
60 28 93
60 31 84
60 32 26
60 34 92
60 35 56
60 36 56
60 39 88
60 41 34
60 44 18
60 51 59
60 52 73
60 55 9
60 56 30
60 57 23
60 62 86
60 65 64
60 66 75
60 67 28
60 73 48
60 77 58
60 78 61
60 80 92
60 86 8
60 89 16
60 97 49
60 99 47
60 101 49
60 108 73
60 110 30
60 111 47
60 115 26
60 120 4
60 121 25
60 125 42
60 126 20
60 127 68
60 128 55
60 132 91
60 136 73
60 139 55
60 144 36
61 2 97
61 3 87
61 4 17
61 6 97
61 12 81
61 15 75
61 20 68
61 22 44
61 25 98
61 28 93
61 29 66
61 35 9
61 37 40
61 41 11
61 47 70
61 48 57
61 53 60
61 55 95
61 56 52
61 63 13
61 65 78
61 67 84
61 74 36
61 86 15
61 87 38
61 90 96
61 99 42
61 100 78
61 103 2
61 104 52
61 105 28
61 108 10
61 111 71
61 115 65
61 118 97
61 123 48
61 124 54
61 127 58
61 128 44
61 131 17
61 133 37
61 137 12
61 139 43
61 141 73
61 148 82
61 149 24
62 2 55
62 3 43
62 8 18
62 9 13
62 11 8
62 17 51
62 20 58
62 25 97
62 28 88
62 32 7
62 34 71
62 37 83
62 39 4
62 40 6
62 46 25
62 48 3
62 51 97
62 67 63
62 76 11
62 77 48
62 82 82
62 84 96
62 87 1
62 88 65
62 95 87
62 96 39
62 100 62
62 104 36
62 108 55
62 109 42
62 110 91
62 119 7
62 120 83
62 122 66
62 125 76
62 127 3
62 132 60
62 134 75
62 137 49
62 141 17
62 143 56
62 144 21
62 147 10
63 0 22
63 10 67
63 12 14
63 21 74
63 22 29
63 23 6
63 25 4
63 28 77
63 32 32
63 40 75
63 59 18
63 60 85
63 61 96
63 75 56
63 76 80
63 77 98
63 80 68
63 82 56
63 83 57
63 84 60
63 85 32
63 98 69
63 109 64
63 112 3
63 113 61
63 115 45
63 118 44
63 119 60
63 124 27
63 125 64
63 130 35
63 134 64
63 135 81
63 140 84
63 143 88
63 144 95
63 145 63
64 6 25
64 7 53
64 12 71
64 15 32
64 19 66
64 20 14
64 22 54
64 24 20
64 25 50
64 26 43
64 28 80
64 29 7
64 33 45
64 41 87
64 44 86
64 45 19
64 46 44
64 57 55
64 58 33
64 61 64
64 65 16
64 73 18
64 74 77
64 76 53
64 93 51
64 94 100
64 100 89
64 102 14
64 109 4
64 110 88
64 114 72
64 117 64
64 122 79
64 123 44
64 126 73
64 127 48
64 130 37
64 131 49
64 132 79
64 134 100
64 138 39
64 140 82
64 142 62
64 143 57
64 144 38
65 2 19
65 3 79
65 15 58
65 21 93
65 22 54
65 24 12
65 33 100
65 36 81
65 38 100
65 43 56
65 44 10
65 48 5
65 49 74
65 56 25
65 59 28
65 62 13
65 69 58
65 70 92
65 84 66
65 94 1
65 95 29
65 96 60
65 97 89
65 102 68
65 105 1
65 108 21
65 110 98
65 111 4
65 114 5
65 121 63
65 123 77
65 124 24
65 126 57
65 129 90
65 134 40
65 135 4
65 140 36
65 141 58
65 143 20
65 148 87
66 4 51
66 10 40
66 12 50
66 13 7
66 16 8
66 17 30
66 19 33
66 23 64
66 36 31
66 37 29
66 39 12
66 41 51
66 43 45
66 51 83
66 52 56
66 57 50
66 62 93
66 63 76
66 69 61
66 73 71
66 75 29
66 86 82
66 91 42
66 92 28
66 94 97
66 103 8
66 116 74
66 120 24
66 121 28
66 125 100
66 126 65
66 129 24
66 130 66
66 133 90
66 139 38
66 143 6
66 147 91
66 148 26
66 149 76
67 8 99
67 13 12
67 15 20
67 17 74
67 27 7
67 28 85
67 29 72
67 30 47
67 31 18
67 32 88
67 33 24
67 36 91
67 38 27
67 39 37
67 40 99
67 45 95
67 49 96
67 50 23
67 51 85
67 54 82
67 55 18
67 57 24
67 59 84
67 62 98
67 73 42
67 74 75
67 76 90
67 80 81
67 81 84
67 88 47
67 89 5
67 96 57
67 98 69
67 99 67
67 100 88
67 103 8
67 108 3
67 110 29
67 115 76
67 118 80
67 122 32
67 126 46
67 134 52
67 136 55
67 139 48
67 140 38
67 141 48
67 145 67
68 0 67
68 4 95
68 5 67
68 6 26
68 7 37
68 9 20
68 13 16
68 15 81
68 17 95
68 26 45
68 31 2
68 36 88
68 37 89
68 38 7
68 51 77
68 57 70
68 60 63
68 63 16
68 66 27
68 69 7
68 71 30
68 74 15
68 75 91
68 78 32
68 82 28
68 90 38
68 91 17
68 94 74
68 101 68
68 102 13
68 105 6
68 106 89
68 109 21
68 110 25
68 111 95
68 112 96
68 116 24
68 119 71
68 120 15
68 124 99
68 134 41
68 143 75
68 144 41
68 146 44
68 149 97
69 1 90
69 5 94
69 7 4
69 9 11
69 12 82
69 13 39
69 16 18
69 17 83
69 21 59
69 22 37
69 25 81
69 27 34
69 31 83
69 34 15
69 40 57
69 46 94
69 47 43
69 48 17
69 49 70
69 50 33
69 56 5
69 63 18
69 64 22
69 65 19
69 71 84
69 74 35
69 77 72
69 78 27
69 80 15
69 81 7
69 82 39
69 84 33
69 87 31
69 88 25
69 89 95
69 94 14
69 99 80
69 101 75
69 110 50
69 112 79
69 113 2
69 114 46
69 115 39
69 116 48
69 123 57
69 126 18
69 129 3
69 130 73
69 131 92
69 133 9
69 136 25
69 144 25
69 147 4
69 149 40
70 0 47
70 4 95
70 6 9
70 9 72
70 11 25
70 13 59
70 16 25
70 17 95
70 18 49
70 21 41
70 22 4
70 24 52
70 26 87
70 27 32
70 28 15
70 31 51
70 36 84
70 39 35
70 43 76
70 44 20
70 45 28
70 48 14
70 51 54
70 52 20
70 59 63
70 63 37
70 66 83
70 73 6
70 76 2
70 77 80
70 81 48
70 91 5
70 92 32
70 95 27
70 97 97
70 102 96
70 109 48
70 110 23
70 112 32
70 114 62
70 117 5
70 118 36
70 122 47
70 123 83
70 125 29
70 133 10
70 134 73
70 138 49
70 144 24
71 2 48
71 9 4
71 11 39
71 14 56
71 16 27
71 17 95
71 21 73
71 23 51
71 27 57
71 28 50
71 29 93
71 30 41
71 31 29
71 32 17
71 36 29
71 41 97
71 45 74
71 46 56
71 49 62
71 50 38
71 54 4
71 55 24
71 57 79
71 60 95
71 63 68
71 68 79
71 70 18
71 72 72
71 74 40
71 76 6
71 78 83
71 85 25
71 86 27
71 88 94
71 91 51
71 92 54
71 97 49
71 98 17
71 100 90
71 101 42
71 103 21
71 105 52
71 116 54
71 117 42
71 130 71
71 136 9
71 138 27
71 141 94
71 143 15
71 146 89
71 148 86
72 0 89
72 1 80
72 3 10
72 4 93
72 6 58
72 7 11
72 12 65
72 14 59
72 15 13
72 18 48
72 19 19
72 23 17
72 24 77
72 25 56
72 28 52
72 37 93
72 39 76
72 44 2
72 45 15
72 48 72
72 50 78
72 52 83
72 54 27
72 55 15
72 57 35
72 61 92
72 64 81
72 74 80
72 80 7
72 89 7
72 95 89
72 98 83
72 101 97
72 102 37
72 105 48
72 116 61
72 121 11
72 125 69
72 126 72
72 131 27
72 132 2
72 136 41
72 137 85
72 142 58
72 144 47
73 2 93
73 3 45
73 4 89
73 5 4
73 6 41
73 7 30
73 8 94
73 16 55
73 18 47
73 19 14
73 20 40
73 21 97
73 22 74
73 23 54
73 24 40
73 29 12
73 47 80
73 48 36
73 61 95
73 65 82
73 70 15
73 75 66
73 76 70
73 81 8
73 92 62
73 94 61
73 97 29
73 102 76
73 103 71
73 104 8
73 106 52
73 110 20
73 113 83
73 117 73
73 118 31
73 120 40
73 121 3
73 124 67
73 136 61
73 140 1
73 142 73
73 146 68
73 147 78
74 3 33
74 5 17
74 9 89
74 11 6
74 12 77
74 15 76
74 24 64
74 25 20
74 29 11
74 34 19
74 36 36
74 41 47
74 43 48
74 44 56
74 55 61
74 57 93
74 59 23
74 62 73
74 67 84
74 72 18
74 77 85
74 78 90
74 80 24
74 81 19
74 83 99
74 84 60
74 88 82
74 91 83
74 92 23
74 93 57
74 95 73
74 97 78
74 102 55
74 103 58
74 104 53
74 106 36
74 108 21
74 110 57
74 112 88
74 120 67
74 121 34
74 128 13
74 129 93
74 130 35
74 131 83
74 133 52
74 134 37
74 137 75
74 138 11
74 140 73
74 145 59
74 149 61
75 0 9
75 7 63
75 12 94
75 15 90
75 18 26
75 20 97
75 21 14
75 22 100
75 25 71
75 33 66
75 34 19
75 35 24
75 38 89
75 40 28
75 41 34
75 43 63
75 52 24
75 53 26
75 58 84
75 61 36
75 62 76
75 63 14
75 65 18
75 69 83
75 77 12
75 81 48
75 83 2
75 89 56
75 92 58
75 93 1
75 97 29
75 102 94
75 104 17
75 105 28
75 106 40
75 112 61
75 116 62
75 118 98
75 126 17
75 127 83
75 134 91
75 135 70
75 136 7
75 138 38
75 141 97
75 144 23
75 147 99
76 2 71
76 3 62
76 7 89
76 11 10
76 14 53
76 19 1
76 21 13
76 24 97
76 29 89
76 30 34
76 32 71
76 37 7
76 38 19
76 44 95
76 49 70
76 54 65
76 55 63
76 57 54
76 58 56
76 63 4
76 64 67
76 65 34
76 66 30
76 68 99
76 72 67
76 74 79
76 80 34
76 85 49
76 86 98
76 87 10
76 92 30
76 93 23
76 103 59
76 113 47
76 115 8
76 116 80
76 119 58
76 122 69
76 129 48
76 130 84
76 134 65
76 138 48
76 141 24
77 0 87
77 1 25
77 12 50
77 16 20
77 26 65
77 28 38
77 30 83
77 34 36
77 41 10
77 44 69
77 52 89
77 56 19
77 57 88
77 58 56
77 63 45
77 66 49
77 68 80
77 69 72
77 70 10
77 85 84
77 91 79
77 94 24
77 97 78
77 98 91
77 100 28
77 109 64
77 110 74
77 111 73
77 113 10
77 117 84
77 118 85
77 125 2
77 129 45
77 136 5
77 138 42
77 141 31
77 149 97
78 1 27
78 3 11
78 15 68
78 16 19
78 20 58
78 24 35
78 33 53
78 34 81
78 35 74
78 36 8
78 37 17
78 39 55
78 49 38
78 55 51
78 59 53
78 60 10
78 69 96
78 73 85
78 75 32
78 77 21
78 81 54
78 84 36
78 89 48
78 94 66
78 95 63
78 98 5
78 100 57
78 103 85
78 108 14
78 113 45
78 118 72
78 120 26
78 121 71
78 123 68
78 124 98
78 130 3
78 132 10
78 138 8
78 140 47
78 142 70
78 149 96
80 2 17
80 10 95
80 14 5
80 19 91
80 22 35
80 23 33
80 32 92
80 34 25
80 35 93
80 38 65
80 43 94
80 52 84
80 57 61
80 66 12
80 70 100
80 77 17
80 83 79
80 91 25
80 97 13
80 98 85
80 101 59
80 103 89
80 104 37
80 105 58
80 106 75
80 114 9
80 122 85
80 123 51
80 124 2
80 125 11
80 127 36
80 144 55
81 3 19
81 6 84
81 8 20
81 11 52
81 13 68
81 14 87
81 16 79
81 24 58
81 32 60
81 37 94
81 40 86
81 43 84
81 45 14
81 48 36
81 53 61
81 59 28
81 61 82
81 62 60
81 64 9
81 67 40
81 69 61
81 72 18
81 73 80
81 75 41
81 76 38
81 82 1
81 83 94
81 88 31
81 91 55
81 92 37
81 97 97
81 98 53
81 108 12
81 109 3
81 111 70
81 112 9
81 120 86
81 125 70
81 129 4
81 132 36
81 140 69
81 142 69
82 0 39
82 1 90
82 9 96
82 13 18
82 20 45
82 24 85
82 31 35
82 33 5
82 34 3
82 37 46
82 40 65
82 47 90
82 49 42
82 50 2
82 54 3
82 55 29
82 60 42
82 66 45
82 69 12
82 70 24
82 72 99
82 73 99
82 74 97
82 76 86
82 83 27
82 86 24
82 88 51
82 90 69
82 91 69
82 107 25
82 108 67
82 110 2
82 111 46
82 112 12
82 114 32
82 123 55
82 124 27
82 127 51
82 129 24
82 136 13
82 138 64
82 144 99
82 145 58
82 148 47
83 4 79
83 8 13
83 10 26
83 14 31
83 17 22
83 22 1
83 23 37
83 26 53
83 30 52
83 32 78
83 37 26
83 40 56
83 41 2
83 46 52
83 47 67
83 48 40
83 49 19
83 51 8
83 54 70
83 70 92
83 72 68
83 73 57
83 75 10
83 76 14
83 87 48
83 91 86
83 93 69
83 99 58
83 100 21
83 102 86
83 105 21
83 106 35
83 107 24
83 108 43
83 113 34
83 115 96
83 116 69
83 125 54
83 126 56
83 127 88
83 128 39
83 129 19
83 130 79
83 132 48
83 133 10
83 140 99
83 141 97
83 143 65
83 145 7
83 146 27
83 147 57
84 3 71
84 6 16
84 7 40
84 19 79
84 21 14
84 22 84
84 23 16
84 25 71
84 27 21
84 30 88
84 31 79
84 33 46
84 35 91
84 37 75
84 41 7
84 43 43
84 44 12
84 45 10
84 48 35
84 52 72
84 53 87
84 54 11
84 56 73
84 58 9
84 60 9
84 64 90
84 65 59
84 68 22
84 69 82
84 70 28
84 88 51
84 92 94
84 93 22
84 94 37
84 96 3
84 98 29
84 100 88
84 110 63
84 118 2
84 126 63
84 133 87
84 136 96
84 137 89
84 138 18
84 144 60
84 146 86
84 147 37
84 149 79
85 4 93
85 6 49
85 7 18
85 23 82
85 24 63
85 25 77
85 33 16
85 40 45
85 43 95
85 46 6
85 50 24
85 53 73
85 54 1
85 66 45
85 73 4
85 84 18
85 86 40
85 88 30
85 91 21
85 92 63
85 93 58
85 94 26
85 98 43
85 99 40
85 100 70
85 104 31
85 108 77
85 109 88
85 111 10
85 113 28
85 115 48
85 116 96
85 117 89
85 123 12
85 128 38
85 129 25
85 133 1
85 137 32
85 139 2
85 140 71
85 143 61
85 144 44
85 145 34
85 149 61
86 1 58
86 2 83
86 4 7
86 6 38
86 8 72
86 12 97
86 17 41
86 19 3
86 22 16
86 24 20
86 28 5
86 32 59
86 35 30
86 36 35
86 37 29
86 38 5
86 41 69
86 54 100
86 55 4
86 56 63
86 57 37
86 68 87
86 71 41
86 72 1
86 73 49
86 75 28
86 76 62
86 78 55
86 88 28
86 89 88
86 90 4
86 91 54
86 93 60
86 97 77
86 100 11
86 102 5
86 104 14
86 106 18
86 107 70
86 108 19
86 109 38
86 112 23
86 113 34
86 114 15
86 118 70
86 119 33
86 121 68
86 128 79
86 129 96
86 132 5
86 138 60
86 141 60
87 1 54
87 11 73
87 12 95
87 14 61
87 16 19
87 22 6
87 27 91
87 28 97
87 29 52
87 38 63
87 41 20
87 44 7
87 48 81
87 49 6
87 50 10
87 53 68
87 54 84
87 59 45
87 60 80
87 61 7
87 62 78
87 63 9
87 65 43
87 66 25
87 69 45
87 70 23
87 72 99
87 75 62
87 76 54
87 83 48
87 86 52
87 88 51
87 92 94
87 94 25
87 95 30
87 97 21
87 98 84
87 103 61
87 104 21
87 110 85
87 113 25
87 114 62
87 119 11
87 122 88
87 126 37
87 130 53
87 132 58
87 137 20
87 140 27
87 141 71
87 144 54
87 146 51
87 149 12
88 9 12
88 11 37
88 12 1
88 14 45
88 20 36
88 22 24
88 23 43
88 26 70
88 27 46
88 31 2
88 35 44
88 36 92
88 37 1
88 45 84
88 47 77
88 48 74
88 51 88
88 57 40
88 63 12
88 68 29
88 69 32
88 70 22
88 76 56
88 81 54
88 89 69
88 90 80
88 98 25
88 100 32
88 102 16
88 106 68
88 112 45
88 115 64
88 122 55
88 138 18
88 142 5
88 143 9
88 146 2
89 0 30
89 1 72
89 2 75
89 6 48
89 13 38
89 17 64
89 18 1
89 22 30
89 27 89
89 37 66
89 38 37
89 51 86
89 61 56
89 68 56
89 71 8
89 73 6
89 74 51
89 86 16
89 87 47
89 90 2
89 91 43
89 92 56
89 98 39
89 101 78
89 103 43
89 109 37
89 112 6
89 114 12
89 123 7
89 128 66
89 130 39
89 137 93
89 139 73
89 142 31
89 143 71
89 147 83
90 1 71
90 2 77
90 10 64
90 11 73
90 15 10
90 19 51
90 23 6
90 24 10
90 25 50
90 28 84
90 35 96
90 37 25
90 41 43
90 48 40
90 49 18
90 50 55
90 51 90
90 52 51
90 56 25
90 59 63
90 65 23
90 75 1
90 76 12
90 78 69
90 82 15
90 83 74
90 91 25
90 93 39
90 94 81
90 98 11
90 103 40
90 104 48
90 110 44
90 112 100
90 114 60
90 115 70
90 117 73
90 118 81
90 119 92
90 126 19
90 133 63
90 134 13
90 137 41
90 142 93
90 143 47
90 145 32
91 0 59
91 7 95
91 10 87
91 12 70
91 13 73
91 15 62
91 18 53
91 20 94
91 26 79
91 30 70
91 33 99
91 41 30
91 48 7
91 58 7
91 60 45
91 65 23
91 66 27
91 68 100
91 71 88
91 73 20
91 74 67
91 75 53
91 76 3
91 84 44
91 86 19
91 88 12
91 90 69
91 98 7
91 100 33
91 108 63
91 115 97
91 117 9
91 122 50
91 126 72
91 128 15
91 131 56
91 137 44
91 141 13
91 144 13
91 146 3
92 5 4
92 7 32
92 8 4
92 9 22
92 16 41
92 21 26
92 29 19
92 31 12
92 32 82
92 33 65
92 34 20
92 36 46
92 37 23
92 38 73
92 39 78
92 40 64
92 43 48
92 45 48
92 56 81
92 57 38
92 58 89
92 59 20
92 62 66
92 64 41
92 67 67
92 72 43
92 74 67
92 76 71
92 80 12
92 82 83
92 88 39
92 95 83
92 96 20
92 98 16
92 99 5
92 101 62
92 110 37
92 116 17
92 121 7
92 125 1
92 126 74
92 130 20
92 131 27
92 133 100
92 134 29
92 136 51
92 140 72
92 142 73
92 145 76
92 149 51
93 2 47
93 4 46
93 10 56
93 12 84
93 13 41
93 26 39
93 31 34
93 32 22
93 37 71
93 39 74
93 44 26
93 45 48
93 53 1
93 54 40
93 55 32
93 57 45
93 61 73
93 62 88
93 64 54
93 66 1
93 71 13
93 72 48
93 83 90
93 84 100
93 85 78
93 86 45
93 87 29
93 92 82
93 94 43
93 98 80
93 101 39
93 104 77
93 111 53
93 114 46
93 115 95
93 119 90
93 123 8
93 133 47
93 135 23
93 140 28
93 141 20
94 3 53
94 5 26
94 12 22
94 13 21
94 22 65
94 26 57
94 28 19
94 37 72
94 39 72
94 45 29
94 47 33
94 48 53
94 54 7
94 58 4
94 60 80
94 62 95
94 65 25
94 70 5
94 73 87
94 76 57
94 77 53
94 83 85
94 89 29
94 91 5
94 96 43
94 97 58
94 111 53
94 118 96
94 120 65
94 122 90
94 126 98
94 129 48
94 130 85
94 134 59
94 142 95
94 149 97
95 2 90
95 4 39
95 6 22
95 8 61
95 9 34
95 11 27
95 13 28
95 14 60
95 24 98
95 25 72
95 29 25
95 32 72
95 37 17
95 38 7
95 41 46
95 43 44
95 45 43
95 46 46
95 53 51
95 54 90
95 55 60
95 58 70
95 60 41
95 63 12
95 68 26
95 70 93
95 71 1
95 73 92
95 76 87
95 78 30
95 83 11
95 86 32
95 88 62
95 89 49
95 90 43
95 92 71
95 98 27
95 100 1
95 101 95
95 106 12
95 111 23
95 112 56
95 117 49
95 120 93
95 124 28
95 128 73
95 129 25
95 130 25
95 131 27
95 132 69
95 135 63
95 136 27
95 138 11
95 140 67
95 141 55
95 143 11
95 146 68
95 147 48
96 1 13
96 5 42
96 11 62
96 13 22
96 15 55
96 20 39
96 22 12
96 23 61
96 25 52
96 27 73
96 28 64
96 33 98
96 37 46
96 38 61
96 39 72
96 41 95
96 46 100
96 50 57
96 52 17
96 56 32
96 59 28
96 63 45
96 66 36
96 69 4
96 73 91
96 76 36
96 80 58
96 82 58
96 87 50
96 90 72
96 91 73
96 92 87
96 95 41
96 99 95
96 100 26
96 105 70
96 108 82
96 109 81
96 112 57
96 117 8
96 118 42
96 126 31
96 128 37
96 130 8
96 134 6
96 139 48
96 141 21
96 149 9
97 2 52
97 18 33
97 19 100
97 22 26
97 24 72
97 28 39
97 33 57
97 41 48
97 57 42
97 59 95
97 60 98
97 63 57
97 64 3
97 67 69
97 70 61
97 75 21
97 77 66
97 78 59
97 85 10
97 94 63
97 98 30
97 108 57
97 113 36
97 116 16
97 119 16
97 121 75
97 123 29
97 138 37
97 140 12
97 141 12
97 142 43
97 144 22
97 147 40
97 149 42
98 0 50
98 3 12
98 10 34
98 12 1
98 16 19
98 18 12
98 20 39
98 22 10
98 27 31
98 28 8
98 34 99
98 37 68
98 39 47
98 40 76
98 41 33
98 46 2
98 61 53
98 62 67
98 63 73
98 75 51
98 78 89
98 80 83
98 82 52
98 83 69
98 84 27
98 85 94
98 87 75
98 89 2
98 93 86
98 94 62
98 95 79
98 96 13
98 101 46
98 103 44
98 104 34
98 111 6
98 112 6
98 114 44
98 121 34
98 123 90
98 130 36
98 131 4
98 132 23
98 146 7
99 0 97
99 2 94
99 4 2
99 11 38
99 12 91
99 15 72
99 19 87
99 26 17
99 28 62
99 33 11
99 41 62
99 43 11
99 47 84
99 51 13
99 59 1
99 61 75
99 63 31
99 64 60
99 73 21
99 76 70
99 77 5
99 81 80
99 82 55
99 84 18
99 85 92
99 88 72
99 89 3
99 90 51
99 91 42
99 92 39
99 93 20
99 98 21
99 120 15
99 121 33
99 122 11
99 124 45
99 127 69
99 129 11
99 131 81
99 133 65
99 136 64
99 137 47
99 140 83
99 143 29
99 145 4
99 146 36
100 0 54
100 2 3
100 4 75
100 11 46
100 16 77
100 18 62
100 19 99
100 24 62
100 29 98
100 31 4
100 32 69
100 40 46
100 41 84
100 44 71
100 46 21
100 48 81
100 56 8
100 58 18
100 62 69
100 66 11
100 70 81
100 78 69
100 80 21
100 89 58
100 91 83
100 94 55
100 96 98
100 97 50
100 98 13
100 101 39
100 102 56
100 106 5
100 107 71
100 112 65
100 116 20
100 120 36
100 122 10
100 125 34
100 126 55
100 129 72
100 132 22
100 135 67
100 137 48
100 138 88
100 140 42
100 143 42
100 144 75
101 1 31
101 3 75
101 4 87
101 6 76
101 10 69
101 13 60
101 15 24
101 16 91
101 22 25
101 24 54
101 27 73
101 28 97
101 35 36
101 40 41
101 45 68
101 47 75
101 49 68
101 51 56
101 56 99
101 59 91
101 62 32
101 67 97
101 69 69
101 70 27
101 76 41
101 81 72
101 86 85
101 89 93
101 90 35
101 93 57
101 94 73
101 96 91
101 98 27
101 99 70
101 107 99
101 108 81
101 112 14
101 117 29
101 120 55
101 123 100
101 128 13
101 132 4
101 133 46
101 140 85
101 142 76
101 147 45
101 149 71
102 3 26
102 7 73
102 9 33
102 11 51
102 13 43
102 15 15
102 16 20
102 20 41
102 21 78
102 22 53
102 24 69
102 25 67
102 26 11
102 31 93
102 35 56
102 36 38
102 44 39
102 46 33
102 53 67
102 57 62
102 65 67
102 66 71
102 68 32
102 69 63
102 71 4
102 74 5
102 78 61
102 84 4
102 86 96
102 88 1
102 92 99
102 93 65
102 95 12
102 98 21
102 101 95
102 106 58
102 111 99
102 112 1
102 114 62
102 115 43
102 116 29
102 124 53
102 129 11
102 131 26
102 134 39
102 135 60
102 138 73
102 145 1
102 147 5
103 13 40
103 14 96
103 18 40
103 21 15
103 22 55
103 28 42
103 34 13
103 35 85
103 39 72
103 41 11
103 50 45
103 54 90
103 59 13
103 63 30
103 70 54
103 73 48
103 74 3
103 76 83
103 87 35
103 88 37
103 90 53
103 93 19
103 99 27
103 101 70
103 107 21
103 108 37
103 117 43
103 118 92
103 119 80
103 121 82
103 122 2
103 125 86
103 127 97
103 130 77
103 147 68
103 149 59
104 4 21
104 6 29
104 12 59
104 13 67
104 15 41
104 16 49
104 22 23
104 24 17
104 29 30
104 31 40
104 32 65
104 37 76
104 38 75
104 43 24
104 46 8
104 47 66
104 58 83
104 66 24
104 67 55
104 68 90
104 70 66
104 77 68
104 87 77
104 92 32
104 96 23
104 98 91
104 106 68
104 107 38
104 110 23
104 111 66
104 114 30
104 115 87
104 118 23
104 124 43
104 125 58
104 129 6
104 130 36
104 135 8
104 136 63
104 144 34
105 0 68
105 4 29
105 7 18
105 9 5
105 16 3
105 22 78
105 29 72
105 30 52
105 33 65
105 35 33
105 37 97
105 38 27
105 41 37
105 46 41
105 48 35
105 50 94
105 52 43
105 53 58
105 55 9
105 57 32
105 62 96
105 66 19
105 67 57
105 68 40
105 72 6
105 74 57
105 75 42
105 81 58
105 82 19
105 90 72
105 91 27
105 92 58
105 96 93
105 99 74
105 100 84
105 108 44
105 109 71
105 115 95
105 117 73
105 120 37
105 127 63
105 128 30
105 133 49
105 137 26
105 138 2
105 141 44
105 143 92
105 146 91
106 2 66
106 4 89
106 5 22
106 6 25
106 9 40
106 10 22
106 11 73
106 13 45
106 15 59
106 16 9
106 20 44
106 26 90
106 30 28
106 36 32
106 38 47
106 41 65
106 44 98
106 49 76
106 52 60
106 57 60
106 61 100
106 65 42
106 66 49
106 70 28
106 71 34
106 73 37
106 75 21
106 81 81
106 83 44
106 85 48
106 86 4
106 87 14
106 104 34
106 109 76
106 111 60
106 118 26
106 122 19
106 135 74
106 137 47
106 142 61
107 0 31
107 1 97
107 2 87
107 3 25
107 4 72
107 7 13
107 12 53
107 13 96
107 15 11
107 19 70
107 20 70
107 23 10
107 28 40
107 29 28
107 36 43
107 38 72
107 43 13
107 44 88
107 47 80
107 49 80
107 50 35
107 54 6
107 55 26
107 56 79
107 58 44
107 66 33
107 70 56
107 71 8
107 75 82
107 78 30
107 84 16
107 87 4
107 89 51
107 93 67
107 94 6
107 98 77
107 101 79
107 111 54
107 115 64
107 118 82
107 121 34
107 123 62
107 126 5
107 129 23
107 131 100
107 134 10
107 135 61
107 137 18
107 140 95
107 147 25
107 149 90
108 5 92
108 8 99
108 16 16
108 18 19
108 19 75
108 20 6
108 22 74
108 24 72
108 32 88
108 37 98
108 44 55
108 48 99
108 51 42
108 55 19
108 59 73
108 63 15
108 67 16
108 68 27
108 69 3
108 70 66
108 80 3
108 81 51
108 82 14
108 89 54
108 92 39
108 93 18
108 94 20
108 95 62
108 96 14
108 99 51
108 101 88
108 102 22
108 103 66
108 110 54
108 115 8
108 118 45
108 119 46
108 121 90
108 123 65
108 126 28
108 127 48
108 133 80
108 134 3
108 137 86
108 138 1
108 142 37
108 145 80
108 147 26
108 148 27
109 0 15
109 1 84
109 5 16
109 7 51
109 9 51
109 15 98
109 27 63
109 39 31
109 40 10
109 41 10
109 47 43
109 48 20
109 51 12
109 52 65
109 54 50
109 55 93
109 61 71
109 68 100
109 73 80
109 74 81
109 75 11
109 78 93
109 93 28
109 94 18
109 98 31
109 102 89
109 105 8
109 113 95
109 114 4
109 121 48
109 125 51
109 126 33
109 128 41
109 130 35
109 131 41
109 134 9
109 138 10
109 139 70
109 145 73
110 0 96
110 5 63
110 6 70
110 10 4
110 13 8
110 18 86
110 19 28
110 20 87
110 21 13
110 24 95
110 29 59
110 36 35
110 45 39
110 47 48
110 50 49
110 52 84
110 61 20
110 65 83
110 66 10
110 72 90
110 76 58
110 77 38
110 80 73
110 82 65
110 83 50
110 85 63
110 88 63
110 91 75
110 98 65
110 101 48
110 114 4
110 117 96
110 118 70
110 122 11
110 128 67
110 129 68
110 130 97
110 131 75
110 135 46
110 137 24
110 139 92
110 140 67
110 146 54
110 149 69
111 0 8
111 8 38
111 11 25
111 12 52
111 15 81
111 16 59
111 23 30
111 24 37
111 31 63
111 32 76
111 33 67
111 34 72
111 40 36
111 41 32
111 49 90
111 52 31
111 56 87
111 58 26
111 60 21
111 63 96
111 65 24
111 66 79
111 70 84
111 72 95
111 73 7
111 76 45
111 78 93
111 80 58
111 89 62
111 91 48
111 97 31
111 98 90
111 99 4
111 115 43
111 116 55
111 121 33
111 123 21
111 125 36
111 127 66
111 129 24
111 131 36
111 134 26
111 135 8
111 141 71
112 0 43
112 2 12
112 3 27
112 4 18
112 7 28
112 14 62
112 17 66
112 18 68
112 22 34
112 26 15
112 27 71
112 35 29
112 51 86
112 52 9
112 56 77
112 57 73
112 62 28
112 67 69
112 70 79
112 72 99
112 74 50
112 81 85
112 82 16
112 88 24
112 90 15
112 93 66
112 98 16
112 106 6
112 111 43
112 113 75
112 126 77
112 127 54
112 128 11
112 130 41
112 132 19
112 134 43
112 135 46
112 140 26
112 142 40
112 145 10
113 0 72
113 1 21
113 2 87
113 3 14
113 4 54
113 17 43
113 20 14
113 23 36
113 29 14
113 31 66
113 35 37
113 37 13
113 39 77
113 41 48
113 50 52
113 52 29
113 53 97
113 55 1
113 56 91
113 62 7
113 70 46
113 71 73
113 75 46
113 77 54
113 82 93
113 83 62
113 87 13
113 88 86
113 91 85
113 98 9
113 106 86
113 109 26
113 110 66
113 114 39
113 116 92
113 117 14
113 119 7
113 120 66
113 121 65
113 122 62
113 123 45
113 124 66
113 125 76
113 126 63
113 127 49
113 131 50
113 132 67
113 136 68
113 144 65
113 145 84
113 148 38
114 1 97
114 11 5
114 28 88
114 31 80
114 35 15
114 48 38
114 54 67
114 57 88
114 58 18
114 64 82
114 71 55
114 73 17
114 77 93
114 78 13
114 80 6
114 84 73
114 85 86
114 89 71
114 91 16
114 92 6
114 93 60
114 95 8
114 97 80
114 102 71
114 106 74
114 107 96
114 109 58
114 118 15
114 123 67
114 124 90
114 130 2
114 135 39
114 136 88
114 137 12
114 138 50
114 139 71
114 143 16
114 145 16
114 146 55
114 147 48
115 4 9
115 6 95
115 7 54
115 8 36
115 12 55
115 13 10
115 15 77
115 23 94
115 24 67
115 30 68
115 31 56
115 35 4
115 37 28
115 41 20
115 43 22
115 45 74
115 46 38
115 50 20
115 57 63
115 59 31
115 62 6
115 63 6
115 65 32
115 68 44
115 69 12
115 70 19
115 81 64
115 84 22
115 87 31
115 88 89
115 90 1
115 92 35
115 110 52
115 113 83
115 116 90
115 120 28
115 121 28
115 122 4
115 123 30
115 134 68
115 135 43
115 137 66
115 144 27
115 146 41
116 1 86
116 3 5
116 5 86
116 12 99
116 17 64
116 19 2
116 22 16
116 23 40
116 24 79
116 29 19
116 30 7
116 39 90
116 41 78
116 44 25
116 45 69
116 53 91
116 55 90
116 56 28
116 59 38
116 61 16
116 62 77
116 63 20
116 68 75
116 71 97
116 73 86
116 74 34
116 76 49
116 82 67
116 86 5
116 89 41
116 94 70
116 96 74
116 98 44
116 99 21
116 100 52
116 101 75
116 103 60
116 105 99
116 115 37
116 118 32
116 119 37
116 120 41
116 126 11
116 129 64
116 135 97
116 136 22
116 138 47
116 140 34
116 141 40
116 145 75
116 147 31
117 2 57
117 3 86
117 5 26
117 13 68
117 14 46
117 17 60
117 19 76
117 37 62
117 41 24
117 45 92
117 50 100
117 51 52
117 62 98
117 65 85
117 68 52
117 69 71
117 73 19
117 75 40
117 85 60
117 89 72
117 95 71
117 98 82
117 105 87
117 107 84
117 108 59
117 116 4
117 118 63
117 119 52
117 120 31
117 126 35
117 127 54
117 130 78
117 137 19
117 140 90
117 141 86
117 145 99
117 147 82
117 149 5
118 0 97
118 4 15
118 8 70
118 9 16
118 10 18
118 17 65
118 27 1
118 30 50
118 34 71
118 39 15
118 41 27
118 45 62
118 46 64
118 51 68
118 54 29
118 60 6
118 69 5
118 76 94
118 77 70
118 85 18
118 86 43
118 89 98
118 90 89
118 95 63
118 98 39
118 101 44
118 104 67
118 105 59
118 107 75
118 109 77
118 110 57
118 111 63
118 113 64
118 114 100
118 123 22
118 124 88
118 132 84
118 143 35
118 146 67
118 147 48
118 149 55
119 3 30
119 5 25
119 6 59
119 11 92
119 13 29
119 16 69
119 20 69
119 21 55
119 22 6
119 24 46
119 30 36
119 33 69
119 38 12
119 40 33
119 43 46
119 44 23
119 46 98
119 50 34
119 53 17
119 55 31
119 57 73
119 60 45
119 61 87
119 67 52
119 69 23
119 70 29
119 73 65
119 75 65
119 77 72
119 78 70
119 86 71
119 89 64
119 90 95
119 91 48
119 92 71
119 94 59
119 97 67
119 101 15
119 105 28
119 111 80
119 115 96
119 124 94
119 125 91
119 127 21
119 131 83
119 137 24
119 140 83
120 0 94
120 3 55
120 13 57
120 14 46
120 15 89
120 16 79
120 29 5
120 33 64
120 40 99
120 43 31
120 44 51
120 47 2
120 48 15
120 50 53
120 51 67
120 52 85
120 55 75
120 59 9
120 60 84
120 65 5
120 66 42
120 69 87
120 70 1
120 74 57
120 75 99
120 85 35
120 87 75
120 92 6
120 95 67
120 99 40
120 100 97
120 101 78
120 102 82
120 104 62
120 111 19
120 113 36
120 114 76
120 115 75
120 116 78
120 118 14
120 133 93
120 135 97
120 140 7
121 4 13
121 10 64
121 12 94
121 19 4
121 21 93
121 27 17
121 36 39
121 37 7
121 41 49
121 45 93
121 50 6
121 51 41
121 52 1
121 55 40
121 57 14
121 60 13
121 62 94
121 67 17
121 68 45
121 71 60
121 74 8
121 75 30
121 76 91
121 78 36
121 83 95
121 91 79
121 92 82
121 102 8
121 106 82
121 110 70
121 111 99
121 117 40
121 119 58
121 120 77
121 122 26
121 124 34
121 126 5
121 135 72
121 137 49
121 138 10
121 139 15
121 143 100
121 144 28
121 145 64
121 148 29
121 149 55
122 0 18
122 5 21
122 15 46
122 21 8
122 41 10
122 48 2
122 49 77
122 51 96
122 52 4
122 53 79
122 54 38
122 61 25
122 67 21
122 68 39
122 70 37
122 76 2
122 77 24
122 82 51
122 87 62
122 89 12
122 91 90
122 93 35
122 94 42
122 96 87
122 97 24
122 98 70
122 99 56
122 100 63
122 108 29
122 111 50
122 113 19
122 121 87
122 124 63
122 131 91
122 141 8
122 145 76
122 149 9
123 2 29
123 3 69
123 8 55
123 12 82
123 13 17
123 15 86
123 17 8
123 22 31
123 23 23
123 26 53
123 27 59
123 37 30
123 38 91
123 40 19
123 41 25
123 43 58
123 44 63
123 45 68
123 52 46
123 56 9
123 61 64
123 63 58
123 67 92
123 68 12
123 70 21
123 73 39
123 76 1
123 78 9
123 80 2
123 81 5
123 86 70
123 87 65
123 88 8
123 93 68
123 94 73
123 99 67
123 102 51
123 105 34
123 106 76
123 110 32
123 113 49
123 115 66
123 120 53
123 122 64
123 124 69
123 129 97
123 134 90
123 135 53
123 138 41
123 139 88
123 140 31
124 7 65
124 9 36
124 11 58
124 18 71
124 20 68
124 25 85
124 28 54
124 32 10
124 33 96
124 36 61
124 37 36
124 44 97
124 49 23
124 51 84
124 53 7
124 54 58
124 56 64
124 58 65
124 59 75
124 60 59
124 62 15
124 65 75
124 71 49
124 72 73
124 81 89
124 83 63
124 98 100
124 100 68
124 104 94
124 108 90
124 112 27
124 115 21
124 116 7
124 117 69
124 121 55
124 123 26
124 125 30
124 127 21
124 132 17
124 137 90
124 141 15
124 148 14
125 1 64
125 4 66
125 8 18
125 13 83
125 20 55
125 23 12
125 25 62
125 26 49
125 31 60
125 34 100
125 47 67
125 49 10
125 61 58
125 62 60
125 66 35
125 68 62
125 69 59
125 71 3
125 78 47
125 80 20
125 89 94
125 91 34
125 94 3
125 101 69
125 104 42
125 114 25
125 116 99
125 121 59
125 123 37
125 126 39
125 127 99
125 131 92
125 132 31
125 136 32
125 141 45
125 142 77
125 143 16
125 146 23
126 0 60
126 1 14
126 2 99
126 5 18
126 6 35
126 10 44
126 13 67
126 14 22
126 16 3
126 22 51
126 25 93
126 26 40
126 27 74
126 31 10
126 34 62
126 36 77
126 37 42
126 40 35
126 43 65
126 45 26
126 49 13
126 55 86
126 56 66
126 57 98
126 58 86
126 59 28
126 69 57
126 72 28
126 76 50
126 77 86
126 78 41
126 85 66
126 86 5
126 87 25
126 91 7
126 93 84
126 101 36
126 104 40
126 105 7
126 108 17
126 111 72
126 113 9
126 117 20
126 118 92
126 122 43
126 124 3
126 125 67
126 128 40
126 134 81
126 135 41
126 141 70
126 142 72
126 143 69
126 144 92
126 146 75
127 0 72
127 4 8
127 5 14
127 9 30
127 10 69
127 14 33
127 16 19
127 18 85
127 20 39
127 26 41
127 28 12
127 29 8
127 30 15
127 35 22
127 37 39
127 43 51
127 45 57
127 50 98
127 54 68
127 55 68
127 59 4
127 60 60
127 61 68
127 62 64
127 65 75
127 68 98
127 70 8
127 71 11
127 75 86
127 85 29
127 88 12
127 96 21
127 99 82
127 101 63
127 102 62
127 103 16
127 108 12
127 110 22
127 114 77
127 117 63
127 126 54
127 137 55
127 138 46
127 145 69
127 146 55
128 1 100
128 2 2
128 10 14
128 11 41
128 13 43
128 17 62
128 18 35
128 24 24
128 25 12
128 26 71
128 32 61
128 33 10
128 37 71
128 38 45
128 40 89
128 43 92
128 44 6
128 49 44
128 62 56
128 65 57
128 71 100
128 73 38
128 77 91
128 78 25
128 81 26
128 90 33
128 94 83
128 96 11
128 99 33
128 102 12
128 104 14
128 105 10
128 117 89
128 118 90
128 119 1
128 120 80
128 121 65
128 123 31
128 127 16
128 129 61
128 131 47
128 134 41
128 138 51
128 141 33
129 4 18
129 5 60
129 6 34
129 8 4
129 10 36
129 12 51
129 15 11
129 16 100
129 20 5
129 23 68
129 24 13
129 25 91
129 27 41
129 34 67
129 37 56
129 41 76
129 46 100
129 61 17
129 64 83
129 66 55
129 69 99
129 70 73
129 74 38
129 77 27
129 81 8
129 83 78
129 87 85
129 93 73
129 94 44
129 96 33
129 99 11
129 101 23
129 110 73
129 115 52
129 122 99
129 125 92
129 126 58
129 136 92
129 145 24
130 2 25
130 4 89
130 7 11
130 9 4
130 11 100
130 12 31
130 15 83
130 16 24
130 17 25
130 18 42
130 22 68
130 25 86
130 26 73
130 27 18
130 29 72
130 33 11
130 34 55
130 36 90
130 44 1
130 45 61
130 49 51
130 53 85
130 64 82
130 65 5
130 67 30
130 70 3
130 74 48
130 77 58
130 81 62
130 82 60
130 83 72
130 84 23
130 86 42
130 94 49
130 95 97
130 97 21
130 104 89
130 107 23
130 108 97
130 111 87
130 114 39
130 118 57
130 123 85
130 125 30
130 126 46
130 127 60
130 132 86
130 133 54
130 134 77
130 136 52
130 138 79
130 139 46
130 141 80
130 144 92
130 146 51
130 148 95
131 1 71
131 3 63
131 5 62
131 9 31
131 12 81
131 17 97
131 21 28
131 28 1
131 31 62
131 35 44
131 38 56
131 45 86
131 47 36
131 53 86
131 59 88
131 62 46
131 67 81
131 68 87
131 71 46
131 86 84
131 89 37
131 94 62
131 96 29
131 99 54
131 102 50
131 105 6
131 108 68
131 112 26
131 115 43
131 117 30
131 118 69
131 121 47
131 124 33
131 133 84
131 135 35
131 138 92
131 140 35
131 146 15
131 147 26
132 4 76
132 12 14
132 15 28
132 17 10
132 19 72
132 22 81
132 23 47
132 25 91
132 27 43
132 28 2
132 29 35
132 32 51
132 33 46
132 35 53
132 37 13
132 39 25
132 47 50
132 51 10
132 53 85
132 57 30
132 60 69
132 71 68
132 76 83
132 80 53
132 84 49
132 86 58
132 87 87
132 89 29
132 90 22
132 94 54
132 95 71
132 98 25
132 99 59
132 100 63
132 101 71
132 108 26
132 114 51
132 118 4
132 125 9
132 136 14
132 141 47
132 145 21
132 148 68
132 149 82
133 12 39
133 16 83
133 19 22
133 33 52
133 34 93
133 36 18
133 40 7
133 41 45
133 44 55
133 48 69
133 52 25
133 53 97
133 54 66
133 55 90
133 64 90
133 69 76
133 74 34
133 80 91
133 84 85
133 89 33
133 107 36
133 111 95
133 112 20
133 114 72
133 115 37
133 117 83
133 118 2
133 122 78
133 123 16
133 126 66
133 131 100
133 134 5
133 137 13
133 140 91
133 141 11
133 148 12
134 4 38
134 10 62
134 14 63
134 19 83
134 24 61
134 28 60
134 30 56
134 32 33
134 34 38
134 35 57
134 37 75
134 38 70
134 53 90
134 58 77
134 59 39
134 60 44
134 63 96
134 64 62
134 68 3
134 72 38
134 74 62
134 78 94
134 84 88
134 86 89
134 94 43
134 97 65
134 107 56
134 109 89
134 113 57
134 116 47
134 118 69
134 120 89
134 121 67
134 124 62
134 127 18
134 129 61
134 131 42
134 136 10
134 140 14
134 143 1
134 146 37
134 148 20
135 2 12
135 3 28
135 8 25
135 11 40
135 15 88
135 16 21
135 20 25
135 25 82
135 31 22
135 32 99
135 35 71
135 36 90
135 37 92
135 38 48
135 39 94
135 40 76
135 45 86
135 48 5
135 58 53
135 60 73
135 61 16
135 62 29
135 72 13
135 74 45
135 76 64
135 80 4
135 81 96
135 82 33
135 83 24
135 86 23
135 87 21
135 88 62
135 89 73
135 90 83
135 93 24
135 99 45
135 102 55
135 105 66
135 109 88
135 110 1
135 112 99
135 113 88
135 121 7
135 127 43
135 133 97
135 136 88
135 140 52
135 146 32
135 148 54
136 2 38
136 3 42
136 7 38
136 10 95
136 13 67
136 14 43
136 20 41
136 21 54
136 23 86
136 39 55
136 40 22
136 47 80
136 49 94
136 53 18
136 63 87
136 65 62
136 69 53
136 72 46
136 78 55
136 80 63
136 90 48
136 91 94
136 93 36
136 95 28
136 96 39
136 97 5
136 99 12
136 100 15
136 101 25
136 102 24
136 108 20
136 112 100
136 113 94
136 114 32
136 115 86
136 122 10
136 123 27
136 124 83
136 125 37
136 131 10
136 137 25
136 140 100
136 143 44
136 144 3
137 0 41
137 5 96
137 13 65
137 15 25
137 16 7
137 24 23
137 26 92
137 27 62
137 33 8
137 34 97
137 36 68
137 40 13
137 43 24
137 47 83
137 51 86
137 58 76
137 63 91
137 66 7
137 69 48
137 71 23
137 72 41
137 75 55
137 76 81
137 78 96
137 85 70
137 93 82
137 94 90
137 100 36
137 102 32
137 105 84
137 107 18
137 115 37
137 117 42
137 121 81
137 124 32
137 133 25
137 135 97
137 136 69
137 138 2
137 139 69
137 140 69
137 143 12
137 146 16
137 149 90
138 2 70
138 4 64
138 8 3
138 9 66
138 13 98
138 15 85
138 23 15
138 24 43
138 25 80
138 26 95
138 29 76
138 32 88
138 34 72
138 38 63
138 40 24
138 43 82
138 44 77
138 50 90
138 58 15
138 62 66
138 64 86
138 66 21
138 67 12
138 71 40
138 72 89
138 80 52
138 83 69
138 85 98
138 86 21
138 87 44
138 91 6
138 92 32
138 98 69
138 100 46
138 101 6
138 110 93
138 117 47
138 120 67
138 122 21
138 124 84
138 126 15
138 128 64
138 129 93
138 133 14
138 134 84
138 135 83
138 136 64
138 141 92
138 146 59
138 148 56
139 3 19
139 6 78
139 8 27
139 12 19
139 14 46
139 20 37
139 23 10
139 25 44
139 27 1
139 34 64
139 37 91
139 38 63
139 39 42
139 43 21
139 44 53
139 47 53
139 48 87
139 49 81
139 54 13
139 55 65
139 65 37
139 66 47
139 67 7
139 68 63
139 69 79
139 70 45
139 72 11
139 78 66
139 84 75
139 91 61
139 93 64
139 94 4
139 99 87
139 100 78
139 101 37
139 107 40
139 110 67
139 113 31
139 114 45
139 115 89
139 121 36
139 124 27
139 133 24
139 138 5
139 144 63
139 148 22
139 149 59
140 2 16
140 3 91
140 9 18
140 10 93
140 12 37
140 14 42
140 16 69
140 20 53
140 22 12
140 25 39
140 26 87
140 39 33
140 40 20
140 48 85
140 50 73
140 51 86
140 61 90
140 63 83
140 64 23
140 66 91
140 67 21
140 74 63
140 76 72
140 77 74
140 82 65
140 86 26
140 89 97
140 91 38
140 97 49
140 100 65
140 106 29
140 114 95
140 118 20
140 122 90
140 127 53
140 130 17
140 133 28
140 134 64
140 137 73
140 139 80
140 141 100
140 142 39
140 143 44
140 144 4
140 145 66
140 146 74
141 16 8
141 19 2
141 23 15
141 35 43
141 36 8
141 38 80
141 43 35
141 48 56
141 55 83
141 56 67
141 61 42
141 70 1
141 76 45
141 77 67
141 81 37
141 82 51
141 96 91
141 106 56
141 112 68
141 118 91
141 122 11
141 123 58
141 131 97
141 132 79
141 137 25
141 138 17
141 143 86
141 149 1
142 2 6
142 3 55
142 11 22
142 12 92
142 14 76
142 17 26
142 21 40
142 25 87
142 26 94
142 27 68
142 28 69
142 36 44
142 37 15
142 38 71
142 39 6
142 46 6
142 57 54
142 61 11
142 62 51
142 66 82
142 67 83
142 69 89
142 71 79
142 78 65
142 83 97
142 85 26
142 87 71
142 90 57
142 94 89
142 97 74
142 98 45
142 100 92
142 109 37
142 110 27
142 113 14
142 114 70
142 122 69
142 123 33
142 124 83
142 128 94
142 132 58
142 143 34
142 147 11
142 148 2
143 2 95
143 4 71
143 7 88
143 13 31
143 16 53
143 18 89
143 19 24
143 20 40
143 26 52
143 27 53
143 29 28
143 33 48
143 36 72
143 39 42
143 48 94
143 51 87
143 53 6
143 54 37
143 66 29
143 68 7
143 69 43
143 71 70
143 76 84
143 82 96
143 84 4
143 86 59
143 106 38
143 109 20
143 120 69
143 123 21
143 127 44
143 131 45
143 136 72
143 137 88
143 141 78
143 145 28
143 146 87
143 148 58
144 0 74
144 2 79
144 3 2
144 4 89
144 6 31
144 7 65
144 26 50
144 31 6
144 33 86
144 34 88
144 35 77
144 39 82
144 47 62
144 52 45
144 54 19
144 56 2
144 57 25
144 59 53
144 63 37
144 64 50
144 66 95
144 70 91
144 74 50
144 85 19
144 89 99
144 90 72
144 93 11
144 95 48
144 107 27
144 109 17
144 112 19
144 116 80
144 126 15
144 132 68
144 142 5
144 143 18
144 146 26
145 1 52
145 6 90
145 10 53
145 13 47
145 14 66
145 15 23
145 16 29
145 17 19
145 26 54
145 27 40
145 30 8
145 34 36
145 41 84
145 47 91
145 51 20
145 53 43
145 55 5
145 57 6
145 65 11
145 66 15
145 71 55
145 72 76
145 74 47
145 81 32
145 83 64
145 87 49
145 90 79
145 92 62
145 95 85
145 96 81
145 98 85
145 101 50
145 105 28
145 107 43
145 108 77
145 112 22
145 118 96
145 131 13
145 137 75
145 138 57
145 140 11
145 141 16
145 147 46
145 148 88
146 5 39
146 11 54
146 14 96
146 15 70
146 17 35
146 20 88
146 22 93
146 28 62
146 30 75
146 32 47
146 34 35
146 36 95
146 38 68
146 46 48
146 48 25
146 50 70
146 52 57
146 60 97
146 62 17
146 67 28
146 69 99
146 75 86
146 80 86
146 84 19
146 86 99
146 87 8
146 94 2
146 100 63
146 101 5
146 106 12
146 107 66
146 108 94
146 117 99
146 118 62
146 122 35
146 123 22
146 125 30
146 132 62
146 136 24
146 138 35
146 140 79
146 144 18
146 145 84
147 1 16
147 3 55
147 4 48
147 5 13
147 15 20
147 19 45
147 20 77
147 30 39
147 33 21
147 34 1
147 37 60
147 48 3
147 52 21
147 55 83
147 60 16
147 62 66
147 67 16
147 68 42
147 72 98
147 75 31
147 76 3
147 80 65
147 91 45
147 92 95
147 101 98
147 102 35
147 103 84
147 108 96
147 112 59
147 114 37
147 119 16
147 123 86
147 124 76
147 126 52
147 133 36
147 135 12
147 136 4
147 137 29
147 139 63
147 141 43
147 145 30
147 149 58
148 9 52
148 12 68
148 15 67
148 19 16
148 22 10
148 23 21
148 26 50
148 27 11
148 28 68
148 29 44
148 33 49
148 36 2
148 44 84
148 46 57
148 50 4
148 53 42
148 54 35
148 56 78
148 57 100
148 61 20
148 73 22
148 74 87
148 77 30
148 80 12
148 84 37
148 85 12
148 86 75
148 95 85
148 99 100
148 101 16
148 110 20
148 113 67
148 114 61
148 115 61
148 117 75
148 120 42
148 122 75
148 123 98
148 125 32
148 127 22
148 129 1
148 130 46
148 133 62
148 139 14
148 141 23
148 144 98
148 149 42
149 2 70
149 4 91
149 6 51
149 9 16
149 11 45
149 12 88
149 18 91
149 26 61
149 29 51
149 30 19
149 31 92
149 33 6
149 35 92
149 40 52
149 41 29
149 44 19
149 45 33
149 47 54
149 49 24
149 54 76
149 60 22
149 69 42
149 83 1
149 84 65
149 86 70
149 90 97
149 92 60
149 101 10
149 106 68
149 112 73
149 114 11
149 116 28
149 119 66
149 120 27
149 121 96
149 122 51
149 133 44
149 135 29
149 136 83
42 4 59
42 8 5
42 9 5
42 10 60
42 11 29
42 22 26
42 23 72
42 26 38
42 30 10
42 31 99
42 36 46
42 38 90
42 40 36
42 45 42
42 54 48
42 55 91
42 57 42
42 59 31
42 70 52
42 77 4
42 78 40
42 89 95
42 92 71
42 94 56
42 108 77
42 111 17
42 115 50
42 116 38
42 119 100
42 124 16
42 125 11
42 126 15
42 130 3
42 131 68
42 133 25
42 138 6
42 139 60
42 142 74
42 149 50
0 79 12
2 79 13
7 79 10
8 79 40
12 79 15
21 79 12
44 79 86
47 79 95
49 79 38
52 79 89
56 79 97
57 79 30
59 79 34
64 79 30
73 79 51
77 79 73
83 79 62
84 79 22
88 79 14
104 79 4
106 79 3
113 79 58
114 79 14
122 79 88
130 79 31
145 79 48
146 79 10
149 79 65
