30
49
0 1 48
0 2 59
0 4 20
0 5 44
0 6 76
0 8 72
0 9 62
0 10 18
0 11 39
0 12 80
0 13 35
0 14 14
0 15 79
0 16 56
0 17 42
0 18 90
0 19 52
0 21 81
0 22 3
0 23 51
0 25 49
0 26 58
0 27 91
0 28 25
0 29 74
0 31 77
0 32 97
0 33 5
0 34 28
0 35 17
0 36 86
0 37 55
0 38 94
0 39 50
0 40 56
0 41 15
0 42 94
0 43 72
0 44 100
0 45 62
0 47 15
0 48 70
0 53 10
0 54 35
0 55 63
0 56 63
0 57 52
0 58 63
0 59 74
1 0 41
1 2 45
1 3 100
1 4 63
1 5 33
1 6 46
1 7 52
1 9 6
1 10 79
1 11 34
1 12 91
1 13 11
1 14 29
1 15 93
1 16 25
1 17 1
1 18 97
1 19 30
1 20 70
1 21 84
1 22 98
1 23 8
1 25 88
1 26 63
1 27 83
1 28 94
1 29 86
1 31 2
1 32 16
1 33 57
1 34 47
1 35 48
1 36 18
1 37 14
1 38 74
1 39 53
1 40 54
1 41 55
1 42 68
1 43 23
1 44 61
1 45 29
1 46 88
1 47 31
1 48 95
1 50 97
1 51 42
1 53 12
1 54 65
1 55 18
1 56 69
1 57 97
1 58 33
1 59 11
2 0 90
2 1 32
2 3 13
2 4 81
2 5 70
2 6 32
2 7 51
2 8 73
2 9 27
2 10 20
2 11 70
2 12 82
2 13 47
2 14 34
2 15 10
2 16 60
2 18 58
2 19 98
2 20 35
2 21 90
2 22 70
2 23 72
2 24 84
2 25 68
2 26 60
2 27 99
2 29 79
2 31 2
2 32 82
2 33 3
2 34 40
2 35 51
2 36 15
2 37 62
2 38 58
2 39 11
2 40 53
2 41 81
2 42 100
2 43 77
2 45 46
2 46 84
2 47 18
2 48 62
2 50 10
2 51 71
2 52 64
2 53 36
2 54 97
2 55 57
2 56 29
2 57 10
2 58 48
2 59 47
3 0 43
3 1 100
3 2 73
3 4 26
3 5 10
3 6 3
3 7 3
3 8 40
3 9 66
3 10 82
3 11 62
3 13 39
3 14 25
3 15 31
3 16 77
3 17 84
3 18 91
3 19 100
3 20 85
3 21 86
3 25 9
3 26 24
3 27 88
3 28 45
3 29 55
3 31 40
3 32 88
3 33 70
3 34 80
3 35 29
3 36 36
3 38 34
3 39 89
3 40 97
3 41 55
3 43 4
3 44 94
3 45 61
3 46 63
3 47 6
3 48 99
3 50 42
3 52 82
3 53 2
3 54 7
3 55 100
3 56 31
3 57 90
3 58 44
3 59 72
4 1 82
4 2 13
4 3 35
4 5 26
4 6 13
4 7 57
4 8 96
4 9 2
4 10 64
4 11 67
4 12 20
4 13 18
4 14 99
4 15 15
4 16 74
4 17 9
4 18 72
4 20 96
4 21 80
4 22 79
4 23 86
4 24 24
4 26 67
4 27 82
4 28 22
4 29 8
4 31 52
4 32 72
4 33 20
4 34 24
4 35 35
4 36 37
4 37 72
4 38 11
4 39 35
4 40 57
4 41 97
4 42 84
4 43 89
4 44 2
4 45 95
4 47 55
4 48 40
4 50 72
4 51 98
4 52 81
4 53 76
4 54 37
4 56 98
4 57 60
4 58 40
5 1 15
5 2 47
5 3 4
5 4 24
5 6 30
5 7 48
5 8 73
5 9 24
5 10 99
5 11 41
5 12 12
5 13 74
5 14 64
5 15 85
5 17 23
5 18 34
5 19 100
5 21 59
5 22 50
5 23 43
5 24 80
5 25 74
5 26 40
5 28 44
5 29 40
5 31 15
5 32 38
5 33 36
5 34 66
5 35 76
5 36 25
5 37 26
5 38 85
5 39 36
5 40 31
5 42 66
5 44 66
5 45 90
5 46 9
5 48 33
5 50 54
5 51 91
5 52 94
5 53 83
5 54 63
5 55 20
5 56 72
5 57 83
5 58 64
6 2 47
6 3 15
6 8 55
6 9 7
6 10 36
6 11 86
6 12 5
6 13 33
6 15 75
6 16 43
6 17 18
6 18 58
6 19 34
6 20 84
6 21 15
6 22 20
6 23 79
6 24 87
6 25 15
6 26 11
6 27 63
6 28 67
6 29 66
6 31 36
6 33 100
6 34 87
6 35 47
6 36 97
6 37 14
6 38 41
6 39 15
6 40 20
6 41 17
6 42 28
6 43 85
6 44 74
6 45 90
6 47 100
6 48 36
6 50 25
6 51 4
6 53 11
6 54 39
6 56 75
6 57 56
6 58 88
6 59 36
7 0 82
7 1 35
7 2 16
7 3 95
7 4 95
7 5 18
7 6 95
7 8 91
7 9 19
7 10 24
7 11 84
7 12 53
7 13 100
7 15 53
7 16 2
7 17 8
7 18 41
7 19 22
7 20 36
7 21 53
7 22 96
7 23 16
7 24 55
7 25 48
7 26 63
7 27 79
7 29 70
7 31 93
7 32 66
7 33 43
7 34 24
7 36 54
7 37 9
7 38 6
7 39 9
7 40 16
7 41 49
7 42 40
7 43 18
7 44 83
7 45 62
7 46 25
7 47 28
7 48 64
7 50 84
7 51 31
7 52 46
7 53 41
7 55 9
7 56 76
7 57 90
7 58 54
7 59 43
8 0 5
8 2 76
8 3 47
8 4 9
8 5 29
8 6 44
8 9 82
8 10 70
8 11 14
8 12 73
8 13 52
8 15 49
8 16 95
8 17 81
8 18 77
8 19 88
8 20 93
8 21 84
8 23 5
8 24 81
8 25 75
8 26 8
8 27 83
8 28 70
8 29 3
8 31 32
8 32 20
8 33 50
8 35 18
8 36 28
8 37 82
8 38 11
8 39 5
8 40 32
8 41 95
8 43 30
8 44 15
8 45 55
8 47 28
8 48 85
8 50 47
8 51 78
8 52 64
8 54 81
8 55 17
8 56 3
8 57 76
8 58 44
8 59 51
9 0 53
9 1 3
9 2 69
9 3 25
9 4 5
9 5 29
9 6 57
9 7 29
9 10 8
9 11 93
9 13 34
9 14 66
9 16 1
9 17 37
9 18 12
9 19 61
9 20 61
9 21 80
9 22 21
9 23 6
9 25 6
9 26 70
9 27 41
9 28 80
9 29 7
9 32 62
9 33 22
9 34 61
9 35 83
9 37 15
9 38 68
9 39 73
9 40 88
9 41 65
9 42 85
9 43 56
9 44 34
9 45 51
9 46 41
9 47 15
9 48 14
9 50 77
9 51 98
9 52 94
9 53 14
9 54 47
9 55 92
9 56 25
9 57 28
9 58 77
9 59 63
10 0 17
10 1 3
10 2 82
10 3 55
10 4 88
10 5 43
10 6 60
10 7 42
10 8 93
10 11 86
10 13 44
10 14 84
10 15 31
10 16 71
10 17 93
10 18 31
10 19 17
10 20 2
10 22 5
10 23 98
10 24 10
10 25 54
10 26 53
10 27 86
10 28 86
10 29 28
10 31 14
10 32 37
10 34 60
10 35 56
10 36 97
10 37 80
10 38 66
10 39 15
10 41 17
10 43 65
10 45 40
10 46 86
10 47 34
10 50 5
10 51 24
10 53 70
10 54 51
10 55 62
10 56 64
10 57 5
10 58 60
10 59 29
11 0 76
11 1 62
11 2 42
11 3 34
11 4 25
11 5 80
11 6 55
11 7 16
11 8 15
11 9 84
11 10 28
11 12 11
11 13 68
11 14 85
11 16 30
11 18 6
11 19 45
11 20 63
11 24 68
11 25 84
11 26 49
11 27 35
11 29 11
11 31 90
11 32 24
11 33 88
11 34 89
11 36 59
11 37 20
11 38 58
11 39 90
11 40 55
11 41 2
11 42 72
11 43 14
11 44 62
11 45 76
11 46 51
11 47 70
11 48 10
11 50 48
11 53 65
11 54 84
11 55 92
11 56 62
11 57 98
11 58 47
11 59 65
12 0 50
12 1 83
12 2 18
12 3 42
12 4 46
12 5 56
12 7 58
12 8 84
12 9 98
12 10 81
12 11 9
12 13 8
12 15 25
12 16 97
12 17 36
12 18 75
12 19 64
12 20 60
12 21 39
12 22 41
12 23 28
12 24 97
12 25 22
12 27 91
12 28 97
12 29 58
12 31 43
12 32 44
12 33 27
12 34 88
12 35 67
12 36 43
12 37 39
12 38 77
12 39 79
12 40 24
12 41 25
12 42 37
12 43 74
12 44 81
12 45 73
12 46 87
12 47 53
12 48 70
12 51 1
12 53 70
12 54 78
12 55 62
12 56 86
12 57 19
12 58 88
12 59 37
13 0 100
13 1 2
13 2 89
13 3 72
13 4 64
13 5 10
13 6 7
13 8 80
13 9 37
13 10 82
13 11 25
13 14 36
13 15 84
13 16 82
13 18 36
13 19 39
13 20 55
13 21 43
13 22 22
13 23 23
13 24 70
13 25 76
13 27 91
13 28 100
13 29 42
13 31 33
13 32 54
13 33 9
13 34 43
13 35 63
13 37 57
13 38 96
13 39 70
13 40 17
13 41 67
13 42 65
13 43 83
13 45 1
13 46 8
13 47 44
13 50 72
13 51 50
13 52 64
13 53 18
13 54 66
13 55 53
13 56 30
13 58 10
13 59 1
14 0 35
14 2 75
14 3 27
14 4 80
14 6 27
14 7 15
14 8 67
14 9 28
14 10 72
14 11 96
14 13 55
14 15 30
14 16 34
14 17 31
14 18 15
14 19 34
14 20 43
14 23 13
14 24 17
14 25 70
14 26 51
14 27 50
14 28 7
14 29 61
14 31 12
14 32 39
14 34 51
14 35 65
14 36 76
14 37 58
14 38 16
14 39 64
14 40 85
14 41 35
14 43 81
14 44 44
14 46 4
14 47 46
14 48 9
14 50 69
14 51 79
14 52 17
14 53 6
14 54 1
14 55 84
14 56 34
14 57 74
14 59 40
15 0 79
15 2 79
15 3 35
15 5 95
15 6 30
15 7 60
15 8 56
15 9 9
15 10 42
15 11 55
15 12 36
15 13 91
15 14 47
15 16 25
15 18 91
15 19 81
15 20 96
15 21 62
15 22 49
15 23 40
15 25 60
15 26 72
15 27 43
15 28 76
15 29 93
15 31 68
15 32 41
15 33 60
15 34 76
15 36 40
15 37 99
15 38 98
15 39 84
15 40 64
15 41 90
15 42 4
15 43 44
15 44 71
15 45 71
15 47 28
15 48 17
15 50 100
15 51 28
15 52 69
15 53 49
15 54 51
15 55 83
15 57 37
15 58 99
15 59 17
16 0 71
16 1 9
16 2 41
16 3 19
16 4 4
16 5 3
16 6 88
16 7 34
16 8 67
16 9 52
16 10 32
16 12 92
16 13 37
16 14 74
16 15 17
16 17 44
16 18 45
16 19 21
16 20 18
16 21 91
16 22 74
16 23 11
16 25 75
16 26 62
16 27 61
16 28 13
16 29 85
16 31 78
16 32 68
16 33 17
16 34 3
16 35 44
16 36 14
16 37 38
16 38 27
16 39 66
16 40 67
16 41 41
16 42 34
16 43 19
16 44 89
16 45 42
16 46 20
16 47 33
16 48 30
16 50 52
16 52 100
16 53 78
16 54 3
16 55 89
16 56 44
16 57 51
16 58 8
16 59 10
17 0 10
17 1 98
17 2 3
17 3 59
17 4 4
17 5 89
17 6 88
17 7 63
17 8 50
17 9 45
17 10 21
17 11 49
17 12 5
17 13 26
17 14 25
17 15 97
17 16 64
17 19 55
17 20 36
17 22 5
17 24 96
17 25 73
17 26 75
17 27 76
17 29 96
17 31 2
17 32 68
17 33 81
17 34 89
17 35 40
17 36 96
17 37 92
17 38 39
17 39 92
17 40 83
17 41 57
17 42 91
17 43 8
17 44 68
17 45 10
17 46 60
17 47 61
17 48 47
17 50 34
17 51 75
17 52 48
17 53 33
17 54 85
17 55 28
17 56 74
17 58 90
17 59 90
18 0 97
18 1 19
18 2 44
18 3 84
18 4 99
18 7 76
18 8 15
18 9 4
18 11 22
18 12 91
18 13 47
18 14 72
18 15 15
18 16 3
18 17 87
18 19 95
18 21 34
18 22 9
18 23 42
18 24 78
18 25 17
18 26 71
18 27 79
18 28 81
18 29 21
18 31 65
18 32 15
18 34 64
18 35 56
18 36 5
18 38 34
18 39 57
18 40 81
18 41 54
18 42 11
18 43 21
18 44 51
18 45 43
18 46 85
18 47 43
18 48 57
18 50 7
18 52 80
18 53 15
18 54 38
18 55 28
18 56 9
18 57 80
18 58 54
18 59 98
19 0 14
19 1 3
19 2 35
19 3 31
19 4 88
19 5 79
19 6 86
19 7 12
19 8 73
19 9 73
19 10 36
19 11 82
19 12 21
19 13 42
19 14 86
19 15 30
19 16 15
19 18 19
19 20 91
19 21 81
19 22 99
19 23 44
19 25 87
19 26 8
19 27 62
19 28 17
19 29 84
19 31 39
19 32 47
19 33 11
19 34 36
19 35 30
19 36 29
19 37 38
19 38 89
19 39 60
19 40 71
19 41 74
19 42 43
19 43 23
19 44 69
19 46 55
19 48 43
19 50 25
19 51 58
19 52 11
19 53 3
19 54 42
19 55 55
19 56 76
19 57 73
19 58 60
19 59 22
20 1 11
20 2 93
20 3 69
20 4 100
20 5 26
20 6 53
20 7 40
20 8 74
20 9 97
20 10 89
20 11 5
20 12 40
20 13 52
20 14 20
20 15 21
20 16 62
20 17 57
20 19 82
20 21 10
20 22 20
20 23 46
20 24 71
20 25 33
20 26 51
20 27 88
20 28 66
20 29 67
20 31 53
20 32 96
20 33 48
20 34 50
20 35 40
20 36 72
20 38 45
20 40 58
20 41 48
20 42 91
20 43 27
20 44 48
20 45 67
20 46 88
20 47 33
20 48 82
20 50 23
20 51 10
20 52 15
20 53 57
20 54 73
20 55 73
20 57 51
20 58 86
20 59 29
21 0 98
21 1 39
21 2 89
21 3 3
21 4 38
21 5 19
21 6 38
21 7 33
21 8 99
21 9 27
21 10 71
21 11 80
21 12 15
21 13 55
21 14 57
21 15 86
21 16 57
21 17 16
21 18 20
21 20 65
21 23 69
21 24 69
21 25 68
21 26 21
21 27 87
21 28 5
21 29 90
21 31 90
21 32 84
21 33 85
21 35 3
21 36 15
21 37 21
21 38 50
21 40 86
21 41 98
21 42 18
21 43 26
21 44 57
21 45 19
21 46 12
21 47 58
21 48 89
21 50 80
21 52 85
21 53 57
21 54 58
21 55 94
21 56 55
21 57 35
21 58 2
21 59 90
22 0 70
22 1 84
22 2 6
22 3 71
22 4 71
22 5 5
22 6 21
22 8 27
22 9 32
22 10 38
22 11 74
22 12 86
22 13 6
22 14 50
22 15 9
22 16 74
22 17 96
22 18 82
22 19 49
22 20 58
22 23 51
22 24 65
22 25 31
22 27 35
22 28 81
22 31 37
22 32 3
22 33 81
22 34 86
22 35 29
22 36 91
22 37 80
22 38 57
22 39 9
22 41 36
22 42 46
22 43 47
22 44 39
22 45 37
22 46 79
22 47 42
22 48 55
22 50 46
22 51 75
22 52 15
22 53 59
22 54 13
22 55 73
22 56 21
22 57 8
22 58 79
22 59 66
23 1 83
23 2 19
23 4 92
23 5 49
23 6 39
23 7 65
23 8 41
23 9 92
23 11 54
23 12 70
23 13 91
23 14 73
23 15 11
23 16 25
23 17 17
23 18 27
23 19 60
23 20 33
23 21 87
23 24 75
23 25 46
23 26 63
23 27 51
23 28 50
23 29 88
23 31 65
23 32 87
23 33 46
23 34 89
23 35 44
23 36 34
23 39 41
23 40 97
23 41 88
23 42 56
23 43 34
23 44 17
23 45 83
23 46 85
23 47 68
23 48 39
23 50 76
23 51 5
23 52 100
23 53 95
23 54 38
23 55 65
23 56 94
23 57 31
23 58 76
23 59 10
24 1 74
24 2 30
24 3 47
24 5 41
24 6 60
24 7 13
24 8 48
24 9 59
24 10 59
24 11 19
24 12 60
24 13 92
24 14 14
24 15 68
24 16 75
24 17 92
24 18 78
24 19 48
24 20 40
24 21 52
24 22 59
24 23 34
24 25 30
24 26 83
24 27 59
24 29 67
24 31 66
24 32 41
24 33 3
24 34 56
24 35 81
24 36 99
24 37 55
24 38 58
24 39 50
24 40 29
24 41 14
24 42 48
24 43 40
24 44 20
24 45 36
24 46 83
24 47 64
24 48 90
24 50 83
24 51 84
24 52 75
24 53 48
24 54 14
24 56 59
24 57 96
24 58 61
25 0 12
25 1 76
25 2 76
25 3 49
25 4 92
25 5 89
25 6 89
25 7 75
25 8 23
25 9 54
25 10 9
25 11 10
25 12 76
25 13 64
25 14 93
25 15 39
25 16 6
25 17 35
25 18 77
25 19 77
25 20 92
25 21 98
25 22 61
25 23 62
25 24 21
25 26 89
25 27 35
25 28 91
25 29 62
25 31 72
25 32 66
25 33 69
25 34 8
25 35 39
25 36 79
25 37 20
25 38 16
25 39 56
25 40 48
25 41 44
25 42 43
25 43 95
25 44 63
25 45 52
25 46 2
25 47 31
25 48 12
25 50 49
25 51 12
25 52 80
25 53 71
25 54 94
25 55 44
25 56 70
25 57 55
25 59 88
26 0 23
26 1 14
26 2 2
26 3 73
26 4 56
26 5 35
26 7 80
26 8 49
26 10 23
26 12 39
26 13 79
26 14 26
26 16 19
26 18 99
26 19 12
26 20 28
26 21 76
26 22 19
26 23 79
26 24 83
26 25 96
26 27 4
26 28 85
26 29 61
26 31 76
26 32 88
26 33 33
26 35 38
26 36 18
26 37 69
26 38 15
26 39 19
26 40 46
26 41 72
26 42 61
26 43 85
26 44 43
26 45 58
26 46 16
26 47 26
26 48 58
26 50 95
26 51 5
26 52 39
26 54 31
26 55 24
26 56 84
26 57 9
26 58 46
26 59 98
27 0 40
27 1 52
27 2 32
27 3 52
27 4 59
27 6 72
27 7 35
27 9 41
27 10 68
27 11 21
27 12 85
27 13 86
27 14 99
27 16 39
27 17 62
27 18 76
27 19 89
27 20 69
27 21 2
27 22 64
27 23 76
27 24 89
27 26 50
27 28 68
27 29 33
27 31 24
27 32 37
27 33 44
27 34 96
27 35 25
27 36 8
27 37 58
27 38 93
27 39 48
27 40 15
27 41 76
27 43 88
27 45 35
27 46 84
27 47 53
27 48 82
27 50 95
27 51 42
27 53 1
27 54 48
27 55 88
27 56 74
27 57 43
27 58 3
27 59 13
28 1 53
28 2 16
28 3 30
28 4 10
28 5 71
28 7 52
28 8 17
28 9 80
28 10 76
28 11 14
28 12 70
28 13 77
28 14 7
28 15 64
28 16 97
28 17 9
28 18 93
28 19 28
28 20 38
28 21 87
28 22 69
28 23 89
28 24 11
28 25 49
28 26 2
28 27 17
28 29 79
28 31 25
28 32 27
28 33 74
28 34 79
28 35 46
28 36 59
28 37 40
28 38 26
28 39 33
28 41 5
28 42 69
28 43 13
28 44 29
28 45 43
28 46 92
28 47 40
28 48 81
28 50 78
28 51 79
28 52 46
28 53 61
28 54 49
28 55 81
28 56 25
28 57 36
28 58 78
28 59 82
29 1 16
29 2 84
29 3 97
29 4 21
29 5 28
29 6 67
29 7 30
29 8 89
29 9 1
29 11 35
29 12 38
29 13 26
29 14 59
29 15 73
29 16 38
29 17 96
29 18 73
29 19 11
29 20 1
29 21 34
29 23 63
29 24 64
29 25 61
29 26 40
29 27 69
29 28 29
29 31 76
29 32 21
29 33 21
29 34 4
29 35 35
29 36 1
29 37 86
29 38 31
29 39 22
29 40 72
29 41 64
29 42 16
29 43 3
29 44 69
29 45 44
29 46 60
29 48 12
29 50 78
29 51 87
29 52 27
29 53 43
29 54 65
29 55 34
29 56 19
29 58 32
29 59 40
31 0 62
31 1 36
31 2 90
31 3 90
31 4 10
31 5 15
31 6 48
31 7 24
31 9 63
31 10 27
31 11 98
31 12 53
31 15 28
31 16 87
31 17 50
31 18 35
31 19 17
31 20 34
31 21 88
31 22 33
31 23 26
31 24 25
31 25 69
31 26 65
31 29 29
31 32 30
31 33 25
31 34 37
31 35 22
31 36 55
31 37 92
31 38 12
31 39 61
31 40 64
31 41 98
31 42 94
31 43 96
31 44 26
31 45 64
31 47 35
31 48 31
31 50 19
31 52 32
31 53 63
31 54 55
31 55 77
31 56 55
31 58 80
31 59 51
32 0 27
32 1 47
32 2 97
32 3 65
32 4 66
32 5 86
32 6 91
32 7 89
32 8 55
32 9 74
32 10 96
32 12 85
32 13 10
32 14 32
32 15 64
32 16 67
32 17 86
32 18 81
32 19 1
32 20 44
32 21 60
32 22 85
32 24 46
32 25 57
32 26 90
32 28 61
32 29 98
32 33 11
32 34 4
32 35 59
32 36 9
32 37 38
32 38 34
32 39 65
32 40 8
32 41 53
32 42 1
32 43 58
32 44 62
32 45 89
32 47 4
32 48 8
32 50 53
32 51 52
32 53 19
32 54 40
32 55 26
32 56 25
32 57 45
32 58 11
33 0 12
33 1 51
33 2 36
33 3 60
33 4 93
33 5 48
33 6 41
33 7 95
33 8 1
33 9 99
33 10 7
33 11 92
33 12 25
33 13 9
33 14 24
33 15 33
33 16 82
33 17 4
33 18 85
33 20 54
33 21 79
33 22 15
33 23 91
33 24 57
33 25 40
33 26 86
33 27 71
33 28 47
33 29 49
33 31 45
33 32 16
33 35 80
33 36 17
33 37 9
33 38 83
33 39 50
33 40 70
33 41 41
33 42 64
33 43 99
33 44 47
33 45 47
33 46 3
33 47 15
33 48 60
33 50 69
33 51 74
33 52 41
33 53 78
33 54 12
33 56 82
33 57 27
33 58 6
33 59 83
34 0 2
34 1 43
34 3 62
34 4 84
34 5 50
34 6 12
34 8 72
34 9 20
34 10 46
34 11 62
34 12 29
34 13 21
34 14 18
34 15 71
34 16 72
34 17 40
34 18 52
34 21 78
34 22 53
34 23 57
34 24 95
34 25 32
34 26 25
34 27 76
34 28 52
34 29 76
34 31 46
34 33 47
34 35 64
34 36 59
34 37 84
34 38 99
34 40 27
34 41 73
34 42 14
34 43 94
34 44 68
34 45 73
34 47 43
34 48 93
34 50 95
34 51 42
34 52 87
34 53 51
34 54 85
34 56 26
34 57 91
34 58 50
34 59 52
35 0 15
35 1 74
35 2 62
35 3 54
35 4 81
35 5 67
35 7 14
35 8 48
35 9 37
35 10 57
35 11 91
35 12 12
35 13 78
35 14 11
35 17 9
35 19 17
35 20 37
35 22 4
35 23 18
35 24 11
35 25 48
35 26 35
35 27 17
35 28 66
35 29 32
35 31 97
35 32 44
35 33 1
35 34 72
35 36 80
35 37 58
35 38 27
35 39 37
35 40 93
35 42 36
35 43 96
35 44 52
35 45 34
35 46 69
35 47 55
35 50 81
35 51 67
35 53 58
35 55 67
35 56 52
35 57 36
35 58 50
35 59 96
36 0 16
36 1 65
36 2 30
36 3 100
36 4 81
36 5 39
36 6 49
36 7 81
36 8 77
36 10 24
36 11 87
36 12 35
36 13 20
36 14 94
36 15 75
36 16 97
36 17 68
36 18 89
36 19 31
36 20 91
36 23 40
36 25 65
36 26 37
36 27 17
36 28 16
36 29 20
36 32 4
36 34 44
36 35 13
36 37 65
36 38 64
36 39 14
36 40 86
36 41 64
36 42 5
36 43 86
36 44 27
36 46 39
36 47 21
36 48 72
36 50 43
36 51 85
36 52 54
36 53 28
36 54 77
36 55 29
36 56 49
36 57 44
36 58 77
36 59 18
37 0 100
37 1 40
37 2 37
37 3 26
37 4 50
37 5 50
37 7 61
37 8 4
37 9 53
37 11 28
37 12 83
37 13 79
37 14 72
37 15 3
37 16 77
37 18 45
37 19 62
37 20 30
37 21 62
37 22 43
37 23 34
37 24 58
37 25 43
37 26 38
37 27 5
37 28 38
37 29 95
37 31 86
37 32 58
37 34 75
37 35 30
37 36 3
37 38 12
37 39 3
37 40 74
37 41 58
37 42 36
37 43 12
37 44 45
37 45 25
37 46 16
37 47 7
37 50 74
37 51 76
37 52 24
37 53 35
37 54 1
37 55 10
37 56 21
37 57 28
37 58 37
37 59 10
38 0 60
38 1 59
38 2 6
38 3 79
38 4 30
38 5 15
38 6 62
38 8 29
38 9 97
38 11 78
38 12 18
38 13 8
38 14 78
38 15 18
38 16 91
38 17 83
38 18 20
38 19 87
38 20 1
38 21 57
38 22 75
38 23 18
38 24 92
38 25 80
38 27 16
38 28 67
38 29 51
38 31 35
38 32 68
38 33 16
38 34 46
38 35 35
38 36 75
38 37 94
38 39 44
38 40 6
38 41 93
38 42 52
38 43 51
38 44 35
38 45 86
38 46 19
38 47 48
38 48 10
38 50 4
38 53 97
38 55 66
38 56 55
38 57 23
38 58 82
38 59 83
39 0 26
39 1 84
39 2 7
39 3 17
39 4 55
39 6 72
39 7 7
39 8 59
39 9 18
39 10 23
39 11 36
39 12 15
39 13 92
39 15 73
39 16 45
39 17 38
39 18 54
39 19 85
39 20 68
39 21 78
39 22 17
39 23 77
39 24 86
39 25 68
39 26 51
39 27 59
39 28 48
39 29 40
39 31 46
39 32 8
39 33 70
39 34 45
39 35 1
39 36 63
39 37 89
39 38 59
39 40 72
39 41 42
39 42 79
39 44 1
39 45 74
39 48 7
39 50 12
39 51 43
39 52 17
39 53 81
39 54 41
39 55 11
39 56 1
39 58 63
39 59 90
40 0 93
40 1 55
40 3 35
40 4 17
40 6 41
40 7 90
40 8 45
40 9 27
40 10 55
40 11 31
40 12 96
40 14 23
40 15 14
40 16 88
40 17 51
40 18 97
40 19 79
40 20 89
40 21 73
40 22 6
40 23 97
40 24 76
40 25 25
40 26 39
40 27 76
40 28 10
40 29 52
40 31 56
40 34 60
40 35 86
40 36 69
40 37 72
40 38 27
40 39 34
40 41 12
40 42 79
40 43 20
40 44 40
40 45 4
40 46 10
40 48 96
40 51 60
40 52 62
40 53 72
40 54 78
40 55 52
40 56 31
40 57 88
40 58 71
40 59 83
41 0 84
41 2 44
41 3 75
41 4 48
41 5 34
41 6 57
41 7 25
41 8 99
41 9 5
41 10 20
41 11 92
41 12 64
41 13 86
41 14 63
41 15 60
41 16 6
41 18 79
41 19 98
41 20 2
41 21 33
41 22 21
41 23 67
41 24 97
41 25 81
41 26 33
41 27 50
41 29 72
41 31 54
41 33 19
41 34 74
41 35 83
41 36 2
41 37 24
41 39 23
41 40 1
41 42 34
41 43 15
41 44 34
41 45 89
41 46 89
41 47 39
41 48 19
41 50 51
41 52 63
41 53 84
41 54 2
41 55 41
41 56 100
41 57 17
41 58 81
41 59 54
42 0 60
42 1 36
42 3 50
42 4 17
42 6 78
42 7 62
42 8 48
42 9 31
42 10 16
42 11 29
42 12 93
42 13 9
42 14 40
42 16 27
42 17 2
42 18 16
42 19 10
42 20 14
42 21 13
42 22 67
42 23 7
42 24 15
42 25 90
42 26 87
42 27 5
42 28 33
42 29 6
42 31 94
42 32 22
42 33 1
42 34 11
42 35 20
42 36 37
42 37 54
42 39 37
42 40 30
42 41 54
42 43 91
42 44 100
42 45 41
42 46 21
42 47 88
42 50 32
42 51 61
42 52 24
42 53 70
42 54 77
42 55 32
42 56 59
42 57 11
42 58 99
42 59 98
43 0 83
43 1 50
43 2 58
43 3 97
43 4 56
43 5 36
43 7 75
43 8 24
43 10 72
43 11 79
43 12 20
43 13 15
43 14 67
43 15 29
43 16 91
43 17 28
43 18 91
43 19 58
43 20 6
43 22 2
43 23 32
43 24 87
43 25 97
43 26 24
43 27 75
43 28 28
43 29 50
43 31 68
43 32 46
43 33 8
43 34 73
43 35 40
43 36 81
43 37 50
43 38 9
43 40 47
43 41 38
43 42 94
43 45 52
43 46 40
43 47 57
43 50 17
43 51 65
43 52 40
43 53 41
43 54 48
43 55 26
43 56 69
43 57 4
43 58 4
43 59 13
44 0 13
44 1 37
44 2 71
44 3 47
44 4 2
44 5 83
44 6 6
44 7 40
44 8 59
44 9 89
44 10 69
44 11 24
44 12 88
44 13 64
44 14 54
44 15 15
44 16 2
44 17 64
44 18 54
44 19 14
44 20 77
44 21 64
44 22 1
44 23 64
44 24 4
44 25 43
44 26 38
44 27 61
44 28 73
44 29 26
44 31 27
44 32 100
44 33 52
44 34 78
44 36 41
44 37 65
44 38 89
44 39 87
44 40 99
44 41 100
44 42 74
44 43 33
44 45 21
44 46 12
44 47 11
44 48 82
44 50 74
44 51 10
44 52 12
44 53 61
44 54 7
44 55 62
44 56 93
44 57 90
44 58 58
44 59 19
45 0 54
45 1 11
45 2 38
45 3 59
45 4 61
45 5 14
45 6 38
45 7 22
45 8 33
45 9 44
45 10 8
45 11 42
45 12 74
45 13 39
45 14 54
45 15 46
45 16 81
45 18 46
45 19 44
45 20 89
45 21 1
45 22 88
45 23 20
45 24 3
45 25 20
45 26 70
45 27 9
45 28 37
45 29 65
45 31 65
45 32 92
45 33 6
45 34 77
45 35 79
45 36 79
45 37 84
45 38 43
45 39 1
45 40 10
45 41 67
45 42 98
45 43 55
45 46 93
45 47 94
45 48 42
45 50 31
45 51 73
45 52 23
45 53 20
45 54 19
45 55 14
45 56 53
45 57 65
45 58 66
45 59 56
46 0 82
46 1 11
46 2 43
46 3 56
46 4 39
46 6 58
46 7 91
46 8 81
46 9 80
46 10 46
46 12 65
46 13 19
46 14 30
46 15 58
46 16 2
46 17 14
46 18 86
46 20 17
46 21 56
46 22 12
46 23 56
46 24 70
46 25 40
46 26 6
46 27 32
46 28 6
46 29 36
46 31 94
46 32 52
46 33 66
46 34 40
46 35 12
46 36 9
46 37 19
46 38 50
46 39 5
46 40 60
46 41 76
46 42 39
46 43 20
46 44 26
46 45 65
46 47 51
46 48 61
46 50 94
46 51 7
46 52 98
46 53 53
46 54 80
46 55 55
46 56 53
46 57 23
46 58 63
46 59 30
47 0 4
47 1 61
47 3 20
47 5 80
47 7 90
47 8 34
47 9 84
47 10 72
47 11 54
47 12 13
47 13 30
47 14 98
47 15 12
47 16 69
47 18 92
47 19 12
47 20 19
47 21 70
47 22 39
47 24 82
47 25 2
47 26 58
47 28 45
47 29 72
47 31 66
47 32 19
47 33 56
47 34 67
47 36 84
47 37 26
47 38 80
47 39 53
47 40 79
47 41 45
47 42 60
47 43 21
47 44 60
47 45 10
47 46 16
47 48 74
47 50 52
47 51 36
47 52 48
47 53 45
47 56 6
47 57 92
47 58 29
47 59 34
48 0 82
48 1 31
48 2 18
48 3 79
48 4 87
48 5 75
48 6 98
48 8 82
48 9 51
48 10 15
48 11 29
48 12 26
48 14 68
48 15 70
48 16 90
48 17 57
48 18 78
48 19 72
48 20 100
48 21 43
48 22 22
48 23 4
48 24 61
48 25 27
48 26 38
48 27 24
48 28 32
48 29 74
48 32 50
48 33 68
48 34 18
48 35 61
48 36 96
48 37 72
48 39 39
48 40 46
48 41 89
48 42 1
48 43 84
48 44 56
48 45 99
48 46 11
48 50 85
48 51 64
48 52 95
48 54 98
48 55 83
48 56 35
48 57 29
48 58 97
48 59 1
50 1 85
50 2 55
50 3 64
50 4 32
50 5 22
50 7 61
50 8 43
50 9 46
50 10 93
50 11 98
50 12 89
50 13 65
50 14 33
50 15 26
50 16 79
50 17 87
50 18 75
50 19 27
50 20 97
50 21 8
50 22 73
50 23 85
50 24 15
50 25 51
50 26 97
50 27 71
50 28 58
50 29 42
50 31 73
50 32 100
50 33 12
50 34 90
50 35 25
50 36 21
50 37 75
50 38 91
50 39 10
50 40 40
50 41 38
50 42 10
50 44 67
50 45 12
50 46 27
50 47 96
50 48 25
50 51 89
50 53 59
50 54 39
50 55 22
50 56 81
50 57 97
50 58 83
51 0 9
51 1 84
51 2 28
51 3 89
51 4 9
51 5 74
51 6 20
51 7 83
51 8 69
51 9 39
51 12 32
51 13 92
51 14 7
51 15 2
51 16 48
51 17 71
51 18 54
51 19 96
51 20 100
51 22 1
51 23 62
51 24 73
51 25 66
51 26 38
51 27 26
51 28 8
51 29 66
51 31 39
51 32 94
51 33 84
51 34 95
51 35 3
51 36 25
51 37 74
51 38 79
51 39 76
51 40 10
51 41 78
51 42 22
51 43 3
51 44 2
51 45 53
51 46 75
51 48 12
51 50 66
51 52 69
51 53 36
51 54 98
51 56 86
51 58 60
51 59 2
52 0 29
52 1 81
52 2 58
52 3 44
52 4 51
52 6 3
52 7 1
52 8 55
52 9 39
52 10 56
52 11 64
52 12 1
52 13 85
52 14 99
52 15 94
52 16 81
52 17 59
52 18 64
52 19 62
52 20 94
52 21 41
52 22 58
52 23 75
52 24 81
52 26 81
52 27 34
52 28 13
52 29 78
52 31 58
52 32 10
52 33 33
52 34 18
52 35 48
52 36 41
52 37 12
52 38 10
52 40 93
52 41 26
52 43 95
52 45 51
52 46 23
52 47 9
52 48 38
52 50 22
52 51 30
52 53 63
52 54 13
52 55 10
52 56 28
52 57 86
52 58 32
52 59 65
53 0 34
53 1 20
53 2 39
53 4 96
53 5 69
53 6 42
53 7 42
53 8 90
53 9 15
53 10 52
53 11 62
53 12 83
53 13 22
53 14 64
53 15 78
53 16 98
53 17 3
53 18 28
53 19 43
53 20 40
53 21 5
53 22 20
53 23 63
53 24 53
53 25 75
53 26 93
53 28 75
53 29 66
53 31 72
53 32 50
53 33 52
53 34 92
53 35 35
53 36 97
53 37 16
53 38 92
53 39 14
53 40 13
53 41 50
53 42 42
53 43 89
53 44 39
53 45 99
53 48 26
53 50 95
53 51 1
53 52 32
53 54 13
53 55 20
53 56 35
53 57 64
53 58 20
53 59 52
54 0 29
54 1 68
54 2 54
54 5 65
54 6 74
54 7 99
54 10 24
54 11 28
54 12 27
54 13 74
54 14 92
54 15 60
54 16 41
54 17 21
54 18 57
54 19 25
54 20 52
54 21 21
54 22 74
54 23 63
54 24 93
54 26 24
54 27 67
54 28 3
54 29 9
54 31 99
54 32 77
54 34 10
54 35 77
54 36 43
54 37 19
54 38 82
54 39 34
54 40 56
54 41 85
54 42 67
54 43 7
54 44 95
54 45 10
54 46 71
54 47 43
54 48 58
54 50 96
54 51 15
54 52 29
54 55 33
54 56 50
54 57 96
54 58 48
54 59 30
55 0 90
55 1 21
55 2 64
55 3 40
55 4 35
55 6 57
55 7 63
55 8 64
55 9 64
55 10 12
55 11 76
55 12 62
55 13 82
55 14 77
55 15 42
55 16 86
55 17 39
55 18 38
55 19 85
55 20 77
55 22 70
55 23 92
55 24 71
55 25 62
55 26 36
55 27 74
55 28 68
55 29 63
55 31 85
55 32 80
55 33 6
55 34 80
55 35 97
55 36 57
55 37 29
55 38 94
55 39 82
55 40 86
55 41 56
55 42 61
55 43 2
55 44 98
55 45 60
55 46 60
55 47 8
55 48 35
55 50 3
55 51 78
55 52 16
55 53 31
55 54 9
55 56 81
55 57 38
55 59 99
56 0 41
56 1 43
56 2 3
56 3 41
56 4 25
56 5 3
56 6 76
56 7 100
56 8 51
56 9 26
56 10 1
56 11 66
56 12 71
56 13 37
56 14 50
56 15 85
56 16 26
56 17 82
56 18 35
56 19 54
56 20 58
56 21 60
56 22 88
56 23 96
56 25 64
56 26 61
56 28 97
56 29 82
56 31 23
56 32 76
56 33 34
56 34 22
56 35 18
56 36 49
56 37 75
56 38 11
56 39 66
56 40 41
56 41 31
56 42 80
56 43 60
56 44 24
56 45 70
56 47 18
56 48 81
56 50 3
56 52 5
56 53 11
56 54 17
56 55 53
56 57 5
56 58 25
57 0 30
57 1 81
57 3 96
57 4 63
57 5 57
57 6 75
57 7 50
57 8 10
57 9 20
57 10 36
57 11 86
57 12 91
57 13 47
57 14 59
57 15 24
57 16 8
57 17 73
57 18 92
57 19 17
57 20 1
57 21 72
57 22 3
57 23 5
57 24 44
57 25 26
57 26 70
57 28 62
57 31 23
57 32 54
57 33 63
57 34 57
57 35 10
57 36 64
57 37 5
57 38 56
57 39 85
57 40 49
57 41 55
57 43 92
57 44 25
57 45 92
57 46 3
57 47 72
57 48 18
57 51 51
57 52 62
57 53 26
57 54 13
57 55 45
57 56 80
57 58 71
57 59 6
58 0 95
58 1 46
58 2 89
58 3 42
58 4 2
58 5 38
58 6 43
58 7 66
58 8 48
58 9 32
58 10 10
58 11 90
58 12 42
58 13 84
58 14 72
58 15 31
58 16 43
58 17 21
58 19 37
58 20 24
58 21 25
58 22 1
58 23 73
58 24 62
58 25 88
58 26 97
58 27 17
58 28 84
58 29 46
58 31 95
58 32 4
58 33 14
58 34 34
58 35 56
58 36 90
58 37 95
58 38 29
58 39 78
58 40 11
58 41 88
58 42 81
58 44 95
58 45 80
58 46 7
58 47 92
58 48 70
58 50 1
58 51 36
58 52 1
58 53 19
58 54 79
58 55 37
58 56 28
58 57 13
58 59 56
59 0 57
59 1 10
59 2 74
59 4 20
59 5 72
59 6 85
59 7 4
59 8 31
59 9 16
59 10 92
59 11 68
59 12 54
59 13 23
59 14 92
59 15 80
59 16 45
59 17 46
59 18 23
59 19 93
59 20 75
59 21 91
59 22 9
59 23 89
59 24 8
59 25 45
59 26 77
59 27 60
59 28 5
59 29 6
59 31 93
59 32 54
59 33 9
59 34 23
59 35 84
59 36 47
59 37 58
59 38 93
59 39 83
59 40 43
59 41 2
59 42 27
59 43 24
59 44 35
59 45 26
59 46 46
59 47 13
59 50 55
59 51 9
59 52 11
59 53 62
59 54 48
59 56 25
59 57 64
59 58 87
30 0 56
30 1 93
30 2 20
30 3 89
30 4 80
30 5 11
30 6 82
30 7 11
30 8 79
30 9 55
30 10 46
30 12 35
30 13 52
30 15 66
30 16 85
30 18 60
30 19 93
30 20 38
30 22 69
30 23 79
30 24 48
30 25 23
30 26 68
30 27 95
30 28 94
30 29 84
30 31 54
30 34 5
30 35 39
30 36 24
30 37 23
30 38 67
30 39 8
30 40 86
30 41 46
30 42 2
30 43 42
30 44 76
30 45 51
30 46 71
30 47 73
30 48 34
30 49 33
30 50 80
30 51 4
30 52 92
30 53 89
30 54 51
30 55 59
30 56 27
30 58 98
30 59 12
0 49 47
1 49 95
2 49 19
3 49 85
4 49 93
5 49 12
6 49 63
7 49 37
8 49 20
9 49 22
10 49 80
11 49 21
12 49 12
13 49 54
14 49 10
15 49 75
16 49 19
17 49 59
18 49 60
19 49 70
20 49 42
21 49 24
22 49 38
23 49 78
24 49 79
25 49 6
26 49 33
27 49 4
28 49 79
29 49 93
31 49 57
32 49 83
33 49 15
34 49 74
36 49 42
37 49 42
38 49 55
39 49 52
40 49 99
41 49 58
42 49 79
43 49 5
44 49 66
45 49 13
46 49 9
47 49 85
48 49 100
50 49 65
51 49 45
52 49 81
53 49 88
54 49 11
55 49 66
56 49 74
57 49 16
59 49 92
