38
16
0 1 10
0 2 81
0 3 3
0 7 53
0 11 45
0 14 39
0 21 3
0 22 93
0 23 6
0 24 76
0 35 11
0 37 36
1 4 81
1 5 24
1 7 34
1 15 97
1 18 20
1 25 86
1 28 68
1 30 49
1 32 50
1 33 5
1 35 49
1 39 6
2 10 86
2 13 43
2 21 28
2 32 84
3 8 67
3 9 41
3 10 37
3 21 84
3 24 11
3 25 99
3 26 9
3 28 61
3 30 61
3 31 82
3 32 35
3 33 83
3 36 56
4 7 62
4 14 13
4 15 47
4 17 39
4 22 86
4 24 33
4 33 99
4 37 68
4 39 37
5 2 46
5 3 72
5 4 62
5 12 56
5 13 84
5 15 28
5 20 48
5 21 42
5 27 10
5 28 11
5 29 38
5 31 33
5 37 7
5 39 36
6 8 36
6 10 49
6 13 57
6 15 85
6 21 74
6 28 58
6 29 30
6 31 12
6 36 42
7 1 60
7 3 9
7 8 86
7 12 25
7 14 72
7 22 94
7 23 52
7 24 57
7 32 53
7 35 23
8 2 100
8 4 15
8 5 85
8 10 98
8 13 85
8 19 16
8 20 55
8 23 58
8 26 70
8 27 93
8 28 5
8 32 68
8 37 7
9 1 76
9 2 83
9 5 47
9 10 71
9 12 76
9 13 30
9 17 94
9 22 24
9 23 83
9 28 83
9 29 76
9 30 46
9 31 97
9 35 95
10 5 68
10 6 83
10 13 36
10 17 67
10 19 94
10 27 11
10 30 87
10 31 13
10 37 45
11 0 62
11 1 14
11 2 61
11 4 38
11 13 97
11 20 38
11 24 24
11 25 37
11 26 81
11 27 62
11 28 44
11 29 6
12 3 72
12 6 37
12 11 30
12 24 27
12 26 3
12 33 81
12 34 98
13 0 89
13 2 33
13 8 15
13 12 94
13 14 50
13 23 17
13 26 76
13 29 10
13 30 44
13 34 38
13 35 5
13 36 77
13 37 33
14 0 61
14 6 34
14 10 84
14 15 57
14 29 70
14 34 50
14 36 97
14 39 73
15 0 5
15 2 81
15 6 89
15 7 50
15 8 38
15 9 24
15 12 63
15 13 27
15 17 92
15 25 14
15 29 43
15 32 19
15 35 46
15 36 36
17 0 34
17 4 40
17 12 26
17 14 45
17 15 8
17 28 14
17 30 9
17 31 30
17 33 26
17 34 68
17 35 94
17 39 48
18 0 78
18 1 65
18 3 76
18 4 59
18 10 83
18 15 74
18 17 32
18 20 79
18 22 84
18 25 84
18 27 15
18 29 22
18 31 52
18 32 29
18 33 54
19 2 85
19 12 38
19 15 86
19 23 19
19 30 62
19 31 19
19 35 39
19 37 94
20 0 15
20 4 20
20 21 50
20 25 87
20 26 43
20 28 34
20 39 78
21 4 33
21 13 6
21 25 10
21 26 24
21 28 9
21 35 15
21 39 29
22 1 29
22 3 47
22 4 72
22 10 40
22 15 64
22 17 61
22 33 21
22 34 100
22 35 60
23 2 55
23 3 51
23 10 70
23 17 10
23 20 8
23 21 76
23 28 10
23 30 97
23 35 39
23 37 16
24 4 65
24 9 27
24 15 77
24 17 93
24 19 88
24 21 86
24 23 57
24 25 26
24 27 44
24 28 23
24 30 69
24 31 20
24 33 8
24 35 87
24 37 39
24 39 21
25 3 49
25 7 57
25 8 50
25 15 54
25 21 76
25 23 46
25 27 67
25 29 51
25 30 2
25 37 1
25 39 12
26 2 14
26 3 1
26 5 72
26 10 28
26 11 53
26 14 85
26 17 25
26 19 49
26 31 12
26 39 25
27 4 58
27 9 99
27 10 93
27 12 80
27 13 78
27 15 81
27 32 4
27 34 5
27 35 28
27 36 86
28 3 70
28 6 81
28 9 27
28 10 37
28 20 41
28 27 75
28 29 43
28 32 92
28 37 92
29 1 65
29 4 2
29 6 98
29 14 67
29 19 7
29 20 19
29 22 10
29 23 41
29 26 97
29 28 83
29 37 6
30 1 93
30 10 88
30 12 19
30 18 56
30 19 80
30 21 5
30 24 48
30 25 75
30 27 33
30 36 20
30 39 76
31 1 88
31 7 98
31 11 10
31 12 38
31 13 73
31 17 49
31 20 74
31 22 68
31 25 34
31 27 31
31 28 20
31 29 92
31 33 55
31 34 10
31 39 90
32 1 63
32 4 20
32 8 5
32 20 75
32 34 55
32 36 96
32 39 29
33 2 9
33 3 28
33 18 89
33 19 43
33 21 27
33 29 72
33 36 85
33 37 57
33 39 8
34 1 1
34 3 41
34 4 2
34 5 70
34 7 93
34 14 13
34 29 34
34 30 30
34 31 98
34 32 43
34 37 12
35 3 47
35 13 16
35 14 51
35 21 80
35 24 52
35 26 94
35 30 28
36 3 6
36 6 18
36 7 76
36 10 85
36 17 76
36 19 15
36 20 1
36 27 80
36 32 23
36 33 55
36 34 47
36 35 16
37 0 89
37 2 91
37 4 86
37 5 89
37 7 92
37 11 65
37 15 83
37 24 6
37 25 62
37 27 100
37 29 96
37 32 20
37 34 77
37 35 13
37 36 27
37 39 80
39 1 23
39 4 62
39 8 77
39 9 19
39 10 85
39 19 4
39 20 83
39 22 96
39 23 43
39 24 7
39 25 50
39 30 3
39 35 9
39 36 62
39 37 84
38 3 49
38 6 11
38 7 67
38 8 33
38 11 4
38 13 84
38 14 50
38 18 17
38 20 5
38 24 76
38 25 9
38 26 55
38 27 84
38 28 26
38 30 53
38 33 8
38 35 18
0 16 73
1 16 46
5 16 18
11 16 34
19 16 56
26 16 9
27 16 52
28 16 93
35 16 58
