14
52
0 1 5
0 2 28
0 4 36
0 5 79
0 6 63
0 7 4
0 8 50
0 10 16
0 13 24
0 16 27
0 19 95
0 20 96
0 21 49
0 23 63
0 24 74
0 27 71
0 28 41
0 29 2
0 31 16
0 32 5
0 33 42
0 35 1
0 37 18
0 38 92
0 39 30
0 40 79
0 41 43
0 42 3
0 44 34
0 45 60
0 47 17
0 48 33
0 50 21
0 51 50
0 53 15
0 55 43
0 58 38
0 59 32
0 61 87
0 63 12
0 64 93
0 66 41
0 67 59
0 69 11
0 70 42
0 71 38
0 73 55
0 74 36
0 75 21
0 76 13
0 77 77
0 78 72
1 2 69
1 4 87
1 7 64
1 10 77
1 11 5
1 12 47
1 15 98
1 17 31
1 18 9
1 20 62
1 21 55
1 22 45
1 23 99
1 24 2
1 26 62
1 27 16
1 31 66
1 32 25
1 34 83
1 35 1
1 36 78
1 37 92
1 38 43
1 39 31
1 40 25
1 42 25
1 43 1
1 44 53
1 45 63
1 48 11
1 49 40
1 50 37
1 51 97
1 53 72
1 55 16
1 56 76
1 57 67
1 58 24
1 60 56
1 62 91
1 63 60
1 66 11
1 67 49
1 69 19
1 70 39
1 71 45
1 72 13
1 73 60
1 74 1
1 75 71
1 76 91
1 77 76
1 78 80
1 79 79
2 0 89
2 1 3
2 3 61
2 4 73
2 6 78
2 7 79
2 8 59
2 9 19
2 10 75
2 11 80
2 12 90
2 13 80
2 16 53
2 17 40
2 20 57
2 21 33
2 22 1
2 23 12
2 27 49
2 28 59
2 29 8
2 30 68
2 31 21
2 32 80
2 34 12
2 36 46
2 37 76
2 39 50
2 40 95
2 41 74
2 43 11
2 46 51
2 47 99
2 48 37
2 49 43
2 50 49
2 53 12
2 58 79
2 60 99
2 61 68
2 62 2
2 63 91
2 66 30
2 70 44
2 71 35
2 72 47
2 73 85
2 74 84
2 77 30
2 78 51
2 79 63
3 0 84
3 1 42
3 4 2
3 5 45
3 7 85
3 8 44
3 9 15
3 10 18
3 11 33
3 12 35
3 13 55
3 15 54
3 16 68
3 17 82
3 18 31
3 21 24
3 22 42
3 23 99
3 24 87
3 26 29
3 27 13
3 28 47
3 29 73
3 31 24
3 32 8
3 33 93
3 34 61
3 35 46
3 36 40
3 37 74
3 38 66
3 39 4
3 40 99
3 41 25
3 45 19
3 48 49
3 49 3
3 50 18
3 51 49
3 53 47
3 54 24
3 55 9
3 56 92
3 57 53
3 58 91
3 59 22
3 60 61
3 61 97
3 63 19
3 64 9
3 65 53
3 70 18
3 71 85
3 72 49
3 73 25
3 75 72
3 76 51
3 77 11
3 79 94
4 0 67
4 1 81
4 2 91
4 5 9
4 6 5
4 7 100
4 8 39
4 11 30
4 12 8
4 13 63
4 15 46
4 18 66
4 21 50
4 22 85
4 23 25
4 24 23
4 25 63
4 26 26
4 28 83
4 29 92
4 30 64
4 31 8
4 32 91
4 33 65
4 34 67
4 35 43
4 37 16
4 38 30
4 40 49
4 41 34
4 42 7
4 43 73
4 45 25
4 46 44
4 47 21
4 49 22
4 50 74
4 53 25
4 54 50
4 55 15
4 56 71
4 57 75
4 58 11
4 59 2
4 60 77
4 61 63
4 62 81
4 63 49
4 65 69
4 66 65
4 67 56
4 68 34
4 69 52
4 70 87
4 71 90
4 73 40
4 74 28
4 75 49
4 76 73
5 1 61
5 2 41
5 3 4
5 4 82
5 6 69
5 7 78
5 9 98
5 11 23
5 12 53
5 15 52
5 16 76
5 17 67
5 18 48
5 19 17
5 20 91
5 23 22
5 24 73
5 25 29
5 27 57
5 28 36
5 30 89
5 31 92
5 32 3
5 33 89
5 35 67
5 36 39
5 37 3
5 38 85
5 39 74
5 41 45
5 42 78
5 43 27
5 45 82
5 46 45
5 48 69
5 49 88
5 50 76
5 55 62
5 56 50
5 57 98
5 60 81
5 61 57
5 62 46
5 64 27
5 66 59
5 67 62
5 68 35
5 71 36
5 73 45
5 75 65
5 77 96
5 78 53
6 0 15
6 1 49
6 3 5
6 4 54
6 8 79
6 9 96
6 10 29
6 11 38
6 12 77
6 13 46
6 15 76
6 16 60
6 18 80
6 19 16
6 21 7
6 22 29
6 23 66
6 25 11
6 26 97
6 27 95
6 28 18
6 29 15
6 30 41
6 31 40
6 33 14
6 34 88
6 37 93
6 38 76
6 39 2
6 42 68
6 44 54
6 47 38
6 48 4
6 49 9
6 51 76
6 53 46
6 55 38
6 56 37
6 57 75
6 59 73
6 62 67
6 63 80
6 65 34
6 67 58
6 68 9
6 70 87
6 71 92
6 72 91
6 73 10
6 74 97
6 75 71
6 76 18
6 78 96
7 1 47
7 3 24
7 4 17
7 5 24
7 6 64
7 13 30
7 16 41
7 17 29
7 19 59
7 20 47
7 21 3
7 22 89
7 23 53
7 25 55
7 26 44
7 27 38
7 28 63
7 29 26
7 30 100
7 31 13
7 33 55
7 34 6
7 35 80
7 36 3
7 37 7
7 38 25
7 39 6
7 40 99
7 41 21
7 42 17
7 44 87
7 45 63
7 46 28
7 47 23
7 50 7
7 54 18
7 55 48
7 59 66
7 62 48
7 65 6
7 66 7
7 68 72
7 69 62
7 70 2
7 73 81
7 74 48
7 75 61
7 76 82
7 77 57
7 78 84
8 4 1
8 5 53
8 6 93
8 10 10
8 13 48
8 15 99
8 19 88
8 20 97
8 22 3
8 23 67
8 24 20
8 25 8
8 27 45
8 28 13
8 32 43
8 34 40
8 35 95
8 36 32
8 37 21
8 38 72
8 40 90
8 42 69
8 43 70
8 44 84
8 45 33
8 46 34
8 47 8
8 50 47
8 51 74
8 53 83
8 54 77
8 55 93
8 57 47
8 59 85
8 60 93
8 63 70
8 64 43
8 65 27
8 66 12
8 69 60
8 71 91
8 72 21
8 73 19
8 74 22
8 75 43
8 77 18
8 78 32
8 79 40
9 0 14
9 1 62
9 2 98
9 6 46
9 7 29
9 10 42
9 11 15
9 12 20
9 13 16
9 15 77
9 16 38
9 18 19
9 19 17
9 21 21
9 22 43
9 23 18
9 24 81
9 25 83
9 26 13
9 28 15
9 30 40
9 31 46
9 32 10
9 33 49
9 34 46
9 35 23
9 36 12
9 37 75
9 38 7
9 39 2
9 40 33
9 41 95
9 45 44
9 46 95
9 49 4
9 50 17
9 51 95
9 53 98
9 54 52
9 55 56
9 56 39
9 57 84
9 58 56
9 59 93
9 61 64
9 62 82
9 63 37
9 66 16
9 70 4
9 71 38
9 72 83
9 73 52
9 74 35
9 75 93
9 76 40
9 77 56
9 78 51
9 79 23
10 1 56
10 2 49
10 3 19
10 4 38
10 7 76
10 8 24
10 9 7
10 12 32
10 13 61
10 15 89
10 16 39
10 17 67
10 18 29
10 19 85
10 22 31
10 23 67
10 25 72
10 26 32
10 27 52
10 30 79
10 31 54
10 32 41
10 33 54
10 34 35
10 35 86
10 36 56
10 37 7
10 38 4
10 39 88
10 40 57
10 41 15
10 43 24
10 44 34
10 45 90
10 46 58
10 47 17
10 48 28
10 51 61
10 53 83
10 54 12
10 55 7
10 56 70
10 57 96
10 58 61
10 59 9
10 60 93
10 62 54
10 63 86
10 64 85
10 65 61
10 68 14
10 69 40
10 71 39
10 72 85
10 74 1
10 75 67
10 76 39
10 78 94
11 0 56
11 1 93
11 2 97
11 3 54
11 5 54
11 6 30
11 7 46
11 9 76
11 12 28
11 13 3
11 16 45
11 20 82
11 21 41
11 22 16
11 23 86
11 25 81
11 26 44
11 30 17
11 31 28
11 32 85
11 35 15
11 37 35
11 40 64
11 41 13
11 42 40
11 43 14
11 44 81
11 45 43
11 47 95
11 49 21
11 50 57
11 51 43
11 53 74
11 57 61
11 58 94
11 59 84
11 60 30
11 61 54
11 64 78
11 65 71
11 66 20
11 68 28
11 70 96
11 71 50
11 72 20
11 73 40
11 76 40
11 77 26
11 78 44
11 79 34
12 0 97
12 2 55
12 3 25
12 5 11
12 6 19
12 7 39
12 8 100
12 9 13
12 10 69
12 11 66
12 13 1
12 15 57
12 18 49
12 20 96
12 21 28
12 24 5
12 25 63
12 26 7
12 28 43
12 30 51
12 33 36
12 36 18
12 37 59
12 38 77
12 42 60
12 43 80
12 46 34
12 49 42
12 50 48
12 53 67
12 54 20
12 55 97
12 57 50
12 59 29
12 60 43
12 62 14
12 63 73
12 64 6
12 66 76
12 67 100
12 68 20
12 71 85
12 72 34
12 74 51
12 78 26
12 79 93
13 0 75
13 1 8
13 2 61
13 3 46
13 4 57
13 6 82
13 7 11
13 8 59
13 9 30
13 10 72
13 11 66
13 15 57
13 17 66
13 18 95
13 19 4
13 21 58
13 23 16
13 25 33
13 28 37
13 29 7
13 30 86
13 33 88
13 34 62
13 35 14
13 36 6
13 38 17
13 39 40
13 40 21
13 41 44
13 42 58
13 43 23
13 44 94
13 45 78
13 46 41
13 48 44
13 49 62
13 50 96
13 53 85
13 54 27
13 55 65
13 56 7
13 57 89
13 58 44
13 60 35
13 62 63
13 64 20
13 66 26
13 67 91
13 68 93
13 70 38
13 71 88
13 72 31
13 75 32
13 76 42
13 77 58
13 79 44
15 0 26
15 1 4
15 2 97
15 4 77
15 5 75
15 7 96
15 8 75
15 9 99
15 12 92
15 13 95
15 17 60
15 19 86
15 20 20
15 21 72
15 22 20
15 25 17
15 26 20
15 28 28
15 29 2
15 31 59
15 32 13
15 33 85
15 35 29
15 36 98
15 37 89
15 38 96
15 40 76
15 41 14
15 45 52
15 51 2
15 54 31
15 55 86
15 58 2
15 60 52
15 62 25
15 63 70
15 64 16
15 65 18
15 66 86
15 67 68
15 68 24
15 71 72
15 72 85
15 73 20
15 74 81
15 75 49
15 76 35
15 77 63
15 78 73
15 79 37
16 0 6
16 2 16
16 4 27
16 5 90
16 6 7
16 7 60
16 8 7
16 10 3
16 12 26
16 15 57
16 17 92
16 18 61
16 22 28
16 25 6
16 27 86
16 28 43
16 29 48
16 30 94
16 31 64
16 33 26
16 36 71
16 37 15
16 38 95
16 40 88
16 41 93
16 42 33
16 46 12
16 47 45
16 48 86
16 51 89
16 54 98
16 56 92
16 57 42
16 58 49
16 59 89
16 61 65
16 62 51
16 63 10
16 65 41
16 66 40
16 67 84
16 68 26
16 69 71
16 71 8
16 75 64
16 78 2
16 79 38
17 0 100
17 1 28
17 2 47
17 3 52
17 4 72
17 5 17
17 7 81
17 8 53
17 9 3
17 10 40
17 11 66
17 12 16
17 13 66
17 15 45
17 16 34
17 18 77
17 19 62
17 22 27
17 24 56
17 25 47
17 26 12
17 28 82
17 30 46
17 31 55
17 33 55
17 34 55
17 38 45
17 39 63
17 40 62
17 41 9
17 43 83
17 44 84
17 45 73
17 47 15
17 48 45
17 50 84
17 53 77
17 55 41
17 57 14
17 59 99
17 61 10
17 63 17
17 65 58
17 67 39
17 68 18
17 69 74
17 70 32
17 71 13
17 72 15
17 73 22
17 74 52
17 75 90
17 76 70
17 77 77
17 79 39
18 0 76
18 1 62
18 2 52
18 3 48
18 4 25
18 5 85
18 6 3
18 7 70
18 8 44
18 9 41
18 10 98
18 12 100
18 15 52
18 17 32
18 20 88
18 21 70
18 22 21
18 23 18
18 24 33
18 26 25
18 30 64
18 31 10
18 32 79
18 33 71
18 34 71
18 36 70
18 38 66
18 39 72
18 41 40
18 42 36
18 44 90
18 45 74
18 46 25
18 48 24
18 49 93
18 51 17
18 55 98
18 56 48
18 57 92
18 58 76
18 59 65
18 60 26
18 61 36
18 62 18
18 63 23
18 64 41
18 65 19
18 66 24
18 67 92
18 71 45
18 72 24
18 73 72
18 74 40
18 75 83
18 76 15
18 77 54
18 78 9
18 79 88
19 0 23
19 1 5
19 4 56
19 6 96
19 7 84
19 8 24
19 9 89
19 10 69
19 11 85
19 13 70
19 15 43
19 16 9
19 20 6
19 21 73
19 23 84
19 26 15
19 28 6
19 29 100
19 30 25
19 31 57
19 32 18
19 33 35
19 34 23
19 35 4
19 36 1
19 37 59
19 40 22
19 41 26
19 43 100
19 44 65
19 46 80
19 47 69
19 48 100
19 49 38
19 53 7
19 55 86
19 56 100
19 57 35
19 58 43
19 59 57
19 60 31
19 61 91
19 62 66
19 67 59
19 68 82
19 69 64
19 73 11
19 75 64
19 78 58
19 79 34
20 0 36
20 1 73
20 2 46
20 3 21
20 4 69
20 5 26
20 6 11
20 8 2
20 10 72
20 11 4
20 13 42
20 15 53
20 16 43
20 17 61
20 19 73
20 23 73
20 24 13
20 25 22
20 26 96
20 28 33
20 29 34
20 31 4
20 33 100
20 35 16
20 36 23
20 37 56
20 38 35
20 39 63
20 40 73
20 41 25
20 44 30
20 45 83
20 47 63
20 48 95
20 53 30
20 54 39
20 55 37
20 57 50
20 58 5
20 61 55
20 62 93
20 63 80
20 64 24
20 66 27
20 67 3
20 68 12
20 69 64
20 70 80
20 71 39
20 73 15
20 74 82
20 75 15
20 76 52
20 77 44
20 78 37
20 79 37
21 0 36
21 1 47
21 2 45
21 3 64
21 4 6
21 6 14
21 7 82
21 8 43
21 9 49
21 10 82
21 12 6
21 13 42
21 15 75
21 16 83
21 18 19
21 19 19
21 22 27
21 23 35
21 24 49
21 25 95
21 26 67
21 27 54
21 28 29
21 29 65
21 30 25
21 31 67
21 32 43
21 33 95
21 35 87
21 38 38
21 39 22
21 40 59
21 41 31
21 42 6
21 43 93
21 45 91
21 46 90
21 47 32
21 48 30
21 49 62
21 50 34
21 51 91
21 54 48
21 55 16
21 56 5
21 57 59
21 58 15
21 61 52
21 63 77
21 64 58
21 65 46
21 68 49
21 69 72
21 72 39
21 73 1
21 74 37
21 76 74
21 77 94
21 79 88
22 1 21
22 2 4
22 3 78
22 5 64
22 6 65
22 7 37
22 10 85
22 12 12
22 13 91
22 15 68
22 16 97
22 17 61
22 18 2
22 19 36
22 21 81
22 23 25
22 24 21
22 27 9
22 28 12
22 31 8
22 32 80
22 33 43
22 36 5
22 37 58
22 38 36
22 39 17
22 41 89
22 44 29
22 45 88
22 47 88
22 48 66
22 49 68
22 51 41
22 53 17
22 54 12
22 55 65
22 56 75
22 58 8
22 59 35
22 60 14
22 61 74
22 62 29
22 64 9
22 65 45
22 66 82
22 68 37
22 69 34
22 71 97
22 73 92
22 75 59
22 76 24
22 77 14
22 79 26
23 1 29
23 4 46
23 5 99
23 7 76
23 12 16
23 13 3
23 15 2
23 16 89
23 17 50
23 18 8
23 19 71
23 21 89
23 24 92
23 25 92
23 27 61
23 28 89
23 30 83
23 33 55
23 35 93
23 37 7
23 38 66
23 39 6
23 44 51
23 45 76
23 46 51
23 47 18
23 49 97
23 50 82
23 51 69
23 54 66
23 56 16
23 59 100
23 60 26
23 63 70
23 65 87
23 66 24
23 67 56
23 68 46
23 70 3
23 71 64
23 72 82
23 73 37
23 74 30
23 76 63
23 78 82
23 79 13
24 1 91
24 2 87
24 3 57
24 4 39
24 5 25
24 7 68
24 8 65
24 9 89
24 10 27
24 11 78
24 13 61
24 15 60
24 17 87
24 18 58
24 22 28
24 25 45
24 26 64
24 27 89
24 28 22
24 29 29
24 30 83
24 32 38
24 33 49
24 34 94
24 35 3
24 36 58
24 37 61
24 40 64
24 42 78
24 43 81
24 44 1
24 45 65
24 46 64
24 50 69
24 51 36
24 53 83
24 54 1
24 55 75
24 56 13
24 57 51
24 58 96
24 59 25
24 63 93
24 64 68
24 65 16
24 70 56
24 73 2
24 74 80
24 75 33
24 76 23
24 77 21
24 78 31
24 79 95
25 0 72
25 1 62
25 3 7
25 5 26
25 6 87
25 7 63
25 8 63
25 9 94
25 10 7
25 11 40
25 13 51
25 15 22
25 16 47
25 17 34
25 18 100
25 19 83
25 20 22
25 21 47
25 22 60
25 23 95
25 24 62
25 26 20
25 27 98
25 31 65
25 33 25
25 34 78
25 38 25
25 39 24
25 40 36
25 42 69
25 43 65
25 44 1
25 50 51
25 54 59
25 55 53
25 57 13
25 58 100
25 59 92
25 60 30
25 61 34
25 62 96
25 63 94
25 65 25
25 66 77
25 67 37
25 68 30
25 69 55
25 71 6
25 72 50
25 75 93
25 79 50
26 1 92
26 2 96
26 3 87
26 4 8
26 5 49
26 6 8
26 7 35
26 8 33
26 10 2
26 11 3
26 12 23
26 13 88
26 16 76
26 17 76
26 19 34
26 22 83
26 24 47
26 27 2
26 28 55
26 29 16
26 30 6
26 31 85
26 32 57
26 33 52
26 35 63
26 37 9
26 38 80
26 40 80
26 41 38
26 42 90
26 43 69
26 44 87
26 45 23
26 47 56
26 48 38
26 51 44
26 53 62
26 54 96
26 56 54
26 58 32
26 59 37
26 60 45
26 61 62
26 62 70
26 63 35
26 66 55
26 68 90
26 69 40
26 70 18
26 71 55
26 72 78
26 73 50
26 74 89
26 76 78
26 77 76
26 79 80
27 1 48
27 3 67
27 5 61
27 6 59
27 7 11
27 9 28
27 10 80
27 11 46
27 12 59
27 13 22
27 15 33
27 19 51
27 20 24
27 21 17
27 22 7
27 23 96
27 24 56
27 25 44
27 26 96
27 29 55
27 30 85
27 32 28
27 33 74
27 34 67
27 35 32
27 37 10
27 38 48
27 39 49
27 40 34
27 42 55
27 44 86
27 45 14
27 46 62
27 47 94
27 49 4
27 50 50
27 53 60
27 54 49
27 55 98
27 56 1
27 57 73
27 58 51
27 60 13
27 61 57
27 62 30
27 63 35
27 64 95
27 65 60
27 67 71
27 68 62
27 69 89
27 70 83
27 71 7
27 72 91
27 73 28
27 74 31
27 77 38
27 78 82
28 0 81
28 2 1
28 3 19
28 5 10
28 6 20
28 7 14
28 8 81
28 9 10
28 10 66
28 11 93
28 12 63
28 13 98
28 18 16
28 20 19
28 23 20
28 24 79
28 27 57
28 30 75
28 32 62
28 33 83
28 34 73
28 35 7
28 36 63
28 37 28
28 38 19
28 39 30
28 40 7
28 41 33
28 43 34
28 45 44
28 46 13
28 47 16
28 49 7
28 50 17
28 51 22
28 53 32
28 54 77
28 55 1
28 56 75
28 57 4
28 59 75
28 60 84
28 61 77
28 62 27
28 65 80
28 66 62
28 67 54
28 68 90
28 69 78
28 71 27
28 74 17
28 75 9
28 77 89
29 0 79
29 1 53
29 3 23
29 4 98
29 5 40
29 7 3
29 8 12
29 10 35
29 11 56
29 12 5
29 13 47
29 15 33
29 16 60
29 17 21
29 18 77
29 19 4
29 20 64
29 22 35
29 24 43
29 27 16
29 28 3
29 30 70
29 31 68
29 35 64
29 38 38
29 39 93
29 41 8
29 42 40
29 43 42
29 44 49
29 45 27
29 50 17
29 53 84
29 54 19
29 55 34
29 56 59
29 59 29
29 60 17
29 61 76
29 62 98
29 63 14
29 65 81
29 66 77
29 67 69
29 68 47
29 70 92
29 72 45
29 74 4
29 75 5
29 76 5
29 77 10
29 78 74
29 79 67
30 0 78
30 1 21
30 2 16
30 3 28
30 4 72
30 5 27
30 6 76
30 9 79
30 15 77
30 16 21
30 17 88
30 18 43
30 19 42
30 20 29
30 21 75
30 23 66
30 24 32
30 25 31
30 26 60
30 27 38
30 28 79
30 29 27
30 31 88
30 32 69
30 33 60
30 34 88
30 35 92
30 36 14
30 39 84
30 40 36
30 41 79
30 42 37
30 44 27
30 45 32
30 47 58
30 48 17
30 49 6
30 50 84
30 54 15
30 55 34
30 56 47
30 57 27
30 59 27
30 60 76
30 62 38
30 63 92
30 64 18
30 65 6
30 66 27
30 67 47
30 71 88
30 72 17
30 73 2
30 74 51
30 76 14
30 77 79
30 78 46
30 79 4
31 0 97
31 1 92
31 3 58
31 5 82
31 6 52
31 8 13
31 10 13
31 11 95
31 12 93
31 13 59
31 15 52
31 22 40
31 23 29
31 25 85
31 28 11
31 30 74
31 32 41
31 34 97
31 35 61
31 36 79
31 38 67
31 40 2
31 41 15
31 42 11
31 43 92
31 46 61
31 47 30
31 49 37
31 50 9
31 54 54
31 56 84
31 57 71
31 59 69
31 60 31
31 61 83
31 62 34
31 65 87
31 68 50
31 70 50
31 71 6
31 72 74
31 74 74
31 75 7
31 77 9
31 78 13
32 1 19
32 2 92
32 3 2
32 5 94
32 6 2
32 7 91
32 9 53
32 10 58
32 12 20
32 13 88
32 15 10
32 16 23
32 17 31
32 18 94
32 19 47
32 22 81
32 23 50
32 24 51
32 25 56
32 26 94
32 27 28
32 28 41
32 29 24
32 30 83
32 31 21
32 33 28
32 34 88
32 35 90
32 36 4
32 37 53
32 38 40
32 39 58
32 40 96
32 41 79
32 43 28
32 44 93
32 45 60
32 46 38
32 49 50
32 50 52
32 55 16
32 58 93
32 59 28
32 61 15
32 62 28
32 64 51
32 65 21
32 66 81
32 67 86
32 68 40
32 69 6
32 70 37
32 74 9
32 75 49
32 76 15
32 77 66
32 78 27
33 0 9
33 1 17
33 2 77
33 3 63
33 6 86
33 7 8
33 8 58
33 9 26
33 10 2
33 11 61
33 15 5
33 16 16
33 17 65
33 18 8
33 20 68
33 21 50
33 22 15
33 25 87
33 27 99
33 30 58
33 31 37
33 32 92
33 34 82
33 35 44
33 36 53
33 37 78
33 38 46
33 39 95
33 41 67
33 43 65
33 44 93
33 46 33
33 47 50
33 48 78
33 49 67
33 50 25
33 51 32
33 53 25
33 55 69
33 57 1
33 58 38
33 59 45
33 60 56
33 61 37
33 62 39
33 63 87
33 66 88
33 67 66
33 68 31
33 70 100
33 71 71
33 72 67
33 73 53
33 75 88
33 76 2
33 77 52
33 78 6
33 79 43
34 0 82
34 1 93
34 2 10
34 3 87
34 4 65
34 6 93
34 9 70
34 10 26
34 11 87
34 12 13
34 15 99
34 17 71
34 18 80
34 19 58
34 21 62
34 22 14
34 23 55
34 25 56
34 27 85
34 31 26
34 32 58
34 33 24
34 35 88
34 37 8
34 41 89
34 42 69
34 43 28
34 44 99
34 45 33
34 46 6
34 47 100
34 53 19
34 54 39
34 56 24
34 57 81
34 58 24
34 59 24
34 60 12
34 61 57
34 62 97
34 63 95
34 65 59
34 66 2
34 67 61
34 69 62
34 70 70
34 72 61
34 74 58
34 75 95
34 77 16
34 78 64
34 79 12
35 0 68
35 2 38
35 3 94
35 4 7
35 5 47
35 7 66
35 8 91
35 9 24
35 10 55
35 12 38
35 13 46
35 15 42
35 16 21
35 18 75
35 19 73
35 20 1
35 22 95
35 25 26
35 26 76
35 27 45
35 28 73
35 29 76
35 30 63
35 31 26
35 32 44
35 33 59
35 34 30
35 37 38
35 39 32
35 40 85
35 42 47
35 44 19
35 45 47
35 47 47
35 48 15
35 49 4
35 51 12
35 53 23
35 54 13
35 56 72
35 57 54
35 58 66
35 60 12
35 62 39
35 64 13
35 66 87
35 67 67
35 69 54
35 70 94
35 72 96
35 73 100
35 74 43
35 75 41
35 76 7
35 77 26
36 0 84
36 2 32
36 4 17
36 5 17
36 6 56
36 8 36
36 10 2
36 11 52
36 13 68
36 16 88
36 17 64
36 18 48
36 19 74
36 20 77
36 22 77
36 23 18
36 28 59
36 30 52
36 33 10
36 34 2
36 35 10
36 37 15
36 40 11
36 41 35
36 44 61
36 45 75
36 46 63
36 47 70
36 50 15
36 53 73
36 54 6
36 56 92
36 57 66
36 58 65
36 60 50
36 62 64
36 63 24
36 66 37
36 67 35
36 68 8
36 69 8
36 71 41
36 72 11
36 73 26
36 76 16
36 77 34
36 79 2
37 2 80
37 3 35
37 6 99
37 7 14
37 8 74
37 10 70
37 11 57
37 12 93
37 15 99
37 16 26
37 17 41
37 18 96
37 19 76
37 21 31
37 22 34
37 24 89
37 27 28
37 29 82
37 30 25
37 31 44
37 32 40
37 33 93
37 34 62
37 36 88
37 39 3
37 40 42
37 41 20
37 42 37
37 43 33
37 44 75
37 45 16
37 46 69
37 48 96
37 49 52
37 50 32
37 51 100
37 53 68
37 54 48
37 55 8
37 56 64
37 59 41
37 60 94
37 61 65
37 62 7
37 63 86
37 64 34
37 66 99
37 67 37
37 68 38
37 69 47
37 72 65
37 73 47
37 74 92
37 75 95
37 76 30
37 77 63
37 78 49
37 79 40
38 1 70
38 4 24
38 7 4
38 10 4
38 11 93
38 12 62
38 15 53
38 17 13
38 18 76
38 19 19
38 20 15
38 21 49
38 22 93
38 24 40
38 25 15
38 26 37
38 29 65
38 30 47
38 32 92
38 33 43
38 36 5
38 37 76
38 39 26
38 40 6
38 42 28
38 44 3
38 46 54
38 47 57
38 48 42
38 54 80
38 55 38
38 56 58
38 58 11
38 61 11
38 62 51
38 63 71
38 64 82
38 65 6
38 66 94
38 67 94
38 68 33
38 70 39
38 71 45
38 72 14
38 73 74
38 74 75
38 75 92
38 76 98
38 77 31
38 78 83
38 79 47
39 0 35
39 1 67
39 3 88
39 4 100
39 7 3
39 9 71
39 10 73
39 11 24
39 12 14
39 13 91
39 16 53
39 17 25
39 18 95
39 19 100
39 22 87
39 23 79
39 24 14
39 25 38
39 26 26
39 28 84
39 29 9
39 31 44
39 34 60
39 35 21
39 36 31
39 37 80
39 38 70
39 40 5
39 41 22
39 42 18
39 43 42
39 44 84
39 47 79
39 48 4
39 50 14
39 51 5
39 53 95
39 54 13
39 55 23
39 57 37
39 59 19
39 61 56
39 62 63
39 63 82
39 64 74
39 65 86
39 66 22
39 67 55
39 68 34
39 71 57
39 72 47
39 74 78
39 75 41
39 78 68
39 79 58
40 0 59
40 1 70
40 3 16
40 4 36
40 7 3
40 8 49
40 10 16
40 11 98
40 13 32
40 15 64
40 16 90
40 17 83
40 18 36
40 19 28
40 20 48
40 22 59
40 24 10
40 25 18
40 26 69
40 27 21
40 29 91
40 30 44
40 31 78
40 32 7
40 33 6
40 34 57
40 36 5
40 37 85
40 39 27
40 43 73
40 44 87
40 45 57
40 46 69
40 48 88
40 49 16
40 50 54
40 51 14
40 53 68
40 56 2
40 57 9
40 58 34
40 60 3
40 61 71
40 62 67
40 64 6
40 65 16
40 66 22
40 67 65
40 70 73
40 71 88
40 72 32
40 73 53
40 75 12
40 76 49
40 77 58
40 79 88
41 0 75
41 1 94
41 2 64
41 3 53
41 4 34
41 6 71
41 8 64
41 10 23
41 11 98
41 12 20
41 13 71
41 15 16
41 17 69
41 18 60
41 20 70
41 21 57
41 22 23
41 23 44
41 25 93
41 26 68
41 27 1
41 30 62
41 31 27
41 32 34
41 33 89
41 34 87
41 35 46
41 37 81
41 38 58
41 39 3
41 40 54
41 42 15
41 44 79
41 45 65
41 46 4
41 47 33
41 48 96
41 49 45
41 50 1
41 51 43
41 53 15
41 54 47
41 55 33
41 56 17
41 57 1
41 58 9
41 59 78
41 60 73
41 61 83
41 62 66
41 63 88
41 64 3
41 65 22
41 66 10
41 67 71
41 68 33
41 69 56
41 70 21
41 71 70
41 72 41
41 76 29
41 77 94
41 78 91
41 79 67
42 0 25
42 1 68
42 2 35
42 3 8
42 4 6
42 5 49
42 7 13
42 8 40
42 9 94
42 10 97
42 12 35
42 13 78
42 15 11
42 17 48
42 18 32
42 19 47
42 20 91
42 22 11
42 23 21
42 24 64
42 25 89
42 27 4
42 29 9
42 32 60
42 33 43
42 35 46
42 36 7
42 37 18
42 39 10
42 41 17
42 44 25
42 45 3
42 46 24
42 47 42
42 49 44
42 50 60
42 51 88
42 54 76
42 59 95
42 60 37
42 61 52
42 62 40
42 64 58
42 65 98
42 66 90
42 68 51
42 69 77
42 70 70
42 71 98
42 72 84
42 74 87
42 76 88
42 77 81
42 78 57
42 79 78
43 2 31
43 3 44
43 4 37
43 5 95
43 6 91
43 8 52
43 9 10
43 10 34
43 11 18
43 12 14
43 13 18
43 17 48
43 20 18
43 21 54
43 22 81
43 23 5
43 25 19
43 28 25
43 29 35
43 33 41
43 36 47
43 37 37
43 38 18
43 39 25
43 42 51
43 45 4
43 46 68
43 47 44
43 48 87
43 49 43
43 50 62
43 51 11
43 53 37
43 55 33
43 56 68
43 58 90
43 61 70
43 63 66
43 65 52
43 67 58
43 68 43
43 69 20
43 70 2
43 71 12
43 72 47
43 74 83
43 76 3
43 77 73
43 78 30
43 79 51
44 0 78
44 1 1
44 2 95
44 6 80
44 9 59
44 10 23
44 13 63
44 17 98
44 19 70
44 21 94
44 22 40
44 24 100
44 25 96
44 26 83
44 27 28
44 28 75
44 30 78
44 31 27
44 33 50
44 34 25
44 35 30
44 37 57
44 38 25
44 40 18
44 42 83
44 43 85
44 45 53
44 46 22
44 47 72
44 48 2
44 49 98
44 50 26
44 51 64
44 54 45
44 55 67
44 56 46
44 57 9
44 58 87
44 59 43
44 61 97
44 62 83
44 63 79
44 64 42
44 65 33
44 67 56
44 68 81
44 70 100
44 71 97
44 72 36
44 73 92
44 74 26
44 76 15
44 78 36
44 79 86
45 0 67
45 3 92
45 5 9
45 6 22
45 8 60
45 12 20
45 13 30
45 15 7
45 16 64
45 19 94
45 21 10
45 22 40
45 23 36
45 24 25
45 25 99
45 28 95
45 31 11
45 33 3
45 34 6
45 35 17
45 36 39
45 37 41
45 38 77
45 40 59
45 42 89
45 43 96
45 44 28
45 48 47
45 49 90
45 50 4
45 51 41
45 53 98
45 54 87
45 55 59
45 57 49
45 59 17
45 60 88
45 62 48
45 65 58
45 66 58
45 67 25
45 68 26
45 69 8
45 70 90
45 71 65
45 72 100
45 73 83
45 77 90
45 78 18
46 0 100
46 1 29
46 2 41
46 5 14
46 6 39
46 8 46
46 9 14
46 10 77
46 11 28
46 12 95
46 13 20
46 16 37
46 17 50
46 18 41
46 19 64
46 20 72
46 22 73
46 25 26
46 26 59
46 28 19
46 31 97
46 32 56
46 34 33
46 36 93
46 37 18
46 39 44
46 40 34
46 41 28
46 42 17
46 44 73
46 45 16
46 47 12
46 48 74
46 49 23
46 51 22
46 54 50
46 55 42
46 56 31
46 59 11
46 60 34
46 62 45
46 63 78
46 64 27
46 65 68
46 66 92
46 68 45
46 69 11
46 70 27
46 71 78
46 73 27
46 75 36
46 76 59
46 78 54
47 0 76
47 1 86
47 3 86
47 6 25
47 8 84
47 9 59
47 10 87
47 12 4
47 13 14
47 15 5
47 16 21
47 17 72
47 18 85
47 20 71
47 21 18
47 23 6
47 24 47
47 25 39
47 26 65
47 28 54
47 30 25
47 32 97
47 33 39
47 34 49
47 36 58
47 37 22
47 38 91
47 39 95
47 41 14
47 43 44
47 44 46
47 46 7
47 49 93
47 50 37
47 53 36
47 54 12
47 56 92
47 59 32
47 60 97
47 61 12
47 64 68
47 65 90
47 66 54
47 67 19
47 68 23
47 70 24
47 71 38
47 72 32
47 73 54
47 74 67
47 75 72
47 77 99
47 78 78
47 79 8
48 0 75
48 1 45
48 2 16
48 5 22
48 9 23
48 10 6
48 11 36
48 13 79
48 15 52
48 16 14
48 18 41
48 19 10
48 22 15
48 24 28
48 26 55
48 27 51
48 28 73
48 29 84
48 30 26
48 31 98
48 32 66
48 33 85
48 34 30
48 35 80
48 36 29
48 37 42
48 38 51
48 39 73
48 40 56
48 41 96
48 42 10
48 43 49
48 44 32
48 45 47
48 46 81
48 47 86
48 49 57
48 50 45
48 51 65
48 53 93
48 54 56
48 58 40
48 59 27
48 61 33
48 62 65
48 63 14
48 64 38
48 65 13
48 66 4
48 68 84
48 69 36
48 70 75
48 71 21
48 72 90
48 74 57
48 75 41
48 76 86
48 77 77
48 78 54
48 79 46
49 0 30
49 2 19
49 3 33
49 6 13
49 8 5
49 11 49
49 15 60
49 17 95
49 18 31
49 19 85
49 20 29
49 22 76
49 23 31
49 24 65
49 27 11
49 28 43
49 30 61
49 31 58
49 34 40
49 36 62
49 38 46
49 39 64
49 40 64
49 42 12
49 43 78
49 44 79
49 47 45
49 48 87
49 50 6
49 51 57
49 53 86
49 54 50
49 56 17
49 57 36
49 59 90
49 60 24
49 62 42
49 65 49
49 66 39
49 67 22
49 68 91
49 69 87
49 72 25
49 73 56
49 76 51
49 77 93
49 78 78
49 79 13
50 0 1
50 1 65
50 4 25
50 5 65
50 6 9
50 7 43
50 8 48
50 9 43
50 11 19
50 12 47
50 13 41
50 17 43
50 18 22
50 20 10
50 21 73
50 22 51
50 23 9
50 24 55
50 25 40
50 27 95
50 28 12
50 29 97
50 30 99
50 31 29
50 33 12
50 34 5
50 35 13
50 36 60
50 37 56
50 38 33
50 41 35
50 43 38
50 44 12
50 46 30
50 47 76
50 49 53
50 53 54
50 54 70
50 56 75
50 57 86
50 58 3
50 59 20
50 61 14
50 62 12
50 63 62
50 64 42
50 65 41
50 66 62
50 68 38
50 69 85
50 72 69
50 73 20
50 74 84
50 75 9
50 76 75
50 77 47
51 0 93
51 1 74
51 2 20
51 3 64
51 6 28
51 7 69
51 10 38
51 11 74
51 12 94
51 13 68
51 15 94
51 17 6
51 20 45
51 21 80
51 22 90
51 23 10
51 24 3
51 26 31
51 27 38
51 28 22
51 30 58
51 32 84
51 33 60
51 34 61
51 35 86
51 36 88
51 39 76
51 40 76
51 41 66
51 42 59
51 43 99
51 45 47
51 46 40
51 49 55
51 50 19
51 53 87
51 55 15
51 56 96
51 58 3
51 60 5
51 61 12
51 62 6
51 63 36
51 65 58
51 66 80
51 67 56
51 69 78
51 70 10
51 71 64
51 72 65
51 74 67
51 76 10
51 77 20
53 0 71
53 2 4
53 3 63
53 4 99
53 5 32
53 8 33
53 10 81
53 13 1
53 15 54
53 17 38
53 19 39
53 20 94
53 21 23
53 22 64
53 23 84
53 25 73
53 28 17
53 30 58
53 33 34
53 34 48
53 38 8
53 40 97
53 43 23
53 44 8
53 45 56
53 46 7
53 47 34
53 48 77
53 50 39
53 51 10
53 54 43
53 55 37
53 56 2
53 57 88
53 58 100
53 60 31
53 61 85
53 62 68
53 64 22
53 65 26
53 66 92
53 67 44
53 68 24
53 70 72
53 71 1
53 73 79
53 75 97
53 76 90
53 77 75
53 78 78
53 79 1
54 0 77
54 2 82
54 3 33
54 5 21
54 6 63
54 7 62
54 8 2
54 9 31
54 10 12
54 11 17
54 12 98
54 15 6
54 16 36
54 17 28
54 18 14
54 19 53
54 20 68
54 21 25
54 22 97
54 24 61
54 25 89
54 28 68
54 29 55
54 30 14
54 31 71
54 32 70
54 34 64
54 35 72
54 38 25
54 40 27
54 41 78
54 42 78
54 43 8
54 44 22
54 46 54
54 47 93
54 49 46
54 51 16
54 53 66
54 55 1
54 56 30
54 58 54
54 59 49
54 60 6
54 61 50
54 62 81
54 63 26
54 64 19
54 65 42
54 66 96
54 67 82
54 68 6
54 70 74
54 71 21
54 72 58
54 73 11
54 74 47
54 75 4
54 76 92
54 78 8
55 0 89
55 2 65
55 3 76
55 4 1
55 7 84
55 8 37
55 9 97
55 12 72
55 13 19
55 16 98
55 19 44
55 20 16
55 21 97
55 23 41
55 24 8
55 25 65
55 26 32
55 29 10
55 30 10
55 31 85
55 33 62
55 34 26
55 35 66
55 37 95
55 38 11
55 39 82
55 40 70
55 41 61
55 42 48
55 43 6
55 44 11
55 45 18
55 46 73
55 50 69
55 51 62
55 53 93
55 54 52
55 56 24
55 57 71
55 58 91
55 59 61
55 63 33
55 64 100
55 65 27
55 66 34
55 67 8
55 69 24
55 70 11
55 71 28
55 72 89
55 73 46
55 75 72
55 79 91
56 0 22
56 2 62
56 6 39
56 7 46
56 10 14
56 11 47
56 12 65
56 16 4
56 17 23
56 18 72
56 19 6
56 21 59
56 22 57
56 24 99
56 26 82
56 27 43
56 29 70
56 32 71
56 33 89
56 35 99
56 36 70
56 37 36
56 38 24
56 39 99
56 40 69
56 41 73
56 42 82
56 43 14
56 44 33
56 46 69
56 47 12
56 48 9
56 49 12
56 50 67
56 51 60
56 55 58
56 57 95
56 58 56
56 59 70
56 61 51
56 62 81
56 63 98
56 64 33
56 65 50
56 66 53
56 67 85
56 72 70
56 74 49
56 77 8
56 78 49
56 79 87
57 0 33
57 1 92
57 2 96
57 4 65
57 5 45
57 7 91
57 9 8
57 11 76
57 12 19
57 13 40
57 15 84
57 17 85
57 18 74
57 19 39
57 20 8
57 21 63
57 22 78
57 23 47
57 25 78
57 27 98
57 28 37
57 33 2
57 34 46
57 35 75
57 36 48
57 39 2
57 42 66
57 43 57
57 45 48
57 47 18
57 48 67
57 49 2
57 50 16
57 51 21
57 53 91
57 54 37
57 56 23
57 59 63
57 60 70
57 62 4
57 63 5
57 64 6
57 65 70
57 67 60
57 68 72
57 71 63
57 73 13
57 74 35
57 75 17
57 77 4
57 78 2
57 79 23
58 0 29
58 1 80
58 2 31
58 3 78
58 4 58
58 6 71
58 7 60
58 8 26
58 9 60
58 11 17
58 12 25
58 13 72
58 15 83
58 16 94
58 18 77
58 19 74
58 20 57
58 21 73
58 22 16
58 24 50
58 27 62
58 28 99
58 29 29
58 30 28
58 31 40
58 32 24
58 33 60
58 34 13
58 35 100
58 37 46
58 39 11
58 40 87
58 42 22
58 43 79
58 44 56
58 46 38
58 47 38
58 48 97
58 49 86
58 53 78
58 54 14
58 55 93
58 56 91
58 57 43
58 59 34
58 61 1
58 62 79
58 63 66
58 64 31
58 69 38
58 70 77
58 71 68
58 75 40
58 76 63
59 0 8
59 1 12
59 2 47
59 4 7
59 7 33
59 8 71
59 9 85
59 11 88
59 12 46
59 13 46
59 16 59
59 17 7
59 19 5
59 20 89
59 21 82
59 22 82
59 24 96
59 25 21
59 26 30
59 27 87
59 29 93
59 30 17
59 31 28
59 33 57
59 34 34
59 36 71
59 37 62
59 38 50
59 40 87
59 41 86
59 42 19
59 44 19
59 45 54
59 46 80
59 47 70
59 48 21
59 49 89
59 50 23
59 51 70
59 53 59
59 54 28
59 55 87
59 56 15
59 57 72
59 58 80
59 60 58
59 61 17
59 62 83
59 65 11
59 66 80
59 68 54
59 70 84
59 71 24
59 72 80
59 74 84
59 75 26
59 78 100
59 79 87
60 0 92
60 1 67
60 2 38
60 3 20
60 4 58
60 5 81
60 7 68
60 8 43
60 9 29
60 10 23
60 11 20
60 12 100
60 13 36
60 15 49
60 16 79
60 19 26
60 20 28
60 22 41
60 23 30
60 24 27
60 25 39
60 26 2
60 28 91
60 29 29
60 30 12
60 32 37
60 34 33
60 37 48
60 40 100
60 41 64
60 42 10
60 43 63
60 44 18
60 46 44
60 47 21
60 48 55
60 51 42
60 53 68
60 54 6
60 55 96
60 56 26
60 57 2
60 58 5
60 61 40
60 62 5
60 63 52
60 64 16
60 66 92
60 67 95
60 68 61
60 71 20
60 72 97
60 74 5
60 76 69
60 77 27
60 78 10
60 79 82
61 0 57
61 1 67
61 2 91
61 3 97
61 4 36
61 5 72
61 6 17
61 8 83
61 9 95
61 10 71
61 11 73
61 13 48
61 15 35
61 16 26
61 17 45
61 19 29
61 20 17
61 21 53
61 22 89
61 23 53
61 24 99
61 28 77
61 29 100
61 30 53
61 31 59
61 32 83
61 33 35
61 34 80
61 35 30
61 37 15
61 39 30
61 40 100
61 41 91
61 43 6
61 44 11
61 47 75
61 48 37
61 49 48
61 53 62
61 55 19
61 56 36
61 59 38
61 62 58
61 65 32
61 66 73
61 67 54
61 69 100
61 71 67
61 72 45
61 73 78
61 74 41
61 75 22
61 76 32
61 77 30
61 79 99
62 0 98
62 1 29
62 2 80
62 4 25
62 5 4
62 6 84
62 7 87
62 8 83
62 12 27
62 17 36
62 18 64
62 19 90
62 21 1
62 23 47
62 24 51
62 25 98
62 26 3
62 27 45
62 28 45
62 29 45
62 30 11
62 31 9
62 32 45
62 33 64
62 35 78
62 36 72
62 37 100
62 38 65
62 45 67
62 46 86
62 48 74
62 49 53
62 50 19
62 51 78
62 54 19
62 55 35
62 56 16
62 58 21
62 59 53
62 64 62
62 65 32
62 66 77
62 67 97
62 69 28
62 70 83
62 71 92
62 73 88
62 74 52
62 75 7
62 76 23
62 77 50
62 78 5
62 79 22
63 2 62
63 3 10
63 4 91
63 5 16
63 7 90
63 8 33
63 9 45
63 11 43
63 12 18
63 13 45
63 15 5
63 16 39
63 17 28
63 18 99
63 19 3
63 21 3
63 22 9
63 23 74
63 24 43
63 25 5
63 26 78
63 27 11
63 28 1
63 30 74
63 32 53
63 33 74
63 35 11
63 36 44
63 37 15
63 38 98
63 39 40
63 41 4
63 42 34
63 43 19
63 45 39
63 46 87
63 47 80
63 48 63
63 49 93
63 50 62
63 55 47
63 57 3
63 58 97
63 59 6
63 60 72
63 61 49
63 62 51
63 65 15
63 67 61
63 68 100
63 69 71
63 70 92
63 71 48
63 73 89
63 75 100
63 76 67
63 77 60
64 1 39
64 2 10
64 5 53
64 7 6
64 8 75
64 10 77
64 12 95
64 16 58
64 17 33
64 18 39
64 19 9
64 20 48
64 22 29
64 28 86
64 31 91
64 32 14
64 34 46
64 35 67
64 39 50
64 41 93
64 43 49
64 44 46
64 45 21
64 46 19
64 48 15
64 49 62
64 50 4
64 51 89
64 53 16
64 54 11
64 58 17
64 59 84
64 61 100
64 62 53
64 63 63
64 65 41
64 66 81
64 67 2
64 68 82
64 69 47
64 70 64
64 71 46
64 72 5
64 73 91
64 74 71
64 75 36
64 76 43
64 77 62
64 78 43
64 79 45
65 0 17
65 1 87
65 2 38
65 3 16
65 4 10
65 7 95
65 8 65
65 9 53
65 10 60
65 11 36
65 13 1
65 15 49
65 20 92
65 22 91
65 23 45
65 24 8
65 25 99
65 26 69
65 27 40
65 28 12
65 30 51
65 33 85
65 35 26
65 38 53
65 39 63
65 40 24
65 42 87
65 43 49
65 44 83
65 46 98
65 47 72
65 48 50
65 50 40
65 51 79
65 53 89
65 54 21
65 57 34
65 58 18
65 63 73
65 67 16
65 68 21
65 69 92
65 70 98
65 72 4
65 73 36
65 74 25
65 77 76
65 78 43
66 1 41
66 5 38
66 6 65
66 7 18
66 8 39
66 9 25
66 11 77
66 12 67
66 15 68
66 16 37
66 17 56
66 18 19
66 19 36
66 21 54
66 23 65
66 24 72
66 25 10
66 27 60
66 28 72
66 29 13
66 32 55
66 33 1
66 35 55
66 37 8
66 38 26
66 39 77
66 40 8
66 41 40
66 43 31
66 44 36
66 45 48
66 46 70
66 48 42
66 49 26
66 53 18
66 54 45
66 55 4
66 57 13
66 61 88
66 62 16
66 64 3
66 67 3
66 72 81
66 77 83
66 78 41
66 79 68
67 0 25
67 1 37
67 2 37
67 3 17
67 4 43
67 5 53
67 6 14
67 7 82
67 8 8
67 9 57
67 11 36
67 12 49
67 16 100
67 17 96
67 18 16
67 19 86
67 20 49
67 22 54
67 23 45
67 24 71
67 25 62
67 26 69
67 27 74
67 29 11
67 31 53
67 34 42
67 36 1
67 37 64
67 38 8
67 39 81
67 40 89
67 41 65
67 42 31
67 43 52
67 44 70
67 45 40
67 46 72
67 47 74
67 48 77
67 49 95
67 50 2
67 51 53
67 53 45
67 54 97
67 55 76
67 56 5
67 59 49
67 60 61
67 61 37
67 62 34
67 63 99
67 64 86
67 65 63
67 66 34
67 68 88
67 70 65
67 72 5
67 74 71
67 75 99
67 76 81
67 78 4
67 79 57
68 0 50
68 1 30
68 2 100
68 3 37
68 4 14
68 5 100
68 7 31
68 9 52
68 11 55
68 12 92
68 13 25
68 15 40
68 16 73
68 18 74
68 19 84
68 20 78
68 23 47
68 24 79
68 26 15
68 27 4
68 28 21
68 31 76
68 32 89
68 34 77
68 35 8
68 37 65
68 39 29
68 40 84
68 41 15
68 42 51
68 43 28
68 45 39
68 46 35
68 48 2
68 49 31
68 50 16
68 51 29
68 54 19
68 56 14
68 58 36
68 59 10
68 61 69
68 62 40
68 64 98
68 65 62
68 66 43
68 67 29
68 72 31
68 74 25
68 75 74
68 77 7
68 78 17
68 79 56
69 0 70
69 1 58
69 2 70
69 3 50
69 5 64
69 8 48
69 9 77
69 13 73
69 15 33
69 16 5
69 17 34
69 18 80
69 19 55
69 20 12
69 22 8
69 23 83
69 24 98
69 25 27
69 27 89
69 29 97
69 30 77
69 32 96
69 33 76
69 35 87
69 36 50
69 39 32
69 40 97
69 42 39
69 43 80
69 44 92
69 45 20
69 47 79
69 48 37
69 51 36
69 55 99
69 57 21
69 59 98
69 60 58
69 64 26
69 65 31
69 66 50
69 67 77
69 70 44
69 73 27
69 74 84
69 76 26
69 77 6
69 79 70
70 1 82
70 3 94
70 4 51
70 6 27
70 7 89
70 8 29
70 10 42
70 11 32
70 12 71
70 13 4
70 16 24
70 17 82
70 18 35
70 19 56
70 20 17
70 22 54
70 26 16
70 29 65
70 30 73
70 31 78
70 32 91
70 33 44
70 35 87
70 36 40
70 39 51
70 40 19
70 42 71
70 43 53
70 44 55
70 45 91
70 46 48
70 47 1
70 50 44
70 51 12
70 53 69
70 54 92
70 56 98
70 61 74
70 62 32
70 63 84
70 65 72
70 67 52
70 69 66
70 71 30
70 72 97
70 74 54
70 75 91
70 77 69
70 78 48
71 0 58
71 1 54
71 2 76
71 3 56
71 4 43
71 5 88
71 7 94
71 8 6
71 9 30
71 10 51
71 11 30
71 12 17
71 15 9
71 16 7
71 17 98
71 18 8
71 20 78
71 21 74
71 22 52
71 23 42
71 27 28
71 28 3
71 30 71
71 31 90
71 32 38
71 34 68
71 35 64
71 36 23
71 38 81
71 39 16
71 40 93
71 41 24
71 44 68
71 46 48
71 47 71
71 48 74
71 49 64
71 50 31
71 53 92
71 55 46
71 57 14
71 58 37
71 59 97
71 61 92
71 62 84
71 63 29
71 64 57
71 65 64
71 66 35
71 67 58
71 68 7
71 70 40
71 73 68
71 74 80
71 75 36
71 76 77
71 77 72
71 79 66
72 2 81
72 3 16
72 4 43
72 5 93
72 6 10
72 7 98
72 8 97
72 9 29
72 10 8
72 11 22
72 12 22
72 13 21
72 15 79
72 16 25
72 17 34
72 18 79
72 19 15
72 21 73
72 23 48
72 24 79
72 26 58
72 28 81
72 29 20
72 30 69
72 32 16
72 33 78
72 34 71
72 35 100
72 36 10
72 37 37
72 39 32
72 40 77
72 41 37
72 42 27
72 43 99
72 44 44
72 45 42
72 47 100
72 48 12
72 50 58
72 53 36
72 54 46
72 55 9
72 56 85
72 57 59
72 58 55
72 59 22
72 61 41
72 62 51
72 63 82
72 64 54
72 66 25
72 67 16
72 68 9
72 69 91
72 73 45
72 74 67
72 77 38
73 0 25
73 1 6
73 3 30
73 4 18
73 5 77
73 6 33
73 9 31
73 10 45
73 13 20
73 15 56
73 16 25
73 18 14
73 19 27
73 20 50
73 22 16
73 24 22
73 25 18
73 26 83
73 27 26
73 28 91
73 30 19
73 31 52
73 32 57
73 33 95
73 37 71
73 38 85
73 40 56
73 42 69
73 45 15
73 46 56
73 53 83
73 54 94
73 55 25
73 56 76
73 57 97
73 58 80
73 59 3
73 61 32
73 62 46
73 64 90
73 69 38
73 70 71
73 71 58
73 74 45
73 75 70
73 76 81
73 77 57
73 78 72
73 79 38
74 0 66
74 2 43
74 3 41
74 4 27
74 7 15
74 9 74
74 10 51
74 11 37
74 12 85
74 13 60
74 15 22
74 16 14
74 19 22
74 24 85
74 25 91
74 27 73
74 29 8
74 30 85
74 31 40
74 32 66
74 33 54
74 34 58
74 35 70
74 36 4
74 37 6
74 38 11
74 39 34
74 40 47
74 41 98
74 42 75
74 43 39
74 45 29
74 46 53
74 48 39
74 53 48
74 54 76
74 55 50
74 56 64
74 57 39
74 59 88
74 60 25
74 61 56
74 63 89
74 66 6
74 69 79
74 70 26
74 72 40
74 73 80
74 75 78
74 77 43
74 78 91
75 0 1
75 1 14
75 2 100
75 3 5
75 6 93
75 7 74
75 8 35
75 9 97
75 10 44
75 11 38
75 12 21
75 13 57
75 16 75
75 17 26
75 18 41
75 19 57
75 20 33
75 21 93
75 23 53
75 28 16
75 29 11
75 32 62
75 33 49
75 34 41
75 35 7
75 36 15
75 38 100
75 39 76
75 40 52
75 41 33
75 43 40
75 44 83
75 45 63
75 46 26
75 49 100
75 50 18
75 51 64
75 53 58
75 54 58
75 55 61
75 56 85
75 57 94
75 58 47
75 61 84
75 62 96
75 63 97
75 66 62
75 68 17
75 69 64
75 71 69
75 72 31
75 73 59
75 74 93
75 76 44
75 78 89
75 79 44
76 0 87
76 1 16
76 2 83
76 8 43
76 9 12
76 11 86
76 12 14
76 13 36
76 16 63
76 17 71
76 18 73
76 20 95
76 21 64
76 22 23
76 23 77
76 24 61
76 26 4
76 28 66
76 29 66
76 31 71
76 32 53
76 33 28
76 34 85
76 36 25
76 37 21
76 38 97
76 41 78
76 42 33
76 44 58
76 46 43
76 47 100
76 48 34
76 51 10
76 53 33
76 54 68
76 55 15
76 56 51
76 57 87
76 58 69
76 59 7
76 60 32
76 61 32
76 64 71
76 65 90
76 66 5
76 67 61
76 69 35
76 70 16
76 71 6
76 72 85
76 73 51
76 74 64
76 75 46
76 77 17
76 78 25
77 0 63
77 1 88
77 3 96
77 4 22
77 5 26
77 6 62
77 7 28
77 9 38
77 10 35
77 11 99
77 12 24
77 13 48
77 15 39
77 16 90
77 18 40
77 23 27
77 24 48
77 25 99
77 28 13
77 30 43
77 31 93
77 32 3
77 33 99
77 35 19
77 37 85
77 38 11
77 41 56
77 42 10
77 44 92
77 45 25
77 46 38
77 47 31
77 49 49
77 50 64
77 51 28
77 53 33
77 54 8
77 55 13
77 56 68
77 58 97
77 59 40
77 60 51
77 62 98
77 63 74
77 64 74
77 65 11
77 66 29
77 67 33
77 68 17
77 70 99
77 71 2
77 72 33
77 73 64
77 74 66
77 75 73
78 0 83
78 1 35
78 3 56
78 5 24
78 7 38
78 9 40
78 10 71
78 11 81
78 12 97
78 15 41
78 16 21
78 17 1
78 18 78
78 19 24
78 21 31
78 23 3
78 26 96
78 28 29
78 30 66
78 31 11
78 33 20
78 34 28
78 35 36
78 36 60
78 37 61
78 38 16
78 39 50
78 40 10
78 42 68
78 48 96
78 49 92
78 51 39
78 53 65
78 54 34
78 55 52
78 56 26
78 58 9
78 59 64
78 61 49
78 62 64
78 64 2
78 65 10
78 66 20
78 67 3
78 68 6
78 69 91
78 70 4
78 71 71
78 72 13
78 73 58
78 74 5
78 75 42
78 77 76
79 0 11
79 3 44
79 4 43
79 5 34
79 6 69
79 8 58
79 9 28
79 12 96
79 13 3
79 15 94
79 16 71
79 17 13
79 18 53
79 20 73
79 21 41
79 22 17
79 25 98
79 27 48
79 28 68
79 29 31
79 31 65
79 33 1
79 34 72
79 35 63
79 38 53
79 39 10
79 42 3
79 43 32
79 44 78
79 46 44
79 47 39
79 48 20
79 49 23
79 51 52
79 53 19
79 55 66
79 56 61
79 57 13
79 59 24
79 60 25
79 61 70
79 62 36
79 63 34
79 64 53
79 65 22
79 66 13
79 67 91
79 68 32
79 69 96
79 70 41
79 72 66
79 76 61
79 77 5
79 78 72
14 0 30
14 1 100
14 3 52
14 6 87
14 7 57
14 10 18
14 11 50
14 13 59
14 15 21
14 16 15
14 18 2
14 20 92
14 21 59
14 23 24
14 24 36
14 28 15
14 30 79
14 31 76
14 33 12
14 35 54
14 36 69
14 37 27
14 38 6
14 39 63
14 41 60
14 42 40
14 43 78
14 46 7
14 49 28
14 52 69
14 53 84
14 54 26
14 55 37
14 56 94
14 58 23
14 59 91
14 60 59
14 61 59
14 62 56
14 63 68
14 64 22
14 65 29
14 66 85
14 69 62
14 70 42
14 71 55
14 72 58
14 73 11
14 75 19
14 76 79
14 78 57
14 79 39
0 52 4
1 52 77
4 52 54
6 52 23
8 52 90
10 52 66
13 52 7
15 52 42
16 52 94
17 52 42
19 52 14
22 52 51
27 52 71
30 52 10
31 52 21
32 52 84
34 52 20
37 52 100
38 52 76
39 52 93
40 52 17
41 52 91
42 52 36
44 52 67
45 52 66
46 52 65
48 52 13
49 52 8
50 52 57
51 52 42
53 52 97
54 52 62
56 52 68
57 52 43
62 52 83
64 52 73
65 52 27
66 52 90
67 52 9
68 52 5
69 52 58
70 52 47
71 52 74
73 52 29
74 52 33
75 52 66
77 52 8
79 52 27
