59
54
0 1 46
0 4 9
0 5 55
0 6 40
0 7 19
0 9 4
0 11 44
0 12 95
0 13 29
0 17 67
0 22 3
0 23 25
0 24 20
0 29 5
0 30 95
0 32 18
0 33 99
0 34 16
0 35 68
0 38 94
0 42 28
0 44 17
0 45 59
0 46 52
0 47 89
0 48 80
0 50 91
0 52 94
0 53 32
0 55 46
0 56 55
0 58 58
0 60 3
0 62 82
0 63 34
0 64 76
0 65 99
0 66 45
0 67 65
0 68 8
0 71 11
0 73 60
0 76 45
0 77 83
0 78 50
0 79 23
0 80 86
0 81 40
0 82 60
0 83 41
0 84 85
0 85 85
0 87 76
0 88 97
0 90 91
0 92 51
0 93 89
0 94 69
0 95 34
0 96 51
0 97 47
0 98 23
1 3 18
1 4 91
1 5 58
1 7 84
1 9 80
1 10 21
1 11 75
1 12 32
1 13 36
1 16 79
1 17 81
1 18 70
1 19 3
1 21 89
1 22 28
1 23 76
1 24 99
1 25 8
1 29 45
1 30 9
1 31 45
1 33 34
1 34 16
1 36 76
1 39 96
1 40 4
1 43 78
1 44 27
1 45 70
1 47 90
1 48 80
1 49 3
1 51 69
1 52 32
1 53 80
1 55 69
1 57 96
1 58 43
1 61 58
1 62 2
1 64 13
1 66 93
1 68 83
1 70 73
1 72 2
1 73 78
1 74 60
1 75 78
1 76 9
1 78 18
1 79 16
1 81 40
1 82 71
1 85 69
1 86 19
1 87 52
1 88 2
1 89 15
1 90 96
1 92 57
1 94 44
1 95 3
1 96 1
1 98 16
1 99 81
2 0 1
2 1 9
2 3 27
2 4 87
2 5 5
2 7 86
2 9 70
2 10 16
2 13 70
2 15 93
2 17 87
2 18 23
2 19 89
2 20 15
2 21 26
2 22 57
2 23 14
2 24 96
2 27 34
2 28 14
2 29 52
2 30 47
2 31 70
2 32 82
2 33 28
2 34 25
2 35 62
2 36 7
2 37 6
2 39 61
2 41 8
2 42 46
2 44 71
2 45 43
2 46 80
2 48 22
2 49 32
2 50 58
2 51 93
2 52 3
2 53 87
2 55 17
2 56 67
2 57 24
2 58 80
2 60 7
2 61 97
2 63 23
2 64 91
2 65 50
2 66 80
2 67 90
2 69 66
2 70 6
2 71 82
2 72 40
2 73 25
2 74 72
2 75 96
2 80 29
2 81 66
2 82 5
2 84 70
2 90 57
2 91 78
2 93 28
2 94 10
2 96 96
2 97 98
2 98 19
3 0 52
3 4 96
3 6 8
3 7 5
3 8 12
3 10 75
3 11 3
3 12 21
3 15 60
3 16 16
3 17 56
3 19 29
3 22 90
3 24 90
3 25 60
3 26 71
3 27 58
3 28 10
3 30 88
3 31 22
3 33 4
3 34 87
3 35 37
3 36 80
3 37 13
3 40 77
3 41 2
3 42 85
3 44 29
3 47 88
3 48 32
3 49 50
3 50 40
3 51 47
3 52 99
3 56 28
3 57 54
3 58 6
3 60 98
3 62 62
3 64 34
3 65 96
3 67 48
3 68 6
3 69 15
3 72 63
3 74 47
3 78 91
3 80 34
3 81 32
3 82 25
3 84 5
3 86 23
3 87 32
3 88 75
3 89 97
3 90 56
3 91 87
3 94 12
3 97 13
3 98 83
4 1 45
4 2 86
4 3 48
4 5 93
4 6 9
4 7 22
4 8 33
4 9 87
4 10 45
4 12 13
4 14 32
4 17 16
4 19 38
4 20 22
4 21 93
4 22 20
4 23 59
4 24 52
4 25 99
4 26 76
4 27 65
4 31 7
4 32 64
4 33 87
4 34 13
4 35 62
4 36 67
4 38 20
4 39 70
4 40 80
4 42 20
4 43 81
4 44 58
4 47 66
4 48 2
4 49 37
4 51 27
4 52 94
4 53 79
4 57 33
4 60 90
4 61 53
4 62 95
4 63 22
4 65 54
4 69 77
4 71 55
4 72 83
4 75 83
4 76 99
4 77 31
4 78 3
4 79 65
4 80 72
4 82 47
4 83 89
4 85 82
4 86 8
4 87 94
4 88 33
4 89 27
4 90 67
4 91 55
4 92 66
4 93 68
4 94 8
4 95 8
4 96 91
4 97 56
4 98 63
5 0 69
5 1 69
5 3 85
5 6 5
5 10 63
5 11 72
5 12 1
5 13 1
5 14 12
5 16 61
5 19 81
5 20 53
5 22 59
5 24 46
5 25 100
5 28 34
5 29 16
5 30 66
5 33 7
5 34 75
5 36 20
5 39 36
5 40 41
5 44 41
5 45 77
5 47 40
5 48 63
5 51 16
5 52 53
5 53 18
5 58 35
5 60 14
5 61 65
5 64 83
5 65 91
5 66 54
5 67 19
5 68 15
5 69 57
5 70 54
5 71 85
5 72 27
5 73 12
5 75 27
5 76 79
5 78 94
5 79 71
5 80 98
5 81 4
5 82 27
5 84 9
5 86 78
5 87 21
5 89 66
5 90 37
5 91 99
5 92 35
5 94 18
5 96 2
5 97 40
5 98 12
5 99 27
6 0 28
6 2 74
6 4 8
6 5 98
6 7 43
6 8 70
6 9 23
6 11 45
6 12 92
6 14 9
6 15 19
6 16 4
6 17 22
6 18 55
6 19 76
6 20 10
6 23 40
6 24 97
6 25 88
6 26 61
6 27 49
6 29 83
6 30 28
6 31 51
6 32 42
6 35 97
6 36 75
6 37 16
6 38 100
6 39 66
6 40 83
6 41 93
6 42 27
6 43 82
6 44 16
6 45 52
6 46 80
6 47 15
6 48 32
6 49 35
6 50 6
6 51 24
6 55 54
6 56 15
6 58 93
6 60 95
6 61 97
6 62 90
6 63 20
6 65 12
6 67 76
6 68 50
6 69 56
6 71 50
6 72 73
6 73 84
6 74 48
6 75 92
6 76 54
6 77 39
6 78 65
6 80 41
6 82 15
6 83 82
6 86 35
6 87 59
6 88 22
6 89 86
6 90 70
6 91 3
6 92 57
6 93 32
6 94 29
6 95 56
6 97 100
6 98 13
6 99 2
7 0 3
7 1 25
7 2 11
7 3 91
7 4 29
7 5 19
7 6 90
7 10 52
7 11 53
7 12 13
7 13 42
7 14 95
7 15 93
7 16 55
7 17 13
7 19 22
7 20 19
7 21 40
7 22 82
7 24 94
7 25 36
7 28 71
7 31 10
7 32 47
7 34 53
7 35 60
7 36 23
7 37 69
7 38 1
7 42 99
7 43 97
7 44 19
7 46 41
7 47 10
7 48 24
7 50 76
7 51 55
7 52 96
7 55 91
7 56 50
7 60 5
7 61 8
7 63 89
7 64 6
7 65 80
7 66 35
7 68 43
7 69 47
7 71 64
7 73 37
7 74 56
7 75 54
7 76 66
7 77 21
7 78 59
7 80 77
7 82 86
7 83 57
7 84 99
7 85 5
7 86 26
7 87 96
7 89 87
7 90 32
7 91 45
7 92 58
7 93 76
7 94 68
7 95 25
7 96 63
7 97 8
7 98 4
7 99 9
8 0 1
8 1 10
8 3 30
8 4 6
8 5 15
8 6 7
8 10 73
8 13 23
8 14 3
8 15 38
8 17 94
8 18 14
8 19 52
8 21 16
8 23 35
8 25 46
8 28 88
8 29 73
8 30 75
8 31 56
8 32 4
8 35 52
8 36 26
8 38 66
8 39 64
8 40 53
8 42 38
8 44 93
8 45 66
8 46 80
8 48 73
8 49 1
8 50 24
8 51 49
8 55 34
8 56 22
8 57 97
8 58 80
8 62 59
8 63 63
8 65 70
8 67 34
8 69 32
8 70 93
8 71 36
8 73 61
8 74 5
8 75 95
8 76 80
8 77 59
8 78 45
8 79 18
8 81 20
8 83 51
8 89 26
8 90 99
8 91 24
8 92 23
8 94 22
8 95 37
8 97 78
8 98 6
8 99 75
9 0 92
9 1 69
9 2 95
9 4 40
9 5 39
9 6 33
9 7 31
9 8 69
9 10 76
9 11 43
9 12 1
9 14 85
9 15 70
9 16 88
9 17 23
9 18 40
9 19 25
9 20 16
9 21 5
9 22 34
9 23 86
9 24 94
9 26 83
9 27 32
9 28 64
9 32 26
9 33 44
9 34 65
9 35 70
9 36 75
9 37 97
9 40 80
9 42 96
9 48 16
9 50 48
9 51 4
9 53 80
9 56 91
9 58 13
9 60 24
9 61 54
9 62 93
9 65 81
9 66 78
9 67 19
9 69 2
9 70 65
9 71 28
9 72 84
9 73 83
9 75 62
9 76 38
9 77 31
9 78 80
9 81 7
9 82 55
9 83 86
9 84 26
9 85 56
9 86 6
9 87 87
9 88 83
9 89 48
9 90 26
9 91 82
9 92 21
9 93 80
9 94 83
9 95 72
9 97 74
9 98 76
9 99 67
10 0 56
10 1 85
10 2 81
10 3 61
10 5 3
10 6 26
10 7 90
10 8 48
10 9 36
10 11 85
10 13 60
10 14 72
10 15 10
10 17 23
10 18 47
10 19 55
10 20 2
10 21 66
10 23 33
10 26 64
10 28 74
10 30 34
10 31 11
10 32 72
10 34 63
10 36 25
10 37 98
10 39 53
10 40 42
10 41 74
10 42 40
10 43 28
10 46 64
10 47 2
10 48 80
10 51 66
10 52 68
10 53 36
10 55 52
10 56 26
10 57 10
10 58 5
10 61 50
10 62 36
10 64 80
10 66 82
10 68 35
10 69 67
10 70 3
10 72 28
10 74 95
10 75 36
10 76 90
10 77 35
10 78 92
10 79 7
10 81 33
10 82 7
10 83 37
10 85 9
10 86 82
10 87 63
10 89 87
10 92 55
10 94 22
10 95 14
10 96 43
10 97 22
10 98 94
11 0 21
11 1 100
11 3 3
11 6 85
11 7 3
11 8 60
11 10 44
11 13 44
11 14 39
11 15 82
11 16 41
11 17 73
11 18 43
11 19 1
11 20 95
11 21 15
11 22 21
11 23 98
11 25 70
11 26 46
11 27 93
11 28 2
11 29 29
11 30 99
11 31 52
11 32 30
11 33 7
11 36 49
11 37 46
11 38 45
11 39 76
11 40 26
11 42 61
11 43 78
11 44 76
11 45 82
11 46 22
11 48 20
11 49 70
11 50 32
11 51 8
11 52 86
11 53 61
11 56 57
11 60 9
11 61 100
11 64 19
11 65 21
11 67 23
11 69 22
11 70 15
11 71 53
11 73 5
11 74 88
11 77 37
11 80 78
11 82 40
11 83 31
11 85 76
11 86 84
11 87 68
11 89 27
11 90 83
11 92 62
11 93 30
11 95 98
11 97 93
12 1 29
12 3 65
12 4 43
12 5 57
12 6 38
12 7 51
12 8 97
12 9 31
12 13 53
12 14 19
12 16 65
12 17 96
12 18 53
12 19 72
12 21 50
12 22 94
12 23 86
12 24 58
12 25 50
12 26 51
12 27 57
12 29 73
12 30 10
12 32 1
12 33 75
12 35 73
12 36 97
12 38 25
12 39 25
12 40 73
12 42 71
12 43 7
12 46 17
12 47 8
12 48 57
12 51 9
12 52 40
12 58 4
12 61 63
12 62 76
12 63 64
12 65 95
12 66 15
12 68 5
12 70 25
12 72 85
12 73 61
12 74 21
12 75 26
12 76 90
12 78 33
12 79 84
12 80 46
12 82 67
12 83 22
12 84 29
12 85 56
12 86 3
12 89 25
12 90 64
12 92 20
12 93 77
12 94 11
12 95 61
12 96 39
12 97 98
12 98 100
13 1 47
13 3 55
13 4 96
13 8 38
13 9 90
13 10 25
13 11 29
13 14 8
13 15 72
13 16 85
13 18 54
13 19 56
13 21 54
13 22 74
13 23 2
13 24 94
13 26 55
13 27 21
13 28 22
13 29 39
13 30 60
13 32 79
13 34 27
13 35 80
13 37 95
13 38 95
13 39 80
13 42 42
13 43 51
13 44 97
13 45 5
13 46 75
13 47 54
13 48 75
13 49 80
13 50 75
13 51 86
13 52 28
13 57 37
13 58 45
13 60 21
13 61 21
13 62 37
13 63 97
13 64 84
13 65 75
13 66 92
13 69 30
13 70 19
13 71 49
13 75 49
13 76 74
13 77 55
13 79 30
13 81 51
13 83 22
13 84 34
13 85 14
13 86 56
13 87 77
13 88 1
13 89 2
13 90 52
13 91 31
13 92 46
13 94 80
13 97 44
13 98 2
14 0 59
14 1 83
14 2 8
14 3 64
14 4 22
14 5 82
14 6 28
14 7 14
14 9 23
14 13 40
14 15 52
14 16 34
14 17 5
14 18 36
14 19 24
14 23 81
14 24 59
14 25 100
14 26 18
14 28 70
14 30 91
14 31 56
14 32 35
14 33 30
14 34 31
14 35 64
14 36 96
14 37 26
14 38 30
14 40 91
14 41 19
14 42 4
14 43 40
14 44 63
14 45 50
14 46 20
14 47 85
14 48 27
14 49 72
14 50 20
14 51 9
14 52 54
14 53 25
14 55 26
14 56 80
14 57 46
14 60 55
14 62 67
14 63 70
14 64 83
14 65 95
14 66 86
14 67 9
14 68 90
14 69 44
14 70 13
14 71 6
14 72 89
14 73 79
14 74 36
14 77 30
14 79 20
14 80 16
14 81 93
14 82 85
14 83 66
14 85 26
14 86 7
14 88 47
14 89 63
14 90 57
14 91 78
14 93 20
14 94 65
14 95 3
14 96 32
14 99 16
15 1 56
15 2 58
15 3 32
15 4 8
15 5 18
15 9 1
15 10 97
15 12 7
15 14 70
15 16 97
15 19 50
15 20 8
15 21 66
15 22 42
15 23 2
15 24 18
15 26 88
15 29 53
15 30 49
15 31 74
15 32 67
15 34 20
15 37 65
15 38 28
15 39 12
15 40 84
15 42 52
15 44 80
15 45 6
15 46 97
15 48 9
15 49 76
15 50 51
15 52 3
15 53 70
15 55 20
15 57 48
15 58 12
15 60 73
15 61 92
15 62 53
15 63 25
15 64 42
15 65 31
15 66 20
15 68 64
15 69 65
15 70 26
15 71 20
15 74 75
15 75 98
15 76 43
15 77 83
15 78 31
15 81 79
15 83 39
15 84 5
15 85 21
15 86 83
15 88 22
15 89 94
15 90 64
15 91 42
15 94 52
15 96 13
15 98 64
15 99 59
16 0 84
16 1 69
16 2 97
16 3 91
16 4 94
16 6 12
16 9 49
16 10 98
16 13 33
16 14 97
16 15 80
16 17 10
16 18 87
16 19 30
16 20 11
16 21 79
16 22 9
16 24 20
16 27 19
16 29 61
16 30 4
16 32 68
16 33 81
16 34 26
16 35 8
16 36 4
16 37 30
16 40 13
16 42 22
16 43 78
16 44 60
16 45 10
16 46 52
16 47 83
16 49 77
16 51 25
16 53 62
16 55 72
16 56 42
16 57 59
16 60 14
16 61 63
16 63 98
16 65 52
16 66 4
16 68 63
16 70 92
16 72 53
16 73 27
16 74 99
16 76 6
16 77 24
16 78 2
16 79 8
16 80 79
16 81 3
16 82 76
16 83 78
16 84 39
16 85 33
16 86 76
16 87 39
16 88 9
16 90 65
16 91 9
16 92 76
16 93 42
16 94 1
16 95 36
16 96 78
16 97 79
16 98 67
17 0 14
17 1 68
17 2 15
17 3 96
17 4 42
17 5 7
17 6 4
17 7 48
17 8 50
17 12 94
17 13 77
17 14 94
17 16 98
17 18 13
17 19 13
17 20 60
17 21 62
17 24 7
17 25 89
17 26 33
17 27 47
17 28 72
17 31 32
17 32 1
17 33 8
17 34 70
17 35 19
17 36 80
17 37 59
17 38 72
17 40 38
17 41 100
17 42 93
17 43 67
17 44 60
17 45 54
17 46 75
17 47 1
17 48 83
17 49 47
17 51 19
17 52 33
17 53 55
17 55 28
17 56 28
17 58 13
17 60 59
17 61 67
17 62 5
17 64 5
17 65 96
17 68 62
17 69 67
17 70 98
17 72 83
17 73 86
17 74 59
17 75 17
17 76 61
17 77 8
17 78 91
17 79 70
17 82 71
17 83 69
17 84 68
17 85 7
17 87 58
17 88 79
17 92 56
17 93 73
17 95 13
17 98 53
17 99 53
18 0 66
18 1 17
18 2 19
18 3 65
18 4 19
18 7 90
18 10 44
18 11 91
18 13 37
18 14 49
18 15 61
18 16 83
18 19 22
18 20 60
18 21 36
18 22 4
18 24 29
18 26 36
18 27 35
18 28 3
18 29 98
18 30 17
18 31 81
18 33 25
18 34 11
18 35 33
18 36 85
18 37 92
18 38 20
18 39 17
18 40 62
18 41 13
18 42 23
18 43 92
18 44 67
18 46 80
18 48 38
18 49 91
18 50 62
18 52 5
18 53 32
18 55 100
18 57 88
18 58 85
18 61 41
18 62 87
18 63 32
18 64 16
18 65 1
18 66 60
18 67 38
18 68 76
18 69 31
18 70 24
18 72 24
18 75 68
18 76 88
18 77 38
18 78 76
18 80 99
18 81 4
18 82 5
18 83 84
18 84 56
18 85 70
18 86 62
18 87 74
18 90 86
18 91 84
18 92 38
18 93 40
18 94 47
18 96 41
18 98 34
19 2 56
19 4 73
19 5 43
19 6 35
19 9 3
19 10 64
19 11 95
19 12 21
19 14 34
19 17 42
19 18 14
19 21 99
19 22 57
19 23 54
19 24 14
19 25 84
19 26 4
19 28 78
19 29 65
19 31 65
19 36 10
19 37 38
19 38 6
19 40 46
19 41 79
19 42 41
19 44 96
19 46 37
19 47 43
19 48 24
19 52 63
19 53 10
19 55 68
19 58 26
19 60 60
19 62 19
19 63 34
19 64 15
19 65 6
19 70 93
19 71 54
19 72 89
19 73 16
19 76 47
19 77 76
19 78 2
19 80 11
19 81 95
19 82 7
19 83 86
19 84 70
19 85 45
19 86 69
19 93 43
19 94 8
19 96 38
19 97 19
19 98 1
20 0 91
20 2 71
20 3 94
20 5 84
20 6 72
20 7 76
20 8 100
20 9 67
20 10 81
20 11 1
20 12 18
20 13 28
20 14 97
20 15 84
20 16 51
20 17 34
20 19 16
20 21 22
20 22 80
20 23 68
20 24 6
20 25 48
20 26 20
20 27 13
20 29 13
20 30 92
20 32 71
20 33 49
20 34 31
20 35 84
20 37 23
20 38 35
20 39 51
20 40 87
20 42 98
20 44 16
20 46 85
20 47 23
20 48 62
20 51 11
20 52 52
20 53 100
20 55 2
20 56 29
20 57 74
20 60 78
20 62 42
20 65 70
20 68 87
20 69 58
20 72 28
20 75 97
20 76 51
20 77 36
20 78 71
20 79 51
20 80 93
20 81 27
20 84 79
20 85 51
20 87 9
20 90 2
20 93 1
20 94 87
20 96 25
20 97 49
20 98 80
21 0 26
21 1 27
21 2 19
21 3 13
21 4 49
21 7 32
21 8 23
21 9 51
21 10 52
21 11 69
21 12 32
21 14 49
21 15 19
21 16 24
21 17 11
21 19 30
21 20 96
21 24 74
21 26 30
21 27 57
21 28 36
21 29 52
21 31 7
21 32 18
21 33 42
21 35 28
21 38 63
21 39 90
21 40 79
21 44 24
21 45 69
21 47 11
21 48 13
21 49 74
21 50 34
21 53 35
21 55 31
21 56 64
21 57 70
21 58 74
21 60 2
21 62 63
21 63 13
21 64 40
21 65 11
21 66 20
21 67 20
21 68 98
21 69 40
21 70 55
21 71 51
21 73 10
21 74 56
21 75 46
21 76 44
21 78 73
21 79 41
21 81 34
21 82 70
21 83 95
21 84 38
21 85 62
21 86 69
21 87 37
21 89 15
21 90 55
21 91 99
21 92 43
21 93 23
21 94 56
21 96 64
21 97 80
21 98 67
22 0 22
22 1 65
22 2 23
22 4 85
22 8 100
22 9 75
22 10 81
22 11 40
22 12 100
22 13 85
22 14 42
22 15 80
22 16 100
22 19 81
22 20 49
22 23 19
22 24 6
22 25 22
22 26 92
22 28 14
22 29 26
22 30 40
22 31 33
22 32 39
22 33 8
22 35 47
22 36 58
22 37 92
22 38 18
22 39 17
22 40 45
22 42 97
22 43 21
22 44 10
22 45 42
22 46 78
22 47 86
22 48 62
22 50 59
22 51 70
22 52 93
22 53 11
22 55 55
22 56 2
22 57 82
22 58 17
22 60 14
22 61 15
22 63 91
22 64 85
22 65 17
22 67 67
22 68 9
22 71 8
22 73 81
22 75 25
22 76 8
22 77 16
22 81 33
22 82 30
22 83 44
22 84 3
22 86 34
22 87 6
22 88 6
22 89 36
22 90 50
22 92 3
22 95 26
22 97 61
22 99 83
23 0 47
23 1 67
23 4 86
23 7 24
23 8 30
23 9 67
23 10 16
23 11 18
23 12 95
23 13 59
23 14 95
23 15 81
23 17 21
23 19 66
23 24 38
23 25 31
23 26 56
23 29 86
23 30 66
23 32 69
23 34 57
23 39 43
23 40 48
23 41 56
23 42 49
23 43 97
23 44 20
23 45 90
23 46 56
23 47 41
23 51 2
23 55 82
23 57 39
23 60 98
23 61 13
23 62 82
23 63 84
23 65 25
23 66 99
23 67 23
23 68 65
23 69 87
23 71 49
23 72 91
23 73 4
23 74 62
23 76 20
23 77 36
23 78 53
23 79 93
23 80 10
23 82 87
23 83 62
23 84 23
23 85 68
23 89 20
23 91 83
23 93 9
23 94 42
23 95 65
23 96 23
23 97 53
23 98 95
23 99 50
24 0 40
24 1 88
24 3 100
24 4 8
24 5 46
24 6 95
24 7 68
24 8 49
24 9 22
24 11 8
24 14 36
24 18 47
24 19 7
24 20 15
24 21 54
24 22 4
24 23 78
24 27 17
24 28 57
24 30 91
24 31 76
24 32 59
24 33 27
24 35 19
24 37 91
24 38 48
24 39 46
24 40 12
24 41 7
24 42 5
24 43 13
24 45 69
24 46 25
24 47 86
24 48 29
24 49 86
24 50 46
24 51 19
24 52 11
24 53 8
24 55 19
24 58 40
24 60 7
24 63 1
24 64 62
24 65 49
24 66 78
24 70 91
24 71 9
24 73 35
24 74 78
24 75 27
24 77 33
24 78 64
24 80 2
24 81 24
24 82 57
24 84 53
24 85 11
24 86 27
24 87 12
24 88 5
24 89 100
24 90 36
24 92 8
24 94 14
24 96 83
24 97 17
24 98 14
25 0 97
25 1 6
25 2 64
25 4 6
25 5 6
25 6 39
25 7 62
25 8 43
25 9 35
25 10 69
25 11 47
25 13 76
25 14 49
25 18 28
25 19 17
25 20 12
25 21 44
25 22 98
25 23 90
25 26 92
25 27 35
25 28 52
25 29 60
25 30 45
25 33 12
25 35 40
25 36 87
25 37 47
25 38 8
25 39 68
25 40 69
25 41 66
25 42 64
25 44 48
25 45 25
25 47 54
25 49 9
25 51 19
25 52 87
25 53 29
25 55 64
25 56 48
25 57 54
25 58 84
25 60 2
25 61 61
25 62 82
25 64 39
25 66 82
25 68 45
25 69 77
25 70 93
25 71 50
25 72 90
25 73 19
25 76 76
25 78 27
25 80 70
25 81 15
25 82 40
25 83 99
25 84 60
25 86 80
25 87 24
25 90 10
25 91 79
25 92 65
25 96 62
25 97 91
25 99 66
26 3 27
26 4 33
26 5 5
26 6 10
26 7 66
26 8 41
26 9 27
26 10 4
26 11 8
26 14 70
26 15 89
26 16 33
26 18 85
26 19 89
26 21 75
26 23 83
26 24 15
26 28 39
26 29 44
26 31 52
26 32 24
26 36 47
26 37 4
26 38 98
26 40 65
26 43 81
26 44 89
26 45 55
26 47 51
26 49 97
26 50 82
26 52 57
26 53 73
26 55 49
26 56 49
26 57 99
26 58 46
26 61 65
26 62 5
26 63 89
26 66 23
26 69 80
26 70 67
26 71 57
26 72 26
26 75 2
26 76 71
26 77 93
26 78 81
26 79 27
26 80 24
26 82 100
26 85 80
26 86 69
26 87 44
26 88 70
26 89 90
26 90 97
26 92 54
26 94 98
26 95 65
26 96 76
26 97 91
26 98 20
27 0 18
27 1 24
27 2 29
27 3 69
27 5 28
27 7 47
27 8 32
27 9 75
27 10 64
27 11 57
27 13 57
27 15 20
27 16 67
27 21 61
27 22 4
27 23 54
27 26 53
27 28 93
27 30 29
27 31 58
27 33 94
27 35 95
27 38 49
27 39 96
27 40 21
27 41 54
27 42 92
27 44 52
27 47 78
27 48 35
27 49 27
27 50 7
27 51 57
27 52 49
27 56 58
27 57 40
27 60 5
27 63 46
27 65 39
27 66 62
27 68 89
27 69 34
27 72 94
27 73 13
27 76 82
27 78 35
27 80 7
27 82 75
27 83 66
27 84 41
27 85 96
27 86 62
27 87 7
27 88 14
27 90 70
27 91 29
27 92 91
27 93 39
27 95 65
27 98 44
27 99 61
28 1 4
28 2 60
28 3 46
28 4 9
28 6 29
28 7 66
28 8 77
28 9 59
28 13 88
28 14 77
28 15 55
28 16 33
28 17 89
28 18 32
28 21 1
28 24 33
28 26 41
28 27 51
28 29 61
28 31 3
28 32 47
28 33 30
28 34 32
28 36 12
28 38 38
28 39 1
28 41 74
28 42 96
28 44 97
28 45 93
28 47 22
28 48 50
28 49 21
28 50 20
28 51 91
28 52 15
28 56 41
28 57 6
28 58 50
28 60 45
28 61 23
28 62 75
28 63 22
28 64 25
28 65 57
28 66 27
28 67 98
28 68 31
28 70 1
28 73 98
28 74 53
28 75 63
28 76 14
28 77 84
28 78 11
28 79 91
28 80 69
28 81 11
28 82 77
28 83 46
28 84 53
28 85 85
28 86 93
28 88 6
28 89 11
28 90 44
28 91 46
28 92 93
28 93 2
28 96 63
28 97 98
28 98 97
28 99 89
29 1 32
29 2 64
29 3 20
29 4 20
29 5 9
29 7 17
29 9 39
29 10 51
29 12 18
29 13 24
29 16 34
29 17 22
29 18 18
29 19 21
29 23 3
29 24 55
29 25 53
29 26 3
29 27 97
29 28 1
29 30 21
29 31 49
29 32 89
29 34 16
29 37 62
29 41 12
29 42 26
29 45 16
29 46 57
29 47 43
29 48 64
29 49 96
29 50 57
29 55 100
29 56 47
29 57 12
29 58 64
29 61 62
29 62 54
29 63 27
29 64 93
29 68 20
29 70 70
29 71 51
29 72 69
29 73 10
29 74 64
29 76 64
29 79 40
29 81 70
29 82 94
29 85 70
29 86 56
29 88 97
29 89 2
29 90 1
29 91 48
29 94 22
29 96 11
29 98 43
29 99 60
30 0 42
30 3 27
30 4 35
30 6 38
30 7 48
30 8 74
30 9 20
30 10 40
30 11 7
30 12 91
30 14 44
30 15 43
30 16 25
30 17 22
30 18 59
30 19 56
30 20 81
30 24 41
30 25 77
30 26 40
30 29 91
30 33 69
30 35 100
30 36 93
30 37 61
30 38 83
30 39 48
30 40 47
30 41 92
30 42 26
30 43 100
30 44 71
30 45 14
30 48 26
30 49 5
30 50 8
30 51 91
30 52 24
30 56 18
30 57 58
30 58 68
30 60 40
30 65 23
30 66 76
30 67 1
30 68 43
30 69 20
30 71 1
30 72 13
30 73 82
30 76 84
30 77 84
30 79 74
30 80 94
30 81 100
30 84 85
30 85 13
30 86 59
30 91 69
30 92 14
30 93 90
30 94 69
30 96 88
30 98 8
31 0 73
31 2 58
31 3 22
31 4 15
31 7 14
31 8 73
31 9 90
31 10 23
31 11 63
31 12 20
31 13 7
31 14 21
31 16 39
31 18 20
31 19 29
31 20 21
31 22 12
31 23 98
31 24 76
31 30 86
31 33 66
31 34 33
31 36 71
31 37 27
31 39 11
31 40 11
31 41 10
31 42 18
31 43 92
31 44 74
31 46 66
31 47 99
31 49 75
31 50 30
31 51 85
31 52 96
31 55 86
31 56 67
31 57 96
31 58 45
31 60 64
31 61 76
31 62 45
31 63 76
31 64 9
31 65 33
31 67 90
31 69 91
31 71 67
31 72 19
31 73 56
31 74 7
31 76 74
31 77 6
31 78 24
31 79 6
31 80 78
31 81 70
31 82 84
31 83 2
31 84 96
31 85 12
31 88 55
31 89 37
31 90 13
31 91 22
31 94 4
31 95 15
31 96 12
31 97 15
31 98 5
31 99 25
32 0 57
32 1 30
32 3 98
32 4 11
32 5 67
32 6 86
32 8 26
32 9 37
32 10 8
32 11 75
32 12 18
32 14 3
32 15 57
32 16 5
32 17 63
32 18 96
32 19 84
32 20 24
32 21 100
32 22 46
32 23 56
32 24 7
32 25 34
32 27 3
32 28 49
32 30 82
32 31 98
32 33 75
32 35 27
32 36 84
32 38 36
32 39 45
32 40 92
32 42 97
32 43 22
32 44 33
32 45 16
32 46 42
32 47 97
32 48 76
32 50 5
32 52 93
32 55 39
32 56 77
32 57 48
32 58 63
32 61 68
32 62 13
32 63 14
32 65 100
32 66 53
32 67 75
32 71 67
32 72 39
32 73 82
32 76 60
32 77 85
32 78 41
32 81 69
32 82 12
32 84 71
32 85 24
32 88 75
32 90 87
32 91 76
32 92 62
32 94 76
32 99 82
33 0 72
33 1 93
33 2 2
33 3 32
33 4 63
33 6 57
33 7 45
33 8 60
33 9 52
33 13 20
33 14 70
33 17 100
33 19 11
33 20 48
33 23 2
33 25 55
33 26 1
33 27 67
33 28 24
33 29 22
33 30 2
33 31 84
33 32 16
33 37 27
33 38 70
33 40 30
33 41 56
33 42 35
33 43 36
33 45 55
33 46 59
33 48 78
33 49 35
33 51 35
33 52 89
33 53 54
33 55 76
33 56 88
33 57 28
33 60 13
33 63 35
33 64 17
33 65 20
33 66 60
33 68 48
33 69 77
33 70 27
33 71 33
33 73 91
33 74 57
33 75 3
33 76 62
33 77 2
33 78 79
33 79 94
33 80 72
33 81 32
33 82 48
33 83 26
33 84 82
33 86 62
33 90 9
33 91 37
33 92 29
33 93 9
33 94 25
33 95 91
33 96 40
33 99 81
34 0 40
34 1 70
34 2 59
34 3 84
34 4 11
34 5 61
34 7 25
34 8 45
34 10 84
34 11 88
34 13 18
34 16 85
34 17 5
34 18 56
34 20 72
34 22 85
34 23 84
34 24 83
34 26 76
34 27 78
34 28 85
34 30 1
34 35 26
34 37 43
34 38 17
34 41 46
34 42 17
34 43 28
34 45 23
34 47 82
34 48 58
34 49 82
34 51 64
34 52 59
34 53 48
34 55 84
34 56 9
34 57 94
34 68 33
34 69 97
34 70 29
34 72 91
34 73 84
34 74 75
34 75 99
34 76 8
34 77 96
34 78 23
34 79 38
34 80 52
34 83 12
34 86 96
34 87 32
34 88 78
34 89 83
34 92 10
34 93 23
34 95 75
34 96 40
34 98 1
34 99 95
35 1 43
35 2 72
35 3 38
35 5 45
35 6 5
35 7 18
35 8 40
35 10 12
35 13 54
35 14 79
35 15 40
35 16 77
35 17 70
35 19 28
35 21 82
35 22 46
35 23 50
35 24 55
35 25 18
35 27 70
35 28 24
35 29 71
35 31 99
35 32 86
35 34 72
35 36 68
35 37 87
35 38 18
35 39 47
35 42 68
35 43 38
35 45 98
35 47 41
35 48 84
35 52 68
35 55 24
35 56 72
35 57 43
35 58 37
35 60 76
35 61 9
35 62 78
35 64 75
35 65 20
35 66 30
35 67 69
35 68 31
35 69 80
35 70 50
35 71 13
35 73 66
35 74 10
35 75 93
35 76 25
35 78 49
35 80 80
35 83 80
35 84 78
35 86 58
35 87 71
35 88 67
35 90 79
35 91 63
35 92 7
35 93 98
35 95 29
35 96 6
35 97 100
35 98 22
36 0 24
36 6 90
36 7 31
36 8 54
36 9 54
36 10 44
36 12 67
36 13 92
36 16 1
36 17 89
36 18 61
36 19 100
36 21 85
36 23 59
36 24 30
36 27 60
36 28 95
36 29 32
36 30 3
36 31 82
36 32 2
36 33 73
36 34 95
36 35 57
36 37 9
36 38 38
36 39 11
36 40 6
36 41 39
36 43 92
36 44 17
36 45 28
36 46 13
36 47 88
36 49 66
36 51 66
36 53 72
36 55 45
36 57 22
36 58 60
36 60 79
36 61 53
36 62 82
36 63 73
36 64 8
36 65 97
36 67 57
36 68 64
36 69 69
36 70 80
36 72 59
36 73 77
36 76 59
36 77 17
36 78 87
36 82 80
36 83 53
36 85 98
36 86 15
36 88 51
36 90 47
36 91 70
36 92 63
36 94 70
36 95 55
36 96 55
36 98 24
37 0 11
37 1 41
37 3 47
37 4 6
37 5 52
37 6 61
37 7 91
37 8 70
37 10 2
37 11 94
37 14 55
37 16 26
37 17 22
37 18 23
37 19 70
37 21 52
37 22 52
37 23 73
37 24 14
37 26 48
37 27 93
37 29 4
37 31 80
37 33 35
37 35 16
37 36 23
37 39 4
37 40 12
37 41 53
37 42 20
37 43 79
37 44 3
37 45 52
37 47 99
37 48 36
37 49 49
37 50 36
37 55 12
37 57 79
37 58 24
37 61 82
37 62 60
37 63 38
37 64 81
37 66 81
37 67 99
37 69 77
37 70 86
37 72 77
37 73 70
37 74 40
37 76 44
37 77 99
37 79 83
37 80 22
37 81 74
37 84 37
37 86 16
37 87 55
37 88 91
37 89 54
37 90 91
37 91 28
37 94 34
37 95 75
37 96 7
37 97 43
37 98 90
37 99 3
38 0 29
38 2 69
38 5 55
38 6 24
38 7 14
38 9 38
38 11 54
38 12 36
38 15 99
38 16 74
38 17 73
38 18 1
38 20 77
38 22 34
38 23 60
38 25 37
38 26 20
38 27 79
38 28 93
38 29 16
38 30 89
38 31 67
38 32 21
38 33 37
38 36 95
38 37 43
38 39 39
38 41 25
38 42 12
38 44 90
38 46 29
38 47 91
38 51 6
38 53 56
38 58 71
38 60 87
38 61 7
38 62 27
38 63 61
38 64 68
38 65 18
38 66 10
38 67 59
38 68 64
38 70 80
38 71 56
38 72 86
38 73 68
38 75 96
38 80 5
38 81 32
38 82 37
38 84 75
38 86 5
38 87 100
38 88 86
38 89 63
38 90 36
38 91 1
38 92 32
38 93 64
38 94 1
38 95 51
38 96 41
38 99 38
39 9 89
39 10 57
39 11 53
39 12 65
39 13 92
39 14 77
39 15 4
39 16 27
39 17 28
39 18 64
39 19 6
39 21 37
39 23 63
39 24 57
39 25 24
39 26 61
39 27 18
39 29 62
39 30 83
39 31 78
39 32 27
39 34 28
39 36 74
39 38 96
39 40 93
39 41 42
39 43 3
39 44 13
39 45 18
39 46 94
39 47 24
39 49 35
39 50 95
39 51 42
39 52 45
39 53 42
39 56 66
39 57 66
39 58 90
39 60 1
39 62 65
39 63 21
39 65 51
39 66 57
39 68 40
39 69 91
39 70 97
39 71 13
39 73 68
39 74 94
39 75 53
39 76 28
39 77 17
39 79 24
39 80 78
39 81 5
39 82 56
39 83 50
39 84 80
39 85 36
39 86 87
39 88 58
39 90 9
39 91 17
39 92 58
39 93 99
39 94 11
39 96 75
39 97 49
39 98 15
39 99 39
40 0 6
40 3 7
40 4 5
40 6 62
40 7 94
40 12 75
40 14 21
40 15 70
40 16 83
40 19 89
40 20 86
40 23 37
40 24 39
40 25 86
40 26 67
40 28 76
40 29 75
40 30 19
40 33 55
40 34 47
40 35 42
40 41 93
40 42 3
40 44 39
40 45 83
40 46 78
40 48 65
40 50 93
40 52 45
40 56 75
40 57 60
40 58 100
40 61 56
40 63 85
40 65 56
40 66 31
40 67 39
40 68 85
40 69 82
40 70 75
40 71 37
40 72 42
40 74 87
40 75 90
40 76 19
40 77 11
40 78 18
40 80 47
40 81 74
40 83 89
40 85 69
40 88 61
40 89 90
40 90 3
40 91 95
40 93 68
40 95 38
40 96 77
40 97 67
40 98 11
40 99 80
41 1 68
41 3 92
41 4 22
41 6 100
41 7 89
41 8 11
41 9 47
41 10 6
41 11 78
41 12 66
41 13 70
41 14 52
41 16 96
41 17 94
41 19 67
41 20 10
41 21 98
41 22 86
41 23 92
41 24 68
41 25 49
41 28 6
41 29 27
41 31 79
41 32 8
41 33 92
41 35 44
41 37 44
41 38 46
41 39 49
41 40 30
41 43 57
41 44 5
41 45 1
41 46 93
41 47 77
41 49 97
41 50 7
41 51 35
41 52 1
41 53 16
41 56 80
41 58 71
41 61 80
41 62 26
41 63 17
41 66 48
41 68 58
41 70 47
41 71 3
41 72 26
41 73 2
41 74 12
41 76 34
41 77 68
41 78 18
41 79 75
41 84 59
41 86 15
41 87 5
41 88 72
41 91 13
41 93 4
41 98 1
41 99 51
42 0 34
42 2 69
42 3 34
42 4 34
42 5 92
42 7 44
42 8 27
42 9 37
42 11 24
42 15 4
42 19 34
42 20 34
42 22 22
42 24 63
42 25 48
42 27 70
42 28 51
42 29 55
42 30 96
42 31 82
42 32 70
42 36 52
42 37 89
42 38 30
42 39 16
42 41 42
42 43 11
42 44 16
42 45 53
42 46 29
42 48 61
42 49 99
42 53 68
42 56 40
42 58 61
42 60 7
42 61 15
42 62 43
42 65 92
42 66 89
42 67 34
42 69 72
42 70 43
42 72 78
42 73 98
42 76 27
42 77 72
42 78 77
42 79 45
42 80 39
42 85 78
42 86 84
42 87 64
42 88 100
42 90 4
42 92 67
42 94 99
42 95 41
42 96 82
42 99 57
43 1 33
43 5 46
43 6 81
43 9 10
43 10 39
43 14 93
43 15 36
43 16 28
43 17 4
43 18 57
43 19 4
43 23 41
43 26 67
43 27 14
43 28 39
43 30 75
43 31 31
43 32 17
43 33 96
43 35 77
43 36 17
43 37 89
43 38 45
43 40 24
43 41 10
43 42 8
43 44 33
43 45 12
43 46 6
43 50 17
43 51 75
43 52 14
43 55 16
43 56 38
43 57 37
43 58 91
43 60 37
43 62 33
43 64 67
43 65 82
43 68 41
43 70 76
43 71 40
43 73 80
43 74 68
43 75 72
43 77 97
43 78 79
43 80 44
43 81 68
43 82 39
43 85 48
43 87 70
43 88 87
43 89 97
43 90 93
43 91 72
43 94 79
43 95 66
43 96 3
43 97 99
43 98 30
44 1 17
44 2 57
44 3 40
44 4 50
44 5 29
44 7 65
44 10 77
44 11 40
44 14 43
44 15 82
44 17 46
44 18 86
44 19 53
44 20 63
44 24 100
44 27 16
44 29 71
44 34 5
44 38 7
44 39 49
44 43 31
44 46 30
44 49 15
44 50 11
44 51 29
44 52 40
44 53 91
44 55 26
44 56 31
44 58 45
44 60 27
44 62 81
44 63 41
44 64 55
44 65 67
44 67 21
44 68 36
44 69 57
44 70 77
44 71 25
44 72 68
44 73 91
44 76 44
44 78 40
44 79 25
44 80 65
44 81 26
44 82 31
44 83 96
44 86 36
44 89 10
44 93 35
44 95 19
44 96 87
44 97 47
44 98 33
44 99 7
45 0 51
45 1 28
45 7 91
45 8 37
45 9 81
45 11 84
45 12 25
45 13 54
45 14 1
45 15 60
45 16 1
45 23 39
45 24 74
45 25 19
45 26 40
45 27 7
45 28 19
45 29 66
45 30 39
45 31 51
45 33 23
45 34 84
45 35 76
45 36 90
45 37 36
45 38 79
45 40 62
45 41 17
45 42 1
45 43 15
45 44 9
45 46 76
45 48 98
45 49 36
45 50 72
45 51 25
45 52 35
45 53 46
45 56 2
45 57 31
45 58 74
45 60 23
45 62 28
45 63 34
45 64 92
45 65 77
45 66 82
45 67 5
45 68 9
45 70 83
45 72 2
45 73 29
45 76 28
45 78 7
45 80 99
45 81 89
45 83 20
45 84 14
45 85 88
45 87 41
45 88 82
45 89 17
45 92 97
45 93 95
45 94 17
45 96 78
45 99 61
46 0 12
46 1 90
46 2 73
46 3 35
46 4 74
46 5 49
46 6 94
46 8 54
46 9 39
46 12 13
46 14 29
46 15 47
46 16 4
46 17 13
46 18 40
46 19 96
46 20 10
46 21 22
46 22 43
46 23 96
46 24 44
46 26 23
46 27 67
46 28 47
46 30 68
46 31 8
46 32 63
46 33 9
46 34 94
46 38 26
46 39 37
46 40 1
46 41 25
46 42 5
46 43 93
46 44 57
46 45 6
46 47 86
46 49 55
46 50 51
46 52 28
46 53 89
46 56 89
46 57 23
46 61 79
46 62 79
46 63 2
46 65 95
46 66 44
46 68 89
46 69 27
46 72 92
46 74 97
46 75 37
46 76 65
46 78 38
46 79 12
46 80 70
46 81 35
46 82 3
46 84 82
46 89 27
46 90 88
46 91 33
46 93 76
46 96 44
46 97 55
46 98 39
47 0 83
47 1 74
47 2 68
47 3 71
47 7 76
47 8 86
47 9 79
47 10 87
47 11 88
47 12 15
47 13 63
47 15 55
47 16 98
47 17 31
47 18 54
47 19 43
47 20 7
47 21 32
47 22 68
47 24 20
47 26 76
47 27 31
47 28 91
47 29 46
47 30 78
47 31 50
47 32 25
47 34 28
47 35 27
47 36 77
47 39 96
47 41 90
47 42 78
47 45 85
47 46 77
47 48 72
47 49 82
47 51 29
47 52 15
47 53 63
47 55 76
47 56 69
47 60 25
47 61 72
47 62 99
47 63 61
47 64 44
47 67 15
47 69 5
47 73 91
47 74 8
47 75 22
47 76 1
47 77 67
47 80 48
47 81 29
47 82 19
47 83 21
47 84 53
47 85 13
47 86 46
47 88 82
47 89 69
47 90 60
47 93 87
47 94 46
47 95 43
47 96 49
47 99 79
48 1 86
48 2 76
48 3 76
48 4 50
48 5 41
48 7 12
48 8 82
48 9 79
48 10 70
48 11 27
48 15 41
48 18 90
48 19 83
48 20 42
48 21 77
48 22 13
48 23 32
48 25 32
48 28 18
48 30 76
48 32 81
48 35 65
48 37 65
48 39 92
48 40 49
48 42 98
48 43 94
48 44 81
48 46 77
48 47 67
48 49 22
48 50 24
48 51 73
48 55 71
48 56 19
48 60 3
48 61 41
48 63 70
48 66 18
48 67 86
48 68 96
48 69 14
48 70 29
48 71 72
48 73 5
48 74 31
48 76 79
48 77 91
48 78 35
48 80 87
48 81 28
48 82 6
48 85 98
48 88 49
48 89 61
48 90 21
48 91 39
48 92 49
48 94 73
48 95 70
48 99 18
49 0 72
49 2 99
49 4 88
49 5 42
49 7 68
49 8 81
49 9 33
49 10 34
49 11 70
49 12 11
49 13 78
49 14 78
49 15 64
49 16 54
49 17 55
49 18 42
49 20 35
49 21 37
49 22 44
49 23 97
49 24 38
49 25 16
49 27 93
49 28 60
49 29 53
49 30 45
49 33 78
49 35 63
49 36 98
49 38 84
49 39 86
49 40 46
49 41 28
49 47 67
49 48 60
49 50 19
49 51 49
49 53 46
49 56 64
49 57 40
49 58 94
49 60 95
49 61 19
49 63 72
49 64 66
49 66 54
49 67 5
49 68 25
49 69 47
49 70 21
49 72 19
49 73 10
49 74 15
49 76 48
49 77 52
49 78 28
49 80 24
49 81 86
49 82 94
49 83 22
49 85 65
49 86 23
49 88 42
49 89 5
49 90 33
49 93 65
49 94 47
49 95 28
49 97 92
49 99 11
50 2 48
50 4 49
50 6 80
50 7 85
50 8 59
50 9 7
50 10 82
50 12 7
50 13 78
50 14 21
50 15 27
50 16 88
50 19 50
50 22 96
50 23 53
50 25 71
50 26 61
50 27 42
50 30 50
50 31 19
50 33 77
50 34 95
50 36 62
50 37 39
50 38 73
50 39 10
50 40 10
50 42 4
50 43 96
50 44 89
50 45 23
50 46 82
50 48 37
50 51 53
50 52 13
50 53 29
50 56 80
50 57 88
50 60 55
50 61 89
50 64 17
50 65 42
50 66 67
50 69 40
50 71 63
50 73 3
50 74 65
50 75 67
50 76 21
50 77 97
50 78 41
50 80 59
50 82 94
50 84 71
50 85 31
50 86 84
50 87 33
50 88 70
50 89 46
50 90 23
50 91 91
50 92 35
50 93 47
50 95 40
50 97 56
51 0 13
51 2 62
51 4 48
51 7 25
51 8 62
51 10 44
51 11 22
51 14 6
51 15 43
51 17 51
51 18 35
51 19 93
51 22 83
51 23 29
51 24 96
51 25 79
51 28 48
51 29 32
51 30 18
51 31 97
51 32 1
51 34 67
51 35 24
51 37 19
51 39 54
51 40 73
51 41 100
51 42 33
51 45 25
51 47 94
51 48 8
51 49 37
51 50 95
51 52 19
51 55 18
51 58 6
51 60 24
51 61 94
51 62 20
51 64 7
51 65 55
51 67 55
51 68 24
51 69 32
51 70 15
51 72 52
51 73 50
51 74 4
51 75 7
51 76 48
51 77 53
51 79 46
51 81 56
51 82 79
51 87 71
51 88 92
51 90 51
51 91 4
51 92 79
51 94 40
51 95 32
51 96 55
51 97 23
51 98 27
52 0 23
52 1 27
52 3 88
52 4 31
52 5 25
52 6 9
52 7 87
52 8 63
52 10 10
52 11 68
52 12 97
52 14 37
52 15 8
52 16 97
52 17 33
52 18 95
52 19 91
52 20 36
52 21 10
52 22 63
52 23 7
52 24 79
52 29 85
52 30 41
52 32 32
52 35 68
52 37 32
52 40 29
52 42 8
52 43 18
52 44 54
52 45 90
52 49 11
52 50 19
52 53 23
52 56 93
52 57 14
52 58 47
52 60 19
52 61 12
52 62 39
52 63 43
52 64 14
52 69 50
52 71 45
52 72 51
52 73 86
52 74 72
52 75 18
52 77 34
52 78 62
52 80 87
52 81 61
52 82 28
52 84 90
52 85 67
52 87 50
52 88 12
52 89 34
52 90 25
52 91 85
52 92 58
52 94 8
52 95 6
52 96 95
52 97 78
52 98 80
53 0 85
53 1 72
53 2 21
53 3 5
53 4 45
53 5 88
53 10 77
53 12 88
53 13 7
53 14 57
53 16 94
53 17 90
53 19 61
53 20 26
53 22 95
53 23 70
53 24 83
53 25 27
53 26 41
53 27 86
53 28 43
53 30 18
53 31 96
53 32 48
53 33 89
53 34 18
53 35 20
53 37 80
53 38 99
53 39 2
53 40 86
53 42 37
53 43 61
53 45 54
53 48 17
53 49 30
53 50 84
53 51 29
53 57 52
53 63 87
53 64 2
53 65 15
53 67 31
53 69 40
53 71 37
53 72 18
53 74 10
53 76 22
53 79 65
53 80 89
53 81 17
53 82 25
53 83 4
53 84 100
53 85 46
53 86 72
53 87 57
53 88 64
53 91 33
53 93 12
53 94 46
53 96 11
53 97 32
53 98 53
55 0 79
55 1 22
55 2 20
55 3 1
55 4 59
55 5 1
55 7 6
55 8 25
55 9 77
55 10 8
55 11 99
55 12 76
55 13 68
55 14 79
55 15 57
55 17 24
55 18 12
55 19 48
55 20 61
55 22 60
55 23 11
55 24 17
55 25 92
55 27 12
55 28 97
55 29 34
55 30 42
55 31 2
55 32 13
55 33 87
55 34 56
55 35 31
55 37 84
55 39 22
55 40 2
55 41 37
55 44 21
55 48 35
55 49 46
55 50 37
55 51 2
55 53 36
55 56 69
55 57 47
55 58 44
55 60 70
55 64 56
55 66 83
55 72 58
55 73 25
55 74 98
55 75 100
55 76 98
55 78 36
55 79 88
55 82 27
55 84 82
55 85 66
55 86 50
55 87 80
55 88 83
55 91 27
55 92 28
55 94 3
55 95 13
55 97 9
55 99 39
56 0 64
56 2 23
56 4 17
56 5 93
56 8 15
56 11 5
56 12 12
56 13 34
56 15 2
56 16 22
56 17 52
56 18 11
56 19 41
56 20 30
56 21 41
56 22 66
56 23 32
56 24 68
56 26 92
56 27 67
56 28 51
56 29 61
56 30 45
56 31 36
56 32 37
56 33 90
56 34 14
56 35 100
56 37 92
56 38 70
56 39 60
56 40 29
56 42 34
56 43 42
56 45 48
56 46 16
56 47 29
56 48 34
56 52 56
56 57 58
56 58 29
56 60 68
56 61 17
56 62 5
56 63 47
56 65 37
56 66 62
56 68 35
56 69 45
56 70 68
56 71 80
56 73 15
56 75 42
56 78 48
56 79 73
56 81 20
56 82 6
56 84 66
56 86 68
56 87 22
56 88 54
56 89 70
56 91 60
56 92 59
56 94 76
56 97 35
56 98 26
56 99 94
57 0 95
57 2 10
57 3 90
57 5 35
57 6 41
57 8 82
57 9 60
57 10 7
57 11 56
57 12 5
57 13 63
57 14 25
57 15 27
57 16 34
57 17 29
57 18 88
57 19 89
57 21 10
57 22 41
57 23 50
57 25 19
57 26 1
57 29 38
57 30 45
57 31 56
57 32 6
57 33 85
57 34 56
57 36 65
57 38 65
57 39 76
57 40 27
57 41 30
57 44 51
57 45 35
57 47 78
57 48 14
57 49 22
57 50 30
57 51 56
57 52 27
57 53 49
57 55 83
57 56 18
57 58 73
57 60 23
57 61 42
57 63 20
57 64 81
57 65 99
57 66 57
57 67 49
57 68 32
57 69 89
57 70 96
57 71 27
57 73 17
57 74 88
57 75 51
57 78 11
57 79 81
57 81 100
57 82 35
57 83 30
57 84 92
57 86 56
57 87 16
57 89 66
57 90 91
57 91 94
57 92 94
57 93 95
57 94 93
57 97 62
57 98 41
58 0 73
58 1 47
58 2 3
58 4 34
58 5 24
58 7 53
58 8 96
58 9 10
58 10 98
58 12 77
58 13 73
58 14 88
58 16 22
58 17 11
58 18 9
58 19 86
58 21 4
58 22 95
58 24 44
58 25 51
58 26 48
58 27 56
58 28 48
58 30 9
58 31 40
58 33 86
58 34 16
58 35 30
58 36 2
58 37 94
58 38 41
58 39 34
58 40 61
58 42 26
58 43 18
58 44 69
58 45 44
58 47 63
58 48 89
58 49 51
58 50 80
58 52 79
58 53 94
58 55 38
58 57 78
58 60 11
58 61 35
58 62 40
58 63 87
58 69 17
58 70 2
58 71 97
58 73 5
58 74 50
58 75 90
58 76 27
58 78 72
58 80 49
58 81 98
58 82 64
58 88 86
58 90 70
58 91 46
58 92 72
58 93 15
58 94 11
58 95 68
58 97 1
58 99 38
60 1 97
60 3 2
60 4 61
60 5 15
60 6 100
60 7 94
60 8 59
60 9 44
60 10 74
60 12 38
60 13 70
60 14 77
60 15 74
60 16 49
60 17 94
60 18 86
60 19 16
60 20 91
60 21 92
60 22 72
60 25 98
60 26 16
60 27 58
60 29 37
60 30 49
60 32 10
60 33 27
60 34 39
60 35 59
60 36 24
60 40 52
60 41 73
60 42 45
60 43 15
60 44 77
60 45 65
60 47 71
60 49 71
60 50 54
60 51 99
60 55 93
60 57 53
60 58 77
60 61 6
60 63 83
60 64 77
60 65 39
60 66 55
60 67 6
60 68 48
60 69 43
60 70 95
60 71 29
60 72 97
60 73 78
60 74 1
60 75 84
60 76 32
60 77 26
60 78 64
60 79 37
60 80 37
60 81 62
60 83 14
60 86 21
60 87 6
60 88 93
60 89 37
60 91 23
60 92 77
60 94 27
60 96 32
60 97 78
60 98 72
61 1 76
61 2 19
61 3 12
61 4 32
61 6 93
61 7 98
61 8 80
61 9 45
61 10 84
61 11 43
61 12 52
61 13 80
61 14 60
61 15 52
61 17 82
61 18 97
61 22 36
61 23 91
61 25 34
61 26 62
61 27 61
61 28 15
61 29 28
61 30 21
61 32 6
61 35 85
61 36 98
61 37 62
61 39 87
61 40 11
61 42 21
61 44 70
61 45 40
61 49 45
61 50 11
61 51 73
61 52 67
61 53 76
61 55 28
61 56 21
61 57 91
61 58 59
61 60 51
61 62 86
61 63 16
61 64 69
61 65 14
61 66 96
61 67 71
61 69 41
61 70 65
61 72 71
61 74 50
61 75 45
61 76 95
61 79 21
61 83 82
61 84 47
61 85 24
61 86 74
61 89 93
61 90 63
61 91 97
61 92 23
61 93 91
61 94 48
61 95 5
61 96 28
61 97 85
61 98 24
61 99 84
62 1 18
62 2 64
62 3 90
62 4 41
62 5 88
62 7 78
62 9 44
62 10 59
62 11 62
62 13 26
62 15 21
62 17 57
62 18 31
62 19 39
62 20 90
62 21 19
62 24 19
62 25 41
62 26 91
62 28 97
62 29 7
62 30 19
62 31 15
62 32 10
62 34 2
62 35 23
62 36 66
62 38 22
62 40 73
62 41 17
62 43 11
62 44 96
62 45 65
62 46 40
62 48 33
62 49 40
62 50 66
62 51 97
62 52 40
62 53 90
62 55 91
62 60 50
62 61 34
62 64 79
62 65 7
62 66 14
62 68 67
62 69 89
62 70 8
62 71 2
62 72 72
62 73 12
62 74 11
62 75 37
62 76 43
62 77 38
62 78 86
62 79 100
62 80 68
62 81 87
62 82 46
62 83 99
62 84 66
62 85 17
62 86 93
62 88 91
62 90 43
62 91 43
62 92 3
62 93 67
62 94 28
62 95 12
62 96 52
63 0 33
63 1 65
63 2 5
63 3 4
63 5 45
63 8 19
63 9 61
63 11 34
63 15 35
63 17 9
63 18 6
63 19 18
63 20 22
63 21 48
63 22 5
63 24 56
63 27 81
63 28 73
63 29 48
63 30 79
63 32 47
63 33 15
63 34 63
63 35 12
63 37 16
63 38 53
63 40 15
63 41 41
63 42 51
63 43 46
63 44 69
63 45 69
63 47 99
63 48 21
63 49 30
63 51 97
63 55 31
63 56 36
63 57 5
63 58 12
63 60 29
63 61 64
63 62 84
63 64 62
63 65 78
63 67 50
63 69 25
63 71 97
63 72 89
63 73 89
63 74 46
63 76 47
63 77 93
63 79 99
63 80 55
63 82 54
63 83 64
63 84 10
63 85 77
63 86 97
63 87 56
63 88 86
63 90 87
63 92 55
63 93 3
63 94 32
63 95 38
63 96 75
63 97 54
63 98 47
64 0 41
64 2 15
64 3 17
64 4 22
64 5 40
64 7 95
64 8 18
64 9 95
64 10 91
64 11 85
64 17 96
64 19 69
64 20 89
64 22 65
64 23 32
64 24 55
64 26 56
64 27 53
64 28 68
64 29 47
64 33 2
64 34 9
64 36 85
64 37 17
64 40 68
64 41 62
64 43 11
64 44 81
64 47 53
64 49 40
64 50 64
64 51 23
64 52 84
64 53 42
64 56 98
64 58 58
64 63 30
64 65 55
64 67 14
64 68 71
64 69 50
64 72 53
64 73 18
64 74 12
64 76 2
64 78 16
64 80 92
64 81 42
64 84 42
64 85 8
64 86 91
64 87 41
64 88 33
64 90 94
64 93 59
64 95 53
64 96 20
64 97 45
64 98 81
64 99 13
65 0 92
65 1 86
65 2 46
65 4 80
65 5 43
65 7 24
65 8 16
65 9 79
65 11 7
65 12 35
65 13 14
65 15 16
65 16 63
65 17 37
65 18 93
65 19 39
65 23 40
65 24 22
65 26 84
65 27 57
65 29 69
65 30 49
65 31 3
65 36 5
65 37 88
65 38 45
65 39 68
65 41 4
65 42 1
65 44 50
65 45 39
65 47 44
65 48 96
65 49 31
65 50 89
65 52 82
65 53 78
65 55 91
65 56 52
65 57 92
65 58 2
65 60 69
65 62 11
65 64 20
65 66 8
65 67 66
65 68 15
65 69 20
65 70 91
65 72 2
65 74 19
65 75 6
65 76 69
65 81 82
65 82 50
65 83 28
65 84 67
65 86 38
65 87 42
65 89 58
65 90 1
65 91 96
65 93 65
65 94 11
65 95 34
65 96 50
65 97 76
65 98 99
65 99 9
66 0 100
66 3 16
66 4 69
66 5 88
66 7 16
66 9 13
66 10 51
66 11 9
66 12 66
66 13 13
66 15 91
66 16 17
66 18 100
66 20 19
66 22 77
66 23 98
66 26 91
66 28 59
66 29 9
66 30 21
66 31 63
66 32 45
66 35 98
66 36 73
66 37 84
66 38 38
66 40 20
66 41 12
66 42 50
66 43 12
66 44 5
66 45 13
66 46 27
66 47 70
66 48 7
66 49 8
66 50 43
66 55 77
66 56 100
66 57 29
66 60 44
66 61 33
66 63 95
66 67 13
66 68 54
66 70 10
66 71 41
66 73 64
66 74 23
66 75 37
66 76 67
66 78 65
66 79 10
66 80 90
66 81 90
66 82 74
66 83 95
66 85 88
66 86 6
66 89 96
66 90 69
66 91 37
66 92 20
66 94 8
66 95 2
66 97 50
66 98 60
66 99 3
67 2 66
67 3 26
67 4 91
67 5 77
67 6 63
67 10 18
67 11 88
67 12 31
67 13 32
67 15 43
67 16 32
67 17 71
67 18 23
67 21 61
67 22 67
67 23 65
67 24 5
67 25 49
67 28 76
67 30 70
67 31 71
67 32 13
67 34 67
67 35 99
67 36 4
67 38 62
67 40 80
67 42 68
67 44 100
67 45 83
67 46 72
67 47 93
67 48 11
67 49 30
67 51 11
67 52 27
67 53 46
67 55 6
67 56 17
67 57 47
67 58 72
67 60 49
67 61 30
67 63 43
67 64 29
67 65 53
67 66 9
67 69 33
67 70 76
67 71 28
67 74 91
67 75 80
67 76 83
67 77 1
67 78 67
67 80 45
67 84 71
67 85 9
67 86 49
67 87 91
67 89 49
67 90 66
67 94 40
67 95 17
67 96 91
67 97 26
67 99 95
68 0 7
68 2 69
68 3 45
68 4 52
68 5 23
68 6 67
68 7 15
68 9 43
68 14 94
68 15 34
68 16 63
68 17 70
68 18 82
68 19 76
68 20 82
68 21 86
68 23 9
68 24 62
68 25 76
68 34 51
68 37 63
68 38 39
68 39 28
68 41 20
68 42 6
68 43 71
68 44 84
68 45 93
68 46 100
68 48 91
68 51 59
68 52 34
68 53 56
68 56 17
68 58 79
68 60 41
68 61 88
68 63 33
68 64 5
68 65 29
68 66 9
68 69 43
68 70 11
68 71 66
68 72 70
68 74 6
68 75 29
68 77 53
68 79 59
68 81 81
68 82 1
68 83 25
68 84 47
68 86 56
68 88 47
68 92 74
68 93 95
68 95 63
68 96 86
68 98 32
68 99 62
69 0 34
69 1 69
69 2 14
69 4 62
69 5 80
69 6 13
69 7 26
69 8 95
69 9 55
69 10 51
69 11 94
69 12 25
69 13 41
69 15 12
69 16 99
69 18 10
69 19 62
69 20 34
69 21 35
69 23 53
69 24 7
69 25 66
69 26 70
69 29 88
69 30 97
69 31 95
69 33 76
69 34 29
69 35 84
69 36 42
69 37 94
69 38 21
69 39 47
69 40 91
69 43 95
69 45 72
69 47 51
69 49 62
69 50 53
69 51 78
69 52 29
69 53 89
69 55 25
69 56 99
69 58 95
69 60 57
69 61 69
69 62 38
69 64 96
69 66 34
69 67 75
69 68 83
69 70 6
69 72 71
69 73 19
69 75 25
69 76 51
69 79 83
69 81 29
69 83 96
69 87 44
69 88 33
69 89 57
69 91 29
69 93 85
69 94 91
69 95 64
69 96 87
69 98 99
69 99 64
70 0 18
70 1 94
70 2 52
70 5 99
70 6 12
70 7 79
70 8 8
70 9 35
70 10 46
70 11 50
70 12 57
70 13 61
70 14 4
70 16 15
70 17 78
70 18 97
70 19 37
70 21 8
70 23 55
70 26 27
70 27 10
70 31 73
70 32 43
70 33 3
70 34 89
70 35 24
70 36 14
70 37 72
70 39 22
70 40 52
70 41 16
70 42 18
70 44 67
70 45 4
70 47 90
70 50 71
70 55 82
70 56 85
70 57 6
70 58 26
70 60 70
70 61 19
70 62 24
70 63 81
70 65 86
70 66 100
70 67 3
70 69 74
70 72 37
70 73 47
70 75 52
70 76 18
70 82 25
70 83 61
70 85 74
70 87 10
70 91 90
70 92 1
70 93 54
70 95 87
70 97 35
70 98 96
70 99 76
71 0 9
71 2 2
71 3 41
71 5 83
71 6 50
71 7 49
71 8 25
71 9 1
71 10 56
71 11 95
71 12 96
71 13 60
71 16 72
71 17 70
71 19 27
71 20 60
71 21 65
71 22 5
71 23 41
71 24 55
71 26 20
71 27 85
71 28 53
71 29 62
71 32 47
71 33 26
71 34 56
71 35 7
71 36 46
71 38 48
71 40 24
71 43 76
71 45 59
71 47 75
71 49 35
71 52 98
71 53 40
71 55 89
71 56 60
71 57 78
71 58 30
71 60 8
71 61 11
71 62 92
71 63 83
71 64 10
71 65 3
71 68 61
71 69 14
71 70 69
71 74 2
71 75 65
71 76 66
71 77 60
71 79 61
71 80 52
71 81 98
71 82 100
71 83 32
71 84 40
71 85 13
71 87 70
71 88 45
71 90 82
71 91 9
71 92 65
71 94 86
71 96 3
71 97 64
72 1 58
72 3 23
72 6 66
72 7 45
72 8 10
72 9 80
72 11 26
72 12 60
72 13 54
72 14 55
72 15 37
72 16 25
72 17 49
72 18 30
72 22 72
72 23 35
72 24 16
72 25 31
72 26 77
72 28 15
72 29 34
72 32 54
72 37 34
72 38 54
72 41 64
72 42 7
72 43 3
72 44 42
72 45 14
72 46 92
72 47 85
72 48 33
72 49 39
72 50 58
72 51 41
72 52 27
72 55 26
72 60 81
72 62 81
72 64 24
72 65 68
72 67 19
72 69 73
72 71 25
72 73 93
72 74 98
72 76 88
72 77 57
72 78 68
72 79 58
72 80 34
72 81 35
72 82 53
72 85 61
72 86 15
72 88 74
72 90 47
72 91 80
72 92 99
72 96 80
72 97 56
72 98 24
73 1 92
73 2 9
73 3 21
73 5 80
73 6 43
73 7 28
73 10 74
73 14 7
73 16 87
73 17 67
73 19 14
73 20 96
73 24 84
73 25 64
73 26 100
73 27 50
73 29 33
73 30 48
73 31 93
73 33 99
73 35 87
73 36 79
73 38 20
73 39 43
73 43 18
73 44 97
73 45 85
73 46 40
73 47 93
73 48 20
73 49 46
73 50 86
73 51 93
73 52 22
73 53 23
73 56 44
73 57 53
73 60 57
73 62 24
73 63 30
73 64 65
73 65 24
73 70 50
73 72 60
73 74 49
73 75 89
73 77 11
73 78 34
73 79 91
73 80 58
73 85 54
73 86 34
73 88 27
73 89 54
73 90 14
73 91 87
73 92 9
73 94 43
73 95 31
73 98 41
73 99 81
74 0 3
74 1 47
74 2 39
74 3 57
74 4 80
74 5 24
74 6 73
74 8 33
74 9 96
74 10 99
74 11 50
74 12 86
74 13 84
74 14 44
74 15 23
74 16 71
74 18 54
74 19 95
74 20 47
74 22 5
74 24 24
74 25 25
74 26 49
74 27 71
74 28 7
74 29 36
74 32 78
74 34 7
74 35 33
74 37 60
74 38 25
74 39 36
74 40 28
74 41 3
74 42 17
74 43 38
74 45 94
74 46 76
74 47 81
74 48 95
74 49 34
74 50 52
74 51 97
74 52 59
74 53 6
74 57 84
74 58 36
74 61 67
74 62 13
74 63 40
74 64 38
74 66 46
74 68 60
74 69 39
74 70 53
74 71 11
74 72 27
74 76 5
74 77 13
74 78 70
74 82 7
74 83 32
74 84 17
74 86 76
74 87 69
74 88 89
74 89 61
74 90 26
74 91 98
74 92 35
74 93 95
74 95 24
74 96 69
74 99 61
75 0 22
75 1 1
75 2 72
75 3 96
75 6 53
75 7 89
75 8 51
75 9 2
75 10 22
75 13 80
75 14 93
75 15 57
75 16 48
75 18 77
75 19 6
75 20 91
75 21 63
75 24 76
75 25 99
75 26 40
75 27 78
75 28 19
75 30 35
75 31 31
75 32 2
75 33 87
75 34 11
75 35 15
75 36 89
75 37 34
75 38 35
75 40 22
75 42 25
75 43 60
75 44 59
75 47 99
75 48 62
75 51 46
75 52 37
75 55 24
75 57 42
75 61 78
75 62 1
75 66 63
75 67 72
75 68 5
75 70 99
75 71 100
75 73 58
75 74 56
75 76 11
75 77 54
75 78 43
75 79 31
75 80 38
75 82 44
75 84 30
75 85 8
75 87 99
75 88 26
75 90 65
75 91 78
75 94 86
75 96 54
75 97 14
75 98 87
75 99 29
76 0 1
76 1 72
76 2 67
76 3 33
76 5 92
76 6 10
76 7 26
76 8 61
76 9 76
76 10 32
76 12 32
76 13 66
76 16 41
76 17 16
76 18 19
76 19 88
76 22 49
76 23 49
76 28 83
76 29 15
76 30 81
76 32 29
76 33 51
76 34 10
76 35 49
76 36 100
76 37 30
76 38 76
76 39 71
76 40 5
76 43 50
76 44 72
76 45 79
76 47 20
76 50 76
76 51 22
76 52 42
76 53 97
76 55 37
76 60 3
76 62 2
76 64 35
76 65 67
76 66 53
76 67 8
76 68 54
76 69 33
76 70 71
76 72 65
76 74 33
76 75 23
76 77 10
76 78 79
76 80 90
76 81 76
76 84 26
76 85 72
76 88 32
76 89 68
76 92 6
76 93 59
76 94 33
76 95 84
76 98 37
76 99 96
77 0 29
77 1 56
77 4 53
77 7 42
77 8 35
77 9 56
77 10 72
77 11 96
77 14 95
77 16 26
77 17 99
77 18 81
77 19 78
77 21 92
77 22 36
77 23 7
77 24 82
77 26 37
77 27 4
77 28 30
77 29 67
77 32 53
77 34 41
77 35 48
77 36 81
77 38 90
77 39 81
77 40 99
77 41 88
77 42 39
77 43 45
77 44 53
77 45 30
77 47 83
77 48 94
77 49 29
77 51 35
77 53 92
77 56 25
77 57 77
77 58 44
77 60 82
77 62 32
77 63 88
77 64 39
77 65 11
77 66 4
77 67 17
77 69 36
77 71 6
77 72 14
77 73 57
77 74 85
77 75 49
77 76 7
77 78 12
77 80 9
77 81 27
77 82 80
77 84 5
77 85 6
77 87 39
77 88 91
77 89 23
77 90 77
77 92 79
77 93 14
77 94 15
77 95 76
77 96 90
77 97 66
77 98 80
77 99 4
78 0 27
78 1 61
78 2 86
78 3 50
78 5 75
78 7 5
78 10 53
78 12 5
78 13 67
78 14 19
78 15 18
78 17 80
78 18 17
78 19 33
78 21 78
78 23 89
78 25 32
78 26 81
78 28 26
78 29 72
78 31 72
78 33 56
78 36 57
78 37 50
78 39 72
78 41 36
78 42 99
78 43 52
78 47 16
78 48 89
78 49 28
78 51 81
78 52 87
78 53 13
78 55 14
78 56 73
78 57 97
78 58 25
78 60 47
78 61 23
78 63 15
78 66 89
78 67 29
78 68 48
78 69 26
78 70 49
78 71 56
78 72 27
78 73 23
78 77 14
78 79 17
78 80 61
78 81 72
78 82 48
78 83 91
78 84 4
78 85 27
78 87 51
78 89 27
78 90 3
78 91 50
78 93 35
78 94 87
78 95 13
78 99 6
79 0 63
79 1 13
79 4 18
79 6 42
79 7 2
79 8 81
79 9 57
79 12 67
79 13 22
79 14 7
79 15 76
79 16 35
79 18 90
79 19 77
79 20 54
79 21 87
79 23 13
79 24 8
79 25 87
79 27 23
79 28 11
79 29 82
79 30 84
79 31 4
79 32 83
79 34 73
79 35 97
79 36 47
79 37 7
79 39 52
79 40 64
79 42 63
79 43 12
79 44 42
79 45 58
79 46 88
79 48 38
79 49 20
79 50 13
79 51 82
79 52 21
79 53 82
79 57 76
79 58 82
79 61 42
79 62 81
79 64 52
79 65 90
79 66 54
79 67 35
79 68 88
79 70 17
79 71 45
79 72 26
79 74 59
79 75 8
79 76 72
79 77 71
79 80 88
79 81 32
79 82 35
79 84 45
79 85 58
79 86 67
79 87 16
79 88 15
79 89 21
79 90 52
79 92 45
79 93 91
79 95 50
79 96 17
79 97 53
79 98 22
79 99 45
80 1 57
80 2 22
80 3 78
80 4 44
80 6 12
80 7 36
80 11 39
80 13 27
80 14 19
80 15 34
80 16 33
80 17 44
80 18 45
80 19 46
80 20 64
80 22 92
80 23 99
80 24 65
80 26 1
80 27 2
80 28 62
80 32 75
80 33 61
80 36 58
80 37 44
80 39 71
80 40 21
80 41 87
80 45 75
80 46 15
80 47 68
80 49 7
80 50 100
80 51 30
80 52 64
80 53 36
80 56 42
80 57 78
80 58 54
80 60 76
80 61 95
80 63 21
80 65 32
80 66 20
80 67 90
80 68 61
80 69 14
80 71 59
80 72 8
80 73 88
80 75 37
80 76 42
80 81 73
80 82 8
80 83 23
80 84 30
80 85 66
80 88 14
80 90 89
80 91 90
80 94 28
80 95 11
80 96 54
80 97 82
80 98 67
80 99 71
81 0 9
81 3 49
81 5 92
81 6 44
81 8 60
81 9 44
81 12 19
81 13 84
81 14 71
81 15 58
81 16 68
81 17 89
81 18 20
81 19 17
81 20 49
81 21 100
81 22 91
81 23 25
81 24 1
81 25 75
81 30 82
81 32 40
81 33 91
81 34 66
81 35 38
81 36 54
81 38 22
81 39 97
81 41 6
81 42 30
81 47 32
81 48 73
81 50 11
81 52 63
81 53 7
81 55 7
81 56 67
81 57 43
81 58 48
81 60 7
81 63 89
81 64 57
81 65 21
81 66 70
81 67 83
81 70 97
81 71 77
81 72 41
81 73 8
81 74 25
81 75 95
81 77 50
81 78 85
81 79 30
81 83 59
81 84 94
81 86 74
81 87 50
81 90 89
81 91 19
81 92 62
81 93 39
81 98 52
81 99 71
82 0 37
82 1 70
82 3 59
82 6 24
82 7 98
82 8 84
82 9 8
82 11 92
82 12 12
82 13 64
82 15 75
82 16 24
82 17 60
82 21 84
82 24 3
82 25 37
82 26 96
82 29 61
82 30 35
82 31 76
82 32 55
82 33 8
82 34 100
82 35 18
82 36 47
82 37 99
82 39 53
82 41 45
82 44 47
82 45 79
82 48 59
82 49 19
82 50 18
82 51 3
82 55 29
82 57 80
82 58 23
82 60 66
82 61 83
82 62 94
82 63 66
82 64 63
82 65 34
82 66 38
82 67 89
82 68 36
82 69 17
82 71 45
82 72 17
82 73 44
82 74 60
82 75 6
82 76 99
82 77 48
82 78 14
82 79 30
82 80 17
82 84 8
82 85 30
82 89 10
82 90 100
82 91 14
82 92 32
82 93 88
82 94 39
82 96 69
82 97 88
82 98 95
82 99 89
83 0 31
83 1 74
83 2 91
83 3 30
83 4 29
83 7 3
83 8 4
83 9 86
83 10 26
83 11 43
83 12 3
83 13 95
83 14 7
83 16 97
83 17 66
83 18 85
83 21 44
83 22 9
83 23 60
83 25 12
83 27 49
83 30 52
83 32 25
83 34 8
83 35 77
83 36 24
83 37 55
83 43 69
83 46 71
83 47 75
83 48 13
83 49 1
83 50 79
83 51 20
83 53 91
83 55 60
83 57 8
83 58 6
83 60 40
83 63 5
83 64 38
83 65 82
83 66 1
83 67 43
83 68 41
83 69 48
83 71 91
83 72 29
83 73 82
83 74 77
83 75 84
83 77 85
83 78 67
83 79 49
83 80 90
83 81 49
83 82 64
83 86 36
83 87 62
83 88 98
83 89 42
83 90 35
83 91 57
83 92 43
83 96 83
83 97 55
83 98 66
83 99 90
84 0 40
84 1 37
84 2 72
84 3 30
84 5 54
84 6 23
84 7 15
84 8 34
84 9 59
84 10 30
84 12 31
84 13 96
84 15 10
84 16 49
84 17 83
84 18 12
84 19 75
84 20 87
84 21 32
84 22 19
84 23 48
84 25 52
84 26 96
84 27 56
84 30 96
84 32 81
84 34 65
84 36 39
84 38 92
84 41 2
84 42 94
84 44 14
84 45 10
84 46 95
84 48 75
84 49 50
84 50 34
84 51 91
84 52 98
84 53 34
84 56 68
84 57 74
84 58 79
84 60 28
84 61 67
84 62 78
84 64 12
84 65 94
84 66 50
84 68 4
84 69 24
84 71 55
84 72 2
84 75 86
84 80 48
84 81 3
84 82 55
84 85 36
84 86 31
84 87 36
84 88 54
84 89 45
84 90 42
84 91 70
84 93 54
84 94 68
84 95 53
84 98 21
84 99 6
85 0 4
85 1 32
85 4 39
85 6 34
85 8 10
85 11 35
85 14 92
85 16 1
85 17 93
85 18 29
85 19 44
85 20 89
85 22 35
85 23 16
85 24 34
85 25 57
85 27 81
85 28 63
85 29 56
85 30 56
85 31 48
85 32 23
85 33 17
85 36 16
85 37 7
85 38 33
85 39 42
85 40 77
85 42 99
85 44 47
85 47 19
85 48 51
85 49 59
85 50 80
85 51 62
85 52 15
85 55 59
85 56 45
85 58 21
85 60 97
85 61 65
85 62 11
85 63 25
85 64 41
85 65 29
85 67 65
85 68 76
85 69 13
85 70 66
85 71 20
85 72 95
85 73 62
85 78 9
85 79 63
85 80 82
85 81 85
85 82 20
85 84 92
85 89 64
85 90 54
85 91 55
85 92 8
85 93 10
85 95 20
85 97 9
85 98 15
86 2 96
86 3 41
86 4 30
86 5 92
86 9 85
86 13 43
86 14 34
86 15 68
86 17 75
86 18 33
86 19 45
86 20 43
86 21 85
86 24 12
86 25 43
86 26 12
86 27 68
86 28 51
86 30 91
86 32 3
86 33 55
86 35 65
86 36 82
86 39 13
86 43 5
86 44 16
86 49 87
86 50 58
86 52 57
86 53 22
86 55 85
86 56 49
86 60 29
86 61 27
86 62 10
86 63 95
86 64 98
86 68 21
86 69 57
86 71 36
86 74 16
86 75 97
86 76 90
86 78 94
86 80 11
86 82 37
86 83 85
86 84 66
86 85 22
86 87 53
86 88 60
86 90 8
86 91 82
86 92 94
86 93 33
86 94 17
86 96 65
86 97 47
86 99 79
87 0 77
87 2 1
87 3 78
87 5 3
87 6 93
87 7 39
87 8 11
87 12 87
87 14 64
87 16 67
87 17 5
87 19 64
87 20 33
87 21 38
87 22 78
87 23 6
87 26 32
87 28 38
87 29 24
87 30 14
87 31 85
87 33 100
87 35 91
87 36 53
87 37 63
87 40 1
87 41 88
87 43 23
87 46 74
87 47 30
87 48 60
87 49 5
87 50 57
87 51 52
87 55 76
87 56 20
87 57 56
87 58 48
87 60 45
87 61 96
87 62 13
87 63 56
87 64 33
87 65 23
87 66 11
87 67 76
87 69 43
87 71 33
87 72 63
87 73 12
87 74 48
87 75 54
87 77 100
87 79 2
87 80 26
87 83 97
87 84 81
87 86 62
87 88 63
87 89 77
87 91 41
87 92 79
87 93 93
87 96 5
87 98 44
88 1 67
88 6 7
88 7 80
88 8 78
88 9 40
88 10 92
88 11 50
88 13 30
88 15 4
88 17 14
88 19 8
88 22 74
88 23 6
88 25 70
88 26 48
88 27 25
88 28 67
88 29 68
88 30 100
88 31 89
88 32 60
88 36 22
88 37 18
88 40 39
88 41 37
88 42 86
88 43 82
88 45 62
88 46 5
88 49 53
88 50 50
88 52 97
88 55 19
88 56 12
88 58 47
88 60 19
88 62 28
88 63 81
88 65 24
88 66 41
88 67 78
88 68 88
88 69 84
88 70 50
88 71 87
88 72 8
88 75 51
88 77 87
88 78 68
88 79 64
88 80 6
88 82 67
88 83 16
88 84 96
88 85 67
88 87 95
88 89 31
88 90 62
88 91 70
88 92 7
88 93 91
88 94 20
88 95 50
88 96 40
88 97 80
88 98 54
88 99 16
89 1 79
89 2 54
89 4 76
89 5 19
89 7 71
89 8 21
89 9 5
89 10 57
89 11 21
89 13 7
89 16 8
89 17 11
89 18 70
89 20 48
89 21 11
89 25 13
89 26 68
89 27 7
89 28 60
89 29 51
89 30 67
89 32 47
89 33 53
89 34 93
89 35 51
89 36 2
89 38 38
89 39 39
89 41 52
89 42 87
89 44 40
89 46 93
89 47 93
89 48 26
89 49 72
89 50 98
89 51 83
89 52 32
89 55 51
89 56 13
89 57 23
89 60 59
89 61 51
89 62 9
89 63 22
89 64 75
89 65 97
89 69 78
89 70 67
89 71 98
89 72 53
89 73 32
89 75 15
89 76 50
89 77 96
89 78 3
89 79 87
89 80 3
89 83 18
89 84 6
89 85 97
89 86 45
89 87 92
89 88 20
89 90 43
89 91 21
89 92 77
89 93 8
89 95 93
89 98 57
89 99 67
90 0 36
90 1 31
90 2 31
90 3 89
90 4 77
90 8 6
90 9 65
90 10 19
90 11 7
90 12 86
90 13 29
90 14 35
90 16 35
90 17 55
90 19 40
90 20 8
90 21 5
90 22 20
90 26 95
90 27 4
90 30 81
90 31 81
90 32 27
90 33 44
90 34 25
90 36 61
90 37 7
90 39 17
90 40 100
90 41 26
90 43 52
90 45 9
90 48 94
90 49 17
90 50 61
90 52 36
90 53 31
90 56 28
90 57 100
90 58 3
90 60 25
90 63 31
90 66 16
90 67 51
90 69 8
90 70 86
90 71 60
90 72 1
90 73 79
90 74 64
90 75 59
90 77 50
90 78 3
90 79 36
90 80 59
90 81 61
90 82 50
90 83 77
90 84 41
90 85 15
90 86 11
90 88 73
90 89 92
90 91 94
90 93 1
90 94 78
90 95 30
90 96 73
90 97 96
90 98 50
90 99 11
91 2 47
91 3 94
91 5 73
91 6 100
91 7 54
91 8 34
91 9 97
91 10 17
91 11 7
91 13 12
91 14 36
91 15 74
91 16 79
91 17 46
91 18 75
91 19 99
91 20 53
91 21 36
91 22 46
91 23 45
91 24 38
91 25 26
91 26 4
91 27 55
91 28 16
91 29 64
91 30 76
91 32 93
91 34 96
91 35 70
91 36 84
91 38 66
91 39 69
91 40 82
91 42 82
91 43 32
91 44 40
91 45 38
91 46 78
91 47 53
91 48 17
91 49 70
91 51 80
91 52 97
91 53 31
91 55 85
91 56 84
91 57 99
91 58 81
91 63 3
91 65 71
91 66 66
91 67 50
91 68 53
91 69 46
91 70 53
91 71 74
91 76 34
91 78 91
91 80 39
91 81 34
91 82 8
91 84 38
91 85 95
91 86 19
91 87 84
91 88 40
91 89 3
91 90 97
91 92 50
91 95 90
91 96 79
92 0 86
92 1 56
92 3 74
92 4 8
92 5 50
92 6 72
92 7 7
92 8 50
92 9 31
92 10 21
92 13 18
92 14 95
92 16 97
92 17 2
92 18 74
92 19 81
92 20 33
92 22 28
92 23 79
92 24 87
92 26 58
92 29 38
92 30 69
92 31 61
92 33 73
92 34 11
92 35 32
92 37 50
92 42 94
92 43 15
92 45 27
92 46 48
92 47 76
92 48 86
92 49 91
92 50 83
92 51 66
92 52 38
92 55 71
92 56 8
92 57 72
92 60 99
92 61 67
92 62 52
92 63 23
92 64 53
92 65 56
92 66 73
92 67 97
92 68 63
92 69 2
92 70 86
92 71 4
92 72 95
92 73 74
92 75 96
92 76 80
92 77 69
92 78 84
92 79 28
92 80 33
92 81 98
92 82 36
92 83 85
92 84 83
92 85 78
92 86 6
92 87 22
92 90 22
92 91 93
92 93 43
92 94 36
92 96 5
92 97 21
92 99 53
93 0 62
93 1 84
93 2 94
93 3 39
93 4 30
93 7 49
93 9 78
93 10 32
93 11 66
93 12 48
93 13 6
93 14 19
93 15 97
93 16 61
93 17 49
93 18 63
93 19 43
93 20 69
93 21 98
93 22 58
93 23 87
93 24 63
93 25 66
93 26 40
93 27 89
93 29 78
93 30 17
93 32 12
93 34 66
93 36 72
93 37 85
93 39 5
93 40 98
93 41 43
93 42 60
93 43 92
93 45 21
93 46 85
93 47 95
93 48 50
93 49 63
93 50 78
93 52 14
93 53 19
93 55 3
93 60 74
93 61 18
93 62 10
93 63 47
93 67 74
93 69 25
93 71 63
93 72 84
93 75 20
93 77 82
93 78 9
93 79 89
93 80 57
93 81 6
93 82 41
93 83 11
93 84 64
93 85 42
93 86 93
93 87 93
93 89 56
93 90 17
93 92 14
93 94 19
93 95 77
93 96 22
93 97 43
93 99 3
94 0 73
94 2 70
94 3 44
94 4 68
94 7 32
94 8 72
94 9 62
94 10 58
94 11 72
94 13 15
94 14 26
94 16 81
94 17 47
94 18 42
94 19 42
94 20 54
94 23 56
94 24 96
94 25 85
94 28 45
94 30 28
94 31 19
94 32 39
94 33 78
94 34 9
94 35 84
94 38 100
94 39 21
94 41 90
94 42 89
94 45 13
94 46 34
94 47 49
94 49 97
94 50 34
94 52 51
94 53 11
94 56 84
94 57 6
94 60 23
94 62 65
94 65 3
94 66 9
94 67 9
94 68 20
94 69 5
94 70 100
94 72 5
94 73 31
94 76 72
94 77 35
94 78 4
94 81 69
94 82 64
94 83 32
94 84 42
94 87 78
94 88 37
94 89 63
94 90 9
94 91 21
94 92 70
94 95 67
94 96 12
94 97 92
94 98 61
95 0 68
95 1 79
95 4 83
95 6 74
95 7 35
95 8 24
95 9 52
95 10 93
95 11 98
95 12 18
95 13 76
95 14 11
95 15 1
95 16 37
95 17 42
95 18 22
95 19 23
95 20 68
95 21 8
95 22 87
95 24 79
95 26 22
95 27 32
95 29 29
95 30 99
95 33 44
95 34 65
95 36 51
95 37 23
95 38 37
95 39 48
95 41 91
95 42 21
95 44 5
95 46 52
95 47 37
95 48 84
95 49 78
95 50 41
95 51 22
95 52 61
95 53 18
95 55 16
95 56 66
95 57 11
95 58 83
95 60 19
95 61 65
95 62 93
95 63 12
95 64 15
95 66 11
95 67 25
95 69 18
95 70 12
95 72 3
95 73 36
95 75 45
95 77 87
95 78 75
95 81 87
95 82 29
95 83 73
95 84 56
95 85 27
95 87 80
95 89 100
95 92 39
95 93 100
95 94 7
95 96 35
95 98 21
96 0 64
96 1 64
96 2 54
96 3 50
96 4 5
96 5 79
96 7 7
96 8 47
96 11 96
96 12 24
96 13 71
96 14 41
96 16 88
96 19 58
96 20 48
96 21 42
96 22 35
96 23 8
96 24 33
96 25 7
96 27 20
96 29 90
96 30 17
96 31 89
96 35 52
96 36 65
96 37 73
96 39 76
96 40 42
96 41 91
96 43 45
96 44 83
96 45 57
96 46 70
96 48 18
96 51 92
96 52 61
96 53 10
96 55 59
96 61 28
96 62 67
96 63 2
96 64 78
96 66 63
96 68 80
96 69 49
96 70 74
96 71 61
96 74 26
96 76 86
96 77 57
96 78 90
96 79 8
96 80 98
96 81 46
96 82 59
96 85 22
96 86 6
96 88 31
96 90 57
96 91 21
96 93 97
96 94 82
96 95 55
96 97 59
96 98 47
96 99 42
97 0 47
97 1 36
97 3 75
97 6 40
97 7 76
97 8 7
97 11 49
97 12 11
97 13 38
97 14 17
97 16 50
97 17 47
97 18 66
97 19 1
97 20 95
97 21 71
97 22 28
97 23 54
97 25 41
97 26 8
97 29 55
97 30 96
97 31 11
97 32 31
97 33 73
97 34 41
97 36 79
97 38 82
97 39 91
97 41 29
97 42 94
97 44 72
97 46 43
97 47 84
97 49 87
97 50 20
97 51 52
97 52 12
97 53 3
97 55 95
97 56 98
97 58 100
97 60 15
97 61 76
97 62 72
97 63 20
97 64 83
97 65 6
97 66 68
97 67 65
97 69 18
97 70 18
97 71 59
97 73 19
97 74 8
97 75 96
97 77 73
97 78 15
97 79 78
97 80 93
97 81 68
97 82 3
97 83 97
97 84 32
97 90 58
97 91 38
97 92 81
97 93 48
97 95 50
97 96 77
97 99 81
98 1 45
98 2 15
98 3 58
98 5 36
98 6 85
98 8 40
98 9 75
98 10 2
98 13 92
98 14 54
98 15 12
98 16 30
98 17 44
98 18 53
98 19 69
98 20 93
98 21 63
98 23 67
98 26 39
98 27 22
98 28 97
98 29 100
98 30 27
98 32 67
98 33 90
98 37 17
98 40 66
98 41 10
98 42 46
98 43 90
98 44 38
98 45 82
98 46 15
98 47 2
98 49 30
98 50 12
98 51 83
98 52 46
98 53 88
98 56 4
98 57 42
98 58 81
98 60 54
98 61 100
98 62 53
98 63 74
98 64 54
98 65 47
98 66 39
98 68 16
98 69 2
98 70 3
98 72 49
98 73 55
98 74 19
98 77 5
98 79 38
98 80 60
98 81 85
98 82 22
98 83 62
98 84 44
98 85 64
98 86 7
98 87 61
98 88 82
98 89 62
98 91 33
98 92 86
98 93 58
98 94 42
98 96 90
98 97 55
99 1 95
99 7 5
99 9 2
99 10 41
99 11 13
99 12 19
99 13 82
99 14 80
99 16 80
99 21 6
99 22 98
99 23 14
99 24 52
99 25 49
99 26 43
99 27 46
99 29 32
99 30 91
99 31 49
99 32 33
99 34 76
99 36 41
99 37 31
99 41 2
99 42 52
99 43 61
99 44 10
99 45 37
99 46 51
99 47 88
99 48 59
99 49 62
99 50 68
99 51 30
99 52 89
99 53 37
99 55 61
99 56 51
99 57 41
99 58 10
99 61 62
99 62 27
99 63 46
99 64 44
99 65 67
99 66 7
99 67 34
99 68 90
99 69 28
99 71 74
99 72 44
99 73 63
99 75 58
99 76 40
99 77 91
99 78 67
99 79 99
99 80 84
99 81 54
99 83 68
99 85 51
99 86 39
99 87 53
99 88 40
99 89 99
99 90 83
99 92 79
99 93 18
99 94 9
99 95 13
99 96 9
99 98 23
59 0 7
59 3 56
59 5 93
59 6 52
59 7 84
59 8 4
59 9 39
59 11 70
59 12 34
59 13 41
59 14 96
59 15 96
59 16 30
59 17 41
59 20 80
59 21 72
59 22 82
59 24 96
59 26 82
59 27 29
59 28 67
59 30 80
59 31 91
59 35 59
59 36 89
59 37 26
59 39 12
59 40 74
59 41 2
59 42 36
59 43 81
59 45 30
59 46 14
59 47 43
59 48 56
59 49 60
59 50 61
59 51 98
59 52 75
59 55 88
59 58 10
59 60 26
59 61 1
59 62 91
59 66 42
59 68 63
59 69 37
59 70 12
59 72 37
59 73 59
59 74 69
59 76 38
59 77 57
59 78 30
59 79 10
59 81 7
59 83 85
59 85 22
59 86 98
59 87 99
59 88 54
59 89 42
59 90 62
59 91 94
59 92 24
59 96 64
59 98 50
59 99 62
0 54 29
1 54 88
2 54 69
3 54 40
4 54 77
7 54 25
8 54 59
9 54 53
11 54 78
12 54 95
13 54 11
16 54 34
17 54 33
18 54 27
19 54 1
20 54 42
21 54 5
22 54 11
24 54 64
25 54 60
26 54 64
28 54 82
29 54 100
30 54 98
31 54 79
32 54 52
33 54 48
34 54 88
37 54 49
38 54 81
39 54 13
41 54 26
45 54 95
46 54 64
47 54 58
48 54 3
50 54 39
51 54 89
52 54 94
55 54 17
56 54 25
57 54 13
60 54 20
61 54 43
62 54 65
63 54 66
64 54 37
65 54 16
67 54 46
68 54 14
69 54 43
70 54 49
72 54 51
73 54 23
74 54 61
77 54 61
78 54 93
79 54 23
80 54 54
81 54 15
82 54 39
83 54 51
85 54 79
87 54 81
88 54 49
90 54 20
91 54 38
93 54 68
94 54 25
96 54 65
97 54 15
98 54 15
99 54 2
