57
3
72 22 43
64 41 96
34 10 39
28 72 32
47 14 29
9 2 93
66 55 33
44 25 82
46 71 23
6 34 3
69 40 96
56 78 76
8 12 48
17 20 44
46 2 62
43 47 23
29 6 3
29 52 20
39 12 33
11 10 39
12 24 98
38 31 86
45 18 17
12 36 58
77 60 46
35 33 78
44 26 85
10 58 73
42 25 49
2 72 49
35 44 80
6 36 80
74 21 1
0 65 37
41 20 12
60 69 100
55 26 93
75 51 34
79 69 38
37 76 7
38 61 100
0 24 77
16 15 37
68 43 74
70 51 20
37 43 5
37 23 59
23 12 70
52 1 55
30 13 28
44 19 4
22 39 95
30 49 39
26 50 73
72 74 87
29 76 71
73 40 15
4 13 39
75 13 76
10 35 93
49 71 27
59 40 23
38 59 96
56 63 21
11 17 89
14 34 94
50 20 32
14 43 41
54 61 88
1 31 32
28 5 85
27 1 8
79 73 83
65 51 10
17 79 99
6 52 70
48 8 4
79 8 78
29 62 52
38 52 95
5 26 43
45 30 38
22 55 29
25 45 49
34 36 55
16 18 9
31 60 31
18 31 72
73 76 52
72 37 69
45 25 77
49 28 98
74 77 98
23 49 6
10 56 7
33 48 55
46 6 62
38 33 55
19 42 85
76 8 14
50 30 8
15 64 44
5 11 10
59 64 22
23 26 84
32 27 33
0 67 73
28 51 100
74 18 24
50 51 44
64 48 76
52 36 4
61 77 48
17 78 1
32 21 48
43 12 57
38 21 50
77 63 22
20 54 78
58 65 40
40 33 91
66 8 77
72 18 42
53 25 8
27 44 80
42 43 7
79 7 77
65 21 77
79 28 84
72 36 12
72 33 80
29 34 84
17 34 2
9 39 27
78 77 97
51 61 11
21 27 33
58 14 97
67 26 24
19 21 30
27 13 25
35 45 12
34 20 18
30 56 44
5 79 3
77 34 63
44 21 26
49 14 100
0 42 15
26 37 46
67 37 12
8 76 92
37 32 1
35 77 54
25 8 26
63 30 21
1 74 87
47 48 60
18 19 66
68 71 69
51 48 87
21 55 16
56 7 82
42 68 82
70 22 27
66 0 78
59 58 15
37 79 87
50 26 77
6 73 99
39 53 94
7 74 13
58 59 26
52 78 42
67 65 85
32 33 84
36 45 41
79 18 20
27 55 68
12 16 11
59 56 34
68 42 88
50 0 50
31 13 99
17 1 39
47 66 47
66 11 15
43 8 38
66 1 94
72 40 2
20 55 47
37 30 14
9 38 14
63 60 95
41 71 19
60 35 23
70 54 82
27 33 95
77 1 71
9 76 32
76 26 32
12 27 47
35 24 96
54 29 2
53 65 38
4 26 64
26 44 36
47 74 77
70 75 49
73 29 45
71 45 22
76 47 42
2 16 44
5 14 37
12 74 29
30 14 72
22 56 98
59 71 5
10 37 64
59 43 85
18 5 9
43 52 37
48 65 21
6 28 31
52 8 88
26 9 65
1 14 42
1 73 78
23 7 12
78 9 27
30 62 86
78 22 54
12 15 16
60 6 31
47 77 99
24 79 17
66 50 23
21 18 50
19 65 82
29 27 25
72 63 63
68 72 89
13 7 4
20 49 93
19 46 13
32 76 79
46 26 86
21 15 45
63 9 22
49 34 63
37 33 23
69 12 13
9 30 96
9 74 21
48 70 55
14 10 90
78 42 75
79 10 32
56 4 99
0 77 56
62 16 64
31 36 86
48 46 87
15 30 31
68 17 34
9 11 64
48 0 44
16 17 97
6 31 26
54 74 97
0 18 30
78 46 74
46 60 84
13 66 12
58 0 65
52 37 31
78 59 89
42 18 44
9 73 64
62 50 59
49 47 35
72 4 52
58 27 67
0 26 8
40 74 67
75 76 36
79 2 76
9 10 10
28 37 81
33 2 97
5 54 97
36 48 75
29 9 55
66 12 15
9 21 14
9 70 30
23 55 59
35 54 21
6 70 94
71 60 99
69 60 21
64 53 22
39 60 28
52 38 2
52 31 22
4 76 88
31 7 5
74 42 15
66 53 26
9 53 92
77 52 16
7 52 5
29 74 14
54 75 56
53 12 88
75 24 16
65 46 100
60 8 35
1 6 41
55 37 1
25 4 94
36 7 38
34 1 42
52 61 82
11 66 98
47 22 67
8 38 66
45 15 74
58 45 59
11 22 39
72 69 58
28 29 34
74 10 22
66 31 84
60 20 64
8 5 3
55 23 63
21 31 69
20 65 20
40 24 87
23 71 81
22 67 68
8 33 97
49 50 62
62 8 74
28 39 38
19 11 18
4 55 43
31 58 52
41 51 93
46 35 35
2 67 67
68 39 33
76 12 85
69 55 68
64 67 80
9 16 82
69 48 68
2 27 80
66 73 30
65 43 61
59 45 14
18 10 97
35 71 86
40 34 70
23 73 2
54 34 33
51 65 20
58 47 73
9 50 72
7 37 66
4 29 26
17 42 26
33 73 55
72 27 24
16 1 72
47 31 58
9 20 6
27 76 8
60 22 80
67 12 34
24 52 44
20 74 38
16 33 62
38 75 78
54 65 36
47 75 34
68 5 60
18 35 78
63 4 9
75 17 14
23 37 12
21 79 93
50 43 53
75 28 84
77 75 27
62 11 90
16 56 79
23 27 26
32 25 80
33 37 90
24 17 42
30 74 6
31 26 90
8 58 96
67 59 98
58 69 100
69 65 22
4 12 10
79 59 92
23 24 86
50 13 6
15 1 7
36 68 26
31 54 75
72 8 54
62 70 94
8 66 92
43 67 46
4 37 16
66 14 59
29 37 41
39 22 50
59 11 52
48 45 79
18 22 50
12 70 2
19 26 97
74 37 68
6 38 17
33 31 48
5 9 1
11 33 94
27 23 65
51 35 49
69 41 15
20 4 49
69 10 62
28 73 69
4 63 4
26 5 1
12 10 33
60 56 79
73 31 45
31 34 87
45 52 16
67 22 15
32 8 90
32 18 40
18 52 99
18 63 84
61 70 11
58 67 18
53 61 48
17 4 19
6 29 76
59 63 83
21 25 71
66 20 43
25 72 39
69 46 64
61 76 38
13 42 10
32 47 49
34 23 20
76 28 24
79 6 86
17 53 88
23 54 83
2 55 79
76 61 100
50 2 46
12 20 72
55 45 39
55 33 25
35 15 11
31 41 80
33 77 2
4 41 34
40 38 43
79 5 55
63 46 34
62 19 89
44 71 32
31 45 20
54 58 59
79 27 77
76 30 55
76 20 100
58 4 7
55 1 82
10 11 61
37 64 80
13 16 56
48 34 71
79 54 11
19 48 73
35 36 89
51 74 48
4 18 55
64 23 69
45 20 52
48 69 47
27 77 70
66 6 83
15 19 5
17 6 69
17 72 60
75 32 48
0 35 98
54 47 11
68 56 92
6 45 38
41 33 9
22 13 95
47 8 59
27 65 78
65 27 17
15 29 72
1 23 22
36 71 45
33 56 79
37 72 42
60 30 84
37 26 7
55 25 86
38 9 60
38 26 68
68 26 10
48 22 35
79 21 74
44 72 70
2 13 39
55 48 88
69 31 68
12 55 68
5 44 11
47 6 66
71 67 85
5 52 61
2 9 81
14 24 36
60 52 85
23 52 35
38 43 81
56 45 81
37 55 85
2 11 45
42 26 87
46 43 43
56 16 58
36 11 13
63 40 51
54 4 28
6 21 15
69 20 4
42 78 30
49 20 49
35 67 18
26 10 77
31 75 30
47 11 9
28 27 42
13 12 83
50 23 89
5 46 75
46 45 4
70 47 96
73 30 58
62 2 67
17 63 43
78 79 70
7 33 54
7 49 97
20 79 42
76 40 34
50 71 92
1 21 42
30 1 75
7 69 31
25 76 16
18 20 65
30 51 28
32 63 49
10 55 76
37 24 16
28 41 82
67 34 75
2 59 18
20 24 77
48 77 26
32 52 43
13 44 67
22 2 61
31 19 85
73 65 47
68 51 28
2 25 88
61 19 23
36 2 13
14 79 91
0 19 46
54 70 68
37 46 21
40 64 43
56 47 29
2 40 24
46 48 52
73 46 76
49 25 85
35 49 54
75 0 14
25 1 74
35 74 85
41 10 20
43 24 42
20 60 24
68 9 59
15 2 78
55 40 71
78 37 9
44 73 83
1 49 92
58 52 34
54 19 12
5 27 75
19 43 43
44 52 37
12 63 10
20 59 85
44 64 82
19 33 35
19 63 62
27 37 1
78 19 70
29 5 79
21 42 40
27 28 50
27 61 28
73 51 34
22 37 49
61 39 78
60 59 18
27 31 17
8 48 17
8 55 67
39 49 99
43 65 85
39 30 96
29 10 13
43 21 10
0 27 41
79 29 54
35 32 92
32 50 48
50 45 2
15 40 40
74 69 22
77 10 48
19 4 76
29 43 29
66 47 4
44 58 85
14 69 12
70 27 66
45 63 61
27 43 54
43 4 65
59 78 83
64 52 2
49 74 22
20 70 92
74 22 84
25 43 80
25 77 65
2 66 56
31 69 56
64 25 94
9 31 59
0 51 61
42 59 60
24 10 43
29 40 45
5 28 49
25 78 96
41 63 71
75 61 70
70 71 54
29 26 3
5 71 51
63 31 96
6 7 74
40 15 15
79 48 64
78 38 39
69 6 79
76 29 7
0 16 89
43 77 53
51 54 41
74 50 41
27 16 34
30 53 4
69 28 18
18 9 47
78 76 85
2 64 52
12 33 75
18 7 10
76 36 17
31 64 58
0 9 60
63 62 63
53 15 64
51 7 70
33 69 81
49 41 72
79 43 51
7 34 76
61 4 71
74 73 14
41 76 23
23 56 89
37 48 29
64 54 36
17 7 74
5 32 59
1 63 64
77 17 19
70 5 30
18 38 35
5 59 89
32 74 25
76 23 74
56 68 50
22 69 57
73 59 53
76 25 28
8 18 73
13 26 90
36 61 39
70 20 81
16 35 42
40 77 94
53 7 34
32 17 76
19 37 62
18 77 19
66 34 91
22 42 53
12 38 69
55 29 26
72 39 10
40 4 44
16 44 31
32 58 66
42 7 37
1 46 63
35 28 40
23 63 45
50 9 72
72 65 39
0 45 23
33 5 69
14 33 7
40 66 46
68 0 22
63 68 40
36 22 21
63 79 55
60 74 36
31 76 7
42 69 22
52 12 94
20 5 16
53 1 53
52 22 24
22 18 97
8 30 12
54 78 83
65 36 27
5 62 94
15 33 75
50 33 97
59 49 57
35 79 4
28 65 40
8 47 19
50 17 29
50 77 26
42 48 81
58 62 6
66 40 87
45 28 95
17 58 12
55 9 13
24 60 39
11 45 47
21 30 5
5 24 2
10 60 67
66 63 83
28 7 31
18 23 51
7 46 51
35 31 8
48 51 82
37 69 67
20 77 44
10 65 5
63 16 73
46 38 12
2 43 84
2 54 50
7 66 38
18 30 16
0 7 65
48 15 24
70 24 90
32 69 35
79 53 50
43 44 10
55 2 58
29 0 57
71 12 33
53 28 97
41 36 86
22 24 5
15 22 50
50 10 80
45 58 29
26 66 46
43 15 45
41 39 61
61 55 53
60 27 45
28 64 51
11 54 27
0 41 56
23 53 54
64 39 100
73 56 35
4 17 69
53 59 10
39 36 92
54 39 24
58 64 75
21 68 98
52 19 88
28 8 62
35 4 26
10 31 80
73 54 31
43 71 25
35 48 70
26 15 97
23 6 66
20 63 30
24 50 13
78 40 13
6 49 54
21 77 11
26 58 29
73 55 97
7 72 42
76 69 94
67 78 52
0 64 78
78 24 79
37 54 56
52 76 51
13 27 74
9 63 51
55 12 46
46 78 35
73 70 94
35 37 99
46 63 78
67 24 49
30 66 30
2 46 93
6 56 71
60 70 6
44 14 4
49 9 93
33 13 41
50 41 8
32 40 65
71 16 96
78 16 24
1 61 96
35 62 90
13 20 7
36 58 65
22 28 18
61 23 94
66 4 13
61 15 85
73 20 16
61 30 57
73 43 27
37 71 69
53 56 1
38 1 70
65 73 1
44 24 74
70 72 87
26 53 48
36 33 8
27 74 80
15 44 58
19 50 2
43 40 52
39 13 24
66 78 60
63 58 41
18 46 37
22 52 40
14 21 5
23 29 100
78 30 37
72 50 72
13 60 33
18 62 18
47 21 26
34 0 28
24 63 1
19 55 36
77 36 65
4 36 35
10 42 87
29 7 66
62 75 97
21 70 55
77 65 79
74 9 47
27 8 73
67 49 70
36 42 28
22 15 87
61 31 96
61 62 46
44 15 53
79 36 10
28 71 88
11 75 63
23 70 16
48 60 79
36 13 26
52 18 98
10 6 77
36 6 98
47 68 91
44 78 5
10 25 23
76 44 82
68 62 22
21 6 83
12 77 22
38 40 29
2 4 99
11 46 80
12 53 65
68 73 36
1 60 14
66 60 23
71 27 69
36 52 85
46 56 63
65 50 69
18 27 28
19 12 20
32 70 50
43 31 21
60 9 75
35 13 76
72 26 46
37 7 45
61 1 39
12 21 33
18 26 76
8 40 31
49 66 38
37 0 9
8 54 57
65 23 68
38 22 62
49 76 47
64 16 61
73 69 37
50 5 68
13 11 97
5 56 62
6 10 82
12 71 79
55 6 45
75 60 44
38 69 55
55 68 14
49 10 45
15 34 95
77 69 93
33 49 17
26 48 54
19 76 50
1 47 32
42 53 7
71 61 6
76 46 31
44 50 14
65 35 60
56 38 18
10 46 70
10 40 79
5 65 31
52 64 92
34 6 4
70 52 90
46 40 36
39 66 75
2 41 38
49 37 99
8 35 76
70 9 58
29 71 21
12 41 8
51 23 87
51 5 81
49 64 33
51 2 18
34 19 13
19 30 66
19 6 4
7 2 73
9 68 53
27 38 19
30 33 33
79 71 11
24 69 92
62 15 38
62 42 18
28 43 40
8 77 98
5 19 63
46 62 15
1 11 1
53 49 2
0 5 51
52 48 58
47 32 2
5 20 18
46 70 75
7 70 15
38 45 37
50 38 69
32 35 11
55 42 21
5 33 9
68 34 83
45 67 40
67 56 26
53 64 63
77 7 52
53 41 20
34 22 74
51 11 30
75 58 39
34 59 43
13 35 60
79 38 60
28 25 95
34 24 28
76 27 78
62 54 60
40 63 59
74 19 39
69 51 48
74 26 42
78 39 15
28 31 37
67 41 50
35 38 88
24 75 18
0 15 20
1 65 42
11 48 85
71 36 59
21 72 13
16 47 68
56 25 64
0 21 97
70 67 2
41 61 50
17 40 63
10 13 21
10 30 40
74 66 39
55 11 13
44 55 78
27 59 67
9 27 9
71 69 9
41 32 76
34 17 39
65 66 66
41 15 41
39 72 92
9 69 96
79 70 80
43 22 5
51 70 87
34 76 91
44 36 92
54 52 5
65 24 94
25 71 39
27 68 46
6 76 80
40 2 77
12 17 65
70 14 93
4 68 74
70 34 10
4 79 55
25 49 79
32 66 23
67 35 87
18 29 23
40 5 77
76 59 42
64 34 99
61 32 44
73 42 26
69 73 66
53 18 6
61 69 32
27 58 59
59 23 3
43 60 32
73 24 96
54 18 100
79 63 15
52 65 21
69 74 84
72 7 67
33 51 30
19 45 36
47 27 4
28 68 90
24 28 1
21 33 20
45 64 33
29 54 15
20 35 8
12 66 61
46 74 32
30 43 3
40 14 32
79 16 88
42 40 71
14 37 44
17 54 33
25 60 32
66 62 76
0 74 18
48 17 10
37 77 3
40 19 93
34 78 54
69 54 52
16 58 43
19 17 86
36 28 60
16 21 49
64 2 82
38 53 66
75 79 65
43 33 44
68 33 40
77 25 45
49 8 62
21 71 13
32 71 11
12 40 45
62 45 27
36 59 69
19 79 1
70 35 72
75 10 62
41 53 91
45 69 36
72 6 87
28 30 61
54 1 57
19 25 63
67 32 99
9 35 12
9 43 44
12 67 67
0 52 92
9 56 21
8 24 26
34 54 94
40 8 51
48 20 13
7 42 25
43 49 65
28 32 81
36 8 65
59 22 30
18 2 73
28 15 77
40 27 47
24 25 16
74 51 5
49 79 37
37 44 3
14 15 24
34 45 84
29 30 95
61 26 79
74 6 5
77 51 64
44 33 71
48 63 13
40 47 33
52 20 44
46 21 82
14 11 54
46 68 17
26 0 16
35 46 67
41 46 85
63 33 46
48 24 28
77 79 5
31 39 18
21 1 36
24 4 77
38 78 85
17 10 19
11 37 2
61 73 5
43 29 30
34 42 71
8 49 30
71 11 52
58 42 36
64 71 75
47 19 16
67 4 11
49 18 8
29 19 76
36 39 8
55 24 31
42 35 76
26 21 100
59 35 100
25 10 4
21 36 5
65 0 76
43 6 45
41 5 38
38 36 44
58 25 21
52 51 12
23 13 49
59 13 9
2 15 26
34 67 65
45 39 79
59 14 32
43 34 71
68 35 29
65 55 73
24 5 100
40 17 28
35 70 56
68 32 49
21 20 95
42 39 20
28 70 74
58 21 44
72 53 79
39 25 23
10 52 14
33 19 32
68 21 32
67 2 54
67 45 74
10 51 51
51 67 97
74 8 52
69 49 26
36 74 66
27 6 53
75 36 75
67 15 37
46 0 68
8 36 8
22 11 65
63 15 60
13 67 60
59 26 4
11 56 7
10 67 83
51 1 4
50 72 12
73 62 83
11 20 40
34 58 99
54 48 77
51 12 53
61 27 48
22 64 38
53 34 58
41 30 9
48 67 73
34 18 31
30 71 69
43 74 90
46 58 33
9 52 19
42 16 40
50 62 24
4 72 32
63 49 53
55 20 12
21 26 70
36 47 15
23 30 39
20 51 21
0 2 78
30 18 54
33 65 21
32 26 88
28 24 73
65 4 72
51 20 42
65 62 17
37 20 63
42 2 82
24 38 20
7 63 16
42 75 38
36 75 99
28 26 29
49 23 43
52 45 43
71 79 34
22 25 74
42 24 76
78 13 61
12 78 69
75 70 25
71 28 61
22 77 83
69 72 81
16 74 41
63 34 31
66 38 85
0 71 95
60 26 26
35 18 39
44 60 88
61 56 9
39 27 37
54 59 80
20 31 50
26 39 41
14 42 68
42 33 96
66 70 38
41 54 7
62 51 21
75 53 91
38 0 70
24 68 45
62 29 37
29 47 19
10 68 86
24 7 4
41 60 8
9 8 47
47 44 86
28 69 31
5 29 23
48 12 56
43 51 83
14 6 9
42 4 84
26 30 5
21 5 29
13 56 1
39 2 45
62 24 58
77 58 75
30 19 22
47 36 48
70 12 51
10 62 71
27 9 6
25 53 58
4 60 47
39 11 21
37 66 71
68 19 70
59 77 54
74 38 69
39 35 26
38 60 24
36 69 74
46 52 72
78 70 35
39 34 35
78 73 18
77 31 45
73 7 41
8 65 61
27 46 22
22 0 26
12 50 50
46 79 2
51 29 24
33 78 9
58 19 85
9 55 61
20 18 73
48 53 43
14 75 49
71 20 49
71 14 70
55 54 64
14 53 20
15 21 24
1 53 52
62 6 82
71 65 28
32 0 87
25 27 44
75 47 96
78 44 40
39 18 68
63 52 7
17 29 56
38 49 77
0 10 1
41 49 27
8 78 28
61 51 8
13 43 23
32 39 37
76 10 76
7 13 32
11 70 55
70 42 41
76 64 74
41 64 91
44 38 35
68 24 98
6 50 69
75 19 41
69 5 97
5 2 98
2 39 65
54 77 100
67 51 19
44 11 70
22 8 97
47 10 46
59 42 39
41 22 3
33 75 4
73 53 25
66 37 19
69 26 16
5 48 51
7 75 84
49 61 52
71 1 15
15 67 82
21 74 2
75 43 12
47 34 18
68 30 9
62 36 1
22 65 79
4 7 75
41 43 90
47 38 83
12 37 44
71 40 68
36 31 46
71 42 41
49 48 91
1 35 54
19 67 60
74 64 52
35 0 95
45 75 49
66 74 63
45 36 83
46 30 91
42 67 47
21 54 41
76 1 48
42 71 22
9 14 87
9 77 21
53 40 11
54 28 84
19 53 44
31 53 15
20 34 76
63 2 25
5 37 73
43 0 7
16 11 46
24 21 42
15 4 89
2 42 52
78 20 72
79 35 97
15 0 69
17 18 92
31 12 49
67 7 56
43 62 57
47 42 26
10 12 90
19 35 81
43 63 98
41 66 24
54 24 88
55 16 18
46 72 42
1 51 59
58 9 20
44 17 27
8 72 62
0 29 60
6 27 62
34 79 77
29 23 63
67 38 23
2 70 26
19 10 59
41 79 75
9 1 36
37 56 41
38 37 67
69 50 55
62 69 43
48 28 51
52 55 29
11 36 44
48 31 77
67 18 43
62 59 14
11 62 62
22 5 85
30 65 68
62 46 42
20 66 25
64 32 22
0 55 43
14 23 93
74 28 88
60 51 93
19 39 70
8 9 22
42 9 72
49 53 76
36 60 19
64 7 47
20 41 19
65 44 47
22 74 25
65 19 65
30 9 85
47 49 89
34 56 2
62 47 41
79 13 76
55 49 41
54 53 45
21 45 75
25 55 38
56 59 45
42 22 35
4 43 11
38 35 32
45 31 83
1 79 15
75 52 48
66 29 2
38 4 67
43 39 43
49 60 36
24 71 38
35 12 3
11 0 26
20 48 50
23 8 92
15 78 43
68 11 8
19 38 78
29 25 32
49 78 5
51 69 72
56 17 18
39 20 3
34 68 98
9 5 70
15 25 41
70 46 90
69 67 27
14 76 42
44 22 46
74 44 42
16 4 7
32 31 8
22 26 48
14 7 8
32 23 39
61 40 91
77 29 30
56 37 80
27 63 74
53 47 69
70 78 70
62 39 98
60 79 72
55 39 70
66 17 73
49 32 7
53 27 91
54 0 74
45 0 79
42 44 28
69 53 37
25 0 67
66 75 43
48 74 83
50 24 83
62 48 94
77 14 22
10 39 39
63 47 52
5 35 30
24 76 29
62 32 87
9 79 83
66 54 68
45 53 69
35 60 14
30 76 5
68 47 45
26 13 1
69 22 32
1 44 60
47 15 100
70 58 26
73 75 73
5 31 13
6 37 51
65 60 69
47 51 79
42 31 88
66 44 3
52 29 33
30 8 4
17 43 94
51 52 50
76 19 85
16 66 91
37 21 100
32 79 27
46 41 45
69 70 89
49 65 1
25 58 87
5 75 50
5 58 54
72 75 10
32 24 76
53 24 18
15 18 14
15 46 58
61 71 47
62 73 10
0 40 68
56 21 39
58 41 50
64 38 6
44 35 81
35 29 91
33 30 5
55 61 58
56 75 80
79 78 26
59 72 86
10 75 43
76 0 28
29 55 35
42 76 77
61 22 3
39 9 19
68 70 99
30 39 32
20 33 64
31 21 22
51 75 12
61 20 20
1 17 100
78 32 72
71 41 9
65 61 57
47 67 1
47 52 54
64 44 34
70 50 68
16 5 41
15 79 2
36 9 16
73 4 26
21 60 68
65 48 80
31 23 7
64 72 25
29 60 35
58 48 66
52 74 75
77 39 17
30 70 56
18 55 41
5 40 70
13 25 7
62 53 70
30 55 86
69 0 17
26 62 42
20 27 47
9 72 67
20 17 73
46 66 14
50 15 28
71 63 33
60 36 43
22 21 12
14 62 28
64 5 53
74 13 94
69 75 98
24 32 60
11 67 10
45 5 39
65 9 13
65 30 63
46 42 38
74 49 49
68 52 33
77 45 93
72 17 39
61 75 20
16 64 99
69 42 86
12 31 83
7 55 84
41 27 9
43 69 29
54 60 56
67 53 94
59 44 68
71 6 82
43 61 32
22 58 97
13 48 80
29 41 64
61 21 8
4 64 14
25 14 6
77 12 51
52 58 75
75 8 88
51 15 96
48 21 57
68 75 78
2 51 50
19 60 83
43 36 2
5 10 96
45 26 94
31 14 75
59 16 52
58 75 96
62 20 38
72 52 91
73 18 70
52 21 50
55 35 27
59 39 11
73 77 36
58 1 73
69 13 70
55 75 6
67 60 5
63 14 48
77 55 20
40 35 12
25 28 3
29 51 90
72 31 49
64 47 13
47 45 18
34 46 18
65 17 97
6 8 39
7 68 9
14 52 31
46 50 38
8 69 23
77 41 74
52 75 89
43 38 7
49 36 14
2 45 71
65 67 32
42 27 60
68 44 69
17 62 21
71 25 18
74 63 24
25 6 60
72 23 20
30 25 51
5 8 77
59 76 12
76 11 27
51 8 75
18 8 51
63 54 76
68 37 76
36 4 5
56 22 36
55 78 77
54 49 89
40 54 79
63 53 86
51 41 33
5 47 21
56 73 45
10 78 3
5 13 5
33 70 94
65 71 38
11 63 76
33 25 8
67 19 6
48 7 39
68 13 28
7 76 2
44 53 64
16 59 76
67 68 97
44 54 71
13 64 62
65 42 5
24 14 71
79 31 2
76 55 15
12 34 3
11 55 3
9 44 58
4 31 93
55 0 35
34 38 6
72 54 93
48 2 69
61 11 59
78 55 57
22 48 39
72 79 82
58 79 99
44 46 47
50 59 35
11 69 94
38 18 96
22 72 42
61 7 1
38 29 45
9 26 32
65 28 55
34 48 33
20 42 14
58 18 78
29 24 36
44 66 100
22 40 3
79 40 55
22 73 47
14 35 68
50 66 59
23 65 99
79 30 11
4 56 46
43 64 37
40 52 90
77 76 42
12 68 59
16 20 94
53 39 88
9 32 54
45 65 25
76 78 86
43 5 6
33 72 27
41 2 40
27 20 81
67 64 16
45 38 82
71 66 32
29 59 74
61 79 66
11 24 94
53 6 23
38 24 71
7 53 5
44 4 79
35 69 70
25 67 22
1 27 14
15 37 31
18 49 78
70 76 12
8 1 81
54 67 1
40 48 73
79 55 36
32 67 40
11 30 85
58 5 84
58 68 88
28 56 76
47 28 69
0 32 18
26 52 86
54 32 8
37 34 89
22 23 52
54 73 12
62 60 29
34 27 54
5 77 64
77 40 54
64 76 55
38 74 19
15 12 34
69 29 81
5 39 5
13 0 16
11 7 68
66 18 35
44 0 30
23 14 70
69 25 28
59 61 15
33 67 41
19 1 33
44 13 68
63 61 38
31 37 95
47 35 13
20 30 86
34 77 28
16 7 31
45 71 62
33 23 17
21 9 4
58 63 90
34 51 63
68 28 51
32 11 7
65 75 88
49 16 11
56 53 52
55 13 15
48 27 87
18 16 54
2 8 81
27 22 48
26 11 9
34 28 51
2 33 6
25 7 64
47 16 68
30 41 9
34 72 49
26 36 46
29 79 24
54 23 55
5 7 49
72 56 15
59 79 94
1 68 99
74 52 1
73 72 70
43 66 68
8 67 18
65 37 98
69 61 59
45 61 80
6 23 61
53 79 17
25 63 21
10 20 66
46 32 26
44 7 16
73 35 88
58 8 55
52 67 31
0 53 61
48 42 27
48 18 35
78 5 26
36 29 6
63 74 53
59 70 31
72 32 4
70 79 65
47 5 65
36 20 52
67 74 51
39 74 45
30 36 5
65 34 5
12 51 15
53 50 46
28 10 87
6 43 60
13 78 49
6 30 59
29 36 5
55 65 53
38 70 100
13 63 21
51 42 8
16 60 57
38 32 20
50 53 92
17 67 85
29 73 39
9 40 77
39 44 40
16 41 87
44 45 83
32 4 15
10 19 87
60 78 23
35 10 5
34 35 41
36 38 97
40 42 38
21 40 55
26 28 71
20 14 94
10 32 89
27 41 58
32 44 97
13 34 67
2 65 14
32 61 18
77 59 96
31 32 61
24 62 16
20 47 68
21 22 4
65 12 71
0 17 100
7 6 76
24 1 82
68 53 25
37 2 15
32 15 29
60 61 11
47 46 59
4 46 98
38 10 23
51 21 40
7 14 15
74 61 27
16 24 52
36 66 15
17 11 100
26 43 53
4 50 30
16 45 84
42 10 62
72 76 3
62 64 68
28 79 62
10 33 31
61 28 4
65 2 7
42 34 63
24 47 9
14 32 65
36 21 90
38 17 82
53 75 58
65 78 77
28 44 13
42 46 49
8 29 32
41 25 61
64 12 77
65 49 51
63 35 99
11 35 74
72 21 66
27 73 68
11 78 26
60 13 72
15 54 38
46 51 14
32 20 54
15 47 53
33 17 20
43 58 62
23 77 64
27 34 96
42 14 90
78 53 63
0 22 83
66 69 61
38 66 11
17 77 88
27 56 7
6 33 45
62 66 83
74 76 1
44 56 3
78 50 46
26 54 29
66 68 59
24 78 100
79 68 71
61 68 68
2 37 44
78 47 8
16 79 73
38 67 88
18 51 86
40 28 22
60 5 45
77 4 77
25 41 1
4 51 42
63 32 24
50 6 79
48 44 51
16 30 73
37 53 80
0 46 71
65 10 40
47 60 96
4 23 90
37 14 27
51 71 81
42 66 24
76 4 39
32 60 90
34 47 16
5 23 38
71 9 64
72 30 89
49 72 8
24 70 98
21 16 95
78 65 98
10 53 39
52 10 77
5 25 94
13 38 85
46 23 49
30 5 37
19 7 78
27 14 60
74 30 67
61 65 46
13 40 47
52 72 3
76 60 60
28 1 31
65 59 56
50 63 2
71 33 61
33 44 5
16 43 34
71 47 68
79 66 37
49 55 56
9 15 18
37 51 75
78 43 10
75 1 12
36 49 91
55 67 86
68 59 15
75 33 21
29 22 71
61 49 67
56 36 3
36 12 1
67 13 27
21 61 86
68 14 66
23 64 38
59 69 19
46 64 40
26 4 28
41 68 55
25 48 32
6 22 86
56 5 44
70 60 31
17 61 83
6 47 90
77 5 15
77 54 42
51 50 41
63 27 94
14 72 92
33 16 94
74 7 14
5 49 66
33 9 64
24 39 10
34 31 39
74 17 57
76 45 88
50 48 61
1 29 41
42 29 4
6 65 40
19 0 95
14 61 43
73 22 6
24 66 67
39 67 97
44 20 85
48 68 45
39 15 86
41 17 55
22 54 32
43 45 82
55 53 46
79 44 16
53 30 68
21 46 68
45 51 98
50 40 64
28 63 3
55 38 79
77 13 36
42 37 90
79 45 73
69 14 99
36 65 61
14 0 98
22 46 62
58 10 57
67 23 82
40 53 82
21 39 97
70 6 91
70 17 20
70 0 20
37 41 7
67 36 15
60 62 35
11 13 72
64 14 61
4 5 39
43 46 7
15 51 75
24 34 12
65 74 6
30 23 37
39 50 19
24 59 25
15 42 88
15 17 74
40 71 91
41 73 94
42 72 15
19 61 92
27 29 70
32 12 34
25 56 76
45 42 75
60 53 79
40 46 38
77 6 34
22 33 10
40 78 92
38 71 70
30 75 36
17 9 95
79 76 34
45 59 16
42 47 13
61 8 7
16 36 83
24 56 24
25 30 22
48 62 45
55 17 73
35 19 99
54 16 98
66 24 51
10 8 45
52 79 72
26 29 38
55 46 22
60 38 29
52 60 50
72 61 37
15 71 6
23 17 11
64 37 66
48 14 97
41 70 60
1 56 41
59 27 97
54 72 12
70 49 5
26 18 5
39 68 72
43 75 10
76 5 30
75 67 48
33 54 79
73 15 29
63 45 42
35 41 84
79 12 22
53 45 60
12 44 1
77 53 41
26 8 55
26 40 6
7 16 72
65 26 67
35 78 10
50 36 54
10 9 97
8 75 56
31 63 13
55 72 79
74 11 17
54 41 23
25 47 26
25 66 58
55 14 11
50 67 9
58 6 34
60 7 2
47 1 2
62 14 88
55 51 12
31 11 20
27 5 40
11 61 62
28 38 83
16 25 27
37 1 75
29 63 38
51 17 37
45 1 32
50 18 66
49 22 27
63 29 58
43 26 29
35 25 86
42 21 37
37 42 94
30 17 58
61 50 84
21 10 25
66 21 3
73 58 69
16 68 3
56 77 69
36 77 70
36 16 75
14 19 34
63 0 70
36 78 25
35 43 98
2 71 64
56 76 33
78 26 2
42 74 35
54 69 68
32 42 45
38 42 79
49 52 88
36 32 11
5 50 97
53 37 47
66 19 91
12 22 48
53 52 31
50 68 79
22 41 90
15 72 15
18 78 99
52 15 92
62 1 85
60 23 66
18 42 71
37 52 29
23 46 63
38 51 84
65 7 67
45 17 22
67 71 68
51 59 90
79 33 48
64 31 82
7 39 51
9 33 74
9 4 53
53 71 52
49 40 4
4 0 23
20 0 48
20 53 64
73 74 1
20 43 50
70 8 100
11 39 83
65 8 61
77 38 76
0 75 31
72 60 95
71 62 23
10 43 66
2 0 43
29 28 88
37 25 67
67 42 97
33 1 36
37 18 50
64 20 34
7 12 73
28 12 100
38 58 96
54 42 94
20 16 36
26 70 96
41 6 72
56 71 7
66 71 18
7 38 91
47 25 22
4 10 62
69 8 47
25 35 45
14 30 3
39 63 62
23 48 34
53 17 35
39 10 51
43 10 39
25 15 33
21 2 100
74 59 21
11 23 9
72 42 48
69 39 16
26 79 74
24 15 92
43 72 18
5 22 11
47 41 66
48 66 34
51 30 29
54 71 62
43 73 33
56 9 20
73 61 50
13 5 9
79 37 23
50 69 46
42 36 66
6 15 88
1 71 23
55 21 91
74 20 58
2 5 65
33 4 46
41 4 79
29 50 53
38 68 87
27 60 56
27 10 36
59 34 58
26 6 35
43 70 55
75 73 71
78 15 24
46 44 84
33 42 51
14 70 64
61 36 33
11 34 90
28 13 18
46 1 37
33 7 56
72 71 12
43 28 99
30 48 95
21 58 54
16 10 4
72 10 37
12 56 81
42 19 62
21 75 46
60 2 46
40 44 35
14 49 37
27 7 28
0 70 16
49 30 47
79 58 75
44 42 60
54 55 36
59 66 31
61 58 77
54 76 63
5 42 46
20 67 53
76 58 16
50 11 5
24 23 75
54 45 7
69 77 31
79 49 34
75 20 19
79 14 94
63 65 69
78 28 97
8 37 83
25 19 96
72 62 26
58 60 55
49 29 84
41 48 60
48 5 82
45 41 92
15 45 92
18 44 86
26 41 93
75 2 16
8 52 99
61 0 64
65 40 56
4 28 77
9 65 95
41 45 94
34 7 6
42 6 39
4 58 22
30 73 15
17 48 27
61 45 41
78 56 30
22 1 28
75 74 8
59 5 96
42 28 32
56 13 49
16 73 40
19 20 100
33 76 48
44 67 56
1 48 15
10 44 10
38 79 42
4 19 3
55 34 100
48 19 65
28 20 70
53 76 82
2 77 2
58 20 37
53 62 83
76 49 48
67 54 97
14 40 59
44 74 26
13 71 36
18 64 40
34 11 48
43 11 47
31 46 42
31 65 35
60 64 82
60 55 100
52 6 93
68 78 99
12 25 63
52 4 67
26 65 81
4 42 54
51 64 10
45 48 38
14 27 20
54 17 77
32 5 55
56 41 5
29 16 38
6 0 69
12 0 27
69 9 87
56 67 100
6 41 46
79 32 25
71 2 61
73 23 69
2 62 2
48 36 90
19 23 22
28 66 76
2 30 44
17 26 96
22 50 82
0 59 20
11 2 31
10 61 79
26 17 61
39 28 100
30 2 6
73 33 41
56 62 30
55 63 36
45 32 65
61 48 100
35 34 87
29 44 44
11 68 100
66 67 75
29 48 68
53 69 15
49 4 54
59 31 68
78 63 30
21 12 35
11 28 46
38 46 74
10 64 46
40 13 73
64 45 24
63 38 78
26 75 91
63 39 62
7 19 13
12 2 71
24 61 84
15 23 40
62 67 86
16 49 67
15 24 72
62 23 90
32 41 54
67 58 51
23 5 12
9 0 51
67 17 96
18 68 67
33 71 15
37 58 69
31 67 88
33 10 48
66 58 67
46 7 12
7 11 27
53 66 93
29 49 58
8 59 14
45 24 86
25 34 33
47 58 43
13 15 42
46 4 23
51 76 53
29 72 21
9 59 67
70 19 73
46 16 69
31 30 40
65 16 60
10 18 39
7 58 93
49 15 15
34 71 39
68 7 38
46 27 25
8 61 48
15 68 4
29 18 51
17 71 1
6 40 70
56 23 68
18 59 79
0 61 25
35 21 57
21 23 21
43 79 97
59 36 38
48 55 94
44 32 10
35 76 71
39 59 51
0 14 2
25 16 32
18 14 69
61 44 33
49 0 18
53 58 26
44 12 24
39 51 69
52 68 58
60 37 31
45 27 29
24 11 37
4 38 54
62 77 43
18 0 12
10 27 73
69 24 38
37 11 78
34 74 37
52 35 14
51 62 33
33 53 100
27 70 45
43 48 66
5 60 74
11 12 13
19 68 99
71 51 57
59 75 17
79 34 62
16 40 13
33 36 88
53 38 67
7 51 74
70 13 98
59 19 48
53 26 22
55 32 76
70 25 45
29 32 34
26 47 66
60 77 87
14 46 89
10 48 76
19 66 44
37 62 90
71 46 47
4 53 88
61 53 81
0 31 64
18 21 20
1 15 68
71 18 85
50 35 4
18 12 16
72 1 71
20 69 16
1 7 64
69 33 42
62 21 17
56 8 10
10 72 57
64 73 53
60 19 48
51 37 89
22 49 95
77 46 31
2 23 52
11 31 77
59 17 81
21 24 87
19 71 94
64 6 46
78 75 54
30 72 19
28 50 23
34 50 5
56 24 66
32 49 9
13 2 83
17 23 80
28 67 66
6 46 58
77 71 19
49 51 86
41 11 70
49 54 47
17 22 96
11 27 65
75 7 3
18 37 34
45 47 35
31 72 45
78 36 72
19 2 50
62 0 32
35 64 2
15 69 58
46 20 51
24 9 50
21 52 90
46 69 65
37 73 87
24 54 66
68 29 87
74 68 71
55 18 38
54 27 61
9 60 54
45 66 80
14 58 30
59 51 19
39 46 54
63 12 62
39 31 20
71 73 88
15 8 91
72 45 78
11 26 38
21 44 40
48 61 99
60 32 87
20 19 54
58 16 60
70 66 19
45 44 79
61 43 83
15 62 16
54 12 46
37 28 29
31 71 95
42 45 51
66 32 5
51 14 44
38 76 32
33 46 73
26 74 39
66 15 81
11 51 55
76 31 7
22 38 43
31 40 16
41 29 70
26 77 65
55 77 8
47 23 28
76 62 38
71 77 38
33 29 6
77 43 23
8 51 16
74 58 19
71 22 74
64 58 45
64 51 53
36 35 98
6 75 62
24 65 18
26 24 11
52 5 18
9 28 24
14 63 47
25 5 29
31 24 26
72 28 45
68 40 52
75 63 98
77 50 18
15 73 56
43 2 11
41 21 36
21 49 77
56 42 4
2 58 55
27 11 35
5 45 82
38 65 27
66 59 66
19 9 80
67 43 27
40 51 100
52 53 51
47 24 56
19 41 8
26 45 65
59 32 8
40 36 64
15 27 9
49 46 35
23 44 38
67 29 20
69 36 43
18 69 93
60 48 95
70 32 77
26 76 88
20 8 17
68 49 49
18 73 22
69 47 11
17 28 99
18 47 82
22 14 33
35 23 12
46 12 24
53 8 61
70 30 50
0 37 50
1 25 49
48 1 23
43 19 66
40 31 10
62 44 6
19 36 85
45 72 3
51 55 80
27 19 19
44 5 59
66 25 82
28 16 33
12 28 57
63 64 27
4 35 70
68 50 43
33 28 68
0 56 93
28 49 20
53 42 67
67 14 73
31 48 55
79 39 45
6 2 31
28 40 91
21 67 83
15 7 21
48 26 36
59 50 13
20 76 13
38 13 84
36 40 77
45 62 54
41 13 75
45 73 2
59 33 56
36 0 24
50 73 11
30 79 31
69 1 67
38 20 68
60 25 11
47 79 30
69 64 25
5 4 38
23 20 49
27 12 67
73 14 41
51 34 4
68 8 97
14 13 8
6 54 78
7 40 21
76 48 6
79 4 48
16 55 34
0 68 2
2 48 47
5 64 23
44 49 98
41 28 75
63 51 52
13 24 40
26 22 88
62 79 82
11 53 88
70 39 68
48 10 69
28 48 84
47 53 91
12 6 40
7 64 41
34 37 4
36 18 73
31 1 4
49 31 3
73 38 24
1 34 45
26 71 18
49 69 10
37 35 4
31 0 70
36 51 91
22 76 60
2 24 41
66 27 82
58 43 76
58 73 67
60 34 53
13 65 98
17 5 34
74 39 26
4 22 65
45 13 35
38 62 59
12 14 77
0 43 50
39 17 58
20 44 61
48 39 37
47 9 3
1 39 62
9 66 70
34 25 26
65 56 98
9 47 44
1 54 33
8 14 28
46 61 92
70 28 21
48 73 100
10 69 7
45 14 26
42 60 25
38 50 65
13 58 19
60 47 92
18 11 18
71 13 84
68 65 28
63 22 10
75 11 7
66 33 7
46 67 14
71 31 57
58 51 41
77 66 76
30 35 39
64 60 28
30 61 92
13 18 11
38 54 94
16 27 13
45 21 76
17 39 20
25 44 41
5 73 16
69 37 55
22 66 75
63 55 76
58 53 64
35 56 21
69 63 51
26 19 90
22 36 65
77 70 68
48 38 58
2 50 64
7 30 94
31 9 41
2 52 34
41 8 63
29 35 49
50 76 32
58 13 96
67 31 34
4 20 24
7 5 41
71 15 26
75 54 14
60 46 31
74 43 33
25 62 93
61 16 74
61 10 47
24 67 51
11 9 27
25 32 86
66 26 72
60 12 38
63 37 44
55 50 56
70 53 56
47 56 51
52 50 41
72 11 18
61 42 8
48 43 40
40 59 38
72 20 48
19 74 62
62 55 6
67 16 26
33 61 46
69 11 4
56 1 69
53 5 71
38 41 6
69 32 62
72 59 15
76 75 19
67 77 34
24 19 4
48 23 66
1 19 5
50 79 36
12 11 97
37 12 71
41 16 72
50 70 37
21 62 91
33 74 34
16 13 25
50 19 25
44 27 29
69 45 38
54 15 34
38 48 64
7 24 73
19 47 80
2 10 64
63 44 93
30 42 44
77 56 90
22 10 89
69 27 51
14 28 16
75 77 28
53 2 17
10 59 40
1 50 97
26 23 89
50 1 29
37 60 82
14 64 34
46 19 54
4 1 55
54 66 33
13 62 45
70 45 45
76 24 35
45 70 64
7 56 93
66 39 57
75 64 15
61 59 76
46 65 2
34 63 26
52 0 74
68 16 65
7 17 45
16 26 94
53 20 78
32 46 24
59 9 95
17 70 78
71 70 77
71 54 74
49 12 51
38 27 16
10 49 2
70 73 12
31 4 97
45 79 78
52 42 62
67 5 15
67 69 88
59 18 66
10 7 1
45 9 2
16 52 27
22 44 85
48 25 12
40 0 59
44 79 94
11 77 59
56 43 31
18 34 51
51 4 24
55 64 79
75 55 37
51 63 82
33 47 15
23 58 3
76 41 80
15 20 57
2 32 76
47 18 14
11 6 60
37 38 33
24 58 87
67 27 6
39 7 25
19 13 85
41 65 32
61 46 47
26 42 23
65 11 98
73 16 71
18 70 20
10 66 51
55 76 21
79 75 62
76 50 58
50 14 4
20 15 56
28 74 28
60 49 68
8 28 98
20 52 55
39 61 27
68 4 12
4 78 2
63 5 61
0 79 40
1 9 15
66 10 20
62 25 10
2 53 7
73 66 86
67 25 81
16 0 38
71 34 72
18 36 79
48 9 23
73 79 30
52 16 84
46 14 46
4 73 44
13 30 70
66 9 67
51 68 92
22 27 21
45 19 72
75 69 95
17 35 5
27 42 13
42 73 63
12 75 31
5 53 96
4 30 19
9 13 85
63 76 77
70 21 55
22 71 30
49 67 75
53 68 60
65 70 7
49 42 75
74 56 76
47 62 44
54 5 8
58 46 11
39 42 27
13 22 23
4 24 80
38 44 88
58 56 77
46 55 57
30 10 93
65 5 15
7 29 87
5 6 23
21 64 22
73 63 2
56 35 96
48 32 44
17 46 1
72 15 97
9 36 11
8 42 65
19 52 91
36 76 100
2 75 57
67 76 58
21 59 51
20 64 77
42 5 45
9 45 46
20 78 19
30 38 92
40 50 43
9 62 60
51 58 94
9 67 25
7 44 34
38 25 81
78 52 35
40 58 33
40 16 35
70 69 32
21 48 29
30 45 61
4 9 47
54 38 18
58 36 95
22 63 45
67 79 30
60 11 11
28 6 65
73 27 63
69 38 34
5 16 5
21 38 3
14 45 2
23 74 71
63 28 19
59 7 19
23 15 49
7 32 62
53 35 20
28 35 12
69 78 39
25 73 95
55 22 70
53 70 28
24 74 59
54 33 55
22 70 98
53 9 81
35 59 57
36 1 19
59 46 59
17 30 100
24 12 92
8 71 85
25 21 81
71 10 83
51 43 58
4 61 54
28 52 43
72 49 12
45 50 100
63 25 60
32 65 2
73 0 62
25 65 15
48 56 41
60 65 86
15 26 31
23 1 14
13 72 75
60 4 38
70 31 64
49 26 50
24 49 19
4 33 73
8 74 77
31 33 77
2 21 7
77 48 71
2 34 7
10 50 62
42 52 27
24 26 66
31 47 73
6 35 100
15 16 34
32 30 48
23 60 87
30 12 39
27 47 56
30 47 30
11 65 85
5 36 93
70 41 8
70 2 78
38 47 91
52 26 69
23 61 41
30 54 38
61 72 35
40 12 19
10 26 75
22 51 37
78 48 37
62 56 91
13 23 95
23 43 84
13 75 14
71 74 66
10 15 35
4 65 91
71 55 7
72 25 45
26 64 68
12 49 38
4 14 38
47 59 31
30 50 13
39 75 83
59 24 40
8 73 81
38 63 43
18 61 14
5 0 89
46 33 39
76 21 100
30 60 96
18 4 99
75 66 66
77 61 91
31 74 53
20 58 70
1 36 64
19 54 87
39 16 2
33 62 76
10 0 9
26 35 91
72 13 52
64 46 55
0 72 50
52 25 20
36 15 14
79 62 6
76 2 75
46 76 15
21 7 94
21 76 30
39 24 82
19 59 4
77 74 79
7 26 28
56 50 38
2 20 53
65 54 2
43 25 57
79 25 49
48 30 94
64 19 59
73 17 61
46 39 97
12 42 12
19 64 93
32 43 4
24 77 27
44 47 13
40 11 92
6 66 33
36 79 95
72 41 94
36 25 56
8 2 32
50 54 47
35 20 63
32 7 92
41 67 62
8 21 80
35 14 17
54 36 34
59 60 90
14 17 43
51 47 55
27 35 10
6 55 42
13 55 97
24 51 65
77 78 63
79 51 33
37 65 50
29 21 96
42 65 95
6 14 84
74 53 45
64 43 13
58 28 83
23 75 65
71 72 25
15 58 30
18 66 94
2 63 57
29 75 91
29 67 72
78 0 43
70 16 79
23 0 8
25 61 3
62 27 14
64 17 7
50 74 4
13 61 24
60 73 81
74 16 65
79 74 11
75 46 95
66 28 77
48 54 69
35 17 52
30 31 9
75 26 33
46 54 34
63 59 90
69 16 16
59 41 62
12 13 41
77 23 81
75 4 29
25 26 66
34 55 73
41 26 7
55 27 73
7 78 35
60 71 29
41 52 54
71 32 82
53 4 95
49 70 91
53 0 98
30 58 89
54 68 66
13 32 79
29 58 26
62 63 15
4 27 90
18 65 93
49 38 62
43 37 46
28 21 65
79 15 12
74 2 71
41 78 69
9 58 51
78 8 36
20 6 39
60 33 52
7 18 51
0 62 10
27 49 69
50 16 80
67 70 65
45 4 97
60 40 44
70 37 72
37 68 11
62 76 58
73 67 31
37 39 47
26 59 20
5 15 17
71 29 11
9 23 56
1 40 63
25 18 82
55 10 61
27 4 6
56 6 97
66 77 28
60 29 55
48 79 25
7 22 80
60 44 25
30 20 99
24 37 69
72 77 80
16 34 38
72 58 11
62 30 64
20 46 66
32 56 99
4 74 18
64 22 88
66 23 78
49 62 41
37 45 51
26 63 97
16 77 73
64 36 24
54 62 47
31 42 16
51 77 100
52 17 51
42 64 54
59 30 31
77 16 97
75 30 53
20 61 32
54 13 74
23 42 10
62 37 50
71 37 82
41 58 89
27 25 31
76 70 82
68 27 32
65 53 78
15 61 100
39 8 17
16 38 64
53 10 31
37 4 58
22 9 27
19 69 57
40 70 85
55 79 43
36 63 21
8 68 85
48 72 37
61 35 3
78 67 81
75 15 40
71 58 10
31 62 81
59 2 36
29 20 31
22 68 36
65 38 36
8 17 78
60 67 33
47 2 96
43 54 72
65 72 22
16 12 43
38 39 65
30 0 40
55 44 4
31 16 31
4 2 70
15 74 20
1 5 24
54 22 17
24 42 11
12 30 32
10 45 60
19 31 86
41 19 4
50 28 14
58 54 59
23 69 1
0 13 12
28 34 1
39 4 30
69 23 8
17 25 38
45 11 97
36 10 78
36 43 52
47 55 54
5 67 73
1 58 84
15 66 92
66 61 97
50 78 50
11 4 73
49 33 5
23 11 24
40 21 89
76 53 26
72 0 4
36 19 73
31 43 34
52 30 8
17 24 8
56 15 42
30 69 65
10 4 56
16 37 46
31 25 48
12 7 49
39 5 24
22 7 42
15 75 58
58 70 27
61 25 15
62 52 36
51 26 33
1 28 44
49 19 45
65 52 20
46 17 31
39 52 52
50 21 1
38 8 24
6 24 72
49 56 47
1 41 17
32 68 98
73 52 55
46 22 12
67 55 79
10 34 77
61 78 41
8 44 22
46 13 20
23 68 68
65 18 32
69 58 99
11 74 25
35 2 90
1 43 100
25 11 38
11 5 23
45 33 87
47 72 58
74 78 81
23 62 41
34 26 12
77 64 56
76 65 55
33 27 75
16 63 94
36 14 17
58 66 68
37 6 60
26 78 24
40 6 17
13 47 44
37 22 61
39 43 3
50 42 47
56 10 60
55 43 61
64 40 24
28 78 48
5 43 91
26 73 57
26 55 62
41 62 35
58 23 40
4 8 67
43 23 95
60 1 8
77 32 84
44 28 60
52 77 59
9 54 52
62 9 86
15 43 42
37 9 87
53 32 4
29 46 68
52 28 39
73 47 21
54 35 22
10 77 62
78 33 95
63 1 81
21 63 79
11 42 97
66 72 21
44 75 83
34 73 27
55 5 8
49 68 56
2 61 59
21 66 52
73 2 27
61 14 11
34 43 2
75 56 66
62 33 30
5 12 39
64 21 21
2 44 19
14 2 95
41 44 98
48 11 23
27 62 85
0 66 78
4 6 78
9 42 10
58 71 85
77 19 14
50 22 56
50 31 48
22 59 25
16 46 78
14 66 23
25 40 19
42 32 69
38 56 7
21 35 30
47 54 61
32 2 37
15 55 34
34 75 99
14 50 59
50 34 40
38 5 98
36 27 53
68 74 70
16 51 35
8 27 96
32 73 91
4 59 9
18 13 4
14 1 13
24 36 88
78 6 7
2 22 78
32 45 67
33 39 80
9 7 4
17 60 11
15 53 13
22 75 43
29 8 63
2 14 74
56 32 91
11 60 45
0 6 3
19 62 13
63 10 81
1 13 79
6 48 57
34 5 18
62 28 86
69 79 4
26 16 46
28 76 26
36 55 26
74 79 96
74 46 45
78 45 9
70 64 9
26 12 42
4 70 55
59 1 69
71 23 100
31 18 4
56 40 25
67 61 53
31 52 62
67 10 45
1 38 2
34 32 57
34 40 100
78 69 75
46 37 80
79 20 36
8 6 83
28 46 10
39 47 36
30 11 21
62 12 20
55 30 5
68 60 84
17 68 87
7 62 2
24 40 56
16 75 39
78 1 23
7 60 6
26 51 89
74 62 78
46 15 8
1 78 50
44 37 65
20 50 65
32 37 93
56 29 25
0 63 3
74 55 60
79 67 20
62 65 96
14 26 85
39 19 88
13 1 72
73 26 15
64 11 26
36 24 43
56 66 70
10 14 72
18 67 46
11 64 72
58 78 36
52 27 18
25 2 75
22 62 20
16 42 64
32 9 96
9 22 73
18 39 49
17 21 93
0 44 21
20 36 84
25 12 17
49 17 45
75 37 50
29 77 86
14 5 15
49 58 2
21 28 9
23 79 53
65 76 49
49 11 44
60 42 87
1 76 47
10 5 66
70 23 9
78 21 66
42 61 1
79 0 39
65 79 49
30 40 63
64 65 61
62 31 51
78 18 56
77 72 57
10 1 16
18 40 60
76 77 35
18 24 63
54 50 98
74 35 49
27 0 79
9 37 84
32 54 16
9 64 27
78 74 5
0 50 61
44 63 43
5 34 43
53 44 89
21 65 63
74 45 32
73 64 67
75 29 6
18 17 10
18 74 80
54 26 43
28 54 70
56 39 21
36 54 88
25 33 61
33 35 80
18 32 91
14 38 39
19 56 30
14 74 72
54 2 19
34 70 27
66 43 30
66 7 49
72 73 56
59 65 79
47 30 60
18 71 88
15 60 52
8 45 10
63 56 23
8 62 68
64 24 62
17 37 13
40 61 59
47 13 26
55 66 48
75 31 54
50 61 86
73 39 25
48 76 57
26 1 20
13 45 8
61 37 1
28 19 18
50 12 45
30 63 78
49 2 87
53 78 91
27 32 22
34 60 60
36 62 27
39 14 15
12 72 56
33 8 87
27 39 85
22 6 14
69 21 80
13 41 18
39 71 34
20 13 53
79 50 4
56 14 100
32 19 37
2 76 45
70 62 52
18 72 14
8 20 72
61 74 20
63 20 70
23 66 63
44 1 96
31 51 10
56 52 46
33 15 23
60 17 73
60 21 6
43 76 10
45 8 8
37 59 28
41 35 82
76 51 34
38 19 37
28 4 12
58 24 6
60 16 38
38 7 5
16 72 57
67 52 46
62 38 80
46 77 50
11 52 88
34 41 72
78 4 27
74 32 41
68 79 18
22 19 46
25 42 18
17 59 70
22 61 14
76 42 98
8 13 64
24 64 16
62 35 71
72 78 95
13 68 3
24 2 47
67 39 81
63 21 91
27 75 91
1 64 26
5 69 18
11 32 64
1 32 20
36 34 80
45 78 2
26 61 19
44 43 43
15 65 37
70 33 29
22 31 79
37 78 78
68 55 20
76 37 54
55 31 88
14 41 39
65 77 84
21 14 45
18 48 74
2 28 50
35 40 70
65 32 26
4 69 59
18 58 84
69 18 74
72 43 74
54 43 60
12 73 39
46 29 88
39 54 39
17 56 43
5 70 23
15 13 99
41 7 75
43 41 16
75 42 79
73 32 40
12 61 97
64 9 78
20 25 71
69 43 36
40 18 72
37 31 81
31 17 62
56 49 68
31 22 96
14 31 67
34 39 93
63 42 43
44 68 39
17 65 15
68 46 41
50 56 62
5 66 55
60 10 2
10 23 97
37 5 1
75 39 94
51 44 64
39 23 22
55 69 87
42 11 49
8 50 6
23 22 99
78 58 54
71 38 11
18 54 98
14 51 24
12 9 3
8 23 75
49 77 81
20 7 87
0 4 35
48 6 58
25 46 57
19 77 76
63 6 3
64 77 37
2 6 6
49 1 91
43 53 9
17 2 55
6 67 53
64 62 64
21 13 4
44 31 15
53 73 4
59 73 60
78 51 12
28 77 14
9 41 16
6 62 3
50 75 91
6 32 90
29 70 41
56 31 25
37 74 13
17 51 82
35 73 29
28 36 14
55 15 31
18 45 100
50 29 12
15 56 77
70 1 60
54 64 60
7 35 74
4 34 87
42 0 39
43 55 3
4 21 66
76 43 83
41 38 98
51 72 20
22 35 16
69 4 40
51 33 52
72 29 78
65 1 78
54 51 92
23 39 67
10 17 27
73 78 21
70 15 90
9 19 58
71 48 61
70 48 66
58 15 42
20 21 16
11 72 21
59 37 26
73 68 35
66 45 59
52 40 34
30 59 45
27 52 9
66 56 17
16 54 90
42 58 84
58 12 46
35 27 50
45 34 65
50 25 50
61 18 33
73 5 44
48 52 1
72 51 10
41 14 91
75 41 15
62 71 97
17 33 80
29 11 41
12 48 82
33 22 57
41 31 76
25 59 77
68 18 2
20 26 66
55 62 71
42 23 85
66 13 69
40 68 51
38 28 41
56 79 47
40 37 73
0 8 20
33 55 41
54 63 28
78 72 30
16 14 47
63 24 94
52 9 57
42 1 50
17 73 75
72 38 72
74 75 72
2 56 3
38 14 71
65 45 61
37 36 33
73 36 49
44 8 75
70 7 89
5 76 66
45 10 64
12 69 78
1 24 31
2 69 14
63 78 45
19 16 55
45 55 29
68 6 12
69 52 63
10 2 57
53 43 7
10 71 78
62 4 10
38 77 99
55 47 99
37 70 12
56 0 89
58 17 5
76 38 38
61 66 49
75 5 48
38 12 92
41 59 95
6 71 98
44 40 19
12 23 41
55 58 86
59 20 91
14 25 90
35 75 42
13 49 64
31 79 77
20 38 95
20 29 23
78 2 16
25 52 2
53 14 9
67 20 68
61 47 2
29 42 34
50 52 40
17 38 16
77 8 98
39 78 3
18 53 27
29 39 4
15 70 42
30 6 66
35 6 74
19 49 69
60 68 65
28 14 55
77 18 4
54 25 2
1 37 11
48 29 80
8 25 21
65 41 2
30 22 8
7 73 86
34 49 30
17 12 81
12 58 50
42 49 77
54 56 70
45 2 32
65 39 26
78 17 3
73 10 84
32 22 56
55 4 94
33 63 43
33 12 36
25 24 10
46 73 39
52 73 62
24 41 59
32 34 42
39 65 66
5 51 19
63 69 95
44 51 73
16 78 94
2 73 67
74 27 93
70 18 21
29 56 95
71 50 56
62 7 53
32 10 62
24 31 40
12 46 49
69 76 60
20 73 43
51 49 53
0 73 25
36 46 61
67 50 8
72 19 74
54 46 87
53 77 69
31 2 51
30 52 74
78 62 79
41 12 76
52 49 52
23 36 74
56 54 90
16 71 53
25 29 87
29 14 71
35 50 79
42 41 57
0 78 24
25 38 1
17 44 45
1 67 51
11 50 61
71 19 65
1 72 53
7 21 57
36 41 26
30 32 8
45 74 68
33 24 46
68 23 84
71 56 55
10 16 73
35 63 13
31 38 21
37 8 62
70 36 22
66 49 89
6 13 56
25 64 88
68 64 100
35 16 68
15 14 56
60 76 83
64 49 73
2 38 72
32 53 69
76 6 81
56 28 13
44 29 3
29 38 68
0 39 91
26 34 61
25 68 17
19 29 53
79 47 63
74 36 49
19 40 41
40 72 60
55 56 2
51 25 41
9 48 61
75 45 22
17 45 88
7 8 75
75 34 87
45 43 83
34 2 62
40 7 96
65 64 92
50 46 34
25 69 39
44 77 70
11 59 76
12 39 21
17 8 36
24 55 45
30 46 26
45 23 47
7 28 76
14 48 11
1 62 34
59 38 16
35 26 27
71 64 6
36 44 78
40 69 46
65 31 47
37 29 84
54 79 64
42 50 41
12 59 1
58 11 43
43 18 78
75 27 26
12 8 40
11 8 12
49 6 59
4 44 17
61 12 45
11 19 8
32 28 77
49 13 19
59 6 55
1 10 32
23 50 44
20 71 78
8 4 29
8 56 99
0 20 94
39 45 48
17 32 100
2 74 15
78 23 65
72 46 70
24 73 6
44 10 27
44 62 19
22 53 3
64 0 93
45 29 62
72 55 61
30 21 44
78 7 91
38 30 86
35 47 53
13 51 83
74 0 77
46 75 2
41 77 37
27 24 93
30 78 54
28 18 58
78 61 38
35 7 71
75 38 26
64 74 56
76 54 28
53 48 7
7 41 44
4 25 32
28 33 6
16 61 62
7 77 41
11 25 33
0 1 55
76 52 2
6 26 86
2 49 67
52 39 90
30 37 27
77 22 83
29 13 98
12 35 28
29 65 48
46 24 37
27 48 85
23 67 18
27 30 46
40 26 73
4 54 25
50 27 45
68 15 28
67 9 95
0 49 100
37 15 53
79 19 12
64 70 47
45 76 96
62 72 32
49 7 86
76 14 84
39 21 14
11 18 28
71 26 87
15 5 88
44 16 45
70 10 15
41 56 23
44 9 53
12 76 4
48 35 50
26 60 27
76 67 86
41 0 46
35 42 11
8 0 35
40 67 18
2 19 84
18 56 52
21 19 68
1 8 57
12 43 51
16 76 100
61 52 88
23 34 53
25 79 32
34 21 82
70 11 74
52 63 50
33 59 56
44 59 47
39 0 22
62 74 16
17 50 45
43 32 16
79 60 39
2 12 24
49 27 33
17 49 27
54 20 53
75 23 72
24 27 100
52 2 11
71 5 31
49 43 100
26 2 92
23 47 86
50 60 59
34 69 42
74 54 36
17 55 12
44 70 55
56 26 1
78 54 92
14 16 12
45 6 69
14 39 65
51 13 78
64 59 84
48 78 6
75 44 44
65 58 14
5 18 2
33 32 2
56 30 25
58 61 94
31 29 48
8 32 56
77 15 38
20 1 23
16 39 40
37 13 73
66 16 83
75 25 1
67 21 45
31 15 90
25 50 82
67 11 46
68 25 20
0 54 94
42 55 69
51 53 85
54 10 89
7 71 78
23 18 43
14 47 91
63 48 95
49 75 79
63 50 91
79 56 62
18 15 8
36 17 29
47 69 90
21 56 41
62 26 11
23 45 61
72 14 82
39 73 15
72 5 55
28 47 82
62 43 80
7 27 4
6 64 72
34 9 21
52 32 35
32 78 81
6 11 18
23 32 22
19 18 20
34 14 80
42 54 59
79 41 52
41 23 31
13 33 25
66 79 14
28 61 18
9 12 24
55 52 48
51 18 27
24 6 27
67 30 78
0 34 42
52 66 75
56 64 79
66 48 10
6 19 57
51 78 48
74 67 14
51 9 32
60 24 74
43 35 96
60 15 28
72 16 11
42 20 22
74 24 82
59 48 27
58 39 82
1 45 17
32 29 3
17 27 7
15 41 49
33 41 86
33 18 98
38 72 59
33 11 25
61 33 96
45 37 59
60 39 1
37 19 17
39 48 91
74 29 95
34 62 62
10 21 66
0 69 15
12 47 86
16 48 63
61 38 60
9 18 70
44 18 61
20 37 40
73 6 81
51 46 44
35 1 38
8 15 100
73 37 10
40 56 54
70 38 9
1 12 91
32 72 60
4 16 56
19 32 15
11 73 3
29 78 12
29 33 25
63 71 39
1 18 66
45 77 28
53 46 45
41 18 36
52 34 23
72 44 70
24 0 78
41 72 4
28 60 26
15 52 8
44 69 19
0 60 99
17 74 54
72 34 18
66 52 8
56 48 95
25 17 3
23 10 36
72 68 19
62 5 100
41 75 73
20 45 45
8 70 57
16 31 18
42 15 69
0 76 69
31 28 27
2 18 69
41 74 17
39 56 49
78 29 74
50 65 42
53 29 69
45 35 45
14 9 30
77 44 33
79 72 100
64 29 38
55 60 98
11 43 90
65 68 37
74 60 75
50 49 19
42 12 76
76 79 27
52 47 16
56 60 74
27 69 77
23 19 81
70 56 4
14 36 53
51 32 22
45 12 8
68 45 70
64 27 93
12 5 58
15 10 92
71 53 79
24 53 5
33 0 94
28 75 36
71 78 47
74 14 18
55 59 11
28 62 4
4 48 87
74 25 41
68 48 99
49 39 82
68 69 20
6 42 11
22 30 14
79 46 92
36 23 67
22 43 7
16 65 17
13 79 99
62 78 92
10 28 100
8 79 45
21 47 28
37 63 73
40 23 45
34 66 65
12 45 92
64 1 88
47 71 85
17 36 46
44 23 89
12 29 52
68 36 55
55 73 57
59 0 52
70 68 100
70 63 52
24 22 98
27 64 95
11 40 15
68 31 97
15 35 49
71 21 20
77 2 96
75 65 35
49 5 87
53 23 1
53 22 36
25 31 78
48 13 76
21 51 49
2 17 64
7 79 97
66 76 21
58 55 82
29 61 31
10 63 16
39 1 14
34 44 8
14 56 90
19 58 80
32 59 25
17 52 84
69 15 59
13 4 50
17 0 36
25 39 39
24 44 30
76 33 82
73 9 52
34 16 84
1 52 99
21 4 64
13 28 86
50 4 14
15 76 78
31 44 35
17 64 68
9 6 98
27 45 78
60 58 21
56 11 28
46 18 41
38 15 58
42 70 13
37 40 13
71 35 9
63 77 46
60 72 94
14 4 26
72 35 52
21 43 83
13 21 13
73 50 40
0 33 83
77 27 90
2 1 39
39 76 20
78 66 1
67 66 45
72 64 23
13 9 73
15 50 88
40 75 78
38 16 65
67 48 68
75 71 50
46 31 97
53 63 80
36 53 85
15 49 18
58 7 8
52 54 44
75 59 53
19 78 17
51 40 63
30 4 76
76 35 11
27 54 14
62 22 64
26 27 39
61 67 19
10 70 89
62 10 34
40 22 87
31 77 72
32 38 59
52 59 34
63 67 8
33 45 29
37 61 64
56 65 87
31 35 100
76 34 5
28 45 21
26 49 30
45 54 39
58 34 83
44 30 55
23 35 92
54 6 4
61 17 41
49 59 70
74 33 87
13 31 57
9 24 85
29 45 8
37 75 76
78 25 78
52 70 75
70 74 75
34 12 96
75 50 62
6 78 37
66 5 95
19 34 82
64 10 74
74 65 79
32 64 49
1 77 72
30 15 91
54 9 1
16 69 71
30 26 4
49 35 54
35 51 85
33 43 68
78 64 87
78 10 21
76 16 76
20 68 10
27 21 43
56 19 58
14 20 89
72 12 66
20 9 91
37 10 51
29 1 71
61 13 70
62 49 100
8 53 5
61 6 78
2 78 31
26 33 96
40 30 91
29 31 73
14 44 47
60 0 31
11 44 56
40 29 52
39 38 69
44 61 97
31 50 2
51 22 33
25 75 66
2 68 61
9 49 13
56 58 88
62 40 23
14 65 92
21 78 100
59 52 82
64 75 27
6 44 91
19 5 11
48 49 84
58 37 14
53 31 83
31 27 93
35 5 70
59 25 31
74 15 23
45 7 42
38 2 25
63 11 22
71 44 20
13 8 76
11 41 85
17 69 23
76 68 82
60 63 18
69 34 100
54 14 48
35 61 47
25 54 45
16 29 12
50 32 95
25 51 100
7 50 32
22 17 49
19 15 35
6 69 23
27 18 32
18 60 57
74 70 61
68 61 68
2 60 1
5 61 47
40 79 81
5 72 100
75 72 83
20 28 12
69 35 73
12 18 83
41 55 68
67 44 65
73 25 16
33 66 38
15 9 90
44 41 68
25 9 58
5 41 5
59 15 96
77 0 31
20 32 60
67 28 66
17 14 39
59 67 14
1 42 23
56 34 59
34 4 96
9 51 2
71 30 46
8 16 40
59 12 91
37 67 11
52 7 1
76 56 11
13 36 72
27 72 34
52 62 63
60 18 95
72 24 18
43 13 66
73 34 3
13 69 9
18 41 51
61 63 26
20 56 90
78 12 59
51 39 58
51 16 18
1 16 92
47 12 86
77 33 84
76 32 21
77 11 60
21 50 8
75 68 65
44 6 20
27 50 81
71 24 29
31 66 20
73 41 68
13 37 28
14 54 78
66 64 46
47 43 25
40 20 43
60 41 51
60 43 19
75 14 4
43 14 25
10 79 64
15 32 17
41 69 59
66 65 75
4 39 17
14 68 62
64 50 38
28 11 26
10 47 76
23 9 92
63 17 99
52 56 92
48 47 60
67 0 55
11 15 75
74 71 80
65 20 72
75 78 13
28 9 51
27 78 39
34 53 33
64 66 17
6 25 83
65 6 89
28 53 35
62 13 80
9 75 51
2 26 29
78 11 52
7 20 48
26 32 90
30 24 66
69 68 7
7 1 16
35 9 53
78 49 11
13 53 16
29 68 13
77 26 58
79 22 15
24 20 49
14 55 3
62 61 36
7 48 29
17 41 68
13 59 62
33 52 56
30 34 23
6 77 16
6 12 85
13 17 83
76 7 16
54 40 77
77 73 90
12 19 45
50 47 42
52 44 4
43 20 68
1 26 40
34 8 96
6 63 91
16 9 76
17 66 44
34 65 46
38 6 28
47 50 46
46 34 95
26 25 61
78 27 96
29 69 75
64 68 13
32 62 49
63 66 72
41 42 76
48 4 74
1 2 29
22 60 63
38 73 16
40 49 63
39 58 5
1 70 44
69 30 14
56 61 12
13 6 88
19 27 84
22 20 77
51 31 13
46 8 20
31 20 63
45 40 41
33 38 6
6 59 93
43 16 73
23 21 53
48 41 67
15 28 93
22 29 13
9 29 11
42 62 72
67 47 80
41 47 16
35 22 44
43 7 27
22 4 58
35 55 50
67 6 23
6 58 5
76 74 55
56 46 67
68 77 63
45 49 1
77 20 96
24 33 49
67 72 59
13 19 56
63 41 24
71 39 77
48 75 36
68 20 50
39 32 29
54 44 83
58 32 60
38 55 14
73 11 45
37 47 89
66 30 74
26 67 45
35 58 83
12 64 97
5 17 16
8 26 2
8 46 92
59 28 6
38 23 98
40 60 27
10 76 62
65 22 20
20 75 30
23 76 29
16 32 16
75 18 19
6 51 14
66 2 97
21 11 96
4 71 89
11 21 92
64 4 62
70 26 63
76 39 31
33 14 74
61 54 54
42 8 80
76 66 37
11 1 17
13 70 53
54 31 92
22 32 30
45 16 81
4 77 21
24 13 23
74 1 5
67 1 12
34 30 88
79 42 74
39 70 71
76 15 69
37 16 90
51 66 19
12 60 43
72 47 11
4 62 91
59 68 68
30 7 16
70 55 69
58 49 43
8 19 43
52 46 69
70 29 78
55 36 75
71 75 69
61 60 27
1 33 4
16 23 22
8 63 10
48 33 95
33 34 6
59 55 99
66 46 35
73 8 62
7 47 99
8 34 30
67 33 52
71 59 10
65 25 59
53 11 24
78 14 50
63 7 19
62 17 62
23 41 56
68 10 34
48 59 71
24 29 16
61 29 6
58 40 8
5 30 45
75 35 68
25 36 80
55 41 67
47 63 83
63 36 43
15 31 90
21 29 8
12 32 49
29 4 53
6 16 55
59 53 53
6 68 61
22 79 72
13 73 25
32 75 95
16 8 89
25 74 61
71 68 85
61 9 99
29 2 26
58 72 88
40 43 88
15 38 5
15 63 35
41 40 92
51 38 98
44 48 87
23 4 76
40 76 85
24 45 65
65 13 83
43 27 4
50 39 40
70 59 84
34 33 99
0 48 99
60 45 10
46 59 37
23 72 29
7 0 20
37 49 86
43 68 50
72 9 65
30 67 30
7 54 37
8 11 6
10 73 51
43 1 83
9 71 4
25 70 27
6 4 76
0 28 46
22 47 77
1 59 67
73 12 71
43 59 29
52 23 56
13 54 48
15 77 53
29 53 99
69 66 6
47 64 53
63 19 10
31 10 49
16 53 11
7 23 76
2 47 79
39 69 46
79 64 47
48 71 12
34 64 55
41 34 23
63 18 74
21 37 28
36 70 72
44 34 35
58 76 87
9 34 5
59 62 78
55 71 86
16 50 58
61 5 49
7 9 62
65 33 9
64 61 2
31 55 29
58 44 93
16 6 96
7 43 73
8 7 57
56 33 23
37 17 47
15 39 86
69 17 65
19 14 38
68 1 48
7 31 23
11 71 30
59 29 80
5 78 9
46 25 61
76 72 15
64 13 81
51 73 12
14 59 53
33 40 37
14 73 68
65 29 75
66 35 7
52 14 40
24 8 42
53 55 78
62 18 74
11 58 11
53 72 38
6 60 34
8 39 51
20 23 92
50 8 59
48 64 86
15 11 64
58 22 4
16 22 53
50 44 23
53 16 54
52 33 59
64 33 87
17 19 52
17 13 88
39 55 17
69 71 17
30 77 68
1 66 97
35 66 92
48 58 90
39 64 17
75 21 11
69 7 19
42 13 82
36 37 11
35 53 48
33 50 71
1 30 83
75 22 73
12 52 86
69 19 39
42 56 56
74 72 27
51 0 63
51 36 2
7 61 44
31 59 26
14 22 42
29 15 99
52 43 6
6 18 56
17 75 18
77 68 13
36 50 71
56 69 50
47 20 65
75 49 61
27 71 25
59 4 21
75 62 40
66 36 38
69 44 93
16 70 93
68 76 29
68 66 90
76 18 55
56 70 10
56 27 24
57 32 72
57 54 4
57 10 69
57 61 67
57 48 56
57 17 4
57 22 28
57 3 91
57 13 80
57 29 92
57 6 71
57 51 12
57 37 41
57 49 82
57 33 30
57 21 67
57 69 81
57 62 13
57 71 56
57 42 99
57 45 9
57 11 33
57 56 54
57 58 61
57 41 24
57 1 92
57 27 87
57 53 46
57 77 84
57 38 21
57 73 49
57 7 17
57 8 100
57 36 77
57 24 8
57 66 100
57 55 84
57 40 41
57 14 63
57 79 84
57 76 100
57 25 59
57 59 20
57 63 71
57 35 5
57 47 47
57 78 40
57 23 40
57 30 77
57 68 5
57 26 92
57 19 43
57 52 79
57 0 92
57 9 9
57 20 56
57 60 75
57 12 100
57 46 7
57 2 84
57 39 21
57 18 32
57 65 85
57 15 61
0 3 92
1 3 11
2 3 99
4 3 75
5 3 32
6 3 83
7 3 47
8 3 58
9 3 52
10 3 33
11 3 29
12 3 2
13 3 6
14 3 72
15 3 87
16 3 10
17 3 82
18 3 33
19 3 54
20 3 84
24 3 86
25 3 99
26 3 55
27 3 84
28 3 98
29 3 95
30 3 61
32 3 2
33 3 90
34 3 73
35 3 18
36 3 4
37 3 85
38 3 84
39 3 91
40 3 69
41 3 9
42 3 54
43 3 45
44 3 67
45 3 71
46 3 89
47 3 30
48 3 44
49 3 35
51 3 54
52 3 38
53 3 34
54 3 4
55 3 52
56 3 6
58 3 48
59 3 85
61 3 97
62 3 32
63 3 33
64 3 41
65 3 82
66 3 95
67 3 54
68 3 93
69 3 22
70 3 36
71 3 9
72 3 67
73 3 5
74 3 77
75 3 72
76 3 7
77 3 88
78 3 19
79 3 51
