29
4
30 5 97
37 18 39
5 13 91
33 19 72
5 18 46
26 38 31
0 16 37
3 2 5
18 33 16
21 18 23
11 28 19
20 10 55
30 22 22
23 18 32
32 9 87
15 27 21
34 32 27
39 10 73
8 36 6
8 24 91
32 39 79
14 8 8
10 8 58
31 1 3
8 9 14
35 9 10
22 17 36
14 5 72
24 38 99
2 1 23
7 14 40
36 3 78
20 3 55
17 32 80
16 26 40
27 23 63
38 7 19
6 0 49
25 19 21
32 8 32
17 35 85
2 15 10
7 36 24
21 0 20
38 12 15
3 36 92
23 34 78
9 38 85
33 25 94
18 3 57
25 16 72
23 20 77
1 32 12
7 16 14
27 20 76
33 2 7
27 32 62
12 15 71
36 13 44
9 20 71
19 32 15
21 7 4
15 36 69
38 23 4
14 35 34
9 17 26
9 26 59
12 34 31
19 1 9
30 7 33
35 0 2
27 31 60
26 0 88
35 31 91
22 10 50
31 28 50
39 3 57
5 10 95
5 14 85
23 6 23
31 39 85
37 1 89
25 0 100
21 16 24
18 7 75
36 10 51
17 37 61
18 6 12
36 22 45
22 15 15
31 5 93
15 24 19
19 37 47
24 35 60
33 35 67
18 30 41
25 7 94
13 26 52
13 5 18
8 0 62
6 21 70
0 8 67
36 1 80
33 36 24
33 15 43
35 30 27
24 6 71
11 14 6
30 11 46
39 20 56
17 38 93
21 1 66
22 36 7
28 25 30
12 19 64
36 12 40
38 9 67
34 31 29
24 18 12
32 6 40
32 27 55
0 23 77
26 20 77
31 21 43
27 21 93
19 30 60
21 30 40
13 17 58
1 24 4
20 16 11
2 25 83
9 32 91
23 38 30
32 19 64
27 25 98
31 38 22
38 5 77
5 26 50
24 21 52
38 35 67
39 14 27
13 3 77
21 6 27
20 15 22
31 23 7
2 14 69
3 26 18
31 22 47
16 6 76
37 13 45
22 2 63
11 13 24
39 15 5
31 6 98
11 39 47
5 16 29
22 9 28
8 39 62
38 24 46
27 22 29
16 5 72
9 8 49
13 6 38
16 23 43
36 8 76
28 8 19
28 36 72
3 30 84
3 16 68
25 31 41
23 15 88
15 18 8
5 17 18
21 38 97
23 13 86
27 26 41
16 13 48
0 11 29
3 6 26
6 17 42
22 7 49
0 39 69
17 19 66
36 6 55
14 17 29
11 27 62
6 26 71
36 7 45
1 0 29
34 35 33
1 27 36
3 20 56
19 0 28
37 33 42
9 36 18
37 9 62
26 5 36
1 22 12
13 25 12
19 35 59
31 17 65
5 25 48
38 2 46
14 25 20
26 6 99
24 33 50
11 0 17
0 33 4
11 8 67
8 10 16
3 31 49
22 24 26
27 3 89
2 16 19
30 36 30
33 37 16
7 9 55
11 37 96
34 23 14
11 22 5
10 16 65
11 24 35
12 2 35
35 39 33
36 25 55
34 16 44
32 10 55
34 15 12
33 16 22
8 15 39
14 33 26
9 16 11
37 39 41
5 36 33
39 27 31
7 33 29
30 18 36
13 7 42
28 22 56
25 5 16
7 5 6
9 24 65
33 8 71
35 10 39
2 23 34
17 34 72
36 19 79
6 11 10
32 34 26
1 26 93
22 6 42
3 37 34
9 23 54
35 36 27
21 22 45
26 3 90
31 25 33
5 2 34
37 11 32
20 7 93
17 31 27
7 26 99
38 22 53
18 12 88
20 14 40
34 28 77
6 28 23
14 1 11
14 36 17
30 10 2
17 30 35
11 36 72
36 31 99
3 35 83
39 33 91
9 18 45
23 10 80
2 27 15
9 1 93
26 24 12
16 22 67
8 38 41
38 16 67
15 28 22
3 11 97
1 31 55
13 19 35
2 7 66
14 0 88
7 0 87
0 21 14
39 30 86
9 35 5
25 13 36
10 28 3
36 35 45
24 23 65
11 18 18
18 26 42
12 7 63
19 31 80
20 22 26
28 26 92
10 32 10
35 38 76
15 7 85
12 33 27
16 25 88
20 1 12
35 19 98
9 34 9
19 24 23
6 23 33
19 9 6
0 22 93
1 16 43
19 26 95
32 11 44
19 5 95
6 1 4
0 3 67
15 35 53
7 28 3
35 1 37
25 8 64
10 22 77
32 23 19
27 19 62
39 5 59
26 19 8
5 39 37
19 20 30
19 39 28
28 24 3
39 17 41
24 31 28
11 19 4
2 38 32
20 12 93
10 11 59
23 19 62
0 18 9
23 1 30
5 6 3
10 27 89
21 31 99
5 15 47
39 22 80
21 11 12
22 38 88
22 8 64
33 5 53
37 5 71
31 0 55
6 32 14
30 15 2
39 34 99
33 18 11
20 36 1
17 10 15
18 22 18
28 17 52
20 2 14
27 18 25
3 33 99
17 0 15
12 16 98
39 36 96
38 37 67
8 7 79
19 10 73
8 11 58
0 35 70
21 20 79
34 22 56
25 2 54
2 3 27
32 15 67
18 37 84
33 30 25
31 34 58
28 21 98
27 33 88
14 39 42
3 27 5
21 23 11
1 36 73
11 10 64
6 25 13
35 27 43
28 20 8
7 12 50
21 14 31
15 12 56
2 21 26
30 8 51
8 35 51
14 12 86
23 35 64
22 1 98
26 10 39
26 28 58
16 27 64
5 38 22
10 19 15
12 22 10
0 2 22
36 30 2
16 11 67
14 20 47
39 8 28
2 26 55
30 12 80
38 13 69
0 27 43
14 37 52
25 1 49
34 24 77
15 32 26
6 16 34
36 17 33
22 0 72
35 22 46
14 24 37
7 10 37
32 26 66
20 8 97
8 33 69
28 3 22
28 19 45
6 9 42
26 32 95
36 28 67
32 21 36
1 30 78
32 24 85
25 14 56
31 16 72
32 20 6
5 33 32
18 14 89
26 37 9
3 1 25
27 38 96
22 32 100
28 5 63
19 23 27
10 34 90
2 35 71
16 3 77
10 23 15
27 12 95
7 38 26
30 0 77
13 36 35
1 39 16
33 23 70
27 16 9
15 19 78
8 3 95
35 20 53
34 12 95
10 36 28
10 6 90
23 36 100
26 18 59
23 30 54
31 7 19
0 31 53
25 18 47
18 11 72
3 14 91
31 11 11
20 32 58
26 12 13
8 18 84
34 10 93
32 37 48
31 8 84
14 27 60
25 27 11
5 35 13
12 1 95
9 2 40
13 30 27
22 34 7
35 3 16
27 7 38
1 17 27
6 31 99
7 15 64
10 20 40
14 2 45
16 17 51
28 30 18
8 22 37
25 20 48
21 36 36
21 5 54
5 21 86
16 33 44
1 37 43
5 24 35
34 33 39
12 24 32
35 24 32
31 33 63
11 5 68
37 22 68
37 30 38
9 11 15
12 6 80
36 37 93
25 36 7
31 9 89
1 33 85
23 33 95
0 28 23
37 10 17
21 33 51
18 16 19
11 32 41
8 13 71
39 32 30
26 23 72
38 1 41
13 39 70
13 22 90
8 6 66
39 12 34
5 12 32
19 12 48
28 13 70
9 37 31
14 3 85
0 12 8
14 32 18
28 2 71
12 32 49
37 32 29
6 5 74
23 27 63
13 11 44
38 33 59
2 13 45
39 25 59
27 30 15
28 14 37
37 23 46
30 35 31
8 23 54
30 19 97
15 0 25
32 17 75
32 7 26
15 25 42
17 27 76
2 8 23
19 14 11
10 18 2
5 19 97
24 30 64
22 30 83
30 2 27
11 38 56
28 10 52
0 9 40
32 35 64
10 30 65
17 23 57
22 27 18
6 35 11
37 26 92
24 20 89
20 37 73
33 26 72
21 9 32
24 17 33
27 11 11
6 8 85
31 12 2
32 36 32
25 26 26
35 25 50
34 11 78
10 39 82
27 13 76
24 1 74
30 33 95
7 8 40
10 7 94
13 10 53
19 28 87
15 30 49
5 32 51
39 19 16
7 37 59
1 6 9
12 9 47
32 18 33
37 31 74
24 7 18
26 8 39
3 22 9
0 15 27
30 21 98
15 23 73
6 34 70
17 36 93
17 14 88
17 28 19
9 39 94
2 34 98
12 10 50
17 2 14
34 2 71
20 26 43
12 37 96
6 10 37
35 2 44
34 26 98
33 7 14
11 15 78
32 0 13
24 26 95
7 20 53
14 18 15
26 7 36
14 9 60
13 34 39
13 1 51
33 21 63
13 8 98
22 20 42
15 14 95
17 1 63
28 0 52
17 13 10
39 13 67
22 11 24
30 28 40
18 27 28
18 13 10
24 19 85
5 34 51
13 32 27
25 3 20
11 17 87
12 23 23
22 26 8
16 31 61
19 3 60
33 32 44
6 36 96
28 15 20
22 14 66
15 16 1
39 24 100
13 20 64
23 2 22
0 5 40
5 0 8
0 19 45
33 28 32
27 28 44
27 2 77
10 14 37
34 1 34
23 39 18
11 33 54
35 18 100
21 19 48
3 17 41
24 13 97
0 37 39
32 25 86
6 33 98
7 1 29
9 3 60
37 16 43
25 24 20
12 18 4
17 12 92
27 9 9
20 31 20
27 5 47
23 28 31
31 15 74
26 39 38
37 28 57
3 38 17
9 7 15
10 0 33
37 38 49
38 26 78
27 34 26
13 2 96
12 21 18
33 13 63
27 1 65
28 16 86
38 28 76
19 27 32
18 10 17
2 17 1
39 26 29
26 27 73
14 15 29
20 38 69
26 17 90
16 0 5
15 13 66
15 26 21
6 3 40
1 19 100
28 35 27
33 12 57
37 34 5
3 7 69
25 35 26
31 13 51
12 28 42
22 12 49
21 32 69
28 23 35
38 11 7
16 8 81
18 24 28
3 28 26
9 25 74
11 20 18
18 2 5
6 20 44
22 13 83
28 39 64
34 6 45
7 25 14
5 30 42
7 3 54
35 13 26
7 31 58
24 22 9
11 7 13
14 7 65
16 7 26
24 9 25
7 32 29
23 8 86
10 17 14
8 16 83
20 18 13
37 12 97
25 28 39
23 37 51
36 2 70
5 7 72
14 28 17
25 37 54
32 38 26
7 24 93
28 38 15
36 23 4
36 16 97
18 19 18
37 20 81
1 2 22
16 12 26
13 27 81
26 21 49
24 0 65
16 18 93
9 30 1
22 5 15
1 21 26
6 12 60
18 9 21
8 1 96
35 8 52
13 23 3
8 26 96
17 21 59
34 7 80
39 35 43
20 13 60
30 1 65
21 24 24
26 16 80
21 26 59
30 39 72
24 37 35
31 2 100
6 39 11
37 17 2
39 38 34
15 9 1
37 24 97
33 3 4
26 2 4
21 35 99
9 22 68
38 6 81
10 37 82
8 28 80
14 26 39
21 15 68
14 38 77
27 37 95
10 9 80
35 26 16
11 21 100
0 26 78
1 15 99
5 37 2
23 14 18
7 2 3
23 0 59
32 16 91
26 35 69
32 28 71
27 10 89
23 31 58
16 39 70
17 18 4
36 26 8
27 17 15
9 33 56
36 39 14
8 2 100
3 9 76
36 9 29
17 22 80
31 20 2
7 13 80
15 17 18
13 21 87
14 22 46
27 35 38
7 30 48
2 19 16
0 32 76
33 1 70
19 25 65
0 30 39
33 0 90
20 6 26
35 5 34
34 17 41
33 31 94
25 38 1
28 12 30
22 31 15
21 25 15
39 21 72
20 19 46
30 3 56
1 5 78
18 21 31
26 25 1
12 14 44
8 17 85
32 31 69
3 24 19
1 38 76
14 6 38
10 13 76
19 18 77
3 32 94
36 33 55
7 21 31
30 34 27
39 2 7
6 24 81
20 11 89
34 38 3
35 15 29
16 20 3
17 33 90
6 14 74
14 31 56
20 30 95
10 26 83
24 27 21
15 34 17
31 18 90
17 24 43
19 17 57
10 33 28
34 25 34
15 3 27
30 37 62
2 28 62
38 30 13
20 25 4
38 3 39
16 38 58
13 35 85
7 19 87
27 36 75
21 12 99
34 21 13
9 14 32
15 2 59
24 12 63
0 13 46
5 9 90
1 28 87
19 13 13
18 38 74
25 23 8
35 6 7
30 32 90
12 25 40
21 28 50
38 32 52
5 22 78
9 28 36
35 17 98
1 18 99
16 10 49
3 10 44
15 11 83
33 27 83
9 6 75
35 12 69
26 31 86
28 7 70
31 14 99
33 39 90
38 8 82
28 6 85
19 33 13
10 15 86
38 14 55
28 32 89
15 6 46
32 33 39
35 33 4
9 19 57
22 35 24
25 33 53
24 11 4
39 0 2
25 11 23
24 3 85
0 20 70
10 35 75
18 23 91
13 31 90
38 17 12
14 23 65
13 33 81
3 18 5
17 16 38
10 25 43
39 18 93
16 24 14
15 31 25
21 27 52
16 35 69
10 38 83
21 17 56
32 30 99
35 32 77
0 34 68
16 19 53
0 14 97
32 5 100
33 17 53
1 25 89
19 11 37
18 0 66
39 7 76
10 5 46
3 0 35
12 36 98
6 13 23
2 22 97
18 5 75
34 9 84
9 12 23
26 1 83
22 19 81
2 6 20
3 25 57
20 34 32
30 17 41
14 11 94
16 15 56
39 16 68
7 34 6
16 14 34
21 3 71
20 39 28
21 34 74
39 9 46
26 22 71
31 32 62
19 16 85
8 12 39
37 0 1
23 26 67
2 32 7
37 2 17
39 6 52
26 13 39
5 27 11
26 34 7
24 10 60
30 23 23
24 28 39
38 21 30
11 1 21
10 21 55
8 27 54
6 27 94
6 38 62
24 15 24
1 14 97
2 36 67
22 39 63
35 16 77
23 32 15
37 27 85
36 32 45
28 27 30
17 9 39
2 9 74
11 34 28
13 24 83
13 37 8
1 9 4
24 25 34
13 12 17
5 11 31
0 1 23
3 23 34
17 3 16
28 9 52
17 11 30
31 35 79
30 20 57
31 19 19
7 11 18
22 33 87
26 14 72
33 24 58
14 21 61
17 25 15
22 23 8
6 37 13
12 8 97
33 10 18
29 8 50
29 24 18
29 5 51
29 0 17
29 31 65
29 25 59
29 12 57
29 37 72
29 19 30
29 30 39
29 2 55
29 4 97
29 36 40
29 10 6
29 17 6
29 20 40
29 14 88
29 21 90
29 33 21
29 3 29
29 28 89
29 18 85
29 35 54
29 9 39
29 26 40
29 16 57
29 11 19
29 23 63
29 32 5
29 7 89
29 34 20
29 39 8
29 27 40
29 6 91
3 4 62
5 4 42
7 4 4
10 4 10
11 4 68
12 4 34
13 4 66
14 4 16
15 4 85
17 4 64
18 4 58
19 4 38
20 4 35
21 4 85
22 4 23
23 4 97
24 4 76
25 4 33
27 4 19
28 4 1
30 4 93
31 4 8
32 4 53
33 4 71
34 4 56
35 4 58
36 4 79
37 4 97
38 4 57
39 4 54
