40
59
0 1 49
0 5 69
0 6 34
0 8 29
0 9 93
0 10 49
0 11 93
0 17 57
0 20 75
0 21 37
0 31 32
0 37 89
0 44 75
0 45 19
0 51 9
0 53 7
0 57 94
0 58 26
0 60 4
0 62 64
0 70 40
0 74 91
0 77 52
0 78 32
0 79 68
0 80 89
0 81 96
0 87 9
1 0 100
1 6 91
1 7 16
1 10 76
1 14 19
1 17 72
1 21 95
1 22 55
1 30 48
1 31 93
1 33 90
1 35 56
1 38 98
1 39 31
1 41 54
1 42 23
1 43 87
1 45 80
1 46 83
1 52 15
1 54 85
1 57 94
1 60 63
1 61 100
1 68 64
1 71 82
1 74 56
1 81 66
1 86 44
2 1 13
2 3 1
2 4 78
2 8 20
2 9 93
2 10 7
2 12 82
2 16 6
2 17 54
2 26 86
2 32 65
2 53 80
2 54 76
2 57 25
2 65 70
2 66 14
2 70 7
2 74 66
2 78 69
2 80 59
2 83 98
2 85 32
3 1 64
3 4 72
3 7 12
3 10 77
3 11 30
3 13 56
3 16 14
3 18 58
3 23 57
3 26 93
3 27 26
3 30 82
3 32 40
3 33 53
3 34 55
3 36 55
3 41 97
3 47 23
3 48 31
3 49 68
3 52 54
3 53 50
3 58 19
3 73 1
3 81 4
3 82 72
3 87 71
4 0 60
4 1 1
4 6 57
4 10 41
4 15 19
4 24 22
4 28 38
4 31 19
4 37 4
4 43 14
4 45 98
4 46 81
4 54 88
4 68 97
4 76 64
4 78 26
4 80 42
4 81 33
4 85 86
4 88 30
5 3 70
5 4 68
5 14 80
5 17 57
5 33 84
5 41 81
5 45 66
5 49 15
5 55 36
5 58 7
5 60 78
5 65 56
5 71 93
5 73 34
5 76 23
5 88 38
6 7 92
6 15 81
6 22 36
6 27 3
6 29 50
6 33 22
6 35 69
6 37 19
6 46 16
6 49 50
6 50 30
6 52 86
6 53 48
6 55 56
6 56 43
6 57 14
6 63 1
6 65 3
6 70 68
6 71 82
6 73 92
6 75 61
6 82 4
6 83 36
6 84 47
6 88 68
7 3 61
7 11 78
7 12 6
7 16 51
7 19 12
7 20 78
7 21 34
7 25 55
7 29 54
7 35 89
7 42 92
7 43 26
7 45 4
7 47 88
7 48 47
7 49 30
7 53 39
7 55 78
7 56 58
7 58 4
7 65 83
7 70 53
7 72 57
7 77 10
7 79 61
7 86 26
7 87 53
7 88 92
8 0 43
8 10 40
8 12 96
8 14 69
8 17 1
8 19 6
8 23 48
8 34 96
8 37 37
8 45 41
8 46 57
8 51 42
8 56 6
8 57 17
8 65 20
8 67 23
8 70 94
8 72 46
8 73 61
8 76 34
8 79 48
8 80 57
8 82 97
9 6 49
9 7 66
9 8 64
9 15 23
9 18 62
9 21 93
9 22 2
9 26 19
9 27 87
9 35 49
9 36 87
9 43 8
9 44 98
9 45 44
9 48 59
9 52 93
9 58 84
9 60 25
9 67 57
9 68 87
9 71 92
9 72 56
9 76 53
9 81 9
9 85 29
9 88 60
9 89 88
10 2 60
10 7 63
10 14 70
10 18 68
10 20 40
10 22 2
10 23 64
10 25 20
10 31 53
10 35 22
10 39 63
10 41 75
10 49 30
10 53 73
10 55 36
10 61 39
10 63 9
10 64 14
10 68 34
10 69 33
10 72 93
10 75 70
10 82 76
10 83 60
10 86 64
10 88 20
10 89 65
11 8 8
11 13 8
11 19 67
11 20 3
11 21 60
11 26 44
11 33 32
11 35 72
11 36 90
11 38 65
11 39 25
11 44 44
11 48 50
11 51 75
11 53 10
11 55 57
11 60 73
11 61 77
11 63 56
11 65 48
11 66 64
11 73 39
11 78 85
11 83 6
11 86 60
12 2 29
12 7 88
12 11 18
12 18 52
12 22 29
12 23 48
12 25 73
12 26 1
12 27 2
12 31 90
12 36 72
12 37 8
12 43 90
12 48 29
12 54 82
12 62 75
12 63 18
12 64 13
12 65 93
12 66 1
12 73 27
12 74 65
12 75 23
12 78 97
12 82 69
12 83 76
12 84 58
12 87 92
13 0 62
13 1 90
13 2 86
13 3 93
13 5 14
13 10 43
13 14 79
13 15 91
13 20 96
13 21 30
13 26 18
13 31 29
13 33 95
13 38 20
13 39 96
13 41 13
13 44 30
13 47 15
13 48 70
13 49 52
13 50 74
13 51 51
13 52 3
13 54 97
13 56 55
13 61 18
13 62 37
13 74 3
13 81 32
13 84 92
13 86 12
14 6 42
14 18 52
14 29 98
14 30 23
14 32 73
14 44 24
14 51 88
14 52 64
14 64 78
14 66 28
14 68 59
14 69 90
14 70 21
14 72 10
14 73 3
14 79 6
14 81 13
14 83 15
14 84 21
15 4 43
15 6 47
15 8 47
15 9 5
15 12 21
15 13 79
15 14 10
15 18 82
15 20 42
15 21 32
15 24 91
15 25 98
15 27 3
15 28 46
15 29 90
15 36 7
15 41 23
15 45 9
15 47 34
15 49 9
15 57 35
15 58 62
15 61 27
15 62 87
15 64 81
15 67 58
15 69 6
15 71 28
15 74 11
15 75 2
15 81 72
15 86 77
16 5 57
16 7 40
16 11 61
16 12 66
16 14 70
16 15 33
16 17 71
16 19 83
16 24 65
16 25 70
16 26 43
16 28 30
16 30 71
16 31 59
16 41 31
16 43 62
16 44 67
16 45 16
16 46 27
16 52 88
16 53 92
16 55 10
16 58 8
16 60 39
16 62 53
16 74 92
16 75 93
16 79 71
16 80 31
16 84 12
17 1 87
17 4 22
17 10 17
17 15 58
17 16 11
17 18 76
17 19 63
17 20 37
17 25 59
17 28 67
17 29 84
17 33 18
17 35 94
17 41 64
17 48 40
17 52 98
17 55 93
17 64 75
17 66 81
17 70 65
17 71 71
17 72 40
17 73 25
17 75 68
17 77 15
17 83 4
17 87 9
17 88 23
17 89 83
18 9 57
18 13 24
18 14 67
18 17 39
18 22 40
18 25 80
18 26 77
18 28 85
18 39 46
18 41 20
18 49 82
18 54 82
18 67 72
18 70 37
18 82 35
19 0 74
19 1 55
19 3 15
19 5 15
19 16 77
19 18 81
19 26 77
19 30 47
19 32 32
19 33 59
19 43 34
19 45 2
19 46 64
19 51 68
19 53 72
19 56 8
19 62 70
19 69 79
19 74 28
19 76 14
19 77 3
19 78 28
19 79 19
19 80 81
19 81 16
19 82 20
19 85 66
19 86 99
19 89 7
20 4 74
20 11 94
20 13 28
20 14 99
20 16 29
20 22 97
20 23 88
20 24 83
20 25 17
20 28 36
20 32 94
20 38 14
20 45 62
20 46 10
20 47 53
20 51 78
20 55 82
20 57 33
20 61 16
20 62 21
20 70 79
20 77 15
20 80 5
20 84 5
20 85 85
20 87 34
21 0 64
21 2 46
21 11 86
21 12 83
21 13 76
21 16 95
21 18 63
21 22 35
21 27 44
21 34 53
21 35 74
21 37 39
21 38 12
21 39 66
21 46 16
21 50 10
21 51 99
21 53 29
21 57 15
21 58 23
21 70 94
21 71 69
21 74 37
21 77 28
21 78 16
21 81 10
21 83 10
21 86 78
21 87 13
22 1 37
22 6 4
22 11 28
22 14 40
22 17 83
22 23 90
22 24 33
22 28 53
22 29 43
22 32 48
22 36 73
22 41 31
22 45 36
22 46 15
22 56 30
22 57 94
22 60 9
22 67 22
22 68 66
22 70 19
22 75 34
22 76 31
22 81 52
22 84 83
22 87 90
22 89 32
23 1 89
23 2 83
23 4 77
23 6 85
23 10 42
23 12 83
23 18 55
23 21 27
23 32 84
23 33 75
23 42 11
23 43 76
23 47 84
23 48 52
23 49 65
23 55 65
23 61 67
23 65 48
23 70 22
23 71 20
23 73 44
23 74 34
23 75 99
23 79 84
23 83 7
23 85 90
23 86 19
23 88 3
24 1 7
24 6 11
24 9 2
24 17 61
24 25 18
24 27 38
24 28 59
24 29 41
24 33 32
24 34 11
24 42 43
24 43 33
24 45 67
24 49 84
24 56 5
24 61 99
24 63 27
24 65 7
24 66 8
24 67 41
24 70 26
24 71 81
24 77 29
24 85 30
24 89 40
25 0 64
25 2 77
25 4 70
25 5 24
25 7 67
25 10 15
25 16 93
25 18 31
25 19 75
25 24 57
25 29 94
25 30 79
25 51 6
25 52 62
25 58 30
25 64 56
25 72 9
25 73 88
25 74 18
25 75 50
25 76 2
25 81 99
25 82 59
25 86 51
26 0 68
26 9 97
26 10 51
26 13 83
26 17 90
26 22 14
26 28 71
26 33 90
26 35 67
26 36 35
26 41 25
26 50 66
26 52 21
26 76 7
26 81 30
26 83 77
26 87 82
27 4 73
27 7 42
27 8 100
27 11 87
27 12 7
27 24 28
27 28 65
27 30 20
27 31 100
27 34 50
27 35 80
27 41 17
27 43 70
27 44 47
27 45 82
27 47 69
27 50 23
27 57 52
27 64 91
27 67 77
27 68 69
27 69 27
27 70 71
27 75 18
27 76 18
27 78 75
27 84 32
27 86 84
27 87 89
27 88 47
28 9 40
28 17 21
28 18 66
28 23 9
28 26 1
28 30 11
28 31 65
28 33 61
28 36 25
28 42 43
28 44 12
28 47 95
28 49 3
28 54 8
28 58 66
28 68 2
28 70 43
28 79 15
28 84 75
29 2 88
29 3 69
29 4 75
29 17 82
29 23 72
29 27 45
29 31 11
29 35 96
29 36 61
29 39 17
29 41 34
29 43 77
29 44 71
29 45 30
29 46 64
29 47 80
29 49 75
29 50 14
29 54 37
29 55 11
29 56 29
29 60 21
29 62 91
29 63 71
29 66 11
29 68 76
29 78 56
29 79 35
30 0 76
30 1 89
30 9 77
30 10 90
30 17 36
30 18 88
30 19 92
30 20 36
30 22 79
30 32 48
30 34 78
30 37 98
30 41 1
30 42 60
30 44 64
30 49 62
30 50 57
30 54 80
30 57 74
30 60 100
30 63 66
30 67 66
30 75 3
30 80 67
30 84 51
30 85 59
30 88 75
31 1 77
31 3 79
31 6 25
31 8 43
31 13 61
31 15 83
31 17 33
31 18 99
31 19 5
31 20 70
31 21 41
31 22 84
31 29 84
31 30 12
31 34 7
31 36 81
31 37 38
31 44 70
31 45 58
31 48 58
31 52 92
31 54 87
31 65 51
31 67 80
31 71 100
31 73 51
31 75 41
31 78 49
31 80 91
31 85 24
31 88 13
32 0 6
32 6 58
32 9 21
32 10 71
32 11 39
32 12 41
32 17 64
32 22 59
32 23 44
32 28 13
32 29 97
32 31 53
32 34 22
32 42 21
32 45 73
32 50 56
32 54 82
32 60 95
32 61 52
32 62 37
32 63 53
32 66 73
32 77 55
33 0 48
33 4 4
33 15 34
33 22 5
33 26 47
33 27 99
33 34 33
33 37 37
33 44 24
33 50 81
33 51 84
33 52 28
33 57 21
33 58 55
33 60 3
33 61 38
33 69 65
33 74 56
33 78 34
33 81 23
33 84 29
33 85 96
33 86 11
33 87 81
34 0 4
34 7 45
34 8 6
34 10 12
34 17 49
34 26 26
34 29 86
34 30 67
34 31 14
34 35 4
34 37 87
34 38 20
34 43 75
34 45 58
34 46 60
34 47 8
34 49 60
34 51 81
34 54 20
34 55 84
34 57 42
34 58 74
34 63 61
34 67 61
34 69 13
34 72 51
34 78 2
34 82 78
34 87 92
35 2 72
35 7 40
35 11 53
35 17 84
35 18 15
35 21 11
35 33 74
35 36 3
35 38 34
35 42 79
35 44 95
35 46 94
35 48 47
35 51 92
35 61 44
35 63 97
35 64 87
35 68 21
35 77 13
35 82 75
35 87 67
35 88 42
36 1 37
36 5 27
36 9 24
36 11 23
36 13 78
36 17 27
36 26 57
36 32 82
36 35 49
36 47 91
36 48 48
36 49 40
36 50 84
36 51 5
36 56 4
36 60 83
36 62 75
36 73 42
36 82 35
36 84 2
37 0 85
37 1 34
37 9 28
37 11 10
37 15 69
37 18 73
37 26 83
37 31 44
37 33 88
37 35 34
37 39 56
37 41 74
37 44 48
37 49 23
37 53 23
37 54 93
37 55 49
37 63 10
37 66 89
37 68 38
37 73 26
37 85 50
38 0 30
38 3 18
38 8 76
38 9 83
38 17 66
38 19 31
38 22 91
38 25 64
38 27 13
38 30 2
38 32 26
38 36 10
38 41 9
38 44 21
38 46 78
38 66 76
38 67 73
38 68 50
38 70 60
38 71 97
38 73 58
38 75 64
38 76 52
38 80 93
38 82 21
38 88 9
39 5 52
39 6 34
39 10 34
39 12 31
39 20 86
39 21 77
39 29 31
39 33 62
39 35 8
39 37 18
39 38 28
39 43 70
39 44 95
39 45 81
39 51 62
39 53 31
39 55 83
39 63 36
39 67 33
39 72 33
39 73 52
39 74 92
39 76 12
39 82 55
39 85 12
39 88 100
41 2 66
41 6 100
41 12 72
41 15 80
41 16 20
41 23 31
41 25 81
41 26 1
41 27 20
41 28 4
41 32 41
41 33 81
41 39 72
41 51 75
41 55 31
41 65 3
41 67 1
41 72 45
41 87 33
41 88 62
42 1 13
42 3 54
42 4 40
42 7 52
42 17 10
42 18 20
42 23 61
42 33 95
42 35 63
42 37 70
42 48 93
42 49 16
42 51 45
42 52 87
42 54 17
42 60 32
42 62 66
42 63 96
42 64 94
42 68 95
42 73 52
42 76 12
42 77 65
42 87 36
42 88 83
43 3 7
43 5 62
43 11 61
43 14 53
43 15 72
43 19 53
43 23 44
43 30 46
43 34 89
43 35 30
43 45 80
43 48 19
43 54 43
43 65 61
43 66 90
43 69 66
43 71 44
43 72 73
43 74 21
43 79 30
43 82 23
43 88 16
44 5 17
44 7 3
44 11 48
44 12 98
44 18 73
44 20 83
44 24 97
44 31 59
44 36 3
44 41 77
44 50 90
44 52 49
44 58 88
44 60 75
44 63 60
44 65 51
44 73 74
44 74 60
44 82 47
44 84 68
44 85 20
44 89 9
45 1 14
45 2 26
45 3 3
45 15 93
45 18 35
45 26 79
45 27 65
45 28 18
45 32 55
45 37 73
45 38 54
45 39 61
45 43 83
45 48 3
45 55 93
45 58 3
45 62 43
45 63 35
45 70 39
45 71 48
45 75 25
45 80 43
45 85 16
45 86 27
45 88 74
46 0 75
46 5 36
46 22 39
46 24 92
46 25 42
46 27 24
46 28 82
46 29 89
46 37 54
46 48 57
46 51 70
46 52 14
46 58 72
46 60 77
46 63 73
46 68 3
46 71 40
46 72 13
46 74 91
46 79 14
46 83 88
46 86 2
46 88 13
47 5 39
47 21 42
47 26 2
47 27 96
47 28 82
47 35 82
47 41 6
47 42 58
47 45 76
47 46 30
47 49 24
47 55 92
47 56 38
47 61 83
47 62 96
47 64 60
47 68 19
47 69 11
47 70 64
47 71 47
47 77 42
47 80 11
47 81 25
47 84 87
47 88 53
48 0 98
48 1 40
48 12 1
48 22 63
48 23 30
48 30 57
48 31 100
48 32 91
48 33 64
48 37 16
48 39 86
48 41 23
48 45 62
48 52 85
48 54 58
48 58 56
48 62 40
48 68 19
48 71 7
48 77 52
48 79 12
48 80 7
48 81 7
48 87 46
49 4 7
49 8 84
49 9 13
49 11 3
49 15 27
49 16 64
49 17 55
49 19 21
49 22 80
49 24 4
49 25 58
49 26 49
49 27 11
49 28 97
49 30 77
49 32 36
49 33 12
49 38 60
49 41 22
49 47 55
49 48 34
49 51 9
49 52 45
49 55 18
49 66 76
49 67 62
49 70 1
49 71 44
49 72 36
49 74 7
49 76 14
49 78 47
49 82 49
49 86 82
49 87 77
49 88 69
49 89 61
50 1 8
50 2 5
50 5 46
50 6 82
50 8 73
50 11 23
50 12 67
50 13 1
50 18 12
50 24 56
50 26 17
50 29 64
50 34 61
50 41 82
50 43 52
50 45 36
50 46 85
50 47 93
50 49 50
50 51 70
50 53 52
50 55 71
50 57 36
50 58 61
50 63 64
50 64 51
50 68 81
50 72 73
50 73 28
50 76 86
50 78 88
50 85 8
51 0 75
51 1 35
51 2 3
51 5 50
51 9 49
51 13 24
51 16 66
51 18 79
51 20 68
51 21 18
51 23 48
51 25 68
51 26 89
51 27 13
51 30 4
51 46 67
51 48 45
51 49 59
51 58 37
51 63 45
51 67 87
51 68 89
51 79 9
51 80 64
51 82 61
51 83 83
51 88 32
52 2 82
52 3 48
52 4 74
52 12 73
52 16 40
52 17 31
52 19 92
52 27 67
52 33 43
52 34 24
52 37 20
52 44 50
52 46 62
52 58 84
52 62 55
52 67 14
52 70 98
52 72 2
52 73 93
52 77 36
52 83 5
52 84 26
52 85 54
52 88 41
53 5 1
53 7 84
53 9 23
53 11 74
53 15 15
53 16 32
53 18 68
53 23 75
53 25 6
53 26 49
53 29 13
53 31 29
53 33 33
53 36 45
53 41 39
53 44 23
53 49 84
53 50 36
53 51 61
53 60 54
53 64 76
53 68 25
53 69 1
53 70 81
53 80 48
53 86 95
54 0 44
54 5 83
54 6 29
54 7 30
54 8 5
54 16 44
54 20 22
54 22 58
54 25 42
54 31 86
54 32 48
54 33 76
54 38 72
54 49 98
54 63 59
54 67 89
54 80 57
54 82 61
54 84 33
54 85 64
55 3 41
55 5 56
55 7 85
55 8 22
55 10 69
55 13 93
55 19 50
55 20 45
55 24 14
55 25 67
55 26 21
55 27 43
55 29 55
55 30 79
55 31 84
55 44 48
55 46 96
55 51 62
55 57 47
55 58 34
55 60 90
55 61 30
55 62 51
55 68 42
55 69 69
55 73 95
55 77 9
55 79 58
55 88 35
56 1 1
56 11 3
56 13 76
56 14 2
56 17 52
56 18 46
56 20 93
56 24 71
56 32 80
56 34 77
56 35 61
56 50 31
56 60 23
56 61 29
56 65 91
56 67 95
56 69 44
56 74 58
56 75 80
56 82 30
56 84 46
56 85 9
56 86 84
56 87 91
56 88 21
57 1 100
57 10 82
57 11 24
57 13 13
57 29 60
57 39 1
57 48 60
57 52 20
57 53 53
57 54 34
57 56 22
57 60 5
57 61 30
57 62 36
57 67 27
57 77 24
57 78 53
57 83 25
57 89 9
58 1 67
58 7 53
58 9 56
58 15 36
58 16 83
58 21 36
58 26 6
58 32 49
58 34 26
58 39 31
58 43 64
58 50 42
58 56 67
58 57 51
58 60 71
58 61 27
58 64 62
58 66 75
58 67 76
58 72 59
58 73 54
58 74 26
58 76 45
58 86 3
60 4 53
60 6 4
60 7 86
60 11 78
60 12 46
60 14 2
60 16 63
60 17 84
60 18 66
60 24 22
60 26 1
60 27 74
60 28 29
60 29 97
60 30 53
60 33 41
60 34 36
60 41 95
60 43 69
60 44 80
60 50 75
60 53 41
60 54 70
60 56 86
60 63 68
60 66 47
60 71 6
60 73 94
60 79 88
60 88 28
61 8 9
61 11 86
61 12 20
61 19 24
61 20 76
61 22 52
61 24 60
61 25 47
61 27 70
61 29 95
61 33 75
61 36 26
61 39 87
61 41 21
61 57 17
61 60 61
61 62 71
61 65 3
61 67 77
61 68 47
61 71 53
61 72 48
61 76 49
61 77 63
61 81 9
61 82 21
61 83 98
61 84 85
61 88 55
61 89 11
62 0 80
62 5 38
62 11 92
62 12 66
62 16 65
62 17 83
62 23 26
62 32 62
62 37 52
62 42 6
62 52 49
62 53 83
62 54 70
62 55 31
62 68 47
62 69 2
62 71 59
62 72 52
62 84 37
63 2 100
63 3 62
63 5 84
63 6 73
63 13 51
63 17 8
63 25 94
63 29 24
63 35 43
63 38 42
63 39 76
63 41 53
63 55 16
63 56 41
63 60 14
63 61 18
63 62 78
63 72 69
63 73 76
63 74 91
63 76 91
63 80 48
63 83 72
63 84 31
63 85 8
63 87 88
64 0 31
64 1 77
64 6 1
64 10 90
64 11 73
64 13 16
64 19 55
64 22 52
64 23 94
64 27 85
64 28 90
64 30 64
64 37 100
64 42 50
64 49 12
64 54 84
64 55 18
64 58 95
64 66 14
64 67 64
64 68 18
64 72 46
64 83 83
64 87 82
65 0 58
65 2 61
65 5 66
65 9 87
65 13 100
65 15 84
65 16 56
65 18 96
65 20 69
65 21 100
65 27 65
65 28 57
65 41 6
65 47 83
65 49 27
65 55 61
65 66 23
65 67 58
65 71 22
65 72 15
65 73 73
65 77 70
65 79 28
65 84 72
65 87 61
66 1 85
66 5 57
66 8 88
66 10 95
66 12 54
66 20 91
66 21 98
66 27 22
66 43 66
66 44 76
66 47 50
66 51 47
66 53 70
66 54 72
66 55 21
66 67 27
66 69 24
66 70 88
66 73 15
66 75 25
66 84 14
66 88 12
66 89 13
67 0 77
67 2 65
67 3 58
67 4 99
67 7 70
67 9 5
67 12 19
67 13 84
67 14 50
67 15 8
67 18 95
67 19 90
67 20 47
67 25 55
67 33 64
67 53 47
67 57 12
67 62 91
67 72 70
67 73 28
67 75 66
67 79 51
67 83 8
67 87 7
67 89 60
68 0 66
68 5 19
68 6 60
68 7 2
68 8 73
68 11 2
68 13 67
68 15 56
68 16 30
68 17 79
68 18 33
68 23 90
68 28 94
68 29 80
68 30 37
68 34 2
68 37 26
68 42 99
68 44 65
68 46 54
68 47 37
68 51 36
68 52 37
68 56 53
68 58 53
68 64 73
68 76 33
68 77 41
68 80 31
68 82 57
68 84 53
68 86 7
68 88 52
69 3 3
69 7 76
69 10 13
69 11 67
69 12 42
69 19 34
69 20 8
69 21 96
69 31 98
69 33 7
69 39 67
69 42 1
69 46 83
69 47 68
69 53 18
69 55 43
69 56 87
69 57 60
69 61 4
69 71 84
69 73 40
69 75 49
69 79 25
69 80 44
69 84 54
69 85 25
70 1 1
70 5 58
70 12 53
70 21 53
70 23 12
70 24 94
70 26 44
70 34 45
70 36 58
70 37 45
70 38 6
70 42 37
70 45 65
70 47 11
70 54 59
70 55 27
70 58 94
70 61 97
70 66 91
70 68 96
70 73 32
70 75 88
70 78 72
70 87 4
70 88 16
71 0 18
71 2 26
71 4 21
71 6 32
71 10 50
71 13 79
71 14 83
71 21 28
71 24 7
71 28 60
71 31 52
71 34 5
71 36 22
71 38 39
71 43 5
71 47 14
71 53 89
71 57 47
71 58 44
71 60 60
71 61 68
71 62 3
71 63 23
71 64 21
71 65 1
71 67 44
71 69 4
71 81 57
71 85 98
71 87 71
72 4 36
72 11 14
72 14 45
72 19 31
72 20 91
72 23 7
72 28 83
72 30 50
72 31 82
72 33 97
72 35 62
72 36 42
72 43 78
72 50 33
72 51 79
72 53 41
72 56 45
72 57 11
72 60 24
72 61 40
72 75 23
72 76 25
72 77 92
72 79 87
72 80 63
72 82 67
72 85 10
72 88 54
73 0 84
73 1 35
73 8 42
73 9 36
73 10 15
73 18 73
73 19 76
73 20 36
73 24 9
73 29 52
73 35 12
73 37 76
73 38 78
73 39 17
73 43 74
73 44 75
73 46 62
73 47 46
73 51 49
73 54 8
73 55 18
73 60 23
73 65 4
73 69 28
73 75 10
73 76 26
73 83 24
74 1 12
74 4 62
74 10 75
74 14 96
74 19 50
74 21 22
74 22 43
74 25 96
74 30 6
74 31 12
74 33 75
74 35 28
74 38 8
74 41 45
74 48 81
74 49 8
74 51 59
74 58 100
74 62 91
74 64 87
74 68 19
74 75 67
74 84 26
74 85 31
75 10 68
75 14 47
75 15 54
75 18 66
75 24 77
75 30 45
75 35 73
75 38 39
75 39 98
75 42 97
75 48 12
75 49 87
75 50 32
75 51 86
75 52 1
75 53 7
75 54 68
75 55 81
75 57 51
75 58 34
75 64 23
75 65 16
75 67 12
75 68 41
75 77 73
75 78 36
75 80 40
75 84 70
75 89 63
76 2 51
76 3 40
76 8 31
76 10 60
76 11 36
76 15 53
76 16 59
76 26 12
76 31 51
76 37 46
76 42 13
76 45 91
76 47 33
76 48 36
76 49 63
76 52 55
76 58 50
76 61 54
76 62 92
76 63 21
76 69 100
76 72 93
76 77 16
76 85 47
76 86 75
76 87 61
76 88 2
77 0 1
77 8 86
77 10 46
77 16 78
77 19 25
77 20 97
77 29 68
77 30 70
77 32 9
77 33 46
77 35 73
77 37 33
77 41 3
77 47 58
77 56 46
77 58 4
77 70 21
77 72 74
77 78 77
77 83 84
77 86 10
77 87 78
78 1 37
78 2 2
78 5 8
78 9 51
78 10 88
78 12 88
78 21 58
78 24 47
78 26 14
78 28 78
78 29 26
78 33 22
78 35 32
78 37 36
78 41 25
78 50 62
78 64 74
78 66 15
78 69 86
78 70 53
78 80 67
79 2 62
79 5 50
79 10 8
79 12 73
79 14 2
79 15 87
79 17 69
79 30 76
79 32 95
79 33 83
79 34 64
79 39 26
79 43 25
79 60 16
79 62 65
79 64 89
79 67 8
79 68 69
79 70 68
79 76 6
79 77 23
79 80 70
79 85 49
79 86 52
80 0 52
80 2 63
80 8 37
80 17 27
80 19 12
80 20 59
80 22 20
80 24 22
80 26 85
80 32 44
80 33 70
80 34 12
80 38 16
80 45 51
80 48 96
80 53 5
80 57 85
80 58 4
80 64 47
80 67 16
80 70 16
80 73 27
80 75 95
80 78 61
80 79 4
80 85 71
80 86 74
80 87 95
81 2 27
81 7 35
81 14 74
81 16 65
81 19 45
81 20 67
81 21 72
81 29 12
81 34 30
81 35 90
81 38 71
81 46 18
81 48 55
81 49 76
81 51 41
81 55 84
81 56 30
81 65 14
81 76 46
81 77 40
81 79 9
81 85 63
81 87 55
82 0 54
82 1 64
82 5 23
82 9 95
82 14 7
82 18 2
82 22 5
82 23 94
82 27 81
82 28 13
82 30 64
82 46 35
82 47 7
82 48 54
82 50 38
82 51 76
82 56 14
82 69 71
82 75 63
82 76 72
82 81 74
82 83 80
82 85 59
82 86 40
82 89 79
83 2 27
83 4 61
83 6 80
83 7 94
83 8 33
83 11 32
83 12 20
83 23 2
83 24 49
83 27 33
83 37 88
83 42 65
83 48 32
83 55 96
83 56 86
83 62 58
83 69 92
83 73 60
83 74 59
83 82 79
84 0 28
84 1 34
84 3 43
84 6 71
84 7 9
84 9 33
84 11 55
84 12 26
84 13 37
84 18 78
84 20 45
84 32 29
84 35 9
84 37 15
84 41 61
84 49 37
84 54 27
84 57 69
84 64 58
84 66 77
84 69 16
84 74 37
84 79 69
84 85 56
84 88 11
85 1 40
85 2 25
85 10 56
85 16 73
85 17 64
85 18 36
85 20 83
85 21 93
85 24 71
85 28 96
85 37 56
85 45 78
85 55 93
85 57 82
85 76 8
85 79 72
85 86 29
85 88 35
86 0 40
86 2 65
86 6 87
86 9 42
86 11 46
86 22 44
86 23 76
86 30 68
86 33 24
86 49 29
86 52 23
86 62 82
86 65 77
86 68 25
86 73 70
86 77 8
86 81 35
86 82 100
86 83 22
86 84 88
87 1 14
87 5 44
87 9 8
87 10 8
87 15 21
87 16 27
87 17 39
87 18 43
87 19 82
87 20 25
87 21 37
87 23 55
87 26 32
87 31 67
87 38 69
87 39 99
87 41 75
87 56 42
87 58 13
87 60 95
87 63 10
87 70 34
87 74 79
87 79 14
87 80 72
87 82 23
88 0 1
88 3 100
88 4 37
88 5 96
88 8 20
88 11 59
88 15 55
88 24 87
88 26 15
88 37 90
88 38 58
88 42 29
88 44 50
88 45 8
88 46 83
88 48 12
88 51 10
88 52 57
88 54 29
88 55 98
88 58 3
88 62 41
88 66 32
88 67 20
88 80 93
88 81 97
88 89 2
89 0 96
89 1 99
89 4 98
89 5 72
89 6 96
89 7 63
89 8 71
89 13 73
89 14 45
89 15 1
89 22 88
89 24 85
89 29 55
89 31 18
89 32 36
89 43 9
89 44 19
89 47 50
89 54 64
89 57 25
89 61 77
89 64 16
89 65 47
89 68 87
89 69 13
89 70 21
89 73 58
89 74 11
89 76 55
89 82 9
89 87 92
40 0 45
40 1 91
40 3 62
40 6 17
40 9 84
40 11 39
40 18 5
40 23 29
40 30 38
40 32 72
40 38 94
40 41 72
40 45 26
40 47 29
40 49 58
40 50 5
40 55 47
40 56 7
40 58 88
40 60 63
40 63 83
40 64 15
40 65 30
40 67 35
40 68 30
40 71 7
40 72 46
40 75 77
40 78 9
40 79 46
40 80 6
40 83 44
40 89 37
7 59 98
8 59 50
9 59 88
10 59 37
15 59 44
20 59 6
24 59 35
25 59 30
35 59 33
42 59 19
43 59 36
47 59 7
48 59 70
60 59 43
61 59 14
63 59 79
67 59 38
71 59 78
73 59 60
78 59 44
88 59 73
