18
14
0 7 84
0 9 84
0 10 26
0 19 19
0 25 42
0 27 71
1 7 12
1 17 65
1 23 68
2 6 74
2 12 88
2 15 60
2 16 72
2 17 67
2 26 40
3 4 67
3 5 37
3 6 65
3 11 43
3 27 18
4 0 71
4 1 21
4 7 95
4 8 71
4 11 49
4 12 89
4 15 34
4 17 55
4 20 49
4 21 59
4 24 86
4 25 73
4 26 95
4 27 32
4 28 60
5 0 85
5 2 96
5 6 82
5 11 100
5 12 63
5 19 36
5 24 69
5 26 56
5 27 44
6 1 95
6 3 83
6 5 1
6 8 73
6 11 98
6 23 97
7 3 11
7 6 3
7 8 94
7 17 53
7 23 21
8 3 54
8 11 82
8 19 42
8 25 94
8 28 35
9 0 93
9 3 30
9 4 38
9 7 1
9 15 91
9 19 83
9 23 97
9 24 61
9 28 21
10 0 27
10 4 51
10 7 50
10 9 77
10 12 68
10 16 9
10 19 18
10 21 94
10 24 100
10 25 86
10 27 87
11 4 83
11 5 83
11 7 35
11 9 32
11 12 54
11 17 41
11 19 58
11 21 44
11 22 36
11 24 63
11 28 32
12 1 30
12 3 13
12 4 8
12 5 27
12 9 96
12 11 27
12 15 11
12 16 14
12 21 25
12 24 44
12 25 99
12 26 9
12 27 59
12 28 18
13 5 58
13 6 82
13 10 94
13 11 28
13 23 67
13 26 15
15 3 24
15 5 56
15 7 64
15 19 81
15 21 22
15 28 57
16 1 39
16 4 7
16 6 54
16 7 45
16 17 2
16 20 2
16 21 85
16 22 75
16 26 1
16 29 55
17 0 92
17 4 72
17 5 19
17 8 34
17 9 91
17 10 48
17 12 83
17 16 21
17 19 53
17 20 18
19 0 91
19 2 68
19 5 16
19 6 9
19 7 40
19 8 9
19 21 60
19 26 28
19 28 35
19 29 30
20 0 55
20 3 58
20 4 49
20 10 15
20 13 22
20 16 80
20 22 6
20 23 45
20 26 28
20 28 79
21 2 73
21 5 55
21 8 53
21 9 48
21 10 81
21 13 75
21 19 33
21 23 10
21 24 29
21 25 72
21 27 51
21 29 17
22 0 69
22 2 13
22 3 46
22 10 24
22 13 60
22 15 21
22 24 84
22 26 50
22 27 14
23 1 75
23 2 31
23 4 54
23 8 58
23 12 100
23 17 69
23 19 91
23 24 33
23 25 33
23 27 19
24 1 93
24 2 7
24 7 53
24 10 24
24 11 26
24 21 52
24 27 56
25 1 69
25 2 92
25 7 5
25 10 32
25 12 46
25 19 43
25 24 49
25 27 91
25 28 8
26 2 50
26 10 61
26 12 27
26 16 47
26 27 14
26 29 67
27 0 77
27 4 62
27 7 3
27 8 65
27 11 59
27 16 28
27 19 70
27 25 68
28 8 57
28 16 45
28 17 71
28 21 67
28 22 96
28 23 31
29 3 13
29 6 59
29 8 99
29 9 67
29 12 62
29 13 52
29 27 43
29 28 74
18 2 49
18 3 94
18 5 48
18 14 78
18 19 21
18 20 50
18 25 4
18 26 94
18 28 11
4 14 43
6 14 89
9 14 10
11 14 49
16 14 51
28 14 83
29 14 29
