37
31
0 5 85
0 6 10
0 8 5
0 9 38
0 11 58
0 13 75
0 14 38
0 17 85
0 19 64
0 20 21
0 21 89
0 24 14
0 27 36
0 28 67
0 29 86
0 30 21
0 34 27
0 35 66
0 41 4
0 43 18
0 45 91
0 49 96
0 50 46
0 51 52
0 55 74
0 57 95
0 58 93
0 59 17
1 0 37
1 4 69
1 6 44
1 7 95
1 9 88
1 10 15
1 11 82
1 12 30
1 18 45
1 19 77
1 20 39
1 24 3
1 26 3
1 29 78
1 32 96
1 34 60
1 36 79
1 38 29
1 40 90
1 42 41
1 43 1
1 44 85
1 46 12
1 53 22
1 59 21
2 0 31
2 1 26
2 3 47
2 4 25
2 6 73
2 7 71
2 8 49
2 10 30
2 11 41
2 14 51
2 15 86
2 17 74
2 18 82
2 20 12
2 21 27
2 22 57
2 28 34
2 29 68
2 30 34
2 32 61
2 35 6
2 36 83
2 38 50
2 40 88
2 41 23
2 42 36
2 43 63
2 51 75
2 52 60
2 53 19
2 54 56
2 55 38
2 56 98
2 57 6
2 58 2
3 2 6
3 4 57
3 5 59
3 9 31
3 11 62
3 12 37
3 13 16
3 15 75
3 19 14
3 20 39
3 22 4
3 28 3
3 33 65
3 34 40
3 36 38
3 38 6
3 41 56
3 43 17
3 44 66
3 47 52
3 48 89
3 51 1
3 53 80
3 54 88
3 55 68
4 3 96
4 5 47
4 6 66
4 7 21
4 9 8
4 10 51
4 14 97
4 18 39
4 19 68
4 21 13
4 22 17
4 24 14
4 26 71
4 27 62
4 33 58
4 35 90
4 36 87
4 38 14
4 39 36
4 43 59
4 46 23
4 48 99
4 49 75
4 50 76
4 54 75
4 57 34
5 1 26
5 2 2
5 3 80
5 4 57
5 6 65
5 7 6
5 8 78
5 9 26
5 10 9
5 15 27
5 17 30
5 19 62
5 20 39
5 21 46
5 22 81
5 23 1
5 25 22
5 28 89
5 29 87
5 30 94
5 33 17
5 36 26
5 38 55
5 39 92
5 41 94
5 42 63
5 44 84
5 46 10
5 47 28
5 48 98
5 49 94
5 50 36
5 56 47
5 57 43
5 58 44
5 59 94
6 3 21
6 7 16
6 8 53
6 9 73
6 10 62
6 11 47
6 12 45
6 15 93
6 17 1
6 18 84
6 19 68
6 21 60
6 23 70
6 24 22
6 30 57
6 32 97
6 34 55
6 39 66
6 40 28
6 41 13
6 42 98
6 43 55
6 44 65
6 47 71
6 48 95
6 49 30
6 53 5
6 55 18
6 56 3
6 58 26
6 59 72
7 2 5
7 4 59
7 5 52
7 8 77
7 9 35
7 11 38
7 13 61
7 17 5
7 18 12
7 19 45
7 21 64
7 23 75
7 25 82
7 27 9
7 28 2
7 30 76
7 32 95
7 33 46
7 35 70
7 38 57
7 42 16
7 43 38
7 45 3
7 48 3
7 53 13
7 55 21
7 56 83
7 58 34
7 59 49
8 0 72
8 5 53
8 7 76
8 9 46
8 11 78
8 12 87
8 13 73
8 16 93
8 20 20
8 22 56
8 27 24
8 32 80
8 33 20
8 34 43
8 35 19
8 42 4
8 43 100
8 44 15
8 47 56
8 48 5
8 49 61
8 50 90
8 51 19
8 54 63
9 4 17
9 5 81
9 6 53
9 7 86
9 13 3
9 15 49
9 16 92
9 17 20
9 21 69
9 22 12
9 23 44
9 25 44
9 27 24
9 35 56
9 36 19
9 38 62
9 39 90
9 44 3
9 46 48
9 47 29
9 52 36
9 57 10
9 58 32
10 0 57
10 2 33
10 3 55
10 5 30
10 7 13
10 8 26
10 9 12
10 11 56
10 16 21
10 17 82
10 19 58
10 20 96
10 22 61
10 23 65
10 25 3
10 27 1
10 36 83
10 38 95
10 40 83
10 47 42
10 49 84
10 51 14
10 52 5
10 53 9
10 55 44
10 56 48
10 57 53
10 58 59
11 3 60
11 7 75
11 10 67
11 14 92
11 15 41
11 16 30
11 17 24
11 18 41
11 19 58
11 20 85
11 24 14
11 25 33
11 26 16
11 27 3
11 32 32
11 33 12
11 34 4
11 41 69
11 43 13
11 44 68
11 49 100
11 52 36
11 54 45
12 2 56
12 3 14
12 4 58
12 5 12
12 6 69
12 7 77
12 8 41
12 11 2
12 16 61
12 17 88
12 18 47
12 20 18
12 24 13
12 25 69
12 27 63
12 28 89
12 30 66
12 33 15
12 36 44
12 38 84
12 39 45
12 40 84
12 41 67
12 42 78
12 43 3
12 44 28
12 46 70
12 47 25
12 50 36
12 53 2
12 57 49
12 58 33
13 1 55
13 2 88
13 4 52
13 9 42
13 10 54
13 18 60
13 19 48
13 21 94
13 24 68
13 26 33
13 27 10
13 28 69
13 29 37
13 32 83
13 33 97
13 38 28
13 40 63
13 42 42
13 45 34
13 51 83
13 56 77
14 5 10
14 6 39
14 8 46
14 15 15
14 17 96
14 18 76
14 20 37
14 21 54
14 23 23
14 25 48
14 26 36
14 27 36
14 29 26
14 30 83
14 32 40
14 34 25
14 35 5
14 39 87
14 40 55
14 47 41
14 48 33
14 50 47
14 51 91
14 53 44
14 54 79
14 55 40
14 56 88
14 58 56
15 0 76
15 5 2
15 7 46
15 8 48
15 9 20
15 10 88
15 12 64
15 17 72
15 18 72
15 19 75
15 20 33
15 22 75
15 24 52
15 26 73
15 27 50
15 29 14
15 30 78
15 32 88
15 34 24
15 35 4
15 38 12
15 40 77
15 42 5
15 44 71
15 45 34
15 46 20
15 51 91
15 52 69
15 54 64
15 57 98
16 1 3
16 2 89
16 4 72
16 5 43
16 6 31
16 7 24
16 8 53
16 9 13
16 10 79
16 14 1
16 20 23
16 21 75
16 22 73
16 24 41
16 25 28
16 26 44
16 30 31
16 33 54
16 34 42
16 35 59
16 36 85
16 38 100
16 43 17
16 45 28
16 50 3
16 51 38
16 52 3
16 53 83
16 54 20
16 55 18
16 56 4
16 57 93
16 58 8
16 59 100
17 0 10
17 1 53
17 2 59
17 3 19
17 4 5
17 5 65
17 6 63
17 7 55
17 10 34
17 13 43
17 16 13
17 18 78
17 20 51
17 21 94
17 23 8
17 25 70
17 26 8
17 28 7
17 29 38
17 33 2
17 35 14
17 39 43
17 40 36
17 42 72
17 45 16
17 46 96
17 47 79
17 48 60
17 49 23
17 50 8
17 54 75
17 55 35
17 56 52
17 59 19
18 0 10
18 3 36
18 4 97
18 7 82
18 12 100
18 13 20
18 14 23
18 15 4
18 19 10
18 20 42
18 22 24
18 25 100
18 28 71
18 29 75
18 30 97
18 33 59
18 35 87
18 40 42
18 43 8
18 44 95
18 45 30
18 48 20
18 49 21
18 50 47
18 54 19
18 55 65
18 58 18
18 59 11
19 0 50
19 3 24
19 5 70
19 7 43
19 10 76
19 13 51
19 14 7
19 16 3
19 17 81
19 21 52
19 22 54
19 24 86
19 25 54
19 28 62
19 30 25
19 32 38
19 36 4
19 46 60
19 48 45
19 49 17
19 50 6
19 51 81
19 52 7
19 54 52
19 55 84
19 57 17
19 58 41
19 59 39
20 1 70
20 2 45
20 4 8
20 5 31
20 6 48
20 11 43
20 13 43
20 18 92
20 19 17
20 21 19
20 22 64
20 24 35
20 25 39
20 27 89
20 28 95
20 32 39
20 34 58
20 35 65
20 36 81
20 39 85
20 40 100
20 42 69
20 43 32
20 44 46
20 47 42
20 49 4
20 50 79
20 52 11
20 53 91
20 54 64
20 56 74
20 58 96
21 1 30
21 2 16
21 3 87
21 4 85
21 8 20
21 10 45
21 13 38
21 23 70
21 24 48
21 25 72
21 29 64
21 30 85
21 32 53
21 39 51
21 41 36
21 43 28
21 45 69
21 48 32
21 50 24
21 51 18
21 57 65
21 59 24
22 1 6
22 4 87
22 5 68
22 6 9
22 7 89
22 8 38
22 9 79
22 10 77
22 11 13
22 13 34
22 14 76
22 17 37
22 18 28
22 20 8
22 21 79
22 23 72
22 24 58
22 25 27
22 26 17
22 28 49
22 29 79
22 32 20
22 33 9
22 34 32
22 36 18
22 38 91
22 41 75
22 46 13
22 47 49
22 48 67
22 49 53
22 52 32
22 53 30
22 57 6
23 0 95
23 2 51
23 3 63
23 5 82
23 6 40
23 7 73
23 8 88
23 9 20
23 10 34
23 11 94
23 12 52
23 14 8
23 15 24
23 17 52
23 18 96
23 19 54
23 21 36
23 24 67
23 26 58
23 27 51
23 35 35
23 39 54
23 40 63
23 41 81
23 44 74
23 45 1
23 47 84
23 49 71
23 54 67
23 59 64
24 0 20
24 1 11
24 5 28
24 6 12
24 7 62
24 8 25
24 10 75
24 11 87
24 12 29
24 13 40
24 17 46
24 18 10
24 21 56
24 23 58
24 26 55
24 27 75
24 30 28
24 32 2
24 40 49
24 42 85
24 43 45
24 46 16
24 47 42
24 48 35
24 50 1
24 52 82
24 53 72
24 54 61
24 55 39
24 56 25
25 0 93
25 1 30
25 3 19
25 6 88
25 8 9
25 9 94
25 11 50
25 12 6
25 13 10
25 14 34
25 16 88
25 17 20
25 18 12
25 20 68
25 21 37
25 22 33
25 23 19
25 26 38
25 27 2
25 28 84
25 29 16
25 30 79
25 32 24
25 34 25
25 35 43
25 36 33
25 46 58
25 50 62
25 51 46
25 53 8
25 58 59
25 59 12
26 0 84
26 3 30
26 4 10
26 7 91
26 8 55
26 9 93
26 10 53
26 12 8
26 17 21
26 19 100
26 20 9
26 23 73
26 25 86
26 27 70
26 28 19
26 30 61
26 32 19
26 36 28
26 39 2
26 40 71
26 45 24
26 48 4
26 50 89
26 53 15
26 59 49
27 0 79
27 1 80
27 2 64
27 4 10
27 5 64
27 7 31
27 8 53
27 10 59
27 15 14
27 16 15
27 17 58
27 18 6
27 19 36
27 23 30
27 25 87
27 30 3
27 32 2
27 34 90
27 35 2
27 36 30
27 42 27
27 43 88
27 47 55
27 48 64
27 50 22
27 51 85
27 54 93
27 56 72
27 57 42
27 58 41
27 59 69
28 6 11
28 7 33
28 9 14
28 10 78
28 11 62
28 17 27
28 18 40
28 21 14
28 24 6
28 25 41
28 27 47
28 30 82
28 34 44
28 35 54
28 40 46
28 41 6
28 43 44
28 44 36
28 45 77
28 46 77
28 48 89
28 49 46
28 50 82
28 51 98
28 53 62
28 54 38
29 0 59
29 1 92
29 3 26
29 4 73
29 5 22
29 9 55
29 10 1
29 14 42
29 16 43
29 20 80
29 21 68
29 22 97
29 26 88
29 28 66
29 30 99
29 35 94
29 40 73
29 41 95
29 42 5
29 43 43
29 47 11
29 48 10
29 49 84
29 50 28
29 52 45
29 59 76
30 0 87
30 2 84
30 3 13
30 5 70
30 6 23
30 7 30
30 8 68
30 9 71
30 10 39
30 12 67
30 13 68
30 14 62
30 15 23
30 16 69
30 17 73
30 20 46
30 22 84
30 23 11
30 25 2
30 26 89
30 29 32
30 32 16
30 33 40
30 34 26
30 35 64
30 36 71
30 38 86
30 39 59
30 40 70
30 41 45
30 45 33
30 46 30
30 47 12
30 48 15
30 50 31
30 52 41
30 54 50
30 57 27
30 58 85
32 0 49
32 1 57
32 2 5
32 3 4
32 4 61
32 5 57
32 6 94
32 7 86
32 9 1
32 11 13
32 12 82
32 13 58
32 14 7
32 15 78
32 16 41
32 18 49
32 19 59
32 20 86
32 23 49
32 29 63
32 30 92
32 35 84
32 38 56
32 39 30
32 40 73
32 41 43
32 45 77
32 46 71
32 49 62
32 51 78
32 53 39
32 55 84
32 59 72
33 2 81
33 3 62
33 4 36
33 5 45
33 7 37
33 9 46
33 10 58
33 12 72
33 13 65
33 15 91
33 16 62
33 18 56
33 21 4
33 22 63
33 23 42
33 30 76
33 32 53
33 35 93
33 36 29
33 38 86
33 40 7
33 46 96
33 48 7
33 49 50
33 51 61
33 54 56
33 56 21
33 57 88
33 58 6
34 0 41
34 2 72
34 3 13
34 5 38
34 8 29
34 9 48
34 10 59
34 12 39
34 14 76
34 15 52
34 16 36
34 17 54
34 18 49
34 19 4
34 20 77
34 21 80
34 23 2
34 24 92
34 25 28
34 26 4
34 27 100
34 28 95
34 30 99
34 35 47
34 41 1
34 42 25
34 43 63
34 44 34
34 46 58
34 48 47
34 52 77
34 53 3
34 54 61
34 56 64
34 57 97
34 58 31
34 59 29
35 3 72
35 7 76
35 9 19
35 10 73
35 13 14
35 15 88
35 19 63
35 21 37
35 22 25
35 25 35
35 38 41
35 39 60
35 40 71
35 42 32
35 43 31
35 45 23
35 47 16
35 48 60
35 51 22
35 53 37
35 55 54
35 58 78
35 59 21
36 3 15
36 5 37
36 10 42
36 11 18
36 13 48
36 14 10
36 16 44
36 19 66
36 20 51
36 22 48
36 23 87
36 28 18
36 29 56
36 30 70
36 32 95
36 35 64
36 42 58
36 43 12
36 45 56
36 46 32
36 49 57
36 50 42
36 52 39
36 53 70
36 54 5
36 56 20
36 59 63
38 1 7
38 6 69
38 7 41
38 9 92
38 12 79
38 15 85
38 16 79
38 17 72
38 21 16
38 22 54
38 26 22
38 28 11
38 29 43
38 30 40
38 32 29
38 34 94
38 35 18
38 36 62
38 39 6
38 40 10
38 42 80
38 44 80
38 45 33
38 47 34
38 49 70
38 50 15
38 52 62
38 54 70
38 55 62
38 56 92
38 58 34
39 0 61
39 1 77
39 2 79
39 10 21
39 14 7
39 15 11
39 16 84
39 17 21
39 18 30
39 19 10
39 20 80
39 23 75
39 25 18
39 26 72
39 27 22
39 28 100
39 29 73
39 30 51
39 33 71
39 34 11
39 36 68
39 43 67
39 45 54
39 47 80
39 50 22
39 52 33
39 54 79
39 56 46
40 0 99
40 3 62
40 6 29
40 8 16
40 10 88
40 12 50
40 14 13
40 17 77
40 18 39
40 19 62
40 21 65
40 22 16
40 23 73
40 24 89
40 27 64
40 28 3
40 29 83
40 30 17
40 33 69
40 35 73
40 36 26
40 42 81
40 44 60
40 45 4
40 46 22
40 47 45
40 48 12
40 51 90
40 54 65
40 56 75
41 0 53
41 1 37
41 2 17
41 3 31
41 6 99
41 8 52
41 9 87
41 10 86
41 11 42
41 12 93
41 16 12
41 21 28
41 22 29
41 28 43
41 29 1
41 33 40
41 35 55
41 39 75
41 43 20
41 45 63
41 46 50
41 47 69
41 48 31
41 49 40
41 51 1
41 52 27
41 53 11
41 54 54
41 55 7
41 56 85
41 57 47
42 0 6
42 1 46
42 2 85
42 4 87
42 5 32
42 6 96
42 7 9
42 8 43
42 9 69
42 10 69
42 11 62
42 15 60
42 18 54
42 19 65
42 24 70
42 27 91
42 28 20
42 30 49
42 32 47
42 39 9
42 40 74
42 44 96
42 48 37
42 51 7
42 55 7
42 56 81
42 58 54
43 2 37
43 3 87
43 4 13
43 5 97
43 7 34
43 8 96
43 9 38
43 14 58
43 15 56
43 16 86
43 17 44
43 18 89
43 20 57
43 25 34
43 26 46
43 32 1
43 38 36
43 41 24
43 45 62
43 49 12
43 50 54
43 52 85
43 55 3
43 56 95
44 0 44
44 2 60
44 3 55
44 4 58
44 8 96
44 9 64
44 10 40
44 11 4
44 12 21
44 14 2
44 15 7
44 16 20
44 18 63
44 19 8
44 22 70
44 24 88
44 25 36
44 27 13
44 29 26
44 35 64
44 36 22
44 40 22
44 41 88
44 45 88
44 46 50
44 49 25
44 51 81
44 52 52
44 53 19
44 55 86
44 56 70
44 57 48
45 0 90
45 1 66
45 5 32
45 6 89
45 8 14
45 9 14
45 16 96
45 19 84
45 22 38
45 23 1
45 25 78
45 26 11
45 28 26
45 30 9
45 33 63
45 35 72
45 38 24
45 39 26
45 40 61
45 42 7
45 43 90
45 47 66
45 48 62
45 49 3
45 54 69
45 56 4
46 0 91
46 2 32
46 3 27
46 4 56
46 9 5
46 11 80
46 13 71
46 14 42
46 15 41
46 16 3
46 19 66
46 20 98
46 21 38
46 23 17
46 27 100
46 28 47
46 30 25
46 35 45
46 38 73
46 40 98
46 42 64
46 49 36
46 50 13
46 55 55
46 57 82
46 58 76
47 0 97
47 2 6
47 3 54
47 4 45
47 5 22
47 6 36
47 14 87
47 15 71
47 17 24
47 18 58
47 21 79
47 23 67
47 26 58
47 27 73
47 28 43
47 29 50
47 32 65
47 34 76
47 36 75
47 38 13
47 39 53
47 40 13
47 43 50
47 45 15
47 48 52
47 49 63
47 51 51
47 52 60
47 57 43
47 58 29
47 59 99
48 0 71
48 1 77
48 3 29
48 5 1
48 6 46
48 8 15
48 9 67
48 12 26
48 13 10
48 14 66
48 16 83
48 21 25
48 22 19
48 23 31
48 25 67
48 26 83
48 27 62
48 29 32
48 33 81
48 34 5
48 36 47
48 39 8
48 41 59
48 42 24
48 43 46
48 45 96
48 51 57
48 52 36
48 54 22
48 55 41
48 56 76
48 57 7
49 0 85
49 1 44
49 2 16
49 3 4
49 7 58
49 9 36
49 12 9
49 15 66
49 16 52
49 17 25
49 19 17
49 20 13
49 22 98
49 24 69
49 25 46
49 26 3
49 28 46
49 30 57
49 41 95
49 50 51
49 52 55
49 55 6
49 56 73
49 57 49
49 58 71
49 59 40
50 1 49
50 2 26
50 4 46
50 5 46
50 6 30
50 7 20
50 10 64
50 11 53
50 12 6
50 13 58
50 14 1
50 17 82
50 18 86
50 19 78
50 20 54
50 24 58
50 25 100
50 26 62
50 28 11
50 34 83
50 35 34
50 36 99
50 40 55
50 43 78
50 45 67
50 46 77
50 52 94
50 53 48
50 54 74
51 3 73
51 6 77
51 9 78
51 10 59
51 12 33
51 13 91
51 14 39
51 16 11
51 19 27
51 21 44
51 22 44
51 24 4
51 25 71
51 26 64
51 29 88
51 30 49
51 35 58
51 36 2
51 40 35
51 42 3
51 44 55
51 45 69
51 47 10
51 49 77
51 52 67
51 54 16
51 55 47
51 57 54
52 1 76
52 2 42
52 5 29
52 6 30
52 7 65
52 9 93
52 10 69
52 13 5
52 14 83
52 17 11
52 18 14
52 19 89
52 20 98
52 21 32
52 22 18
52 24 19
52 29 32
52 32 14
52 33 1
52 36 52
52 38 21
52 40 35
52 42 35
52 44 28
52 46 63
52 48 32
52 49 81
52 50 15
52 54 99
52 57 36
52 58 79
53 0 84
53 1 74
53 7 6
53 8 3
53 9 78
53 12 54
53 14 4
53 15 16
53 17 47
53 19 90
53 20 93
53 21 6
53 22 99
53 25 13
53 26 51
53 29 48
53 33 13
53 34 79
53 38 88
53 39 36
53 40 10
53 43 35
53 46 39
53 49 11
53 50 96
53 51 60
53 52 4
53 54 97
53 58 34
53 59 69
54 1 97
54 3 30
54 4 57
54 6 36
54 8 11
54 10 43
54 11 92
54 14 24
54 15 74
54 16 55
54 18 91
54 21 53
54 22 63
54 23 65
54 24 14
54 27 76
54 28 24
54 29 69
54 32 78
54 38 90
54 39 62
54 40 38
54 41 64
54 43 28
54 49 70
54 52 59
54 53 14
54 56 22
54 57 53
55 1 29
55 4 73
55 5 7
55 8 69
55 12 39
55 14 80
55 15 3
55 17 97
55 18 5
55 19 2
55 20 39
55 22 32
55 25 16
55 27 45
55 28 13
55 29 15
55 32 57
55 34 14
55 35 72
55 39 76
55 40 51
55 43 50
55 45 63
55 46 23
55 47 84
55 49 82
55 52 28
55 53 66
55 57 47
55 58 13
55 59 79
56 0 93
56 3 87
56 4 50
56 7 6
56 10 75
56 13 30
56 15 32
56 19 30
56 24 34
56 25 75
56 26 70
56 28 41
56 29 34
56 30 50
56 32 29
56 35 4
56 36 30
56 38 19
56 41 54
56 43 39
56 44 62
56 46 67
56 48 23
56 49 31
56 52 80
56 53 5
56 57 96
56 59 5
57 0 46
57 1 84
57 3 52
57 4 65
57 5 31
57 6 99
57 8 87
57 10 61
57 11 62
57 12 23
57 13 100
57 16 89
57 17 75
57 23 62
57 27 47
57 28 68
57 29 9
57 32 5
57 33 36
57 35 91
57 40 32
57 41 31
57 42 22
57 44 34
57 45 20
57 46 1
57 47 39
57 50 85
57 51 88
57 53 41
57 54 50
57 58 61
57 59 26
58 0 11
58 3 54
58 5 98
58 9 92
58 10 53
58 11 31
58 12 70
58 13 87
58 15 79
58 16 68
58 18 85
58 21 68
58 24 99
58 27 18
58 30 76
58 38 25
58 41 86
58 42 73
58 43 64
58 45 14
58 46 77
58 47 76
58 49 11
58 50 67
58 51 34
58 53 32
58 59 38
59 0 29
59 3 79
59 4 34
59 6 58
59 10 74
59 14 27
59 16 6
59 17 37
59 21 62
59 22 94
59 23 26
59 24 11
59 25 99
59 26 81
59 28 12
59 29 98
59 30 79
59 33 84
59 34 85
59 35 7
59 38 76
59 40 36
59 41 44
59 42 96
59 43 86
59 44 54
59 46 68
59 48 90
59 51 25
59 52 65
59 56 66
59 58 15
37 2 67
37 9 26
37 10 63
37 15 67
37 16 94
37 17 56
37 18 93
37 19 26
37 20 21
37 22 27
37 24 14
37 25 62
37 29 4
37 34 90
37 36 76
37 38 60
37 41 33
37 46 19
37 47 59
37 49 23
37 50 8
37 52 68
37 53 95
37 54 11
37 55 5
37 56 94
37 58 73
37 59 75
1 31 15
3 31 68
4 31 14
6 31 90
10 31 70
11 31 43
13 31 25
14 31 59
15 31 52
17 31 32
19 31 98
24 31 67
27 31 75
28 31 28
29 31 77
30 31 12
33 31 87
34 31 28
35 31 46
42 31 70
43 31 98
45 31 39
46 31 20
50 31 75
51 31 44
52 31 40
53 31 38
55 31 8
57 31 54
59 31 66
