102
110
0 1 36
0 2 26
0 6 4
0 7 62
0 9 88
0 10 79
0 11 91
0 12 61
0 13 19
0 15 22
0 17 49
0 19 4
0 22 27
0 25 88
0 26 14
0 27 92
0 29 94
0 30 60
0 31 49
0 33 49
0 34 59
0 36 100
0 37 38
0 38 74
0 41 3
0 42 78
0 43 8
0 45 96
0 47 56
0 48 29
0 49 94
0 50 5
0 51 69
0 52 11
0 54 70
0 55 82
0 56 75
0 57 42
0 58 52
0 59 14
0 60 28
0 61 77
0 63 54
0 64 28
0 67 44
0 68 5
0 70 89
0 71 5
0 74 2
0 75 85
0 76 72
0 77 13
0 79 68
0 81 83
0 82 8
0 85 19
0 87 2
0 88 76
0 90 5
0 92 95
0 93 21
0 94 100
0 95 15
0 97 46
0 99 14
0 100 35
0 101 11
0 103 21
0 104 79
0 105 57
0 106 61
0 107 67
0 109 85
0 111 47
0 112 93
0 113 71
0 114 65
0 115 77
0 117 81
0 118 26
0 119 21
1 0 49
1 2 19
1 3 96
1 5 39
1 8 58
1 9 98
1 10 26
1 11 52
1 12 45
1 14 68
1 15 99
1 16 87
1 18 70
1 19 24
1 20 96
1 21 58
1 22 18
1 23 32
1 25 76
1 26 68
1 27 98
1 29 37
1 30 57
1 32 47
1 33 81
1 34 95
1 36 5
1 38 68
1 39 9
1 40 62
1 42 86
1 43 95
1 44 53
1 45 19
1 46 18
1 47 69
1 50 38
1 51 42
1 53 46
1 54 4
1 56 69
1 59 33
1 60 26
1 62 85
1 64 15
1 66 72
1 67 87
1 69 67
1 70 3
1 72 33
1 74 19
1 75 45
1 76 69
1 80 94
1 81 1
1 83 7
1 84 65
1 85 64
1 87 95
1 89 81
1 96 50
1 99 50
1 100 84
1 103 88
1 104 75
1 106 44
1 107 31
1 108 88
1 109 59
1 111 38
1 112 95
1 114 53
1 115 85
1 116 12
1 118 94
2 0 2
2 1 76
2 7 22
2 10 18
2 11 58
2 17 92
2 18 21
2 21 21
2 22 65
2 23 16
2 25 50
2 26 76
2 27 24
2 28 39
2 29 89
2 30 84
2 31 56
2 32 98
2 34 73
2 35 32
2 37 54
2 40 96
2 42 81
2 44 3
2 45 97
2 46 57
2 48 18
2 49 91
2 50 34
2 51 35
2 52 63
2 53 90
2 55 83
2 56 84
2 58 7
2 59 83
2 61 60
2 62 21
2 63 26
2 64 24
2 67 78
2 68 32
2 69 42
2 73 12
2 74 63
2 75 52
2 77 19
2 78 9
2 80 30
2 82 11
2 83 10
2 84 13
2 86 41
2 87 63
2 88 61
2 89 53
2 90 28
2 92 65
2 93 25
2 94 51
2 99 91
2 100 30
2 101 17
2 103 70
2 104 15
2 106 14
2 111 76
2 112 13
2 113 68
2 115 69
2 117 29
2 118 30
3 0 32
3 1 18
3 4 69
3 5 89
3 6 21
3 7 33
3 8 40
3 11 96
3 15 33
3 16 30
3 17 92
3 18 65
3 19 41
3 20 36
3 21 93
3 22 15
3 24 14
3 25 9
3 26 93
3 27 4
3 28 97
3 29 79
3 30 41
3 32 74
3 34 41
3 35 90
3 36 30
3 37 38
3 39 98
3 40 70
3 41 24
3 42 11
3 43 81
3 44 25
3 46 86
3 47 85
3 48 82
3 50 27
3 51 29
3 52 61
3 53 70
3 57 34
3 58 11
3 59 56
3 60 25
3 61 77
3 62 58
3 64 99
3 65 60
3 67 5
3 68 38
3 69 25
3 70 55
3 71 25
3 72 42
3 74 1
3 78 59
3 81 96
3 82 48
3 83 66
3 84 86
3 87 85
3 88 18
3 89 12
3 91 2
3 93 91
3 94 61
3 97 32
3 98 3
3 101 77
3 103 16
3 104 50
3 105 78
3 107 57
3 108 83
3 109 84
3 112 29
3 113 4
3 114 50
3 117 27
3 118 91
4 0 90
4 2 95
4 3 96
4 5 70
4 6 16
4 7 80
4 11 69
4 12 9
4 13 77
4 14 2
4 15 53
4 16 23
4 17 51
4 18 26
4 20 68
4 22 59
4 23 40
4 25 52
4 27 97
4 28 85
4 29 47
4 30 3
4 32 58
4 33 11
4 34 64
4 36 2
4 37 27
4 38 14
4 41 84
4 42 1
4 45 47
4 47 49
4 48 66
4 50 64
4 54 60
4 56 24
4 57 43
4 58 99
4 59 90
4 60 47
4 62 53
4 66 41
4 67 55
4 68 43
4 69 80
4 71 19
4 72 51
4 74 65
4 75 66
4 76 1
4 77 35
4 78 23
4 79 82
4 80 12
4 81 96
4 83 36
4 84 57
4 88 74
4 89 6
4 90 75
4 91 35
4 92 37
4 93 25
4 95 79
4 96 60
4 97 62
4 98 13
4 100 100
4 103 65
4 104 7
4 105 55
4 106 49
4 108 99
4 109 72
4 111 70
4 112 82
4 113 61
4 114 15
4 115 17
4 116 29
4 117 50
4 118 61
4 119 22
5 0 73
5 4 71
5 6 11
5 7 33
5 8 50
5 9 65
5 10 58
5 11 99
5 12 56
5 14 3
5 16 98
5 17 9
5 18 36
5 19 44
5 20 4
5 21 78
5 22 98
5 23 72
5 24 1
5 26 6
5 27 56
5 28 59
5 31 8
5 32 4
5 33 40
5 34 72
5 35 94
5 37 66
5 38 70
5 39 81
5 40 17
5 42 26
5 43 62
5 45 62
5 46 26
5 47 29
5 48 75
5 49 92
5 51 66
5 52 50
5 57 46
5 58 20
5 60 15
5 62 61
5 64 96
5 65 12
5 66 17
5 67 91
5 68 72
5 69 66
5 70 58
5 71 2
5 72 79
5 73 87
5 74 58
5 75 70
5 76 91
5 78 51
5 79 32
5 80 51
5 81 13
5 82 90
5 83 100
5 84 56
5 85 11
5 86 29
5 88 47
5 89 63
5 91 68
5 92 94
5 93 69
5 94 53
5 95 9
5 96 51
5 97 22
5 98 23
5 101 85
5 103 86
5 104 72
5 106 69
5 108 83
5 109 64
5 111 54
5 113 70
5 114 20
5 117 43
5 118 54
5 119 90
6 0 61
6 2 77
6 3 29
6 5 58
6 7 49
6 8 3
6 9 44
6 10 71
6 11 24
6 14 11
6 18 45
6 19 80
6 21 56
6 22 28
6 23 23
6 24 27
6 25 43
6 27 60
6 28 71
6 30 78
6 31 44
6 32 66
6 34 35
6 36 49
6 37 69
6 38 89
6 42 15
6 44 63
6 45 96
6 46 25
6 48 70
6 49 5
6 50 31
6 51 30
6 52 100
6 53 75
6 55 72
6 56 5
6 58 17
6 59 44
6 60 47
6 61 60
6 63 57
6 64 22
6 66 82
6 67 98
6 68 43
6 69 37
6 71 8
6 72 31
6 73 82
6 74 26
6 75 74
6 76 99
6 77 49
6 82 6
6 85 98
6 86 26
6 87 24
6 88 63
6 89 23
6 90 22
6 91 9
6 92 24
6 93 19
6 95 27
6 97 91
6 98 97
6 100 57
6 101 31
6 103 89
6 104 67
6 105 16
6 107 12
6 108 58
6 109 30
6 112 66
6 113 12
6 114 7
6 115 13
6 117 9
6 118 77
6 119 74
7 0 49
7 1 20
7 3 32
7 4 42
7 5 26
7 6 8
7 8 99
7 9 82
7 10 99
7 11 45
7 12 24
7 13 31
7 14 38
7 17 89
7 18 82
7 20 64
7 21 26
7 22 74
7 23 24
7 25 9
7 26 36
7 27 93
7 29 4
7 30 61
7 32 8
7 33 40
7 37 48
7 38 14
7 42 48
7 43 12
7 44 20
7 45 69
7 46 78
7 47 21
7 48 31
7 49 22
7 51 19
7 52 92
7 53 11
7 54 44
7 55 4
7 57 59
7 58 57
7 59 10
7 61 2
7 62 47
7 63 5
7 65 91
7 66 34
7 67 52
7 68 32
7 70 65
7 71 89
7 72 60
7 73 32
7 74 24
7 75 78
7 76 40
7 77 77
7 79 4
7 80 25
7 81 34
7 82 41
7 84 84
7 86 50
7 87 80
7 88 10
7 91 11
7 93 4
7 94 82
7 97 63
7 98 33
7 99 13
7 101 1
7 105 61
7 106 92
7 107 7
7 108 16
7 111 73
7 113 31
7 114 43
7 115 59
7 116 69
7 117 85
7 119 72
8 0 43
8 2 86
8 3 60
8 4 68
8 7 8
8 10 81
8 11 44
8 14 27
8 15 10
8 16 68
8 17 37
8 18 11
8 21 56
8 22 3
8 24 72
8 26 97
8 28 95
8 29 32
8 32 51
8 34 42
8 35 92
8 36 24
8 38 90
8 40 11
8 41 74
8 42 41
8 43 64
8 44 10
8 45 21
8 46 65
8 49 91
8 50 9
8 51 91
8 53 8
8 54 15
8 58 100
8 59 95
8 60 79
8 61 37
8 62 58
8 63 53
8 64 95
8 65 48
8 68 17
8 69 24
8 71 58
8 73 9
8 74 72
8 78 33
8 79 10
8 80 38
8 81 81
8 83 8
8 84 99
8 85 66
8 86 28
8 87 60
8 88 45
8 89 23
8 90 18
8 91 9
8 92 44
8 93 17
8 94 30
8 95 2
8 96 89
8 97 54
8 99 66
8 103 97
8 104 80
8 106 74
8 108 71
8 111 77
8 112 91
8 113 58
8 115 39
8 116 15
8 117 76
8 118 56
9 0 96
9 1 58
9 2 68
9 3 30
9 4 85
9 5 84
9 7 13
9 8 25
9 11 20
9 12 74
9 13 88
9 14 55
9 15 61
9 16 40
9 18 32
9 19 69
9 20 79
9 21 12
9 22 14
9 24 9
9 25 56
9 26 67
9 27 66
9 28 24
9 29 69
9 30 90
9 31 25
9 32 29
9 33 95
9 35 15
9 36 83
9 37 4
9 39 39
9 41 81
9 42 73
9 44 59
9 46 14
9 49 64
9 50 81
9 51 59
9 52 61
9 53 34
9 55 5
9 56 1
9 57 1
9 58 86
9 59 84
9 60 92
9 61 37
9 62 58
9 63 100
9 64 20
9 65 36
9 66 25
9 67 16
9 68 34
9 69 37
9 70 19
9 71 69
9 72 38
9 73 77
9 74 16
9 75 7
9 76 50
9 77 18
9 78 7
9 80 49
9 81 32
9 84 16
9 85 54
9 86 49
9 87 97
9 88 26
9 91 46
9 92 80
9 94 41
9 95 99
9 97 70
9 98 40
9 99 39
9 100 48
9 101 16
9 104 55
9 105 88
9 107 2
9 111 34
9 113 94
9 117 98
9 118 89
9 119 43
10 0 20
10 1 63
10 3 2
10 4 31
10 5 85
10 6 58
10 7 54
10 8 33
10 9 10
10 11 92
10 12 81
10 13 89
10 14 14
10 16 81
10 18 100
10 19 78
10 21 84
10 22 89
10 25 72
10 26 10
10 27 61
10 29 13
10 30 49
10 32 15
10 33 54
10 34 28
10 35 52
10 38 60
10 39 14
10 40 24
10 42 77
10 44 32
10 45 80
10 47 8
10 48 38
10 49 80
10 50 82
10 51 82
10 52 75
10 53 9
10 54 57
10 55 61
10 56 60
10 57 96
10 58 42
10 63 24
10 65 24
10 66 30
10 67 8
10 69 55
10 70 77
10 72 48
10 76 3
10 77 2
10 79 11
10 81 98
10 83 48
10 84 78
10 85 83
10 86 6
10 87 100
10 89 55
10 91 36
10 92 22
10 93 73
10 94 100
10 95 48
10 96 49
10 98 95
10 99 88
10 101 6
10 104 68
10 105 48
10 106 81
10 107 29
10 108 85
10 109 64
10 114 76
10 115 28
10 116 29
10 118 97
10 119 81
11 1 51
11 2 51
11 3 4
11 4 21
11 6 39
11 7 60
11 8 72
11 12 100
11 15 78
11 16 90
11 17 36
11 18 26
11 19 98
11 20 88
11 21 82
11 22 4
11 24 51
11 26 80
11 27 13
11 28 34
11 30 18
11 31 93
11 32 56
11 33 48
11 34 73
11 35 71
11 37 66
11 40 65
11 42 1
11 43 1
11 44 98
11 47 63
11 48 31
11 49 46
11 50 28
11 51 52
11 53 51
11 54 61
11 55 52
11 59 1
11 60 47
11 62 98
11 65 92
11 67 23
11 68 17
11 69 75
11 70 8
11 71 95
11 72 16
11 73 98
11 74 89
11 75 12
11 77 24
11 79 13
11 80 91
11 81 77
11 82 57
11 83 11
11 84 77
11 85 13
11 86 74
11 87 27
11 88 4
11 89 88
11 91 1
11 93 94
11 94 27
11 95 55
11 98 26
11 99 26
11 100 19
11 101 18
11 104 24
11 107 1
11 109 76
11 111 53
11 112 51
11 113 49
11 116 89
11 117 45
11 119 16
12 0 29
12 1 73
12 3 11
12 4 40
12 5 56
12 6 6
12 7 45
12 9 61
12 10 79
12 11 24
12 14 89
12 16 14
12 17 65
12 20 37
12 21 26
12 23 56
12 24 89
12 25 98
12 27 30
12 30 15
12 32 84
12 34 61
12 35 21
12 36 58
12 37 97
12 38 82
12 39 67
12 40 60
12 41 9
12 42 70
12 43 28
12 45 40
12 49 12
12 50 19
12 52 57
12 53 56
12 55 70
12 56 94
12 57 69
12 59 99
12 61 83
12 63 33
12 64 74
12 66 15
12 67 79
12 68 13
12 69 69
12 71 3
12 72 80
12 73 34
12 74 90
12 76 21
12 77 18
12 78 44
12 81 25
12 83 32
12 85 65
12 88 46
12 89 25
12 90 74
12 95 74
12 97 22
12 98 94
12 99 84
12 100 28
12 101 92
12 105 74
12 106 88
12 107 46
12 108 86
12 109 10
12 111 55
12 112 18
12 113 13
12 114 75
12 115 67
12 116 67
12 117 81
12 118 64
12 119 72
13 0 25
13 1 92
13 2 60
13 3 79
13 4 98
13 5 80
13 6 56
13 7 74
13 8 90
13 11 3
13 14 10
13 16 20
13 18 73
13 19 95
13 20 92
13 21 22
13 22 33
13 23 8
13 26 50
13 27 34
13 28 3
13 30 92
13 34 15
13 35 34
13 36 26
13 37 54
13 38 67
13 39 5
13 40 5
13 42 16
13 43 68
13 44 48
13 48 40
13 49 18
13 50 86
13 55 2
13 57 37
13 59 61
13 60 48
13 62 25
13 63 16
13 64 9
13 66 6
13 67 41
13 68 12
13 69 98
13 70 79
13 72 94
13 73 34
13 74 99
13 75 45
13 76 28
13 78 81
13 79 1
13 82 54
13 83 33
13 84 37
13 87 21
13 89 76
13 90 92
13 93 78
13 95 51
13 96 100
13 97 83
13 98 48
13 99 18
13 104 72
13 105 44
13 107 39
13 108 17
13 111 86
13 112 95
13 114 10
13 117 58
13 119 82
14 0 71
14 1 22
14 4 92
14 5 99
14 6 59
14 7 47
14 8 70
14 9 61
14 10 27
14 12 80
14 13 43
14 15 92
14 16 85
14 17 19
14 18 27
14 19 81
14 20 91
14 21 96
14 24 56
14 25 44
14 27 36
14 28 93
14 30 4
14 32 100
14 33 29
14 34 89
14 35 21
14 36 72
14 38 38
14 39 24
14 40 38
14 41 93
14 42 96
14 43 54
14 45 62
14 47 89
14 48 59
14 49 33
14 50 27
14 51 61
14 52 32
14 53 12
14 54 83
14 55 42
14 57 63
14 58 67
14 60 40
14 61 20
14 62 53
14 63 11
14 64 74
14 65 36
14 67 61
14 69 90
14 71 56
14 72 91
14 73 71
14 74 48
14 75 10
14 76 43
14 77 2
14 78 77
14 79 30
14 81 72
14 82 59
14 89 73
14 90 13
14 91 39
14 92 67
14 93 80
14 95 17
14 96 61
14 97 46
14 98 45
14 99 26
14 100 52
14 105 18
14 106 53
14 107 15
14 108 54
14 109 38
14 111 10
14 112 91
14 113 45
14 114 9
14 117 75
14 118 24
14 119 55
15 0 84
15 1 54
15 2 81
15 4 89
15 5 49
15 6 81
15 7 97
15 8 63
15 9 27
15 10 72
15 12 89
15 13 12
15 14 91
15 16 45
15 17 94
15 19 36
15 20 95
15 22 61
15 23 9
15 25 86
15 27 71
15 29 24
15 30 11
15 31 16
15 32 3
15 33 21
15 34 52
15 35 72
15 38 68
15 40 99
15 41 55
15 42 97
15 43 75
15 46 83
15 48 59
15 49 26
15 50 84
15 51 12
15 52 25
15 54 7
15 58 23
15 60 56
15 62 89
15 63 15
15 64 59
15 66 41
15 68 5
15 69 60
15 70 55
15 71 22
15 73 53
15 74 32
15 75 10
15 76 46
15 78 37
15 79 23
15 80 44
15 81 66
15 82 45
15 83 57
15 85 58
15 86 95
15 88 17
15 91 11
15 93 59
15 94 77
15 96 41
15 98 99
15 99 15
15 100 86
15 101 19
15 103 44
15 104 26
15 107 1
15 108 58
15 109 6
15 111 6
15 112 67
15 113 88
15 114 21
15 115 64
15 116 46
15 117 73
15 118 58
16 0 56
16 1 7
16 3 76
16 6 81
16 7 24
16 8 21
16 9 96
16 10 26
16 11 57
16 12 12
16 13 30
16 14 77
16 15 53
16 17 52
16 18 99
16 19 30
16 20 36
16 21 35
16 22 52
16 24 90
16 25 18
16 26 81
16 27 63
16 28 75
16 30 49
16 31 77
16 33 86
16 34 81
16 35 17
16 36 63
16 37 31
16 39 3
16 40 97
16 42 29
16 43 70
16 44 35
16 45 47
16 46 54
16 47 30
16 48 74
16 51 24
16 52 83
16 54 58
16 55 40
16 56 42
16 57 60
16 58 46
16 59 36
16 60 40
16 63 51
16 64 48
16 65 18
16 66 87
16 67 3
16 68 37
16 69 18
16 70 63
16 72 74
16 73 8
16 75 79
16 76 9
16 78 7
16 79 8
16 80 6
16 81 83
16 82 28
16 83 54
16 85 93
16 86 74
16 87 69
16 88 48
16 89 34
16 90 48
16 91 11
16 93 5
16 94 82
16 97 82
16 100 65
16 101 9
16 105 25
16 106 85
16 107 55
16 108 71
16 109 96
16 111 86
16 112 90
16 115 84
16 118 27
16 119 96
17 0 47
17 1 63
17 2 41
17 4 61
17 5 89
17 6 1
17 7 48
17 8 83
17 10 81
17 13 43
17 15 7
17 21 89
17 23 23
17 24 2
17 25 33
17 26 48
17 27 2
17 29 2
17 31 58
17 32 74
17 33 13
17 36 36
17 38 4
17 39 26
17 41 73
17 42 66
17 44 98
17 46 74
17 47 96
17 48 34
17 51 16
17 53 4
17 55 59
17 58 58
17 59 48
17 61 100
17 64 55
17 65 96
17 66 89
17 67 66
17 68 10
17 69 27
17 70 28
17 71 81
17 72 17
17 74 19
17 75 60
17 76 37
17 78 78
17 79 80
17 81 58
17 85 99
17 88 33
17 90 55
17 92 37
17 94 72
17 97 11
17 98 29
17 101 94
17 105 15
17 106 32
17 107 92
17 108 18
17 109 11
17 112 6
17 113 61
17 117 31
17 118 69
17 119 95
18 0 13
18 3 93
18 4 71
18 5 82
18 6 50
18 7 100
18 8 8
18 10 85
18 11 25
18 12 72
18 13 62
18 14 33
18 15 58
18 17 61
18 22 41
18 24 72
18 25 30
18 26 83
18 27 24
18 28 38
18 31 24
18 33 33
18 35 91
18 36 50
18 37 14
18 38 30
18 39 35
18 41 5
18 42 47
18 44 38
18 46 98
18 47 72
18 48 43
18 49 53
18 50 10
18 52 86
18 53 56
18 54 14
18 55 13
18 56 12
18 57 37
18 58 97
18 59 25
18 60 100
18 61 66
18 62 76
18 63 3
18 64 70
18 65 64
18 66 51
18 67 22
18 68 30
18 69 62
18 74 4
18 75 32
18 77 95
18 78 90
18 80 67
18 82 10
18 83 65
18 84 9
18 85 100
18 86 42
18 87 65
18 88 80
18 89 51
18 90 5
18 92 40
18 93 36
18 95 90
18 98 96
18 99 11
18 100 24
18 104 89
18 105 78
18 106 84
18 107 27
18 109 22
18 112 47
18 113 76
18 114 73
18 115 3
18 117 48
18 119 81
19 0 87
19 1 30
19 2 95
19 4 66
19 5 38
19 7 22
19 8 32
19 9 97
19 10 71
19 11 84
19 12 16
19 15 88
19 16 73
19 18 89
19 20 66
19 21 42
19 22 35
19 24 25
19 25 37
19 30 84
19 32 45
19 35 14
19 36 76
19 38 88
19 39 52
19 40 97
19 42 49
19 43 82
19 44 92
19 46 2
19 49 84
19 50 44
19 51 30
19 54 40
19 55 42
19 56 57
19 58 14
19 60 68
19 61 5
19 62 78
19 63 68
19 64 85
19 65 90
19 67 96
19 69 87
19 70 30
19 71 36
19 72 81
19 74 100
19 75 19
19 76 45
19 78 70
19 79 51
19 80 67
19 81 34
19 82 76
19 84 69
19 85 35
19 86 47
19 87 55
19 89 11
19 90 72
19 91 39
19 92 14
19 94 28
19 95 21
19 96 12
19 97 42
19 98 7
19 100 10
19 101 51
19 103 11
19 104 29
19 105 1
19 106 44
19 107 98
19 108 44
19 109 81
19 111 50
19 113 84
19 115 50
19 116 14
19 117 34
19 118 22
19 119 11
20 0 43
20 1 98
20 3 70
20 4 46
20 6 87
20 7 47
20 9 10
20 10 67
20 11 97
20 13 29
20 15 14
20 16 71
20 17 38
20 18 19
20 19 66
20 22 80
20 24 50
20 26 82
20 27 74
20 29 14
20 30 18
20 31 92
20 32 66
20 33 28
20 34 21
20 35 96
20 36 18
20 37 41
20 39 33
20 41 23
20 44 82
20 45 12
20 47 47
20 48 42
20 49 34
20 51 32
20 52 41
20 53 48
20 54 64
20 55 35
20 56 67
20 57 41
20 58 100
20 60 27
20 61 67
20 63 77
20 65 5
20 69 96
20 70 4
20 71 18
20 72 15
20 73 42
20 74 43
20 75 95
20 77 35
20 78 49
20 82 88
20 84 54
20 86 4
20 87 39
20 88 50
20 89 73
20 90 66
20 91 59
20 92 71
20 94 54
20 95 34
20 96 26
20 97 48
20 98 80
20 99 85
20 103 92
20 104 79
20 105 72
20 106 48
20 107 36
20 111 40
20 112 70
20 113 42
20 114 59
20 116 6
20 117 48
20 118 5
20 119 65
21 0 48
21 2 15
21 3 2
21 4 41
21 5 74
21 7 40
21 8 6
21 9 83
21 10 27
21 11 15
21 12 1
21 14 22
21 15 24
21 19 100
21 20 74
21 22 97
21 23 14
21 24 11
21 25 91
21 26 57
21 27 10
21 29 87
21 31 93
21 32 43
21 33 53
21 34 75
21 35 17
21 36 93
21 37 90
21 38 74
21 40 1
21 41 54
21 43 5
21 46 48
21 47 54
21 49 47
21 50 64
21 51 66
21 52 29
21 53 60
21 54 95
21 55 92
21 57 38
21 58 21
21 59 13
21 60 21
21 61 100
21 63 87
21 64 95
21 65 46
21 66 89
21 67 46
21 68 35
21 69 78
21 70 64
21 71 5
21 74 48
21 75 35
21 76 28
21 78 85
21 79 2
21 80 78
21 81 50
21 82 20
21 83 35
21 84 80
21 86 7
21 87 84
21 88 46
21 89 68
21 92 54
21 93 63
21 94 29
21 95 80
21 96 78
21 98 74
21 99 24
21 100 74
21 103 40
21 104 39
21 105 2
21 106 78
21 107 82
21 108 73
21 109 52
21 112 42
21 113 61
21 114 77
21 116 38
21 117 22
21 118 43
22 0 1
22 1 73
22 2 21
22 3 39
22 4 7
22 5 43
22 9 86
22 10 88
22 12 64
22 13 79
22 14 92
22 16 90
22 19 38
22 21 41
22 23 51
22 26 73
22 27 27
22 28 62
22 29 98
22 30 72
22 31 53
22 32 1
22 33 42
22 34 73
22 35 31
22 36 68
22 37 82
22 38 69
22 39 64
22 40 54
22 41 20
22 42 51
22 43 15
22 45 95
22 46 46
22 48 97
22 50 4
22 51 36
22 54 68
22 55 50
22 56 94
22 57 35
22 60 92
22 61 21
22 62 22
22 63 4
22 65 52
22 66 85
22 68 28
22 69 86
22 72 20
22 73 88
22 74 84
22 76 74
22 77 54
22 78 71
22 79 43
22 80 15
22 82 46
22 84 30
22 85 8
22 86 43
22 87 56
22 88 73
22 89 27
22 91 66
22 93 81
22 97 70
22 100 7
22 101 26
22 103 98
22 104 56
22 105 44
22 106 58
22 107 68
22 108 73
22 109 24
22 111 29
22 112 70
22 114 90
22 115 80
22 117 32
22 118 90
23 0 63
23 1 78
23 3 29
23 4 46
23 5 15
23 7 97
23 8 15
23 10 10
23 14 49
23 16 54
23 17 14
23 18 9
23 19 14
23 20 7
23 21 30
23 24 18
23 25 66
23 26 93
23 27 3
23 29 50
23 31 11
23 32 56
23 33 25
23 34 100
23 37 33
23 40 34
23 41 9
23 42 68
23 43 93
23 44 4
23 45 6
23 46 17
23 48 46
23 50 26
23 51 13
23 52 23
23 53 81
23 55 38
23 56 75
23 57 100
23 58 16
23 59 2
23 61 83
23 65 11
23 66 66
23 67 96
23 68 21
23 69 42
23 70 81
23 71 90
23 74 40
23 75 59
23 76 3
23 77 14
23 79 30
23 80 82
23 81 7
23 82 52
23 83 55
23 86 82
23 87 65
23 88 33
23 89 85
23 90 12
23 91 34
23 93 98
23 94 78
23 95 48
23 96 22
23 97 9
23 98 47
23 99 31
23 100 70
23 101 63
23 103 64
23 105 96
23 107 20
23 108 16
23 109 47
23 111 70
23 112 26
23 117 2
24 0 41
24 1 84
24 2 100
24 3 65
24 4 94
24 6 72
24 8 15
24 9 3
24 10 5
24 11 37
24 12 94
24 13 29
24 14 11
24 16 44
24 17 69
24 18 10
24 20 40
24 21 73
24 23 20
24 28 82
24 30 9
24 32 60
24 34 36
24 35 6
24 36 78
24 37 61
24 38 56
24 39 9
24 41 6
24 42 30
24 43 46
24 44 39
24 45 30
24 46 63
24 47 33
24 48 19
24 50 34
24 51 39
24 52 45
24 53 45
24 54 65
24 55 3
24 56 46
24 57 31
24 58 78
24 60 20
24 61 17
24 62 74
24 63 94
24 64 49
24 65 13
24 66 32
24 67 40
24 68 37
24 71 1
24 72 45
24 74 94
24 75 40
24 76 32
24 78 31
24 79 9
24 80 75
24 82 1
24 84 51
24 85 78
24 87 98
24 90 11
24 91 89
24 93 27
24 95 64
24 96 96
24 97 100
24 98 87
24 99 48
24 100 89
24 101 58
24 103 69
24 104 88
24 106 54
24 109 94
24 112 93
24 113 76
24 114 78
24 117 38
24 118 35
24 119 32
25 0 73
25 1 88
25 2 84
25 3 80
25 5 100
25 6 44
25 7 1
25 8 51
25 9 10
25 10 94
25 11 73
25 12 8
25 14 75
25 15 96
25 16 21
25 17 91
25 18 18
25 19 44
25 20 78
25 21 72
25 23 27
25 26 32
25 27 68
25 28 56
25 30 42
25 31 5
25 32 46
25 33 78
25 34 32
25 35 75
25 36 42
25 41 19
25 42 52
25 44 9
25 45 64
25 46 24
25 47 83
25 48 53
25 51 4
25 52 35
25 53 89
25 54 27
25 55 25
25 56 38
25 57 79
25 58 72
25 60 85
25 62 43
25 63 100
25 64 5
25 65 58
25 66 40
25 68 24
25 71 52
25 72 28
25 74 84
25 77 65
25 79 90
25 80 57
25 82 77
25 83 13
25 84 47
25 85 10
25 87 1
25 88 87
25 89 32
25 91 20
25 92 52
25 93 81
25 94 2
25 95 100
25 96 81
25 98 29
25 100 27
25 103 42
25 104 6
25 105 10
25 109 10
25 111 60
25 113 2
25 114 74
25 117 77
25 118 29
25 119 15
26 2 5
26 3 44
26 4 27
26 5 60
26 7 45
26 8 9
26 10 90
26 13 88
26 14 70
26 15 76
26 17 30
26 18 36
26 19 89
26 20 47
26 23 58
26 25 4
26 27 67
26 29 71
26 30 73
26 31 35
26 32 26
26 33 5
26 34 31
26 36 36
26 37 98
26 38 37
26 39 98
26 41 43
26 42 21
26 43 58
26 45 56
26 46 78
26 47 19
26 48 77
26 49 86
26 51 9
26 53 11
26 54 70
26 55 75
26 57 40
26 58 79
26 59 13
26 60 24
26 61 26
26 62 52
26 63 41
26 67 66
26 68 23
26 69 87
26 70 86
26 71 56
26 72 81
26 73 19
26 74 73
26 77 87
26 78 29
26 81 1
26 82 64
26 83 23
26 85 41
26 86 38
26 87 71
26 89 87
26 90 25
26 91 42
26 92 2
26 93 5
26 95 35
26 96 65
26 99 29
26 100 84
26 103 95
26 104 13
26 106 67
26 107 17
26 108 51
26 109 56
26 112 93
26 113 11
26 114 95
26 116 38
26 117 48
26 118 46
26 119 79
27 3 1
27 4 18
27 5 49
27 6 45
27 7 95
27 8 25
27 10 56
27 11 93
27 12 65
27 13 33
27 16 76
27 18 42
27 19 6
27 21 51
27 23 14
27 24 75
27 26 4
27 28 14
27 29 3
27 30 20
27 32 31
27 34 71
27 35 31
27 37 24
27 39 75
27 40 54
27 41 44
27 42 63
27 43 51
27 44 14
27 45 15
27 47 94
27 48 6
27 49 7
27 51 96
27 52 92
27 53 21
27 55 63
27 57 95
27 58 73
27 59 14
27 61 15
27 62 50
27 63 92
27 64 98
27 65 21
27 66 84
27 67 39
27 70 23
27 71 70
27 72 13
27 73 8
27 74 81
27 75 14
27 76 100
27 78 66
27 80 78
27 82 58
27 83 39
27 84 20
27 85 7
27 86 21
27 87 72
27 88 36
27 89 23
27 91 71
27 94 91
27 95 95
27 96 84
27 97 14
27 98 79
27 99 11
27 100 13
27 101 75
27 103 8
27 104 64
27 105 41
27 106 48
27 107 80
27 108 100
27 109 38
27 111 17
27 113 31
27 114 80
27 115 18
27 116 48
27 118 86
27 119 27
28 1 41
28 3 23
28 5 77
28 7 18
28 8 40
28 10 97
28 11 93
28 12 36
28 15 56
28 16 21
28 17 5
28 18 86
28 20 41
28 21 27
28 22 27
28 23 58
28 24 30
28 25 71
28 26 58
28 29 10
28 30 22
28 31 49
28 32 57
28 35 49
28 36 33
28 38 52
28 39 19
28 41 61
28 42 16
28 43 19
28 46 19
28 48 72
28 49 55
28 50 75
28 52 24
28 53 90
28 54 73
28 55 4
28 56 26
28 58 71
28 60 53
28 61 46
28 62 36
28 63 12
28 64 39
28 65 57
28 66 87
28 68 20
28 69 67
28 70 37
28 71 56
28 73 99
28 74 27
28 75 80
28 76 28
28 77 56
28 78 6
28 79 56
28 81 51
28 83 18
28 84 24
28 85 70
28 86 86
28 87 42
28 89 32
28 90 57
28 91 28
28 92 70
28 93 15
28 94 60
28 96 68
28 97 63
28 98 76
28 99 80
28 100 42
28 101 78
28 104 19
28 105 33
28 106 83
28 107 40
28 109 43
28 111 18
28 112 49
28 115 17
28 116 14
28 117 20
28 118 91
28 119 45
29 0 57
29 1 54
29 2 23
29 3 3
29 4 72
29 5 41
29 6 35
29 7 32
29 9 48
29 10 40
29 11 67
29 12 16
29 13 24
29 14 96
29 15 52
29 16 63
29 17 44
29 18 27
29 20 12
29 22 39
29 24 54
29 25 42
29 26 1
29 31 22
29 32 86
29 33 99
29 34 12
29 39 32
29 40 20
29 42 15
29 43 72
29 44 90
29 45 10
29 46 87
29 47 11
29 49 97
29 50 100
29 51 76
29 52 45
29 53 68
29 54 27
29 55 38
29 56 20
29 57 9
29 58 33
29 62 57
29 63 14
29 64 23
29 65 62
29 67 32
29 68 25
29 69 33
29 70 48
29 71 39
29 74 45
29 75 63
29 76 55
29 77 90
29 79 61
29 80 96
29 81 37
29 82 2
29 84 23
29 86 22
29 89 97
29 91 22
29 92 51
29 94 85
29 95 88
29 96 14
29 97 92
29 100 40
29 101 72
29 103 13
29 104 32
29 105 47
29 106 76
29 107 78
29 108 14
29 109 44
29 111 18
29 112 36
29 113 100
29 114 40
29 116 90
29 117 44
29 119 54
30 3 48
30 6 56
30 7 46
30 9 37
30 10 25
30 11 14
30 13 64
30 14 77
30 15 40
30 17 73
30 18 59
30 19 24
30 20 65
30 21 98
30 22 38
30 23 54
30 25 48
30 26 43
30 27 56
30 29 16
30 31 59
30 32 4
30 34 45
30 37 58
30 38 57
30 39 95
30 42 76
30 43 42
30 44 5
30 45 78
30 46 90
30 48 68
30 49 87
30 50 98
30 51 68
30 54 26
30 55 49
30 57 61
30 59 1
30 61 31
30 63 35
30 67 11
30 68 10
30 69 20
30 70 69
30 71 53
30 72 16
30 75 46
30 80 66
30 81 69
30 82 14
30 83 36
30 84 31
30 85 6
30 86 100
30 88 20
30 90 5
30 91 20
30 92 1
30 93 19
30 94 36
30 95 36
30 99 19
30 100 5
30 101 7
30 104 69
30 105 43
30 106 82
30 109 76
30 111 32
30 112 38
30 113 20
30 115 3
30 116 40
31 0 54
31 1 8
31 3 22
31 4 87
31 5 29
31 7 89
31 9 55
31 10 24
31 11 76
31 12 95
31 13 97
31 14 70
31 16 79
31 18 19
31 22 86
31 24 86
31 25 2
31 30 48
31 32 30
31 36 8
31 38 60
31 39 21
31 40 9
31 41 7
31 42 88
31 43 87
31 45 35
31 46 82
31 47 44
31 48 29
31 49 93
31 50 45
31 51 10
31 54 12
31 55 38
31 56 81
31 57 91
31 58 2
31 59 48
31 60 90
31 62 17
31 64 26
31 65 82
31 66 51
31 67 18
31 68 28
31 70 52
31 71 66
31 72 60
31 73 66
31 74 48
31 75 60
31 77 23
31 78 74
31 79 32
31 80 9
31 82 88
31 84 45
31 86 91
31 87 13
31 88 57
31 89 67
31 90 56
31 91 20
31 92 90
31 93 74
31 95 87
31 96 27
31 97 98
31 98 3
31 100 50
31 103 1
31 107 41
31 108 66
31 109 29
31 111 75
31 113 56
31 114 51
31 115 34
31 116 60
31 118 21
31 119 99
32 0 48
32 1 55
32 2 57
32 3 29
32 4 16
32 5 58
32 6 32
32 8 7
32 12 51
32 14 71
32 16 12
32 17 68
32 19 35
32 20 44
32 21 49
32 22 35
32 23 3
32 24 23
32 25 41
32 27 39
32 28 92
32 29 36
32 30 97
32 31 73
32 33 11
32 34 53
32 35 25
32 36 23
32 39 31
32 41 48
32 42 95
32 43 70
32 45 7
32 46 75
32 47 41
32 49 24
32 50 10
32 51 51
32 52 87
32 53 95
32 54 5
32 55 59
32 57 56
32 59 4
32 60 61
32 61 5
32 62 72
32 63 26
32 64 70
32 65 1
32 66 34
32 67 75
32 68 45
32 70 98
32 71 1
32 72 52
32 74 16
32 75 40
32 76 55
32 78 40
32 79 18
32 80 16
32 81 3
32 82 91
32 84 7
32 85 25
32 86 65
32 87 88
32 88 94
32 89 86
32 91 62
32 92 9
32 97 40
32 100 97
32 101 71
32 103 23
32 104 46
32 106 3
32 107 78
32 108 59
32 109 35
32 112 14
32 114 98
32 115 68
32 116 48
32 117 81
32 118 46
33 0 46
33 2 96
33 3 28
33 4 78
33 6 2
33 7 36
33 8 50
33 9 62
33 11 99
33 13 72
33 14 91
33 15 76
33 16 38
33 17 24
33 18 90
33 19 6
33 20 40
33 21 15
33 22 79
33 23 94
33 24 60
33 26 80
33 27 11
33 28 25
33 30 47
33 31 19
33 35 90
33 38 80
33 39 73
33 42 93
33 43 87
33 44 38
33 45 88
33 46 51
33 49 6
33 50 23
33 51 40
33 52 57
33 54 36
33 56 42
33 57 30
33 58 29
33 59 56
33 61 79
33 63 69
33 64 48
33 66 19
33 68 79
33 70 89
33 72 2
33 73 46
33 74 3
33 75 76
33 77 22
33 78 47
33 79 1
33 80 55
33 82 1
33 83 96
33 84 8
33 87 33
33 89 92
33 90 43
33 91 6
33 92 52
33 93 53
33 94 1
33 95 1
33 96 85
33 97 58
33 98 31
33 99 63
33 100 23
33 103 23
33 104 96
33 105 84
33 107 58
33 108 68
33 109 69
33 111 12
33 113 97
33 114 16
33 115 65
33 116 87
33 117 68
33 118 32
34 0 62
34 1 32
34 2 89
34 4 86
34 5 13
34 6 68
34 7 92
34 11 36
34 12 80
34 13 44
34 14 66
34 17 78
34 18 45
34 19 59
34 21 73
34 22 82
34 23 10
34 25 66
34 27 22
34 28 98
34 29 36
34 30 54
34 31 16
34 32 26
34 33 79
34 36 9
34 37 20
34 38 56
34 39 82
34 40 48
34 43 48
34 45 38
34 46 77
34 47 32
34 49 92
34 50 17
34 51 78
34 52 36
34 53 9
34 54 16
34 55 72
34 56 19
34 57 39
34 58 46
34 59 62
34 61 56
34 63 25
34 64 63
34 65 60
34 67 65
34 68 88
34 69 89
34 70 57
34 71 78
34 72 90
34 73 55
34 74 37
34 75 59
34 77 24
34 78 96
34 81 97
34 82 98
34 85 52
34 89 45
34 90 7
34 91 80
34 92 7
34 93 38
34 97 85
34 98 41
34 99 61
34 100 60
34 103 4
34 104 48
34 105 40
34 106 74
34 107 45
34 108 87
34 109 45
34 111 6
34 113 78
34 114 64
34 117 83
34 118 49
34 119 37
35 1 51
35 2 62
35 3 41
35 4 78
35 6 27
35 7 44
35 8 53
35 9 71
35 10 53
35 11 13
35 12 64
35 13 50
35 14 3
35 15 93
35 16 45
35 18 81
35 19 41
35 21 14
35 22 10
35 23 90
35 24 68
35 25 19
35 26 63
35 27 22
35 28 57
35 29 37
35 30 39
35 31 27
35 32 34
35 33 4
35 34 30
35 37 55
35 38 22
35 39 12
35 41 74
35 42 98
35 43 43
35 45 33
35 46 16
35 47 74
35 51 96
35 52 88
35 53 15
35 55 88
35 56 47
35 57 75
35 59 98
35 60 92
35 61 81
35 63 26
35 64 69
35 70 29
35 71 20
35 72 85
35 73 68
35 75 81
35 76 78
35 79 18
35 80 72
35 81 40
35 82 87
35 84 21
35 85 20
35 86 9
35 87 90
35 88 36
35 89 43
35 90 23
35 91 75
35 93 25
35 95 21
35 97 62
35 98 15
35 100 50
35 104 72
35 105 96
35 106 94
35 107 55
35 108 48
35 109 77
35 111 26
35 112 1
35 113 97
35 114 82
35 115 61
35 117 10
35 118 45
36 0 19
36 1 14
36 2 34
36 5 8
36 7 44
36 9 96
36 10 56
36 11 85
36 12 59
36 13 79
36 14 55
36 15 86
36 16 97
36 17 78
36 18 88
36 20 80
36 22 32
36 23 62
36 25 79
36 26 92
36 27 40
36 29 60
36 30 3
36 31 34
36 32 61
36 34 72
36 35 66
36 37 34
36 38 48
36 39 62
36 40 45
36 41 10
36 45 1
36 46 68
36 47 25
36 48 97
36 49 20
36 50 56
36 52 33
36 53 20
36 55 96
36 56 15
36 57 100
36 58 68
36 59 78
36 60 64
36 62 55
36 63 7
36 66 14
36 67 94
36 68 38
36 69 13
36 71 11
36 72 96
36 73 69
36 74 6
36 75 8
36 77 68
36 80 64
36 81 47
36 82 53
36 83 26
36 84 3
36 85 48
36 86 92
36 88 40
36 91 85
36 92 81
36 94 83
36 96 42
36 98 80
36 101 94
36 104 99
36 106 37
36 107 22
36 108 26
36 111 56
36 113 42
36 115 42
36 116 16
36 117 53
36 118 72
36 119 37
37 0 87
37 1 36
37 2 30
37 5 50
37 7 5
37 8 57
37 9 5
37 11 71
37 12 97
37 13 14
37 14 76
37 15 21
37 17 46
37 18 27
37 19 44
37 20 16
37 22 36
37 23 57
37 24 49
37 25 28
37 26 61
37 28 10
37 31 30
37 32 9
37 33 53
37 34 42
37 35 42
37 36 83
37 38 16
37 39 14
37 40 56
37 41 25
37 42 28
37 43 17
37 44 26
37 45 76
37 46 81
37 49 16
37 50 48
37 53 83
37 54 41
37 55 44
37 56 91
37 57 34
37 58 6
37 60 82
37 62 32
37 63 44
37 64 2
37 65 9
37 66 93
37 67 26
37 69 61
37 71 29
37 72 9
37 73 79
37 74 34
37 75 35
37 77 72
37 79 17
37 81 65
37 82 77
37 83 26
37 84 15
37 86 73
37 87 63
37 88 31
37 89 100
37 91 25
37 92 68
37 96 6
37 97 27
37 98 10
37 99 64
37 101 84
37 104 11
37 106 18
37 107 44
37 108 24
37 109 81
37 111 28
37 112 63
37 113 64
37 114 58
37 115 25
37 117 7
37 118 51
37 119 21
38 0 42
38 1 58
38 2 22
38 3 23
38 4 21
38 5 100
38 6 47
38 7 39
38 8 23
38 12 71
38 13 71
38 14 47
38 15 6
38 16 25
38 17 94
38 18 81
38 19 74
38 20 51
38 21 49
38 23 96
38 24 60
38 25 25
38 26 45
38 28 7
38 29 65
38 30 23
38 31 29
38 32 35
38 33 19
38 34 19
38 35 33
38 36 41
38 39 69
38 40 99
38 41 9
38 42 11
38 43 6
38 44 72
38 45 92
38 46 16
38 47 24
38 50 59
38 52 50
38 54 88
38 55 33
38 56 77
38 57 7
38 63 41
38 65 9
38 66 60
38 68 6
38 69 99
38 70 92
38 71 28
38 72 28
38 75 100
38 77 12
38 78 47
38 79 64
38 80 38
38 82 78
38 83 81
38 84 22
38 86 39
38 87 13
38 88 11
38 89 32
38 91 17
38 93 60
38 96 74
38 97 55
38 99 5
38 100 11
38 101 39
38 103 91
38 104 30
38 105 79
38 106 67
38 108 41
38 111 88
38 112 23
38 113 69
38 114 93
38 115 94
38 117 59
38 119 80
39 0 17
39 3 43
39 4 74
39 6 39
39 7 93
39 8 81
39 9 76
39 10 96
39 11 21
39 13 1
39 15 66
39 16 42
39 17 13
39 20 22
39 21 65
39 22 40
39 23 90
39 25 74
39 26 82
39 27 13
39 28 70
39 29 97
39 30 43
39 31 25
39 32 34
39 33 42
39 37 43
39 43 67
39 44 5
39 45 73
39 46 16
39 49 18
39 51 86
39 52 72
39 53 40
39 54 14
39 55 30
39 57 71
39 59 28
39 60 48
39 62 54
39 63 16
39 65 73
39 66 52
39 67 11
39 69 93
39 71 42
39 72 11
39 73 22
39 76 96
39 79 7
39 80 73
39 81 38
39 82 9
39 83 69
39 85 10
39 86 46
39 87 38
39 88 86
39 90 74
39 91 9
39 92 64
39 93 46
39 94 64
39 95 69
39 96 46
39 97 27
39 98 64
39 101 61
39 103 98
39 105 64
39 106 4
39 107 99
39 109 85
39 113 30
39 114 44
39 115 90
39 116 85
39 117 1
39 119 80
40 0 35
40 1 14
40 2 14
40 3 6
40 4 16
40 5 73
40 6 93
40 8 58
40 12 34
40 13 44
40 14 74
40 15 72
40 16 41
40 17 37
40 18 20
40 19 75
40 21 48
40 22 14
40 24 86
40 25 79
40 26 2
40 28 74
40 29 55
40 31 72
40 32 69
40 35 88
40 36 58
40 37 76
40 38 66
40 39 40
40 41 81
40 44 97
40 45 49
40 46 65
40 47 19
40 48 78
40 49 3
40 51 83
40 52 80
40 53 6
40 54 1
40 55 10
40 56 13
40 57 20
40 58 1
40 59 20
40 61 46
40 62 37
40 64 92
40 65 54
40 67 16
40 68 100
40 70 34
40 71 8
40 72 94
40 74 86
40 75 32
40 76 5
40 77 34
40 78 23
40 81 99
40 82 22
40 85 73
40 86 89
40 90 49
40 91 54
40 92 49
40 93 39
40 95 56
40 96 72
40 97 19
40 99 16
40 100 72
40 103 14
40 104 28
40 107 65
40 108 84
40 109 82
40 111 13
40 112 88
40 113 40
40 114 41
40 115 57
40 117 2
40 119 19
41 0 42
41 2 1
41 3 17
41 4 91
41 7 9
41 8 87
41 9 47
41 10 45
41 12 39
41 14 90
41 16 86
41 17 70
41 18 83
41 20 65
41 21 78
41 22 100
41 24 66
41 27 87
41 30 66
41 31 34
41 32 39
41 33 49
41 34 49
41 36 11
41 37 66
41 40 16
41 42 3
41 43 96
41 44 25
41 45 80
41 46 35
41 47 50
41 48 78
41 50 10
41 51 66
41 52 45
41 53 33
41 54 59
41 55 95
41 56 54
41 57 75
41 58 66
41 60 48
41 62 9
41 64 66
41 65 23
41 66 70
41 68 49
41 72 76
41 76 40
41 77 24
41 78 45
41 80 13
41 82 58
41 86 32
41 87 17
41 89 11
41 90 14
41 92 24
41 93 55
41 94 79
41 95 77
41 96 56
41 97 43
41 100 20
41 101 42
41 104 97
41 106 37
41 107 14
41 108 73
41 109 9
41 111 72
41 112 77
41 113 75
41 114 24
41 115 16
41 116 80
41 117 25
42 0 10
42 1 53
42 2 5
42 3 43
42 4 65
42 5 98
42 6 27
42 7 16
42 8 3
42 9 17
42 10 34
42 11 18
42 12 14
42 14 40
42 16 85
42 17 28
42 18 25
42 19 87
42 21 78
42 23 82
42 24 22
42 25 23
42 26 67
42 27 68
42 29 10
42 33 13
42 34 44
42 35 28
42 37 68
42 38 91
42 39 26
42 40 40
42 41 64
42 43 73
42 44 85
42 45 13
42 46 43
42 47 12
42 48 90
42 50 44
42 51 4
42 52 62
42 53 31
42 54 90
42 55 38
42 56 32
42 57 38
42 59 4
42 60 7
42 61 56
42 63 53
42 66 69
42 67 67
42 68 54
42 69 78
42 70 22
42 71 41
42 72 36
42 73 69
42 74 56
42 75 94
42 77 40
42 78 52
42 79 77
42 82 91
42 83 17
42 85 73
42 86 54
42 87 53
42 89 69
42 90 12
42 91 28
42 92 91
42 93 8
42 95 66
42 97 55
42 98 63
42 99 37
42 100 86
42 101 36
42 106 51
42 107 49
42 108 71
42 111 67
42 113 19
42 115 84
42 116 34
42 117 95
42 118 7
42 119 82
43 0 57
43 2 73
43 3 19
43 5 36
43 6 3
43 7 30
43 8 57
43 10 42
43 11 26
43 13 57
43 14 48
43 15 79
43 18 95
43 19 13
43 20 8
43 22 29
43 23 73
43 27 36
43 28 16
43 29 88
43 33 76
43 34 20
43 37 59
43 38 42
43 39 61
43 41 34
43 44 5
43 45 40
43 46 75
43 48 36
43 49 56
43 50 67
43 51 57
43 52 63
43 56 61
43 57 26
43 58 100
43 59 82
43 60 67
43 62 4
43 63 89
43 64 17
43 66 59
43 67 23
43 68 58
43 69 45
43 70 52
43 71 44
43 73 80
43 74 64
43 75 57
43 76 95
43 77 15
43 78 91
43 80 77
43 81 99
43 83 86
43 84 40
43 85 21
43 86 39
43 87 79
43 88 91
43 89 60
43 90 32
43 92 84
43 94 47
43 97 49
43 98 56
43 99 45
43 100 51
43 101 19
43 104 70
43 105 76
43 106 92
43 107 53
43 108 34
43 109 23
43 111 41
43 113 66
43 116 10
43 118 100
43 119 88
44 0 2
44 1 92
44 2 58
44 3 42
44 4 76
44 5 41
44 6 19
44 7 97
44 9 84
44 10 78
44 12 21
44 13 10
44 14 98
44 15 78
44 16 85
44 17 22
44 19 100
44 21 72
44 22 32
44 23 50
44 24 67
44 25 86
44 26 78
44 27 40
44 29 25
44 30 95
44 31 42
44 32 9
44 33 90
44 34 49
44 35 99
44 37 19
44 38 39
44 39 89
44 40 75
44 41 20
44 42 32
44 43 47
44 45 6
44 48 9
44 49 65
44 51 7
44 53 73
44 54 51
44 55 21
44 58 13
44 59 89
44 61 75
44 62 90
44 63 93
44 64 74
44 65 52
44 66 72
44 67 68
44 71 90
44 72 24
44 73 97
44 74 82
44 75 79
44 78 94
44 79 62
44 80 47
44 81 77
44 82 44
44 83 33
44 84 18
44 86 89
44 88 22
44 89 95
44 90 98
44 91 44
44 93 36
44 94 72
44 95 19
44 96 44
44 97 20
44 98 72
44 99 81
44 101 3
44 103 26
44 104 52
44 105 50
44 106 14
44 108 81
44 109 82
44 111 49
44 112 97
44 113 91
44 114 91
44 115 20
44 116 34
44 117 54
44 118 69
44 119 26
45 0 34
45 2 64
45 4 73
45 7 85
45 9 54
45 10 28
45 11 27
45 13 98
45 14 87
45 15 40
45 16 32
45 18 94
45 20 32
45 21 58
45 22 74
45 23 26
45 24 1
45 25 40
45 27 86
45 28 48
45 30 7
45 32 18
45 33 36
45 34 44
45 37 70
45 38 25
45 40 63
45 41 45
45 46 65
45 47 89
45 49 1
45 51 22
45 55 44
45 56 2
45 57 85
45 58 80
45 59 49
45 61 39
45 64 70
45 65 80
45 67 52
45 69 22
45 70 7
45 71 91
45 72 20
45 73 70
45 75 66
45 76 3
45 78 71
45 79 55
45 80 99
45 81 60
45 82 14
45 84 85
45 85 34
45 86 65
45 87 32
45 88 95
45 89 9
45 90 71
45 91 96
45 93 65
45 95 73
45 96 46
45 97 37
45 100 5
45 101 25
45 103 8
45 106 23
45 107 79
45 109 11
45 111 81
45 112 60
45 113 95
45 114 58
45 116 21
45 117 50
45 118 54
45 119 92
46 0 35
46 3 72
46 4 7
46 6 55
46 7 96
46 9 63
46 12 91
46 13 38
46 14 2
46 15 77
46 16 69
46 18 7
46 19 16
46 20 35
46 21 79
46 23 47
46 25 36
46 27 24
46 28 100
46 29 37
46 30 88
46 31 74
46 32 91
46 33 37
46 34 85
46 36 53
46 37 90
46 38 4
46 39 47
46 40 90
46 41 65
46 43 46
46 44 49
46 45 82
46 47 23
46 48 97
46 49 74
46 50 34
46 51 96
46 52 78
46 53 55
46 54 16
46 55 83
46 57 24
46 58 16
46 59 12
46 60 3
46 61 89
46 62 67
46 63 87
46 64 82
46 66 32
46 67 70
46 68 32
46 71 19
46 72 67
46 74 37
46 76 87
46 77 42
46 78 2
46 79 18
46 82 89
46 83 78
46 85 22
46 86 91
46 87 37
46 90 93
46 91 87
46 94 24
46 95 73
46 96 28
46 97 88
46 98 92
46 99 16
46 101 58
46 103 93
46 104 17
46 107 33
46 108 6
46 109 76
46 111 97
46 113 80
46 114 91
46 115 61
46 116 74
46 117 72
46 118 83
46 119 16
47 1 51
47 2 60
47 3 64
47 4 15
47 5 4
47 6 86
47 7 11
47 8 44
47 10 35
47 11 35
47 12 28
47 13 19
47 14 93
47 15 89
47 16 61
47 18 7
47 20 48
47 22 40
47 23 78
47 24 77
47 27 21
47 28 95
47 29 60
47 30 87
47 31 34
47 32 53
47 34 17
47 35 91
47 36 69
47 37 73
47 39 100
47 40 42
47 42 28
47 43 96
47 44 55
47 45 99
47 46 28
47 48 95
47 49 53
47 53 15
47 54 55
47 55 97
47 57 81
47 59 26
47 61 88
47 63 88
47 64 5
47 65 80
47 66 9
47 68 9
47 69 97
47 72 47
47 74 42
47 75 100
47 76 90
47 77 95
47 78 30
47 79 88
47 81 89
47 82 13
47 83 28
47 84 47
47 85 12
47 86 53
47 90 11
47 91 36
47 92 93
47 94 12
47 95 28
47 98 4
47 99 91
47 101 89
47 103 56
47 104 89
47 106 3
47 107 44
47 108 42
47 109 41
47 111 90
47 112 70
47 116 71
47 117 53
48 0 69
48 3 98
48 4 63
48 5 20
48 7 28
48 8 19
48 9 85
48 10 29
48 11 93
48 12 99
48 13 6
48 15 66
48 16 18
48 18 56
48 20 91
48 21 40
48 22 15
48 23 68
48 25 62
48 26 63
48 27 19
48 29 50
48 32 77
48 33 22
48 34 89
48 35 64
48 38 33
48 39 35
48 40 23
48 41 21
48 42 33
48 46 30
48 49 86
48 51 3
48 52 56
48 53 41
48 55 30
48 56 100
48 57 21
48 59 32
48 60 46
48 61 46
48 62 82
48 63 58
48 64 70
48 65 24
48 66 45
48 67 6
48 68 43
48 69 8
48 70 63
48 71 89
48 75 2
48 77 44
48 78 17
48 80 4
48 81 10
48 82 86
48 83 82
48 84 47
48 89 100
48 90 79
48 91 52
48 92 61
48 93 10
48 94 98
48 95 88
48 96 83
48 97 54
48 99 6
48 101 51
48 103 10
48 104 77
48 105 99
48 106 98
48 107 93
48 108 90
48 109 29
48 112 86
48 113 47
48 114 2
48 116 17
48 117 73
48 118 84
48 119 57
49 0 79
49 1 13
49 2 74
49 3 20
49 4 87
49 7 30
49 8 18
49 9 10
49 10 95
49 11 12
49 14 57
49 15 88
49 16 77
49 17 25
49 19 8
49 20 99
49 24 100
49 25 22
49 26 73
49 27 21
49 28 98
49 29 20
49 30 31
49 31 12
49 32 62
49 33 35
49 34 19
49 37 86
49 39 45
49 40 35
49 41 29
49 42 78
49 43 66
49 44 20
49 45 97
49 47 19
49 48 6
49 50 27
49 51 68
49 52 2
49 54 50
49 55 90
49 56 64
49 59 44
49 60 57
49 61 41
49 62 58
49 63 63
49 64 63
49 65 73
49 67 75
49 69 29
49 71 92
49 72 69
49 73 11
49 74 49
49 75 34
49 76 39
49 77 98
49 79 20
49 80 9
49 82 12
49 84 24
49 85 96
49 86 17
49 87 35
49 88 39
49 90 74
49 91 18
49 93 24
49 96 49
49 97 2
49 98 62
49 99 24
49 100 69
49 101 97
49 103 88
49 104 71
49 105 31
49 107 54
49 108 55
49 111 53
49 112 26
49 113 13
49 114 12
49 115 3
49 116 18
49 117 89
49 118 87
49 119 37
50 0 20
50 2 28
50 3 78
50 4 68
50 6 76
50 7 93
50 8 69
50 10 25
50 13 84
50 14 21
50 15 79
50 16 20
50 17 71
50 18 68
50 19 15
50 21 61
50 22 48
50 24 52
50 25 77
50 26 99
50 27 68
50 28 8
50 31 75
50 33 53
50 34 100
50 35 76
50 36 48
50 38 27
50 39 87
50 41 47
50 43 33
50 45 84
50 46 43
50 47 29
50 48 33
50 51 72
50 52 91
50 53 42
50 56 100
50 57 29
50 58 72
50 59 44
50 62 51
50 63 72
50 64 99
50 66 51
50 67 86
50 68 78
50 73 94
50 74 25
50 75 33
50 76 35
50 78 88
50 80 10
50 81 26
50 82 41
50 83 49
50 84 82
50 86 92
50 87 98
50 88 73
50 89 55
50 90 42
50 91 73
50 93 68
50 94 16
50 96 97
50 97 90
50 101 60
50 104 39
50 106 98
50 107 21
50 108 55
50 109 57
50 111 17
50 112 53
50 114 31
50 116 17
50 119 41
51 1 49
51 2 14
51 5 98
51 6 55
51 7 5
51 8 94
51 11 82
51 14 80
51 15 60
51 17 24
51 18 92
51 19 71
51 20 18
51 23 53
51 26 40
51 28 23
51 31 69
51 32 28
51 34 10
51 35 82
51 39 11
51 40 94
51 42 99
51 43 82
51 46 65
51 48 67
51 49 28
51 53 50
51 54 91
51 56 38
51 57 90
51 60 46
51 61 10
51 62 82
51 63 50
51 64 37
51 65 74
51 66 72
51 67 60
51 70 88
51 71 88
51 73 98
51 75 72
51 76 37
51 77 18
51 78 48
51 83 33
51 84 40
51 85 29
51 87 4
51 90 77
51 93 2
51 94 39
51 95 100
51 96 6
51 97 82
51 98 52
51 100 54
51 101 38
51 103 5
51 104 65
51 105 1
51 106 30
51 107 46
51 108 10
51 111 29
51 114 46
51 115 40
51 117 77
51 118 89
52 0 30
52 1 1
52 2 87
52 3 13
52 5 46
52 7 68
52 8 22
52 9 81
52 12 70
52 13 40
52 14 69
52 15 60
52 19 75
52 20 39
52 21 6
52 22 34
52 24 83
52 25 50
52 26 24
52 27 41
52 28 100
52 29 44
52 31 13
52 33 49
52 34 78
52 35 28
52 37 41
52 40 83
52 41 96
52 42 70
52 43 34
52 45 33
52 46 40
52 47 80
52 50 20
52 51 1
52 53 16
52 56 98
52 58 8
52 60 32
52 63 2
52 66 11
52 67 99
52 69 40
52 70 70
52 71 98
52 73 94
52 75 73
52 76 87
52 78 53
52 79 12
52 80 27
52 82 12
52 83 27
52 85 37
52 89 23
52 90 69
52 91 58
52 94 12
52 95 60
52 98 27
52 100 46
52 101 96
52 103 90
52 104 62
52 106 76
52 109 47
52 111 18
52 112 15
52 113 72
52 114 68
52 115 71
52 116 71
52 117 35
52 118 71
52 119 56
53 0 81
53 1 23
53 4 61
53 5 42
53 7 29
53 8 81
53 9 77
53 12 73
53 13 88
53 14 81
53 16 90
53 17 70
53 18 62
53 19 38
53 20 46
53 22 6
53 23 97
53 24 66
53 25 66
53 26 4
53 28 17
53 29 59
53 30 31
53 31 43
53 32 30
53 33 52
53 35 21
53 36 2
53 38 9
53 39 55
53 40 17
53 41 56
53 42 37
53 43 43
53 44 93
53 45 90
53 46 45
53 48 8
53 49 89
53 50 4
53 52 72
53 54 75
53 56 63
53 57 14
53 58 29
53 59 56
53 60 48
53 61 53
53 62 23
53 63 99
53 64 87
53 65 41
53 69 18
53 70 58
53 71 42
53 72 78
53 73 78
53 74 67
53 77 40
53 78 93
53 79 22
53 80 25
53 81 43
53 82 84
53 84 58
53 85 54
53 86 43
53 87 42
53 88 60
53 89 65
53 90 46
53 91 28
53 93 70
53 94 80
53 96 98
53 99 71
53 103 42
53 104 54
53 105 61
53 107 78
53 108 82
53 109 17
53 112 31
53 113 29
53 115 100
53 117 2
53 118 38
53 119 95
54 0 45
54 2 97
54 3 1
54 4 75
54 5 79
54 6 46
54 7 53
54 8 99
54 13 70
54 14 48
54 15 46
54 16 60
54 17 6
54 18 80
54 19 46
54 20 98
54 22 92
54 23 89
54 24 64
54 25 26
54 26 2
54 27 32
54 29 40
54 31 73
54 32 1
54 34 60
54 36 83
54 37 33
54 38 89
54 39 35
54 41 23
54 42 9
54 43 96
54 48 95
54 49 98
54 50 46
54 51 33
54 52 2
54 55 48
54 56 32
54 57 58
54 58 100
54 60 39
54 61 74
54 62 95
54 64 74
54 65 31
54 66 88
54 67 14
54 68 55
54 69 90
54 70 1
54 71 1
54 72 82
54 73 14
54 74 65
54 75 54
54 76 13
54 77 11
54 78 5
54 79 53
54 80 98
54 81 10
54 84 1
54 85 99
54 86 50
54 87 28
54 88 29
54 89 97
54 90 8
54 91 12
54 92 48
54 93 2
54 94 34
54 95 82
54 97 76
54 99 52
54 100 69
54 101 3
54 103 32
54 105 67
54 108 74
54 109 98
54 112 56
54 113 66
54 116 68
54 117 10
54 118 34
54 119 92
55 0 76
55 2 6
55 3 10
55 5 84
55 6 3
55 7 42
55 8 42
55 9 89
55 10 54
55 11 85
55 13 84
55 17 60
55 18 84
55 19 14
55 23 17
55 26 19
55 27 27
55 28 79
55 29 88
55 34 1
55 37 43
55 38 36
55 39 71
55 40 66
55 41 57
55 42 13
55 43 24
55 44 34
55 46 37
55 47 83
55 50 42
55 53 2
55 54 80
55 56 41
55 57 1
55 59 45
55 61 20
55 63 93
55 67 78
55 68 49
55 69 100
55 71 16
55 72 24
55 73 16
55 74 9
55 76 60
55 78 97
55 79 33
55 81 68
55 83 60
55 85 91
55 86 61
55 87 52
55 88 52
55 90 97
55 92 38
55 93 21
55 95 36
55 96 83
55 97 16
55 99 91
55 100 5
55 101 59
55 103 17
55 105 31
55 107 26
55 108 96
55 109 90
55 113 48
55 114 40
55 116 41
55 117 86
55 118 27
55 119 100
56 0 59
56 1 86
56 3 58
56 4 55
56 5 78
56 6 34
56 7 39
56 8 62
56 9 86
56 10 26
56 14 91
56 15 29
56 16 87
56 17 69
56 18 47
56 19 38
56 20 49
56 21 30
56 22 16
56 25 35
56 26 67
56 28 92
56 29 88
56 30 34
56 32 41
56 34 50
56 35 19
56 36 82
56 37 68
56 38 80
56 39 72
56 41 7
56 42 6
56 44 85
56 45 83
56 46 21
56 47 67
56 50 58
56 52 52
56 53 23
56 54 68
56 55 83
56 57 99
56 58 88
56 59 96
56 61 60
56 63 79
56 64 36
56 67 78
56 68 27
56 69 50
56 70 93
56 71 91
56 74 96
56 77 12
56 79 65
56 80 13
56 81 37
56 85 26
56 86 20
56 89 74
56 90 34
56 92 54
56 93 68
56 94 50
56 97 74
56 99 39
56 100 83
56 103 77
56 104 47
56 105 39
56 106 35
56 107 23
56 111 63
56 112 43
56 114 96
56 116 92
56 117 53
56 118 65
56 119 49
57 0 24
57 1 60
57 2 16
57 3 58
57 4 98
57 5 48
57 6 25
57 8 34
57 9 95
57 10 27
57 11 19
57 15 44
57 17 94
57 20 49
57 21 5
57 23 92
57 24 49
57 26 40
57 27 87
57 29 24
57 30 28
57 31 78
57 32 57
57 34 30
57 36 48
57 37 40
57 38 12
57 40 39
57 41 91
57 43 21
57 45 81
57 48 57
57 50 6
57 51 61
57 52 60
57 53 27
57 55 67
57 56 60
57 58 1
57 59 4
57 61 45
57 62 38
57 63 13
57 64 40
57 65 53
57 66 98
57 67 94
57 68 33
57 69 54
57 70 96
57 71 11
57 73 43
57 75 14
57 76 41
57 77 32
57 78 23
57 79 81
57 80 67
57 81 98
57 82 77
57 83 44
57 84 50
57 85 63
57 90 28
57 91 44
57 92 73
57 93 22
57 94 65
57 95 25
57 96 19
57 97 85
57 100 87
57 105 79
57 106 30
57 107 79
57 108 3
57 109 88
57 111 57
57 112 71
57 114 8
57 115 24
57 117 71
57 118 55
58 0 8
58 1 8
58 4 38
58 10 28
58 12 88
58 13 13
58 14 29
58 15 26
58 16 22
58 18 72
58 19 9
58 20 34
58 21 1
58 22 74
58 24 95
58 25 44
58 28 38
58 29 79
58 31 69
58 32 89
58 33 32
58 34 46
58 35 75
58 36 97
58 37 6
58 39 82
58 41 2
58 42 48
58 43 19
58 44 35
58 46 57
58 47 2
58 49 41
58 50 43
58 51 12
58 53 68
58 54 39
58 55 6
58 56 49
58 59 85
58 60 93
58 61 97
58 62 25
58 63 90
58 64 92
58 65 75
58 66 73
58 69 54
58 71 95
58 72 31
58 74 25
58 75 77
58 76 99
58 80 5
58 81 35
58 82 39
58 83 1
58 85 64
58 87 65
58 92 6
58 93 76
58 94 22
58 95 61
58 96 40
58 97 17
58 98 99
58 99 18
58 100 63
58 103 64
58 104 3
58 105 92
58 106 94
58 107 37
58 109 39
58 111 62
58 112 40
58 116 63
58 117 27
58 119 75
59 0 76
59 1 90
59 2 23
59 4 79
59 5 60
59 6 1
59 8 58
59 9 81
59 10 70
59 11 96
59 12 61
59 13 21
59 14 56
59 15 14
59 17 93
59 18 24
59 20 50
59 22 31
59 23 94
59 24 19
59 25 26
59 27 25
59 30 75
59 31 62
59 34 84
59 35 21
59 36 63
59 37 40
59 38 49
59 39 74
59 41 70
59 42 67
59 43 80
59 44 5
59 45 12
59 46 80
59 47 54
59 48 23
59 49 48
59 50 64
59 53 65
59 54 82
59 56 36
59 60 11
59 61 59
59 62 22
59 66 91
59 68 57
59 70 9
59 71 25
59 74 16
59 75 65
59 76 49
59 77 21
59 78 17
59 79 86
59 80 55
59 81 75
59 84 7
59 85 22
59 86 2
59 89 34
59 93 74
59 95 77
59 96 77
59 98 44
59 106 35
59 108 6
59 109 10
59 111 79
59 113 40
59 114 91
59 115 31
59 118 62
60 0 14
60 2 45
60 3 78
60 4 39
60 5 29
60 7 31
60 8 42
60 9 41
60 11 29
60 12 80
60 13 96
60 14 18
60 15 39
60 16 93
60 18 16
60 19 14
60 20 17
60 21 54
60 23 44
60 24 56
60 26 74
60 27 22
60 29 73
60 30 56
60 33 75
60 34 51
60 35 59
60 37 1
60 38 33
60 39 37
60 41 40
60 42 69
60 43 47
60 44 6
60 45 22
60 46 95
60 47 95
60 48 35
60 49 5
60 50 1
60 52 7
60 53 91
60 54 100
60 55 6
60 58 72
60 59 97
60 61 82
60 62 59
60 63 81
60 64 7
60 65 43
60 66 43
60 67 48
60 68 32
60 69 42
60 72 71
60 74 100
60 76 95
60 77 36
60 79 38
60 82 70
60 83 35
60 84 50
60 86 34
60 89 9
60 91 89
60 93 41
60 94 70
60 95 88
60 97 4
60 99 77
60 100 70
60 101 76
60 103 5
60 104 5
60 105 1
60 106 87
60 107 40
60 111 86
60 112 16
60 114 67
60 115 58
60 116 25
60 118 74
60 119 11
61 2 13
61 4 20
61 5 93
61 6 69
61 9 6
61 10 57
61 11 16
61 12 33
61 14 83
61 15 27
61 17 88
61 20 15
61 21 32
61 22 67
61 24 28
61 25 60
61 26 9
61 28 50
61 29 3
61 31 78
61 32 24
61 33 55
61 34 28
61 35 12
61 36 53
61 37 13
61 38 25
61 39 95
61 40 45
61 41 31
61 42 51
61 43 86
61 44 91
61 45 35
61 46 14
61 48 35
61 49 18
61 50 26
61 51 66
61 52 44
61 53 3
61 54 77
61 55 67
61 56 9
61 58 31
61 59 61
61 62 71
61 63 13
61 64 16
61 67 100
61 68 4
61 70 68
61 71 69
61 72 91
61 74 65
61 75 89
61 76 97
61 77 11
61 78 42
61 79 56
61 81 2
61 82 56
61 84 21
61 86 6
61 87 58
61 88 80
61 89 30
61 91 60
61 92 84
61 93 61
61 94 40
61 95 51
61 96 81
61 97 47
61 98 57
61 101 7
61 103 74
61 104 44
61 105 79
61 106 95
61 107 67
61 108 33
61 109 71
61 113 96
61 114 19
61 115 12
61 116 97
61 117 22
61 118 62
61 119 3
62 1 20
62 2 93
62 3 54
62 4 12
62 5 69
62 6 40
62 7 99
62 8 20
62 9 94
62 10 69
62 11 98
62 12 15
62 13 54
62 14 42
62 16 47
62 19 73
62 21 41
62 22 36
62 23 36
62 24 78
62 25 49
62 26 3
62 27 26
62 28 84
62 30 51
62 31 11
62 33 19
62 34 96
62 35 33
62 37 61
62 42 88
62 43 52
62 45 89
62 47 91
62 49 27
62 50 17
62 52 15
62 55 65
62 56 48
62 58 20
62 59 91
62 60 82
62 64 16
62 65 11
62 66 59
62 69 80
62 70 21
62 71 23
62 72 90
62 73 100
62 74 82
62 75 54
62 76 5
62 78 2
62 79 71
62 81 47
62 82 24
62 83 13
62 84 29
62 85 65
62 87 59
62 88 40
62 90 88
62 91 44
62 93 73
62 95 92
62 97 4
62 98 52
62 99 91
62 104 39
62 105 5
62 107 33
62 108 22
62 111 16
62 113 38
62 114 1
62 115 37
62 117 29
62 118 89
63 1 48
63 4 10
63 5 97
63 6 62
63 7 99
63 8 25
63 10 72
63 11 89
63 12 1
63 14 72
63 16 17
63 17 25
63 21 48
63 22 57
63 23 26
63 25 78
63 26 98
63 27 63
63 29 9
63 30 43
63 31 96
63 34 27
63 36 88
63 37 17
63 38 50
63 40 50
63 41 67
63 43 79
63 44 79
63 45 31
63 46 82
63 47 53
63 48 62
63 49 29
63 50 6
63 51 77
63 52 27
63 53 18
63 54 2
63 55 69
63 56 29
63 57 90
63 58 22
63 60 68
63 61 17
63 62 32
63 65 74
63 67 61
63 71 84
63 72 28
63 74 13
63 75 76
63 76 61
63 77 42
63 79 85
63 81 76
63 83 97
63 84 13
63 85 45
63 88 70
63 90 60
63 91 88
63 92 69
63 93 12
63 94 85
63 96 74
63 97 9
63 98 10
63 99 83
63 101 47
63 104 35
63 105 71
63 106 71
63 107 85
63 108 83
63 109 59
63 111 38
63 112 61
63 114 11
63 117 63
63 118 56
63 119 61
64 0 58
64 1 38
64 3 15
64 4 53
64 5 32
64 6 37
64 7 8
64 10 85
64 11 35
64 12 44
64 14 56
64 15 92
64 16 49
64 17 19
64 18 60
64 23 36
64 26 43
64 27 74
64 28 99
64 29 17
64 30 47
64 31 32
64 32 68
64 33 19
64 34 39
64 35 25
64 36 14
64 37 33
64 38 40
64 39 76
64 43 83
64 44 85
64 45 7
64 46 99
64 49 48
64 50 21
64 51 74
64 52 81
64 55 59
64 58 7
64 59 20
64 60 21
64 62 81
64 63 87
64 66 11
64 68 70
64 70 20
64 71 68
64 72 53
64 73 68
64 74 38
64 76 6
64 77 71
64 78 57
64 79 61
64 80 59
64 81 47
64 82 58
64 83 63
64 86 82
64 88 54
64 89 90
64 90 52
64 91 5
64 94 43
64 95 56
64 96 5
64 98 77
64 99 98
64 100 79
64 101 60
64 103 98
64 105 81
64 106 87
64 107 26
64 108 39
64 109 85
64 111 58
64 112 6
64 113 91
64 114 34
64 115 2
64 119 94
65 0 36
65 1 16
65 2 98
65 3 5
65 5 100
65 7 53
65 9 58
65 10 57
65 12 70
65 14 100
65 15 36
65 16 31
65 21 22
65 22 21
65 24 52
65 25 64
65 26 94
65 29 32
65 31 86
65 32 100
65 33 65
65 34 50
65 35 100
65 36 18
65 37 63
65 38 88
65 39 45
65 41 91
65 42 90
65 44 73
65 46 41
65 47 6
65 48 22
65 50 69
65 52 65
65 54 26
65 55 100
65 57 23
65 58 92
65 59 35
65 60 26
65 61 41
65 62 39
65 63 64
65 64 33
65 66 53
65 69 86
65 70 70
65 71 45
65 72 85
65 73 86
65 74 48
65 75 90
65 76 15
65 78 71
65 79 3
65 80 77
65 81 78
65 83 22
65 84 69
65 85 14
65 86 75
65 87 3
65 88 9
65 89 54
65 92 50
65 93 86
65 95 54
65 96 71
65 97 21
65 99 72
65 103 30
65 104 49
65 107 38
65 108 75
65 109 71
65 111 17
65 112 25
65 114 31
65 115 15
65 116 78
65 118 65
65 119 86
66 0 93
66 1 34
66 3 56
66 6 97
66 7 4
66 10 80
66 11 63
66 12 77
66 13 68
66 14 51
66 15 34
66 17 19
66 18 69
66 19 9
66 21 35
66 22 34
66 23 68
66 24 100
66 25 78
66 26 58
66 27 3
66 29 61
66 30 21
66 31 75
66 34 14
66 35 97
66 36 38
66 37 60
66 38 3
66 39 9
66 40 1
66 42 97
66 43 64
66 44 42
66 45 50
66 46 13
66 48 52
66 49 24
66 50 25
66 51 71
66 52 44
66 53 30
66 54 1
66 56 44
66 57 70
66 58 18
66 61 78
66 62 76
66 63 6
66 64 9
66 67 59
66 71 60
66 72 60
66 73 9
66 75 97
66 76 78
66 77 25
66 78 87
66 81 30
66 82 51
66 83 19
66 89 68
66 91 39
66 92 53
66 93 37
66 95 1
66 96 31
66 97 42
66 99 65
66 104 76
66 106 23
66 107 46
66 108 47
66 111 60
66 113 68
66 114 64
66 115 94
66 116 66
66 119 21
67 0 28
67 1 15
67 2 16
67 3 2
67 4 67
67 5 85
67 6 56
67 7 64
67 8 1
67 10 25
67 11 64
67 12 32
67 13 29
67 14 15
67 15 34
67 16 55
67 19 93
67 20 44
67 22 5
67 23 11
67 25 15
67 26 45
67 27 86
67 30 21
67 31 18
67 32 13
67 36 76
67 37 43
67 39 69
67 41 48
67 42 17
67 44 84
67 45 73
67 47 39
67 48 52
67 49 59
67 53 23
67 54 70
67 55 74
67 56 60
67 58 74
67 59 98
67 60 52
67 61 92
67 62 94
67 63 24
67 64 27
67 65 35
67 66 43
67 68 82
67 69 5
67 71 70
67 75 35
67 77 18
67 78 52
67 79 28
67 80 30
67 83 47
67 87 60
67 92 1
67 93 52
67 94 14
67 95 50
67 96 64
67 99 34
67 101 56
67 103 36
67 104 7
67 105 61
67 106 96
67 107 16
67 113 96
67 114 49
67 117 15
67 119 35
68 0 57
68 1 24
68 2 1
68 3 1
68 4 20
68 7 90
68 8 84
68 9 74
68 10 87
68 12 71
68 14 95
68 15 46
68 16 88
68 18 89
68 20 10
68 21 72
68 22 70
68 24 52
68 28 42
68 29 64
68 31 43
68 32 93
68 33 13
68 34 73
68 35 11
68 36 8
68 37 37
68 38 90
68 39 42
68 40 44
68 41 4
68 44 9
68 47 86
68 49 82
68 50 66
68 51 5
68 52 2
68 54 77
68 55 75
68 59 58
68 60 15
68 63 1
68 64 58
68 65 12
68 69 41
68 70 3
68 71 100
68 73 100
68 74 28
68 78 65
68 80 95
68 81 88
68 84 31
68 86 66
68 87 10
68 88 49
68 89 97
68 90 14
68 92 91
68 93 71
68 94 53
68 95 1
68 96 99
68 97 28
68 98 42
68 99 62
68 101 56
68 103 87
68 104 27
68 105 59
68 106 16
68 108 53
68 113 18
68 114 43
68 115 39
68 116 68
68 117 5
68 119 39
69 1 26
69 2 71
69 3 62
69 4 13
69 5 61
69 6 2
69 9 12
69 10 31
69 12 36
69 13 50
69 15 30
69 17 18
69 18 9
69 19 55
69 20 75
69 21 14
69 22 95
69 24 21
69 25 40
69 28 71
69 30 22
69 31 97
69 34 40
69 35 36
69 36 14
69 39 23
69 40 94
69 41 72
69 42 100
69 43 46
69 44 20
69 45 75
69 46 31
69 48 13
69 50 84
69 51 73
69 53 81
69 54 6
69 55 82
69 56 3
69 57 9
69 58 60
69 59 16
69 60 45
69 61 71
69 62 96
69 63 10
69 64 61
69 65 82
69 66 59
69 68 67
69 70 99
69 71 86
69 72 64
69 73 84
69 74 86
69 75 96
69 76 28
69 80 74
69 82 12
69 85 34
69 87 31
69 88 99
69 89 22
69 90 27
69 91 67
69 92 89
69 93 63
69 95 93
69 98 68
69 99 11
69 100 96
69 101 38
69 103 19
69 104 78
69 105 43
69 106 72
69 107 83
69 108 31
69 109 99
69 112 79
69 114 46
69 115 41
69 117 26
69 118 4
69 119 87
70 1 43
70 2 90
70 3 97
70 4 45
70 5 2
70 7 44
70 8 18
70 9 51
70 12 96
70 13 59
70 15 27
70 19 8
70 20 78
70 22 65
70 23 65
70 24 59
70 25 31
70 26 51
70 27 97
70 29 56
70 31 32
70 32 97
70 33 43
70 36 18
70 37 88
70 38 70
70 39 19
70 42 23
70 43 28
70 44 10
70 45 39
70 48 28
70 49 13
70 51 72
70 53 24
70 54 20
70 55 93
70 56 20
70 58 86
70 59 66
70 60 81
70 61 40
70 62 73
70 64 36
70 65 46
70 66 95
70 67 58
70 68 32
70 69 90
70 71 62
70 72 26
70 73 90
70 74 82
70 75 31
70 76 84
70 77 98
70 78 10
70 79 3
70 81 27
70 82 34
70 84 25
70 85 11
70 87 10
70 89 74
70 90 2
70 91 91
70 92 21
70 93 45
70 94 93
70 95 78
70 97 66
70 98 65
70 100 86
70 101 42
70 104 82
70 105 57
70 106 18
70 107 35
70 108 10
70 111 19
70 112 23
70 113 11
70 114 92
70 115 10
71 0 94
71 1 44
71 2 93
71 3 25
71 4 30
71 5 93
71 6 10
71 7 62
71 9 8
71 11 87
71 12 42
71 15 88
71 17 85
71 18 82
71 19 88
71 20 41
71 21 66
71 22 25
71 25 52
71 26 14
71 27 8
71 28 87
71 31 52
71 33 63
71 35 15
71 37 25
71 38 63
71 39 22
71 40 28
71 41 40
71 42 4
71 43 57
71 45 75
71 46 85
71 47 61
71 48 75
71 50 80
71 51 62
71 52 47
71 55 1
71 56 81
71 59 48
71 60 34
71 62 11
71 64 91
71 65 67
71 66 10
71 67 58
71 70 37
71 72 50
71 73 72
71 74 82
71 75 20
71 79 17
71 80 65
71 82 19
71 83 90
71 84 43
71 85 59
71 86 58
71 87 60
71 88 92
71 89 72
71 90 25
71 92 53
71 93 42
71 94 13
71 96 91
71 97 7
71 98 91
71 103 50
71 104 100
71 105 97
71 107 31
71 109 68
71 111 17
71 112 79
71 113 29
71 114 4
71 115 64
71 116 50
71 117 13
71 118 33
71 119 36
72 2 96
72 3 94
72 6 3
72 7 5
72 9 17
72 11 93
72 12 79
72 15 83
72 16 3
72 17 32
72 18 98
72 19 76
72 20 72
72 21 64
72 22 17
72 23 91
72 24 80
72 25 9
72 27 56
72 28 73
72 29 78
72 30 94
72 32 98
72 34 80
72 35 62
72 37 27
72 39 24
72 40 5
72 42 23
72 44 3
72 45 23
72 46 49
72 47 37
72 48 72
72 50 100
72 53 29
72 54 79
72 58 7
72 60 14
72 62 81
72 64 95
72 66 70
72 67 84
72 68 2
72 70 5
72 71 86
72 73 100
72 74 28
72 76 12
72 81 27
72 83 96
72 84 38
72 85 60
72 86 12
72 87 13
72 89 81
72 92 9
72 93 48
72 94 97
72 95 62
72 97 54
72 100 63
72 101 30
72 103 44
72 104 58
72 105 22
72 106 13
72 107 85
72 108 71
72 109 86
72 111 30
72 112 11
72 113 69
72 116 90
72 117 91
72 118 48
72 119 99
73 0 1
73 2 51
73 3 34
73 4 79
73 6 46
73 7 33
73 8 92
73 9 24
73 10 70
73 12 87
73 14 95
73 15 84
73 17 81
73 18 16
73 19 5
73 20 6
73 22 76
73 24 26
73 26 98
73 27 9
73 28 97
73 30 36
73 31 43
73 32 19
73 34 43
73 35 96
73 36 99
73 37 20
73 38 26
73 40 56
73 41 23
73 42 72
73 43 33
73 44 78
73 45 58
73 46 86
73 47 69
73 48 57
73 50 38
73 51 80
73 52 70
73 53 80
73 54 97
73 56 5
73 58 7
73 59 35
73 60 47
73 61 45
73 63 34
73 64 32
73 65 2
73 66 6
73 67 59
73 68 11
73 69 15
73 70 47
73 71 77
73 72 59
73 74 61
73 75 46
73 76 58
73 77 82
73 78 78
73 79 31
73 80 69
73 81 1
73 84 60
73 85 66
73 86 55
73 88 23
73 89 39
73 90 43
73 91 45
73 92 72
73 93 99
73 96 20
73 98 51
73 100 11
73 101 91
73 103 77
73 104 60
73 105 66
73 106 47
73 108 28
73 111 19
73 113 100
73 116 36
73 118 48
73 119 75
74 0 3
74 1 82
74 3 77
74 4 37
74 5 87
74 6 58
74 7 13
74 8 8
74 9 70
74 10 48
74 11 20
74 14 53
74 16 51
74 19 11
74 21 14
74 22 16
74 23 32
74 24 78
74 25 60
74 26 45
74 27 61
74 28 20
74 29 13
74 30 11
74 31 44
74 32 21
74 33 83
74 34 44
74 36 12
74 37 85
74 38 42
74 39 80
74 40 81
74 41 74
74 42 26
74 45 70
74 47 15
74 48 79
74 49 79
74 50 94
74 53 16
74 54 72
74 55 43
74 56 9
74 57 11
74 58 30
74 59 36
74 60 6
74 61 95
74 62 77
74 63 60
74 65 11
74 66 37
74 67 61
74 69 32
74 71 7
74 72 71
74 73 4
74 75 74
74 78 13
74 79 35
74 80 85
74 81 57
74 82 75
74 83 35
74 84 96
74 85 39
74 86 80
74 87 69
74 88 92
74 89 41
74 90 34
74 91 3
74 92 59
74 93 14
74 94 49
74 98 17
74 99 100
74 100 73
74 101 70
74 106 55
74 107 29
74 108 96
74 111 88
74 113 91
74 114 72
74 115 74
74 116 23
74 118 70
74 119 91
75 0 91
75 1 100
75 4 45
75 5 72
75 6 64
75 11 15
75 12 81
75 14 23
75 15 86
75 16 19
75 17 52
75 19 49
75 22 96
75 24 3
75 25 19
75 26 63
75 28 83
75 29 90
75 30 99
75 31 88
75 32 75
75 33 82
75 35 91
75 37 49
75 39 74
75 42 27
75 43 42
75 44 38
75 46 95
75 47 9
75 48 16
75 49 56
75 51 94
75 54 63
75 56 25
75 58 41
75 59 1
75 61 40
75 62 19
75 65 45
75 66 99
75 68 91
75 69 43
75 70 94
75 71 86
75 72 88
75 73 27
75 74 55
75 76 59
75 77 6
75 78 88
75 79 14
75 80 6
75 81 19
75 82 30
75 83 7
75 85 57
75 88 97
75 91 24
75 94 24
75 95 99
75 96 46
75 97 13
75 98 44
75 99 17
75 100 97
75 101 83
75 103 26
75 104 21
75 105 60
75 106 75
75 108 29
75 111 18
75 114 54
75 115 21
75 116 61
75 119 32
76 0 48
76 1 85
76 2 20
76 4 27
76 5 6
76 8 27
76 11 58
76 12 37
76 14 55
76 17 54
76 18 99
76 19 16
76 21 83
76 22 24
76 24 23
76 25 1
76 26 57
76 28 60
76 32 6
76 33 31
76 34 13
76 35 71
76 36 37
76 37 60
76 40 34
76 41 28
76 42 6
76 43 68
76 46 48
76 49 94
76 50 96
76 51 27
76 52 100
76 54 4
76 56 68
76 57 52
76 59 92
76 61 16
76 62 51
76 63 81
76 64 41
76 66 38
76 67 42
76 69 58
76 70 27
76 71 41
76 75 72
76 77 34
76 79 71
76 80 80
76 81 94
76 82 34
76 83 25
76 85 51
76 86 31
76 87 36
76 88 23
76 90 98
76 93 31
76 94 40
76 96 41
76 98 32
76 99 32
76 100 74
76 101 53
76 103 82
76 104 6
76 105 33
76 106 90
76 108 41
76 111 16
76 112 18
76 116 9
76 117 56
76 118 91
76 119 67
77 0 78
77 3 89
77 4 17
77 5 11
77 6 34
77 7 20
77 8 89
77 11 68
77 12 98
77 13 54
77 14 90
77 15 15
77 16 69
77 17 51
77 19 64
77 20 52
77 21 65
77 23 88
77 25 73
77 26 86
77 28 60
77 29 73
77 31 10
77 33 29
77 36 67
77 37 10
77 39 50
77 40 14
77 41 31
77 42 29
77 43 35
77 44 53
77 46 60
77 47 1
77 48 27
77 51 43
77 52 85
77 53 33
77 55 61
77 57 18
77 58 43
77 60 65
77 62 82
77 63 85
77 64 74
77 65 23
77 66 81
77 68 25
77 69 84
77 71 22
77 73 64
77 74 49
77 78 10
77 79 32
77 80 31
77 81 70
77 82 47
77 83 42
77 84 20
77 85 90
77 86 70
77 89 76
77 92 88
77 95 54
77 96 80
77 97 78
77 98 39
77 99 74
77 100 32
77 101 37
77 103 75
77 104 37
77 107 24
77 109 54
77 111 55
77 112 70
77 113 64
77 114 84
77 115 36
77 116 13
77 117 58
77 118 87
77 119 43
78 0 90
78 2 8
78 3 80
78 5 3
78 6 40
78 7 87
78 9 55
78 10 13
78 11 99
78 13 77
78 14 84
78 15 45
78 17 22
78 18 75
78 19 73
78 21 39
78 22 78
78 23 62
78 24 64
78 25 88
78 30 13
78 31 57
78 33 11
78 36 16
78 37 47
78 38 35
78 39 13
78 40 53
78 41 35
78 43 97
78 44 26
78 45 38
78 46 91
78 47 43
78 48 33
78 49 56
78 50 65
78 51 11
78 52 52
78 53 84
78 54 71
78 55 5
78 56 34
78 57 19
78 58 76
78 59 39
78 60 59
78 61 61
78 63 60
78 65 79
78 66 31
78 67 34
78 68 84
78 69 6
78 70 27
78 72 38
78 73 12
78 75 35
78 79 36
78 80 32
78 81 72
78 82 72
78 83 28
78 84 19
78 85 67
78 86 2
78 88 36
78 91 17
78 93 46
78 95 76
78 97 17
78 98 85
78 101 96
78 103 40
78 104 95
78 105 15
78 106 5
78 107 47
78 108 88
78 111 19
78 113 15
78 114 54
78 115 92
78 116 44
79 0 96
79 1 8
79 2 82
79 3 8
79 4 80
79 6 57
79 8 8
79 9 17
79 10 37
79 11 56
79 12 12
79 14 2
79 16 4
79 17 47
79 18 31
79 19 79
79 20 48
79 21 53
79 22 98
79 23 23
79 25 73
79 26 60
79 27 52
79 28 68
79 30 96
79 31 5
79 32 65
79 33 89
79 36 93
79 37 84
79 39 66
79 40 14
79 43 68
79 44 56
79 48 51
79 49 68
79 52 18
79 54 73
79 55 99
79 56 87
79 58 25
79 59 19
79 61 19
79 64 60
79 65 13
79 69 81
79 70 1
79 72 6
79 73 45
79 74 36
79 75 61
79 76 25
79 77 10
79 80 64
79 81 24
79 82 24
79 83 100
79 84 11
79 87 75
79 88 12
79 89 55
79 91 66
79 92 47
79 93 91
79 95 90
79 96 19
79 97 50
79 100 19
79 101 99
79 103 27
79 104 31
79 105 52
79 107 77
79 109 11
79 111 24
79 112 97
79 113 47
79 115 18
79 116 65
79 118 62
80 0 59
80 2 74
80 3 72
80 4 41
80 5 94
80 6 25
80 8 87
80 9 67
80 10 93
80 11 86
80 12 37
80 14 93
80 15 45
80 16 98
80 17 16
80 20 51
80 21 100
80 22 28
80 23 2
80 25 22
80 26 53
80 27 73
80 28 62
80 29 90
80 31 90
80 32 54
80 33 51
80 34 76
80 36 40
80 37 23
80 38 59
80 40 33
80 42 40
80 43 17
80 44 82
80 46 41
80 47 11
80 48 89
80 49 86
80 53 89
80 54 1
80 55 96
80 57 55
80 59 41
80 62 35
80 63 86
80 64 39
80 65 20
80 70 43
80 71 46
80 72 15
80 73 22
80 74 85
80 76 57
80 77 5
80 78 23
80 79 13
80 81 41
80 82 50
80 84 61
80 85 30
80 86 60
80 87 82
80 90 29
80 91 79
80 92 68
80 95 94
80 97 29
80 98 40
80 99 66
80 100 27
80 101 62
80 103 91
80 105 33
80 106 39
80 107 10
80 108 60
80 111 32
80 112 33
80 113 85
80 115 29
80 116 70
80 117 3
80 118 19
80 119 28
81 0 17
81 1 39
81 2 24
81 3 5
81 4 6
81 5 10
81 6 30
81 9 54
81 10 7
81 11 14
81 12 63
81 16 72
81 17 9
81 18 29
81 19 58
81 22 62
81 23 65
81 24 22
81 26 49
81 27 67
81 28 73
81 30 57
81 31 22
81 32 25
81 33 60
81 34 96
81 35 95
81 36 97
81 37 59
81 38 40
81 41 35
81 42 7
81 43 41
81 44 54
81 45 18
81 47 91
81 48 34
81 49 14
81 54 86
81 55 27
81 57 8
81 59 99
81 60 27
81 61 26
81 63 78
81 65 46
81 66 57
81 67 39
81 68 30
81 69 32
81 71 98
81 72 36
81 73 82
81 74 98
81 76 49
81 77 20
81 78 29
81 80 64
81 82 11
81 83 33
81 88 53
81 92 57
81 96 47
81 97 13
81 98 15
81 99 22
81 100 34
81 108 92
81 109 38
81 111 25
81 113 2
81 114 62
81 115 47
81 117 55
81 118 16
82 0 94
82 1 73
82 2 13
82 3 10
82 4 94
82 5 18
82 6 67
82 7 70
82 8 91
82 10 50
82 11 25
82 12 70
82 13 76
82 14 66
82 15 27
82 21 78
82 25 50
82 26 45
82 28 89
82 29 96
82 30 62
82 31 59
82 32 82
82 33 67
82 34 7
82 36 18
82 37 11
82 38 59
82 39 4
82 40 58
82 41 26
82 42 54
82 43 32
82 44 3
82 45 41
82 46 28
82 47 88
82 48 49
82 49 14
82 50 33
82 51 68
82 52 14
82 53 22
82 54 41
82 55 2
82 56 78
82 58 45
82 59 45
82 60 49
82 62 29
82 63 70
82 64 30
82 65 37
82 67 57
82 68 93
82 69 50
82 71 12
82 72 40
82 73 17
82 74 52
82 75 77
82 76 14
82 77 23
82 78 62
82 79 21
82 80 88
82 81 83
82 83 85
82 84 35
82 86 54
82 87 81
82 88 100
82 90 3
82 92 77
82 93 54
82 94 1
82 95 3
82 96 4
82 97 50
82 98 84
82 101 7
82 103 4
82 104 60
82 105 72
82 106 55
82 107 69
82 108 39
82 109 96
82 112 9
82 114 11
82 115 38
82 116 49
82 118 24
82 119 8
83 0 79
83 1 24
83 2 32
83 3 65
83 5 76
83 6 27
83 7 93
83 9 74
83 10 91
83 11 91
83 12 7
83 13 90
83 14 52
83 15 38
83 16 84
83 17 5
83 18 49
83 19 61
83 21 65
83 22 62
83 24 41
83 25 26
83 26 49
83 27 4
83 28 46
83 29 77
83 32 40
83 34 35
83 35 10
83 36 75
83 37 12
83 38 9
83 39 66
83 40 43
83 41 79
83 43 28
83 44 29
83 45 47
83 46 26
83 47 49
83 48 89
83 49 73
83 50 87
83 51 31
83 53 23
83 54 7
83 58 15
83 59 7
83 60 72
83 61 76
83 62 70
83 63 6
83 64 81
83 65 65
83 68 33
83 69 63
83 70 88
83 71 4
83 72 94
83 75 61
83 76 72
83 77 6
83 79 61
83 80 38
83 84 40
83 86 86
83 87 13
83 88 22
83 91 19
83 92 40
83 93 81
83 95 13
83 96 92
83 97 80
83 98 95
83 100 21
83 103 48
83 104 49
83 105 35
83 106 32
83 107 4
83 108 1
83 111 83
83 113 85
83 114 49
83 115 1
83 118 92
84 0 73
84 1 81
84 2 63
84 3 46
84 5 74
84 6 90
84 8 4
84 9 68
84 10 88
84 11 93
84 12 38
84 13 37
84 15 81
84 16 24
84 17 44
84 18 32
84 19 98
84 20 33
84 22 16
84 23 92
84 24 9
84 25 81
84 26 1
84 27 37
84 28 47
84 29 34
84 31 94
84 32 35
84 33 30
84 36 66
84 37 12
84 38 44
84 39 12
84 40 43
84 41 49
84 42 29
84 44 68
84 45 26
84 46 81
84 48 4
84 49 92
84 50 90
84 51 73
84 53 15
84 55 62
84 56 81
84 57 39
84 60 9
84 62 31
84 63 61
84 64 4
84 65 71
84 66 89
84 67 60
84 68 1
84 69 84
84 70 14
84 71 70
84 72 32
84 74 41
84 75 13
84 76 19
84 78 31
84 79 63
84 80 6
84 82 89
84 83 83
84 86 100
84 87 94
84 90 3
84 91 75
84 93 77
84 94 21
84 95 20
84 96 72
84 98 93
84 99 42
84 100 41
84 101 63
84 103 30
84 107 94
84 109 99
84 111 1
84 112 98
84 113 18
84 116 73
84 117 45
84 119 31
85 0 39
85 1 6
85 2 70
85 4 46
85 5 2
85 7 1
85 8 31
85 9 89
85 10 12
85 11 97
85 12 33
85 14 87
85 15 31
85 16 56
85 17 74
85 18 94
85 19 66
85 20 66
85 21 52
85 22 75
85 23 37
85 25 56
85 26 43
85 27 13
85 28 61
85 29 48
85 32 66
85 33 35
85 34 4
85 35 20
85 37 59
85 38 69
85 39 99
85 40 51
85 41 80
85 42 46
85 43 24
85 44 19
85 45 12
85 46 67
85 47 76
85 48 8
85 50 68
85 51 68
85 52 15
85 55 34
85 56 82
85 57 18
85 58 47
85 59 80
85 60 23
85 62 72
85 63 67
85 64 85
85 65 99
85 67 47
85 68 33
85 70 11
85 72 8
85 74 14
85 76 71
85 77 40
85 81 37
85 83 28
85 84 12
85 86 95
85 87 2
85 88 51
85 91 84
85 93 4
85 96 10
85 100 82
85 101 69
85 103 82
85 104 32
85 105 39
85 106 74
85 108 89
85 109 39
85 111 28
85 112 13
85 113 60
85 114 34
85 115 74
85 116 35
85 117 43
86 0 81
86 1 63
86 2 93
86 3 10
86 4 43
86 5 76
86 7 95
86 10 73
86 11 47
86 12 68
86 13 38
86 14 68
86 16 19
86 17 76
86 18 98
86 19 94
86 21 80
86 22 37
86 25 98
86 26 72
86 28 34
86 29 54
86 30 82
86 33 21
86 34 98
86 35 71
86 38 30
86 40 40
86 41 39
86 43 68
86 44 79
86 45 74
86 46 15
86 47 24
86 48 99
86 50 91
86 51 31
86 52 98
86 53 24
86 54 86
86 55 8
86 56 1
86 57 1
86 58 20
86 60 29
86 61 21
86 62 86
86 63 41
86 64 9
86 65 95
86 67 29
86 68 77
86 70 3
86 71 50
86 73 57
86 76 79
86 77 40
86 80 51
86 81 30
86 82 12
86 83 17
86 84 32
86 85 4
86 87 9
86 88 21
86 90 77
86 91 99
86 92 92
86 93 60
86 94 40
86 95 24
86 97 5
86 98 86
86 100 87
86 103 72
86 104 86
86 105 62
86 107 99
86 112 57
86 113 2
86 114 15
86 115 23
86 116 4
86 117 74
86 118 9
86 119 19
87 0 39
87 1 29
87 5 63
87 6 93
87 7 18
87 8 17
87 9 34
87 10 49
87 11 5
87 12 74
87 13 100
87 15 10
87 16 78
87 17 85
87 18 45
87 19 57
87 21 25
87 22 61
87 23 94
87 25 78
87 27 28
87 28 94
87 30 4
87 31 88
87 32 92
87 33 85
87 34 55
87 35 7
87 36 25
87 40 39
87 42 6
87 43 83
87 44 52
87 45 25
87 46 41
87 47 95
87 48 18
87 49 78
87 50 55
87 51 67
87 53 37
87 56 94
87 57 45
87 58 62
87 60 86
87 61 24
87 62 53
87 63 43
87 64 99
87 65 12
87 67 19
87 68 79
87 70 38
87 71 7
87 72 14
87 74 6
87 76 16
87 77 63
87 78 98
87 79 90
87 81 72
87 83 5
87 84 20
87 85 29
87 86 97
87 88 42
87 89 83
87 90 7
87 91 67
87 92 41
87 93 7
87 94 34
87 95 25
87 96 81
87 97 51
87 98 53
87 99 69
87 100 31
87 103 31
87 105 53
87 106 17
87 111 82
87 112 71
87 113 8
87 115 65
87 116 10
87 117 50
87 118 15
87 119 71
88 0 10
88 1 3
88 2 71
88 3 11
88 4 80
88 6 60
88 8 24
88 10 99
88 11 43
88 12 9
88 13 86
88 14 4
88 15 14
88 17 7
88 19 16
88 20 25
88 21 71
88 22 71
88 24 18
88 27 2
88 28 40
88 29 76
88 30 80
88 31 26
88 32 65
88 33 40
88 35 8
88 37 40
88 38 6
88 40 31
88 41 85
88 42 68
88 43 78
88 47 46
88 49 67
88 51 3
88 52 12
88 53 98
88 54 20
88 55 61
88 57 78
88 58 12
88 59 34
88 60 42
88 61 64
88 62 14
88 63 14
88 64 74
88 65 40
88 66 40
88 68 71
88 69 67
88 71 91
88 72 60
88 73 1
88 75 80
88 77 20
88 78 81
88 79 80
88 80 87
88 82 24
88 83 3
88 85 92
88 87 80
88 89 3
88 91 89
88 92 49
88 93 43
88 94 81
88 95 48
88 97 58
88 98 17
88 100 4
88 101 12
88 103 74
88 104 34
88 105 86
88 107 100
88 108 87
88 109 53
88 111 22
88 112 8
88 114 6
88 115 86
88 116 36
88 117 37
88 118 19
89 0 28
89 3 66
89 4 88
89 6 26
89 7 78
89 8 43
89 9 83
89 10 4
89 11 88
89 13 34
89 14 27
89 15 39
89 18 49
89 20 98
89 22 32
89 25 92
89 26 81
89 27 43
89 28 23
89 29 56
89 30 69
89 31 10
89 32 48
89 34 22
89 35 58
89 38 58
89 39 95
89 40 66
89 42 51
89 43 34
89 44 75
89 45 29
89 49 59
89 51 69
89 52 18
89 54 46
89 56 11
89 57 80
89 61 60
89 62 30
89 63 70
89 64 66
89 65 99
89 66 35
89 67 44
89 68 43
89 70 50
89 72 32
89 73 97
89 74 21
89 75 33
89 76 58
89 77 83
89 79 9
89 83 68
89 84 67
89 85 1
89 86 82
89 88 46
89 90 75
89 91 82
89 92 40
89 93 72
89 95 40
89 99 45
89 100 64
89 105 47
89 106 9
89 107 30
89 108 38
89 109 54
89 111 36
89 113 4
89 114 30
89 116 82
89 117 91
89 118 27
89 119 1
90 0 65
90 1 74
90 2 44
90 3 19
90 4 70
90 5 78
90 6 19
90 8 2
90 12 8
90 15 28
90 17 8
90 18 42
90 20 60
90 21 24
90 22 63
90 24 93
90 27 50
90 28 47
90 32 93
90 34 7
90 37 42
90 38 13
90 41 100
90 42 33
90 44 28
90 46 28
90 47 19
90 48 66
90 49 61
90 50 23
90 52 94
90 54 87
90 55 21
90 56 58
90 58 55
90 61 59
90 62 18
90 63 27
90 64 45
90 66 50
90 70 20
90 71 48
90 72 16
90 73 54
90 77 96
90 78 61
90 79 90
90 80 52
90 81 88
90 83 17
90 85 77
90 86 39
90 87 72
90 94 94
90 96 30
90 98 32
90 99 100
90 100 31
90 101 24
90 104 39
90 105 56
90 106 55
90 107 48
90 108 72
90 109 49
90 111 20
90 112 14
90 113 38
90 114 41
90 115 78
90 116 82
90 117 89
90 119 42
91 0 44
91 1 89
91 6 79
91 11 51
91 13 18
91 15 66
91 17 86
91 18 23
91 19 84
91 20 36
91 21 21
91 23 74
91 24 93
91 26 40
91 28 68
91 30 7
91 31 47
91 32 42
91 35 5
91 36 30
91 37 73
91 38 62
91 39 23
91 40 16
91 42 26
91 44 11
91 46 42
91 48 5
91 49 94
91 51 82
91 53 95
91 54 34
91 55 59
91 57 85
91 60 100
91 61 45
91 62 79
91 65 54
91 66 16
91 67 52
91 69 71
91 71 90
91 74 31
91 75 1
91 77 58
91 78 2
91 80 36
91 83 46
91 86 92
91 87 60
91 88 22
91 90 39
91 93 63
91 94 94
91 95 8
91 96 68
91 98 82
91 99 3
91 100 48
91 101 32
91 103 29
91 104 57
91 105 49
91 107 42
91 108 55
91 109 18
91 111 19
91 112 5
91 113 60
91 115 55
91 116 99
91 117 72
91 118 5
92 1 43
92 3 50
92 4 54
92 6 73
92 7 17
92 8 72
92 9 84
92 11 8
92 13 23
92 15 90
92 17 44
92 18 23
92 19 34
92 21 2
92 24 62
92 26 6
92 27 72
92 28 99
92 29 80
92 30 67
92 32 10
92 37 64
92 38 64
92 39 99
92 42 90
92 43 74
92 44 7
92 45 85
92 46 47
92 47 92
92 49 100
92 50 70
92 55 64
92 56 63
92 57 82
92 58 100
92 60 19
92 62 42
92 63 4
92 66 9
92 67 99
92 69 12
92 71 80
92 72 49
92 73 58
92 74 46
92 75 70
92 76 66
92 78 71
92 79 18
92 80 55
92 81 38
92 83 77
92 84 70
92 85 38
92 86 87
92 87 7
92 88 38
92 89 12
92 91 11
92 94 96
92 95 53
92 97 63
92 98 49
92 99 33
92 100 64
92 101 1
92 103 4
92 104 43
92 105 55
92 106 34
92 107 23
92 108 81
92 111 97
92 112 49
92 113 64
92 114 38
92 116 27
92 118 61
92 119 70
93 0 64
93 1 88
93 2 37
93 4 98
93 6 17
93 7 59
93 8 79
93 9 15
93 10 89
93 11 78
93 12 99
93 14 97
93 15 17
93 16 48
93 17 12
93 19 53
93 20 90
93 21 21
93 22 82
93 23 56
93 24 75
93 25 98
93 26 40
93 28 19
93 31 38
93 32 53
93 34 39
93 35 94
93 36 27
93 37 42
93 38 32
93 39 2
93 40 92
93 42 56
93 45 55
93 48 68
93 50 35
93 51 30
93 52 19
93 53 28
93 55 82
93 56 62
93 57 24
93 61 60
93 62 48
93 63 98
93 64 9
93 65 17
93 67 99
93 69 85
93 70 68
93 71 46
93 72 78
93 74 65
93 75 76
93 76 8
93 78 79
93 83 16
93 84 52
93 85 13
93 87 14
93 88 10
93 90 70
93 91 36
93 92 53
93 94 29
93 95 56
93 96 84
93 97 64
93 98 96
93 99 82
93 101 17
93 103 93
93 104 9
93 105 73
93 106 49
93 107 100
93 108 30
93 111 90
93 112 18
93 114 6
93 116 84
93 117 96
93 118 70
93 119 72
94 0 96
94 1 45
94 3 72
94 4 41
94 5 11
94 6 68
94 7 34
94 9 27
94 10 78
94 11 38
94 12 73
94 13 83
94 14 53
94 15 77
94 16 53
94 17 80
94 18 23
94 20 38
94 21 91
94 23 60
94 25 59
94 27 24
94 28 45
94 30 59
94 31 90
94 32 21
94 33 59
94 36 53
94 37 37
94 39 21
94 40 11
94 41 6
94 42 29
94 43 8
94 44 46
94 50 74
94 51 82
94 52 30
94 53 39
94 54 74
94 55 5
94 56 30
94 57 6
94 58 57
94 59 49
94 60 50
94 61 7
94 62 69
94 64 65
94 65 81
94 66 91
94 67 75
94 68 64
94 70 95
94 71 17
94 72 59
94 73 74
94 74 65
94 75 22
94 76 39
94 77 34
94 78 35
94 79 62
94 80 18
94 82 24
94 84 68
94 85 97
94 86 67
94 87 81
94 88 33
94 89 8
94 90 3
94 92 66
94 93 72
94 95 3
94 96 7
94 97 30
94 98 27
94 101 34
94 103 71
94 104 94
94 106 73
94 108 86
94 109 43
94 112 100
94 113 48
94 114 59
94 115 36
94 116 40
94 118 3
94 119 21
95 0 57
95 2 49
95 3 8
95 4 69
95 5 88
95 6 92
95 7 19
95 8 40
95 9 91
95 10 29
95 11 22
95 13 70
95 15 39
95 16 47
95 17 1
95 18 92
95 19 48
95 20 37
95 21 80
95 22 78
95 23 75
95 24 32
95 28 74
95 29 43
95 30 31
95 31 91
95 32 91
95 34 70
95 35 81
95 36 72
95 37 24
95 38 65
95 41 89
95 42 41
95 43 15
95 44 92
95 46 5
95 47 6
95 48 1
95 49 91
95 50 66
95 51 72
95 52 66
95 53 83
95 55 66
95 57 62
95 58 39
95 59 16
95 60 63
95 61 62
95 62 67
95 63 93
95 65 29
95 66 94
95 67 11
95 68 29
95 69 87
95 70 64
95 71 68
95 72 6
95 74 97
95 78 95
95 80 67
95 82 72
95 83 81
95 84 41
95 86 99
95 87 61
95 88 10
95 90 62
95 91 2
95 92 55
95 93 66
95 94 31
95 96 18
95 98 21
95 99 27
95 100 99
95 101 57
95 103 3
95 104 71
95 107 41
95 108 43
95 109 19
95 111 12
95 112 89
95 114 61
95 117 28
95 119 80
96 0 31
96 2 70
96 3 85
96 5 74
96 7 20
96 8 42
96 9 65
96 10 100
96 11 83
96 12 21
96 13 69
96 14 61
96 15 7
96 16 59
96 17 38
96 18 77
96 21 7
96 22 99
96 23 4
96 24 94
96 25 20
96 26 44
96 27 89
96 28 25
96 31 44
96 33 53
96 36 60
96 37 22
96 38 59
96 39 37
96 40 14
96 41 86
96 43 84
96 45 68
96 46 55
96 48 15
96 50 60
96 51 34
96 52 18
96 53 85
96 54 38
96 56 15
96 57 3
96 59 61
96 60 53
96 61 69
96 62 82
96 68 15
96 70 14
96 71 79
96 72 90
96 73 93
96 74 65
96 76 6
96 77 86
96 78 99
96 79 12
96 80 74
96 82 35
96 83 75
96 84 71
96 85 12
96 86 37
96 87 86
96 88 53
96 89 70
96 90 52
96 91 1
96 93 30
96 94 40
96 97 53
96 98 94
96 99 4
96 101 100
96 104 16
96 105 30
96 106 21
96 107 47
96 111 92
96 112 89
96 113 39
96 115 38
96 116 15
96 117 91
96 118 81
97 0 21
97 1 78
97 2 8
97 3 100
97 4 8
97 5 88
97 7 18
97 10 49
97 12 85
97 14 22
97 15 2
97 16 98
97 19 3
97 20 15
97 21 98
97 22 10
97 24 94
97 26 63
97 27 12
97 28 15
97 31 40
97 32 76
97 33 86
97 36 86
97 37 43
97 39 10
97 40 68
97 41 81
97 44 93
97 45 36
97 46 17
97 47 17
97 48 23
97 52 85
97 53 92
97 58 94
97 59 63
97 61 90
97 62 52
97 64 65
97 65 57
97 67 28
97 69 55
97 70 42
97 71 23
97 72 77
97 73 67
97 75 87
97 76 25
97 77 22
97 78 27
97 79 91
97 80 84
97 81 21
97 84 50
97 85 53
97 87 61
97 88 56
97 89 38
97 90 80
97 91 86
97 92 49
97 93 69
97 94 32
97 95 30
97 98 20
97 100 36
97 101 40
97 103 29
97 105 27
97 107 18
97 108 37
97 109 14
97 112 86
97 115 62
97 116 12
97 118 94
97 119 20
98 0 68
98 3 2
98 5 97
98 7 16
98 9 35
98 10 32
98 11 53
98 13 3
98 16 48
98 17 12
98 18 60
98 19 7
98 20 22
98 21 26
98 22 13
98 25 38
98 28 76
98 29 47
98 30 14
98 31 38
98 32 42
98 33 58
98 34 6
98 36 34
98 37 54
98 38 67
98 39 64
98 40 12
98 41 100
98 42 70
98 43 9
98 45 5
98 46 65
98 47 26
98 48 98
98 50 15
98 51 61
98 53 68
98 55 51
98 59 57
98 60 32
98 61 44
98 62 60
98 63 16
98 65 45
98 66 3
98 67 76
98 69 38
98 72 33
98 73 57
98 74 20
98 75 64
98 76 65
98 80 62
98 81 99
98 82 11
98 83 98
98 86 98
98 87 40
98 89 27
98 90 43
98 91 73
98 92 85
98 93 38
98 94 92
98 96 36
98 97 20
98 99 95
98 103 9
98 104 40
98 105 76
98 106 25
98 107 35
98 108 51
98 109 100
98 112 69
98 113 3
98 114 53
98 115 62
98 116 49
98 119 56
99 0 43
99 1 52
99 2 7
99 3 36
99 5 63
99 6 97
99 7 29
99 9 49
99 11 9
99 13 79
99 14 38
99 18 47
99 19 65
99 20 91
99 21 8
99 27 51
99 28 77
99 29 96
99 30 79
99 32 51
99 36 63
99 39 3
99 40 7
99 41 86
99 42 39
99 43 55
99 44 12
99 45 70
99 46 21
99 48 66
99 49 61
99 50 22
99 51 49
99 52 11
99 54 37
99 55 56
99 56 64
99 57 74
99 58 71
99 59 55
99 60 34
99 61 69
99 62 97
99 63 32
99 64 12
99 66 32
99 68 57
99 73 66
99 74 80
99 76 87
99 77 45
99 78 14
99 79 6
99 80 22
99 83 80
99 84 40
99 85 75
99 86 14
99 87 7
99 88 20
99 89 18
99 90 49
99 91 74
99 92 57
99 93 18
99 94 44
99 95 66
99 97 28
99 100 32
99 106 68
99 109 62
99 111 36
99 112 62
99 113 78
99 115 69
99 116 49
99 118 60
100 0 58
100 1 59
100 2 28
100 5 58
100 7 54
100 9 68
100 10 16
100 11 96
100 14 10
100 16 54
100 17 40
100 19 22
100 20 80
100 22 94
100 25 17
100 27 9
100 29 45
100 30 53
100 31 93
100 32 39
100 34 10
100 35 64
100 36 91
100 37 27
100 38 82
100 40 69
100 41 84
100 42 74
100 43 77
100 44 66
100 46 37
100 47 78
100 48 10
100 49 43
100 51 5
100 53 77
100 54 62
100 55 53
100 56 65
100 57 86
100 58 90
100 59 7
100 60 69
100 61 14
100 63 50
100 64 9
100 65 69
100 66 94
100 69 5
100 70 5
100 72 60
100 75 69
100 76 65
100 77 36
100 78 95
100 79 79
100 80 3
100 81 74
100 82 10
100 84 69
100 85 3
100 86 73
100 87 40
100 88 8
100 89 9
100 90 35
100 93 87
100 94 88
100 95 97
100 97 92
100 98 39
100 99 1
100 101 19
100 104 59
100 106 99
100 107 100
100 112 53
100 113 14
100 115 33
100 116 12
100 117 79
100 118 8
100 119 12
101 0 34
101 3 38
101 4 46
101 5 8
101 6 91
101 7 34
101 8 21
101 9 99
101 10 75
101 12 6
101 13 74
101 14 92
101 16 73
101 17 1
101 18 35
101 19 69
101 20 52
101 21 100
101 25 48
101 26 53
101 29 81
101 30 96
101 31 89
101 34 81
101 36 68
101 37 54
101 38 73
101 39 2
101 41 89
101 42 4
101 43 18
101 44 87
101 45 70
101 47 82
101 49 15
101 52 8
101 53 12
101 55 37
101 56 65
101 57 6
101 58 40
101 59 78
101 60 26
101 61 11
101 62 62
101 63 99
101 65 12
101 67 67
101 69 64
101 72 20
101 73 86
101 74 70
101 76 85
101 77 19
101 80 90
101 81 92
101 82 64
101 83 27
101 84 11
101 85 29
101 86 40
101 87 91
101 88 70
101 91 27
101 94 53
101 95 84
101 96 60
101 97 43
101 98 81
101 100 17
101 105 58
101 106 86
101 107 82
101 109 84
101 111 53
101 113 78
101 114 13
101 115 22
101 117 39
101 118 24
101 119 57
103 1 13
103 3 58
103 4 69
103 5 7
103 6 48
103 7 83
103 8 98
103 9 89
103 10 5
103 13 49
103 14 76
103 15 61
103 16 54
103 17 47
103 20 87
103 21 86
103 22 47
103 29 42
103 31 99
103 32 30
103 33 9
103 34 24
103 37 48
103 39 29
103 41 21
103 44 36
103 45 79
103 46 13
103 48 5
103 49 33
103 51 100
103 52 27
103 54 8
103 56 68
103 57 59
103 58 99
103 59 66
103 61 66
103 64 86
103 66 96
103 67 69
103 68 86
103 69 12
103 70 85
103 71 56
103 73 9
103 74 10
103 76 88
103 78 30
103 79 40
103 82 10
103 83 17
103 84 7
103 85 36
103 86 56
103 87 61
103 89 25
103 90 58
103 91 97
103 92 77
103 95 48
103 96 88
103 97 8
103 100 81
103 101 45
103 104 73
103 106 57
103 107 61
103 108 36
103 109 67
103 111 78
103 112 64
103 113 17
103 114 68
103 115 83
103 117 61
104 1 38
104 3 76
104 4 81
104 6 79
104 7 42
104 8 41
104 10 92
104 11 2
104 13 11
104 14 37
104 15 37
104 16 66
104 17 53
104 18 91
104 19 41
104 20 34
104 21 57
104 22 78
104 23 83
104 24 77
104 26 5
104 27 55
104 28 52
104 29 38
104 32 73
104 34 44
104 36 28
104 37 34
104 38 11
104 39 13
104 40 87
104 41 76
104 43 45
104 44 49
104 45 3
104 46 42
104 48 79
104 49 97
104 50 100
104 51 12
104 53 14
104 54 78
104 58 28
104 61 61
104 62 80
104 65 73
104 67 43
104 68 22
104 70 13
104 72 93
104 73 90
104 74 99
104 75 99
104 76 30
104 77 2
104 78 48
104 79 59
104 80 34
104 82 78
104 83 1
104 85 57
104 88 34
104 89 11
104 92 82
104 94 82
104 95 75
104 96 92
104 99 47
104 100 86
104 101 99
104 103 94
104 105 20
104 106 63
104 107 56
104 108 57
104 111 6
104 114 5
104 115 18
104 116 74
104 117 13
104 118 64
104 119 71
105 0 81
105 1 26
105 2 51
105 3 29
105 4 65
105 5 37
105 7 81
105 8 38
105 10 71
105 11 50
105 12 32
105 19 82
105 20 100
105 23 19
105 24 13
105 25 21
105 29 62
105 30 1
105 31 35
105 32 97
105 33 18
105 34 31
105 38 66
105 40 30
105 41 61
105 42 36
105 43 33
105 44 98
105 45 30
105 46 96
105 47 54
105 48 54
105 51 3
105 52 41
105 55 44
105 56 23
105 59 77
105 60 25
105 61 29
105 63 41
105 64 52
105 66 53
105 67 84
105 69 73
105 70 56
105 71 8
105 72 73
105 74 30
105 76 5
105 77 34
105 78 72
105 80 77
105 81 28
105 85 90
105 88 94
105 89 88
105 90 53
105 93 23
105 95 69
105 96 11
105 97 48
105 100 96
105 101 32
105 103 98
105 104 85
105 106 44
105 108 14
105 109 9
105 112 31
105 113 7
105 114 53
105 117 64
105 118 18
106 1 55
106 2 79
106 5 26
106 7 13
106 8 72
106 9 77
106 10 22
106 11 67
106 13 3
106 14 56
106 15 39
106 16 83
106 17 56
106 18 56
106 19 78
106 20 23
106 21 70
106 22 87
106 23 43
106 24 70
106 25 50
106 26 27
106 27 53
106 30 95
106 31 19
106 33 26
106 35 82
106 37 80
106 38 79
106 40 49
106 41 61
106 42 90
106 44 14
106 45 65
106 46 43
106 47 9
106 49 93
106 50 86
106 52 97
106 53 69
106 54 94
106 55 27
106 57 7
106 59 56
106 61 60
106 63 2
106 69 26
106 70 77
106 71 85
106 72 89
106 73 28
106 74 55
106 75 14
106 76 86
106 77 2
106 78 8
106 79 78
106 82 75
106 83 49
106 84 86
106 87 50
106 88 74
106 89 33
106 90 14
106 91 51
106 93 42
106 94 24
106 96 78
106 97 23
106 100 96
106 101 83
106 104 94
106 105 60
106 107 25
106 109 66
106 112 90
106 115 46
106 116 13
106 117 36
106 118 56
106 119 82
107 2 47
107 3 49
107 4 86
107 6 96
107 7 3
107 10 18
107 12 38
107 14 91
107 15 50
107 16 40
107 17 26
107 18 85
107 22 79
107 23 15
107 25 69
107 28 16
107 29 1
107 30 5
107 31 8
107 32 90
107 34 76
107 35 35
107 37 65
107 38 32
107 39 11
107 40 1
107 41 92
107 42 56
107 44 4
107 45 47
107 46 8
107 47 75
107 48 90
107 49 28
107 50 17
107 51 51
107 52 1
107 53 32
107 56 78
107 58 15
107 60 28
107 61 9
107 64 98
107 65 25
107 67 81
107 68 16
107 70 44
107 72 35
107 74 11
107 78 75
107 80 84
107 81 80
107 83 9
107 84 96
107 85 85
107 86 42
107 87 95
107 88 23
107 90 3
107 91 71
107 92 23
107 94 29
107 95 53
107 97 18
107 98 64
107 101 36
107 105 89
107 106 99
107 108 7
107 112 23
107 113 65
107 114 58
107 115 85
107 116 29
108 1 93
108 2 10
108 3 30
108 4 72
108 5 33
108 6 31
108 10 48
108 11 84
108 14 64
108 15 37
108 17 1
108 18 1
108 19 9
108 20 4
108 22 6
108 23 21
108 24 74
108 26 24
108 27 49
108 30 94
108 31 51
108 32 24
108 35 24
108 36 73
108 37 66
108 39 90
108 40 20
108 44 86
108 45 79
108 46 20
108 47 82
108 48 48
108 49 94
108 50 78
108 53 37
108 56 5
108 59 23
108 60 25
108 63 55
108 64 96
108 65 25
108 66 21
108 67 59
108 68 78
108 69 34
108 70 68
108 71 90
108 73 33
108 74 32
108 76 77
108 77 57
108 79 27
108 80 32
108 81 99
108 83 55
108 84 86
108 85 13
108 86 9
108 87 32
108 88 77
108 89 83
108 93 27
108 94 83
108 95 39
108 97 99
108 98 42
108 99 84
108 100 75
108 104 34
108 105 22
108 106 89
108 107 24
108 109 76
108 111 99
108 112 7
108 113 19
108 114 26
108 115 74
108 116 84
108 117 46
108 118 2
109 1 63
109 4 8
109 5 7
109 8 71
109 9 30
109 10 19
109 11 85
109 12 28
109 16 35
109 17 50
109 18 98
109 21 96
109 26 44
109 27 51
109 28 39
109 29 86
109 33 4
109 35 6
109 36 68
109 37 27
109 41 46
109 43 84
109 44 28
109 45 17
109 46 90
109 47 83
109 49 19
109 53 93
109 55 81
109 57 84
109 58 60
109 59 20
109 60 81
109 61 46
109 62 40
109 64 45
109 65 17
109 66 30
109 68 58
109 69 14
109 72 90
109 74 58
109 75 65
109 78 23
109 83 80
109 84 95
109 86 57
109 87 80
109 88 69
109 90 58
109 91 80
109 92 88
109 93 76
109 96 3
109 97 69
109 98 45
109 99 46
109 100 92
109 103 37
109 104 73
109 105 59
109 106 92
109 107 3
109 108 48
109 112 23
109 114 14
109 117 55
109 118 15
111 2 95
111 3 73
111 5 54
111 7 87
111 8 21
111 9 37
111 11 86
111 13 29
111 14 59
111 15 15
111 16 56
111 17 33
111 19 20
111 20 62
111 21 76
111 22 14
111 23 14
111 25 35
111 27 13
111 29 60
111 30 74
111 31 39
111 33 4
111 35 4
111 37 40
111 38 79
111 39 37
111 43 25
111 44 63
111 46 99
111 48 49
111 49 57
111 51 6
111 52 68
111 53 35
111 54 39
111 55 82
111 57 74
111 58 3
111 59 69
111 60 70
111 61 89
111 62 100
111 63 37
111 64 8
111 66 68
111 67 26
111 71 88
111 72 13
111 73 70
111 75 18
111 76 78
111 78 93
111 79 45
111 80 9
111 82 53
111 83 77
111 84 14
111 87 63
111 89 23
111 92 94
111 93 43
111 96 94
111 97 16
111 98 46
111 99 74
111 100 95
111 101 77
111 103 22
111 105 76
111 106 66
111 107 54
111 108 32
111 109 48
111 112 53
111 114 12
111 117 8
112 0 22
112 3 12
112 4 92
112 5 69
112 7 33
112 8 50
112 9 96
112 10 21
112 13 53
112 14 23
112 15 41
112 16 97
112 17 30
112 18 49
112 20 5
112 22 45
112 23 61
112 24 51
112 29 20
112 34 42
112 35 55
112 36 86
112 37 1
112 38 78
112 39 65
112 41 61
112 43 25
112 45 73
112 46 14
112 47 13
112 48 21
112 49 15
112 50 76
112 51 64
112 52 65
112 53 63
112 54 8
112 55 68
112 57 9
112 59 11
112 60 23
112 61 49
112 62 81
112 64 72
112 65 83
112 67 23
112 68 71
112 69 43
112 71 91
112 72 75
112 73 76
112 74 61
112 75 56
112 76 95
112 78 17
112 79 42
112 80 11
112 81 76
112 82 9
112 84 96
112 85 29
112 86 71
112 88 89
112 90 42
112 91 52
112 93 52
112 96 91
112 98 88
112 99 13
112 105 19
112 106 11
112 108 45
112 109 11
112 111 28
112 113 8
112 114 93
112 115 59
112 116 2
112 117 2
112 118 91
113 1 65
113 2 17
113 5 54
113 6 26
113 7 64
113 8 28
113 9 69
113 14 100
113 15 59
113 16 40
113 18 60
113 19 43
113 20 29
113 21 57
113 22 68
113 23 68
113 25 83
113 26 43
113 27 38
113 28 50
113 29 16
113 30 16
113 31 97
113 32 40
113 34 98
113 35 44
113 36 94
113 37 16
113 38 51
113 39 86
113 40 29
113 42 63
113 45 74
113 46 46
113 47 49
113 48 98
113 49 81
113 50 21
113 51 73
113 52 22
113 54 45
113 55 100
113 61 5
113 62 17
113 63 91
113 64 35
113 65 29
113 66 22
113 69 24
113 70 38
113 71 7
113 72 68
113 73 42
113 74 33
113 76 85
113 78 71
113 79 56
113 80 25
113 81 29
113 82 61
113 83 50
113 84 26
113 85 29
113 86 58
113 87 69
113 88 38
113 90 82
113 91 64
113 93 54
113 94 30
113 97 45
113 98 49
113 99 9
113 100 81
113 103 30
113 107 73
113 108 39
113 109 38
113 111 20
113 112 54
113 114 75
113 115 54
113 117 35
113 119 82
114 0 82
114 2 36
114 4 8
114 6 71
114 7 7
114 9 42
114 10 30
114 11 52
114 13 8
114 14 48
114 15 77
114 16 24
114 17 96
114 18 16
114 19 14
114 20 37
114 21 84
114 22 52
114 23 7
114 24 66
114 25 48
114 26 97
114 27 83
114 28 28
114 30 16
114 31 74
114 32 17
114 33 66
114 34 55
114 35 54
114 36 7
114 37 30
114 39 78
114 41 73
114 42 13
114 43 37
114 45 63
114 46 14
114 47 100
114 48 45
114 49 52
114 51 66
114 52 85
114 55 5
114 56 8
114 58 71
114 59 37
114 60 88
114 62 80
114 63 22
114 64 84
114 65 59
114 67 89
114 69 40
114 70 43
114 71 32
114 72 46
114 74 96
114 75 37
114 76 89
114 77 14
114 78 49
114 80 25
114 81 31
114 82 70
114 83 36
114 84 53
114 85 49
114 86 95
114 87 82
114 89 19
114 90 66
114 91 96
114 92 89
114 93 82
114 95 3
114 96 11
114 97 77
114 98 5
114 101 21
114 103 65
114 104 93
114 105 75
114 106 38
114 107 26
114 108 74
114 111 99
114 115 40
114 116 60
114 117 75
114 119 36
115 0 43
115 1 55
115 2 10
115 6 30
115 7 65
115 8 10
115 11 27
115 12 36
115 13 42
115 14 21
115 16 85
115 17 82
115 18 40
115 19 40
115 20 23
115 21 33
115 22 81
115 24 94
115 26 63
115 27 96
115 28 1
115 29 54
115 30 65
115 31 6
115 32 52
115 33 84
115 34 83
115 35 81
115 36 48
115 37 15
115 38 5
115 39 69
115 40 12
115 41 34
115 42 29
115 43 61
115 44 77
115 46 83
115 47 13
115 48 43
115 50 42
115 51 20
115 52 96
115 53 88
115 54 34
115 55 60
115 58 70
115 59 33
115 60 4
115 61 41
115 63 81
115 64 4
115 65 15
115 66 64
115 67 31
115 68 60
115 69 9
115 70 21
115 71 5
115 72 2
115 73 82
115 74 52
115 75 2
115 76 25
115 77 82
115 78 81
115 79 55
115 80 89
115 81 55
115 82 52
115 85 13
115 87 21
115 88 82
115 90 62
115 91 27
115 92 16
115 93 42
115 94 7
115 96 78
115 97 55
115 98 53
115 99 39
115 101 95
115 103 13
115 104 62
115 107 26
115 108 67
115 111 54
115 114 11
115 119 74
116 0 99
116 1 57
116 2 90
116 3 70
116 4 88
116 5 88
116 6 16
116 7 74
116 8 28
116 9 8
116 12 11
116 13 73
116 14 93
116 15 79
116 16 27
116 18 44
116 19 9
116 20 81
116 21 67
116 25 83
116 28 94
116 29 16
116 30 22
116 31 60
116 32 21
116 33 4
116 34 61
116 35 66
116 36 98
116 38 40
116 41 7
116 42 76
116 43 60
116 46 98
116 47 78
116 48 21
116 49 56
116 50 19
116 51 30
116 53 66
116 54 46
116 55 38
116 56 23
116 57 69
116 59 23
116 61 5
116 63 66
116 64 81
116 66 79
116 67 49
116 68 46
116 70 31
116 71 70
116 72 57
116 73 86
116 76 56
116 77 79
116 78 78
116 79 56
116 80 23
116 81 9
116 84 82
116 85 47
116 86 98
116 87 51
116 88 77
116 89 55
116 90 78
116 91 69
116 92 15
116 93 64
116 95 1
116 96 74
116 98 81
116 100 24
116 101 26
116 105 47
116 106 44
116 107 9
116 112 30
116 113 35
116 114 57
116 115 81
116 117 62
116 119 6
117 0 9
117 1 75
117 2 98
117 4 47
117 5 80
117 6 72
117 7 32
117 9 45
117 11 62
117 12 30
117 13 89
117 14 1
117 15 96
117 16 10
117 19 100
117 20 53
117 21 53
117 23 80
117 24 24
117 26 2
117 27 47
117 29 61
117 31 63
117 32 88
117 34 16
117 36 56
117 37 51
117 38 91
117 39 70
117 40 94
117 41 4
117 44 19
117 45 80
117 46 44
117 49 5
117 50 35
117 51 56
117 52 32
117 53 27
117 54 76
117 55 68
117 58 97
117 60 29
117 63 26
117 65 76
117 66 34
117 67 47
117 68 5
117 69 17
117 70 49
117 71 13
117 73 99
117 74 57
117 75 55
117 76 10
117 77 16
117 78 92
117 79 55
117 80 75
117 81 72
117 83 12
117 85 42
117 86 68
117 87 32
117 88 93
117 89 41
117 91 65
117 93 58
117 95 62
117 96 6
117 97 43
117 98 28
117 100 31
117 101 71
117 104 66
117 105 46
117 107 59
117 109 73
117 113 91
117 114 59
117 116 26
117 118 7
117 119 14
118 0 100
118 1 9
118 2 17
118 4 6
118 5 85
118 6 68
118 8 42
118 9 47
118 10 59
118 11 77
118 12 37
118 13 20
118 14 39
118 16 74
118 17 42
118 19 32
118 20 86
118 21 86
118 22 32
118 23 20
118 25 58
118 26 9
118 27 17
118 28 97
118 29 88
118 30 25
118 31 7
118 35 26
118 37 50
118 38 41
118 39 1
118 41 29
118 43 40
118 45 26
118 47 58
118 48 19
118 49 65
118 53 97
118 54 30
118 55 85
118 57 92
118 58 75
118 62 51
118 63 24
118 64 76
118 65 40
118 66 71
118 70 88
118 71 83
118 73 73
118 77 95
118 79 85
118 80 54
118 81 91
118 82 11
118 84 5
118 85 51
118 87 65
118 88 5
118 90 92
118 92 52
118 94 74
118 95 41
118 96 20
118 97 95
118 98 61
118 99 24
118 100 22
118 101 27
118 103 16
118 105 96
118 106 15
118 107 15
118 109 53
118 111 9
118 113 22
118 114 34
118 115 37
118 117 31
119 0 16
119 2 27
119 3 53
119 4 49
119 5 60
119 6 47
119 9 46
119 10 39
119 11 49
119 12 84
119 13 78
119 18 20
119 19 100
119 21 7
119 22 6
119 23 50
119 24 27
119 25 95
119 26 22
119 27 42
119 28 8
119 29 17
119 31 94
119 32 86
119 33 53
119 34 73
119 35 29
119 37 41
119 40 90
119 41 37
119 42 14
119 44 82
119 45 75
119 46 41
119 47 22
119 49 41
119 51 62
119 52 98
119 53 60
119 54 50
119 55 38
119 56 30
119 58 100
119 59 8
119 60 71
119 63 35
119 64 54
119 65 91
119 67 24
119 69 58
119 70 33
119 72 14
119 74 89
119 75 55
119 77 55
119 78 98
119 79 79
119 83 46
119 84 50
119 85 53
119 86 29
119 88 95
119 90 27
119 91 6
119 92 6
119 94 71
119 95 37
119 97 46
119 99 12
119 104 63
119 106 22
119 107 26
119 108 56
119 114 13
119 115 56
119 116 18
119 118 72
102 1 31
102 8 30
102 9 6
102 10 74
102 11 21
102 12 30
102 13 39
102 14 98
102 15 11
102 16 61
102 18 65
102 20 82
102 21 8
102 22 92
102 24 15
102 25 93
102 26 53
102 27 35
102 28 14
102 31 40
102 32 82
102 33 78
102 34 29
102 35 26
102 37 23
102 38 77
102 39 7
102 42 99
102 43 25
102 44 89
102 45 20
102 46 72
102 48 100
102 49 29
102 50 95
102 51 91
102 52 27
102 53 58
102 54 61
102 55 17
102 58 57
102 60 24
102 61 8
102 62 8
102 63 80
102 64 4
102 65 32
102 66 91
102 67 74
102 68 60
102 69 90
102 70 10
102 71 72
102 72 12
102 74 86
102 76 32
102 77 58
102 78 48
102 81 70
102 85 80
102 86 90
102 87 93
102 90 89
102 91 76
102 92 87
102 94 16
102 99 51
102 100 66
102 101 51
102 103 49
102 104 3
102 106 23
102 107 54
102 108 81
102 110 3
102 111 1
102 112 94
102 113 31
102 116 48
102 119 18
0 110 51
1 110 55
2 110 78
3 110 71
5 110 40
6 110 22
8 110 46
9 110 84
10 110 23
11 110 2
12 110 85
13 110 60
14 110 18
15 110 77
16 110 41
18 110 91
19 110 3
21 110 16
22 110 70
23 110 18
24 110 66
25 110 3
26 110 55
27 110 10
28 110 56
30 110 74
31 110 23
32 110 55
33 110 76
34 110 39
35 110 93
36 110 86
37 110 11
39 110 52
40 110 54
41 110 27
42 110 58
43 110 64
48 110 43
53 110 72
54 110 54
55 110 88
56 110 39
57 110 70
59 110 97
60 110 78
61 110 39
62 110 88
63 110 91
66 110 71
67 110 99
68 110 21
70 110 22
72 110 60
73 110 73
74 110 78
75 110 16
76 110 22
77 110 78
78 110 61
79 110 71
80 110 59
81 110 100
82 110 90
84 110 60
85 110 40
87 110 47
88 110 37
89 110 78
90 110 3
93 110 30
94 110 32
96 110 2
97 110 92
98 110 100
99 110 5
100 110 98
103 110 59
104 110 42
105 110 31
106 110 38
107 110 67
108 110 7
109 110 58
112 110 80
113 110 57
114 110 13
115 110 21
116 110 8
117 110 29
118 110 52
